16384 0
8192 2
12024 0
16388 2
16391 1
8201 2
16400 1
16401 2
16405 2
16406 0
5465 2
8216 0
8217 0
27 0
16412 0
16414 2
16415 2
16417 0
1371 0
8228 2
37 0
16422 2
1372 1
16429 2
16433 2
16439 1
16445 2
16446 0
66 1
16452 1
69 1
16455 2
16456 2
73 2
8266 2
16466 1
8276 1
16469 1
8279 2
88 2
18869 0
5477 0
12551 2
16484 1
16485 0
16488 2
17767 1
16494 0
8303 2
114 0
8307 2
117 0
8310 2
8312 1
122 3
16509 1
16516 1
16517 1
8326 2
16519 0
16520 2
16522 1
16407 0
8335 0
16528 1
8338 2
6851 1
148 1
150 2
151 1
2460 0
16539 0
16543 2
16550 1
168 1
8361 2
173 2
178 0
8374 2
187 1
10954 0
190 3
8385 0
194 0
15051 2
197 2
16583 2
200 0
202 2
8398 1
208 2
209 2
16594 2
213 2
1401 2
16600 1
218 3
219 0
8412 1
8413 2
8229 1
16612 1
553 1
16614 0
16616 1
8426 2
8428 0
16621 0
8430 2
9828 1
16627 0
8737 2
246 0
16632 2
16636 2
4138 3
16639 1
16640 1
8449 2
16644 2
261 2
16646 1
263 2
264 0
271 2
16657 1
274 2
276 3
16666 1
16669 0
286 1
16671 1
8480 1
16673 1
13859 0
8485 2
8486 2
8488 2
298 3
299 1
8495 2
8496 2
305 2
6284 0
16691 2
16693 1
8502 1
13705 0
8506 1
16702 3
319 2
16705 1
8514 1
16707 0
8517 1
16711 0
16713 0
8525 2
334 3
16719 2
16720 2
4152 2
338 1
8531 1
16724 2
8535 2
8536 1
16730 0
8539 1
16732 1
16733 2
16734 1
8544 3
16738 1
16740 0
357 0
16742 1
16743 2
16745 0
16746 1
8558 2
367 0
16752 2
8561 0
11469 2
8564 2
62 2
16759 1
376 2
379 0
16765 2
383 0
387 0
388 1
8583 3
8586 0
8588 1
1377 2
8592 2
13720 2
16786 1
405 0
16790 1
5529 1
8600 1
410 2
412 0
8608 1
8609 2
8611 2
420 1
8613 2
16806 1
423 2
424 0
2469 0
16811 2
428 2
8621 0
16814 2
433 2
16819 2
438 0
8632 2
2804 2
8639 0
8640 0
1440 2
450 1
451 1
455 1
16841 2
8650 1
7653 0
461 2
16847 0
464 2
16851 2
16852 1
16854 2
16856 2
8666 2
16861 1
16865 0
6907 2
8679 2
16873 1
8683 1
8684 1
500 2
6910 2
16886 2
8696 2
12372 0
506 1
508 0
509 3
16896 1
16897 2
15020 0
8708 2
8711 0
8713 1
16907 0
524 2
525 0
8718 2
16911 0
528 2
529 2
8722 3
533 0
8727 0
538 0
16923 2
8732 1
541 2
542 2
16928 2
16929 2
8738 0
548 1
2822 0
552 1
8745 1
8746 2
16939 1
556 1
1913 2
558 1
4189 0
4383 2
563 2
8756 2
16950 2
16951 2
8761 1
16955 0
573 1
8767 0
577 1
8771 3
9551 1
581 1
16966 2
583 1
585 2
586 3
588 1
589 1
591 1
16976 1
594 0
596 1
17849 2
601 1
17189 3
603 1
8796 0
5562 1
16990 2
8800 1
16994 2
611 1
8805 2
8806 0
17002 1
8811 1
8812 2
8813 1
8814 2
8816 0
8817 1
6931 2
628 0
10697 0
6022 2
13759 0
636 2
17022 0
8831 0
641 0
8835 1
8837 0
18335 1
8840 1
8841 2
8842 2
651 0
8845 0
17040 1
657 3
658 0
663 2
664 0
17049 1
111 3
8860 1
8862 2
8863 3
673 2
8866 0
11035 0
17061 2
17062 0
679 0
680 0
8873 2
17066 2
685 1
15133 1
17074 1
17075 0
8889 2
17083 1
17084 1
17085 0
8309 2
8898 1
8902 2
17095 0
8904 1
17097 2
714 1
717 0
8910 2
17104 0
120 3
8914 2
8916 2
725 1
17110 0
8919 2
8921 2
730 2
4218 1
17120 2
16937 2
17126 2
17127 0
744 2
8938 2
17131 1
17133 0
8317 1
17136 0
17137 2
17138 1
759 3
8952 2
8953 1
764 2
8957 0
8959 0
17152 1
4529 2
774 1
776 3
15148 2
780 2
17165 1
8974 2
17167 2
17168 2
17169 0
786 0
787 2
788 2
17173 1
790 2
8984 1
8985 0
794 2
795 2
17180 2
17182 1
133 2
17184 1
8993 0
13787 2
17188 2
16518 2
17191 0
808 2
17193 2
17194 2
17197 0
814 2
9008 0
9011 2
820 2
9019 1
832 2
17217 2
17218 1
8331 2
17220 1
837 0
18577 0
841 1
17226 0
844 2
845 1
849 2
17235 0
852 2
853 0
854 0
856 0
16527 2
17244 0
861 2
862 0
9055 0
9057 1
9058 3
17257 0
874 3
17260 2
17262 0
17263 0
880 0
17265 2
9075 2
884 1
9079 1
889 0
9082 2
9084 1
894 2
9088 3
17281 0
9092 0
16534 0
9095 2
904 1
8759 1
17292 1
2882 2
910 1
2883 0
17300 1
9110 2
9111 2
17304 2
921 2
924 1
9117 2
17310 1
17311 2
17313 2
17317 1
9127 2
9132 2
15176 1
9138 0
17331 1
9142 0
951 0
9144 3
17337 0
17338 1
17339 1
960 2
961 1
9154 2
17351 1
9162 1
9169 0
3033 0
9178 1
2215 1
17376 0
9186 2
17379 2
17381 2
1002 0
17388 2
1006 0
17391 0
17395 2
9204 0
10345 2
17403 1
1023 2
9216 0
9217 2
17411 1
1028 1
17414 0
17417 1
17418 0
1037 3
8365 1
9236 1
17430 2
17431 3
17432 2
1051 1
17440 2
9249 0
1058 2
17927 0
17452 0
16562 2
9262 2
17455 0
9264 1
1073 3
9270 2
9272 3
9274 2
1085 0
9278 1
17472 0
17473 0
17474 2
9283 1
17476 0
17477 1
9287 0
17480 2
1098 2
9292 1
1101 1
1102 0
5645 0
9297 0
17491 2
1108 2
9307 2
9308 1
9310 0
15205 0
9312 2
9313 0
17509 2
9318 0
17937 2
17512 1
1129 0
17514 2
17518 0
9330 0
17526 0
1146 3
17532 2
9343 2
17539 3
17541 1
17542 1
17543 0
17544 2
9355 3
8386 2
17551 2
1168 3
17553 2
9363 1
17556 2
1174 2
17559 2
17560 1
1177 2
17562 1
15215 0
1181 3
17566 3
1183 0
17568 0
9378 2
1187 2
17573 1
17574 1
15217 2
17576 1
9756 0
17578 2
8391 2
9388 2
9390 1
17949 2
9392 0
1203 2
17589 0
17595 2
9405 2
17598 2
9407 0
1217 2
1218 2
17603 3
1221 2
14498 2
9417 1
9418 1
17612 2
17613 0
3253 1
11128 2
11225 0
1235 2
9428 2
9429 1
9433 2
9439 2
17632 1
9441 2
9443 2
9446 1
17639 1
17640 1
17641 1
17642 1
17644 1
17645 0
9457 2
1266 0
9459 2
1268 0
9461 2
17654 3
1271 0
9465 1
9466 0
9467 2
17660 2
1277 1
9470 2
16597 0
17664 0
17665 2
9474 1
9475 1
9476 2
9477 2
1286 2
9480 2
1290 1
1292 2
1297 0
17683 0
9492 2
9493 1
9045 2
17687 1
1304 2
17689 2
17690 1
17692 3
17693 3
17695 2
1312 0
9505 2
1314 1
17702 2
18593 2
1322 2
17707 2
9517 3
9518 2
16605 2
1330 0
1331 1
9524 2
17723 1
1340 2
1341 2
17726 2
17727 1
9536 0
9539 0
9540 2
9543 2
15244 0
1354 1
9548 0
1359 1
9554 2
9555 1
12866 2
17755 0
17756 0
9566 0
17759 1
17761 0
17762 2
9574 1
1383 2
8775 0
1387 1
9580 1
1389 3
1391 0
17778 0
17782 2
9592 1
17785 0
9594 2
17787 3
9597 2
1408 0
17794 1
9603 1
1414 2
1415 2
17800 2
17801 2
9610 2
13959 1
1425 2
17814 2
9623 2
17820 0
9629 1
9632 1
12721 1
1444 2
9637 1
1446 2
9639 2
9642 0
17835 2
9646 1
9648 2
1464 2
9657 0
9658 2
17851 1
17852 2
1469 2
1473 1
9666 1
9668 1
9669 2
9673 1
1482 1
9676 2
7074 2
9678 3
1488 1
17875 0
17876 0
1494 3
17879 0
9690 2
9691 3
9694 0
4650 2
9702 2
17895 0
17896 1
1618 1
15272 0
18004 2
9722 2
1533 0
17918 0
1538 2
17924 0
17925 0
1542 2
9735 0
1546 0
1548 2
9741 2
17934 2
1553 1
17940 0
1558 3
1559 0
17944 1
1561 2
1563 3
17948 2
13914 3
15055 2
17957 0
17958 2
17960 0
9771 1
17964 0
1591 1
9785 2
9786 0
17979 2
1596 2
1597 1
9791 2
9792 2
1601 1
17989 1
1608 1
17995 2
17996 1
9805 0
1614 1
17999 0
18001 2
9810 2
9812 0
1622 2
3001 2
1636 0
9820 0
1634 2
1635 2
18020 0
9829 2
9830 2
18023 3
1640 2
9833 2
18027 2
1644 1
16658 0
1646 0
11197 3
18032 0
18024 3
1652 2
1653 2
18038 2
1655 2
8468 0
9852 0
1661 1
1662 2
1664 1
9857 0
9859 2
18052 0
1669 1
1671 1
18056 0
18057 2
1674 2
18059 1
1677 0
18062 2
18065 0
18067 0
9876 0
18030 2
18070 0
1690 0
1691 2
18076 0
1693 2
1695 2
1696 2
1697 0
1700 2
18085 1
18091 2
12573 0
1713 0
9906 2
16670 0
18104 0
18036 2
1723 1
1724 2
1725 2
1726 2
1727 0
18112 3
16672 0
1732 2
1734 1
1736 0
1740 0
18126 0
1748 0
1749 0
1751 2
1754 1
1755 1
18141 0
18142 1
16677 2
1760 0
1762 0
1764 2
9606 1
1767 2
1769 2
1771 1
18156 1
18157 2
18158 0
18161 1
1779 0
9854 1
18167 1
9976 2
7124 0
9229 1
9981 2
9982 1
18175 1
1792 0
18178 1
1799 2
2242 1
18186 2
10000 0
10001 0
18194 3
10005 3
18199 2
18201 1
10010 0
1819 0
11226 2
10014 1
18207 2
1826 2
10019 3
18214 2
18218 2
10027 2
1836 1
1837 2
10032 1
18225 2
10035 2
1844 2
10105 0
10038 2
1847 0
18232 2
1852 1
9866 0
10046 2
1855 2
10048 2
18241 0
1858 1
10051 1
18244 0
18246 2
18247 2
18248 2
1865 0
18250 2
18252 1
10155 2
1872 0
18258 1
18260 1
18264 1
18265 1
18268 1
18269 2
10080 2
10081 3
18275 1
18279 1
10088 1
10089 2
18282 1
3047 0
18284 1
1902 1
10095 2
336 0
10099 2
18296 0
18297 0
18298 2
4415 0
10108 1
1917 0
1918 2
1921 2
1923 2
1924 2
1927 3
18312 1
18315 3
10125 1
1701 2
10132 1
1944 0
18329 1
9612 0
10140 2
10143 1
10151 3
18344 2
18347 2
1964 2
1965 2
1970 0
10163 2
10164 2
18358 3
1486 0
18363 1
1983 2
10176 1
18372 1
1990 3
1992 2
18379 1
16706 1
18384 2
2002 0
18390 0
2009 0
18394 2
18397 1
4487 2
10207 2
18401 1
10210 1
18404 2
10213 2
10216 2
7164 2
2028 0
18415 2
10226 1
18419 1
18420 2
18425 0
18426 1
2047 2
10242 1
13995 2
2052 2
18437 0
10246 3
2061 3
10256 0
16728 1
887 2
18452 2
2072 2
2073 2
1711 2
10269 0
18463 0
18465 1
18472 0
10281 2
10282 2
2091 2
10285 1
10286 1
349 1
10288 1
2098 2
18483 2
2102 2
10295 0
10296 1
10299 2
10301 2
1717 2
2112 2
2113 2
2116 2
10309 3
18504 1
2121 0
10317 1
10319 3
18515 2
10324 1
18517 0
2134 2
10327 1
10328 2
18521 0
2138 2
10331 0
10333 1
10335 2
18528 0
10339 1
10340 3
2149 2
18534 2
10344 1
2153 2
18541 0
2163 1
2164 2
18110 1
2166 1
10361 0
18111 1
10366 2
2175 1
2176 2
10372 1
18565 2
2184 3
18349 1
18570 2
9893 3
10386 1
2195 1
2199 2
2201 2
16751 1
2206 0
2207 1
10401 2
18594 2
18595 2
4438 3
10406 0
10407 2
18600 2
18601 0
18603 0
18604 2
2221 0
2223 2
18609 0
18614 2
18615 1
10426 1
2235 2
2236 2
2240 2
10434 2
18629 2
10440 2
18634 1
2254 2
18640 1
10449 2
18642 2
2259 1
18647 2
10456 1
18649 0
18651 1
18653 1
18654 0
2272 0
18661 1
2278 2
18663 3
2280 1
8744 2
10479 2
10483 0
10484 2
18677 0
10488 2
10489 0
10490 1
2303 0
2304 0
10498 2
18695 0
10505 2
18698 0
2315 2
10510 0
10511 0
2320 0
18707 1
2324 2
10517 1
18710 2
2329 2
10522 1
18715 3
2333 2
18354 0
896 0
18139 1
18724 0
10533 2
12679 2
18734 2
1757 1
2352 3
2353 1
2356 2
1758 3
18743 0
18747 1
2364 2
394 2
18750 1
10559 2
2368 1
10564 2
9899 1
2376 3
2377 0
2378 1
2380 1
14050 1
10575 1
2385 2
18771 2
2388 2
18775 1
18778 0
10589 2
10590 2
2399 1
2403 1
10599 0
2408 0
2409 2
2410 2
10603 1
8594 1
10609 0
10611 0
10612 2
2424 3
2426 1
2427 2
10620 0
10621 2
18814 2
18155 1
2436 0
18824 3
10634 1
4503 2
2444 1
1773 1
18832 1
2449 2
2452 2
18839 2
10648 2
10652 1
10654 1
3141 2
18850 1
18853 2
14065 0
2472 2
2475 1
5874 2
2479 0
10672 2
10676 0
10677 3
10679 2
9903 1
10689 3
2500 2
2501 1
2505 3
10701 2
10702 2
2513 1
10707 2
2517 0
10712 2
16804 3
10714 1
10715 1
10716 1
2525 1
10724 0
9086 1
2536 0
1721 2
16807 1
2542 1
2543 0
2544 0
2546 2
903 0
1790 2
2553 1
2555 1
11349 0
10753 2
10755 0
2565 0
10761 0
4436 2
10767 0
10771 1
10772 3
10773 1
10774 1
10778 0
10780 0
10783 3
12720 1
2595 2
10789 2
8625 2
2600 2
10793 0
2603 2
10798 0
10799 1
10800 0
2609 0
10802 0
435 1
2614 1
2615 2
10809 1
10812 1
2622 1
2623 0
9089 2
10818 0
12726 0
10822 1
2632 0
10825 0
2639 0
2640 2
16824 0
2642 0
10835 0
5903 2
2653 3
2655 2
10849 0
2658 2
10852 2
10854 0
1809 2
10857 0
10858 1
10863 0
10867 1
10868 0
10871 2
10873 0
447 0
5909 3
2690 0
2693 2
16833 2
236 0
8546 2
2702 2
10897 3
2706 2
2707 0
10901 2
10906 2
2715 2
18202 1
10911 2
10913 3
10915 2
2724 1
2725 2
10919 0
2729 1
2731 3
2732 0
2738 3
7283 0
1823 2
10940 2
10942 0
2751 0
2753 2
5820 1
2756 2
2762 2
10957 0
2766 0
8653 1
2769 0
18211 1
2772 2
2778 2
2779 2
2782 1
2783 3
8656 0
2788 0
2791 2
10991 1
2801 2
10996 1
2807 3
11004 2
11005 1
11010 3
11012 2
11014 3
11015 2
18221 2
2836 1
14127 2
2845 1
11038 2
2847 1
11041 2
11042 2
11045 2
2854 1
2855 2
11048 0
11053 2
477 2
11056 0
2865 3
11059 0
2868 1
11065 2
2874 0
2880 2
11074 2
9916 1
11078 2
2893 0
16736 0
11090 0
8675 2
2902 1
2903 2
2904 1
2907 2
2908 0
11102 3
2911 2
11106 1
14139 1
2917 0
11111 3
2922 1
11115 2
11118 0
11119 1
2928 1
12776 2
2931 2
11125 1
2936 0
916 0
11131 1
11132 2
2946 2
11139 1
11140 1
3222 1
11142 1
2951 2
11144 1
2955 0
10544 0
2960 0
2962 0
2973 2
2979 2
11173 1
11175 1
10055 2
2988 0
11181 1
2992 2
10056 2
2995 2
2997 1
18249 3
3000 2
16884 1
11194 2
3005 0
501 1
3008 0
3016 1
11209 2
11214 2
3029 1
8697 0
3032 2
3236 0
3034 2
11230 2
3040 2
18256 0
11236 1
11239 2
3048 3
3049 2
3239 0
3052 1
5012 0
11259 2
3070 2
512 1
11268 2
11272 2
11273 3
3083 1
11277 0
3086 0
3098 1
3104 0
3105 1
11299 1
11300 2
3110 2
11307 2
3251 0
3124 2
4617 2
11320 0
11327 2
18272 0
11330 1
11333 0
11334 2
18273 2
3146 0
11339 2
11344 2
3154 3
10083 2
526 0
11351 0
11353 1
3162 1
11364 1
3174 2
11367 0
11368 0
3177 3
11373 2
3183 2
3185 0
11379 3
7358 0
11382 2
3191 2
3193 1
11393 2
11395 0
11397 2
11398 2
3207 2
3208 2
3215 2
3216 2
3221 1
11414 1
17838 3
11417 2
15200 0
3230 1
11425 2
3235 1
11428 3
3237 1
11430 0
11431 2
11433 2
3242 3
3243 1
1907 0
11444 2
16926 2
3260 0
3261 1
3263 2
11456 0
11457 2
3275 1
3268 2
11461 1
3270 1
545 2
3273 0
3274 1
11467 1
3277 0
3278 3
3279 2
3280 2
3286 1
3287 2
3288 2
3290 3
3291 2
11484 1
11487 0
11488 1
3298 1
12839 0
11502 2
11504 3
3313 2
3314 3
3318 0
3319 1
3320 2
11513 3
11514 2
11515 0
2020 3
7381 0
3328 1
3330 1
14841 2
3333 1
11528 1
11531 1
11532 2
11540 2
3354 2
2021 0
3357 1
3358 0
3360 1
11557 2
6569 3
3375 2
3376 2
3378 1
2150 2
15582 0
3387 1
3389 2
11583 0
11584 3
3296 0
3394 2
3395 1
3396 0
8758 2
567 2
11599 1
3409 0
16953 1
11612 3
11613 1
3422 1
11619 1
11620 1
3431 1
11631 2
3440 1
3441 1
3442 0
11635 0
3444 2
11638 2
11641 2
17055 2
3455 3
11499 0
3461 0
11654 0
8769 1
11658 0
132 2
9352 1
3469 1
11662 2
18328 1
11669 3
11674 0
11678 0
4677 1
3312 0
3490 2
3492 0
4678 1
11686 0
3495 2
3499 0
6045 1
3504 2
3515 1
3520 2
3521 2
3526 2
3527 2
8780 1
11511 1
11724 2
11729 1
11732 0
11733 3
11738 1
11740 1
11741 1
6053 1
11744 2
11745 2
11748 0
11754 0
3564 3
3568 0
14249 0
3576 0
11773 2
3585 2
11779 0
15617 2
18348 1
3595 0
11791 3
3602 0
2626 0
3606 3
11800 2
13772 2
11805 0
11806 2
11808 1
3621 2
3628 0
3629 1
16989 1
11824 1
3634 3
606 0
3639 2
3646 0
11839 3
11840 0
11842 0
3654 0
3655 1
3660 3
8802 1
11854 0
3664 2
1213 1
3666 0
3670 0
3671 2
3672 1
3673 1
3674 2
3675 1
7440 2
11874 1
1979 1
3684 3
11877 2
3688 1
11881 1
3690 2
11887 2
3696 0
11897 0
3706 2
952 1
11905 3
11913 1
15639 1
7489 2
621 2
3730 2
3733 0
3745 2
3747 1
7453 1
17012 3
3770 2
2035 2
11968 1
3777 2
3781 1
18675 0
3784 2
18380 0
11978 0
11979 0
3792 0
12920 1
11997 0
7461 1
7462 1
12006 0
7463 0
12013 2
12017 2
15657 2
3832 1
12025 0
3834 2
12034 1
12037 2
1219 0
12046 0
2856 2
12053 1
12054 0
18393 2
12057 1
3869 0
4741 1
6130 0
12066 0
3876 2
12069 1
11586 0
12077 2
3887 2
18133 2
3893 0
3380 1
12091 2
3901 0
12100 2
12108 2
12110 2
12113 2
3926 0
3928 2
10212 0
12122 3
4751 0
12125 0
12127 2
17041 1
12136 2
3945 0
12139 2
17042 2
9406 3
16393 2
12154 0
12157 3
12160 0
12162 1
3971 1
3975 0
12170 2
12173 0
3985 2
3986 0
12184 2
12188 2
3999 0
12192 0
4001 1
14045 0
4003 1
12196 3
4010 2
12205 1
4014 2
4016 1
4017 2
4019 1
4020 1
4766 1
12219 1
12222 2
4768 2
407 2
12232 2
3135 2
12235 0
12247 0
4058 2
15138 0
4064 3
12259 2
12266 2
4079 0
12272 2
15699 1
4084 1
4086 2
12279 2
4088 0
12286 1
12287 0
4107 2
12300 2
18434 3
12312 0
10244 3
12314 2
4126 0
12319 2
12322 2
4131 0
12324 2
15921 2
12327 2
3420 2
12330 1
12332 2
4143 0
4144 0
14344 0
12341 3
12342 2
4151 2
12344 2
12348 1
14346 1
12352 1
4164 0
14348 2
4173 2
3685 2
4180 0
4181 0
4793 1
16831 1
12986 2
4191 2
4192 2
4200 3
4201 2
4202 1
701 2
4209 3
4211 3
4212 0
4214 0
4215 0
10260 1
12410 2
4219 0
4221 2
12414 2
12422 2
15724 0
12426 0
4235 2
12428 3
12431 3
4242 0
4245 2
15727 0
12448 1
12450 0
12451 1
4262 2
14364 1
12459 1
4270 0
12465 1
4809 2
4281 0
4282 0
14367 1
12476 2
8906 2
12478 0
15734 2
12486 2
5053 0
4298 0
12495 2
4305 1
17102 0
12503 0
8912 3
4323 2
14374 0
4326 0
4327 1
12521 2
144 2
4332 2
4335 2
12531 0
12537 3
12539 2
8917 1
4354 2
10283 2
4359 2
12552 2
12554 3
4363 2
4366 3
4367 3
4369 2
4370 1
4374 2
4939 0
4380 2
4381 1
15749 1
4384 2
4385 1
12580 2
4389 2
4397 2
4398 3
13021 0
2099 2
12596 2
15753 0
4831 1
6197 1
12612 3
4422 2
15423 0
4428 1
12622 1
12628 1
3470 1
12630 2
12632 1
12634 0
12635 0
12638 2
4837 2
15761 2
4458 2
4459 2
4462 2
12656 0
12657 2
15763 1
4471 1
12667 0
12668 2
12671 0
12697 0
12674 3
4484 1
4485 2
12678 1
10305 2
12681 0
4491 1
12686 2
4845 2
4497 0
4498 2
4501 0
12695 3
4505 0
12700 1
4510 1
4511 1
4515 2
4517 1
4518 1
12711 2
4520 0
4523 2
12717 1
4526 2
4528 2
396 1
4531 1
4532 1
4534 1
12727 1
12728 2
4537 2
4538 2
4539 1
12732 1
12737 1
4546 1
12739 2
4552 1
4557 1
4559 3
12754 2
12759 1
12760 0
4571 0
12765 2
4574 3
4575 2
12769 2
12770 1
9427 2
4583 1
4584 0
8956 2
4590 0
12786 0
12788 2
4597 0
12790 0
4599 1
12792 1
14420 2
12795 0
4605 2
10325 1
4610 1
4616 0
12809 1
4620 0
12813 2
4624 1
2136 0
4626 2
12819 1
4629 0
4632 2
4637 1
12830 3
12832 1
4641 2
4643 1
4647 0
12841 1
12842 2
4653 0
18704 1
12847 2
4656 1
8968 0
4658 2
12852 2
4662 0
12856 2
4669 2
12862 2
4671 0
2144 2
4674 1
12869 2
12870 1
12874 1
4683 0
4684 0
4687 0
12883 1
4693 2
15801 0
12888 2
4699 1
12898 1
4709 1
12905 3
12906 2
12907 0
12908 0
4719 0
4721 2
4722 0
12919 1
4728 2
4729 2
12925 1
4735 3
12930 2
12933 0
11713 2
4744 1
4747 3
4748 1
15810 0
12943 2
4752 1
4753 2
4755 1
12949 2
6255 2
12957 1
12958 0
4767 1
12960 2
12961 2
4771 2
4772 0
12966 3
12972 2
4784 1
12977 2
12981 1
4790 1
15708 2
12985 0
4794 2
4795 3
12990 3
4799 1
8992 3
12995 1
18690 1
4807 1
13001 1
4811 3
13004 2
4814 2
4816 1
13009 2
13010 0
13012 1
13013 1
13014 2
4825 2
4826 1
4827 1
6266 2
8997 0
4833 3
13027 0
13029 3
13030 2
4839 0
13037 1
13038 1
4848 1
13041 2
13042 2
13043 2
4852 0
13045 1
4854 0
4856 1
13051 2
4862 1
4863 1
13056 0
4865 1
4866 0
4870 0
4874 2
15438 0
4878 0
1178 0
13075 2
13076 3
13077 2
13078 0
2180 2
13092 1
4910 0
4911 2
4913 3
13107 0
4920 0
13114 2
4929 0
4934 1
13127 2
4936 0
13129 2
13130 2
4256 2
13133 2
13135 2
4944 0
4945 3
13138 0
7651 2
4950 2
13145 1
13147 1
13148 2
4958 2
13151 3
13156 0
13157 2
13159 3
13160 1
4971 2
13168 2
13169 1
4979 1
4980 1
13174 0
13176 0
4986 2
4988 0
13184 1
17216 1
4997 2
4998 3
13192 2
5001 2
13194 0
13196 0
5005 3
5006 1
13201 2
13202 1
13204 2
13207 1
13208 2
13213 0
13216 0
5030 2
13224 3
13229 2
13230 2
5039 0
5044 2
13237 1
5046 2
13239 0
13240 2
13244 2
13245 2
5054 1
13248 1
13250 2
13131 2
5063 2
13256 1
10807 0
13259 2
2210 2
13262 2
5072 3
13266 1
5076 1
5079 3
13272 0
13276 2
13277 2
5090 3
5091 2
13286 3
13287 2
5099 1
5100 2
13295 1
13300 2
13301 2
5111 3
5113 2
5115 1
12991 0
13310 1
17237 2
5121 2
5126 0
13320 2
5133 3
17983 3
5137 1
5138 0
13332 2
13334 0
13337 2
5146 0
13348 1
13351 2
13352 0
13353 0
13356 2
5165 0
13360 2
5171 1
13150 3
5177 3
13373 2
5183 3
13376 3
15883 0
13381 0
5191 2
13384 2
10423 0
5198 2
5201 1
3992 3
5210 3
5211 2
9448 0
5214 2
5216 0
5217 0
5218 0
5219 1
5222 0
5223 3
10428 0
13419 1
5228 2
5239 0
5240 0
13435 2
5244 0
5245 0
10432 2
5253 3
5255 0
13449 2
13453 1
2599 2
5265 2
13458 0
13459 0
5269 0
15897 0
5272 0
13466 1
4540 1
13474 0
5292 2
5293 2
18632 2
10619 0
883 1
5303 0
5306 1
5307 0
13500 0
13501 1
13503 2
5318 0
13512 1
5321 3
5322 2
13515 1
13516 1
13520 2
4984 2
5336 1
5337 1
13532 0
13534 1
5345 2
13543 0
13544 2
892 2
14546 0
13551 2
5360 1
5362 2
13556 0
13557 0
5368 0
5369 2
5372 2
13565 2
5374 1
17280 1
5378 2
13572 2
13573 2
13575 0
13578 2
5389 2
11821 1
13586 0
13589 0
13596 2
5406 0
5407 1
5408 1
17638 0
13602 2
13603 0
13607 2
13608 2
5418 1
5419 2
5421 2
5422 2
2269 0
4545 0
5430 0
13625 0
13626 3
5436 3
5437 2
13631 2
5441 2
5444 2
13638 2
13640 1
13647 2
14563 1
5464 2
13657 0
16276 1
17276 0
18662 2
5478 0
13671 1
5481 0
13676 0
13677 0
13680 0
18664 0
5490 1
5491 2
11838 2
5496 2
5497 2
13690 2
5499 2
13695 2
13697 2
13699 0
13700 0
17302 2
13704 2
5513 2
13710 2
13713 2
13716 3
13717 2
13718 2
7549 2
5528 0
3310 2
5532 1
5539 1
5545 1
6386 1
5553 2
13747 1
13751 1
13754 2
2601 1
5567 2
5024 2
13762 1
9460 2
5574 2
13769 0
5580 1
5581 2
5583 2
8642 0
5587 1
13781 1
5592 3
5595 0
13788 3
18682 1
13790 1
5603 0
3665 0
5608 1
8643 1
13808 2
5619 1
5620 0
13814 3
5623 0
13824 0
13828 1
5637 1
5639 2
5641 0
13834 2
2306 1
5648 1
13841 0
5651 0
5653 1
11865 0
5656 0
5658 3
13852 2
5661 1
5664 2
17101 3
11867 1
5670 1
5672 3
13867 2
13873 2
13876 0
5686 2
5687 2
13881 0
11873 1
13897 0
1281 0
5713 2
5719 1
5720 2
1827 2
5722 0
13916 2
13917 2
13919 3
13921 1
13922 1
5736 2
14610 0
5743 1
11880 1
5749 1
5754 2
5758 2
5766 2
1175 2
5769 0
5771 1
8549 0
962 2
5776 2
5777 2
5778 0
13978 2
5787 0
5794 1
13990 0
13992 0
5803 1
13997 0
5064 2
5810 0
14003 2
5812 0
13257 2
5819 1
14012 1
14013 1
5067 2
14023 1
14029 2
5843 2
14036 1
5845 0
14041 2
14042 2
5853 2
5854 2
18725 1
14048 1
5858 2
5859 2
5860 2
14107 0
5865 1
2923 1
6440 1
14066 3
14068 0
5879 2
15999 1
14077 3
5894 0
14090 2
14093 1
14095 2
14098 2
5908 1
10542 2
5915 3
5917 3
5921 1
5925 2
10545 1
5931 2
5932 1
5933 2
14126 2
5935 0
14128 2
14130 1
14133 2
14137 2
5947 0
5951 0
11915 0
14156 1
5965 2
5966 2
14163 0
14167 0
5978 0
3727 2
5982 2
15475 0
14181 1
5990 0
18203 2
14186 2
14189 0
14190 2
14194 2
16020 1
6012 0
6013 2
6018 1
14211 0
14212 2
14214 2
13292 0
14219 0
14221 0
14222 0
14226 2
14227 1
14228 0
17390 1
7566 2
6044 3
14237 0
14238 1
6047 2
14240 1
14244 2
14245 1
6055 1
6057 2
14256 1
14257 1
14258 2
6067 2
14261 0
14262 2
6071 2
14265 2
14266 0
12861 2
14272 0
14273 1
14274 2
6084 1
14280 0
14281 2
14282 1
13303 2
16680 1
6099 1
14292 0
14296 2
14298 1
14302 2
6118 1
14317 0
6128 2
14322 2
5118 0
6135 2
6137 1
6140 2
17706 1
14335 2
6144 1
6149 0
6150 0
6151 2
6152 3
6154 2
6156 0
6157 0
6158 2
6159 2
6488 2
6164 2
14357 2
14358 0
6169 2
14362 1
6172 0
10586 0
6175 1
6176 1
14369 2
14372 0
6182 0
14375 0
14379 3
14380 0
14386 2
14387 2
6196 2
14389 2
14391 0
6200 1
14394 2
6205 2
6206 2
6207 2
6211 0
18579 2
6213 2
14689 2
14408 2
14412 2
6222 0
17421 1
6225 2
6228 2
6231 2
14433 2
18757 0
13329 2
1299 1
6251 2
14444 2
14447 0
14453 0
14458 2
6267 2
6282 2
14476 0
14482 2
14488 3
14489 1
14490 2
14491 1
6306 1
6307 1
14501 0
6310 1
14503 2
6315 0
6317 2
14510 2
11976 0
6324 1
6330 2
6331 2
6332 2
6338 1
14533 2
14535 1
14538 2
14540 1
6349 2
6354 0
6355 3
6357 2
14552 2
14557 1
14559 2
6368 2
6369 1
14562 1
6371 0
14565 1
14566 3
6378 1
6380 0
16082 2
5160 0
14578 1
6387 2
10622 2
6391 3
6398 3
6399 0
1067 2
6407 2
14604 2
7896 0
6418 0
14611 1
6422 1
16089 3
6426 1
1071 1
6429 1
14625 2
14626 1
17945 2
6438 0
14631 2
10580 0
6441 0
6442 1
14635 0
6445 1
6446 2
6448 1
10632 1
14642 2
6452 1
14646 1
6455 1
14651 2
6465 0
6466 2
14664 1
14666 2
14669 2
6478 3
14671 0
10036 2
14680 2
6495 0
6497 0
6500 3
6503 2
14696 0
14699 0
9277 0
6512 0
16104 0
14713 2
6522 2
6523 2
14717 1
6527 1
14724 2
6533 0
6534 0
9282 3
3821 2
14742 2
6554 0
14749 2
6558 0
6566 1
16113 2
14761 1
6571 0
7311 0
14768 0
1096 1
14770 1
6582 0
6584 2
14779 2
6600 0
14793 1
14795 1
6604 2
14797 1
14800 2
14801 1
14804 2
14805 2
6616 1
6617 2
6619 2
6622 0
6623 0
7040 0
6631 2
14824 3
14825 2
14828 0
14832 0
14838 1
6647 2
9300 1
14844 2
14845 0
767 2
14849 2
6662 2
6668 0
6673 1
14866 0
14867 0
14869 1
6679 2
14874 2
6683 2
14878 2
2132 0
6576 2
6690 1
17499 2
6692 2
14886 1
6577 1
6697 2
14894 2
6703 1
16590 3
6709 0
14904 2
6718 2
2485 0
14913 2
14914 2
16139 2
14916 0
14917 1
17505 0
14921 1
6732 2
13410 1
6740 1
18228 2
6744 1
9317 0
14945 1
13414 2
14950 2
14951 2
14953 3
6762 1
6765 0
14960 2
6770 2
14966 0
14969 3
14971 0
14972 2
9322 1
6788 1
14983 2
14984 0
13420 3
6794 2
6795 2
6796 0
14989 0
14993 0
15775 0
3865 0
6809 0
6810 1
15004 2
15017 1
6828 1
6833 1
6834 0
6835 1
6836 1
6839 3
6840 2
6842 3
6845 0
15042 2
15043 2
6855 1
15048 2
6859 1
6860 1
15054 2
6863 0
9503 2
6868 1
15062 1
6871 0
6872 2
15068 2
6877 0
6879 2
15072 0
6881 2
15074 0
15075 2
6887 1
15080 2
15081 1
1866 2
6898 1
15091 1
15093 3
15095 1
1151 1
15102 1
15103 1
15104 1
15106 1
15109 1
15111 3
6922 1
15117 2
15119 0
6930 1
15123 1
15124 3
6933 3
6936 1
15129 1
15132 1
6941 0
6942 1
15135 2
6946 2
14811 2
15140 0
15141 1
15145 0
6956 0
16178 1
15151 3
6961 1
6964 1
6965 2
6969 0
15162 1
14815 2
6974 0
6976 2
6978 0
15172 2
15174 2
15175 1
6984 1
15189 0
15194 2
15195 2
7004 2
15197 2
7006 2
7008 2
17552 1
4325 2
18237 1
15206 0
15213 0
7023 1
7025 2
15225 1
15228 0
15231 0
15232 1
7042 0
7044 3
15238 0
15239 2
15241 2
7051 1
7052 1
15245 2
7056 2
7064 2
7068 1
7069 0
15264 2
15266 1
17563 2
7076 1
15269 1
7080 0
15276 2
15278 3
15279 2
7088 0
15282 2
15284 1
7093 0
7103 2
15296 2
7109 0
15303 2
15304 2
15305 2
17570 2
7118 1
7120 2
7122 2
7123 2
15316 1
15319 0
7129 2
7130 0
7134 1
7139 0
15333 2
7143 0
1192 2
7158 2
17577 1
15356 1
7166 3
17151 2
7179 3
15372 0
15374 0
15376 3
15379 3
15380 1
15388 0
15395 0
7206 2
13489 0
7208 2
7209 2
15405 2
7214 2
15409 2
15413 2
15418 3
7228 1
7229 0
9397 2
7235 2
7238 2
7606 0
7240 3
7241 1
7243 2
7245 0
7246 2
15440 1
15442 0
16227 1
15445 2
6704 1
7262 0
9403 1
14865 0
7273 2
15467 0
6674 1
15471 1
7280 0
15473 0
6675 3
15477 2
15479 0
7290 1
7294 0
15487 3
3947 0
15492 0
2582 2
15497 0
15499 2
15500 2
15503 2
9411 2
15509 1
15510 2
15513 0
15514 0
15517 1
15519 1
15522 1
14875 2
7335 0
15531 0
15533 2
7344 2
15543 1
15544 1
2591 0
15550 0
15552 1
7363 0
15558 1
7367 2
15560 0
15562 0
15565 1
7374 3
9421 2
15569 0
7380 0
15573 0
7386 1
7389 2
7390 0
15584 2
15589 2
9425 1
15593 0
15595 1
7407 2
15600 2
15602 2
15603 1
15604 2
7413 1
7415 2
15616 0
3968 3
15619 0
15620 1
15628 3
3970 3
15632 2
7441 0
4885 1
6702 1
15638 2
7447 2
15641 0
7450 2
7451 2
15645 3
15649 3
15653 0
15654 2
15655 2
5340 2
7472 3
15669 1
15670 3
7481 1
15675 2
15676 0
3978 2
15681 1
7491 2
15684 0
7493 2
15691 0
7500 2
15696 0
6712 2
1251 1
15701 0
15703 1
15704 0
15705 1
15707 1
7516 2
15713 2
7522 2
7524 3
15717 0
15719 1
15721 2
1255 0
7532 2
15726 1
7535 0
15729 1
7541 1
7542 2
4851 2
7545 1
15738 2
15739 0
15741 1
7553 0
15746 0
7555 0
15748 2
7557 2
15750 0
15752 1
7561 2
15755 0
15757 2
15758 2
5357 1
15760 0
7569 2
6723 1
15764 0
15765 2
7575 2
15768 1
6724 2
7580 2
16282 1
15774 0
6725 0
15777 2
15780 0
15781 1
15782 1
17649 1
3996 3
15787 3
15788 1
17650 1
16285 0
17651 0
15798 1
17652 1
15803 0
15805 2
15806 0
7615 2
7618 0
3076 2
15824 2
15825 0
15827 3
1273 2
15834 1
7645 0
7646 2
15839 1
7649 2
15842 0
15843 0
15845 2
7657 2
15850 2
7659 1
15852 2
7664 3
7667 1
17662 2
15863 2
7677 3
15872 3
15873 0
7682 2
7683 2
7685 2
15878 2
13569 2
7691 1
1282 0
7694 1
7695 2
15889 1
15890 2
12206 1
15895 0
5380 1
15898 2
7709 3
15902 1
16304 2
17442 3
15911 3
7729 0
7730 1
12211 2
7742 1
7747 2
8119 0
15951 0
15954 1
7766 1
15959 1
15962 0
6757 0
15972 0
15973 2
7782 1
14171 0
7789 2
15983 2
8170 2
15986 1
7795 0
2665 1
15992 0
15993 1
15995 2
7807 2
16000 2
16003 2
7812 0
16005 1
4033 2
16008 0
10363 0
1303 1
7823 2
7825 0
7826 3
7828 3
16021 0
7831 1
2671 0
1306 3
16032 1
11445 1
7843 1
16036 1
7848 2
16045 3
16049 1
16050 3
2675 3
2006 1
16056 1
16059 0
16060 2
16061 1
1353 0
16064 2
7873 1
16066 1
7875 1
16069 2
16071 0
16073 1
7882 1
16079 2
7890 2
4900 0
16088 1
7897 2
16090 1
16091 2
7901 0
7903 3
16096 2
8144 1
7906 2
7910 3
7912 0
16109 2
16110 2
7921 3
16115 2
16116 1
16117 2
7927 1
16123 1
7932 2
7933 2
16127 3
16129 1
16132 0
16134 0
7947 2
16141 1
16143 2
16145 0
16146 2
7955 2
16151 1
7960 0
7961 2
7962 0
7970 1
4059 3
16164 1
7973 0
7975 2
16176 0
7986 2
17715 0
7988 2
16183 2
16186 2
7995 2
7996 2
16189 0
7999 2
8001 1
1417 1
16195 2
16196 1
16200 0
16201 1
16202 0
16203 0
16207 0
5433 0
8028 3
16225 3
9531 2
16230 0
2705 0
16792 0
16234 2
8044 1
10898 0
16238 3
17725 0
16240 1
8049 0
16244 1
16245 1
8054 2
14996 2
16250 2
16252 1
16253 2
16254 2
8179 2
1344 0
10907 1
16263 2
16264 3
8237 2
8076 2
16269 2
8079 0
1363 2
16277 2
16279 0
8090 2
15002 0
11999 2
16288 1
16291 2
16292 0
8101 1
16295 1
16300 3
16301 1
8110 2
8112 2
16306 1
16307 0
16309 1
17737 2
17738 0
16321 0
8133 1
10747 3
16327 1
12546 0
4087 0
8142 3
16336 3
8145 1
8146 2
18002 0
5727 0
16347 2
16356 0
16358 2
8168 2
16362 2
16365 1
16366 0
16371 2
16372 1
16373 1
8182 2
16375 0
16376 2
9556 2
16378 3
16379 2
16381 1
8190 2
