16386 2
16387 2
16388 2
16393 2
16394 1
16396 1
16397 1
16400 1
16401 2
16404 3
8214 1
13657 0
8219 2
16412 0
16414 2
16415 2
8224 1
8226 2
16419 1
16420 2
6833 1
41 0
8234 2
8237 2
16430 2
8241 2
8242 1
16436 1
16438 3
16442 2
16443 2
16444 0
12298 2
62 2
8258 0
16452 1
8262 2
9569 2
16456 2
74 0
75 2
8268 2
16463 0
16465 1
16466 1
8276 1
16469 1
8278 2
88 2
89 1
8282 2
91 1
16476 2
6842 3
95 0
8288 2
97 0
16484 1
8296 2
17767 1
12306 2
8302 2
16496 0
3277 0
115 1
117 0
5481 0
8312 1
8313 2
122 3
16509 1
126 2
10039 2
8324 0
133 2
8327 3
8328 0
16522 1
8331 2
8188 2
16527 2
144 2
8337 0
8338 2
10916 2
8340 2
16533 1
8342 2
8343 1
8344 1
153 1
154 0
8347 3
8348 2
16543 2
8353 1
163 2
8356 3
166 1
169 1
8363 1
173 2
13640 1
8368 1
178 0
8371 2
8372 3
183 2
187 1
192 2
8386 2
15051 2
16581 1
199 1
8392 2
8190 2
202 2
203 0
16588 3
16590 3
16591 2
8401 2
8402 2
8227 2
18571 1
16597 0
214 0
8407 2
16600 1
8228 2
16602 1
219 0
8412 1
16608 0
8419 0
229 3
230 0
16615 0
16616 1
8426 2
16423 0
6439 2
237 2
8430 2
9597 2
16624 2
8434 0
16628 0
246 0
16632 2
8442 2
5503 1
16636 2
16639 1
16640 1
9600 1
13102 1
16646 1
8455 0
16648 0
12332 2
8458 1
5239 0
8462 0
271 2
8466 0
8738 0
8238 0
5508 2
8474 3
16668 1
1646 0
286 1
8479 0
16672 0
289 2
8482 0
8483 0
8484 3
8485 2
8486 2
16679 1
8488 2
297 2
16682 0
16683 2
16684 2
16104 0
16687 1
8496 2
305 2
16690 2
13705 0
52 1
16650 0
15071 0
16700 2
317 2
15559 3
319 2
8512 0
16705 1
16753 2
324 1
16709 1
16710 3
16711 0
329 1
330 0
332 2
16719 2
16721 1
15075 2
342 2
8535 2
16728 1
2788 0
8538 1
8539 1
16733 2
8544 3
16737 2
16739 1
16740 0
16741 2
16742 1
16743 2
360 2
16745 0
8555 2
366 2
16445 2
16752 2
8561 0
15278 3
8563 2
8564 2
16759 1
379 0
380 1
16765 2
384 1
8577 1
16770 1
387 0
389 1
390 1
392 1
394 2
16779 2
16780 0
66 1
16784 2
8593 0
8594 1
16790 1
16791 2
8601 2
410 2
2799 3
8604 2
8609 2
8610 1
13723 2
8612 0
421 0
16806 1
16807 1
424 0
17820 0
2785 2
16811 2
16812 2
8621 0
16814 2
8264 0
16818 0
16819 2
436 2
437 2
438 0
8632 2
10996 1
16826 3
8635 2
444 2
8266 2
446 2
447 0
16833 2
18564 0
8643 1
454 2
455 1
461 2
8654 0
16847 0
464 2
8658 0
16851 2
16854 2
8664 1
17828 3
9563 0
8667 2
16860 0
8669 2
16864 2
16865 0
8674 0
8675 2
16868 2
486 2
488 2
16873 1
491 0
8684 1
8687 2
8689 2
500 2
8693 2
8695 3
8696 2
16468 2
6911 1
508 0
16893 2
16894 0
16896 1
16897 2
517 0
16905 1
524 2
15106 1
8718 2
8719 3
8720 1
529 2
8723 1
8725 1
8727 0
8728 2
537 3
538 0
8732 1
16925 2
16926 2
6917 2
16928 2
545 2
16930 2
547 1
548 1
551 1
553 1
8746 2
8747 2
16477 2
563 2
564 1
8757 2
566 3
16953 1
8762 1
8764 1
16957 2
8767 0
8769 1
8771 3
8772 0
581 1
16966 2
583 1
8777 0
8780 1
590 1
591 1
8785 0
8786 1
16980 2
8789 2
16983 0
16984 1
8793 1
8796 0
5562 1
606 0
6928 1
16994 2
9659 1
8805 2
8806 0
9660 2
17002 1
17003 0
620 3
621 2
8814 2
624 2
104 0
11512 2
6931 2
17014 1
8824 0
633 2
8826 0
17019 1
636 2
638 0
17024 2
8834 2
2663 1
8837 0
17030 1
8841 2
8842 2
17035 2
17036 2
8845 0
654 0
109 3
8848 0
657 3
17042 2
17044 0
661 1
6937 0
17049 1
666 0
17052 2
669 2
17054 1
1477 1
672 0
17057 0
8866 0
8868 2
17061 2
17062 0
8871 2
8873 2
17067 1
687 1
8880 0
13207 1
17074 1
17081 0
6943 2
17085 0
702 1
17087 0
17089 0
706 2
8899 0
17094 1
8903 0
712 2
13772 2
8906 2
17099 2
15138 0
8910 2
8480 1
8912 3
721 0
8914 2
11043 0
17110 0
727 2
8921 2
730 2
732 1
17117 1
17124 0
741 2
17126 2
743 0
744 2
17129 1
8938 2
17131 1
748 2
749 0
750 2
17137 2
17138 1
8952 2
8953 1
15301 2
8955 1
764 2
766 1
17151 2
17152 1
13119 0
17154 0
8964 2
773 2
774 1
776 3
8975 2
17168 2
787 2
788 2
790 2
791 1
8984 1
16516 1
8986 2
11055 2
8988 3
798 2
16517 1
17184 1
8993 0
803 2
17188 2
8998 1
807 2
9000 1
17193 2
8756 2
9008 0
9009 2
9011 2
17206 1
9018 2
9019 1
8330 2
15157 2
832 2
9025 2
17218 1
9029 0
5601 1
17224 3
17225 0
9034 0
17227 1
844 2
845 1
17231 0
17233 2
17759 1
17235 0
852 2
17237 2
17238 1
856 0
859 2
17244 0
861 2
862 0
9055 0
17248 1
9059 0
17252 2
2211 0
870 2
145 2
873 1
874 3
9067 2
17260 2
17262 0
879 2
17264 0
17265 2
17266 0
9075 2
17268 1
885 1
9078 0
17271 2
888 2
889 0
9082 2
9083 1
9084 1
9088 3
4667 2
9090 1
17285 0
9095 2
151 1
17292 1
17293 0
910 1
9103 2
9105 0
17300 1
9110 2
8345 3
920 2
921 2
13807 0
17308 2
17309 0
9118 2
17311 2
17216 1
17313 2
9963 0
932 3
9125 2
9127 2
936 3
9129 2
10124 0
17324 2
9137 2
947 2
9142 0
17336 2
17339 1
850 1
4669 2
17342 2
961 1
9499 2
963 0
9158 3
17353 1
15308 1
975 0
17360 2
9307 2
17364 2
9173 2
17367 1
17368 1
987 1
9184 2
9186 2
17379 2
16550 1
9190 0
16488 2
9196 0
15186 1
17391 0
17392 2
9201 0
1010 1
17395 2
17396 2
17399 2
9209 1
8490 0
17404 1
17406 2
1023 2
9217 2
9218 2
1028 1
6998 2
17417 1
9226 3
1035 2
1036 0
1037 3
9230 0
16557 2
9232 2
9234 2
12462 2
9238 0
18174 2
17432 2
17924 0
17435 3
1052 0
17440 2
1057 0
17445 2
12465 1
16260 1
9310 0
17453 1
9262 2
1071 1
9264 1
9265 1
9266 3
1075 0
17460 1
9269 2
9270 2
9271 0
1080 1
3582 2
9274 2
17469 0
17473 0
17474 2
17475 0
17476 0
9286 0
9287 0
17480 2
9289 3
1098 2
1100 0
10675 2
17487 2
1107 1
9304 2
1115 1
9308 1
4282 0
1118 2
11109 2
1120 3
9313 0
18354 0
1123 0
1124 2
17509 2
9318 0
9319 2
17512 1
9312 2
17514 2
17519 2
17520 1
1137 0
1138 2
17524 2
1292 2
15041 2
1147 2
17532 2
9341 2
1150 2
1152 0
9346 2
17539 3
9349 2
17542 1
17544 2
1162 3
17549 1
17550 2
17551 2
17552 1
17553 2
8387 1
9364 2
1173 2
17558 1
17945 2
1177 2
1178 0
7023 1
17564 2
1181 3
9374 1
9375 0
9377 2
17570 2
1187 2
17573 1
9636 2
17575 1
1192 2
17577 1
16583 2
9388 2
9389 0
9390 1
1567 2
200 0
1203 2
11224 2
9397 2
15043 2
1208 0
17593 2
17594 1
17595 2
9042 2
17597 1
17598 2
9407 0
1677 0
1217 2
1218 2
1219 0
9412 1
9413 0
17953 0
17609 1
9418 1
1227 0
17612 2
9421 2
12316 2
17616 0
9425 1
9427 2
9428 2
1237 2
1238 2
1240 0
9437 0
17634 1
9443 2
17636 1
1253 0
1255 0
17640 1
9449 0
17642 1
4621 2
9453 3
10483 0
17500 2
9457 2
17650 1
9460 2
15230 2
1270 0
13865 2
1273 2
1274 0
9467 2
17660 2
17962 1
17662 2
9471 2
9472 0
17665 2
17666 2
1283 2
9476 2
9477 2
9479 2
17672 0
17673 2
17674 2
17675 2
9484 1
9486 3
1297 0
17682 0
1299 1
9492 2
9493 1
17645 0
1304 2
17689 2
1306 3
17691 2
17692 3
218 3
17694 0
9503 2
9505 2
17698 0
17702 2
17703 2
1321 2
1322 2
1323 0
1324 2
17711 1
1330 0
9523 0
9524 2
17718 1
17719 1
9528 1
11262 2
1338 1
9531 2
1340 2
9533 2
17726 2
1343 2
9536 0
7051 1
1349 0
16139 2
17737 2
1354 1
5687 2
9548 0
9549 2
1358 2
17743 2
17744 1
9554 2
9555 1
1365 0
1366 0
9320 2
1370 2
17755 0
17756 0
17757 1
1375 2
1377 2
17762 2
17979 2
17764 2
1381 2
9574 1
1383 2
9578 1
9579 2
9580 1
11503 0
17776 3
1393 2
1395 1
9588 2
9589 1
1398 0
17849 2
9592 1
9594 2
9595 2
9596 0
234 2
9599 0
17792 0
1600 2
12448 1
17797 3
1414 2
1415 2
17800 2
236 0
18722 0
9611 2
1425 2
9618 0
1603 2
17813 1
4412 3
17819 2
1436 1
9629 1
3992 3
17989 1
1440 2
240 1
1442 2
9635 2
1444 2
9637 1
1446 2
1447 3
1449 2
9642 0
17779 2
9645 2
1454 2
7069 0
9648 2
1608 1
9650 2
1460 3
1461 2
7225 0
9657 0
17850 1
17851 1
1468 2
13898 3
9662 2
17855 2
17856 0
9665 2
17995 2
9669 2
1478 1
9557 1
17867 0
9676 2
7074 2
1488 1
9681 2
9682 1
9683 0
9685 2
10595 2
9690 2
9691 3
9693 1
9694 0
17887 2
17889 0
9702 2
17895 0
9052 1
9706 1
9707 1
16963 0
9722 2
4961 1
1538 2
1540 1
9734 0
9735 0
1545 2
1548 2
12546 0
9742 1
1553 1
17938 0
3325 0
17941 1
17942 0
17944 1
1561 2
9754 2
1563 3
17948 2
17949 2
17951 2
17952 2
9761 1
9763 1
17956 2
17957 0
17959 2
1576 1
9820 0
9770 1
263 2
9821 2
11187 0
4975 0
18014 3
17975 2
9784 2
17977 2
9786 0
13919 3
1596 2
1597 1
9792 2
17985 2
17987 0
1605 0
17992 2
9801 2
1610 1
1611 3
1614 1
17999 0
18001 2
9810 2
1619 2
1622 2
9815 2
18008 1
9817 2
18011 2
18012 3
7098 2
1630 1
18015 2
9826 2
1635 2
9829 2
1640 2
9833 2
18027 2
18028 1
16658 0
9838 1
9839 0
18032 0
9832 0
12563 2
1652 2
1653 2
1655 2
2510 0
1658 3
1660 1
1661 1
1662 2
9855 0
18048 2
1666 2
9835 2
9863 2
1672 3
1674 2
18061 2
18062 2
9873 2
18030 2
9878 3
18074 3
1691 2
1693 2
18078 2
18079 2
9890 0
9891 3
18084 0
1703 1
18088 2
9898 1
1708 3
1709 0
8513 0
1712 1
18098 2
1716 1
1717 2
1719 2
1721 2
18082 0
287 2
9916 1
18109 2
1726 2
9920 0
1729 1
9923 0
1732 2
16673 1
9929 2
5064 2
5751 2
1740 0
18126 0
15309 1
1656 3
1746 2
16675 0
18134 2
1755 1
1757 1
1758 3
18143 1
1763 0
1764 2
9606 1
11217 2
1769 2
16433 2
18155 1
18156 1
1773 1
7424 3
18159 2
8788 2
18161 1
18162 0
15315 2
9854 1
18166 0
18167 1
9978 2
1663 2
1788 2
1789 2
1790 2
18175 1
18176 2
18178 1
18179 1
8959 0
17245 1
18185 0
18186 2
9995 2
9858 0
9999 2
1808 2
10001 0
10004 2
10006 0
18199 2
18201 1
18203 2
18204 2
18207 2
10016 1
1827 2
1828 2
18214 2
18216 2
10025 1
18218 2
1671 1
1836 1
18221 2
10030 2
10031 2
10032 1
1841 2
10034 1
10035 2
18228 2
18230 0
1847 0
18232 2
12596 2
18235 2
1852 1
10046 2
1855 2
10048 2
10049 2
1858 1
18243 0
1860 2
10053 1
18246 2
18247 2
10056 2
18250 2
1868 3
16429 2
18254 2
18255 0
18260 1
14247 0
18264 1
1884 0
18269 2
10080 2
18275 1
10084 1
18278 1
18279 1
10089 2
11239 2
18284 1
18286 2
16701 2
18289 0
10099 2
18292 0
1909 0
1911 0
10104 1
1913 2
10108 1
18301 2
1918 2
18069 0
1920 2
1921 2
18306 2
1924 2
17522 0
1927 3
18312 1
10121 1
18314 2
18315 3
1932 0
10125 1
18319 0
1946 0
10140 2
8521 3
1951 1
18337 0
10146 2
10147 3
18340 2
8518 0
10151 3
18344 2
1961 2
1962 3
10155 2
1964 2
1965 2
18077 0
1970 0
1972 0
18357 2
18358 3
16713 0
18360 2
1979 1
2248 2
4426 0
18366 2
10176 1
4427 1
18372 1
3885 2
18376 2
11579 2
18381 1
18383 2
18384 2
18385 1
18386 1
2005 1
2006 1
18391 0
2009 0
9887 3
10207 2
18401 1
18402 0
10212 0
10213 2
2024 2
2025 1
18414 3
10225 0
18419 1
18420 2
18421 3
8524 2
12628 1
18426 1
2047 2
68 2
18434 3
10243 1
18437 0
10247 1
10248 2
2057 2
18443 2
18446 2
13997 0
344 2
9670 0
10264 0
11268 2
2075 0
2076 2
16730 0
10270 3
10162 0
10272 2
18465 1
2083 2
18468 0
10279 2
2088 2
10282 2
2091 2
10286 1
2097 3
2098 2
18483 2
10294 1
2103 2
10296 1
18100 1
18491 0
70 0
2109 0
10302 0
18496 0
10305 2
2114 0
10307 0
2116 2
5526 0
10311 2
10312 2
2121 0
10316 2
10317 1
10318 1
7181 0
2128 1
2129 1
18514 1
355 1
10324 1
18517 0
10327 1
10328 2
2137 2
2138 2
10331 0
18524 1
8549 0
2144 2
10337 2
18534 2
2151 0
10344 1
18538 2
18539 2
2157 0
2158 1
10351 2
16744 2
2163 1
10356 1
9918 3
10358 2
10361 0
10364 2
10366 2
3093 3
2176 2
10372 1
18567 3
2184 3
10377 2
10379 2
18575 3
10384 0
18579 2
2196 0
18581 2
10390 0
10166 2
18584 1
1694 2
18589 1
2207 1
10401 2
18594 2
18595 2
10712 2
10405 2
2215 1
18600 2
16927 1
10410 2
14023 1
18604 2
18605 2
2222 2
2223 2
10416 1
18609 0
8803 0
10420 2
10422 2
18615 1
18617 1
2234 2
10440 2
1738 2
2238 2
2239 2
2240 2
10433 2
10435 2
18628 2
9886 0
18632 2
2254 2
14029 2
18640 1
18641 2
10450 2
10451 1
1439 2
2261 1
10457 1
18650 1
18651 1
2268 2
18653 1
10464 1
2273 1
10467 2
18660 1
18662 2
18663 3
2280 1
18665 2
10475 1
2284 2
17534 2
10478 2
18673 0
18675 0
10484 2
18677 0
10486 2
18679 3
10488 2
10489 0
10490 1
622 0
16989 1
10498 2
2309 2
10502 2
2311 0
2312 2
10505 2
10507 2
18700 2
8578 2
10510 0
10511 0
18704 1
10514 2
18707 1
18708 2
10517 1
18714 1
10523 2
10524 2
2333 2
10527 3
2338 2
18723 1
2340 3
18725 1
2345 1
4487 2
18732 2
18733 2
18734 2
18141 0
18737 2
10547 2
15073 1
10551 2
2362 2
9463 2
2364 2
18749 1
10558 0
2368 1
18753 0
18754 2
18755 3
18756 2
15414 3
10567 1
18763 0
10573 1
2382 0
4493 2
2385 2
2386 2
18771 2
18772 1
10581 0
10583 2
18776 3
18777 3
10589 2
2398 1
14053 2
8592 2
15419 2
18150 2
18790 0
4497 0
1767 2
2412 0
10607 1
10609 0
10612 2
18805 3
2424 3
3944 0
2426 1
10619 0
18812 2
10621 2
18814 2
10624 0
2434 2
18819 0
2436 0
2437 1
2438 2
18824 3
9964 0
10634 1
8599 0
10637 0
18830 0
18831 2
18832 1
18835 0
2452 2
18837 2
18838 0
18839 2
10650 2
17267 0
2460 0
10653 1
10000 0
10658 2
411 2
10660 2
10663 3
2472 2
2475 1
10668 2
18861 2
10670 1
10672 2
2482 2
2483 1
10676 0
10677 3
2486 2
10679 2
2490 2
10683 3
1174 2
1781 1
17541 1
2500 2
10693 2
2503 0
10696 2
10697 0
1783 1
10700 2
10701 2
10702 2
8611 2
2517 0
4721 2
2520 2
420 1
10714 1
2525 1
13001 1
10723 2
10724 0
2534 1
10727 2
2539 2
2540 1
10734 1
2544 0
2690 0
2546 2
2549 2
10742 2
12713 2
10745 0
2558 1
10754 2
427 2
2565 0
156 0
10767 0
2576 0
7256 2
10771 1
10773 1
10774 1
10776 1
2586 1
10780 0
10781 2
10782 0
10783 3
14529 0
10789 2
2599 2
2600 2
10793 0
10798 0
10800 0
10801 2
10802 0
10803 3
2615 2
2616 1
2617 1
10811 2
10812 1
10813 0
10814 1
2624 2
10819 2
2628 1
4534 1
10822 1
6907 2
18621 0
10825 0
2634 2
10829 0
10830 1
10831 2
2640 2
16824 0
2642 0
2645 1
10838 1
10839 0
10841 3
9292 1
18191 2
2654 2
2655 2
14096 1
10853 2
1809 2
10857 0
2667 0
10861 2
10863 0
10864 2
10865 1
11273 3
10871 2
10873 0
8639 0
10876 0
10879 2
10881 2
10882 0
3986 0
10884 0
10887 2
10898 0
16835 0
10901 2
10905 2
10906 2
2715 2
2717 0
2718 2
6910 2
2724 1
2729 1
2731 3
2733 2
2739 2
2741 2
2742 2
891 1
1823 2
11821 1
10942 0
10945 2
12747 2
2762 2
11383 1
2767 1
2768 1
2769 0
2771 0
2772 2
10458 1
8655 2
7290 1
10731 3
2784 0
16848 2
3366 0
911 2
2791 2
2793 0
10988 0
16850 3
2798 0
10991 1
2801 2
10994 1
2804 2
10998 0
2807 3
11002 3
11003 0
10026 2
11016 0
2826 2
2835 2
8665 2
11034 2
1839 2
2844 0
11038 2
913 2
11042 2
2851 1
11045 2
2854 1
18225 2
2856 2
2859 1
11053 2
2862 2
477 2
11056 0
11057 2
11059 0
13189 0
11065 2
2874 0
3369 2
11074 2
2883 0
2884 0
10038 2
11078 2
11080 2
11081 1
11082 2
2891 2
11086 1
11089 2
483 2
2900 1
2901 0
8676 0
11100 0
2909 1
2910 1
2256 0
5743 1
2917 0
6371 0
2925 2
2928 1
4584 0
11124 2
11127 1
11412 0
2938 2
11131 1
11132 2
11133 0
11135 0
2944 2
1189 2
17556 2
2951 2
2952 2
4588 0
10050 1
2958 2
2962 0
11155 0
10052 1
11162 2
2971 0
11164 0
2973 2
11166 0
2975 1
2977 0
2979 2
7737 1
2982 3
2983 2
2984 2
10055 2
2988 0
2991 2
2992 2
2995 2
11191 2
3000 2
3001 2
1866 2
501 1
3011 2
3012 2
3016 1
11214 2
11215 1
3025 1
11220 1
11221 2
16889 2
3032 2
11225 0
11226 2
3035 3
3036 0
8830 0
3040 2
1465 2
3042 2
11236 1
3047 0
3048 3
3049 2
3239 0
3052 1
11245 3
509 3
3056 2
3058 1
11252 3
8558 2
11433 2
5012 0
11259 2
3070 2
1466 2
512 1
3243 1
3076 2
3079 2
3080 2
3081 2
11279 1
4611 2
11285 0
3098 1
3099 0
8602 1
11295 2
3104 0
3105 1
3107 2
11300 2
3110 2
11307 2
11312 2
11313 1
11315 0
12809 1
15107 1
3129 3
11327 2
18272 0
4658 2
9379 1
11334 2
11335 2
11336 2
11343 2
11344 2
11345 1
11346 2
10083 2
11349 0
11350 1
18276 0
11356 2
11358 0
528 2
11451 1
11364 1
11368 0
3177 3
11373 2
12381 0
13745 2
3186 1
3188 2
11382 2
3191 2
3193 1
3195 2
3197 0
533 0
11392 0
11397 2
3206 2
3207 2
3208 2
10092 1
11403 2
11404 1
9927 2
3215 2
3216 2
4632 2
11411 2
3220 1
3222 1
3223 2
3224 3
11417 2
11421 2
11425 2
3237 1
11430 0
1905 0
3240 2
4636 0
3242 3
11435 2
3244 0
541 2
11441 3
3250 2
3252 3
542 2
3254 1
543 2
3261 1
11457 2
11458 2
3267 0
3268 2
11462 0
11463 1
3273 0
3274 1
11467 1
546 1
11471 2
3280 2
4643 1
9111 2
3286 1
10105 0
3288 2
3290 3
3279 2
3298 1
17295 0
2292 0
14261 0
11500 0
3309 1
1917 0
11504 3
3313 2
3314 3
11507 0
11508 2
3319 1
3320 2
11514 2
3323 2
3324 2
554 2
11518 2
3327 0
11520 0
11521 1
3330 1
16939 1
3333 1
11530 1
11479 3
11532 2
3341 0
11540 2
3349 2
11543 2
11544 2
3354 2
15578 0
3358 0
1925 3
11553 2
11558 3
7388 2
11565 1
3375 2
3376 2
3378 1
3380 1
3381 1
6932 0
11575 0
16948 0
3386 3
3387 1
11580 1
11581 2
11583 0
11584 3
3393 1
11586 0
3395 1
3396 0
4662 0
3400 0
18316 1
9115 1
1933 2
1750 1
3409 0
3410 2
3411 0
3412 2
3413 2
3415 1
11608 2
3420 2
11613 1
3422 1
3423 1
11617 1
3427 2
3428 1
11622 0
11629 0
11631 2
11638 2
3448 2
3449 2
8571 0
11299 1
3458 3
3460 2
11653 0
577 1
11656 2
11658 0
9352 1
12866 2
3470 1
579 0
11670 3
3480 2
3482 2
3483 1
11678 0
7408 2
3492 0
12870 1
3495 2
8775 0
3501 1
3503 2
11696 2
11697 0
11701 2
17302 2
585 2
10143 1
11708 0
3520 2
3521 2
3523 2
11717 2
3527 2
18121 1
11724 2
11729 1
11731 2
11732 0
3543 0
11736 1
11738 1
7446 2
3548 3
11742 0
11743 1
11744 2
11745 2
11746 2
11747 2
3557 2
11752 0
3563 1
3564 3
11758 2
3567 2
3568 0
13485 2
18390 0
11764 2
3575 1
596 1
12667 0
11773 2
11774 1
3583 2
3585 2
11779 0
3588 0
18123 2
15617 2
6060 0
11786 1
11788 2
11522 2
18432 1
11795 3
13759 0
6025 2
601 1
11800 2
3611 3
11806 2
11808 1
3618 0
11811 2
3621 2
3622 2
11815 1
8304 0
11819 2
3629 1
3630 2
8797 3
11825 2
3634 3
16990 2
3638 2
11831 1
11832 1
11833 1
11834 2
17852 2
11836 0
11838 2
11839 3
3648 0
11841 2
11842 0
11844 2
3653 2
609 2
11849 0
3658 2
11851 1
3660 3
11856 3
11857 0
3666 0
4707 2
3668 0
3669 0
3670 0
3673 1
3674 2
3675 1
3679 2
11873 1
11874 1
18363 1
11877 2
11878 1
11879 2
11880 1
10172 2
3690 2
11884 2
7442 2
11887 2
3696 0
8852 0
11891 3
13127 2
3703 2
3705 0
3706 2
11902 2
11905 3
8811 1
11909 2
3397 0
11913 1
2306 1
15639 1
3727 2
3730 2
3732 0
3733 0
11927 0
3737 0
3740 0
3741 2
670 2
17008 2
3747 1
11941 2
12913 2
11944 2
7452 2
8481 0
6087 3
5035 2
11950 0
11549 3
1992 2
11954 0
17011 0
18348 1
3768 0
3769 2
11963 2
2035 2
11968 1
3777 2
3782 2
3361 0
3789 0
3790 2
3791 2
3792 0
12920 1
3798 2
15652 1
3805 2
11998 2
11999 2
3811 2
7462 1
3814 1
3815 1
12013 2
3822 3
400 0
17022 0
15657 2
3832 1
9900 2
3834 2
12037 2
12902 1
401 2
14296 2
14101 0
643 2
3862 2
18393 2
3864 0
12058 2
11567 0
12933 0
3873 0
12066 0
3876 2
12069 1
3879 2
12074 2
12076 2
12077 2
3887 2
3889 2
15667 2
17033 2
3897 0
650 1
12097 1
12100 2
3382 0
12103 3
12106 2
12109 2
12110 2
12112 2
3923 0
12122 3
3932 3
12126 2
12127 2
4752 1
12130 2
12131 3
3950 0
12945 2
12136 2
3388 1
12138 1
12139 2
658 0
12142 2
3952 2
4496 1
12947 1
3958 2
3960 2
660 2
12154 0
15679 0
6122 2
12158 2
17045 0
12161 3
132 2
12164 0
3973 1
15681 1
3976 2
6124 0
3978 2
12173 0
3983 2
3985 2
12178 0
16666 1
12181 1
665 1
12184 2
3997 2
8862 2
3999 0
16455 2
4002 1
12196 3
4006 2
12202 2
4011 2
4013 2
12206 1
12209 2
12210 2
12211 2
12212 1
4766 1
12214 2
17055 2
12222 2
12223 1
4768 2
4034 2
4037 3
4039 2
12235 0
674 0
12238 3
4050 1
12243 2
4053 1
18425 0
4058 2
12252 2
4063 2
4064 3
12257 0
12258 2
12259 2
12261 1
18139 1
12266 2
12267 0
12268 2
12270 2
12271 0
12272 2
4081 1
12274 0
4085 1
4086 2
12279 2
4092 0
12285 0
4097 0
4098 1
8875 2
4102 3
4103 2
4106 2
15703 1
12300 2
7229 0
12304 0
4113 1
4114 1
4115 0
12309 0
4119 2
12312 0
12314 2
4124 2
17005 1
4126 0
17072 2
12322 2
12324 2
12325 0
12327 2
11612 3
12330 1
12331 2
4140 0
4142 0
6152 3
12342 2
4151 2
12344 2
4153 2
12346 0
12348 1
12353 0
12354 2
4164 0
2048 0
4167 2
12360 1
12364 3
4173 2
12366 2
4176 3
11619 1
2755 0
12375 1
7611 1
4187 3
12380 0
4189 0
12387 2
12390 2
4201 2
4202 1
4204 0
4205 2
12402 1
12405 2
15721 2
12409 0
4218 1
4219 0
4220 2
4221 2
4225 2
12420 2
705 0
12424 2
12426 0
12429 0
12432 2
17091 0
4245 2
2073 2
12440 2
4249 1
11871 2
12446 0
4256 2
4259 2
8902 2
4262 2
12456 1
14364 1
12459 1
4270 0
12464 0
4273 0
12466 1
12470 2
713 0
12474 0
6175 1
714 1
12478 0
4291 0
12484 2
15734 2
12486 2
12487 0
12488 0
4297 0
12492 2
8108 2
12494 2
12495 2
12496 1
12498 2
12500 2
12501 2
4310 0
12503 0
4312 2
4313 2
17056 2
12509 2
4318 2
4319 0
4320 2
17104 0
4322 1
4323 2
6182 0
13009 2
12521 2
4331 1
4332 2
4335 2
4337 2
12530 1
12532 2
18148 0
4342 2
12536 1
12539 2
4353 2
4354 2
14379 3
4359 2
12552 2
4362 0
4363 2
4364 2
4369 2
4371 2
4374 2
12567 1
15748 2
12571 1
4380 2
12573 0
12574 3
12575 0
4384 2
4385 1
12578 0
12579 0
16505 0
4389 2
4390 1
12584 2
12585 0
4829 0
12594 1
12595 2
4404 0
4405 2
12598 1
4407 0
12601 0
13023 2
8603 1
4414 2
16287 0
4422 2
12617 2
12618 1
18487 2
12620 3
12623 0
6200 1
12626 2
13027 0
4436 2
11662 2
4438 3
12632 1
4442 2
12639 0
12643 1
4452 3
7569 2
12648 2
12650 1
8935 2
12654 0
12657 2
13515 1
4471 1
14399 2
12669 2
2112 2
4483 0
4484 1
12678 1
2113 2
12680 0
12684 1
10306 1
12686 2
4495 1
12905 3
11672 2
4498 2
18499 1
4501 0
4505 0
12698 2
4509 1
4511 1
4516 0
423 2
4518 1
12711 2
4520 0
4521 1
4522 1
4523 2
4524 1
12717 1
12720 1
18504 1
12723 0
4532 1
4533 0
12726 0
12727 1
4536 0
12730 1
12731 0
12732 1
12733 1
4544 1
12737 1
12739 2
12741 1
15777 2
12744 0
4553 2
12746 1
13047 0
12748 2
4557 1
12752 0
2267 1
12755 0
2126 0
4566 2
12759 1
4571 0
6577 1
12765 2
4574 3
15781 1
12770 1
17147 0
4581 1
13246 2
12776 2
17065 0
12780 1
12783 1
18515 2
12788 2
12790 0
12792 1
16520 2
12795 0
4605 2
12799 0
4609 1
4610 1
7595 0
4613 0
12808 3
4617 2
12811 2
4620 0
13058 0
4626 2
12820 2
4630 0
12824 3
4633 2
12826 2
12828 0
4639 2
12832 1
4642 0
6235 2
4645 0
4648 1
12841 1
12843 1
4653 0
4654 1
12847 2
4656 1
12849 0
12850 2
4659 2
12852 2
12853 2
12854 0
12856 2
4665 2
10335 2
12861 2
12862 2
4672 2
12865 2
4674 1
4675 1
12868 2
12869 2
4678 1
12871 0
12872 2
12874 1
4683 0
2963 3
4688 1
4690 0
12884 1
4878 0
12888 2
4697 1
4698 2
4705 1
12898 1
3515 1
4709 1
4710 1
4713 0
12906 2
12907 0
4882 1
2152 2
4722 0
4726 1
12919 1
4728 2
4729 2
5613 1
4733 2
4734 2
12929 0
12930 2
12932 1
4741 1
12934 0
4744 1
12937 0
4750 0
18541 0
12944 2
4753 2
4755 1
12951 0
1795 0
12953 2
4762 0
12958 0
12960 2
12961 2
12963 1
4773 2
12966 3
4776 2
4777 1
4779 1
12972 2
4781 1
12980 0
12981 1
4790 1
4792 2
12986 2
4795 3
4796 2
4799 1
12992 0
800 2
12994 1
4803 3
12435 2
4805 1
2243 2
4807 1
4808 1
4809 2
13002 1
4811 3
13004 2
4814 2
4817 2
13010 0
13014 2
13017 1
4826 1
4827 1
13021 0
4830 0
4831 1
13024 2
4833 3
13026 1
4835 1
4836 0
13029 3
4839 0
4840 0
4841 2
4843 2
4844 1
10732 3
4848 1
13041 2
13042 2
13043 2
18558 0
4855 2
4856 1
2269 0
4862 1
7637 2
13056 0
4865 1
4866 0
9139 2
13060 0
2890 3
14369 2
13074 0
13075 2
13076 3
13077 2
2180 2
11845 2
4897 2
4900 0
13093 1
8816 0
17201 1
4907 0
4909 0
4910 0
13106 2
13107 0
4916 2
2185 2
13112 1
13116 0
4926 1
4927 2
4929 0
4930 2
4931 2
4933 0
7649 2
4936 0
13130 2
13131 2
13133 2
4942 0
13135 2
4944 0
13137 2
4948 2
13142 1
13146 0
17210 2
4958 2
13153 2
13154 2
17211 1
13156 0
13157 2
13160 1
4971 2
13164 2
9892 0
17213 0
4980 1
18715 3
4986 2
9023 2
4991 1
4992 1
9024 2
17639 1
4995 1
13188 0
4997 2
13190 3
13191 0
5001 2
13196 0
13198 1
13199 1
13200 0
10392 2
13123 2
13204 2
13206 1
2201 2
13208 2
13209 2
13210 2
13214 1
13215 3
5026 2
13220 2
5030 2
5031 3
13225 2
13226 0
13227 2
5037 2
13230 2
13128 1
5208 1
13237 1
13240 2
3572 1
13244 2
5054 1
5057 3
13250 2
4939 0
2209 0
13256 1
13257 2
13259 2
17229 3
8625 2
13266 1
13267 2
5077 1
13270 3
13271 1
13272 0
1834 0
5082 2
13275 2
13276 2
6309 0
13280 1
13136 2
13282 2
13283 2
13286 3
5095 2
5096 1
13290 1
13291 2
5100 2
13293 1
5102 2
13295 1
13301 2
13304 2
13305 2
9045 2
5121 2
5122 2
5123 2
13316 0
13317 0
13320 2
10412 2
13323 2
5132 2
15874 3
6317 2
13329 2
5138 0
13331 2
13332 2
13334 0
13337 2
2899 2
2224 3
5154 2
5155 0
5156 0
13351 2
13352 0
13353 0
5162 2
13355 2
5164 3
5165 0
5167 1
13360 2
13363 2
13366 0
5179 0
13373 2
13374 2
13375 0
13376 3
5185 0
5186 0
5187 0
5190 2
13383 2
13384 2
5194 2
13387 1
5196 2
13394 0
5203 2
13396 0
13399 2
6720 1
4964 0
5211 2
5212 1
5214 2
13412 0
5222 0
2236 2
17255 0
13421 0
13510 3
5231 2
13427 2
13428 3
5237 0
9065 2
5240 0
5244 0
8358 0
5903 2
13443 1
5255 0
13292 0
13455 3
5265 2
13458 0
5267 0
13460 0
17263 0
5276 2
5277 0
15997 1
274 2
5282 2
5284 0
13477 2
8905 2
14535 1
13484 0
5293 2
5294 2
5297 0
10542 2
5303 0
13496 2
13498 2
13499 1
13503 2
5318 0
13511 2
13512 1
13513 0
5322 2
9079 1
13516 1
5360 1
13518 2
13519 2
13520 2
3619 2
11907 2
15726 1
5336 1
13529 1
5340 2
13535 2
5345 2
5347 2
13542 0
5352 1
892 2
1542 2
13551 2
13552 2
5363 3
13556 0
13557 0
13558 2
13560 0
5371 1
5373 1
5374 1
5376 2
896 0
5379 1
13572 2
13577 1
13578 2
6521 0
13580 2
5389 2
13583 2
13586 0
13587 2
13588 2
11822 0
18649 0
13593 1
11823 1
13596 2
5405 2
5406 0
9093 1
13600 1
13603 0
13605 2
13607 2
13608 2
13610 1
13612 2
10461 2
13616 2
5425 0
2491 0
5431 0
13624 1
13625 0
5436 3
5437 2
13631 2
13632 2
2272 0
17291 2
5444 2
13638 2
5448 0
9100 2
13642 1
13650 3
14563 1
5460 2
13653 0
5463 1
5465 2
13659 1
5469 1
17276 0
13664 0
13666 0
5476 0
2278 2
5478 0
17297 0
8093 3
13673 2
13675 1
13676 0
13677 0
5486 2
5490 1
8627 0
3646 0
5495 3
5496 2
13689 0
5498 2
13691 2
13695 2
13697 2
13699 0
13700 0
13701 3
13702 2
5513 2
5514 0
13707 2
3650 2
13710 2
2285 2
3457 0
13717 2
13718 2
14003 2
13720 2
3652 0
5531 3
5532 1
13727 1
8758 2
17307 2
13732 2
5541 2
5542 2
17097 2
5548 2
13741 2
13742 2
13744 1
5553 2
13747 1
5556 1
17310 1
13750 2
5561 2
13754 2
11850 3
5567 2
18678 0
5574 2
5576 1
13769 0
5579 2
5580 1
5581 2
5583 2
5587 1
13781 1
13782 2
13783 2
5593 0
13790 1
13791 2
13793 0
5602 2
9461 2
5606 0
5608 1
5609 2
5610 2
5612 2
7762 1
5615 3
13808 2
5619 1
13815 0
13817 1
5627 1
5630 2
13827 0
13828 1
5637 1
13830 0
5639 2
9132 2
13834 2
5643 3
13836 2
18690 1
13838 1
13229 2
5650 0
13843 0
5652 0
5654 2
5655 2
5657 1
5663 2
5666 0
5668 2
5670 1
17329 3
13864 2
5673 3
13867 2
13873 2
17331 1
5684 3
5686 2
13879 2
5691 2
13884 2
2099 2
13893 1
5706 0
13899 0
13900 0
952 1
5714 0
7779 2
5720 2
13916 2
13917 2
5727 0
13920 2
12193 0
5731 2
13925 0
13927 1
5736 2
5737 0
13930 1
3687 0
2646 2
18706 2
433 2
14611 1
5749 1
13943 2
2324 2
5758 2
13954 1
5763 2
5765 2
13249 3
13965 0
11885 0
6424 0
5780 1
18196 1
15741 1
5787 0
10522 1
5792 1
5793 1
5795 3
13988 0
93 3
5800 1
13993 2
5803 1
5805 2
14000 2
5809 2
5810 0
5811 2
9161 0
14009 2
14012 1
5822 1
5824 2
5067 2
14022 2
5831 0
17356 2
14028 1
5837 0
14031 0
14036 1
5845 0
14038 2
14042 2
5851 3
8898 1
14050 1
5859 2
5860 2
5861 1
16562 2
14059 1
5868 2
5869 2
14063 1
14065 0
5875 2
5879 2
11223 0
14075 0
5884 0
14084 1
5894 0
5895 2
10562 1
14095 2
5904 2
5907 2
5909 3
14103 1
18746 2
5919 1
14640 0
5922 0
5925 2
5929 1
5930 2
14123 1
14125 2
14126 2
14128 2
14133 2
5943 0
14137 2
14138 1
14139 1
14140 2
14147 2
8991 2
5961 2
6455 1
14156 1
14157 2
10837 2
12763 2
5091 2
14164 2
14168 1
14170 1
10554 2
5982 2
17381 2
5984 1
14177 2
5987 1
14180 1
16017 2
5168 1
14186 2
13287 2
14189 0
14190 2
14191 2
14192 2
4837 2
14199 1
7565 1
14202 3
6011 2
6012 0
6013 2
10560 0
6018 1
14211 0
14212 2
6021 2
6022 2
2369 0
14216 2
14217 2
6026 2
14219 0
14221 0
14222 0
4045 3
7832 3
14226 2
2371 2
14228 0
7566 2
14233 0
6044 3
6045 1
14240 1
14241 2
14246 2
6055 1
6056 2
14249 0
6058 0
14251 0
14252 0
14254 2
14257 1
14258 2
6068 2
3742 2
14262 2
14263 2
14264 2
6073 2
14266 0
17280 1
14825 2
14274 2
14275 1
3745 2
14280 0
14287 1
14289 1
6100 2
14293 0
14294 0
5113 2
6104 2
6107 2
6111 1
14672 1
14306 1
6116 0
6119 1
14314 2
14315 1
14316 2
14317 0
10024 0
14320 2
619 2
14322 2
14323 2
6132 2
6135 2
6136 2
6137 1
6139 0
6140 2
2882 2
14335 2
6146 3
6150 0
14344 0
14345 3
6154 2
6156 0
6158 2
6159 2
6164 2
14357 2
14681 2
14360 1
6169 2
14362 1
6172 0
6174 2
14367 1
6177 1
14371 1
6180 3
14373 1
14374 0
6183 2
14376 2
6187 2
14380 0
7858 2
14382 2
14385 1
14386 2
6196 2
14390 0
14391 0
14392 2
14394 2
6204 2
6206 2
6207 2
6209 2
14402 0
14407 1
13324 2
14412 2
6221 1
17421 1
6227 2
14420 2
6231 2
18211 1
14427 2
16058 0
14433 2
6243 0
14437 2
14439 2
6250 2
6251 2
13330 0
6255 2
14449 2
6260 1
14458 2
6270 2
17429 0
6272 3
10604 3
6282 2
6285 0
18809 2
9741 2
6290 0
16067 2
14488 3
14489 1
14491 1
7025 2
6307 1
14501 0
14503 2
14504 2
6315 0
6316 2
14509 2
14510 2
6319 1
4302 1
6330 2
6331 2
2421 1
2867 1
6338 1
6340 2
14533 2
17441 2
14537 0
2388 2
6348 3
6350 2
14546 0
6356 1
6357 2
6359 2
9759 0
13348 1
6363 2
6367 2
6368 2
14562 1
2427 2
14564 0
14565 1
14566 3
14571 2
14572 0
6381 1
14576 0
6385 2
14578 1
2430 2
6390 2
6393 2
14586 2
6398 3
14591 2
14592 2
8942 1
7894 2
13356 2
10579 2
14604 2
6414 2
6416 3
7896 0
14671 0
6419 2
14616 0
6426 1
17455 0
6428 1
6429 1
11398 2
1210 3
14625 2
14626 1
14631 2
14632 2
14636 2
6446 2
6448 1
2440 2
14642 2
8990 2
6452 1
14647 2
6456 1
14650 1
14651 2
6462 0
14655 3
6465 0
6466 2
6467 2
6468 1
8126 0
6473 2
14666 2
6475 0
14669 2
6479 0
6480 2
14676 0
14679 0
14680 2
6489 0
14682 2
1082 2
6495 0
6497 0
14690 2
6499 2
6500 3
6505 0
6506 2
6507 2
10516 3
9277 0
6513 0
18766 2
6519 2
8946 0
6522 2
6523 2
11674 0
6527 1
5184 3
16857 1
14724 2
14726 1
6535 0
14728 3
14732 2
14737 2
13379 0
6553 0
14748 0
2458 0
14750 2
6560 0
14753 2
6563 3
6566 1
14761 1
6576 2
1096 1
14773 0
18811 1
14779 2
6588 1
14781 0
14782 2
6591 2
5195 2
14791 2
6600 0
14793 1
6603 1
6604 2
14798 2
14800 2
14803 2
14804 2
14805 2
6614 2
14808 2
14809 2
6619 2
6621 2
1857 2
6625 2
7040 0
17133 0
18497 0
6631 2
6632 2
16124 1
14826 2
14951 2
14828 0
6876 2
13395 2
6646 1
6569 3
6648 2
1408 0
14848 1
14850 2
14851 2
6662 2
14860 2
14863 1
14864 2
14865 0
7939 2
14868 2
18165 0
6679 2
14872 2
14873 2
14874 2
14876 2
14877 2
14878 2
14879 2
6690 1
6691 1
6692 2
14886 1
14887 0
6697 2
14890 0
10674 1
6702 1
6703 1
6704 1
6707 1
6708 1
14901 0
14902 2
7945 2
6712 2
18227 2
6714 0
14908 1
14909 1
6719 1
14912 0
14913 2
14914 2
6723 1
6724 2
6725 0
6726 2
6727 2
2487 2
10574 2
6737 1
6740 1
14409 2
6744 1
6750 2
6751 0
6753 0
6754 0
14947 1
14950 2
6759 2
14953 3
12524 1
6768 0
6769 0
6770 2
1129 0
14969 3
14971 0
14972 2
6784 3
6788 1
16150 2
14982 3
6794 2
6795 2
14988 1
6798 1
14991 2
14992 0
6801 1
14787 0
14996 2
6806 0
6809 0
6810 1
13423 0
15004 2
6818 2
6819 3
17685 2
16594 2
15017 1
6829 1
6831 0
14792 2
16714 0
6839 3
6841 2
15034 2
6845 0
15039 2
6849 0
15042 2
6851 1
15044 1
6853 0
6859 1
6860 1
15053 2
15054 2
15055 2
6865 0
6868 1
6869 1
15062 1
6871 0
15064 0
15067 2
1973 0
1146 3
15070 2
6879 2
15072 0
6881 2
15074 0
6883 3
6886 2
6887 1
6890 1
7975 2
15084 3
15085 2
6895 0
6898 1
6899 1
15093 3
15094 2
6905 1
15099 1
15102 1
15103 1
6912 2
15105 1
6914 2
6915 1
15109 1
15112 1
6922 1
6923 0
15116 2
1154 2
15119 0
4465 0
6616 1
15123 1
15124 3
15126 1
6617 2
6936 1
15129 1
6939 2
15132 1
15134 1
15135 2
15136 1
6946 2
15140 0
15142 0
15143 2
15144 0
15145 0
6956 0
15149 0
15151 3
6961 1
15156 3
6965 2
2283 2
6967 2
15160 1
6971 1
15165 0
4051 1
15167 2
15170 1
15172 2
6982 0
15175 1
9982 1
15184 0
6993 2
6994 1
15190 0
15192 0
15193 1
15194 2
15195 2
7004 2
7005 2
7006 2
7848 2
7008 2
7009 2
10599 0
15204 2
14122 3
7015 2
7016 2
7020 2
9781 1
7022 3
15215 0
7024 2
15217 2
7026 0
15220 2
7031 1
15237 2
15225 1
7038 0
13055 1
15232 1
15233 2
15234 3
7043 2
7045 2
15241 2
17559 2
7052 1
15245 2
15246 0
7056 2
15249 2
15252 1
7061 2
7062 0
7064 2
7065 3
15259 0
15260 2
15261 2
7070 2
15264 2
15266 1
7076 1
15270 0
15276 2
7085 0
7086 0
15279 2
15283 0
15284 1
17505 0
7097 2
15290 2
15292 1
10741 1
7105 1
15298 1
7108 1
7109 0
7110 2
15303 2
15307 2
7116 1
1186 0
7118 1
7120 2
7121 2
7123 2
15316 1
15318 2
2553 1
7129 2
7130 0
7133 2
5285 2
7136 0
15329 2
7139 0
7141 0
11149 0
7147 0
7157 2
7160 3
15355 2
5290 3
7166 3
7169 1
15362 2
7172 0
1196 2
15371 2
15373 3
15374 0
15375 1
10332 1
15377 2
15378 0
2563 2
7188 2
15381 2
15389 2
7203 2
7205 1
7206 2
13489 0
6540 0
15403 1
15405 2
7214 2
7215 2
7216 2
15409 2
15413 2
7222 0
15417 2
7226 0
7227 2
15421 0
7230 2
17589 0
15424 0
15428 2
15429 2
7606 0
7241 1
7243 2
7244 0
7246 2
5424 0
2885 2
15443 0
7254 1
15448 2
6671 3
7260 2
9402 2
7264 2
15457 2
15461 0
15463 0
12135 0
17973 2
15471 1
15473 0
7282 2
15479 0
15482 1
15486 2
15488 3
15495 1
15497 0
7306 2
15499 2
15500 2
9410 2
15503 2
15505 0
15506 1
15509 1
15510 2
15513 0
15514 0
18024 3
15517 1
15521 2
15522 1
7332 2
15525 2
15527 1
15530 0
15531 0
5858 2
15537 0
5247 2
7349 2
15543 1
6687 2
15550 0
15552 1
7363 0
15556 1
15558 1
7367 2
15565 1
7374 3
15567 1
12152 1
7379 2
14884 2
7386 1
15579 2
15580 2
7796 3
15582 0
15584 2
15585 1
7394 2
7395 1
15589 2
15590 1
1233 1
15594 3
7405 2
7407 2
15600 2
15602 2
1235 2
7413 1
15606 2
17620 0
15610 0
6698 1
9429 1
15616 0
7425 3
8212 0
15621 2
7434 2
15627 1
15628 3
15629 1
6701 1
15633 0
15634 0
15635 1
7444 0
15638 2
7447 2
7448 2
15641 0
7450 2
15644 1
15645 3
16261 1
15649 3
15650 0
7459 2
7460 2
7461 1
15654 2
2609 0
13532 0
15658 2
12167 1
8432 1
7472 3
7475 0
15669 1
15670 3
7481 1
15676 0
12170 2
7887 0
6709 0
8109 2
7489 2
7491 2
15684 0
7495 0
15688 0
7497 2
3214 1
15693 0
14904 2
7506 2
1251 1
15701 0
7510 0
10809 1
15704 0
7513 2
15706 1
15707 1
7516 2
15711 2
15713 2
15714 1
15717 0
15719 1
7529 2
15723 0
7532 2
15725 0
7534 2
7535 0
15728 1
7537 2
7538 3
7542 2
7544 2
16618 2
7549 2
10816 0
7555 0
7556 0
15231 0
7558 0
15753 0
15754 0
15755 0
15756 1
6722 2
15758 2
7567 2
15761 2
15762 2
2627 2
15764 0
15765 2
14916 0
15770 2
7580 2
7581 0
7583 3
15776 2
7585 2
7589 0
15782 1
17649 1
7593 2
15786 0
2631 1
15788 1
1266 0
7599 2
15793 0
8982 0
15798 1
17652 1
15803 0
15805 2
7615 2
7618 0
5366 0
7622 0
15815 1
15818 2
7627 0
15824 2
15825 0
15827 3
15829 0
7638 1
7639 2
7642 2
2639 0
8438 2
7651 2
15845 2
14882 2
7657 2
15850 2
15852 2
7661 0
7662 0
13565 2
15857 0
15858 0
1278 0
8398 1
7676 0
7677 3
15871 1
7682 2
15877 0
15878 2
13569 2
7689 2
15883 0
9474 1
7695 2
14936 0
7699 2
15892 1
15894 1
15895 0
15898 2
15899 1
15900 2
17669 2
15904 2
7713 1
14945 1
7715 0
1287 1
15919 0
15921 2
15923 1
15924 1
15925 2
15927 0
4020 1
7739 0
7740 0
7742 1
4021 1
15936 2
7747 2
7748 2
4022 0
7751 2
7753 3
7754 1
13581 0
15954 1
7766 1
15959 1
15962 0
15963 2
15966 2
15967 0
7778 0
12219 1
7780 0
15973 2
7783 0
7785 0
15978 3
15979 1
7789 2
15982 2
15983 2
15984 0
7795 0
15988 1
15989 2
15991 0
15992 0
17684 2
7802 0
1252 1
7805 2
15999 1
16000 2
16002 2
7811 0
16005 1
4033 2
7817 1
16010 0
7819 3
7820 2
16013 0
16015 1
17688 0
16018 1
16020 1
16021 0
7831 1
16082 2
16025 1
7838 2
7839 2
16032 1
16033 3
16034 2
16035 3
16036 1
16037 1
16040 2
1308 3
16045 3
16047 3
16049 1
16050 3
16053 1
16054 1
7863 1
7865 2
7866 2
17695 2
16060 2
16061 1
16063 1
16064 2
16065 0
16066 1
7875 1
16068 2
16073 1
14967 0
7884 2
16078 1
16079 2
7963 2
16081 2
7890 2
4046 1
16086 0
16088 1
7897 2
16090 1
16091 2
7900 2
7901 0
7906 2
18056 0
7912 0
5415 0
16108 2
7917 2
16110 2
16112 0
16113 2
16114 2
16115 2
16116 1
16117 2
7927 1
16120 1
7932 2
7934 2
7935 2
871 0
16129 1
17707 2
16132 0
8150 0
16134 0
16135 2
16137 1
7946 3
7947 2
16141 1
16142 1
16143 2
16145 0
16147 3
16148 2
7958 2
7962 0
5423 0
12813 2
13801 0
7966 1
14981 1
16161 2
16167 0
16170 1
7979 2
7982 1
16176 0
7986 2
1331 1
16180 0
16182 1
16183 2
16184 2
16185 1
266 2
7996 2
7998 3
7999 2
14987 3
16196 1
8009 2
16202 0
16203 0
15438 0
8014 2
16207 0
15068 2
13474 0
16210 3
16211 2
8020 2
14990 2
16214 2
16220 2
16223 2
16226 0
17723 1
7087 1
16234 2
16238 3
13629 1
16241 0
16243 1
16252 1
8170 2
16255 0
8064 1
10907 1
8069 2
16263 2
16265 1
16266 2
8075 2
8079 0
16277 2
16278 2
16279 0
16282 1
4079 0
2714 0
8095 3
16288 1
8098 1
16291 2
16292 0
8101 1
16294 3
6812 1
16300 3
16301 1
8110 2
16304 2
8999 0
16307 0
1353 0
16314 0
9383 0
17738 0
3271 2
16321 0
1355 1
16324 0
16325 0
10913 3
4087 0
8142 3
8143 0
16337 2
15011 0
8149 2
16342 2
16345 1
8154 3
1359 1
8156 1
8162 0
16355 1
16357 0
8166 2
16361 2
16362 2
16365 1
4093 1
16372 1
16373 1
8182 2
16376 2
16379 2
16380 0
16381 1
16382 1
17749 1
