16384 0
16386 2
16388 2
16393 2
16394 1
8203 0
16396 1
16397 1
16399 2
3001 2
8210 0
4099 2
16404 3
6830 2
8214 1
8216 0
8219 2
16412 0
16414 2
16415 2
32 0
16417 0
16418 0
8227 2
16422 2
8231 2
16424 1
41 0
4093 1
16429 2
16430 2
5469 1
16433 2
10802 0
16436 1
16437 1
16439 1
8250 1
17759 1
16445 2
62 2
16449 2
66 1
68 2
69 1
16454 3
16455 2
16456 2
73 2
74 0
16460 2
16464 1
16465 1
16466 1
18279 1
8276 1
85 0
16470 1
8279 2
88 2
8283 1
16477 2
5477 0
8289 2
16484 1
8293 1
8295 2
1383 2
16492 0
16494 0
16495 1
8304 0
12006 0
116 3
8309 2
118 1
120 3
8212 0
15039 2
8317 1
126 2
10039 2
128 1
16513 1
5187 0
13675 1
16516 1
133 2
16519 0
16520 2
16521 0
8330 2
8331 2
16524 1
15042 2
16528 1
8338 2
15043 2
148 1
150 2
151 1
8344 1
153 1
8346 1
9583 2
16540 2
157 0
15045 2
16544 3
16545 2
162 2
8356 3
8357 0
8358 0
12788 2
169 1
8363 1
173 2
1965 2
8368 1
177 1
8371 2
180 3
183 2
185 2
187 1
16572 3
8383 2
192 2
8385 0
195 2
16581 1
16583 2
200 0
201 1
202 2
203 0
8396 0
8397 2
206 3
208 2
209 2
16594 2
212 0
18714 1
214 0
8407 2
16600 1
16374 0
218 3
6863 0
220 2
16605 2
8415 1
224 2
8418 2
16611 0
16612 1
16613 2
16614 0
16616 1
233 2
9555 1
13374 2
237 2
8430 2
9597 2
8432 1
16625 0
8435 3
244 3
8437 3
8438 2
16631 0
249 2
8442 2
1407 2
12330 1
16638 0
13696 2
16644 2
261 2
16646 1
16647 0
12332 2
16650 0
8460 2
8461 3
271 2
1100 0
16658 0
276 3
8470 1
16663 2
280 3
8473 2
16666 1
283 3
285 1
16670 0
287 2
289 2
8483 0
292 0
8485 2
8486 2
8241 2
8488 2
297 2
16683 2
303 2
8496 2
16689 1
308 2
16693 1
13705 0
52 1
8506 1
15071 0
16701 2
8510 2
319 2
16706 1
16707 0
324 1
8517 1
16713 0
16716 0
333 0
334 3
16719 2
16721 1
8531 1
16724 2
342 2
16728 1
18015 2
8539 1
16732 1
16733 2
350 0
8543 3
8544 3
18593 2
354 2
8548 2
8549 0
358 1
359 3
8553 2
18715 3
16748 0
17810 1
61 1
16752 2
16753 2
371 0
8564 2
8565 3
374 2
16759 1
16761 1
16762 0
16765 2
383 0
384 1
387 0
5526 0
16774 1
16775 1
15084 3
394 2
16380 0
16784 2
401 2
8594 1
15086 2
408 0
16452 1
410 2
8603 1
8604 2
8608 1
8609 2
419 0
420 1
8613 2
16806 1
423 2
8616 2
426 1
427 2
16813 1
16814 2
16817 1
16818 0
437 2
8630 2
440 1
10996 1
442 1
443 0
444 2
16829 1
446 2
16833 2
8644 2
454 2
455 1
16841 2
8650 1
8651 0
461 2
8654 0
4173 2
464 2
16851 2
16852 1
16854 2
16855 1
16856 2
8665 2
8666 2
475 1
8669 2
8671 3
8272 2
482 1
8675 2
16868 2
9638 3
488 2
16874 0
8686 3
8687 2
8688 2
16884 1
6910 2
16886 2
16888 1
6911 1
508 0
8701 1
16469 1
16896 1
16897 2
16900 2
517 0
16902 2
15105 1
16261 1
8713 1
8715 0
524 2
16909 1
8718 2
17837 1
8720 1
529 2
16915 1
8725 1
534 2
10394 0
538 0
16923 2
8732 1
16926 2
543 2
16928 2
16929 2
547 1
548 1
551 1
8744 2
291 1
8746 2
555 2
8748 3
18022 1
558 1
8751 2
2824 2
562 3
563 2
16948 0
565 1
8758 2
567 2
8761 1
16955 0
15114 2
574 0
16959 2
12567 1
8769 1
8771 3
16966 2
583 1
588 1
8781 3
591 1
16976 1
16977 0
16978 2
595 1
16980 2
4267 1
9657 0
8794 1
8796 0
16989 1
16990 2
16991 3
8800 1
16993 2
8802 1
8803 0
8804 1
8805 2
8806 0
615 3
616 3
617 0
618 1
8811 1
8812 2
8813 1
8814 2
623 2
4200 3
8818 1
8477 0
17854 0
17014 1
12393 1
632 0
633 2
4931 2
5567 2
636 2
17022 0
17024 2
641 0
8834 2
8835 1
17028 0
8837 0
17031 2
7642 2
8841 2
650 1
651 0
17036 2
654 0
9569 2
17041 1
658 0
660 2
8302 2
17046 1
8855 1
664 0
17049 1
8858 2
17051 1
17052 2
669 2
8862 2
8863 3
672 0
673 2
674 0
1150 2
8868 2
17061 2
6842 3
8872 2
17066 2
17067 1
685 1
17072 2
8881 2
17074 1
4211 3
8884 2
17077 3
17079 2
18442 1
17081 0
699 3
700 2
17085 0
702 1
296 0
1660 1
706 2
17091 0
17093 1
17094 1
712 2
17097 2
17099 2
716 1
719 3
8312 1
8914 2
15139 2
8916 2
8917 1
17110 0
8921 2
730 2
17115 2
17116 1
733 1
17119 0
17121 2
738 2
741 2
742 0
8935 2
744 2
8938 2
17131 1
748 2
749 0
17134 1
16509 1
752 3
17140 0
758 2
15145 0
761 3
2753 2
17147 0
764 2
17151 2
17152 1
17153 0
17154 0
8963 2
17156 2
773 2
774 1
12417 2
17164 1
17167 2
17168 2
8978 1
787 2
790 2
791 1
8984 1
132 2
8986 2
2863 0
8988 3
17182 1
8991 2
8992 3
801 2
802 1
8995 2
17188 2
8997 0
17190 1
17191 0
808 2
2209 0
17194 2
17196 1
18227 2
816 0
4232 3
17203 2
820 2
17205 1
18558 0
1151 1
9018 2
17211 1
3028 2
16522 1
15157 2
5340 2
17217 2
17218 1
139 3
17220 1
9029 0
17224 3
17225 0
17227 1
844 2
2483 1
9038 2
17231 0
17233 2
850 1
852 2
17237 2
9046 1
5352 1
856 0
17241 1
858 1
859 2
9052 1
861 2
862 0
17248 1
9057 1
9058 3
17251 1
17252 2
17255 0
17256 2
873 1
9067 2
17260 2
17262 0
17263 0
17265 2
882 0
8339 0
17268 1
885 1
17952 2
888 2
9081 2
9082 2
17275 0
892 2
894 2
17279 0
17280 1
17282 3
9092 0
9093 1
17286 1
9095 2
9098 2
9099 0
17292 1
11074 2
910 1
911 2
912 3
17300 1
9110 2
9111 2
9112 2
17308 2
16538 0
926 3
17311 2
14761 1
930 0
931 3
17316 2
9125 2
934 0
9127 2
5293 2
8348 2
18224 0
17324 2
17325 1
9134 0
17327 1
9136 2
5619 1
4254 3
9142 0
17336 2
17338 1
17339 1
17342 2
961 1
963 0
964 3
9157 3
4257 2
1396 2
16546 0
17358 1
13782 2
17360 2
17362 2
12451 1
9173 2
17366 0
17367 1
9176 2
17376 0
9186 2
17381 2
263 2
17388 2
16673 1
17391 0
11662 2
1010 1
17395 2
17396 2
1013 2
15769 2
4265 3
9209 1
17402 1
9211 2
9212 1
9214 3
9216 0
17409 1
9218 2
12459 1
1028 1
9223 1
9224 1
17417 1
1034 2
1035 2
17792 0
17421 1
9230 0
16557 2
9232 2
11096 2
17426 2
18174 2
17432 2
12310 2
16559 0
1052 0
13674 0
17440 2
9250 2
9252 2
5218 0
1063 2
9257 0
17450 1
17452 0
9262 2
1071 1
9264 1
9265 1
854 0
9269 2
9270 2
9271 0
9274 2
2911 2
11220 1
17469 0
17472 0
4808 1
17474 2
17477 1
9286 0
9287 0
17480 2
9292 1
8220 0
17487 2
17488 2
9297 0
1106 0
1107 1
1109 3
17494 2
17495 1
9304 2
9307 2
9308 1
4282 0
17502 3
1119 2
9312 2
5648 1
17506 2
1123 0
17509 2
17512 1
17513 2
9322 1
9323 0
17516 2
17517 1
17519 2
17520 1
17521 2
1138 2
14768 0
17524 2
17525 1
17527 0
8767 0
17532 2
17533 3
17534 2
9343 2
1152 0
17537 0
17538 1
2923 1
9349 2
9350 2
17544 2
15212 3
1163 2
17549 1
1166 2
17551 2
17553 2
17554 2
8387 1
17556 2
1173 2
1174 2
17559 2
9368 2
17561 2
17563 2
1181 3
17567 3
17568 0
17569 2
17570 2
1187 2
7025 2
9384 3
17577 1
9386 2
17579 3
1196 2
9389 0
9390 1
9392 0
17586 2
9397 2
9398 1
9402 2
9403 1
1212 3
9405 2
9407 0
1217 2
1218 2
4299 3
17606 1
9415 1
17609 1
9418 1
1227 0
17612 2
9421 2
12316 2
9425 1
9426 2
9427 2
9428 2
12494 2
17623 1
1242 3
17631 0
17632 1
1250 0
9443 2
18867 0
17639 1
17640 1
17641 1
17642 1
9452 2
8402 2
9455 1
1264 3
17649 1
17650 1
9461 2
1270 0
17655 3
9465 1
17659 2
17660 2
17962 1
9470 2
17663 1
17664 0
17666 2
1283 2
1284 1
9477 2
9478 2
1287 1
9481 2
1290 1
1292 2
2946 2
9486 3
1581 1
17680 0
9491 0
9492 2
9493 1
17686 2
1303 1
1304 2
17689 2
17690 1
5499 2
17693 3
17695 2
17696 1
1313 3
17699 2
11142 1
17703 2
1321 2
1322 2
1323 0
1324 2
9517 3
17710 2
8413 2
1328 0
11520 0
17715 0
17719 1
17721 2
1338 1
9531 2
17724 0
1341 2
17726 2
1343 2
9536 0
17729 1
9539 0
4682 2
1351 2
17736 0
17737 2
1354 1
1355 1
17741 2
17285 0
17744 1
12515 3
1364 3
9557 1
9558 1
228 2
17755 0
17756 0
17757 1
9566 0
1375 2
1377 2
1378 3
9787 3
1380 0
1381 2
17767 1
17768 2
9578 1
5301 0
7058 3
17774 1
1391 0
8424 2
17780 1
9589 1
9590 2
17849 2
9592 1
1401 2
9595 2
17789 1
17787 3
865 1
1408 0
9601 2
9604 2
1414 2
1415 2
1416 3
1417 1
17802 1
9611 2
11504 3
1422 2
4333 2
1425 2
9618 0
17987 0
1957 0
9626 2
4335 2
1436 1
1439 2
1440 2
16624 2
1442 2
1444 2
9637 1
1446 2
9639 2
9640 2
8775 0
17835 2
12313 2
9645 2
1454 2
15261 2
9648 2
17841 1
9650 2
16961 3
9655 0
1465 2
1466 2
17851 1
17852 2
9661 1
9662 2
17855 2
16143 2
1476 1
9669 2
9670 0
9671 1
9673 1
1482 1
9675 1
9676 2
9678 3
9805 0
1488 1
9683 0
16633 0
1496 1
9689 0
9690 2
14780 2
9693 1
9694 0
17887 2
17889 0
17893 0
17895 0
17896 1
9706 1
17899 0
9708 2
9709 2
11176 1
3447 2
1524 1
254 0
17236 3
8507 2
9722 2
17917 1
9726 2
9727 0
5302 0
1538 2
17924 0
1622 2
9735 0
1545 2
9739 2
1548 2
17850 1
17934 2
1551 2
17936 0
1553 1
1554 2
9599 0
1561 2
9754 2
15279 2
17948 2
17949 2
1567 2
1568 3
7690 2
9764 0
9765 0
14237 0
13916 2
9770 1
9771 1
9773 2
1583 2
12055 2
17969 0
2995 2
1589 3
9784 2
17977 2
1594 1
17979 2
1596 2
1597 1
9791 2
9792 2
17985 2
17986 0
1603 2
17989 1
1608 1
9801 2
1610 1
17996 1
1634 2
1616 0
9810 2
9811 0
3775 2
9814 0
11193 0
18008 1
9817 2
1630 1
1631 1
12560 1
9826 2
18020 0
9829 2
1638 0
1639 2
18027 2
18028 1
9840 0
13928 1
9845 1
18039 1
2510 0
12603 3
7103 2
9852 0
1661 1
1662 2
1663 2
18048 2
1666 2
1667 1
18052 0
1671 1
18056 0
18057 2
1674 2
279 0
1676 1
18062 2
13933 0
18066 1
1684 3
1685 2
1686 2
1691 2
18076 0
8474 3
9886 0
1695 2
18032 0
18082 0
18083 1
9892 0
1701 2
1702 2
1703 1
18088 2
9899 1
1709 0
9903 1
4210 3
9907 2
1716 1
1717 2
9910 0
9911 2
1721 2
1722 0
16671 1
18109 2
1726 2
18037 1
9920 0
9921 3
18114 2
1732 2
9925 2
1734 1
4385 1
15879 0
15308 1
18123 2
18126 0
1746 2
1747 0
1748 0
18133 2
18134 2
18135 2
8484 3
1758 3
293 0
1763 0
18150 2
1767 2
1768 1
1769 2
18154 1
1771 1
18156 1
18157 2
11579 2
18159 2
9969 2
18164 1
9854 1
1782 1
18167 1
1784 1
1785 2
14405 1
6122 2
1788 2
1789 2
1790 2
299 1
18181 1
17688 0
18185 0
9995 2
1804 1
9999 2
10000 0
1809 2
10002 3
10005 3
7129 2
18200 2
18201 1
18202 1
18203 2
18204 2
3034 2
18207 2
10016 1
1826 2
10019 3
1828 2
18214 2
18216 2
7132 0
18218 2
13959 1
1836 1
18221 2
10030 2
1839 2
10032 1
18225 2
10034 1
10035 2
10036 2
1845 0
18230 0
1673 2
18232 2
18233 2
18234 2
10043 1
1852 1
10045 1
10046 2
10047 1
6177 1
9867 0
10053 1
18246 2
10055 2
10056 2
9868 1
18250 2
18252 1
1869 0
1872 0
10066 3
2631 1
16697 2
18264 1
11236 1
18269 2
13429 1
1888 2
18273 2
13565 2
18275 1
18276 0
3013 1
10087 3
10088 1
10089 2
18282 1
11239 2
18284 1
16543 2
18286 2
10095 2
1905 0
18290 0
10099 2
18292 0
18294 1
3049 2
10702 2
10105 0
10106 2
10619 0
10108 1
18301 2
1918 2
1920 2
10113 2
1924 2
18070 0
18310 3
1927 3
18312 1
10123 2
1932 0
18319 0
10129 2
1939 1
18324 2
1942 0
1944 0
10138 3
1947 1
10141 0
10142 2
16709 1
18337 0
10149 1
65 1
10151 3
18344 2
1961 2
10154 0
18348 1
18349 1
13981 3
1971 2
10164 2
18357 2
18358 3
884 1
1978 0
18363 1
18365 1
18366 2
1983 2
18368 2
10177 2
1992 2
332 2
1994 0
18379 1
10189 1
18383 2
18384 2
18385 1
13987 2
10196 1
2005 1
18390 0
2008 2
1700 2
18394 2
18397 1
10207 2
18401 1
10342 2
7163 2
18404 2
10213 2
9895 2
8426 2
18414 3
6942 1
10226 1
18420 2
10229 1
8524 2
4436 2
18426 1
2043 1
18428 2
2047 2
2048 0
18434 3
10244 3
13107 0
18443 2
2061 3
18446 2
10260 1
2072 2
2073 2
18095 0
10268 1
10269 0
18462 3
10271 0
10272 2
6713 0
18466 0
2083 2
2086 0
2087 2
10280 2
3070 2
10282 2
10283 2
2092 2
10286 1
10288 1
2097 3
18483 2
2101 1
2102 2
18487 2
18100 1
10299 2
10301 2
2113 2
10306 1
18499 1
2116 2
10311 2
2121 0
10316 2
10317 1
10319 3
2128 1
2129 1
10322 0
4451 3
18516 2
10325 1
2134 2
10328 2
10329 1
2138 2
7183 0
9961 0
357 0
2144 2
10337 2
10339 1
18534 2
18539 2
15893 0
18541 0
2158 1
10351 2
2254 2
10355 1
2164 2
18110 1
2166 1
4457 2
10363 0
2173 1
10366 2
2176 2
2177 1
2180 2
10373 2
2183 2
2185 2
18571 1
2189 0
18574 2
10386 1
18579 2
12654 0
10391 1
18584 1
2201 2
18586 2
18587 3
10398 1
10401 2
18594 2
10404 2
18597 3
18598 2
10410 2
9927 2
18604 2
12349 1
2222 2
2223 2
18609 0
16755 2
10421 2
18614 2
18615 1
2234 2
10427 1
18620 2
1711 2
10430 0
2243 2
18628 2
18629 2
18630 0
15393 2
2248 2
10441 2
2251 2
16939 1
18638 0
2256 0
4472 2
2258 2
2262 0
15351 1
13871 1
18649 0
10458 1
18651 1
2268 2
10461 2
3076 2
10463 2
10464 1
2275 2
2276 0
2278 2
18665 2
18666 2
10475 1
18669 1
15079 3
7208 2
10483 0
18678 0
10488 2
2297 2
18682 1
18683 1
18685 0
18686 1
1749 0
2304 0
10498 2
18692 2
1750 1
10502 2
2311 0
2312 2
18697 1
18700 2
18701 2
10510 0
10511 0
18704 1
18706 2
10515 0
10516 3
10517 1
18710 2
670 2
18713 1
10522 1
10523 2
18619 2
2333 2
18723 1
18725 1
18627 0
10535 2
10537 2
17536 2
12679 2
18732 2
10541 2
10542 2
18736 1
10545 1
2355 2
2356 2
18142 1
2358 1
10551 2
18746 2
2364 2
15413 2
2368 1
18754 2
10565 2
18759 1
18760 3
2377 0
614 2
2380 1
10573 1
10575 1
2385 2
2386 2
18771 2
18772 1
10582 1
10583 2
2395 0
10588 3
10589 2
2398 1
2399 1
10594 2
3131 0
17581 1
15728 1
18790 0
10599 0
18792 2
10602 2
2412 0
16786 1
10606 1
10607 1
10609 0
10610 0
10611 0
18804 2
18806 2
18807 2
2424 3
2426 1
3135 2
18812 2
10621 2
2430 2
18815 2
10624 0
18817 2
2434 2
18819 0
2436 0
18821 2
11329 2
2440 2
2441 2
10634 1
2443 0
10636 1
12073 1
1773 1
10640 3
18085 1
2450 2
2451 2
2452 2
18158 0
16793 3
10648 2
18841 2
10650 2
9967 1
10652 1
8602 1
2463 3
10660 2
18853 2
876 3
2472 2
15358 2
18859 1
10448 3
1653 2
10670 1
10672 2
9891 3
2484 0
10678 2
2487 2
14068 0
2490 2
2491 0
18632 2
17541 1
416 0
2498 2
2500 2
18166 0
2503 0
6630 3
10698 2
2908 0
10700 2
10701 2
15632 2
2512 0
10706 1
8611 2
2516 2
10709 2
10711 2
2520 2
8612 0
10714 1
16178 1
10716 1
2525 1
16743 2
2528 0
2529 0
2531 1
2532 0
16741 2
2534 1
2535 2
12448 1
2539 2
3154 3
10734 1
9981 2
2544 0
2545 3
2546 2
9982 1
2551 0
2553 1
2555 1
2556 1
10749 1
2558 1
10753 2
10754 2
8619 3
2565 0
2569 2
2571 1
8621 0
10771 1
2580 2
10773 1
10774 1
10776 1
10777 1
2586 1
4527 1
10780 0
2589 0
2591 0
10784 0
10786 2
1723 1
18839 2
2600 2
10793 0
434 1
10800 0
1800 0
2610 3
2611 1
10001 0
2615 2
4997 2
10809 1
5898 0
2622 1
10815 2
2627 2
2628 1
438 0
10822 1
7265 1
10825 0
10827 0
10831 2
2640 2
2642 0
13727 1
2646 2
2648 3
10841 3
5903 2
12730 1
2654 2
2655 2
2657 0
2658 2
12731 0
10852 2
10853 2
10854 0
10855 1
4540 1
9636 2
907 1
18194 3
4541 0
2672 2
10865 1
14131 1
2677 2
2678 3
10871 2
10873 0
10878 2
10879 2
10881 2
9364 2
17002 1
10895 1
2705 0
10901 2
2710 3
10905 2
10906 2
2715 2
1727 0
10911 2
10913 3
2722 1
1819 0
10916 2
10917 1
2730 1
18640 1
10925 1
8747 2
2735 1
2739 2
2741 2
2742 2
4553 2
10457 1
10941 0
2750 1
2751 0
2752 0
10945 2
16843 3
16534 0
2758 2
2761 1
2762 2
11383 1
2764 3
17550 2
2769 0
1827 2
2776 0
10020 3
2778 2
16847 0
10973 2
6912 2
2791 2
2793 0
2794 3
5927 3
10990 0
10991 1
2801 2
2802 2
2803 2
2804 2
10998 0
2807 3
3094 2
11003 0
11004 2
11005 1
7711 0
11012 2
11015 2
11016 0
2825 2
10548 1
2833 0
2834 1
2835 2
2839 2
2840 0
10031 2
2845 1
11038 2
1219 0
1840 2
11042 2
2851 1
11045 2
2854 1
1841 2
2856 2
2859 1
11053 2
12765 2
11056 0
11058 2
11059 0
11065 2
15498 0
2880 2
2882 2
2883 0
2884 0
2885 2
11078 2
11079 2
11081 1
11082 2
2891 2
2893 0
11086 1
11089 2
2898 2
483 2
2901 0
10041 2
2904 1
11097 1
11100 0
2909 1
11103 0
2914 1
2917 0
11111 3
10044 1
2922 1
11115 2
2925 2
2928 1
11122 0
2931 2
11126 1
11128 2
11129 2
916 0
11132 2
4586 1
11135 0
2944 2
10048 2
11138 2
11140 1
11141 0
2950 2
2951 2
11145 2
2954 2
16550 1
2959 2
2960 0
2962 0
2967 2
2968 2
2972 2
2975 1
14150 1
2983 2
2984 2
18247 2
2988 0
2991 2
2992 2
5960 3
11187 0
3373 3
2998 0
10440 2
3000 2
500 2
11194 2
3231 1
501 1
11200 1
3232 0
3010 3
3012 2
502 2
3014 0
16740 0
1737 1
3101 0
15649 3
11214 2
11215 1
504 3
11218 1
2475 1
11221 2
3030 1
3031 1
11225 0
11226 2
11429 0
3040 2
3042 2
12795 0
3044 2
3047 0
3048 3
11241 3
9376 0
3052 1
11245 3
509 3
5830 2
3058 1
17287 1
11433 2
11259 2
11434 2
11262 2
3071 1
3072 0
3074 1
4112 0
11268 2
3079 2
9377 2
11274 2
10741 1
11278 1
11281 2
11286 2
3099 0
3100 0
11293 2
3102 2
3104 0
3105 1
4195 1
11300 2
3109 0
3110 2
11307 2
3250 2
3119 2
11312 2
11313 1
11315 0
11444 2
11323 2
3132 1
3134 0
15541 2
10080 2
523 0
3141 2
11334 2
11335 2
11336 2
11338 2
11341 1
11343 2
11344 2
11346 2
10083 2
11349 0
11350 1
11351 0
12787 2
3162 1
11355 3
621 2
3258 2
3167 1
528 2
11364 1
3179 2
3182 3
3188 2
3191 2
11384 2
3195 2
3198 0
3199 3
11392 0
11393 2
11397 2
11398 2
3207 2
3209 2
11478 3
11406 3
3215 2
11408 2
12824 3
11411 2
10864 2
11414 1
3225 2
3226 2
11421 2
3230 1
11423 0
11424 3
11425 2
11428 3
3237 1
11430 0
11431 2
9606 1
3242 3
11463 1
3249 1
10201 1
7151 0
3252 3
3253 1
17100 0
3255 1
6004 0
11450 2
16927 1
11453 2
3262 1
3263 2
11457 2
11458 2
3275 1
3268 2
11461 1
3270 1
545 2
11464 2
11467 1
3277 0
11471 2
3280 2
8739 3
15566 0
3286 1
3288 2
3291 2
11484 1
18298 2
11487 0
11488 1
240 1
11492 2
3305 1
16935 2
11500 0
11502 2
3312 0
3313 2
11506 1
3315 2
11510 2
16937 2
3320 2
3323 2
12842 2
3327 0
3328 1
3329 0
3330 1
12843 1
3333 1
1921 2
11528 1
11532 2
3341 0
3345 2
3347 0
11540 2
3352 1
3354 2
9659 1
3358 0
3359 3
11553 2
11554 1
3363 1
3365 2
17090 3
3369 2
16946 2
3374 1
11570 3
3380 1
3381 1
14217 2
8756 2
3386 3
3387 1
11584 3
3393 1
11586 0
3395 1
12850 2
3397 0
11590 0
3400 0
1477 1
6071 2
3410 2
3411 0
3412 2
3414 0
3415 1
3419 2
11613 1
3422 1
3424 3
13753 1
11619 1
11620 1
3430 3
3431 1
3434 1
3435 3
11629 0
573 1
3440 1
11633 0
11635 0
3444 2
3446 2
11639 1
11640 2
3449 2
575 1
11644 1
11652 2
11654 0
3463 2
11658 0
11659 2
3468 0
3470 1
11663 0
3472 2
11665 3
11666 2
11668 2
3478 2
3479 2
3480 2
14846 1
11674 0
3483 1
3485 1
3487 0
15600 2
3490 2
10139 2
3492 0
3493 3
3495 2
3499 0
3501 1
3503 2
3504 2
12433 2
18334 1
11703 1
3515 1
11709 1
7413 1
3521 2
3523 2
11716 1
11717 2
8780 1
18121 1
3531 0
11724 2
11512 2
11731 2
11733 3
11738 1
3548 3
11741 1
11742 0
14245 1
11744 2
11745 2
2846 2
11747 2
3557 2
3901 0
1959 2
3564 3
8786 1
3567 2
11761 1
3572 1
11766 0
3576 0
8788 2
11771 1
11773 2
3583 2
3584 1
3585 2
11779 0
1964 2
11786 1
3595 0
11789 2
11791 3
3602 0
11795 3
1211 3
11800 2
13772 2
3611 3
1115 1
11806 2
11808 1
11811 2
3621 2
666 0
11815 1
14578 1
11818 0
11819 2
11821 1
11822 0
8797 3
11825 2
11826 2
3638 2
11831 1
11833 1
11834 2
11836 0
9123 2
11838 2
11839 3
3648 0
11841 2
11843 2
667 2
10166 2
3655 1
11849 0
10814 1
11851 1
11857 0
3666 0
611 1
11860 1
3671 2
3672 1
3673 1
3674 2
3675 1
3676 2
3677 2
3678 2
16997 2
11873 1
11874 1
1979 1
4710 1
11878 1
11879 2
3688 1
13489 0
11882 3
11883 1
11884 2
7442 2
11887 2
3696 0
12904 2
1982 0
3702 2
3703 2
3704 1
3348 2
3706 2
18367 0
11900 2
12906 2
11902 2
3713 2
11907 2
223 2
3717 2
11913 1
7447 2
3727 2
3730 2
11924 3
12910 2
3734 2
11931 1
3740 0
3742 2
3745 2
3747 1
11941 2
3750 1
4721 2
11944 2
18376 2
3763 2
17856 0
3768 0
3770 2
11963 2
3772 1
3773 2
14583 0
3781 1
3782 2
18675 0
3784 2
4727 1
3788 2
17839 0
3791 2
12920 1
3796 2
11990 1
3805 2
11998 2
11999 2
3808 2
3811 2
7462 1
3814 1
3815 1
8828 1
7463 0
12013 2
12925 1
9129 2
18387 2
3830 0
12023 1
3832 1
12028 0
8832 2
12034 1
13273 1
12037 2
16590 3
17025 0
15131 1
12041 1
642 1
11565 1
15117 2
6104 2
3859 0
12053 1
3862 2
2009 0
4493 2
12057 1
12058 2
947 2
16938 0
3876 2
12069 1
3879 2
3880 0
10222 2
12076 2
12077 2
3887 2
3889 2
12083 2
3892 2
17042 2
17033 2
12089 1
12091 2
8842 2
12094 2
11573 2
12098 1
17035 2
12100 2
3912 1
12106 2
3383 1
17463 1
12109 2
12110 2
12112 2
12113 2
12114 0
1715 0
12118 2
11577 1
3928 2
3932 3
12944 2
17484 0
12131 3
8849 2
3944 0
12139 2
12141 1
3950 0
15677 1
3955 0
12154 0
12157 3
12158 2
3392 1
3971 1
9116 1
12170 2
3979 1
12172 1
12173 0
3983 2
3985 2
12178 0
12181 1
3990 0
665 1
12184 2
16227 1
3996 3
3997 2
12190 0
3999 0
12192 0
6128 2
4002 1
4003 1
12202 2
4011 2
12204 0
4013 2
4014 2
12136 2
12210 2
4019 1
12212 1
4766 1
12214 2
4024 1
12218 2
17055 2
4029 2
12222 2
18421 3
12960 2
12228 1
4038 0
4046 1
4049 1
12963 1
4055 1
12248 2
12249 1
4058 2
12252 2
12253 0
4063 2
4064 3
12257 0
12258 2
12259 2
12260 1
12262 2
12265 1
12266 2
12268 2
12270 2
12271 0
12272 2
4776 2
4085 1
12279 2
18107 3
12281 0
12285 0
4094 3
15701 0
12288 0
4098 1
4779 1
12292 2
4102 3
4103 2
4106 2
12300 2
12304 0
4113 1
8538 1
4118 2
4119 2
2052 2
12314 2
4124 2
15706 1
4126 0
12319 2
688 0
4130 2
12324 2
4138 3
433 2
4142 0
4143 0
11614 1
138 2
4151 2
12344 2
4153 2
12346 0
12348 1
6154 2
12351 2
12352 1
4162 0
12355 1
4164 0
4169 3
12364 3
15714 1
6157 0
4177 2
2594 2
6158 2
2755 0
8889 2
4189 0
4192 2
12387 2
12388 2
12389 2
12390 2
12391 1
12392 1
4201 2
4202 1
4204 0
4205 2
4208 2
4209 3
16405 2
12403 2
4212 0
12405 2
15721 2
4217 3
8051 0
4220 2
4221 2
4225 2
4226 0
4228 1
4229 1
12422 2
17089 0
12424 2
12425 1
12426 0
14359 1
8898 1
14360 1
12435 2
4245 2
6169 2
4248 0
4249 1
11871 2
12446 0
4255 0
4256 2
12449 2
10267 0
4260 2
4261 2
4262 2
2756 2
14364 1
12999 1
12461 2
4270 0
10235 2
6575 2
4273 0
12466 1
4277 2
12470 2
8905 2
12472 1
11636 1
3143 2
12476 2
12481 0
7235 2
4291 0
12486 2
12487 0
12488 0
11327 2
4298 0
3599 1
4301 1
4302 1
12496 1
4305 1
18467 0
4308 2
12501 2
12502 2
12503 0
4312 2
4313 2
4314 1
4316 1
12509 2
4318 2
4319 0
4320 2
12514 0
4323 2
4325 2
4327 1
12521 2
4332 2
722 0
12526 1
7549 2
4336 0
6691 1
12530 1
12531 0
4341 1
4342 2
8560 1
4344 3
4345 2
12539 2
12540 0
12541 1
4354 2
2091 2
12548 0
13014 2
17603 3
4359 2
6419 2
12553 2
16512 1
4366 3
4368 1
4370 1
12563 2
4372 2
4374 2
13017 1
12568 2
4377 3
12571 1
4380 2
12573 0
4383 2
12577 1
731 0
12580 2
4389 2
4390 1
12584 2
5329 0
12086 1
12588 2
12591 1
4402 1
2099 2
12596 2
7561 2
4408 2
7239 1
13023 2
12611 2
10294 1
12615 2
15423 0
4426 0
14391 0
12620 3
12621 1
4430 1
6200 1
4434 1
13027 0
12628 1
18424 1
4438 3
4439 2
12632 1
4442 2
7567 2
9245 2
12638 2
17125 2
18491 0
7569 2
12648 2
12649 1
4458 2
12651 0
12652 2
4462 2
2109 0
12657 2
12658 2
4471 1
12664 1
4473 1
4475 0
12697 0
8939 2
4484 1
4485 2
10305 2
12681 0
4491 1
12684 1
2114 0
12686 2
12905 3
4497 0
4498 2
15971 2
4501 0
900 1
4503 2
14365 3
18500 2
12698 2
17135 2
4511 1
16517 1
17136 0
10832 0
4518 1
12711 2
12712 3
12713 2
12714 1
12715 2
4524 1
12717 1
18427 3
4529 2
13043 2
4532 1
12727 1
4536 0
4537 2
4538 2
4539 1
12732 1
12733 1
4545 0
4546 1
12739 2
12741 1
18155 1
12744 0
12745 2
4855 2
4557 1
12750 2
12754 2
4564 1
4565 1
4566 2
8953 1
12760 0
4569 0
12762 3
4571 0
4573 1
4575 2
4576 3
12769 2
8955 1
4580 1
4582 2
12775 0
4584 0
4585 1
12778 0
18514 1
12786 0
4595 1
4596 1
12790 0
4599 1
12792 1
10324 1
12794 3
767 2
4605 2
2133 1
4609 1
4610 1
12803 1
12805 1
4615 0
12808 3
7596 1
9196 0
12811 2
7246 2
13058 0
4626 2
4627 3
12820 2
4630 0
14425 2
4632 2
4633 2
12826 2
12827 1
12828 0
4637 1
12830 3
4641 2
4643 1
17158 1
14633 0
12840 1
4650 2
17159 3
4652 3
4653 0
4654 1
12847 2
4656 1
12849 0
4658 2
4659 2
12852 2
4662 0
4663 0
12856 2
4667 2
4668 2
12861 2
12862 2
4672 2
12865 2
4674 1
12867 1
12868 2
12869 2
4678 1
13670 2
12872 2
622 0
12874 1
4683 0
12876 2
12877 2
4686 2
4688 1
12882 2
12883 1
12884 1
12888 2
12579 0
12893 0
4705 1
15803 0
4708 1
4709 1
12902 1
4712 2
4713 0
4714 1
12908 0
4717 0
5067 2
4719 0
12913 2
13594 3
12916 1
4726 1
12919 1
4728 2
4729 2
4730 1
12924 2
4733 2
4734 2
4885 1
4736 2
12930 2
12931 0
8982 0
11713 2
4744 1
4751 0
4752 1
4753 2
12946 1
4758 0
17177 0
12953 2
12955 2
4523 2
12958 0
15813 0
4768 2
12961 2
4771 2
4773 2
12968 1
4777 1
12970 2
12971 1
4781 1
3978 2
4785 0
15231 0
12981 1
12983 2
12984 2
4793 1
12986 2
4795 3
4796 2
12990 3
4801 1
10358 2
12998 1
4807 1
13000 2
4809 2
4811 3
13004 2
4813 1
4814 2
13007 1
4817 2
803 2
13013 1
4822 0
13016 2
8996 2
4827 1
13020 0
14458 2
4831 1
4832 2
2171 0
13029 3
13030 2
4840 0
6306 1
13035 1
4844 1
4845 2
13038 1
4904 0
4851 2
4852 0
13045 1
4854 0
13097 2
4856 1
4860 2
4862 1
4863 1
13056 0
4865 1
4866 0
13060 0
4870 0
4871 0
4872 2
7639 2
4877 2
10554 2
4909 0
13075 2
13077 2
4888 2
10372 1
2345 1
3709 2
2542 1
4897 2
13090 2
4901 0
13096 2
4905 2
4906 3
18567 3
16803 1
4910 0
4913 3
9011 2
13110 1
4920 0
13114 2
7647 0
4924 2
3710 0
4929 0
4930 2
13123 2
7802 0
4934 1
13127 2
13128 1
4937 2
4938 0
13133 2
13136 2
13137 2
13140 3
13142 1
17209 1
4952 2
13146 0
13147 1
4958 2
4959 0
97 0
13153 2
9019 1
13158 1
13160 1
13161 1
6907 2
15847 1
13164 2
4973 0
4974 0
4978 1
4979 1
4981 2
4984 2
4986 2
9023 2
13184 1
13187 1
12987 1
13190 3
4999 1
13196 0
5005 3
13199 1
2200 1
17219 1
13205 2
13207 1
13208 2
5018 1
5021 2
13214 1
5024 2
5025 2
5026 2
13220 2
16807 1
5030 2
13225 2
13227 2
8351 1
13229 2
2350 2
5046 2
13239 0
13240 2
5049 3
13245 2
13246 2
13247 2
13249 3
5058 2
5063 2
13256 1
13259 2
13261 2
13535 2
5072 3
11768 2
13266 1
13267 2
5077 1
13270 3
13271 1
5081 0
5082 2
9039 1
13276 2
11626 0
18801 2
13282 2
5091 2
10406 0
5095 2
13289 2
13290 1
5099 1
5100 2
13293 1
13295 1
13296 1
13297 0
13300 2
5109 1
8899 0
13303 2
13304 2
13305 2
5115 1
5116 3
2218 1
9045 2
5121 2
5122 2
5123 2
5125 0
14464 3
13320 2
10412 2
13323 2
13324 2
5133 3
18605 2
13329 2
5138 0
13331 2
13332 2
10264 0
5143 1
5145 2
2899 2
13342 2
5152 2
13345 3
5155 0
13348 1
13349 0
11769 1
17244 0
13355 2
13356 2
17245 1
13360 2
5171 1
5173 2
13366 0
5179 0
13372 1
16810 3
13122 1
13375 0
5185 0
5186 0
18511 3
10422 2
5190 2
5191 2
5192 3
4017 2
10423 0
5196 2
5197 3
13390 2
7693 2
10291 1
13394 0
7694 1
5206 1
13399 2
5208 1
5211 2
5212 1
10426 1
5214 2
5217 0
13410 1
2235 2
13413 2
13414 2
1265 3
5228 2
13421 0
13424 2
14086 1
13428 3
18622 2
5244 0
13438 1
5247 2
5248 0
5249 2
13444 1
5254 0
13449 2
7703 3
2630 1
15228 0
13292 0
13458 0
13459 0
9070 2
13464 3
879 2
5277 0
13473 3
5283 2
13477 2
13479 2
5086 1
5289 0
13482 3
12724 1
5292 2
13485 2
13487 1
5297 0
13490 1
9075 2
13493 2
13494 3
13495 0
13496 2
13497 1
5306 1
5307 0
13501 1
13503 2
13504 2
5313 2
5315 0
5317 0
5318 0
13511 2
5320 0
13514 2
13520 2
9080 0
3619 2
4175 2
13525 2
5336 1
5338 0
3451 1
13532 0
890 1
7717 3
5345 2
891 1
5348 3
5351 0
13544 2
17276 0
7719 1
5357 1
13551 2
5361 2
5362 2
13129 2
13557 0
2088 2
5369 2
13563 2
5372 2
5373 1
5374 1
6357 2
5376 2
9088 3
13570 3
13572 2
13573 2
13577 1
13578 2
5387 2
13580 2
13581 0
13583 2
13585 2
13586 0
13587 2
3630 2
5399 3
5401 2
11091 3
5405 2
13599 0
13600 1
13602 2
13603 0
5412 1
5413 1
13607 2
13608 2
14556 2
903 0
13612 2
13613 0
5422 2
5423 0
5424 0
12693 1
13622 2
15924 1
18655 2
13628 1
5437 2
13632 2
5441 2
13634 2
11109 2
5444 2
13638 2
13640 1
16821 1
13642 1
525 0
5453 2
13647 2
5457 2
13650 3
14563 1
5460 2
5463 1
13659 1
13661 0
5471 0
4001 1
5476 0
18662 2
5478 0
13671 1
5482 0
5483 1
5486 2
8929 2
5490 1
5491 2
5493 2
5495 3
5496 2
5497 2
13690 2
13691 2
5502 1
13695 2
5504 0
11840 0
5507 0
5508 2
13703 1
14572 0
13708 3
15938 0
13710 2
17304 2
5524 2
13718 2
13720 2
15940 0
13723 2
5532 1
11641 2
5536 2
13729 1
13730 1
5539 1
1821 1
5541 2
13734 1
5544 3
13737 2
5548 2
13741 2
5552 1
5553 2
13747 1
5556 1
17310 1
5561 2
13754 2
5564 1
5565 1
13759 0
5569 1
5570 3
5574 2
17313 2
5576 1
13769 0
5579 2
5580 1
5581 2
5583 2
5587 1
13781 1
5590 3
5595 0
13789 3
13790 1
13791 2
17935 1
5603 0
17318 2
3665 0
5609 2
5610 2
1783 1
13806 1
13808 2
17645 0
13815 0
17007 0
13818 3
6399 0
5628 1
5630 2
7765 2
13828 1
5639 2
5641 0
13834 2
13836 2
542 2
10330 3
13843 0
13845 1
5371 1
5657 1
13009 2
5659 0
5663 2
11867 1
18694 2
5670 1
16950 2
13865 2
5674 1
13867 2
17647 2
13873 2
5682 3
5683 1
15966 2
5686 2
13879 2
5691 2
13884 2
5698 2
13893 1
12465 1
13899 0
14605 0
5712 0
952 1
5714 0
1470 2
13911 2
5720 2
13913 0
13915 3
5724 0
11877 2
13922 1
5731 2
5732 0
2373 1
13927 1
5736 2
13930 1
10514 2
5742 1
5743 1
11880 1
5747 0
5054 1
5751 2
2324 2
737 2
3690 2
5758 2
5759 2
5761 1
13954 1
5763 2
5765 2
9153 2
9042 2
13965 0
15314 0
5776 2
5777 2
9155 2
5780 1
11922 1
2329 2
13978 2
5787 0
2330 0
5795 3
5797 0
13990 0
11889 1
5800 1
13993 2
16669 0
17351 1
13996 1
13997 0
10525 0
14001 2
5810 0
5811 2
18197 0
5814 2
17106 0
5818 2
5819 1
5820 1
5822 1
5824 2
14017 3
14019 2
14022 2
5831 0
14029 2
5840 0
5841 1
5843 2
14036 1
14040 1
14041 2
5851 3
5853 2
14046 0
14047 1
5858 2
5859 2
14053 2
5862 2
5865 1
14059 1
5868 2
5869 2
11901 1
5651 0
14065 0
11148 2
5876 0
8379 1
5879 2
5886 2
14635 0
14084 1
5894 0
5895 2
14090 2
16836 1
5901 1
5902 0
14095 2
5907 2
5909 3
14103 1
14109 3
5919 1
5921 1
17770 3
5925 2
18737 2
5929 1
5930 2
1834 0
14125 2
14128 2
10547 2
3471 2
14133 2
16679 1
5943 0
14137 2
14138 1
14139 1
8927 3
14144 2
14145 2
13019 2
16838 2
4525 1
14157 2
13283 2
14164 2
8655 2
14167 0
14168 1
5978 0
5979 0
2362 2
5982 2
5093 2
1563 3
5985 2
5986 1
5987 1
14180 1
10556 0
14186 2
10838 1
14189 0
14190 2
14194 2
14195 2
14581 1
14202 3
6011 2
6012 0
6013 2
14209 0
14210 2
14212 2
6021 2
6022 2
6024 2
6025 2
6026 2
6028 0
14221 0
14225 0
2383 1
14227 1
5111 3
14232 2
8930 2
6045 1
6047 2
14240 1
6051 2
6053 1
6054 2
6055 1
6057 2
14250 2
14251 0
6064 2
14257 1
14258 2
6067 2
14261 0
14262 2
14263 2
6073 2
6074 1
14268 2
14270 0
13301 2
6080 1
14273 1
14274 2
14275 1
13302 1
14279 2
18153 0
14509 2
6091 1
16680 1
6094 2
14287 1
9588 2
14294 0
14296 2
7844 0
6107 2
14302 2
6112 0
14305 0
6119 1
1725 2
14316 2
14317 0
14320 2
17662 2
14322 2
14323 2
6132 2
1022 2
6135 2
14328 3
10580 0
6139 0
6140 2
14335 2
6150 0
6151 2
14344 0
6153 0
14346 1
14347 2
6156 0
14349 1
14350 1
6159 2
14352 2
6164 2
14357 2
5388 2
6167 1
6168 1
17412 3
14362 1
6172 0
6173 0
6174 2
13317 0
6176 1
14369 2
13680 0
6182 0
14375 0
14376 2
14377 1
6187 2
14380 0
6191 1
1032 1
14386 2
6196 2
6753 0
14392 2
6201 2
14394 2
6203 2
6204 2
6205 2
6206 2
6207 2
17610 2
6209 2
14403 0
1025 2
6213 2
14408 2
14409 2
14410 2
14412 2
6226 0
14420 2
17422 2
6231 2
18211 1
14427 2
10846 2
7866 2
14430 3
9755 0
14433 2
1026 2
14437 2
4515 2
14439 2
6248 2
6250 2
6251 2
7869 2
6256 2
14449 2
7870 3
18212 1
6266 2
6267 2
6269 1
6270 2
14463 1
6272 3
15972 0
10604 3
6282 2
6284 0
6286 3
7875 1
13337 2
14489 1
14490 2
14494 0
6304 1
17957 0
14498 2
6307 1
14501 0
14502 1
14503 2
14504 2
6315 0
6317 2
14510 2
14511 0
14512 1
14513 2
14514 3
7407 2
6325 1
605 3
10849 0
6330 2
6332 2
14525 1
8667 2
6335 0
14529 0
14533 2
14534 1
16076 2
2388 2
6348 3
6349 2
10616 1
14546 0
6355 3
6356 1
14549 2
6359 2
6363 2
6364 1
6367 2
6368 2
14561 3
14562 1
6523 2
14564 0
14565 1
1576 1
10620 0
14571 2
6380 0
7890 2
6383 1
6384 0
6386 1
6387 2
6389 1
6390 2
6391 3
6393 2
14586 2
6396 0
6398 3
14591 2
14592 2
6401 0
14596 1
6407 2
6411 1
14604 2
6413 1
16088 1
6418 0
14611 1
14612 0
6421 1
6422 1
17399 2
8226 2
6532 1
6426 1
6428 1
6429 1
14622 2
14623 0
14624 1
14625 2
14626 1
14627 2
17945 2
14631 2
14632 2
6441 0
6442 1
6443 2
6445 1
6446 2
7901 0
6448 1
10632 1
14642 2
8943 1
14647 2
9268 1
1306 3
14651 2
12763 2
10308 0
1579 2
11672 2
6468 1
14662 2
2444 1
14666 2
6475 0
6481 2
14680 2
14682 2
18831 2
6493 2
2448 2
14690 2
17467 2
14693 3
6502 2
13373 2
16104 0
6514 1
5182 0
6519 2
10644 2
6522 2
14715 2
14717 1
14721 0
14722 2
14724 2
14728 3
14730 1
14731 2
14733 1
3821 2
14737 2
14738 3
3764 1
14746 2
14752 2
6563 3
16113 2
14760 1
18844 1
14762 0
6573 0
10653 1
6576 2
6577 1
5129 2
8948 2
6583 2
7857 0
14778 2
14779 2
6588 1
6592 3
5675 1
6594 3
14787 0
14789 2
14791 2
6600 0
14793 1
6603 1
6605 0
6608 2
6609 0
14802 2
14803 2
14804 2
6614 2
14807 2
6616 1
6617 2
6619 2
6622 0
14815 2
14816 1
14821 2
7461 1
6631 2
6632 2
17406 2
14826 2
7791 1
14832 0
14838 1
6647 2
6648 2
14841 2
14843 3
14844 2
6653 1
9496 2
14850 2
14851 2
1110 2
6667 0
14863 1
14865 0
6674 1
6675 3
14868 2
6679 2
14872 2
14873 2
14874 2
14875 2
14876 2
14878 2
6687 2
14880 2
14881 1
14882 2
17499 2
6692 2
14885 1
14886 1
6697 2
6701 1
6702 1
6703 1
6704 1
6706 1
14899 1
6708 1
6709 0
3849 0
14904 2
14905 2
14906 2
6715 2
14908 1
14909 1
6719 1
14913 2
14914 2
6723 1
6724 2
14917 1
17505 0
7589 0
14925 2
7862 2
6737 1
18321 2
14931 1
14936 0
6747 2
6748 2
14943 1
14945 1
6754 0
14947 1
6761 0
14955 2
6764 2
2953 2
6770 2
6771 3
14964 0
7410 2
14966 0
6776 2
6777 0
14972 2
6787 0
6788 1
6810 1
16030 2
14983 2
6792 0
6794 2
6795 2
6796 0
6797 2
14990 2
14991 2
6801 1
6803 1
14996 2
6806 0
16343 1
6809 0
15002 0
1135 2
15004 2
15005 1
15009 2
15010 1
6819 3
609 2
1137 0
6824 0
16156 2
15020 0
17522 0
15022 2
12375 1
6833 1
6834 0
6836 1
6837 1
8411 1
6840 2
15034 2
15038 2
6847 0
15040 1
15041 2
6850 1
6851 1
15044 1
6853 0
15046 1
6855 1
15048 2
6858 2
6859 1
6860 1
15053 2
15054 2
15055 2
9503 2
6865 0
6867 1
6869 1
15062 1
6871 0
15067 2
15068 2
15069 2
6879 2
15072 0
6881 2
15074 0
15075 2
6886 2
6887 1
6890 1
6892 2
15085 2
129 3
15087 2
775 2
6899 1
15092 1
15093 3
15094 2
15095 1
15097 2
17535 0
15102 1
15103 1
15104 1
6913 0
15107 1
15109 1
15111 3
6922 1
6923 0
1154 2
15119 0
12703 3
15123 1
15124 3
6933 3
15126 1
6935 0
6936 1
15129 1
6811 1
6941 0
15234 3
15135 2
15136 1
15137 3
6946 2
14811 2
15140 0
17542 1
6950 0
15143 2
15144 0
5687 2
6856 1
6957 1
6958 2
13924 0
9352 1
6963 2
6965 2
6967 2
15160 1
6969 0
15162 1
2527 1
15167 2
6976 2
14401 0
9355 3
16182 1
6984 1
6986 2
3895 0
6989 1
15182 0
9357 1
15184 0
15186 1
6995 2
15189 0
6998 2
11417 2
15194 2
15195 2
7006 2
7848 2
7008 2
7009 2
15202 2
14418 0
10726 2
7016 2
7018 1
7020 2
9781 1
7023 1
7024 2
15217 2
6235 2
15220 2
7031 1
15225 1
15227 3
7036 1
15230 2
7039 1
7040 0
7042 0
7044 3
7045 2
780 2
15241 2
7050 1
9367 0
7052 1
15245 2
10467 2
7055 1
15248 1
5272 0
15250 3
7060 0
15253 2
7062 0
7064 2
15259 0
7068 1
7069 0
7070 2
15264 2
15266 1
7076 1
10738 2
15278 3
7087 1
7088 0
7090 3
15284 1
7094 2
8009 2
7097 2
15290 2
7102 2
15295 2
15296 2
7105 1
7056 2
7108 1
15301 2
15303 2
15304 2
15306 1
10743 1
7116 1
1186 0
7120 2
7121 2
7122 2
7123 2
15316 1
10745 0
7128 2
15321 1
7130 0
15324 1
7133 2
5285 2
7136 0
15329 2
7138 0
7139 0
15333 2
15334 1
15339 3
14845 0
15344 3
15345 0
7155 2
7157 2
7158 2
9385 3
7160 3
15355 2
7164 2
7166 3
15362 2
15363 2
15364 2
7176 1
15371 2
15373 3
15374 0
15375 1
7185 2
10755 0
15381 2
7193 1
3212 1
7201 1
7205 1
4483 0
7207 0
15400 2
7209 2
15403 1
15405 2
7214 2
7216 2
7221 0
7222 0
10761 0
484 0
15417 2
2150 2
18517 0
1205 1
14859 1
15428 2
17590 2
15431 2
7240 3
7242 0
7243 2
7244 0
15051 2
1605 0
15440 1
7250 2
15443 0
7255 2
15448 2
7264 2
15457 2
17595 2
10026 2
17596 1
10335 2
15467 0
17597 1
15473 0
7282 2
18361 3
15478 2
7959 2
10772 3
15482 1
1215 1
15486 2
7295 2
15488 3
15491 1
7300 2
2582 2
15496 0
7306 2
15499 2
15500 2
17602 0
15503 2
15507 2
12142 2
15510 2
15511 0
15513 0
15514 0
15519 1
15522 1
2587 1
7332 2
15525 2
7335 0
15531 0
11974 0
15539 0
2231 2
7349 2
15543 1
15544 1
18707 1
18794 0
15552 1
15553 0
7367 2
15562 0
15563 0
15565 1
7374 3
17613 0
15568 3
8815 2
7379 2
15574 0
14884 2
7386 1
15579 2
15580 2
15581 1
10789 2
15584 2
8059 3
15589 2
1233 1
15593 0
15596 3
7405 2
3965 2
7408 2
15602 2
15603 1
15605 1
3489 3
15614 0
15615 2
15616 0
15617 2
15621 2
7440 2
15633 0
15634 0
15635 1
15637 2
15638 2
15639 1
7450 2
15644 1
7453 1
7454 1
15647 1
2608 1
15650 0
15653 0
15654 2
15655 2
15657 2
15660 0
15661 1
7475 0
14979 3
15669 1
15670 3
8073 2
7480 1
7481 1
12797 1
15676 0
16266 2
7487 1
7489 2
6651 1
12171 2
15684 0
10801 2
5669 1
795 2
15691 0
15693 0
6712 2
1251 1
7509 0
4087 0
15704 0
15705 1
7514 1
15707 1
7516 2
11707 2
15712 0
15713 2
7522 2
9379 1
15716 0
15717 0
7529 2
15722 2
1255 0
15726 1
2433 1
15729 1
15730 1
7540 0
7541 1
7542 2
7543 2
15736 1
2623 0
15741 1
15744 2
15745 2
15746 0
7555 0
15748 2
7558 0
15752 1
17644 1
7563 2
15758 2
15759 3
15761 2
7617 1
15764 0
15765 2
14916 0
15771 0
7580 2
15773 2
15775 0
15776 2
7585 2
15778 0
12187 2
15780 0
15781 1
15783 2
7592 2
7593 2
13278 2
7595 0
15788 1
1266 0
15790 0
15791 2
15794 1
8237 2
2585 0
15798 1
14921 1
17984 0
7611 1
7612 1
7613 0
7615 2
16288 1
7618 0
15812 2
17654 3
15814 1
15815 1
15816 2
15817 2
15818 2
13559 2
4531 1
15825 0
7634 2
1273 2
7640 3
13768 3
15834 1
15838 1
8101 1
7649 2
7651 2
14929 1
7659 1
15852 2
15853 1
15854 1
15855 1
7664 3
13799 2
1619 2
7667 1
15861 1
15863 2
17618 2
15804 3
7677 3
15871 1
4961 1
7682 2
15875 1
15877 0
7687 1
7688 2
7621 0
5378 2
15886 0
7695 2
15890 2
12206 1
7702 2
15895 0
15898 2
7709 3
17669 2
10843 1
15908 1
17670 0
7718 2
12209 2
10845 2
7728 2
15921 2
7730 1
15923 1
7732 1
14442 1
7734 2
17674 2
7743 2
15936 2
14988 1
7747 2
7748 2
4022 0
7751 2
7752 1
7753 3
7754 1
16311 2
5389 2
15954 1
9533 2
7766 1
15959 1
15962 0
15963 2
3532 2
7774 1
4896 3
12219 1
7780 0
2714 0
7783 0
7784 0
15977 0
15979 1
7789 2
7790 1
15983 2
15984 0
1299 1
7796 3
14953 3
15992 0
15994 2
12223 1
15996 0
15999 1
16000 2
16731 0
16003 2
7817 1
16010 0
7819 3
7820 2
16013 0
16015 1
7825 0
15809 1
16021 0
7831 1
9808 2
16025 1
8717 2
7837 3
7838 2
16325 0
16032 1
11445 1
16034 2
9499 2
16036 1
16628 0
7899 1
16040 2
7854 2
9501 0
16048 1
16049 1
16050 3
7860 0
16053 1
14455 0
16055 1
16056 1
16058 0
16059 0
16060 2
16061 1
16062 2
16063 1
16064 2
17992 2
16069 2
7878 0
16075 1
7884 2
16078 1
16081 2
16082 2
7891 2
7894 2
7895 1
8719 3
7897 2
16091 2
16092 2
16093 2
16096 2
7905 0
7906 2
7910 3
16337 2
7912 0
16105 0
16106 2
16107 0
16108 2
8146 2
16110 2
7921 3
16115 2
16117 2
16120 1
16122 1
16123 1
7932 2
16125 2
16127 3
7936 2
16129 1
7939 2
16132 0
17708 2
16138 2
7947 2
16140 3
16141 1
12928 1
16144 0
1083 0
7955 2
7956 2
18814 2
16151 1
7961 2
7963 2
12813 2
16157 2
7966 1
3108 2
7968 0
7970 1
18111 1
7972 2
7975 2
6791 2
13201 2
8157 1
16176 0
14984 0
7986 2
9523 0
7988 2
16181 1
7990 3
16184 2
1418 0
16186 2
7995 2
14986 0
8000 0
8303 2
16196 1
5430 0
18505 2
13387 1
16201 1
16203 0
8014 2
16207 0
16209 2
1358 2
8021 0
8022 0
16220 2
16223 2
16224 2
16226 0
17723 1
8166 2
14993 0
5436 3
16234 2
16235 1
16238 3
17725 0
16240 1
8168 2
16243 1
16244 1
16245 1
8054 2
16247 0
16250 2
17727 1
16362 2
16255 0
18272 0
16259 1
16260 1
8069 2
16263 2
16264 3
16265 1
8074 2
8075 2
8078 0
4309 2
16275 0
8085 2
16278 2
9540 2
16282 1
4079 0
16285 0
8095 3
8096 2
16289 1
8098 1
16291 2
16292 0
5446 1
4081 1
13641 2
9543 2
16301 1
16302 1
16304 2
16307 0
8118 0
8119 0
9874 0
8401 2
16319 0
16321 0
16324 0
8133 1
16326 2
16330 3
16331 1
8140 1
9549 2
16376 2
16338 2
16339 0
8149 2
8151 2
16344 2
2724 1
8155 1
8156 1
16349 1
4636 0
8162 0
16356 0
16358 2
16359 1
16360 1
16361 2
8170 2
6823 0
16366 0
16367 2
16371 2
16372 1
16382 1
8182 2
8184 2
16378 3
16379 2
8188 2
16381 1
8190 2
8191 0
