29 0
41 0
62 2
66 1
68 2
69 1
73 2
74 0
80 1
82 3
88 2
89 1
91 1
93 3
98 2
104 0
105 0
106 1
110 0
111 3
112 3
117 0
119 1
120 3
122 3
126 2
128 1
129 3
132 2
133 2
134 0
139 3
144 2
145 2
146 3
148 1
151 1
157 0
158 3
162 2
163 2
170 0
173 2
175 3
177 1
178 0
180 3
183 2
186 2
191 0
194 0
198 0
200 0
201 1
202 2
204 1
208 2
209 2
210 2
214 0
215 1
218 3
220 2
221 3
223 2
225 0
228 2
230 0
232 1
233 2
236 0
240 1
244 3
246 0
249 2
250 1
257 3
261 2
263 2
271 2
274 2
279 0
280 3
287 2
291 1
296 0
297 2
300 2
303 2
305 2
307 0
309 0
317 2
319 2
324 1
329 1
334 3
339 3
345 3
347 3
349 1
355 1
359 3
362 1
365 2
366 2
367 0
374 2
375 0
376 2
378 3
383 0
384 1
387 0
391 3
394 2
396 1
397 3
400 0
401 2
410 2
411 2
412 0
416 0
419 0
420 1
423 2
424 0
427 2
428 2
429 3
440 1
444 2
446 2
448 3
449 1
450 1
451 1
453 1
454 2
455 1
459 0
460 0
461 2
462 3
464 2
466 3
470 1
477 2
481 1
483 2
485 2
486 2
488 2
500 2
504 3
505 3
506 1
508 0
509 3
510 2
512 1
519 1
522 3
523 0
524 2
525 0
528 2
533 0
534 2
538 0
541 2
542 2
545 2
549 2
551 1
552 1
553 1
554 2
558 1
563 2
565 1
572 0
573 1
574 0
575 1
581 1
583 1
587 1
589 1
591 1
595 1
599 0
609 2
611 1
617 0
621 2
629 1
630 0
636 2
641 0
642 1
644 1
646 3
647 0
651 0
652 2
654 0
657 3
658 0
660 2
669 2
673 2
674 0
679 0
687 1
688 0
700 2
712 2
717 0
721 0
725 1
730 2
731 0
732 1
738 2
741 2
742 0
743 0
744 2
746 2
749 0
750 2
756 0
757 2
762 1
763 0
764 2
766 1
767 2
768 0
773 2
774 1
780 2
782 3
787 2
788 2
790 2
795 2
800 2
803 2
808 2
810 0
828 3
844 2
845 1
849 2
852 2
856 0
860 3
861 2
862 0
865 1
868 3
870 2
871 0
876 3
879 2
880 0
883 1
885 1
887 2
888 2
889 0
890 1
891 1
892 2
895 1
896 0
898 2
900 1
903 0
910 1
911 2
920 2
930 0
931 3
934 0
947 2
951 0
952 1
959 2
961 1
970 0
983 0
1021 0
1022 2
1025 2
1026 2
1027 0
1028 1
1030 2
1031 3
1035 2
1037 3
1038 0
1048 3
1051 1
1052 0
1054 2
1063 2
1067 2
1071 1
1075 0
1084 0
1096 1
1098 2
1107 1
1108 2
1111 2
1114 1
1115 1
1130 2
1135 2
1137 0
1138 2
1150 2
1151 1
1156 3
1159 2
1162 3
1169 0
1174 2
1177 2
1180 1
1181 3
1187 2
1188 1
1189 2
1195 0
1196 2
1200 0
1202 1
1204 0
1205 1
1206 2
1211 3
1215 1
1218 2
1225 2
1226 1
1227 0
1237 2
1242 3
1249 0
1250 0
1251 1
1264 3
1266 0
1270 0
1271 0
1273 2
1276 0
1281 0
1284 1
1290 1
1292 2
1297 0
1299 1
1304 2
1306 3
1307 0
1321 2
1323 0
1324 2
1331 1
1339 3
1340 2
1343 2
1353 0
1354 1
1355 1
1360 1
1363 2
1370 2
1375 2
1377 2
1380 0
1381 2
1383 2
1385 3
1387 1
1391 0
1393 2
1402 1
1409 0
1410 2
1414 2
1418 0
1420 0
1422 2
1425 2
1428 0
1430 0
1436 1
1437 3
1442 2
1444 2
1445 2
1446 2
1452 1
1454 2
1455 0
1461 2
1462 1
1465 2
1466 2
1468 2
1470 2
1474 2
1478 1
1482 1
1486 0
1487 0
1488 1
1521 3
1538 2
1540 1
1542 2
1545 2
1546 0
1551 2
1553 1
1554 2
1556 1
1561 2
1562 0
1563 3
1568 3
1581 1
1583 2
1586 2
1591 1
1596 2
1597 1
1599 0
1601 1
1605 0
1608 1
1614 1
1616 0
1618 1
1619 2
1621 0
1626 2
1629 0
1635 2
1639 2
1640 2
1645 0
1646 0
1652 2
1653 2
1659 0
1661 1
1662 2
1671 1
1673 2
1674 2
1676 1
1677 0
1679 0
1685 2
1686 2
1690 0
1693 2
1697 0
1700 2
1702 2
1703 1
1708 3
1711 2
1712 1
1713 0
1715 0
1717 2
1719 2
1721 2
1723 1
1726 2
1727 0
1729 1
1732 2
1737 1
1738 2
1740 0
1746 2
1747 0
1749 0
1750 1
1755 1
1758 3
1761 0
1762 0
1763 0
1764 2
1767 2
1768 1
1769 2
1771 1
1773 1
1782 1
1786 1
1788 2
1790 2
1791 3
1795 0
1800 0
1803 0
1809 2
1821 1
1823 2
1827 2
1828 2
1830 0
1836 1
1838 2
1839 2
1841 2
1843 0
1847 0
1849 0
1852 1
1853 1
1855 2
1857 2
1858 1
1861 0
1862 3
1868 3
1872 0
1878 0
1882 0
1892 1
1899 0
1905 0
1909 0
1911 0
1913 2
1918 2
1921 2
1923 2
1924 2
1925 3
1926 3
1932 0
1934 0
1939 1
1944 0
1946 0
1958 0
1961 2
1962 3
1964 2
1965 2
1966 0
1970 0
1976 1
1979 1
1982 0
1987 1
1988 2
1991 2
1992 2
1993 2
1994 0
2002 0
2006 1
2009 0
2010 1
2020 3
2027 0
2047 2
2052 2
2053 0
2065 0
2073 2
2075 0
2083 2
2086 0
2087 2
2091 2
2095 1
2097 3
2098 2
2099 2
2100 0
2109 0
2111 3
2112 2
2116 2
2120 2
2121 0
2126 0
2127 0
2128 1
2129 1
2133 1
2134 2
2138 2
2140 0
2144 2
2145 2
2149 2
2150 2
2152 2
2153 2
2157 0
2158 1
2163 1
2171 0
2176 2
2180 2
2181 1
2183 2
2184 3
2185 2
2189 0
2195 1
2196 0
2199 2
2201 2
2206 0
2207 1
2209 0
2210 2
2213 1
2215 1
2223 2
2234 2
2236 2
2237 3
2238 2
2239 2
2247 1
2251 2
2254 2
2257 0
2258 2
2260 2
2261 1
2262 0
2264 2
2268 2
2273 1
2276 0
2278 2
2279 3
2280 1
2283 2
2284 2
2292 0
2303 0
2304 0
2305 0
2309 2
2315 2
2318 0
2323 0
2324 2
2330 0
2333 2
2346 0
2350 2
2353 1
2356 2
2357 2
2359 3
2362 2
2364 2
2368 1
2371 2
2376 3
2377 0
2380 1
2383 1
2385 2
2386 2
2388 2
2389 2
2391 0
2395 0
2406 1
2408 0
2424 3
2426 1
2427 2
2431 0
2434 2
2436 0
2439 1
2440 2
2443 0
2444 1
2452 2
2455 2
2458 0
2460 0
2467 0
2472 2
2475 1
2479 0
2482 2
2484 0
2485 0
2486 2
2491 0
2496 1
2498 2
2500 2
2501 1
2503 0
2510 0
2513 1
2517 0
2524 1
2528 0
2531 1
2535 2
2539 2
2542 1
2546 2
2549 2
2553 1
2555 1
2558 1
2563 2
2565 0
2566 3
2569 2
2572 0
2582 2
2583 3
2586 1
2587 1
2591 0
2594 2
2595 2
2599 2
2600 2
2601 1
2608 1
2609 0
2615 2
2624 2
2626 0
2627 2
2628 1
2630 1
2632 0
2634 2
2638 0
2639 0
2640 2
2642 0
2653 3
2654 2
2655 2
2658 2
2661 0
2663 1
2671 0
2672 2
2681 0
2715 2
2717 0
2724 1
2725 2
2731 3
2732 0
2733 2
2735 1
2738 3
2739 2
2741 2
2742 2
2749 3
2750 1
2751 0
2753 2
2754 2
2755 0
2756 2
2761 1
2762 2
2764 3
2766 0
2769 0
2777 1
2788 0
2791 2
2794 3
2795 0
2797 3
2798 0
2800 2
2801 2
2803 2
2807 3
2813 0
2815 0
2822 0
2824 2
2825 2
2831 3
2833 0
2835 2
2839 2
2840 0
2846 2
2847 1
2851 1
2854 1
2855 2
2863 0
2865 3
2868 1
2873 0
2877 0
2880 2
2882 2
2883 0
2884 0
2891 2
2893 0
2899 2
2901 0
2904 1
2907 2
2909 1
2910 1
2911 2
2912 1
2914 1
2917 0
2921 2
2926 1
2928 1
2929 0
2930 0
2936 0
2937 2
2938 2
2939 2
2940 1
2942 2
2944 2
2946 2
2951 2
2955 0
2963 3
2968 2
2973 2
2974 0
2975 1
2977 0
2979 2
2982 3
2983 2
2986 0
2988 0
2991 2
2992 2
2997 1
3000 2
3001 2
3003 1
3004 0
3005 0
3008 0
3013 1
3016 1
3023 0
3025 1
3029 1
3030 1
3031 1
3032 2
3033 0
3034 2
3035 3
3039 1
3040 2
3047 0
3048 3
3049 2
3051 0
3052 1
3056 2
3058 1
3060 1
3061 0
3064 1
3070 2
3072 0
3074 1
3079 2
3082 2
3086 0
3094 2
3099 0
3100 0
3102 2
3103 0
3104 0
3105 1
3107 2
3110 2
3114 3
3120 0
3122 3
3123 3
3124 2
3125 0
3128 3
3129 3
3131 0
3145 3
3162 1
3165 1
3167 1
3169 3
3182 3
3183 2
3185 0
3188 2
3191 2
3195 2
3197 0
3198 0
3207 2
3215 2
3216 2
3223 2
3227 3
3230 1
3231 1
3235 1
3237 1
3243 1
3246 2
3249 1
3250 2
3251 0
3252 3
3255 1
3258 2
3260 0
3261 1
3262 1
3263 2
3266 0
3267 0
3270 1
3273 0
3276 1
3278 3
3280 2
3283 0
3285 1
3286 1
3287 2
3288 2
3290 3
3294 0
3296 0
3298 1
3311 1
3314 3
3320 2
3324 2
3327 0
3328 1
3330 1
3332 1
3333 1
3334 1
3341 0
3342 1
3347 0
3354 2
3355 1
3357 1
3358 0
3359 3
3368 1
3375 2
3376 2
3377 2
3380 1
3381 1
3382 0
3387 1
3389 2
3393 1
3396 0
3399 0
3400 0
3410 2
3412 2
3415 1
3419 2
3420 2
3422 1
3423 1
3424 3
3425 2
3427 2
3428 1
3430 3
3434 1
3435 3
3440 1
3447 2
3449 2
3461 0
3463 2
3468 0
3485 1
3488 2
3489 3
3490 2
3492 0
3503 2
3504 2
3505 0
3509 2
3515 1
3516 3
3520 2
3521 2
3524 0
3529 0
3531 0
3541 1
3543 0
3557 2
3564 3
3566 1
3567 2
3572 1
3573 0
3581 0
3584 1
3585 2
3588 0
3595 0
3601 3
3602 0
3604 3
3611 3
3619 2
3621 2
3622 2
3634 3
3648 0
3649 2
3655 1
3658 2
3659 0
3660 3
3666 0
3668 0
3670 0
3671 2
3674 2
3677 2
3681 1
3686 1
3688 1
3703 2
3704 1
3709 2
3713 2
3722 0
3727 2
3730 2
3732 0
3734 2
3737 0
3740 0
3741 2
3742 2
3747 1
3749 0
3751 1
3752 3
3755 3
3765 2
3768 0
3772 1
3775 2
3777 2
3779 1
3781 1
3784 2
3785 3
3786 0
3789 0
3791 2
3792 0
3801 3
3807 0
3810 2
3811 2
3814 1
3821 2
3827 0
3830 0
3834 2
3840 0
3841 2
3849 0
3858 0
3862 2
3874 3
3876 2
3879 2
3880 0
3881 0
3885 2
3887 2
3889 2
3897 0
3901 0
3912 1
3936 1
3950 0
3953 1
3955 0
3958 2
3965 2
3967 3
3968 3
3971 1
3973 1
3979 1
3982 0
3985 2
3992 3
3994 0
3995 1
3999 0
4000 0
4001 1
4002 1
4003 1
4006 2
4011 2
4017 2
4019 1
4022 0
4024 1
4029 2
4030 1
4037 3
4038 0
4039 2
4044 2
4048 0
4050 1
4053 1
4058 2
4059 3
4061 0
4063 2
4064 3
4066 1
4070 3
4074 1
4076 3
4081 1
4086 2
4087 0
4095 0
4099 2
4101 3
4102 3
4103 2
4106 2
4107 2
4114 1
4124 2
4126 0
4129 0
4132 0
4142 0
4143 0
4144 0
4146 0
4152 2
4153 2
4162 0
4164 0
4173 2
4176 3
4177 2
4180 0
4191 2
4192 2
4197 2
4200 3
4201 2
4205 2
4206 3
4209 3
4210 3
4211 3
4216 3
4217 3
4221 2
4223 0
4225 2
4226 0
4227 2
4228 1
4230 0
4235 2
4239 0
4241 0
4245 2
4249 1
4254 3
4256 2
4257 2
4261 2
4262 2
4270 0
4273 0
4280 1
4291 0
4296 0
4297 0
4300 0
4301 1
4302 1
4308 2
4310 0
4316 1
4318 2
4319 0
4321 3
4323 2
4325 2
4327 1
4331 1
4332 2
4335 2
4337 2
4338 1
4340 0
4341 1
4342 2
4344 3
4345 2
4354 2
4357 1
4359 2
4360 1
4363 2
4364 2
4365 2
4366 3
4374 2
4378 0
4379 2
4380 2
4381 1
4383 2
4385 1
4389 2
4390 1
4391 2
4397 2
4405 2
4411 3
4418 0
4421 0
4423 2
4430 1
4433 1
4436 2
4438 3
4442 2
4446 3
4458 2
4463 1
4471 1
4472 2
4478 2
4479 2
4482 1
4483 0
4484 1
4493 2
4497 0
4498 2
4501 0
4505 0
4508 2
4509 1
4511 1
4514 2
4515 2
4518 1
4520 0
4527 1
4529 2
4531 1
4532 1
4536 0
4537 2
4538 2
4539 1
4541 0
4545 0
4546 1
4551 0
4552 1
4553 2
4557 1
4559 3
4564 1
4566 2
4568 0
4570 1
4571 0
4574 3
4580 1
4581 1
4582 2
4588 0
4589 2
4591 0
4592 0
4595 1
4596 1
4605 2
4609 1
4615 0
4616 0
4617 2
4620 0
4621 2
4622 2
4623 2
4626 2
4632 2
4637 1
4643 1
4648 1
4650 2
4656 1
4658 2
4659 2
4662 0
4671 0
4674 1
4683 0
4685 0
4686 2
4688 1
4689 0
4695 2
4697 1
4699 1
4700 0
4705 1
4707 2
4709 1
4710 1
4711 1
4713 0
4717 0
4719 0
4721 2
4726 1
4727 1
4729 2
4733 2
4736 2
4740 0
4744 1
4748 1
4750 0
4752 1
4754 2
4755 1
4758 0
4763 2
4765 1
4766 1
4767 1
4768 2
4776 2
4784 1
4785 0
4792 2
4795 3
4798 0
4803 3
4805 1
4807 1
4808 1
4811 3
4814 2
4820 2
4822 0
4824 2
4826 1
4827 1
4832 2
4835 1
4842 1
4844 1
4845 2
4848 1
4849 0
4850 0
4855 2
4862 1
4863 1
4865 1
4866 0
4870 0
4875 0
4878 0
4884 0
4888 2
4893 1
4896 3
4897 2
4900 0
4901 0
4903 3
4904 0
4905 2
4906 3
4910 0
4911 2
4917 0
4918 2
4920 0
4927 2
4928 0
4929 0
4930 2
4931 2
4935 0
4936 0
4944 0
4950 2
4961 1
4979 1
4980 1
4981 2
4986 2
4991 1
4997 2
4998 3
5000 3
5005 3
5008 0
5012 0
5013 3
5018 1
5021 2
5026 2
5030 2
5031 3
5033 3
5035 2
5040 0
5044 2
5046 2
5047 0
5051 3
5054 1
5057 3
5064 2
5067 2
5071 3
5072 3
5077 1
5079 3
5082 2
5085 1
5091 2
5095 2
5100 2
5102 2
5105 0
5111 3
5116 3
5121 2
5122 2
5123 2
5124 2
5132 2
5133 3
5137 1
5138 0
5141 0
5143 1
5148 2
5154 2
5157 2
5171 1
5176 1
5184 3
5185 0
5186 0
5188 1
5190 2
5195 2
5196 2
5197 3
5200 0
5202 3
5203 2
5206 1
5211 2
5214 2
5218 0
5222 0
5224 0
5225 3
5229 2
5240 0
5244 0
5245 0
5247 2
5249 2
5253 3
5254 0
5255 0
5264 3
5265 2
5269 0
5272 0
5277 0
5287 2
5290 3
5292 2
5293 2
5295 1
5297 0
5301 0
5302 0
5306 1
5312 0
5318 0
5322 2
5328 0
5329 0
5331 3
5332 2
5335 1
5336 1
5337 1
5338 0
5340 2
5345 2
5358 1
5361 2
5362 2
5367 2
5372 2
5374 1
5378 2
5381 2
5384 0
5389 2
5401 2
5405 2
5407 1
5408 1
5411 2
5422 2
5431 0
5432 0
5433 0
5434 3
5436 3
5437 2
5441 2
5443 2
5444 2
5445 0
5446 1
5447 0
5453 2
5463 1
5464 2
5467 0
5469 1
5478 0
5481 0
5482 0
5483 1
5484 2
5485 0
5490 1
5496 2
5497 2
5498 2
5506 2
5508 2
5513 2
5514 0
5526 0
5538 0
5539 1
5541 2
5542 2
5545 1
5548 2
5552 1
5553 2
5556 1
5561 2
5562 1
5564 1
5567 2
5571 1
5573 0
5576 1
5579 2
5580 1
5581 2
5583 2
5587 1
5588 3
5589 3
5590 3
5593 0
5595 0
5603 0
5606 0
5609 2
5612 2
5613 1
5614 0
5615 3
5618 0
5619 1
5620 0
5622 0
5624 2
5627 1
5628 1
5630 2
5631 0
5637 1
5639 2
5641 0
5642 0
5643 3
5644 3
5646 2
5650 0
5653 1
5656 0
5657 1
5658 3
5659 0
5666 0
5668 2
5670 1
5672 3
5673 3
5676 1
5683 1
5686 2
5687 2
5690 1
5691 2
5698 2
5705 3
5706 0
5712 0
5714 0
5720 2
5722 0
5724 0
5727 0
5736 2
5745 2
5747 0
5751 2
5758 2
5765 2
5776 2
5777 2
5780 1
5787 0
5803 1
5808 2
5810 0
5811 2
5812 0
5814 2
5818 2
5819 1
5824 2
5828 0
5831 0
5832 0
5836 1
5838 2
5841 1
5843 2
5845 0
5847 0
5850 2
5851 3
5853 2
5854 2
5858 2
5859 2
5860 2
5862 2
5863 2
5865 1
5872 0
5876 0
5879 2
5881 2
5894 0
5895 2
5901 1
5903 2
5904 2
5907 2
5909 3
5911 0
5917 3
5922 0
5925 2
5927 3
5928 2
5930 2
5943 0
5945 2
5946 0
5961 2
5971 2
5975 3
5976 3
5978 0
5980 3
5982 2
5988 0
5989 2
5990 0
6002 1
6011 2
6013 2
6015 0
6018 1
6021 2
6022 2
6044 3
6045 1
6047 2
6051 2
6054 2
6055 1
6057 2
6064 2
6065 2
6066 3
6067 2
6068 2
6071 2
6073 2
6080 1
6089 3
6098 0
6104 2
6106 0
6107 2
6108 2
6115 3
6118 1
6119 1
6122 2
6127 0
6128 2
6132 2
6134 1
6135 2
6138 0
6140 2
6143 3
6150 0
6151 2
6152 3
6154 2
6156 0
6158 2
6159 2
6164 2
6167 1
6168 1
6169 2
6170 3
6172 0
6173 0
6174 2
6176 1
6180 3
6182 0
6187 2
6196 2
6200 1
6201 2
6203 2
6205 2
6206 2
6207 2
6209 2
6222 0
6226 0
6227 2
6228 2
6231 2
6232 2
6235 2
6237 0
6240 0
6241 1
6244 2
6250 2
6251 2
6255 2
6265 3
6267 2
6277 2
6282 2
6283 1
6284 0
6286 3
6289 0
6290 0
6306 1
6307 1
6315 0
6318 0
6324 1
6329 0
6330 2
6331 2
6332 2
6333 1
6334 0
6335 0
6336 2
6338 1
6345 0
6346 2
6349 2
6354 0
6356 1
6359 2
6360 3
6363 2
6365 0
6367 2
6368 2
6370 2
6379 1
6380 0
6381 1
6383 1
6384 0
6386 1
6388 3
6393 2
6395 1
6398 3
6400 2
6401 0
6408 0
6409 1
6414 2
6418 0
6419 2
6424 0
6426 1
6429 1
6434 3
6439 2
6442 1
6445 1
6446 2
6448 1
6451 2
6452 1
6454 0
6456 1
6460 0
6464 0
6465 0
6466 2
6467 2
6471 1
6478 3
6480 2
6492 3
6494 0
6495 0
6497 0
6504 2
6505 0
6506 2
6513 0
6522 2
6529 0
6533 0
6560 0
6562 0
6565 0
6569 3
6575 2
6576 2
6577 1
6578 2
6583 2
6588 1
6593 2
6595 0
6603 1
6604 2
6608 2
6609 0
6612 2
6614 2
6616 1
6619 2
6622 0
6624 2
6626 3
6631 2
6632 2
6634 0
6639 2
6653 1
6658 1
6662 2
6675 3
6676 0
6679 2
6683 2
6687 2
6689 2
6691 1
6692 2
6695 3
6697 2
6698 1
6701 1
6702 1
6703 1
6704 1
6708 1
6709 0
6710 1
6712 2
6715 2
6718 2
6719 1
6722 2
6723 1
6724 2
6725 0
6726 2
6733 0
6744 1
6751 0
6753 0
6759 2
6760 0
6765 0
6770 2
6772 1
6782 1
6787 0
6788 1
6792 0
6794 2
6796 0
6797 2
6798 1
6809 0
6810 1
6823 0
6828 1
6830 2
6834 0
6836 1
6837 1
6845 0
6846 3
6851 1
6853 0
6855 1
6856 1
6859 1
6860 1
6861 0
6871 0
6876 2
6879 2
6881 2
6882 3
6886 2
6887 1
6892 2
6896 1
6898 1
6901 0
6904 0
6905 1
6908 2
6909 1
6910 2
6913 0
6917 2
6920 2
6922 1
6923 0
6927 2
6932 0
6933 3
6935 0
6936 1
6939 2
6946 2
6947 3
6953 2
6954 3
6957 1
6958 2
6961 1
6962 2
6964 1
6965 2
6968 0
6978 0
6980 1
6982 0
6991 0
6993 2
6994 1
6996 2
6999 0
7001 0
7002 2
7006 2
7008 2
7011 0
7015 2
7016 2
7017 1
7018 1
7021 3
7023 1
7024 2
7031 1
7044 3
7045 2
7046 1
7050 1
7052 1
7053 1
7055 1
7056 2
7061 2
7064 2
7065 3
7070 2
7073 2
7074 2
7076 1
7086 0
7087 1
7088 0
7093 0
7094 2
7097 2
7098 2
7099 3
7102 2
7109 0
7110 2
7116 1
7120 2
7122 2
7123 2
7129 2
7130 0
7134 1
7136 0
7139 0
7141 0
7142 1
7148 0
7155 2
7158 2
7160 3
7164 2
7166 3
7167 0
7172 0
7176 1
7181 0
7183 0
7200 1
7201 1
7203 2
7204 0
7205 1
7206 2
7207 0
7208 2
7209 2
7210 3
7214 2
7216 2
7218 3
7219 3
7221 0
7225 0
7227 2
7228 1
7229 0
7238 2
7239 1
7240 3
7244 0
7246 2
7250 2
7256 2
7264 2
7265 1
7284 0
7296 0
7298 0
7306 2
7307 0
7315 0
7327 0
7328 2
7332 2
7335 0
7337 0
7349 2
7363 0
7365 0
7372 2
7374 3
7380 0
7388 2
7389 2
7391 1
7403 1
7405 2
7407 2
7408 2
7419 0
7426 0
7440 2
7443 0
7447 2
7450 2
7452 2
7459 2
7460 2
7461 1
7463 0
7467 2
7469 2
7481 1
7482 0
7483 0
7487 1
7488 2
7489 2
7491 2
7495 0
7496 0
7502 1
7516 2
7518 3
7522 2
7524 3
7525 3
7529 2
7532 2
7535 0
7538 3
7540 0
7541 1
7544 2
7549 2
7552 2
7556 0
7557 2
7561 2
7567 2
7569 2
7578 1
7579 1
7586 3
7587 0
7589 0
7593 2
7594 3
7596 1
7612 1
7615 2
7617 1
7618 0
7621 0
7624 3
7627 0
7634 2
7636 0
7639 2
7640 3
7645 0
7649 2
7651 2
7658 0
7661 0
7664 3
7675 0
7676 0
7677 3
7683 2
7688 2
7690 2
7691 1
7693 2
7695 2
7701 0
7702 2
7705 0
7708 1
7709 3
7714 0
7718 2
7721 2
7726 0
7728 2
7730 1
7732 1
7733 3
7736 3
7741 0
7747 2
7751 2
7752 1
7759 1
7762 1
7765 2
7766 1
7772 1
7774 1
7775 0
7778 0
7781 2
7782 1
7789 2
7794 2
7795 0
7796 3
7802 0
7805 2
7816 0
7817 1
7819 3
7820 2
7831 1
7832 3
7841 3
7844 0
7848 2
7852 3
7858 2
7860 0
7866 2
7869 2
7870 3
7871 0
7873 1
7875 1
7878 0
7882 1
7884 2
7890 2
7891 2
7896 0
7900 2
7906 2
7911 2
7912 0
7921 3
7927 1
7929 3
7931 0
7932 2
7934 2
7935 2
7936 2
7945 2
7947 2
7949 2
7952 0
7954 0
7955 2
7957 0
7961 2
7968 0
7970 1
7973 0
7974 0
7975 2
7982 1
7986 2
7990 3
7996 2
8001 1
8003 2
8009 2
8014 2
8018 3
8022 0
8024 0
8029 3
8042 0
8054 2
8061 0
8064 1
8069 2
8070 0
8072 1
8075 2
8079 0
8082 0
8095 3
8098 1
8100 3
8101 1
8115 2
8117 2
8119 0
8124 0
8127 0
8135 3
8143 0
8144 1
8145 1
8149 2
8150 0
8152 3
8154 3
8156 1
8160 0
8164 0
8168 2
8170 2
8172 1
8173 0
8178 0
8179 2
8180 0
8186 2
8188 2
8190 2
8191 0
8195 0
8197 2
8198 2
8199 0
8200 0
8208 0
8210 0
8212 0
8213 1
8216 0
8217 0
8220 0
8223 0
8224 1
8227 2
8228 2
8231 2
8232 0
8236 3
8237 2
8238 0
8241 2
8247 1
8260 0
8264 0
8266 2
8267 0
8270 0
8277 2
8278 2
8295 2
8296 2
8303 2
8317 1
8320 0
8325 2
8330 2
8331 2
8333 2
8335 0
8336 0
8337 0
8338 2
8343 1
8344 1
8346 1
8347 3
8351 1
8353 1
8354 1
8368 1
8370 0
8371 2
8375 0
8377 1
8379 1
8381 1
8383 2
8385 0
8392 2
8393 2
8402 2
8403 3
8407 2
8412 1
8415 1
8424 2
8428 0
8430 2
8434 0
8435 3
8441 2
8447 0
8449 2
8450 1
8455 0
8461 3
8462 0
8468 0
8473 2
8480 1
8483 0
8485 2
8486 2
8488 2
8489 0
8496 2
8498 3
8507 2
8513 0
8514 1
8515 2
8517 1
8524 2
8525 2
8527 2
8531 1
8533 3
8539 1
8541 2
8545 0
8548 2
8549 0
8553 2
8554 3
8561 0
8563 2
8564 2
8568 0
8570 1
8592 2
8593 0
8594 1
8599 0
8604 2
8606 0
8608 1
8609 2
8610 1
8612 0
8617 0
8619 3
8621 0
8625 2
8630 2
8632 2
8633 0
8642 0
8643 1
8644 2
8645 0
8651 0
8653 1
8655 2
8665 2
8672 0
8674 0
8675 2
8676 0
8683 1
8687 2
8696 2
8697 0
8704 0
8714 1
8715 0
8718 2
8720 1
8721 2
8727 0
8728 2
8731 0
8732 1
8737 2
8738 0
8739 3
8746 2
8752 2
8756 2
8758 2
8759 1
8761 1
8762 1
8764 1
8767 0
8769 1
8771 3
8780 1
8781 3
8786 1
8788 2
8791 2
8793 1
8795 3
8796 0
8799 2
8800 1
8801 0
8802 1
8803 0
8804 1
8805 2
8808 0
8810 2
8811 1
8814 2
8815 2
8825 1
8826 0
8827 2
8830 0
8831 0
8832 2
8834 2
8837 0
8841 2
8843 2
8845 0
8850 0
8852 0
8855 1
8862 2
8863 3
8865 3
8866 0
8877 1
8888 3
8898 1
8902 2
8904 1
8905 2
8906 2
8910 2
8912 3
8914 2
8916 2
8919 2
8921 2
8923 2
8930 2
8936 1
8938 2
8940 2
8953 1
8954 2
8955 1
8956 2
8959 0
8963 2
8968 0
8974 2
8981 2
8984 1
8985 0
8988 3
8990 2
8991 2
8992 3
8993 0
8995 2
8996 2
9000 1
9011 2
9015 0
9018 2
9023 2
9028 0
9029 0
9033 1
9034 0
9042 2
9045 2
9057 1
9058 3
9059 0
9060 3
9061 1
9067 2
9070 2
9075 2
9078 0
9081 2
9082 2
9086 1
9087 3
9088 3
9089 2
9092 0
9093 1
9094 0
9095 2
9103 2
9104 2
9106 0
9109 3
9112 2
9113 0
9127 2
9132 2
9138 0
9139 2
9142 0
9145 0
9152 2
9153 2
9156 1
9157 3
9164 0
9177 1
9182 0
9184 2
9196 0
9199 0
9209 1
9212 1
9215 0
9216 0
9217 2
9218 2
9223 1
9226 3
9228 2
9231 2
9232 2
9236 1
9238 0
9240 0
9254 1
9257 0
9261 0
9262 2
9265 1
9267 0
9269 2
9270 2
9272 3
9273 3
9274 2
9277 0
9280 1
9283 1
9286 0
9292 1
9297 0
9300 1
9301 0
9304 2
9307 2
9308 1
9310 0
9312 2
9316 0
9318 0
9322 1
9326 0
9330 0
9336 2
9343 2
9346 2
9350 2
9352 1
9355 3
9356 3
9358 1
9362 0
9364 2
9366 1
9374 1
9377 2
9378 2
9383 0
9385 3
9386 2
9389 0
9390 1
9392 0
9397 2
9398 1
9402 2
9403 1
9406 3
9411 2
9415 1
9418 1
9421 2
9425 1
9427 2
9428 2
9430 0
9437 0
9443 2
9446 1
9451 0
9455 1
9457 2
9461 2
9462 2
9465 1
9467 2
9473 1
9476 2
9477 2
9479 2
9485 1
9486 3
9491 0
9492 2
9493 1
9494 1
9496 2
9501 0
9503 2
9507 0
9523 0
9528 1
9531 2
9534 0
9536 0
9540 2
9543 2
9548 0
9555 1
9563 0
9574 1
9578 1
9580 1
9582 2
9583 2
9588 2
9590 2
9592 1
9595 2
9596 0
9597 2
9598 2
9601 2
9604 2
9606 1
9610 2
9615 2
9625 0
9630 2
9632 1
9634 1
9637 1
9639 2
9642 0
9645 2
9648 2
9650 2
9655 0
9657 0
9658 2
9661 1
9669 2
9673 1
9676 2
9681 2
9690 2
9691 3
9694 0
9696 1
9702 2
9705 0
9707 1
9719 1
9720 1
9722 2
9730 0
9734 0
9735 0
9754 2
9755 0
9759 0
9761 1
9770 1
9773 2
9780 2
9781 1
9787 3
9791 2
9792 2
9798 0
9801 2
9805 0
9808 2
9810 2
9814 0
9816 2
9817 2
9820 0
9829 2
9832 0
9834 3
9835 2
9838 1
9839 0
9840 0
9845 1
9849 0
9852 0
9854 1
9855 0
9858 0
9863 2
9865 3
9867 0
9886 0
9889 0
9890 0
9891 3
9892 0
9898 1
9899 1
9902 0
9907 2
9914 3
9929 2
9946 2
9958 0
9963 0
9981 2
9982 1
9995 2
9998 0
9999 2
10000 0
10002 3
10003 1
10005 3
10006 0
10011 1
10026 2
10027 2
10032 1
10034 1
10037 2
10038 2
10039 2
10041 2
10045 1
10048 2
10053 1
10055 2
10056 2
10060 2
10080 2
10081 3
10083 2
10086 2
10088 1
10089 2
10095 2
10099 2
10104 1
10105 0
10106 2
10119 1
10124 0
10125 1
10126 3
10129 2
10134 0
10137 2
10142 2
10149 1
10151 3
10154 0
10155 2
10156 1
10162 0
10166 2
10176 1
10191 3
10200 2
10201 1
10207 2
10212 0
10220 0
10222 2
10225 0
10235 2
10242 1
10244 3
10247 1
10256 0
10260 1
10261 2
10264 0
10268 1
10276 2
10282 2
10286 1
10287 2
10296 1
10298 2
10299 2
10301 2
10304 3
10305 2
10306 1
10308 0
10309 3
10310 1
10311 2
10316 2
10317 1
10319 3
10324 1
10327 1
10328 2
10330 3
10331 0
10332 1
10335 2
10340 3
10342 2
10345 2
10351 2
10356 1
10357 1
10358 2
10363 0
10364 2
10365 2
10366 2
10371 2
10377 2
10379 2
10380 1
10384 0
10389 0
10390 0
10391 1
10392 2
10394 0
10401 2
10405 2
10406 0
10407 2
10410 2
10412 2
10413 0
10417 3
10420 2
10422 2
10423 0
10426 1
10427 1
10433 2
10440 2
10449 2
10454 0
10461 2
10462 0
10463 2
10467 2
10471 1
10475 1
10477 2
10483 0
10486 2
10488 2
10490 1
10498 2
10503 2
10505 2
10510 0
10514 2
10516 3
10517 1
10522 1
10523 2
10533 2
10534 2
10535 2
10537 2
10542 2
10545 1
10552 0
10554 2
10555 0
10559 2
10562 1
10563 2
10564 2
10565 2
10568 1
10573 1
10574 2
10575 1
10579 2
10581 0
10582 1
10586 0
10589 2
10590 2
10591 2
10595 2
10602 2
10603 1
10605 1
10606 1
10607 1
10609 0
10611 0
10612 2
10616 1
10618 2
10620 0
10628 2
10630 2
10635 0
10637 0
10650 2
10656 0
10660 2
10672 2
10679 2
10685 0
10689 3
10696 2
10698 2
10699 1
10700 2
10702 2
10711 2
10714 1
10717 1
10733 0
10734 1
10741 1
10745 0
10747 3
10749 1
10755 0
10756 3
10767 0
10771 1
10773 1
10774 1
10780 0
10781 2
10784 0
10785 2
10791 1
10793 0
10796 2
10797 0
10798 0
10799 1
10801 2
10802 0
10809 1
10810 1
10814 1
10819 2
10822 1
10825 0
10827 0
10830 1
10831 2
10832 0
10834 0
10838 1
10839 0
10845 2
10849 0
10850 1
10851 1
10852 2
10853 2
10855 1
10856 2
10857 0
10861 2
10862 0
10863 0
10864 2
10867 1
10869 1
10870 2
10871 2
10878 2
10879 2
10880 2
10881 2
10883 2
10884 0
10887 2
10895 1
10896 1
10899 3
10901 2
10904 3
10906 2
10907 1
10911 2
10913 3
10916 2
10919 0
10945 2
10961 0
10964 0
10973 2
10974 3
10981 0
10991 1
10993 3
10994 1
10998 0
11005 1
11009 2
11010 3
11012 2
11015 2
11016 0
11020 2
11027 0
11035 0
11036 2
11037 1
11038 2
11041 2
11045 2
11052 0
11053 2
11055 2
11059 0
11061 0
11062 0
11063 0
11065 2
11072 1
11074 2
11078 2
11082 2
11089 2
11091 3
11092 3
11097 1
11109 2
11111 3
11112 1
11113 3
11118 0
11123 2
11128 2
11129 2
11132 2
11137 2
11138 2
11141 0
11144 1
11146 3
11148 2
11149 0
11159 3
11164 0
11165 0
11166 0
11167 1
11173 1
11175 1
11176 1
11182 2
11183 2
11184 1
11191 2
11192 2
11193 0
11194 2
11196 0
11200 1
11208 1
11218 1
11220 1
11226 2
11229 2
11232 0
11236 1
11237 2
11239 2
11243 2
11254 2
11258 3
11268 2
11273 3
11274 2
11276 1
11277 0
11292 0
11295 2
11299 1
11300 2
11302 0
11305 2
11307 2
11312 2
11315 0
11316 0
11317 3
11326 0
11327 2
11330 1
11334 2
11335 2
11336 2
11338 2
11344 2
11346 2
11349 0
11354 2
11355 3
11356 2
11358 0
11366 0
11367 0
11368 0
11371 2
11372 0
11373 2
11378 0
11379 3
11383 1
11388 1
11390 1
11391 0
11393 2
11397 2
11398 2
11401 0
11403 2
11405 0
11408 2
11417 2
11421 2
11424 3
11425 2
11426 3
11430 0
11431 2
11435 2
11441 3
11445 1
11447 0
11451 1
11453 2
11454 0
11458 2
11461 1
11462 0
11468 0
11477 2
11487 0
11496 3
11502 2
11503 0
11508 2
11510 2
11513 3
11514 2
11522 2
11530 1
11531 1
11532 2
11538 1
11540 2
11544 2
11557 2
11565 1
11573 2
11574 2
11579 2
11586 0
11592 0
11601 0
11613 1
11614 1
11615 1
11617 1
11619 1
11620 1
11621 0
11622 0
11629 0
11631 2
11633 0
11635 0
11636 1
11640 2
11641 2
11648 1
11650 2
11653 0
11654 0
11662 2
11668 2
11672 2
11674 0
11678 0
11684 2
11696 2
11697 0
11704 2
11723 0
11724 2
11729 1
11731 2
11732 0
11733 3
11736 1
11738 1
11741 1
11742 0
11743 1
11744 2
11745 2
11747 2
11750 0
11752 0
11754 0
11755 1
11756 0
11766 0
11768 2
11769 1
11773 2
11774 1
11779 0
11786 1
11789 2
11792 2
11793 1
11800 2
11806 2
11808 1
11815 1
11823 1
11824 1
11825 2
11826 2
11831 1
11833 1
11834 2
11837 0
11838 2
11840 0
11841 2
11845 2
11849 0
11850 3
11852 1
11854 0
11856 3
11857 0
11858 2
11859 1
11860 1
11861 1
11865 0
11873 1
11874 1
11877 2
11878 1
11880 1
11881 1
11883 1
11884 2
11885 0
11887 2
11897 0
11902 2
11905 3
11909 2
11913 1
11914 1
11919 3
11923 3
11932 0
11941 2
11944 2
11954 0
11955 0
11958 0
11961 0
11963 2
11968 1
11974 0
11977 0
11987 3
11990 1
11999 2
12001 0
12006 0
12011 3
12013 2
12023 1
12032 2
12037 2
12053 1
12062 2
12069 1
12073 1
12074 2
12079 3
12089 1
12100 2
12102 0
12106 2
12109 2
12110 2
12111 2
12113 2
12114 0
12120 0
12122 3
12127 2
12130 2
12134 2
12136 2
12139 2
12141 1
12145 1
12148 1
12149 1
12153 1
12154 0
12158 2
12162 1
12175 2
12180 1
12181 1
12183 2
12184 2
12190 0
12191 0
12202 2
12204 0
12206 1
12207 2
12208 2
12214 2
12221 0
12223 1
12225 2
12230 1
12235 0
12238 3
12243 2
12250 2
12252 2
12253 0
12257 0
12258 2
12260 1
12264 1
12269 3
12270 2
12272 2
12274 0
12277 0
12279 2
12285 0
12286 1
12300 2
12306 2
12307 1
12312 0
12314 2
12316 2
12324 2
12325 0
12327 2
12330 1
12332 2
12333 1
12340 3
12346 0
12353 0
12361 2
12366 2
12377 2
12389 2
12392 1
12394 0
12403 2
12408 0
12414 2
12417 2
12424 2
12426 0
12427 2
12428 3
12429 0
12431 3
12433 2
12435 2
12438 0
12446 0
12448 1
12450 0
12451 1
12459 1
12464 0
12465 1
12470 2
12471 0
12478 0
12481 0
12486 2
12487 0
12488 0
12494 2
12496 1
12501 2
12502 2
12503 0
12513 2
12521 2
12526 1
12530 1
12539 2
12540 0
12541 1
12549 2
12551 2
12554 3
12558 0
12563 2
12573 0
12579 0
12580 2
12584 2
12589 1
12592 2
12595 2
12596 2
12597 1
12599 2
12600 1
12602 0
12605 2
12606 1
12610 0
12611 2
12615 2
12616 0
12618 1
12620 3
12624 2
12626 2
12629 2
12633 1
12634 0
12636 0
12637 1
12638 2
12643 1
12648 2
12652 2
12654 0
12656 0
12657 2
12660 2
12662 1
12669 2
12671 0
12672 3
12674 3
12681 0
12686 2
12691 0
12695 3
12698 2
12704 1
12705 2
12711 2
12712 3
12714 1
12715 2
12717 1
12718 1
12727 1
12728 2
12730 1
12732 1
12734 0
12737 1
12739 2
12743 0
12744 0
12745 2
12747 2
12750 2
12759 1
12760 0
12761 2
12763 2
12764 0
12765 2
12767 3
12768 0
12770 1
12772 0
12774 1
12778 0
12780 1
12782 0
12783 1
12786 0
12788 2
12790 0
12792 1
12795 0
12799 0
12805 1
12809 1
12811 2
12813 2
12820 2
12821 0
12824 3
12828 0
12843 1
12849 0
12850 2
12852 2
12853 2
12861 2
12862 2
12865 2
12866 2
12867 1
12868 2
12870 1
12871 0
12872 2
12873 1
12874 1
12881 0
12901 2
12904 2
12906 2
12907 0
12908 0
12909 2
12910 2
12911 1
12912 3
12918 0
12919 1
12924 2
12930 2
12934 0
12941 1
12944 2
12946 1
12947 1
12949 2
12955 2
12956 2
12957 1
12958 0
12960 2
12961 2
12963 1
12964 2
12970 2
12971 1
12972 2
12973 3
12977 2
12981 1
12984 2
12985 0
12986 2
12987 1
12991 0
12998 1
13004 2
13010 0
13014 2
13017 1
13019 2
13020 0
13023 2
13027 0
13028 0
13029 3
13035 1
13037 1
13041 2
13043 2
13045 1
13046 0
13047 0
13051 2
13053 0
13056 0
13058 0
13060 0
13062 0
13064 3
13076 3
13077 2
13083 2
13084 2
13092 1
13100 1
13106 2
13107 0
13110 1
13112 1
13113 0
13114 2
13118 0
13119 0
13123 2
13128 1
13131 2
13133 2
13135 2
13136 2
13138 0
13139 0
13140 3
13142 1
13143 0
13148 2
13150 3
13153 2
13156 0
13158 1
13159 3
13160 1
13161 1
13168 2
13169 1
13172 0
13184 1
13192 2
13195 0
13196 0
13197 0
13199 1
13200 0
13202 1
13204 2
13205 2
13208 2
13210 2
13214 1
13216 0
13218 0
13220 2
13227 2
13229 2
13230 2
13233 1
13244 2
13245 2
13247 2
13249 3
13253 2
13256 1
13259 2
13260 3
13261 2
13266 1
13267 2
13276 2
13277 2
13278 2
13279 2
13280 1
13282 2
13283 2
13285 2
13286 3
13292 0
13293 1
13295 1
13301 2
13303 2
13307 1
13310 1
13311 2
13320 2
13324 2
13329 2
13331 2
13335 0
13340 2
13345 3
13348 1
13349 0
13350 0
13352 0
13353 0
13355 2
13360 2
13366 0
13375 0
13376 3
13377 0
13379 0
13381 0
13386 1
13392 0
13394 0
13395 2
13396 0
13399 2
13410 1
13414 2
13415 0
13418 1
13419 1
13423 0
13424 2
13428 3
13439 1
13442 2
13446 3
13449 2
13453 1
13458 0
13459 0
13463 0
13467 2
13470 3
13477 2
13484 0
13485 2
13489 0
13490 1
13494 3
13496 2
13501 1
13503 2
13504 2
13510 3
13511 2
13512 1
13513 0
13514 2
13515 1
13516 1
13517 0
13520 2
13522 0
13528 2
13532 0
13533 1
13535 2
13541 2
13545 3
13550 1
13551 2
13552 2
13559 2
13563 2
13565 2
13569 2
13572 2
13578 2
13582 0
13586 0
13589 0
13593 1
13594 3
13596 2
13600 1
13602 2
13603 0
13605 2
13607 2
13608 2
13610 1
13613 0
13614 2
13618 1
13621 2
13625 0
13627 2
13628 1
13634 2
13638 2
13640 1
13646 1
13647 2
13651 0
13654 3
13656 1
13664 0
13676 0
13680 0
13681 3
13683 1
13687 2
13691 2
13695 2
13699 0
13702 2
13710 2
13713 2
13718 2
13720 2
13723 2
13726 2
13727 1
13732 2
13734 1
13741 2
13744 1
13750 2
13753 1
13754 2
13758 0
13759 0
13762 1
13769 0
13772 2
13781 1
13782 2
13783 2
13784 1
13787 2
13789 3
13793 0
13801 0
13815 0
13816 2
13825 0
13827 0
13828 1
13829 0
13830 0
13834 2
13836 2
13841 0
13842 0
13843 0
13845 1
13846 2
13852 2
13864 2
13867 2
13868 0
13879 2
13883 0
13884 2
13891 1
13893 1
13894 0
13896 0
13897 0
13898 3
13899 0
13916 2
13919 3
13921 1
13922 1
13924 0
13926 3
13927 1
13928 1
13937 1
13946 0
13959 1
13963 3
13964 3
13965 0
13966 3
13967 1
13970 0
13978 2
13982 0
13984 0
13992 0
13993 2
13996 1
13997 0
14001 2
14002 0
14004 3
14007 1
14012 1
14013 1
14015 0
14029 2
14036 1
14038 2
14040 1
14046 0
14065 0
14066 3
14067 0
14070 0
14073 0
14077 3
14084 1
14086 1
14090 2
14095 2
14109 3
14116 1
14124 0
14125 2
14128 2
14130 1
14133 2
14134 0
14137 2
14138 1
14139 1
14142 3
14144 2
14145 2
14147 2
14148 2
14150 1
14151 2
14156 1
14157 2
14167 0
14168 1
14171 0
14175 0
14177 2
14180 1
14181 1
14186 2
14187 0
14190 2
14194 2
14201 0
14209 0
14211 0
14212 2
14215 0
14216 2
14218 0
14219 0
14221 0
14222 0
14224 1
14228 0
14233 0
14238 1
14242 0
14247 0
14250 2
14251 0
14252 0
14253 2
14254 2
14256 1
14258 2
14259 1
14261 0
14264 2
14266 0
14269 0
14274 2
14277 2
14278 2
14281 2
14282 1
14287 1
14289 1
14293 0
14301 0
14302 2
14304 0
14307 2
14309 0
14310 3
14312 2
14314 2
14315 1
14316 2
14317 0
14319 0
14320 2
14321 2
14322 2
14323 2
14335 2
14343 2
14344 0
14351 3
14352 2
14357 2
14359 1
14360 1
14362 1
14363 1
14364 1
14365 3
14367 1
14369 2
14373 1
14378 0
14380 0
14383 0
14386 2
14390 0
14391 0
14392 2
14397 0
14401 0
14402 0
14403 0
14405 1
14409 2
14412 2
14413 2
14417 0
14420 2
14427 2
14430 3
14431 1
14432 3
14433 2
14442 1
14447 0
14451 0
14453 0
14455 0
14458 2
14461 0
14463 1
14464 3
14467 1
14476 0
14479 0
14480 0
14488 3
14489 1
14490 2
14498 2
14501 0
14502 1
14509 2
14511 0
14513 2
14514 3
14519 0
14524 1
14529 0
14533 2
14544 2
14546 0
14560 1
14561 3
14562 1
14565 1
14566 3
14569 0
14571 2
14572 0
14576 0
14580 3
14584 0
14586 2
14591 2
14600 2
14604 2
14607 2
14608 2
14611 1
14612 0
14622 2
14623 0
14625 2
14626 1
14627 2
14628 0
14631 2
14632 2
14633 0
14642 2
14647 2
14649 2
14651 2
14666 2
14671 0
14673 2
14676 0
14679 0
14681 2
14682 2
14685 0
14690 2
14719 2
14724 2
14725 0
14728 3
14731 2
14737 2
14738 3
14748 0
14753 2
14756 0
14761 1
14762 0
14765 0
14768 0
14774 1
14779 2
14780 2
14781 0
14789 2
14791 2
14792 2
14793 1
14797 1
14803 2
14804 2
14805 2
14808 2
14811 2
14817 2
14829 2
14830 2
14832 0
14837 0
14842 2
14845 0
14848 1
14849 2
14850 2
14851 2
14858 2
14863 1
14864 2
14865 0
14867 0
14872 2
14873 2
14874 2
14877 2
14878 2
14884 2
14887 0
14889 0
14894 2
14899 1
14903 2
14904 2
14906 2
14908 1
14911 0
14913 2
14914 2
14916 0
14918 3
14920 0
14921 1
14923 0
14925 2
14928 2
14935 2
14945 1
14949 0
14950 2
14951 2
14953 3
14963 3
14965 0
14966 0
14967 0
14972 2
14975 1
14981 1
14983 2
14986 0
14992 0
14996 2
14997 0
15000 0
15001 1
15004 2
15005 1
15017 1
15020 0
15021 2
15022 2
15027 1
15034 2
15035 3
15039 2
15042 2
15043 2
15046 1
15051 2
15055 2
15060 3
15064 0
15066 2
15067 2
15068 2
15069 2
15070 2
15072 0
15074 0
15075 2
15079 3
15080 2
15084 3
15085 2
15095 1
15096 3
15099 1
15102 1
15103 1
15104 1
15106 1
15107 1
15109 1
15111 3
15112 1
15114 2
15116 2
15119 0
15123 1
15124 3
15126 1
15128 0
15132 1
15134 1
15135 2
15136 1
15137 3
15138 0
15140 0
15143 2
15144 0
15145 0
15155 0
15158 0
15160 1
15162 1
15167 2
15170 1
15177 2
15179 2
15180 1
15181 1
15184 0
15189 0
15191 2
15194 2
15197 2
15202 2
15209 1
15215 0
15220 2
15223 0
15225 1
15226 2
15228 0
15229 2
15231 0
15232 1
15241 2
15245 2
15246 0
15248 1
15250 3
15255 0
15258 1
15259 0
15260 2
15261 2
15264 2
15266 1
15268 0
15269 1
15270 0
15273 0
15278 3
15279 2
15282 2
15283 0
15284 1
15286 1
15287 2
15289 3
15292 1
15296 2
15299 0
15301 2
15303 2
15304 2
15308 1
15311 2
15312 3
15314 0
15315 2
15316 1
15317 1
15318 2
15323 2
15329 2
15333 2
15344 3
15349 1
15355 2
15356 1
15363 2
15366 1
15371 2
15374 0
15375 1
15376 3
15377 2
15380 1
15381 2
15384 0
15387 2
15390 0
15400 2
15401 0
15405 2
15409 2
15413 2
15417 2
15421 0
15423 0
15425 0
15428 2
15429 2
15430 1
15431 2
15433 1
15439 1
15440 1
15444 2
15448 2
15455 0
15457 2
15461 0
15463 0
15471 1
15473 0
15477 2
15479 0
15486 2
15488 3
15490 1
15491 1
15496 0
15498 0
15503 2
15508 0
15509 1
15510 2
15511 0
15513 0
15520 0
15522 1
15524 1
15530 0
15531 0
15532 3
15534 0
15539 0
15543 1
15546 0
15550 0
15552 1
15561 1
15562 0
15565 1
15566 0
15568 3
15569 0
15570 0
15573 0
15574 0
15580 2
15593 0
15600 2
15602 2
15603 1
15605 1
15606 2
15607 1
15613 1
15614 0
15615 2
15616 0
15620 1
15627 1
15628 3
15630 1
15638 2
15645 3
15647 1
15650 0
15652 1
15654 2
15655 2
15656 0
15657 2
15658 2
15661 1
15665 1
15666 1
15668 1
15669 1
15671 0
15675 2
15676 0
15681 1
15684 0
15694 1
15696 0
15699 1
15701 0
15706 1
15707 1
15708 2
15714 1
15716 0
15717 0
15718 0
15719 1
15721 2
15722 2
15725 0
15726 1
15730 1
15736 1
15738 2
15740 1
15741 1
15744 2
15746 0
15748 2
15749 1
15757 2
15758 2
15760 0
15761 2
15764 0
15765 2
15773 2
15775 0
15776 2
15777 2
15780 0
15781 1
15782 1
15785 0
15788 1
15789 0
15790 0
15793 0
15798 1
15816 2
15817 2
15818 2
15824 2
15825 0
15826 3
15829 0
15834 1
15839 1
15842 0
15844 2
15845 2
15848 1
15850 2
15852 2
15853 1
15854 1
15855 1
15859 1
15861 1
15862 2
15871 1
15875 1
15877 0
15880 1
15882 0
15892 1
15895 0
15897 0
15898 2
15900 2
15901 1
15902 1
15903 2
15908 1
15910 1
15911 3
15921 2
15923 1
15931 0
15940 0
15941 0
15954 1
15957 0
15958 3
15959 1
15962 0
15963 2
15966 2
15969 0
15973 2
15976 0
15977 0
15978 3
15979 1
15983 2
15984 0
15988 1
15999 1
16000 2
16002 2
16003 2
16008 0
16014 2
16023 1
16025 1
16032 1
16033 3
16034 2
16036 1
16037 1
16039 2
16040 2
16041 1
16043 2
16046 0
16049 1
16050 3
16051 0
16056 1
16058 0
16059 0
16060 2
16061 1
16063 1
16064 2
16066 1
16067 2
16068 2
16069 2
16073 1
16075 1
16081 2
16082 2
16084 0
16085 0
16086 0
16087 2
16088 1
16090 1
16091 2
16093 2
16098 0
16104 0
16105 0
16106 2
16107 0
16108 2
16109 2
16110 2
16112 0
16113 2
16115 2
16117 2
16123 1
16135 2
16138 2
16140 3
16143 2
16144 0
16145 0
16159 0
16160 0
16161 2
16164 1
16168 0
16169 2
16179 3
16184 2
16186 2
16191 1
16192 0
16197 0
16201 1
16202 0
16203 0
16204 1
16206 0
16207 0
16213 0
16214 2
16220 2
16224 2
16228 3
16234 2
16238 3
16244 1
16245 1
16247 0
16250 2
16261 1
16263 2
16265 1
16266 2
16277 2
16279 0
16283 0
16285 0
16288 1
16289 1
16291 2
16292 0
16295 1
16297 0
16301 1
16302 1
16304 2
16306 1
16307 0
16317 0
16321 0
16325 0
16327 1
16330 3
16331 1
16333 1
16334 1
16339 0
16341 0
16342 2
16344 2
16347 2
16350 2
16356 0
16358 2
16361 2
16362 2
16364 0
16368 1
16371 2
16375 0
16376 2
16379 2
16380 0
16381 1
16382 1
16384 0
16385 2
16386 2
16391 1
16392 3
16393 2
16394 1
16396 1
16398 0
16400 1
16401 2
16404 3
16405 2
16407 0
16411 1
16412 0
16414 2
16415 2
16420 2
16422 2
16424 1
16429 2
16430 2
16431 2
16432 0
16433 2
16441 2
16443 2
16444 0
16445 2
16447 2
16452 1
16454 3
16456 2
16460 2
16464 1
16466 1
16472 1
16477 2
16480 0
16484 1
16485 0
16488 2
16501 1
16505 0
16509 1
16511 0
16513 1
16514 2
16517 1
16518 2
16519 0
16522 1
16524 1
16528 1
16533 1
16538 0
16540 2
16541 0
16542 0
16543 2
16550 1
16551 2
16555 3
16557 2
16559 0
16572 3
16581 1
16583 2
16589 3
16590 3
16594 2
16597 0
16600 1
16608 0
16612 1
16613 2
16614 0
16618 2
16624 2
16626 2
16633 0
16636 2
16640 1
16644 2
16646 1
16650 0
16652 0
16658 0
16666 1
16671 1
16672 0
16675 0
16684 2
16686 1
16688 2
16689 1
16691 2
16693 1
16695 2
16704 3
16706 1
16709 1
16710 3
16712 0
16713 0
16719 2
16721 1
16722 2
16724 2
16725 1
16726 0
16728 1
16731 0
16733 2
16736 0
16740 0
16741 2
16742 1
16743 2
16744 2
16747 3
16748 0
16752 2
16753 2
16755 2
16757 0
16759 1
16765 2
16770 1
16774 1
16775 1
16790 1
16791 2
16796 3
16800 3
16803 1
16807 1
16812 2
16813 1
16814 2
16815 2
16817 1
16823 0
16824 0
16831 1
16833 2
16836 1
16837 1
16841 2
16843 3
16847 0
16848 2
16851 2
16852 1
16854 2
16857 1
16862 1
16865 0
16868 2
16872 1
16876 3
16884 1
16885 0
16886 2
16896 1
16897 2
16898 2
16902 2
16905 1
16907 0
16908 1
16909 1
16914 1
16923 2
16925 2
16926 2
16928 2
16929 2
16930 2
16937 2
16938 0
16939 1
16946 2
16948 0
16950 2
16962 2
16965 0
16976 1
16980 2
16984 1
16986 0
16989 1
16990 2
16991 3
16992 2
16993 2
16994 2
16999 0
17000 1
17001 0
17002 1
17008 2
17010 1
17022 0
17029 0
17030 1
17035 2
17036 2
17042 2
17043 0
17046 1
17049 1
17050 1
17052 2
17055 2
17061 2
17062 0
17068 3
17069 3
17074 1
17077 3
17085 0
17086 3
17089 0
17090 3
17093 1
17097 2
17099 2
17102 0
17104 0
17108 0
17111 2
17117 1
17118 2
17119 0
17121 2
17126 2
17128 3
17129 1
17131 1
17133 0
17136 0
17138 1
17140 0
17141 2
17147 0
17150 3
17151 2
17152 1
17153 0
17154 0
17158 1
17160 0
17161 2
17164 1
17167 2
17168 2
17170 3
17172 1
17173 1
17182 1
17184 1
17187 2
17188 2
17190 1
17193 2
17194 2
17195 0
17197 0
17205 1
17206 1
17207 3
17209 1
17210 2
17211 1
17214 0
17216 1
17217 2
17218 1
17220 1
17225 0
17227 1
17228 0
17231 0
17233 2
17237 2
17244 0
17245 1
17251 1
17255 0
17257 0
17260 2
17262 0
17265 2
17268 1
17271 2
17273 2
17276 0
17277 1
17283 0
17285 0
17288 1
17290 2
17291 2
17292 1
17293 0
17297 0
17303 0
17304 2
17306 2
17307 2
17308 2
17310 1
17311 2
17313 2
17324 2
17328 0
17331 1
17336 2
17345 0
17346 0
17347 0
17348 0
17349 0
17350 0
17351 1
17352 0
17354 3
17358 1
17362 2
17364 2
17368 1
17376 0
17378 3
17381 2
17384 0
17388 2
17395 2
17396 2
17399 2
17401 3
17402 1
17403 1
17404 1
17406 2
17407 2
17409 1
17412 3
17414 0
17417 1
17424 1
17430 2
17431 3
17432 2
17435 3
17440 2
17441 2
17445 2
17461 3
17469 0
17470 0
17472 0
17474 2
17475 0
17476 0
17477 1
17480 2
17485 0
17486 0
17487 2
17488 2
17491 2
17496 3
17497 3
17499 2
17503 2
17504 2
17505 0
17506 2
17507 2
17509 2
17512 1
17514 2
17515 3
17516 2
17520 1
17522 0
17524 2
17529 1
17532 2
17533 3
17536 2
17537 0
17539 3
17541 1
17544 2
17545 1
17549 1
17550 2
17551 2
17553 2
17554 2
17556 2
17560 1
17563 2
17564 2
17567 3
17568 0
17569 2
17570 2
17573 1
17577 1
17578 2
17581 1
17584 3
17587 0
17593 2
17594 1
17595 2
17597 1
17598 2
17600 1
17607 2
17609 1
17610 2
17613 0
17616 0
17620 0
17632 1
17637 0
17639 1
17640 1
17642 1
17644 1
17645 0
17648 0
17649 1
17650 1
17651 0
17652 1
17657 0
17660 2
17663 1
17664 0
17665 2
17666 2
17674 2
17678 1
17680 0
17684 2
17685 2
17687 1
17689 2
17691 2
17693 3
17695 2
17698 0
17700 1
17702 2
17708 2
17710 2
17719 1
17725 0
17726 2
17727 1
17737 2
17744 1
17753 0
17754 2
17755 0
17756 0
17758 0
17759 1
17760 2
17762 2
17764 2
17766 0
17767 1
17768 2
17770 3
17774 1
17777 0
17789 1
17797 3
17801 2
17810 1
17811 1
17813 1
17814 2
17827 1
17830 3
17832 3
17835 2
17840 2
17842 2
17843 2
17845 0
17846 0
17849 2
17851 1
17852 2
17855 2
17858 0
17882 0
17885 0
17887 2
17889 0
17891 0
17892 0
17895 0
17899 0
17900 2
17917 1
17919 0
17922 0
17924 0
17926 0
17932 0
17937 2
17939 0
17941 1
17944 1
17945 2
17948 2
17949 2
17956 2
17957 0
17959 2
17963 1
17964 0
17973 2
17977 2
17978 0
17979 2
17982 2
17985 2
17987 0
17989 1
17992 2
17995 2
17996 1
17998 2
18004 2
18008 1
18011 2
18013 0
18015 2
18022 1
18027 2
18028 1
18032 0
18038 2
18044 0
18048 2
18050 3
18055 2
18056 0
18057 2
18062 2
18067 0
18069 0
18076 0
18078 2
18081 2
18082 0
18083 1
18084 0
18088 2
18096 2
18098 2
18100 1
18107 3
18108 0
18109 2
18110 1
18112 3
18113 0
18121 1
18126 0
18130 1
18133 2
18134 2
18140 0
18142 1
18143 1
18144 2
18146 0
18147 1
18148 0
18150 2
18155 1
18156 1
18159 2
18163 0
18166 0
18167 1
18174 2
18178 1
18183 0
18186 2
18190 1
18193 1
18196 1
18197 0
18201 1
18203 2
18207 2
18212 1
18216 2
18218 2
18221 2
18222 0
18224 0
18225 2
18228 2
18232 2
18234 2
18237 1
18241 0
18243 0
18245 0
18247 2
18250 2
18252 1
18259 1
18264 1
18269 2
18275 1
18279 1
18281 0
18282 1
18284 1
18286 2
18287 1
18290 0
18291 0
18294 1
18296 0
18305 0
18306 2
18310 3
18312 1
18314 2
18316 1
18319 0
18324 2
18328 1
18330 0
18334 1
18335 1
18337 0
18344 2
18348 1
18349 1
18350 0
18355 3
18357 2
18358 3
18362 3
18363 1
18366 2
18376 2
18379 1
18383 2
18384 2
18385 1
18390 0
18397 1
18401 1
18404 2
18414 3
18419 1
18420 2
18421 3
18426 1
18434 3
18436 2
18437 0
18443 2
18452 2
18457 1
18462 3
18463 0
18470 1
18475 0
18479 0
18482 0
18483 2
18496 0
18500 2
18503 3
18504 1
18505 2
18515 2
18517 0
18521 0
18524 1
18528 0
18530 0
18534 2
18538 2
18541 0
18542 0
18544 0
18558 0
18564 0
18567 3
18568 0
18569 1
18572 0
18579 2
18580 2
18581 2
18584 1
18589 1
18594 2
18598 2
18600 2
18601 0
18604 2
18609 0
18614 2
18615 1
18620 2
18621 0
18623 0
18627 0
18628 2
18629 2
18630 0
18632 2
18634 1
18639 1
18640 1
18643 2
18644 2
18645 0
18647 2
18649 0
18652 2
18654 0
18655 2
18659 1
18661 1
18662 2
18664 0
18665 2
18675 0
18676 2
18678 0
18679 3
18682 1
18686 1
18690 1
18692 2
18696 3
18698 0
18700 2
18701 2
18704 1
18706 2
18707 1
18710 2
18713 1
18715 3
18723 1
18725 1
18732 2
18733 2
18734 2
18736 1
18746 2
18747 1
18754 2
18771 2
18772 1
18774 3
18778 0
18790 0
18792 2
18805 3
18806 2
18807 2
18809 2
18811 1
18819 0
18820 2
18832 1
18833 0
18836 1
18839 2
18841 2
18844 1
18853 2
18859 1
18861 2
