16384 0
8192 2
16386 2
16388 2
0 0
16393 2
8202 0
15276 2
16397 1
2733 2
17076 1
8212 0
16407 0
8216 0
8217 0
16411 1
16412 0
16414 2
16415 2
8224 1
8226 2
5467 0
37 0
16422 2
8232 0
8233 1
8237 2
8241 2
16434 2
1374 2
16439 1
56 0
8250 1
16443 2
4106 2
13641 2
66 1
8260 0
8261 2
16454 3
72 1
73 2
74 0
9270 2
16461 2
79 3
16464 1
16466 1
84 3
8279 2
88 2
1380 0
91 1
16481 1
13915 3
16484 1
101 1
8295 2
104 0
16489 3
8298 0
1383 2
108 2
16494 0
113 2
17404 1
10915 2
118 1
6220 1
120 3
16404 3
123 0
16509 1
126 2
8319 0
16512 1
16514 2
13675 1
132 2
133 2
9831 2
16519 0
16520 2
137 1
16522 1
139 3
16524 1
8333 2
16527 2
144 2
8337 0
146 3
16533 1
16534 0
151 1
8344 1
16540 2
157 0
159 2
8352 1
8353 1
8354 1
8356 3
14190 2
16550 1
9585 0
6855 1
172 0
16557 2
175 3
8368 1
177 1
178 0
8371 2
8373 2
183 2
8223 0
16572 3
10954 0
17737 2
191 0
192 2
6859 1
197 2
8391 2
4371 2
8393 2
202 2
17783 2
8397 2
206 3
16591 2
208 2
209 2
8402 2
6862 3
7039 1
8407 2
218 3
6863 0
8412 1
8413 2
8415 1
8417 3
16612 1
16613 2
16614 0
10961 0
16618 2
16619 0
16620 3
237 2
8430 2
9597 2
16625 0
16627 0
633 2
8785 0
1372 1
16633 0
8444 0
16637 3
16638 0
6869 1
16640 1
261 2
16646 1
8455 0
8461 3
8462 0
271 2
8468 0
279 0
281 3
16666 1
17243 1
16668 1
285 1
16670 0
17797 3
16672 0
289 2
8482 0
8483 0
16678 1
16679 1
8488 2
297 2
299 1
16684 2
8494 0
303 2
16688 2
8497 1
307 0
308 2
16693 1
2738 3
8506 1
16699 0
16700 2
16702 3
319 2
2784 0
16706 1
323 0
324 1
8517 1
16710 3
16713 0
16715 0
332 2
15074 0
16718 1
16719 2
16720 2
16721 1
8531 1
16725 1
8536 1
16730 0
8539 1
16442 2
16734 1
8543 3
8545 0
354 2
16740 0
16741 2
16742 1
16743 2
360 2
8553 2
15079 3
16748 0
16445 2
16752 2
8564 2
16757 0
16759 1
16760 0
16761 1
16762 0
12351 2
8573 1
8574 0
383 0
16768 2
7105 1
387 0
8581 0
392 1
394 2
8588 1
16781 0
8593 0
16789 3
8599 0
8600 1
16452 1
16794 3
8603 1
16796 3
16799 1
8608 1
16801 0
8610 1
8611 2
8612 0
8613 2
3241 1
16807 1
424 0
17820 0
427 2
11471 2
287 2
16456 2
16818 0
15091 1
8629 1
438 0
8631 1
16824 0
8635 2
444 2
8266 2
8638 1
447 0
448 3
9632 1
8642 0
451 1
16836 1
8645 0
454 2
455 1
456 1
16841 2
8654 0
16847 0
464 2
16851 2
16854 2
8665 2
8666 2
475 1
1899 0
8671 3
481 1
16866 1
8675 2
488 2
16876 3
876 3
8687 2
8688 2
8690 1
500 2
501 1
502 2
8696 2
16889 2
16891 3
508 0
509 3
8702 2
512 1
16897 2
515 0
16900 2
8709 1
15105 1
16904 3
8716 1
16909 1
4365 2
8719 3
8721 2
10369 2
8725 1
16919 1
8728 2
538 0
16923 2
8732 1
542 2
16927 1
16928 2
545 2
16930 2
8739 3
548 1
551 1
8744 2
16937 2
554 2
555 2
8750 2
6920 2
563 2
8756 2
16949 0
8758 2
8759 1
16953 1
8762 1
16955 0
572 0
15114 2
8767 0
577 1
8771 3
8772 0
16965 0
583 1
584 2
8777 0
586 3
16971 1
588 1
8781 3
591 1
8784 1
1464 2
595 1
8788 2
1465 2
8792 1
6005 1
8795 3
8796 0
13754 2
606 0
16485 0
16992 2
16993 2
8802 1
611 1
16997 2
8806 0
17000 1
617 0
17002 1
8811 1
620 3
621 2
8814 2
8815 2
8817 1
17010 1
8819 1
17012 3
4201 2
17017 0
17018 0
5567 2
17020 3
17022 0
8831 0
17025 0
643 2
644 1
17029 0
17030 1
1473 1
8840 1
8841 2
8842 2
17036 2
17037 2
654 0
8849 2
658 0
1475 1
660 2
661 1
664 0
17049 1
666 0
8860 1
8862 2
1477 1
8866 0
15131 1
676 2
5574 2
17062 0
8871 2
17065 0
4210 3
17071 2
3005 0
17073 2
6024 2
8884 2
17077 3
9673 1
700 2
17086 3
17088 0
17089 0
17090 3
17091 0
17092 1
8902 2
17095 0
17097 2
8906 2
17099 2
7116 1
17102 0
17104 0
8913 1
8917 1
726 2
17111 2
17112 0
17113 1
730 2
17115 2
7097 2
8928 1
8929 2
8932 0
6950 0
742 0
743 0
17128 3
17129 1
8938 2
17131 1
748 2
749 0
8317 1
17136 0
17137 2
17138 1
9683 0
17140 0
8953 1
764 2
10525 0
17151 2
17152 1
17153 0
17154 0
8963 2
17156 2
13782 2
774 1
17159 3
8968 0
17161 2
17164 1
17168 2
17169 0
786 0
787 2
788 2
17173 1
790 2
8984 1
16516 1
10392 2
795 2
17181 2
17182 1
16517 1
17184 1
8993 0
17187 2
8996 2
17189 3
17192 0
2209 0
9003 2
17197 0
9008 0
18600 2
9011 2
820 2
9694 0
17206 1
9015 0
17209 1
9018 2
9019 1
8330 2
9022 3
17215 0
17216 1
17218 1
17219 1
17220 1
2210 2
17225 0
17226 0
844 2
17229 3
17231 0
17232 1
9042 2
852 2
17237 2
2873 0
856 0
858 1
12431 3
17244 0
861 2
862 0
9055 0
865 1
9059 0
870 2
12433 2
873 1
2484 0
17260 2
17261 0
9070 2
12850 2
17268 1
887 2
888 2
9082 2
17276 0
9086 1
9087 3
9088 3
9089 2
898 2
17283 0
9092 0
9093 1
902 1
903 0
904 1
17290 2
17291 2
9100 2
9101 0
910 1
17295 0
17296 3
12851 1
17299 0
17300 1
917 1
17302 2
919 0
920 2
9113 0
922 2
17308 2
9578 1
17310 1
17311 2
9123 2
933 1
936 3
17322 2
17325 1
8349 2
9136 2
9137 2
9141 1
9142 0
9143 1
952 1
9145 0
17338 1
9147 1
17340 0
2214 1
17344 0
4256 2
9499 2
964 3
9157 3
16545 2
17360 2
9169 0
17362 2
9173 2
17368 1
987 1
13818 3
17376 0
9186 2
17379 2
9188 1
17381 2
16400 1
17388 2
1006 0
15582 0
1010 1
17395 2
17396 2
17399 2
9209 1
9210 1
9211 2
9212 1
17406 2
9215 0
9216 0
8763 0
1026 2
16555 3
1028 1
6998 2
17414 0
9223 1
9224 1
8364 2
17419 1
1037 3
9230 0
173 2
17427 3
9237 2
17431 3
17432 2
9241 2
17434 0
1052 0
1054 2
17440 2
9250 2
1542 2
17446 1
1063 2
9256 1
9257 0
17450 1
1067 2
16562 2
1071 1
9264 1
9265 1
15321 1
4333 2
17462 0
1545 2
9273 3
9274 2
17467 2
1084 0
15039 2
9278 1
17472 0
17474 2
17475 0
17476 0
17477 1
9287 0
17480 2
13836 2
9290 3
9292 1
17487 2
9296 3
4280 1
1107 1
9300 1
9742 1
9304 2
771 1
1114 1
17499 2
9308 1
9309 1
17502 3
17503 2
9312 2
17506 2
187 1
9316 0
17509 2
9318 0
5649 1
17512 1
9322 1
1134 0
1135 2
1137 0
11229 2
17523 2
9332 2
1141 1
17526 0
17527 0
1144 2
17530 1
1147 2
17533 3
1150 2
1151 1
11451 1
17538 1
9347 1
9350 2
9352 1
9353 0
9354 1
1163 2
1164 1
17549 1
13405 2
17552 1
17553 2
17554 2
195 2
17556 2
1173 2
1174 2
1175 2
1177 2
17562 1
17563 2
1181 3
9376 0
17569 2
1186 0
1187 2
1188 1
1189 2
17574 1
17575 1
1192 2
1564 1
17578 2
16583 2
1196 2
9390 1
1200 0
10498 2
1204 0
9397 2
1206 2
9400 0
9402 2
16586 2
17598 2
9407 0
17600 1
9409 1
1218 2
16587 0
9412 1
17605 1
9415 1
17609 1
9418 1
9421 2
17616 0
9425 1
9427 2
17620 0
1237 2
9430 0
1239 0
1246 3
17631 0
17633 3
1250 0
1251 1
9446 1
17639 1
17640 1
17642 1
17959 2
9453 3
9455 1
17649 1
17650 1
9459 2
17652 1
9461 2
1272 3
17657 0
1274 0
9467 2
17660 2
17662 2
213 2
17664 0
17665 2
17666 2
1283 2
1284 1
214 0
9478 2
1287 1
1290 1
16137 1
1293 3
1294 2
9488 3
17684 2
9493 1
17687 1
9496 2
17689 2
9658 2
1307 0
17692 3
1309 2
17695 2
1314 1
9507 0
17703 2
3773 2
1322 2
17707 2
1324 2
17710 2
221 3
1331 1
17718 1
17719 1
1336 2
13876 0
1338 1
9532 3
1341 2
17726 2
17727 1
9536 0
17729 1
7051 1
9541 1
9543 2
1353 0
1354 1
13879 2
1356 3
12514 0
10138 3
7053 1
11793 1
9554 2
9555 1
9556 2
11150 2
17751 2
17753 0
1370 2
17755 0
17756 0
17757 1
9566 0
1375 2
1377 2
17764 2
1381 2
9574 1
17767 1
17768 2
1385 3
1386 3
1387 1
9580 1
9582 2
9584 0
17777 0
1395 1
1396 2
9590 2
9591 0
9592 1
1401 2
9594 2
17787 3
9596 0
17789 1
9599 0
9600 1
1409 0
17795 1
9605 1
1415 2
1416 3
17801 2
9610 2
9611 2
9615 2
17810 1
17811 1
9620 2
9623 2
17818 2
1436 1
17821 2
17989 1
17824 0
1444 2
11232 0
9638 3
9639 2
1449 2
17835 2
9645 2
9646 1
7069 0
9648 2
17992 2
17842 2
17843 2
1460 3
17845 0
16961 3
17848 1
9657 0
17850 1
17851 1
17852 2
9661 1
17855 2
17857 0
9667 3
8778 1
9669 2
1481 0
1482 1
1483 2
9676 2
1486 0
1488 1
16632 2
1491 0
9690 2
9448 0
9693 1
1502 0
17887 2
15722 2
1509 2
9702 2
17896 1
9705 0
17899 0
1521 3
9811 0
17911 0
17913 2
9722 2
8447 0
1533 0
9726 2
1538 2
9814 0
9734 0
9735 0
9736 1
2988 0
17934 2
17935 1
17937 2
17941 1
2234 2
17944 1
1561 2
17947 1
17948 2
17949 2
17952 2
9761 1
17955 2
14795 1
1575 1
9768 2
9771 1
1581 1
9775 0
15668 1
1588 0
18014 3
17974 1
1591 1
9784 2
17977 2
17979 2
1596 2
1597 1
9792 2
1601 1
17988 3
1605 0
1608 1
9801 2
1610 1
11191 2
17996 1
1973 0
1614 1
17999 0
3000 2
1618 1
8510 2
9812 0
1622 2
11193 0
18008 1
9817 2
9820 0
16421 3
1630 1
18015 2
7869 2
16814 2
18022 1
1638 0
1639 2
18027 2
9838 1
13421 0
18032 0
18035 1
1652 2
2510 0
9849 0
18042 3
9852 0
1661 1
1662 2
9057 1
18048 2
9857 0
1666 2
6875 1
1671 1
18056 0
9865 3
9866 0
9867 0
18062 2
1679 0
18067 0
9878 3
8473 2
18074 3
9839 0
18076 0
18077 0
9886 0
18079 2
18081 2
9891 3
18084 0
9895 2
18088 2
284 1
18091 2
1709 0
1710 0
1711 2
18098 2
1717 2
1722 0
9915 2
18108 0
18109 2
18110 1
1727 0
5513 2
8480 1
1732 2
1734 1
9927 2
9928 1
18121 1
1738 2
1741 3
18126 0
9936 1
1746 2
11515 0
1753 3
1757 1
1758 3
18143 1
18145 1
1762 0
18148 0
8486 2
9958 0
1767 2
9960 0
1769 2
18155 1
18156 1
1773 1
18158 0
9969 2
7123 2
18166 0
18167 1
9981 2
9982 1
9856 1
18178 1
16238 3
18185 0
9995 2
9999 2
10000 0
10001 0
18196 1
1814 0
3033 0
18201 1
18203 2
18204 2
3034 2
5765 2
1826 2
10019 3
18212 1
18214 2
305 2
18217 0
18218 2
1835 1
1836 1
18221 2
1839 2
1840 2
18225 2
10034 1
12595 2
1844 2
1845 0
10038 2
1847 0
1848 3
18234 2
1852 1
18237 1
10046 2
10048 2
1857 2
1858 1
1861 0
18246 2
18247 2
1864 1
2517 0
18251 2
1868 3
11234 1
18254 2
1872 0
18259 1
10071 1
18264 1
11236 1
18267 2
18269 2
1887 2
18272 0
18275 1
10084 1
18279 1
10088 1
316 0
10090 0
11239 2
18284 1
12884 1
18289 0
10099 2
18292 0
18293 0
10102 0
4428 1
10105 0
18301 2
1918 2
17249 0
18304 0
10113 2
18306 2
1924 2
18309 1
18310 3
1927 3
18312 1
10123 2
10125 1
18319 0
10129 2
8515 2
10132 1
1944 0
1946 0
10139 2
17504 2
1949 2
18334 1
18337 0
18344 2
1961 2
1962 3
18348 1
18349 1
18351 0
18355 3
18078 2
18358 3
1975 1
18361 3
1978 0
1979 1
18366 2
1983 2
10179 0
16433 2
18374 1
1992 2
8524 2
339 3
18379 1
18381 1
18383 2
18384 2
2002 0
5687 2
10196 1
334 3
2006 1
10201 1
18397 1
10207 2
10208 2
18401 1
10212 0
10213 2
2024 2
4379 2
1703 1
10220 0
12626 2
18414 3
10225 0
18419 1
18420 2
18421 3
18424 1
4436 2
18426 1
18427 3
2047 2
18432 1
18434 3
13995 2
18436 2
18437 0
4378 0
18604 2
18443 2
10254 2
10256 0
18449 1
10261 2
2072 2
18457 1
2074 1
2075 0
10268 1
10269 0
10271 0
18464 0
2083 2
2087 2
2091 2
2093 0
2094 1
16733 2
10288 1
2097 3
18482 0
18483 2
18484 2
10293 1
10294 1
18487 2
10296 1
18491 0
2108 3
18493 2
18494 1
10303 1
2112 2
2116 2
10309 3
10310 1
10311 2
2120 2
2121 0
10316 2
10317 1
10318 1
18511 3
2128 1
10707 2
10324 1
10325 1
12856 2
10327 1
10329 1
2138 2
10331 0
10333 1
10335 2
10337 2
18534 2
18535 1
10345 2
2157 0
18543 0
18544 0
2161 0
18547 0
2164 2
9918 3
10358 2
4457 2
10366 2
2176 2
2177 1
10371 2
18567 3
18572 0
10382 2
2524 1
18579 2
2196 0
2197 3
2200 1
2201 2
2202 2
2801 2
1323 0
18589 1
2206 0
2207 1
18592 0
10401 2
18594 2
18598 2
2215 1
2216 1
18603 0
10412 2
6725 0
10414 1
3101 0
18608 0
18609 0
2227 2
18612 1
15390 0
18614 2
18615 1
18617 1
10426 1
10427 1
2236 2
10432 2
18626 3
18629 2
18632 2
10441 2
18634 1
2251 2
2254 2
18639 1
18640 1
10449 2
18644 2
18649 0
2266 0
10460 1
2269 0
18655 2
2272 0
10466 0
10467 2
2278 2
5841 1
18664 0
10475 1
10476 3
2287 2
10480 2
18675 0
10484 2
18679 3
18680 0
2297 2
18682 1
10434 2
18690 1
10502 2
2311 0
10505 2
18701 2
10510 0
10511 0
10513 0
18706 2
18707 1
2324 2
10517 1
18710 2
10519 0
10521 2
18714 1
10523 2
2333 2
10527 3
10531 0
18724 0
18725 1
18726 1
18727 3
10537 2
10541 2
18734 2
15411 0
18142 1
10551 2
10554 2
2364 2
15413 2
2368 1
18753 0
10562 1
2371 2
9899 1
18759 1
2377 0
2378 1
10573 1
10575 1
2385 2
16819 2
18771 2
10580 0
10582 1
10583 2
2392 2
18777 3
10586 0
10589 2
2400 2
15419 2
18790 0
18792 2
10602 2
2412 0
4498 2
10606 1
10607 1
10609 0
10612 2
18805 3
18153 0
10616 1
18809 2
2426 1
7231 0
18814 2
405 0
18817 2
18819 0
10628 2
8810 2
2438 2
2440 2
10636 1
10640 3
16792 0
18834 1
2452 2
5810 0
10648 2
15428 2
2460 0
410 2
2462 2
2465 1
18852 0
2470 2
18161 1
2472 2
10665 0
2475 1
10670 1
10672 2
10674 1
16995 1
10676 0
2491 0
416 0
884 1
2500 2
2501 1
10696 2
7244 0
5879 2
10702 2
16803 1
2516 2
10709 2
420 1
10714 1
11343 2
10716 1
2525 1
2527 1
2529 0
4518 1
10727 2
423 2
10735 3
10736 0
16808 1
2546 2
2547 1
10741 1
10742 2
12713 2
2555 1
2556 1
10749 1
2563 2
2565 0
2569 2
2571 1
18746 2
10771 1
2580 2
10773 1
2582 2
8746 2
10777 1
10778 0
10779 3
2588 1
10782 0
10783 3
2594 2
10787 1
10789 2
2599 2
2600 2
2603 2
10797 0
2606 3
10800 0
2609 0
10802 0
3236 0
2613 1
2615 2
10809 1
10812 1
2621 1
10814 1
437 2
17985 2
2626 0
10819 2
10820 3
8630 2
10822 1
2631 1
2632 0
2633 2
10827 0
15675 2
2639 0
2640 2
12728 2
2642 0
12729 0
14095 2
2653 3
2654 2
10847 1
10849 0
10850 1
2659 1
10853 2
17001 0
4540 1
10865 1
2677 2
2678 3
10871 2
10872 1
5272 0
8639 0
1726 2
10882 0
10884 0
9637 1
16834 1
10895 1
2705 0
2707 0
10901 2
2710 3
10903 2
10904 3
10905 2
2714 0
10907 1
10913 3
2723 2
10916 2
2726 1
10919 0
2730 1
10925 1
2735 1
12639 0
2743 3
2744 0
16731 0
18207 2
2749 3
2751 0
10945 2
2755 0
15478 2
2762 2
3638 2
10018 0
2769 0
9094 0
2777 1
10973 2
8276 1
16848 2
2790 1
2791 2
2792 2
2793 0
2794 3
2797 3
10991 1
10993 3
2803 2
2806 3
2807 3
11002 3
11004 2
1834 0
18219 0
11015 2
2825 2
11020 2
5933 2
2834 1
1673 2
2839 2
11034 2
11035 0
11036 2
11038 2
3205 1
2851 1
2852 1
11045 2
2854 1
2857 1
2859 1
2862 2
11055 2
11056 0
11058 2
11059 0
2868 1
11065 2
2874 0
10037 2
2880 2
11074 2
15499 2
2884 0
11077 1
11078 2
16865 0
7308 0
11082 2
2891 2
2893 0
11087 2
18232 2
2901 0
11095 2
11097 1
2908 0
2909 1
11103 0
3216 2
11106 1
11109 2
11112 1
11113 3
2922 1
15786 0
2925 2
11118 0
2928 1
2929 0
2930 0
4462 2
11127 1
2936 0
2939 2
2940 1
2942 2
11136 2
11138 2
11142 1
2952 2
11149 0
2958 2
2960 0
2962 0
14147 2
6100 2
2973 2
10053 1
11173 1
2983 2
2984 2
11180 0
11182 2
2992 2
10440 2
11192 2
3001 2
11194 2
11196 0
18250 2
11198 3
3008 0
3232 0
3010 3
3013 1
3016 1
3018 2
3020 3
11214 2
3025 1
11220 1
3029 1
11222 0
505 3
11225 0
11226 2
3037 0
3038 1
11231 0
3040 2
14013 1
3042 2
3044 2
11237 2
3047 0
3048 3
3049 2
3052 1
11245 3
3056 2
3057 0
3058 1
510 2
11433 2
11259 2
3070 2
1466 2
3074 1
11268 2
3079 2
11273 3
14167 0
1880 1
3093 3
11286 2
17561 2
3098 1
3099 0
14170 1
3102 2
3103 0
3104 0
3105 1
11299 1
3108 2
3110 2
15652 1
11307 2
3117 3
11310 1
3122 3
3125 0
15107 1
3129 3
3131 0
3132 1
11327 2
11329 2
3141 2
11334 2
11335 2
11336 2
524 2
3149 3
525 0
3154 3
11349 0
11350 1
3162 1
11355 3
16745 0
11363 2
11364 1
11365 1
11366 0
3178 1
11371 2
3182 3
3185 0
3186 1
11379 3
3188 2
11382 2
3191 2
3192 1
3195 2
11388 1
11393 2
11395 0
11397 2
11398 2
3207 2
3209 2
11403 2
3213 0
3215 2
11408 2
3218 3
107 2
3221 1
11417 2
11421 2
3231 1
11424 3
11425 2
8731 0
11428 3
11429 0
11430 0
3239 0
11432 0
14838 1
3242 3
7367 2
3244 0
3245 1
11438 2
11441 3
6003 1
11444 2
16926 2
11446 1
3255 1
543 2
3260 0
3261 1
11454 0
10747 3
3264 0
3265 0
11458 2
3268 2
3270 1
8737 2
11464 2
11465 3
6911 1
11468 0
11469 2
7522 2
3279 2
3280 2
3286 1
3291 2
11484 1
3294 0
11487 0
3296 0
3305 1
12839 0
3310 2
11503 0
11504 3
11505 2
3314 3
3316 0
553 1
3320 2
11513 3
11514 2
4475 0
11516 1
3325 0
11518 2
3327 0
11521 1
16939 1
3333 1
11528 1
11536 1
3347 0
3348 2
3349 2
11543 2
11544 2
3353 1
3354 2
11547 2
3360 1
3361 0
11554 1
11555 1
12849 0
6023 1
11565 1
3374 1
3375 2
11568 2
3377 2
3379 1
3380 1
3381 1
11578 1
3387 1
3389 2
3390 0
3393 1
11586 0
3395 1
4267 1
17571 1
11599 1
3409 0
3410 2
3412 2
10127 1
3421 1
3422 1
11615 1
3424 3
3427 2
11620 1
3433 3
9116 1
11629 0
3440 1
11633 0
11641 2
16959 2
3453 2
3456 0
11650 2
3459 0
3461 0
8769 1
3465 1
11658 0
11660 1
12866 2
11662 2
11671 0
11672 2
11674 0
3485 1
581 1
8845 0
3489 3
3490 2
11684 2
3313 2
10140 2
8775 0
3500 2
7410 2
10141 0
3504 2
15078 2
3509 2
11707 2
3516 3
11709 1
3520 2
3523 2
8780 1
9392 0
11724 2
4482 1
11731 2
11732 0
3515 1
6984 1
11738 1
8428 0
11740 1
11741 1
11742 0
11743 1
11745 2
3323 2
11748 0
3557 2
11750 0
11751 1
11752 0
11753 1
11755 1
3564 3
11758 2
8787 2
3572 1
3573 0
11766 0
11768 2
16980 2
3580 0
11773 2
3585 2
11779 0
3329 0
11785 0
11786 1
3595 0
1965 2
4757 2
3601 3
3602 0
3604 3
3607 0
11800 2
3611 3
7758 1
11808 1
3619 2
3621 2
11815 1
11822 0
605 3
11826 2
11827 0
13760 2
15124 3
11831 1
11833 1
11834 2
3644 1
3646 0
18357 2
11840 0
11841 2
11842 0
3654 0
3655 1
11849 0
11850 3
11854 0
11856 3
11857 0
3666 0
3667 2
3670 0
3671 2
3674 2
3676 2
10488 2
11870 3
8805 2
11874 1
3683 1
11877 2
11880 1
11884 2
11887 2
7443 0
11893 2
3702 2
12905 3
11896 1
396 1
10175 0
11900 2
4714 1
11902 2
3712 2
11905 3
619 2
11909 2
11910 0
11913 1
7447 2
3727 2
3730 2
3731 1
11924 3
3733 0
3738 1
3740 0
3745 2
3747 1
1225 2
11941 2
3750 1
3751 1
11944 2
13764 2
15645 3
18376 2
12915 0
16765 2
11963 2
1994 0
3777 2
3780 1
3781 1
3784 2
3786 0
4727 1
3788 2
12920 1
3363 1
3797 2
12921 2
3801 3
7461 1
3811 2
3813 0
12006 0
6097 3
636 2
12011 3
12013 2
3822 3
8830 0
3832 1
12025 0
9675 1
12032 2
4736 2
12034 1
12037 2
641 0
3849 0
12053 1
3862 2
4493 2
17028 0
11567 0
12933 0
3876 2
12069 1
3879 2
3880 0
3881 0
12074 2
15405 2
3887 2
3889 2
7475 0
3892 2
17042 2
12901 2
12089 1
1226 1
3901 0
11573 2
12097 1
12099 1
12100 2
12102 0
12103 3
14042 2
652 2
12108 2
12110 2
653 2
14307 2
12118 2
18404 2
1990 3
12123 0
3932 3
3386 3
12126 2
3935 0
12128 1
17589 0
2586 1
12131 3
12135 0
12136 2
12138 1
12139 2
3949 0
3950 0
3955 0
3958 2
6121 3
12154 0
3963 2
14314 2
12158 2
3967 3
3968 3
3971 1
3973 1
3978 2
3985 2
3986 0
11587 2
12180 1
12181 1
12184 2
12185 1
12187 2
8858 2
3999 0
4001 1
4002 1
4003 1
7337 0
6129 2
17052 2
4011 2
12206 1
9681 2
12211 2
4766 1
12218 2
17055 2
4033 2
12230 1
12235 0
4044 2
12240 1
4050 1
4771 2
14329 3
12248 2
4057 2
4058 2
12252 2
4063 2
12257 0
408 0
12259 2
4071 0
12265 1
10774 1
12267 0
12268 2
4079 0
12272 2
4776 2
12276 3
12277 0
4087 0
4088 0
12281 0
12286 1
12293 3
8320 0
12300 2
12304 0
4114 1
4115 0
4116 0
12312 0
12314 2
4124 2
4126 0
4131 0
12324 2
17050 1
12330 1
4140 0
4142 0
4143 0
6152 3
4148 1
4151 2
12344 2
4153 2
12346 0
12981 1
4160 2
14347 2
4164 0
4167 2
12363 3
4173 2
4792 2
12370 2
11619 1
4180 0
12377 2
4187 3
12384 1
12987 1
12390 2
4199 0
4200 3
12988 1
4202 1
4204 0
4206 3
4209 3
12402 1
4211 3
12405 2
12408 0
16780 0
4220 2
4221 2
12422 2
8897 2
12424 2
12425 1
12426 0
7533 0
10264 0
12435 2
12436 2
4245 2
12439 0
4249 1
12446 0
12448 1
12450 0
12451 1
4261 2
4262 2
13781 1
12459 1
17759 1
7538 3
4270 0
12465 1
12470 2
12472 1
8326 2
12481 0
12486 2
716 1
4298 0
4301 1
4302 1
12495 2
12496 1
7544 2
12498 2
4307 2
12500 2
4310 0
7545 1
4312 2
12505 1
4314 1
4316 1
4322 1
4323 2
4325 2
4327 1
4328 3
12521 2
4331 1
13010 0
4335 2
4337 2
12531 0
4340 0
12533 2
4342 2
12539 2
12540 0
12541 1
12543 2
4353 2
4354 2
18475 0
4359 2
4362 0
8919 2
3458 3
4370 1
12563 2
4374 2
8921 2
4377 3
12570 3
12571 1
12573 0
8602 1
4383 2
4385 1
12578 0
13019 2
4389 2
14385 1
4392 1
419 0
12592 2
2099 2
7561 2
12601 0
4763 2
12609 3
12610 0
15150 0
4422 2
4427 1
12620 3
13544 2
4434 1
12627 0
8331 2
4438 3
4439 2
740 2
4442 2
12635 0
12638 2
4447 3
12642 0
10299 2
4452 3
17126 2
15761 2
4456 3
12649 1
8935 2
12654 0
10301 2
12656 0
12657 2
12658 2
12660 2
4471 1
12666 0
6207 2
12671 0
12674 3
4484 1
12679 2
12681 0
4667 2
12685 2
12686 2
17133 0
4497 0
248 1
4501 0
4503 2
10308 0
4507 1
12700 1
4511 1
4513 0
4514 2
4517 1
12710 1
12712 3
4521 1
12714 1
18503 3
4524 1
12717 1
15773 2
4528 2
4529 2
4788 3
4532 1
4533 0
4534 1
4535 3
4536 0
4537 2
12730 1
4539 1
12732 1
4541 0
9575 1
13045 1
4544 1
4545 0
12739 2
12740 0
12741 1
4553 2
12746 1
13047 0
4557 1
4559 3
3249 1
14433 2
15779 0
2126 0
4566 2
761 3
12760 0
4569 0
4570 1
4571 0
12765 2
4574 3
15781 1
12768 0
12769 2
12771 1
4582 2
14417 0
4584 0
8956 2
12778 0
3495 2
4588 0
4592 0
12786 0
12788 2
4597 0
12790 0
2132 0
12795 0
4605 2
4607 1
12800 1
4864 3
4610 1
12805 1
11212 0
4620 0
6250 2
4626 2
12819 1
12820 2
1340 2
4630 0
4632 2
4633 2
12828 0
12830 3
773 2
12157 3
12844 3
4653 0
4654 1
12847 2
4656 1
4657 1
4658 2
4659 2
12852 2
12853 2
4662 0
4663 0
4664 0
12857 0
12858 0
6702 1
12861 2
12862 2
4671 0
14432 3
4674 1
12867 1
2065 0
12869 2
4678 1
4679 0
12872 2
12874 1
4683 0
12876 2
4688 1
4689 0
16523 2
12885 1
9477 2
12888 2
4697 1
10522 1
4702 0
4704 1
4705 1
4707 2
4708 1
4709 1
12904 2
4713 0
12906 2
12907 0
4716 3
8978 1
12910 2
4719 0
4721 2
4722 0
4723 0
5340 2
4726 1
12919 1
4728 2
4729 2
12923 3
4733 2
12928 1
12930 2
4740 0
4741 1
4742 1
7617 1
12939 0
18541 0
4752 1
4753 2
12946 1
4755 1
12949 2
12950 0
8985 0
1130 2
4761 0
10351 2
4523 2
12958 0
12960 2
12961 2
12963 1
4772 0
18708 2
12968 1
12972 2
4784 1
4785 0
4786 3
12980 0
4789 3
3529 0
12984 2
4793 1
12986 2
4795 3
4796 2
4798 0
9707 1
8992 3
4802 1
4803 3
18839 2
4805 1
4806 1
4807 1
4808 1
4809 2
13002 1
4811 3
13004 2
4813 1
4814 2
4815 2
13009 2
4818 0
13014 2
4824 2
4826 1
4827 1
6266 2
13022 3
4831 1
4832 2
4833 3
13027 0
13028 0
13029 3
4839 0
4840 0
4842 1
4844 1
13037 1
4848 1
13041 2
13042 2
13043 2
4852 0
4853 0
4855 2
13054 1
11733 3
13056 0
4866 0
2617 1
13062 0
4871 0
4875 0
4878 0
4882 1
13075 2
13076 3
13102 1
12165 1
4890 2
13083 2
8619 3
4897 2
4900 0
13093 1
4903 3
13096 2
3548 3
4906 3
2183 2
4908 1
4910 0
13104 3
13107 0
4916 2
13110 1
4919 1
13112 1
1920 2
6282 2
4929 0
13123 2
13128 1
16804 3
13133 2
4942 0
13136 2
4920 0
13139 0
13140 3
13142 1
13145 1
13146 0
6439 2
4956 0
1256 2
13150 3
2620 0
15745 2
4961 1
4962 0
17211 1
13156 0
16805 0
4971 2
4974 0
4979 1
13173 2
18715 3
4986 2
15169 3
10389 0
13185 1
4994 1
13188 0
4997 2
1803 0
11756 0
13195 0
13196 0
13198 1
13199 1
18584 1
13202 1
13204 2
13208 2
13209 2
13210 2
15855 1
5021 2
13214 1
13220 2
13221 3
5030 2
5031 3
5035 2
13229 2
5040 0
2350 2
5044 2
13237 1
5047 0
11764 2
13245 2
5054 1
13248 1
13249 3
5058 2
13252 0
5063 2
13256 1
17228 0
13259 2
13260 3
6306 1
13262 2
845 1
13264 0
13267 2
5077 1
13271 1
13273 1
5082 2
9039 1
13276 2
5086 1
9782 2
13281 0
13283 2
10406 0
1725 2
13290 1
10407 2
13292 0
13293 1
13295 1
13296 1
13297 0
13300 2
13301 2
13302 1
13303 2
4948 2
5115 1
5116 3
13310 1
853 0
13312 2
13313 2
5122 2
10411 2
13317 0
8812 2
5129 2
5130 1
13324 2
10413 0
5137 1
5138 0
13331 2
13332 2
13334 0
5144 2
13337 2
16811 2
6320 2
5155 0
5156 0
13353 0
13355 2
13356 2
5165 0
17245 1
13360 2
9036 3
5171 1
9054 0
13366 0
5177 3
13371 3
13372 1
13374 2
5185 0
5186 0
13379 0
13380 2
13381 0
13153 2
5192 3
10423 0
5196 2
5197 3
13390 2
89 1
5205 0
446 2
5208 1
5210 3
5211 2
5213 0
5214 2
5216 0
5217 0
5218 0
5219 1
13413 2
5222 0
13415 0
10428 0
13418 1
13419 1
13420 3
5229 2
5230 0
7812 0
13427 2
12995 1
13431 2
15892 1
16450 0
5244 0
5903 2
13442 2
13443 1
5254 0
13449 2
5258 1
7703 3
2630 1
13453 1
14140 2
5264 3
5265 2
13458 0
13460 0
13461 0
13463 0
13464 3
13467 2
5277 0
5278 3
5281 0
8632 2
5285 2
5288 1
13482 3
5291 0
5295 1
5297 0
5298 1
5301 0
13494 3
13496 2
13497 1
5306 1
13501 1
4981 2
2359 3
5314 1
18635 1
5318 0
13511 2
13512 1
5321 3
5322 2
13515 1
13516 1
13520 2
13176 0
11811 2
13524 2
18638 0
5336 1
13529 1
5339 1
13532 0
13533 1
13535 2
5345 2
5348 3
5349 2
5352 1
892 2
13549 2
5358 1
13551 2
5361 2
5362 2
894 2
5368 0
895 1
13565 2
6357 2
13568 3
17280 1
5379 1
13572 2
12727 1
13575 0
13578 2
13581 0
13586 0
13587 2
3630 2
13594 3
11823 1
5408 1
15920 1
13602 2
13603 0
13605 2
13607 2
14556 2
9095 2
1817 1
13613 0
5422 2
5423 0
5424 0
5909 3
13621 2
13622 2
5431 0
5433 0
13626 3
5435 0
5436 3
5437 2
5440 0
10464 1
5444 2
5445 0
13638 2
5447 0
13640 1
17292 1
13644 3
13645 3
5457 2
17294 0
13656 1
13659 1
13660 3
5469 1
5476 0
5477 0
13671 1
11836 0
13674 0
5483 1
13676 0
5486 2
13680 0
2280 1
5490 1
9107 0
5493 2
5495 3
5496 2
5497 2
5498 2
13695 2
13697 2
2283 2
5508 2
2284 2
5515 1
13710 2
13717 2
13718 2
921 2
13720 2
13723 2
5538 0
13732 2
5541 2
5545 1
7751 2
5549 3
5550 2
5555 3
5556 1
13750 2
5562 1
5564 1
13757 0
13758 0
13759 0
5568 3
13762 1
11915 0
13765 0
13766 0
13769 0
5579 2
5580 1
5581 2
5583 2
5585 3
3732 0
5587 1
13780 1
5589 3
5590 3
5603 0
13796 0
5606 0
5608 1
5610 2
5612 2
5613 1
13807 0
5622 0
5623 0
5626 3
14591 2
5630 2
15957 0
5632 1
13828 1
5637 1
5639 2
5643 3
5644 3
5645 0
5646 2
5037 2
5648 1
13841 0
5652 0
5654 2
5656 0
13851 0
13852 2
5664 2
5666 0
7771 2
12191 0
18694 2
5670 1
17329 3
13864 2
5673 3
13867 2
13871 1
13873 2
5684 3
3678 2
5686 2
18697 1
5691 2
13884 2
13889 1
5698 2
13892 3
13893 1
13896 0
13901 2
13902 0
13904 0
4009 3
2318 0
13911 2
62 2
5722 0
14607 2
5724 0
13917 2
13919 3
14608 2
5736 2
5749 1
5751 2
10516 3
14649 2
13951 3
960 2
10518 2
13959 1
13961 0
13965 0
5777 2
13970 0
5780 1
13974 1
15741 1
13978 2
5787 0
13981 3
5791 1
2331 3
13989 0
5800 1
13993 2
5803 1
13996 1
13997 0
2921 2
5809 2
14002 0
5811 2
5814 2
13287 2
2103 2
5819 1
14012 1
5821 2
5823 2
5824 2
3703 2
14029 2
14031 0
14033 1
5843 2
14036 1
5845 0
5849 0
5850 2
5851 3
14045 0
14046 0
14047 1
14049 1
5860 2
14053 2
5865 1
5866 3
10535 2
14065 0
14066 3
741 2
8813 1
6441 0
5881 2
15999 1
14078 1
11904 1
14084 1
5893 1
5895 2
5899 2
6445 1
14096 1
14098 2
5907 2
14638 1
14103 1
5913 1
14107 0
5918 2
12745 2
5923 3
5925 2
5927 3
14120 2
14121 3
10563 2
14125 2
14126 2
14128 2
14132 3
14133 2
5943 0
14137 2
14138 1
14139 1
5948 2
6472 0
10291 1
7819 3
2926 1
14150 1
8109 2
18743 0
14156 1
14161 1
16014 2
5975 3
5978 0
5979 0
5980 3
2362 2
5982 2
13285 2
1563 3
14180 1
5989 2
14185 1
5095 2
11922 1
5998 3
14193 0
14195 2
6004 0
14197 3
14199 1
14201 0
14202 3
6011 2
6012 0
6013 2
6018 1
14212 2
6022 2
14657 0
14216 2
14217 2
14218 0
14219 0
14221 0
14222 0
14224 1
14226 2
14227 1
6044 3
6045 1
5104 0
6051 2
6053 1
6055 1
6057 2
6059 1
14255 0
14256 1
14257 1
14258 2
6067 2
7567 2
6071 2
6073 2
14270 0
14274 2
6084 1
14277 2
6089 3
14282 1
14284 1
14285 0
6094 2
14287 1
2550 3
14289 1
14292 0
14293 0
6104 2
6479 0
14301 0
6111 1
6115 3
14309 0
14313 2
6122 2
14316 2
14317 0
6126 2
6128 2
7848 2
14322 2
14323 2
6132 2
14327 2
14328 3
6137 1
14330 0
6139 0
6140 2
14335 2
14662 2
14341 1
5121 2
14344 0
6154 2
18775 1
6156 0
10025 1
6158 2
6159 2
6164 2
2933 0
14360 1
6171 1
14364 1
14365 3
6174 2
14367 1
14171 0
6177 1
14373 1
6182 0
7857 0
2388 2
14377 1
14378 0
14380 0
6191 1
12754 2
1032 1
14386 2
6196 2
14390 0
6200 1
6201 2
14394 2
6203 2
14397 0
6206 2
14399 2
3480 2
14403 0
14409 2
14412 2
6221 1
18754 2
6225 2
17422 2
14422 3
6231 2
6236 0
7866 2
14430 3
17172 1
6240 0
6241 1
4845 2
14437 2
11230 2
13329 2
14442 1
6251 2
14444 2
4027 0
6255 2
6259 0
7870 3
14454 2
14458 2
6267 2
6270 2
6272 3
14465 1
14467 1
6277 2
860 3
14474 3
14477 0
1048 3
14484 3
14488 3
14491 1
14494 0
14498 2
14501 0
14502 1
2417 1
14504 2
14505 2
6315 0
14509 2
14510 2
14512 1
6322 3
6324 1
6330 2
6332 2
14525 1
6335 0
1056 0
3787 2
6340 2
14533 2
14538 2
6349 2
14542 2
14546 0
6355 3
6356 1
14549 2
8312 1
1030 2
6364 1
6368 2
6370 2
2427 2
14565 1
14569 0
6378 1
14572 0
6384 0
6386 1
6387 2
6389 1
14583 0
6392 0
6393 2
14586 2
18815 2
17174 2
16085 0
14593 3
14596 1
14597 1
2433 1
14600 2
14601 2
14603 2
14604 2
6413 1
9261 0
6416 3
6417 0
6418 0
14611 1
18820 2
6428 1
6429 1
14623 0
14625 2
16091 2
14628 0
6438 0
14631 2
14633 0
6442 1
6443 2
14637 0
6446 2
6448 1
10463 2
6451 2
14645 1
14647 2
6456 1
10035 2
7580 2
14651 2
12763 2
5173 2
6465 0
14661 2
6470 3
14664 1
6473 2
14671 0
6481 2
6485 0
14679 0
6488 2
6497 0
14690 2
4308 2
3814 1
6504 2
6506 2
14699 0
16104 0
6522 2
6523 2
9280 1
6532 1
6533 0
14728 3
14730 1
14731 2
14737 2
14738 3
14743 2
14750 2
14751 2
14755 1
6566 1
4583 1
14761 1
8718 2
6573 0
6575 2
6576 2
6577 1
10036 2
6579 2
14772 1
8948 2
6586 0
14779 2
6588 1
1098 2
14782 2
6592 3
14786 0
14787 0
2129 1
14791 2
14792 2
8991 2
6603 1
6608 2
6610 3
14804 2
6614 2
14807 2
14811 2
6621 2
15075 2
6623 0
6625 2
14820 2
14822 0
14825 2
14826 2
14828 0
14829 2
14830 2
7791 1
14832 0
6642 3
6646 1
1108 2
6651 1
6850 1
14846 1
767 2
6657 1
6658 1
18859 1
14852 1
6662 2
808 2
14863 1
6673 1
14866 0
14867 0
14868 2
6679 2
6682 3
6683 2
14878 2
14879 2
14768 0
6692 2
6695 3
6697 2
17054 1
14894 2
6703 1
16590 3
6705 0
6706 1
14899 1
6709 0
14903 2
14904 2
14905 2
14913 2
14914 2
6723 1
6724 2
14917 1
1700 2
6730 1
6740 1
18228 2
6744 1
1124 2
6747 2
14942 3
6752 2
6753 0
14947 1
14949 0
6764 2
7954 0
6767 2
14965 0
6774 0
6776 2
11051 3
14972 2
6781 3
6787 0
6788 1
14981 1
10689 3
12774 1
14986 0
14989 0
2882 2
6803 1
14996 2
14997 0
6806 0
6809 0
6810 1
15004 2
6815 0
12502 2
15009 2
15011 0
10320 1
15017 1
9829 2
6830 2
6834 0
6836 1
6837 1
6838 1
14793 1
6841 2
15034 2
15035 3
6845 0
16594 2
6847 0
15040 1
15041 2
15042 2
6851 1
6853 0
15047 0
6857 1
5239 0
6860 1
8139 1
15055 2
15060 3
15061 0
6871 0
15064 0
12068 0
15067 2
15068 2
15069 2
15072 0
6881 2
6882 3
229 3
6886 2
6887 1
6888 3
6892 2
15085 2
15086 2
6896 1
6899 1
15093 3
15094 2
15095 1
15096 3
6905 1
6907 2
15100 1
15101 1
6910 2
15103 1
6912 2
230 0
15106 1
6915 1
15109 1
15110 1
15112 1
6922 1
6923 0
15116 2
15118 1
15119 0
6929 2
15123 1
6932 0
6936 1
6937 0
15130 1
6939 2
6940 0
6941 0
15135 2
15136 1
15137 3
6946 2
6619 2
8325 2
17542 1
15142 0
15143 2
15144 0
15145 0
15148 2
6958 2
17544 2
6962 2
6965 2
6967 2
15160 1
6969 0
15166 0
15167 2
6977 0
9355 3
15172 2
329 1
6982 0
15175 1
15176 1
6986 2
15180 1
9357 1
6993 2
15186 1
6995 2
15188 0
15189 0
15190 0
15192 0
7001 0
15194 2
7006 2
15202 2
7016 2
7018 1
7019 2
7020 2
9781 1
7022 3
7023 1
7024 2
7026 0
15220 2
9364 2
15227 3
15228 0
15229 2
5269 0
15232 1
15233 2
7042 0
7044 3
7045 2
15240 0
15241 2
7050 1
15243 1
7052 1
15245 2
15246 0
7056 2
15249 2
15250 3
7061 2
15254 3
9369 3
7064 2
7065 3
6639 2
2963 3
15261 2
8885 2
15264 2
2544 0
15266 1
7075 3
7076 1
15275 1
7084 1
15279 2
3912 1
15284 1
7093 0
16201 1
15289 3
7103 2
15296 2
17568 0
6927 2
7109 0
9377 2
15304 2
7113 1
7115 0
15308 1
7120 2
7122 2
9379 1
15316 1
14841 2
7129 2
7130 0
7132 0
7133 2
7134 1
13477 2
7136 0
15329 2
7139 0
15333 2
15334 1
7145 2
9383 0
16210 3
17576 1
7158 2
17577 1
7160 3
7164 2
7166 3
16158 3
15364 2
14849 2
15371 2
15373 3
15374 0
15375 1
15376 3
7185 2
10755 0
7188 2
7189 2
7198 3
13414 2
17584 3
1058 2
7205 1
15401 0
17586 2
7214 2
15409 2
7218 3
7219 3
7221 0
15414 3
15417 2
14251 0
2150 2
7230 2
15423 0
15425 0
11723 0
7236 2
17590 2
7238 2
7240 3
7241 1
15436 1
15443 0
15448 2
8036 1
6671 3
17594 1
15457 2
15463 0
15471 1
7280 0
15473 0
7062 0
15479 0
8426 2
17599 1
15485 3
15487 3
15490 1
15491 1
15493 2
15494 3
1217 2
15496 0
7306 2
14871 0
15500 2
15503 2
4904 0
15506 1
7315 0
7316 2
15509 1
15510 2
2585 0
15513 0
15514 0
15515 0
14874 2
15519 1
15522 1
15525 2
376 2
7335 0
7336 0
17975 2
17607 2
7141 0
15535 3
15539 0
15541 2
12247 0
13513 0
15544 1
15545 3
2591 0
17610 2
15552 1
15554 2
7363 0
15556 1
15559 3
15562 0
7372 2
15565 1
7374 3
15567 1
15570 0
15573 0
15577 3
7386 1
15579 2
7388 2
7390 0
15585 1
15590 1
15592 0
16886 2
10791 1
7405 2
7407 2
15600 2
7409 1
15602 2
15603 1
15604 2
7413 1
15607 1
9428 2
15613 1
15616 0
15619 0
15620 1
6794 2
15627 1
15628 3
15629 1
2605 0
7440 2
15633 0
15634 0
15635 1
10798 0
15639 1
15640 0
7450 2
7451 2
7452 2
7453 1
15647 1
6704 1
7460 2
15653 0
15654 2
15655 2
15657 2
15658 2
15661 1
5341 1
6707 1
14979 3
15669 1
15670 3
15671 0
7481 1
15674 2
7483 0
15676 0
15677 1
15679 0
7489 2
15684 0
5669 1
15688 0
7500 2
15693 0
7504 3
6712 2
9443 2
15701 0
16744 2
15231 0
7516 2
15712 0
15714 1
15716 0
15717 0
15719 1
15721 2
7530 1
1255 0
15725 0
15727 0
15728 1
15729 1
15730 1
15731 1
2622 1
15734 2
15736 1
3988 0
15738 2
7549 2
15744 2
1888 2
15746 0
7555 0
15748 2
15749 1
15752 1
15753 0
7565 1
15759 3
15760 0
7569 2
2627 2
15764 0
15765 2
15767 1
15768 1
15771 0
15772 2
8090 2
15775 0
15776 2
7585 2
15778 0
7587 0
15780 0
7589 0
17019 1
18529 0
7594 3
15787 3
15788 1
1266 0
7598 2
15792 2
15794 1
15796 3
15798 1
526 0
7611 1
13557 0
16288 1
7618 0
7620 2
7621 0
15815 1
7624 3
15818 2
7627 0
15820 1
15822 0
15825 0
7634 2
15827 3
15829 0
15830 3
9465 1
7640 3
7642 2
10831 2
7649 2
15842 0
17659 2
10471 1
15847 1
15848 1
15851 1
15852 2
15853 1
5373 1
7667 1
15863 2
15866 1
7675 0
7677 3
15871 1
15872 3
5376 2
7637 2
15882 0
10839 0
7693 2
7694 1
7695 2
15890 2
7699 2
7700 2
7701 0
15894 1
15895 0
7704 1
7705 0
15898 2
15899 1
7709 3
15902 1
1674 2
7712 2
8194 1
15906 2
17442 3
1286 2
7718 2
17715 0
7726 0
15919 0
7728 2
15921 2
4019 1
2179 2
15929 1
2655 2
16691 2
4021 1
7746 2
7747 2
14945 1
7753 3
7896 0
5441 2
5389 2
6755 3
9486 3
7766 1
15959 1
15960 0
15962 0
15963 2
7772 1
15967 0
17680 0
7778 0
15971 2
7781 2
7783 0
15978 3
7787 1
15980 2
7789 2
15983 2
15984 0
8170 2
7794 2
7795 0
7796 3
15990 2
15992 0
9492 2
7804 1
17685 2
16000 2
10080 2
16002 2
16003 2
2715 2
7814 1
16008 0
16011 1
7822 1
7828 3
16021 0
16024 1
16025 1
7838 2
9763 1
16032 1
7843 1
16036 1
16037 1
16040 2
16041 1
16327 1
16045 3
16046 0
16048 1
16049 1
16050 3
7862 2
16056 1
7865 2
16058 0
16059 0
16060 2
16061 1
16062 2
7871 0
16064 2
16067 2
16069 2
7878 0
16073 1
14447 0
3263 2
16078 1
16079 2
7888 0
7890 2
17699 2
16084 0
13629 1
16086 0
16088 1
7897 2
7899 1
7900 2
7902 0
16098 0
7912 0
7913 1
1471 1
16108 2
7917 2
16110 2
16115 2
16116 1
16117 2
16118 1
7927 1
16120 1
16123 1
7932 2
7934 2
7936 2
7937 0
16131 1
16132 0
16134 0
16135 2
16136 1
7945 2
16138 2
7947 2
16143 2
16144 0
16145 0
16146 2
7955 2
7958 2
16152 1
16154 3
7966 1
7968 0
7970 1
7973 0
16166 0
7975 2
7978 0
7982 1
16176 0
7986 2
16179 3
7989 2
16183 2
16186 2
16189 0
7998 3
16191 1
16192 0
8001 1
16196 1
16197 0
8009 2
14724 2
16203 0
8012 0
8014 2
16207 0
8018 3
16212 2
16213 0
8022 0
13625 0
16217 2
5357 1
2703 0
8028 3
16223 2
16224 2
8033 3
16228 3
7087 1
8038 1
13628 1
8167 0
8044 1
8046 0
17725 0
10899 3
8054 2
16251 2
8061 0
16255 0
8069 2
16263 2
16264 3
16265 1
16266 2
16267 2
8076 2
8079 0
8082 0
16275 0
8085 2
16279 0
16282 1
10906 2
11999 2
8096 2
8098 1
16291 2
16292 0
8105 2
8108 2
16301 1
8110 2
16304 2
8113 3
16307 0
8116 2
8117 2
8119 0
16312 2
17738 0
3271 2
16319 0
15008 2
1355 1
16092 2
16325 0
6817 1
9548 0
12279 2
8142 3
5453 2
16336 3
16339 0
8149 2
4089 1
8154 3
17743 2
8156 1
16350 2
8159 3
8162 0
16356 0
16359 1
8168 2
16362 2
8947 1
16369 0
16372 1
16382 1
16374 0
16375 0
16376 2
1364 3
16379 2
16380 0
4768 2
8190 2
