16385 2
16386 2
8196 1
9558 1
8198 2
16393 2
8202 0
8203 0
16396 1
4092 0
8208 0
16402 1
16404 3
16406 0
8216 0
8218 3
27 0
16412 0
16413 2
16414 2
16415 2
16417 0
8730 2
5467 0
8228 2
6274 3
16422 2
6833 1
16425 0
16429 2
16430 2
16432 0
16433 2
16436 1
16437 1
16438 3
8247 1
8250 1
17759 1
16444 0
16445 2
62 2
66 1
10095 2
69 1
70 0
1377 2
16456 2
73 2
74 0
1639 2
16460 2
17975 2
16462 0
16463 0
80 1
16469 1
16470 1
13694 1
88 2
90 1
91 1
16477 2
8288 2
16481 1
16484 1
101 1
8295 2
106 1
1383 2
108 2
8210 0
16494 0
112 3
115 1
16501 1
120 3
16505 0
122 3
123 0
16509 1
16511 0
128 1
8321 3
16516 1
133 2
16519 0
136 0
16521 0
16522 1
139 3
8333 2
13677 0
16528 1
8337 0
8338 2
147 0
150 2
151 1
16539 0
158 3
161 0
162 2
16411 1
8356 3
16549 2
8358 0
9280 1
172 0
8365 1
29 0
8369 0
178 0
179 3
183 2
16568 1
185 2
12554 3
8379 1
16572 3
8381 1
190 3
8383 2
192 2
8385 0
6859 1
15555 1
16583 2
200 0
201 1
202 2
204 1
8397 2
16590 3
16591 2
208 2
16594 2
4131 0
16598 2
8407 2
16600 1
16602 1
6863 0
8412 1
16605 2
8415 1
8416 0
14192 2
5463 1
8419 0
16612 1
229 3
230 0
2769 0
16616 1
16423 0
8428 0
8430 2
17789 1
240 1
16625 0
16626 2
244 3
16629 0
246 0
41 0
16633 0
8443 3
16636 2
16638 0
8447 0
16640 1
8449 2
11131 1
16646 1
263 2
264 0
8461 3
271 2
1100 0
17795 1
8468 0
8473 2
8474 3
16669 0
8478 0
287 2
8480 1
8481 0
8482 0
8483 0
16677 2
8486 2
16679 1
296 0
8489 0
16682 0
8491 3
300 2
8496 2
8934 1
16693 1
312 1
52 1
8506 1
8507 2
316 0
16701 2
8510 2
319 2
8512 0
8513 0
322 0
16707 0
16708 0
16709 1
16710 3
15073 1
16712 0
16713 0
330 0
16439 1
8524 2
334 3
16719 2
3830 0
338 1
16723 3
13041 2
16725 1
16726 0
8539 1
16732 1
349 1
16734 1
8543 3
354 2
16443 2
8548 2
6886 2
16742 1
16743 2
16744 2
16746 1
16748 0
8558 2
16751 1
8560 1
8561 0
5195 2
16755 2
8564 2
8570 1
379 0
16765 2
383 0
384 1
16770 1
16771 0
16774 1
16776 0
18034 1
16781 0
398 0
16785 3
16786 1
16451 0
16789 3
16790 1
16791 2
8600 1
4164 0
410 2
16796 3
8606 0
8608 1
8609 2
9264 1
8611 2
420 1
2801 2
16810 3
427 2
428 2
8621 0
16814 2
1437 3
72 1
434 1
435 1
438 0
4169 3
442 1
444 2
8266 2
15093 3
448 3
17824 0
16835 0
454 2
455 1
16841 2
459 0
461 2
8654 0
16847 0
8656 0
16849 0
8658 0
16851 2
8270 0
470 1
8665 2
8666 2
917 1
8671 3
16865 0
8674 0
8675 2
8679 2
16873 1
8683 1
16876 3
16878 0
14201 0
16880 0
16884 1
15102 1
16886 2
16888 1
8697 0
16891 3
509 3
8702 2
8704 0
15104 1
8709 1
2817 0
521 0
8714 1
13806 1
16908 1
6914 2
8718 2
8719 3
9292 1
8723 1
533 0
8729 1
538 0
16923 2
8732 1
16925 2
16926 2
6917 2
16928 2
545 2
16930 2
8739 3
548 1
549 2
8742 1
16935 2
8746 2
555 2
8748 3
16941 0
558 1
559 0
16946 2
16949 0
8758 2
8761 1
8762 1
16956 1
573 1
574 0
8767 0
16960 1
577 1
578 1
8771 3
16965 0
8775 0
16969 1
8780 1
589 1
8782 0
591 1
16976 1
16977 0
594 0
16980 2
9657 0
8792 1
16985 1
603 1
8796 0
16989 1
606 0
8293 1
8802 1
611 1
8805 2
616 3
17852 2
17002 1
8811 1
8812 2
8813 1
8814 2
17007 0
12392 1
628 0
629 1
17015 0
17016 0
5567 2
8828 1
17021 0
638 0
17025 0
8834 2
8835 1
8837 0
646 3
1473 1
8841 2
17034 0
651 0
17036 2
8845 0
654 0
8847 3
17041 1
17042 2
17043 0
17044 0
17045 0
664 0
17049 1
8858 2
11208 1
671 1
8864 2
673 2
17059 0
676 2
8869 2
17062 0
17063 1
8875 2
17068 3
8877 1
688 0
17073 2
17074 1
8884 2
17077 3
17080 2
17083 1
17084 1
702 1
17087 0
17089 0
17090 3
17091 0
708 2
8902 2
15137 3
17097 2
8906 2
17099 2
7116 1
15138 0
5581 2
17104 0
12408 0
722 0
2851 1
17108 0
725 1
12409 0
730 2
17115 2
17116 1
12410 2
17119 0
737 2
738 2
4219 0
8932 0
742 0
743 0
8936 1
8938 2
17131 1
749 0
750 2
9845 1
11048 0
8946 0
17139 0
10807 0
761 3
8954 2
763 0
764 2
766 1
17151 2
17152 1
8963 2
13782 2
14731 2
17161 2
17162 0
17164 1
17997 3
17167 2
17168 2
9688 3
786 0
787 2
17173 1
790 2
17175 3
8984 1
132 2
8986 2
17180 2
17181 2
8991 2
8992 3
801 2
802 1
8997 0
17191 0
808 2
5927 3
17194 2
9008 0
8328 0
17202 0
9011 2
9012 3
17205 1
17206 1
17207 3
17208 0
825 2
9018 2
17211 1
8330 2
17216 1
17217 2
17218 1
8331 2
17220 1
9029 0
17222 3
17226 0
17227 1
844 2
845 1
846 0
17231 0
16395 0
849 2
17235 0
852 2
17237 2
17238 1
856 0
17243 1
17244 0
861 2
862 0
863 0
17248 1
17249 0
17251 1
17252 2
17254 1
17255 0
17257 0
874 3
876 3
9071 0
17264 0
882 0
883 1
8850 0
885 1
17271 2
9080 0
889 0
9082 2
891 1
892 2
9086 1
9088 3
9089 2
17282 3
900 1
9093 1
9094 0
9095 2
9097 1
9098 2
9099 0
17292 1
15170 1
910 1
911 2
17296 3
17297 0
2216 1
9109 3
9110 2
919 0
9112 2
9113 0
8214 1
9115 1
924 1
17309 0
17310 1
17312 3
17313 2
930 0
931 3
932 3
933 1
17321 2
938 1
6983 0
17324 2
9134 0
9136 2
945 3
9138 0
17331 1
9141 1
9142 0
9143 1
952 1
17341 0
17342 2
9151 0
17344 0
961 1
9154 2
9156 1
17350 0
8353 1
17353 1
9164 0
16546 0
17360 2
9307 2
8355 0
9173 2
17367 1
17368 1
9178 1
987 1
17376 0
993 0
17379 2
17381 2
7148 0
17388 2
1006 0
17391 0
9201 0
1010 1
17395 2
9204 0
17399 2
9209 1
1018 1
17403 1
9212 1
3771 0
9216 0
9217 2
9218 2
1027 0
1028 1
1030 2
9225 0
1034 2
9228 2
9229 1
1038 0
17423 3
1040 0
9237 2
853 0
9240 0
13828 1
17435 3
9245 2
9247 0
9250 2
17444 3
17445 2
177 1
9257 0
17450 1
9735 0
1071 1
8219 2
9265 1
9266 3
1075 0
17460 1
9269 2
9270 2
17463 1
1081 0
9274 2
17469 0
6310 1
1088 0
7008 2
17474 2
17476 0
17477 1
1094 3
9118 2
17480 2
1548 2
17484 0
10675 2
1102 0
9296 3
9297 0
17492 1
18586 2
9304 2
3603 2
17935 1
9308 1
9309 1
17503 2
9312 2
17505 0
1122 1
9316 0
9317 0
17511 1
17512 1
17514 2
1133 2
17520 1
1137 0
17522 0
9332 2
1141 1
17526 0
9335 1
9337 3
9338 2
17531 0
9343 2
9346 2
9349 2
17543 0
9352 1
9353 0
1163 2
17548 1
17549 1
17550 2
1168 3
17553 2
9363 1
17556 2
1173 2
1174 2
17559 2
17560 1
1177 2
1178 0
15215 0
9754 2
17567 3
17568 0
2928 1
17570 2
1187 2
17574 1
17575 1
9384 3
17577 1
9386 2
1195 0
1196 2
17581 1
9390 1
8392 2
9397 2
17590 2
17591 1
9400 0
17593 2
9402 2
1212 3
1213 1
17598 2
17602 0
1221 2
17606 1
9415 1
17609 1
17610 2
1227 0
17612 2
17613 0
17616 0
11128 2
9427 2
17620 0
1237 2
1238 2
1239 0
1240 0
1242 3
17627 1
1246 3
17632 1
1250 0
1251 1
1951 1
17637 0
9446 1
17639 1
7036 1
17642 1
9451 0
8402 2
9455 1
4952 2
17649 1
1266 0
12590 3
17652 1
9461 2
9462 2
1272 3
9465 1
3013 1
17660 2
1277 1
17663 1
588 1
9473 1
1282 0
9477 2
17670 0
9479 2
1288 2
1290 1
215 1
17676 0
11138 2
9486 3
1581 1
1299 1
17684 2
9774 2
1302 1
17687 1
17688 0
17689 2
17691 2
9501 0
17695 2
1312 0
9505 2
17698 0
12507 1
1317 3
220 2
1322 2
17707 2
17710 2
17711 1
10137 2
17713 0
1330 0
1331 1
17719 1
1337 0
1338 1
1339 3
1340 2
9533 2
17726 2
17727 1
9536 0
1700 2
7203 2
15243 1
1349 0
9543 2
17737 2
17738 0
1355 1
17740 3
9549 2
1359 1
12775 0
9784 2
9555 1
1364 3
1365 0
1366 0
9560 3
4324 2
17755 0
17756 0
9565 1
9566 0
16613 2
17760 2
9569 2
17762 2
17764 2
1381 2
17767 1
17768 2
17504 2
9578 1
9580 1
9583 2
17778 0
1396 2
9591 0
9592 1
17785 0
1402 1
17787 3
9596 0
9597 2
9599 0
1408 0
9603 1
1138 2
9606 1
1601 1
1416 3
9610 2
9611 2
1420 0
9615 2
9616 0
17811 1
1430 0
9626 2
17819 2
1436 1
9629 1
17989 1
9632 1
1444 2
9637 1
1446 2
1447 3
17835 2
17836 0
12530 1
9646 1
15261 2
17840 2
17842 2
1460 3
17846 0
17847 1
9656 1
17849 2
17850 1
17851 1
9660 2
14779 2
9662 2
9663 2
15264 2
1474 2
13899 0
9668 1
9669 2
15265 1
1482 1
9675 1
9676 2
9678 3
9805 0
5505 0
17876 0
13902 0
1496 1
9690 2
9691 3
9694 0
17887 2
9697 3
17892 0
17895 0
17896 1
17899 0
17900 2
9711 0
9715 2
254 0
9719 1
501 1
4351 1
9724 1
17917 1
17918 0
4961 1
1538 2
16418 0
17924 0
1542 2
4901 0
9736 1
11180 0
1546 0
9740 2
12546 0
7085 0
17936 0
17940 0
17941 1
1558 3
1559 0
17944 1
17945 2
1562 0
17947 1
17948 2
17949 2
8781 3
9759 0
17952 2
9764 0
9765 0
17959 2
9768 2
1577 3
9770 1
8455 0
17964 0
9773 2
18614 2
1583 2
9777 0
9600 1
2995 2
9781 1
1591 1
1592 3
17977 2
17979 2
1596 2
9789 1
9791 2
9792 2
17985 2
1603 2
17988 3
1605 0
1606 1
5729 0
1608 1
1610 1
1634 2
9810 2
9812 0
1622 2
3001 2
9817 2
18010 0
18011 2
9820 0
7098 2
1630 1
18015 2
1632 1
18287 1
9826 2
1635 2
9829 2
13477 2
9831 2
1643 1
1644 1
18032 0
2237 3
9842 1
1652 2
1653 2
1657 2
9593 2
9852 0
1661 1
1662 2
9855 0
328 0
9857 0
1666 2
1667 1
1668 2
18560 3
9862 1
18055 2
18056 0
9865 3
1674 2
1677 0
9870 0
11686 0
10213 2
9874 0
18067 0
9876 0
18069 0
9878 3
13532 0
18076 0
1693 2
1694 2
1695 2
1696 2
9840 0
18082 0
9891 3
9892 0
18085 1
1703 1
9896 2
1705 0
18091 2
1709 0
1711 2
1712 1
15304 2
1714 0
9907 2
1716 1
1717 2
9910 0
1722 0
8479 0
18109 2
1727 0
16672 0
9927 2
9928 1
18121 1
1738 2
1740 0
18126 0
18128 0
1746 2
291 1
1748 0
18133 2
1750 1
9849 0
9946 2
1756 0
18141 0
18142 1
18143 1
9953 0
1762 0
1763 0
1764 2
18149 1
9958 0
1767 2
9960 0
1769 2
1771 1
18156 1
18157 2
8488 2
18163 0
1780 0
9854 1
18166 0
297 2
332 2
16699 0
16815 2
13951 3
9981 2
1790 2
13153 2
1792 0
1800 0
18185 0
9995 2
18188 1
9998 0
9999 2
10000 0
10001 0
10003 1
10004 2
18197 0
11225 0
18201 1
13779 1
10011 1
1821 1
16973 0
18207 2
18209 0
10018 0
10019 3
1670 0
18214 2
10023 3
18216 2
18217 0
18218 2
1671 1
1836 1
18221 2
1839 2
10032 1
18225 2
10034 1
1843 0
18228 2
10038 2
1847 0
18232 2
18233 2
18235 2
1852 1
9866 0
10047 1
10048 2
18241 0
1858 1
18243 0
10053 1
18246 2
18247 2
10056 2
10057 0
1866 2
1868 3
1869 0
13974 1
1872 0
18062 2
18264 1
3044 2
1882 0
18267 2
7141 0
18272 0
10081 3
18275 1
18277 0
18279 1
10088 1
10089 2
18282 1
11239 2
18284 1
1902 1
317 2
1904 2
18291 0
1909 0
10103 3
10105 0
18298 2
10619 0
1918 2
18304 0
16704 3
1922 1
1924 2
1925 3
18310 3
1927 3
18312 1
1929 0
1932 0
10125 1
1934 0
18319 0
1937 1
8515 2
1942 0
1943 0
18328 1
18329 1
1949 2
10143 1
3057 0
18344 2
10154 0
10155 2
18348 1
18349 1
2021 0
13981 3
1969 0
10162 0
1972 0
18078 2
18358 3
329 1
18361 3
10171 0
18366 2
8795 3
18372 1
3732 0
18376 2
4428 1
1994 0
18379 1
18380 0
10189 1
10190 0
18384 2
18385 1
18386 1
18387 2
10196 1
2005 1
2006 1
10200 2
10201 1
8527 2
18397 1
18398 0
1701 2
18400 0
18401 1
10210 1
17203 2
13990 0
18409 3
10220 0
18413 3
18414 3
18419 1
18420 2
18421 3
18424 1
2043 1
2047 2
10240 1
2052 2
2053 0
18443 2
2061 3
10254 2
10256 0
11267 2
10260 1
10261 2
10264 0
18457 1
2075 0
18463 0
18464 0
18096 2
18467 0
2086 0
2087 2
10280 2
10281 2
10282 2
2091 2
1979 1
4445 0
18482 0
18483 2
1888 2
10299 2
10306 1
10308 0
10309 3
10310 1
2121 0
10314 0
10316 2
10317 1
18511 3
2128 1
10324 1
10327 1
10329 1
2138 2
10331 0
10332 1
9914 3
16741 2
18530 0
10339 1
10340 3
2150 2
617 0
10346 3
359 3
18540 0
18541 0
18542 0
10351 2
10352 1
360 2
18546 3
2164 2
17530 1
10358 2
15380 1
2171 0
10364 2
362 1
18558 0
10367 1
2176 2
14016 3
10372 1
618 1
1729 1
2185 2
18572 0
2189 0
2191 1
10384 0
18579 2
2196 0
10391 1
2201 2
2202 2
367 0
18589 1
2207 1
18592 0
10401 2
18594 2
2211 0
10404 2
2213 1
18598 2
10407 2
18600 2
10412 2
10413 0
7104 0
2223 2
10416 1
18609 0
10418 1
10419 0
10422 2
18615 1
10424 0
12660 2
10426 1
18620 2
18621 0
18622 2
2239 2
2240 2
10433 2
8258 0
18632 2
10441 2
18634 1
4471 1
2254 2
14029 2
18640 1
18642 2
2259 1
2260 2
13987 2
2262 0
18649 0
18650 1
10460 1
378 3
10462 0
10463 2
10464 1
10466 0
8571 0
2276 0
2278 2
10471 1
2280 1
10475 1
2287 2
76 2
18675 0
18677 0
18679 3
9940 2
18682 1
18683 1
1749 0
18688 1
2305 0
10498 2
18692 2
2309 2
10502 2
10503 2
2312 2
2313 1
10507 2
4482 1
10510 0
18704 1
10513 0
387 0
10516 3
10517 1
10518 2
12676 3
18714 1
2331 3
18138 2
18718 1
10527 3
10530 1
17263 0
14808 2
18725 1
18726 1
2345 1
10542 2
18735 0
2353 1
2355 2
2356 2
2357 2
2359 3
18746 2
10556 0
10559 2
2368 1
10563 2
10564 2
18760 3
2377 0
9563 0
14050 1
2382 0
2383 1
2385 2
18771 2
2388 2
2389 2
10582 1
10583 2
10585 0
18778 0
4717 0
2402 0
18790 0
10599 0
10602 2
18795 0
10604 3
8594 1
10607 1
10609 0
18084 0
10612 2
18805 3
18153 0
12692 2
10618 2
2427 2
7173 1
10709 2
18815 2
10624 0
10625 1
10626 1
18819 0
1899 0
10632 1
10634 1
407 2
2444 1
4173 2
2449 2
2450 2
2452 2
10645 1
18839 2
10648 2
10649 2
2458 0
16794 3
2462 2
18847 3
10660 2
2469 0
10663 3
2472 2
12700 1
18859 1
10668 2
18861 2
2479 0
10672 2
1779 0
2484 0
2485 0
2487 2
2489 3
3629 1
10686 0
10689 3
2498 2
2500 2
10696 2
10697 0
10702 2
2514 1
2516 2
2517 0
10714 1
11343 2
2525 1
2527 1
2528 0
10724 0
12710 1
10727 2
10729 1
12711 2
2540 1
10734 1
2544 0
10737 3
2546 2
10740 1
10741 1
10742 2
2552 1
2553 1
2555 1
10748 2
2560 1
1108 2
10755 0
12906 2
2566 3
11815 1
4525 1
2576 0
10771 1
10773 1
10774 1
17544 2
2587 1
10780 0
2589 0
2591 0
10784 0
2593 2
2594 2
2597 0
10790 0
10791 1
2601 1
2603 2
10798 0
10799 1
10800 0
2610 3
10803 3
2612 2
10805 0
2615 2
10808 3
10809 1
2619 2
10812 1
10813 0
10814 1
12725 0
2624 2
2625 0
10818 0
10819 2
10822 1
2631 1
2632 0
10825 0
2634 2
2637 0
10831 2
2640 2
13711 2
2643 1
2645 1
10838 1
10839 0
16455 2
10843 1
10844 1
2654 2
2655 2
4539 1
10852 2
10853 2
10854 0
1809 2
10856 2
10858 1
10862 0
2671 0
14966 0
10866 0
10868 0
2677 2
10870 2
11369 2
10877 0
10879 2
10881 2
10884 0
10893 1
2702 2
13729 1
10898 0
8643 1
10900 1
10906 2
2715 2
2716 1
10911 2
6892 2
10913 3
2722 1
2723 2
10916 2
4550 0
2729 1
2730 1
16839 0
2733 2
2738 3
2739 2
16458 2
2741 2
2742 2
2744 0
10940 2
2751 0
10945 2
10947 1
2757 0
2758 2
2762 2
2763 0
2764 3
1826 2
7547 1
10961 0
2771 0
2776 0
10973 2
2783 3
16848 2
2787 0
2788 0
2790 1
2791 2
2792 2
2793 0
2794 3
2795 0
2797 3
2798 0
10991 1
10993 3
467 1
10998 0
2807 3
11000 1
11002 3
11003 0
11004 2
12757 2
11009 2
11012 2
11015 2
11016 0
2825 2
2826 2
11020 2
16461 2
1458 2
2839 2
2840 0
13876 0
11035 0
16858 0
11038 2
3205 1
18224 0
4571 0
18644 2
11045 2
2854 1
2856 2
2857 1
4573 1
11056 0
18077 0
11059 0
11825 2
3209 2
10036 2
2874 0
4575 2
2880 2
11073 1
2882 2
2883 0
2884 0
11078 2
2889 1
11082 2
2891 2
2892 2
2893 0
6922 1
14136 2
2898 2
11095 2
11097 1
2907 2
2909 1
2911 2
7462 1
2917 0
11111 3
2921 2
2923 1
2925 2
11118 0
12840 1
4584 0
11123 2
13490 1
11127 1
2936 0
11129 2
2939 2
11132 2
11133 0
2942 2
2944 2
1856 2
565 1
11141 0
2951 2
9100 2
2955 0
11148 2
2957 0
14283 1
9373 3
2962 0
11155 0
2968 2
3885 2
11164 0
2973 2
11166 0
3784 2
496 2
347 3
11173 1
11174 0
11175 1
15375 1
2985 2
2988 0
4594 1
2992 2
2993 1
11187 0
15921 2
3000 2
11193 0
11194 2
3004 0
3005 0
15103 1
100 2
3010 3
3012 2
11205 0
3014 0
3016 1
4192 2
1737 1
7330 0
11214 2
11215 1
11217 2
11218 1
9648 2
11220 1
3030 1
3031 1
3033 0
11226 2
8830 0
11230 2
11429 0
11232 0
1465 2
11236 1
3047 0
3048 3
3049 2
3051 0
7336 0
3058 1
3060 1
11254 2
3063 0
293 0
11259 2
3242 3
1466 2
3074 1
11435 2
11268 2
3078 1
3079 2
9377 2
3082 2
3087 2
921 2
11285 0
3094 2
3095 0
11289 0
3098 1
11293 2
3102 2
3103 0
3104 0
3105 1
3107 2
3110 2
3114 3
11307 2
4423 2
11310 1
5749 1
3122 3
11317 3
3126 0
8713 1
11320 0
3129 3
11324 1
11326 0
11445 1
10080 2
9379 1
11334 2
11335 2
11336 2
524 2
16909 1
3154 3
10083 2
3156 0
11350 1
3160 0
3076 2
11355 3
11356 2
11358 0
3169 3
11366 0
3175 3
3177 3
11370 1
11371 2
3183 2
3185 0
11379 3
3188 2
3191 2
3193 1
3263 2
3198 0
5562 1
3200 0
11393 2
11395 0
11397 2
9105 0
10092 1
11403 2
11404 1
11458 2
3215 2
11459 0
1471 1
11414 1
11417 2
14191 2
11421 2
11425 2
3237 1
11430 0
11431 2
11432 0
11433 2
11434 2
11463 1
3244 0
11440 0
11441 3
3250 2
10099 2
3253 1
3254 1
6004 0
3258 2
543 2
3260 0
3261 1
11454 0
18293 0
3265 0
3266 0
3275 1
11460 0
11461 1
3270 1
16929 2
9929 2
1911 0
11468 0
11471 2
3280 2
547 1
3285 1
3286 1
3287 2
3291 2
11484 1
3294 0
11487 0
3296 0
7367 2
3301 2
3302 2
11495 3
11496 3
3305 1
4576 3
551 1
3308 0
3310 2
11503 0
3312 0
3313 2
3314 3
3316 0
3320 2
3321 1
11514 2
11515 0
16938 0
3328 1
3329 0
3330 1
3334 1
11532 2
18306 2
1475 1
15387 2
3347 0
3348 2
11543 2
3352 1
3354 2
3355 1
3358 0
6021 2
12848 2
11554 1
3363 1
1926 3
3368 1
11561 2
11562 1
6023 1
6569 3
11565 1
3375 2
11570 3
3380 1
3381 1
11575 0
3386 3
11579 2
14218 0
3390 0
8757 2
3392 1
18662 2
11586 0
3395 1
12854 0
11590 0
3399 0
3403 3
10479 2
3408 1
3409 0
3410 2
3412 2
3414 0
3415 1
9268 1
11612 3
11613 1
11614 1
3424 3
13753 1
11620 1
11622 0
3431 1
8764 1
11626 0
11631 2
3440 1
3441 1
11637 1
11638 2
7006 2
11644 1
3453 2
3454 0
15244 0
3458 3
6389 1
11653 0
11654 0
3463 2
11658 0
3468 0
12866 2
11662 2
11663 0
3472 2
1944 0
3479 2
11672 2
11674 0
7407 2
3485 1
11678 0
581 1
3489 3
3490 2
11684 2
3494 2
583 1
3503 2
3504 2
3505 0
11698 3
3509 2
8777 0
11707 2
11710 1
117 0
3520 2
3521 2
390 1
3527 2
3529 0
3530 0
3531 0
3535 3
11731 2
11732 0
3543 0
11738 1
3548 3
11741 1
16485 0
18027 2
11746 2
3556 0
3557 2
11752 0
11754 0
14247 0
3564 3
4690 0
5847 0
3568 0
1960 1
3572 1
3573 0
11766 0
3576 0
11773 2
7424 3
11779 0
11521 1
3595 0
11790 3
1965 2
11795 3
11798 2
601 1
11802 0
3611 3
3612 0
5303 0
11806 2
11808 1
3619 2
3621 2
14257 1
11817 0
3628 0
1970 0
3630 2
11823 1
11824 1
3633 1
3634 3
3636 3
3637 2
3638 2
11831 1
14045 0
11833 1
16991 3
3644 1
3646 0
18357 2
1758 3
11841 2
11842 0
11844 2
3655 1
3659 0
3660 3
11853 1
11854 0
3663 0
9942 2
11857 0
3666 0
11859 1
11860 1
3671 2
3672 1
3673 1
3674 2
3677 2
16997 2
3681 1
11874 1
18363 1
3684 3
11877 2
18399 1
15633 0
11880 1
11887 2
1982 0
4713 0
11897 0
3706 2
3708 3
3709 2
11902 2
9398 1
11905 3
3715 1
11911 0
11913 1
11915 0
3727 2
11544 2
3730 2
3731 1
11924 3
17855 2
11926 0
3737 0
3740 0
3125 0
3747 1
11941 2
3750 1
3751 1
11944 2
15128 0
15645 3
11952 2
1992 2
11956 0
15401 0
17012 3
7455 0
3774 3
3777 2
3778 0
3779 1
4726 1
3782 2
11976 0
11978 0
11979 0
3789 0
3790 2
3792 0
11985 0
11555 1
11989 0
12921 2
3801 3
18146 0
11998 2
3808 2
3809 0
3813 0
12006 0
3815 1
636 2
3819 0
3821 2
3822 3
12925 1
3827 0
17022 0
5583 2
12025 0
3834 2
2037 0
3370 1
6101 0
12032 2
3841 2
12034 1
12037 2
641 0
12041 1
9300 1
12043 0
12046 0
18132 1
3862 2
3865 0
12933 0
2311 0
12066 0
6107 2
3876 2
12069 1
3879 2
3880 0
12074 2
12076 2
3378 1
3887 2
3889 2
7475 0
3893 0
3895 0
10207 2
3901 0
11573 2
12100 2
14042 2
12106 2
12110 2
3926 0
18404 2
3932 3
12127 2
12131 3
8849 2
12136 2
3945 0
12139 2
658 0
3950 0
15677 1
3958 2
12152 1
660 2
12154 0
661 1
3968 3
7555 0
12165 1
12170 2
3979 1
12173 0
3983 2
3985 2
16666 1
3988 0
12181 1
12184 2
12185 1
3995 1
572 0
12190 0
12191 0
4001 1
4002 1
6129 2
4009 3
15687 1
12205 1
12206 1
4016 1
4017 2
12210 2
4019 1
4020 1
4766 1
4024 1
1225 2
17055 2
8863 3
4030 1
12223 1
4768 2
12227 0
18794 0
4037 3
4038 0
12235 0
4048 0
4051 1
12247 0
15248 1
4058 2
4059 3
12252 2
4061 0
12255 1
12257 0
12258 2
12259 2
12260 1
12261 1
12265 1
4074 1
679 0
12268 2
12272 2
4086 2
4087 0
12280 1
4089 1
12283 0
12284 0
4094 3
2864 2
409 0
1391 0
17067 1
4106 2
16394 1
12300 2
4112 0
12306 2
4115 0
4118 2
12312 0
12314 2
4124 2
4126 0
14341 1
17072 2
191 0
12323 3
12324 2
6957 1
4134 0
8881 2
7516 2
12330 1
12331 2
4140 0
4141 0
4143 0
4144 0
12341 3
4150 1
4151 2
12344 2
18028 1
12351 2
12354 2
12356 0
12361 2
7522 2
4176 3
12370 2
12372 0
12375 1
4184 2
12377 2
412 0
15358 2
4189 0
4191 2
12384 1
6323 3
10778 0
12387 2
4196 3
3430 3
4198 0
4200 3
4201 2
4202 1
4206 3
12402 1
4212 0
4214 0
7529 2
16957 2
4217 3
4218 1
12411 2
4220 2
12413 1
14649 2
12417 2
4227 2
4228 1
4230 0
12424 2
12426 0
12429 0
12430 1
4239 0
12432 2
12433 2
4803 3
4245 2
12438 0
16811 2
12440 2
4249 1
4256 2
12450 0
17094 1
4262 2
11633 0
6172 0
13781 1
12459 1
15730 1
4270 0
14365 3
4272 1
12465 1
12466 1
12470 2
713 0
4281 0
4282 0
12476 2
12480 2
12481 0
4291 0
12486 2
12487 0
4296 0
4297 0
4298 0
9090 1
4302 1
717 0
12496 1
2083 2
15737 0
9418 1
13122 1
4314 1
8911 1
4316 1
12509 2
4318 2
4323 2
12516 3
4326 0
4327 1
12521 2
144 2
10279 2
4332 2
4335 2
4336 0
4338 1
4341 1
6964 1
12536 1
12537 3
12539 2
12543 2
4352 3
15744 2
4354 2
18475 0
4359 2
4362 0
4363 2
12556 0
2093 0
4370 1
12563 2
4374 2
12567 1
15748 2
4378 0
4379 2
12573 0
4383 2
12578 0
12579 0
4389 2
4390 1
10239 2
4394 1
4238 0
4829 0
12592 2
12595 2
4405 2
4408 2
13023 2
12605 2
12422 2
16241 0
13024 2
4418 0
12611 2
12695 3
12615 2
12616 0
12617 2
12620 3
12621 1
12622 1
14392 2
4434 1
13027 0
4436 2
7566 2
4438 3
4439 2
1375 2
2330 0
12635 0
12636 0
12637 1
12638 2
12640 1
12642 0
12643 1
4452 3
4838 0
15761 2
12648 2
4457 2
13031 1
12652 2
4462 2
744 2
3422 1
12662 1
12663 2
12664 1
12667 0
12671 0
4480 1
10917 1
12674 3
4483 0
4484 1
12678 1
12679 2
4490 1
4493 2
12686 2
17133 0
3480 2
4498 2
7242 0
4501 0
15769 2
2116 2
12698 2
4508 2
4509 1
4510 1
4511 1
16517 1
12705 2
4514 2
4516 0
423 2
4518 1
4519 0
4520 0
12713 2
12715 2
12717 1
11677 2
4528 2
12721 1
4851 2
4532 1
7582 3
12727 1
4536 0
4537 2
4538 2
12731 0
12732 1
12733 1
8593 0
16058 0
4546 1
12739 2
13046 0
12742 1
18155 1
4552 1
18852 0
12747 2
4559 3
760 1
4564 1
4565 1
18812 2
8953 1
12761 2
12763 2
7737 1
12765 2
4574 3
7589 0
12768 0
8955 1
4581 1
4582 2
4583 1
12776 2
4517 1
4586 1
12780 1
12782 0
12786 0
12788 2
12790 0
4601 1
12794 3
12795 0
12796 0
4605 2
12799 0
13056 0
4610 1
9428 2
4614 0
324 1
12809 1
9196 0
12811 2
4620 0
12813 2
4626 2
4627 3
12828 0
4637 1
4641 2
4642 0
4870 0
14612 0
4648 1
12841 1
4650 2
12843 1
4653 0
12847 2
4656 1
13064 3
4658 2
12852 2
6238 0
4662 0
4663 0
5338 0
4665 2
4667 2
8970 2
12862 2
4671 0
12865 2
4674 1
12868 2
12869 2
12870 1
12871 0
12872 2
12874 1
4683 0
12431 3
4687 0
4688 1
12882 2
12883 1
3359 3
12888 2
12891 2
4703 3
4704 1
4705 1
4707 2
4709 1
4710 1
12905 3
4714 1
12907 0
12908 0
12909 2
4719 0
4723 0
4724 2
12918 0
4727 1
10523 2
4729 2
4732 0
4733 2
13077 2
4736 2
5886 2
12930 2
12931 0
12932 1
4741 1
4742 1
4744 1
12743 0
4748 1
7618 0
4752 1
12945 2
12946 1
4755 1
4758 0
17177 0
8069 2
4761 0
4762 0
12955 2
12956 2
12958 0
12960 2
12961 2
12963 1
12964 2
12966 3
14449 2
4776 2
4777 1
7623 1
12972 2
4784 1
3661 2
12981 1
12985 0
12986 2
12989 2
4798 0
4799 1
17184 1
12994 1
7627 0
4804 2
4805 1
4806 1
4807 1
4808 1
4809 2
4811 3
13004 2
4813 1
4814 2
4816 1
4819 1
4820 2
4822 0
4824 2
13017 1
4826 1
4827 1
9708 2
4830 0
4831 1
4832 2
4833 3
4835 1
4836 0
13030 2
4839 0
4840 0
12709 0
4843 2
13037 1
13038 1
6269 1
13040 2
4849 0
4850 0
13043 2
4854 0
13047 0
4856 1
13050 2
4860 2
13053 0
4863 1
4864 3
9982 1
4866 0
13060 0
4869 1
13062 0
4871 0
4872 2
13069 1
4878 0
13076 3
4885 1
13078 0
4887 1
2180 2
4890 2
4892 0
2181 1
4897 2
4898 2
4900 0
13093 1
13096 2
4906 3
4909 0
4911 2
13104 3
13107 0
2073 2
13110 1
10377 2
13112 1
13108 0
13114 2
12439 0
6282 2
13119 0
4929 0
4930 2
12712 3
4918 2
13128 1
7125 0
4938 0
4939 0
13133 2
4944 0
4529 2
7246 2
13140 3
13142 1
13144 1
18575 3
13150 3
7653 0
6439 2
4962 0
9019 1
13160 1
16897 2
13168 2
4980 1
4981 2
13174 0
13176 0
4986 2
4989 0
13185 1
4994 1
4997 2
4258 1
1803 0
13195 0
13196 0
13197 0
13199 1
5008 0
13202 1
13204 2
13207 1
13209 2
5021 2
13216 0
5026 2
16807 1
5030 2
5035 2
13229 2
5038 0
5039 0
7667 1
5046 2
5047 0
13240 2
2623 0
15171 1
5051 3
13244 2
13245 2
5054 1
5057 3
13253 2
5063 2
13256 1
13257 2
13259 2
2210 2
5072 3
13265 2
13266 1
6307 1
7534 2
13271 1
13272 0
5081 0
13275 2
5085 1
5086 1
6309 0
13136 2
5090 3
13283 2
10406 0
13286 3
5095 2
5096 1
5098 0
2215 1
13293 1
13295 1
13297 0
13301 2
13303 2
13305 2
13310 1
9045 2
5121 2
13319 0
13323 2
13324 2
14901 0
5137 1
5138 0
13331 2
13332 2
13334 0
5144 2
13337 2
5146 0
13341 0
5150 0
5151 0
18608 0
5155 0
13348 1
10417 3
5160 0
13353 0
13356 2
5165 0
17245 1
13360 2
5171 1
13364 3
13366 0
5177 3
13370 0
9055 0
5180 0
13374 2
15721 2
13376 3
5186 0
13379 0
13380 2
5189 3
5191 2
13384 2
13386 1
13387 1
5197 3
7693 2
13392 0
173 2
13394 0
5203 2
13396 0
5210 3
5213 0
5214 2
13407 0
5218 0
13412 0
13413 2
5222 0
2236 2
5226 1
13419 1
13420 3
13421 0
13423 0
13424 2
13427 2
873 1
5240 0
5241 2
5244 0
5247 2
10432 2
13442 2
13448 0
17260 2
2630 1
13458 0
13459 0
5269 0
5272 0
5274 0
879 2
5278 3
13471 1
5283 2
5284 0
6177 1
5286 2
13481 2
13482 3
13485 2
13489 0
5298 1
9075 2
8087 0
5301 0
5302 0
18633 0
5306 1
13499 1
13501 1
5314 1
5315 0
5317 0
5318 0
13511 2
13512 1
5321 3
5322 2
13515 1
5326 0
888 2
11811 2
13524 2
13528 2
17657 0
8725 1
3451 1
5340 2
13178 0
5342 0
5345 2
5348 3
5349 2
13542 0
5351 0
17276 0
13547 2
5356 0
6354 0
13551 2
13552 2
13553 0
5362 2
18643 2
894 2
5369 2
5372 2
5374 1
13569 2
5378 2
13572 2
10454 0
13578 2
5387 2
13580 2
5389 2
11821 1
13586 0
13587 2
13588 2
13594 3
7545 1
10580 0
13602 2
13603 0
3999 0
13607 2
13608 2
2268 2
13610 1
903 0
13612 2
5422 2
13615 1
13621 2
13622 2
13626 3
18655 2
13628 1
5437 2
5440 0
2272 0
13634 2
907 1
5444 2
13638 2
13640 1
5449 1
5637 1
13647 2
13655 1
13658 2
9103 2
13660 3
5469 1
13666 0
5477 0
5478 0
13671 1
1819 0
5481 0
13674 0
5483 1
13676 0
5485 0
5486 2
13679 2
5490 1
9107 0
11838 2
5494 3
13687 2
5496 2
5497 2
13690 2
5502 1
13695 2
13697 2
6379 1
5508 2
6380 0
13708 3
13710 2
2364 2
5520 0
13718 2
7549 2
13720 2
3652 0
18098 2
13723 2
13726 2
13727 1
14576 0
5538 0
5539 1
13734 1
17308 2
4549 0
13741 2
10483 0
16279 0
13749 0
6388 3
13754 2
5564 1
13759 0
5568 3
13766 0
5576 1
13769 0
5579 2
5580 1
13773 0
5582 1
13775 3
5586 0
5587 1
5589 3
5590 3
2297 2
13784 1
13786 0
11643 1
13788 3
13789 3
13791 2
5600 0
5601 1
5602 2
9639 2
13796 0
5606 0
5607 1
13801 0
5614 0
5619 1
5620 0
13816 2
13818 3
14591 2
5630 2
5631 0
13824 0
800 2
17323 0
5636 0
15958 3
5638 0
5639 2
4825 2
5643 3
13836 2
5037 2
13841 0
5653 1
5654 2
13847 0
5657 1
5644 3
5666 0
5670 1
13864 2
5673 3
2371 2
13867 2
5680 1
5683 1
5684 3
10505 2
5691 2
5698 2
13896 0
5706 0
951 0
13900 0
3682 2
8919 2
5712 0
10283 2
13906 1
3683 1
5716 0
13909 2
13911 2
13912 1
7780 0
7403 1
13918 1
5727 0
13921 1
1009 1
5732 0
13927 1
13929 1
13930 1
13933 0
464 2
13941 0
13943 2
2324 2
13949 3
18709 3
5765 2
13959 1
8549 0
13965 0
11649 2
14616 0
5778 0
11922 1
13976 3
5785 2
13978 2
5787 0
5789 0
13982 0
15436 1
5794 1
18715 3
5798 2
13991 1
13993 2
13996 1
13997 0
5806 0
5810 0
5811 2
5812 0
5814 2
10677 3
5819 1
14012 1
5822 1
5823 2
5824 2
5831 0
5832 0
5837 0
14030 2
5839 2
5840 0
14034 0
5843 2
14036 1
5845 0
3705 0
14041 2
5850 2
5853 2
17715 0
14048 1
16289 1
5858 2
5859 2
5862 2
3585 2
7804 1
14059 1
14062 3
14063 1
5872 0
14066 3
5879 2
5881 2
18033 0
14078 1
17365 0
1287 1
14635 0
14084 1
14085 3
5894 0
3713 2
5899 2
14095 2
5904 2
13290 1
14098 2
16003 2
14100 0
5909 3
14103 1
14104 1
5916 1
16291 2
5922 0
1561 2
5925 2
14119 1
14122 3
14123 1
5932 1
14125 2
14128 2
14133 2
11109 2
14928 2
5945 2
14138 1
14139 1
14140 2
14645 1
14144 2
10291 1
14147 2
5957 1
14150 1
5959 1
14157 2
5967 3
5969 3
5972 3
14166 2
5975 3
14168 1
5978 0
14171 0
2362 2
5982 2
14177 2
18175 1
14180 1
5989 2
18203 2
5993 3
14186 2
14189 0
14190 2
5999 2
6000 0
6001 0
6002 1
14196 0
14199 1
6009 3
14202 3
6011 2
6013 2
7838 2
14209 0
6018 1
5099 1
14212 2
3734 2
6022 2
14215 0
14216 2
6025 2
6026 2
6028 0
14221 0
6030 3
14224 1
14226 2
14227 1
14228 0
357 0
14233 0
14234 0
6044 3
6045 1
14239 0
14240 1
14243 1
6053 1
14246 2
6055 1
6057 2
14253 2
14254 2
14255 0
10568 1
14258 2
6067 2
6069 1
14262 2
14263 2
14264 2
6073 2
6074 1
12861 2
14272 0
14274 2
14275 1
14276 2
14278 2
6088 0
16189 0
14282 1
9207 0
6094 2
14287 1
14288 0
14293 0
14294 0
14296 2
10575 1
9863 2
17402 1
14302 2
14304 0
14307 2
14309 0
6120 2
6121 3
10330 3
14317 0
14319 0
14320 2
3752 3
14322 2
14323 2
6134 1
6135 2
14328 3
18772 1
13311 2
6140 2
8115 2
14334 0
6143 3
6149 0
6150 0
17409 1
6152 3
6154 2
14347 2
6156 0
6157 0
6158 2
14353 0
14355 2
6164 2
14357 2
2393 3
14360 1
6170 3
14364 1
6173 0
6174 2
14367 1
6176 1
14369 2
17414 0
6182 0
14375 0
14376 2
14377 1
14380 0
14386 2
6196 2
14390 0
14391 0
6200 1
14394 2
6203 2
6206 2
14399 2
6209 2
14403 0
11391 0
14412 2
1037 3
14420 2
9730 0
10573 1
6231 2
14425 2
9231 2
6237 0
14430 3
14431 1
14432 3
14433 2
11963 2
13329 2
6250 2
6251 2
6253 2
14447 0
6257 1
14451 0
14453 0
14455 0
14458 2
6267 2
14461 0
3482 2
14463 1
6272 3
14465 1
14466 0
14467 1
14474 3
14476 0
6286 3
10605 1
14480 0
17432 2
6290 0
7875 1
14488 3
8393 2
14491 1
14494 0
14498 2
1051 1
14501 0
14502 1
14503 2
14505 2
6315 0
6514 1
14510 2
14513 2
10363 0
6325 1
14519 0
6330 2
6331 2
6332 2
18544 0
6336 2
14533 2
14535 1
14538 2
6349 2
14546 0
6207 2
6357 2
14551 1
6363 2
2426 1
6368 2
6370 2
6371 0
14565 1
1576 1
14569 0
13845 1
1063 2
14572 0
7890 2
6384 0
6385 2
6386 1
7891 2
14580 3
14581 1
14584 0
6393 2
14586 2
6398 3
6399 0
6400 2
6404 0
14721 0
15100 1
6409 1
6410 3
6411 1
14604 2
14607 2
6416 3
17126 2
6419 2
3487 0
7897 2
6424 0
6426 1
6429 1
17672 0
14623 0
214 0
14625 2
6438 0
14631 2
14632 2
14633 0
6443 2
6445 1
6446 2
6448 1
18491 0
10954 0
6453 3
6454 0
10035 2
14651 2
6467 2
6468 1
6470 3
6471 1
14664 1
18828 1
14666 2
6475 0
14668 0
17128 3
6479 0
14673 2
6485 0
6488 2
6494 0
6495 0
6497 0
14690 2
6501 0
6504 2
6505 0
6506 2
14699 0
1085 0
14706 0
14707 0
5182 0
18265 1
6521 0
6522 2
6523 2
14717 1
17472 0
14724 2
14725 0
17473 0
6536 0
14729 0
2455 2
12013 2
14737 2
14740 3
14742 2
14743 2
6553 0
7919 0
13381 0
14756 0
13418 1
14761 1
14762 0
9287 0
14765 0
6575 2
14768 0
5192 3
16115 2
14775 1
6584 2
14751 2
14787 0
12919 1
14789 2
6600 0
14793 1
6602 0
6603 1
6604 2
6605 0
6606 2
6609 0
14803 2
14804 2
14805 2
6614 2
13019 2
6616 1
6617 2
6619 2
576 2
14816 1
15395 0
14820 2
6630 3
5201 1
6632 2
14828 0
14829 2
14830 2
6639 2
14832 0
5336 1
4845 2
6646 1
6647 2
6648 2
14841 2
14842 2
14844 2
14845 0
6657 1
2475 1
6660 0
6662 2
2476 0
6668 0
6671 3
14864 2
14865 0
6674 1
14867 0
14868 2
6679 2
6681 3
14874 2
14875 2
14876 2
14878 2
6689 2
1488 1
6691 1
6692 2
14886 1
6695 3
14888 2
6697 2
6700 0
2678 3
6702 1
6703 1
14896 0
6705 0
14899 1
6709 0
14903 2
14904 2
10676 0
6714 0
14907 1
18869 0
18500 2
14913 2
14914 2
6723 1
6724 2
6725 0
14923 0
14924 1
14925 2
6734 3
6736 0
15500 2
6740 1
14935 2
12920 1
17509 2
14945 1
14947 1
6756 1
14949 0
14950 2
6759 2
14952 1
14954 2
14955 2
14137 2
9320 2
6770 2
14963 3
6772 1
14965 0
6774 0
14968 2
16148 2
14972 2
9322 1
14978 3
14979 3
6788 1
6791 2
14984 0
10319 3
16151 1
14989 0
6798 1
9325 0
14411 2
6803 1
14996 2
6806 0
15000 0
6809 0
6810 1
6811 1
15004 2
14957 1
6228 2
15009 2
15011 0
6823 0
15017 1
6828 1
500 2
6830 2
14792 2
15026 1
6836 1
6839 3
6843 2
6845 0
15039 2
15041 2
15042 2
6851 1
15044 1
6853 0
15046 1
6855 1
14796 2
6858 2
15051 2
6860 1
15053 2
15054 2
15055 2
6865 0
6867 1
6868 1
6869 1
6871 0
15064 0
15067 2
15068 2
15069 2
6881 2
15074 0
15075 2
15077 0
15078 2
6887 1
15080 2
15081 1
15084 3
15085 2
15086 2
3701 2
6896 1
6901 0
6902 0
15095 1
1151 1
6908 2
6910 2
6911 1
6912 2
15105 1
15106 1
15107 1
15109 1
15110 1
15114 2
6923 0
15116 2
17538 1
6927 2
6929 2
15123 1
6932 0
6933 3
6936 1
6937 0
6941 0
8960 0
15135 2
6945 0
6946 2
14811 2
15140 0
15141 1
15142 0
15144 0
15145 0
9351 3
16178 1
6958 2
6961 1
15155 0
12657 2
6965 2
2283 2
5257 0
15160 1
15162 1
7989 2
6977 0
6978 0
9355 3
6982 0
15175 1
8939 2
6991 0
6993 2
6994 1
1166 2
15194 2
15195 2
15198 1
15200 0
17552 1
7010 1
7012 0
15205 0
7018 1
7020 2
16959 2
7023 1
7024 2
15217 2
7026 0
15225 1
15228 0
15231 0
7040 0
7046 1
15241 2
1175 2
7052 1
15245 2
7055 1
7056 2
15249 2
7060 0
2542 1
15254 3
7064 2
16196 1
15258 1
7068 1
7069 0
7070 2
7072 0
7073 2
15266 1
15267 1
7076 1
15270 0
7080 0
7081 0
7082 0
15277 1
15279 2
7088 0
15281 2
15282 2
13470 3
16201 1
15290 2
15296 2
7105 1
7110 2
15303 2
7112 1
7115 0
15308 1
1186 0
15311 2
7120 2
7121 2
7122 2
7123 2
15316 1
16206 0
10745 0
7129 2
7130 0
7132 0
7134 1
5285 2
7136 0
15329 2
7138 0
7139 0
15333 2
7142 1
11149 0
9383 0
15340 3
15342 0
7151 0
15344 3
15345 0
15351 1
7160 3
7164 2
17578 2
7166 3
15363 2
8022 0
15368 3
15371 2
15372 0
15373 3
15374 0
5293 2
15376 3
15377 2
7186 3
7187 0
7188 2
7189 2
15383 2
15384 0
14852 1
3240 2
15388 0
13414 2
7332 2
15396 2
7205 1
6241 1
7208 2
16220 2
4904 0
15405 2
7214 2
7221 0
15414 3
3241 1
15418 3
7228 1
7229 0
7231 0
15425 0
15428 2
13494 3
15430 1
15431 2
7240 3
15434 2
17506 2
7244 0
15438 0
15440 1
12506 1
15442 0
15448 2
2575 0
7260 2
17594 1
15455 0
7265 1
6243 0
15461 0
6595 0
7280 0
15473 0
7282 2
7284 0
15479 0
6676 0
7294 0
15488 3
15490 1
15494 3
15496 0
7306 2
18052 0
1218 2
15503 2
15504 0
15505 0
15506 1
15509 1
15511 0
15513 0
7323 0
2586 1
15519 1
15520 0
15522 1
9666 1
15524 1
15525 2
15527 1
15528 0
7337 0
7341 0
15539 0
7349 2
13513 0
15544 1
15549 1
7358 0
15552 1
15554 2
7363 0
14881 1
15562 0
15563 0
7372 2
15565 1
15566 0
9421 2
15570 0
7379 2
15574 0
15580 2
15582 0
15584 2
16525 0
15588 1
15589 2
15590 1
15594 3
2599 2
15599 0
15602 2
15603 1
7413 1
15606 2
10793 0
15608 1
1236 1
15613 1
15614 0
15616 0
16614 0
7426 0
15627 1
15628 3
15629 1
15630 1
7440 2
7441 0
15634 0
15638 2
7447 2
15641 0
7450 2
7453 1
7454 1
15647 1
17562 1
15654 2
15656 0
9523 0
15658 2
8434 0
15661 1
7473 1
15667 2
9438 1
15670 3
15671 0
7481 1
15676 0
10342 2
1613 2
17980 0
7489 2
7491 2
15684 0
7495 0
15688 0
15691 0
15696 0
9443 2
15701 0
15703 1
15704 0
15706 1
12175 2
15708 2
7519 3
15712 0
15713 2
15714 1
7525 3
15718 0
7528 3
13689 0
7530 1
7532 2
7533 0
15726 1
7535 0
15728 1
7538 3
7541 1
17641 1
12180 1
14911 0
15741 1
7552 2
10816 0
15746 0
7563 2
7556 0
15749 1
7558 0
10817 1
15752 1
7561 2
15754 0
15755 0
7564 2
15757 2
15758 2
17645 0
7568 2
7569 2
15764 0
15765 2
7575 2
15768 1
14916 0
7580 2
15774 0
15775 0
15776 2
1264 3
15778 0
15781 1
15782 1
7592 2
3996 3
7594 3
15788 1
17650 1
15790 0
7599 2
5363 3
15798 1
7611 1
7612 1
7615 2
7616 2
7617 1
15810 0
8437 3
7620 2
15813 0
15815 1
15816 2
7626 2
15818 2
6255 2
16109 2
7634 2
15827 3
15829 0
15830 3
7639 2
7640 3
15834 1
14439 2
15381 2
7645 0
7646 2
15839 1
7649 2
15842 0
15845 2
8952 2
15847 1
8711 0
7658 0
16295 1
15852 2
4088 0
15854 1
15855 1
7665 0
15858 0
15859 1
11074 2
7670 3
7676 0
15871 1
15874 3
15876 0
15878 2
632 0
15880 1
15883 0
17666 2
7694 1
7695 2
17987 0
7699 2
7701 0
1415 2
15895 0
7704 1
15897 0
15898 2
7709 3
15902 1
17669 2
15904 2
15906 2
7716 0
15909 0
15910 1
7721 2
7722 3
15915 1
7724 3
15533 2
15923 1
7732 1
15927 0
15929 1
6751 0
18534 2
2440 2
7747 2
7748 2
7751 2
8119 0
15954 1
6755 3
1294 2
7766 1
15959 1
15962 0
15963 2
15965 3
7775 0
7778 0
4027 0
15972 0
7784 0
15978 3
15979 1
7789 2
6653 1
15983 2
15984 0
2664 0
7796 3
15991 0
9492 2
16319 0
15996 0
15999 1
16000 2
16002 2
6763 0
7814 1
16010 0
16011 1
16014 2
6765 0
7828 3
7832 3
16028 1
16030 2
7839 2
16032 1
7841 3
16036 1
4080 3
7848 2
16041 1
16043 2
16045 3
16046 0
7855 3
16049 1
16050 3
16053 1
7862 2
16056 1
14964 0
7866 2
9503 2
16060 2
16061 1
1353 0
16064 2
16066 1
16067 2
16068 2
16069 2
7878 0
16071 0
16072 0
16073 1
16075 1
16079 2
16081 2
16082 2
5411 2
14969 3
16088 1
16089 3
7898 0
7900 2
7901 0
16094 1
7906 2
7912 0
16106 2
5415 0
7916 2
7917 2
16110 2
14973 2
16112 0
12243 2
16116 1
16117 2
16118 1
1321 2
16120 1
7931 0
7932 2
8993 0
16129 1
16133 1
16134 0
7944 2
7945 2
7947 2
762 1
16145 0
6787 0
7956 2
7957 0
16150 2
7959 2
17723 1
16155 1
16156 2
16157 2
9963 0
16159 0
7968 0
15541 2
9873 2
7973 0
7974 0
7975 2
14983 2
16176 0
7986 2
16179 3
7988 2
16181 1
16183 2
16186 2
4063 2
6794 2
7998 3
16191 1
16192 0
8001 1
8177 0
8004 2
16197 0
16200 0
8009 2
16202 0
18543 0
8014 2
16207 0
8017 3
16211 2
8021 0
16214 2
16215 1
17293 0
16218 2
4636 0
8028 3
8033 3
16226 0
9531 2
16228 3
7087 1
5436 3
8042 0
16238 3
1341 2
2072 2
16244 1
8054 2
16247 0
1343 2
16254 2
17728 0
8066 2
16260 1
16261 1
16263 2
16264 3
16265 1
16266 2
8076 2
16269 2
8082 0
16275 0
16277 2
16278 2
15001 1
9271 0
16282 1
16283 0
16284 3
15002 0
8094 0
18273 2
16288 1
8097 1
10907 1
16292 0
8101 1
16294 3
8103 2
16301 1
16304 2
16306 1
16307 0
8116 2
16309 1
13641 2
16314 0
16318 0
8127 0
16321 0
14728 3
16325 0
9548 0
16331 1
16332 2
8142 3
8143 0
16336 3
8184 2
8149 2
8156 1
16350 2
8159 3
16352 0
8162 0
16356 0
8165 2
8168 2
16380 0
16362 2
7869 2
16366 0
16367 2
16369 0
1363 2
16373 1
16376 2
17748 1
16379 2
8188 2
17185 0
8190 2
