8194 1
16388 2
8198 2
16393 2
8203 0
16386 2
9270 2
16400 1
5464 2
8210 0
16404 3
13148 2
16406 0
1369 2
3274 1
8196 1
8219 2
16412 0
8221 0
16414 2
16415 2
16418 0
8227 2
16420 2
16422 2
8231 2
12295 2
8236 3
8237 2
16430 2
8240 0
16433 2
8096 2
7485 0
8201 2
16442 2
16443 2
16444 0
16445 2
62 2
16447 2
66 1
8259 2
68 2
16454 3
1377 2
16456 2
8265 0
8266 2
8268 2
8269 0
16463 0
16464 1
82 3
8276 1
8278 2
16472 1
89 1
8282 2
15034 2
8288 2
97 0
98 2
16484 1
16485 0
8295 2
104 0
5459 3
17767 1
8302 2
1913 2
113 2
12307 1
8309 2
118 1
8312 1
122 3
4256 2
16509 1
8319 0
8320 0
16513 1
8323 1
16516 1
133 2
16518 2
2753 2
8328 0
16521 0
16522 1
139 3
16525 0
16527 2
144 2
8337 0
8338 2
148 1
16533 1
8342 2
151 1
8346 1
8347 3
16540 2
16542 0
8351 1
8353 1
8354 1
163 2
8356 3
16550 1
1393 2
12316 2
16557 2
8368 1
177 1
178 0
183 2
16568 1
185 2
186 2
187 1
16572 3
11463 1
8385 0
8386 2
197 2
16583 2
8392 2
201 1
202 2
8396 0
8398 1
208 2
8401 2
16594 2
16419 1
214 0
8407 2
16600 1
218 3
1402 1
223 2
16608 0
8418 2
16613 2
16614 0
10961 0
16618 2
8430 2
16623 3
240 1
16625 0
16626 2
16628 0
246 0
16631 0
8441 2
8442 2
1407 2
16638 0
8449 2
16643 2
260 2
16645 1
16646 1
263 2
16648 0
8458 1
16652 0
8461 3
271 2
1100 0
5507 0
8468 0
329 1
8473 2
16666 1
284 1
16669 0
286 1
9605 1
16672 0
16673 1
2779 2
292 0
8485 2
8486 2
16679 1
8488 2
297 2
16682 0
299 1
300 2
8496 2
305 2
16691 2
308 2
309 0
12768 0
312 1
12340 3
8506 1
16701 2
16702 3
16703 3
16705 1
8514 1
12013 2
324 1
8517 1
4648 1
16712 0
16713 0
18560 3
8247 1
332 2
8525 2
16719 2
339 3
13041 2
16725 1
342 2
14196 0
8539 1
348 1
16733 2
354 2
16740 0
8549 0
16742 1
8551 0
16744 2
16745 0
362 1
8555 2
16748 0
17810 1
367 0
16752 2
15080 2
8563 2
8564 2
376 2
16761 1
379 0
16765 2
383 0
16770 1
387 0
16774 1
8583 3
394 2
16780 0
4162 0
398 0
16785 3
8594 1
16789 3
16790 1
407 2
8601 2
410 2
8604 2
16799 1
16800 3
8609 2
5531 3
420 1
423 2
16808 1
16809 0
427 2
8621 0
16814 2
8625 2
16818 0
16819 2
436 2
437 2
438 0
73 2
8632 2
8634 2
444 2
16830 1
16833 2
8644 2
8645 0
454 2
455 1
16841 2
16843 3
461 2
8654 0
8655 2
464 2
8658 0
16851 2
468 0
469 1
16854 2
16855 1
1444 2
475 1
11187 0
477 2
16865 0
8675 2
485 2
488 2
16874 0
491 0
8684 1
12551 2
8687 2
496 2
16881 1
8691 2
15102 1
502 2
504 3
8697 0
16891 3
508 0
8702 2
1258 0
16896 1
16897 2
16900 2
1168 3
16904 3
8714 1
524 2
11010 3
16911 0
88 2
16914 1
8723 1
8725 1
12377 2
8728 2
538 0
16923 2
8732 1
8734 0
543 2
17476 0
545 2
8738 0
8739 3
16935 2
8744 2
16937 2
554 2
16939 1
558 1
559 0
16948 0
8757 2
8758 2
567 2
16953 1
16955 0
573 1
8767 0
8769 1
8771 3
8772 0
581 1
583 1
5358 1
12243 2
8780 1
589 1
16976 1
16977 0
8787 2
16980 2
8790 0
17849 2
16984 1
8793 1
16986 0
8796 0
5562 1
16991 3
8800 1
16993 2
16994 2
611 1
8804 1
8805 2
8806 0
616 3
8809 0
17002 1
4199 0
620 3
17005 1
8814 2
17007 0
17008 2
15123 1
17012 3
17016 0
17017 0
8827 2
8828 1
106 1
17022 0
17023 1
8832 2
641 0
8834 2
643 2
8841 2
8842 2
651 0
654 0
17040 1
657 3
658 0
17045 0
15129 1
17048 3
17049 1
8858 2
16495 1
17054 1
17055 2
673 2
674 0
6939 2
676 2
17061 2
17062 0
17065 0
17066 2
8875 2
17068 3
8880 0
17074 1
17077 3
12571 1
18008 1
17085 0
10389 0
17089 0
17090 3
17091 0
708 2
17093 1
8902 2
6945 0
712 2
17097 2
8906 2
17099 2
8908 3
717 0
8911 1
8912 3
6947 3
17108 0
8917 1
726 2
17111 2
8921 2
730 2
732 1
17119 0
8928 1
17121 2
8930 2
17123 2
8932 0
741 2
17126 2
8935 2
744 2
17129 1
8938 2
17131 1
749 0
750 2
8943 1
8946 0
8947 1
756 0
757 2
17142 0
15145 0
8953 1
762 1
17147 0
8956 2
17149 3
766 1
767 2
17152 1
16512 1
17154 0
17155 1
17156 2
17157 0
774 1
8967 1
11414 1
780 2
17165 1
17167 2
17168 2
786 0
787 2
8981 2
790 2
17175 3
17177 0
8986 2
795 2
17180 2
17181 2
17182 1
8991 2
17184 1
8993 0
802 1
8995 2
17188 2
17191 0
808 2
17193 2
17194 2
17195 0
814 2
17199 2
9011 2
820 2
17205 1
1151 1
9018 2
13791 2
8330 2
17215 0
17216 1
17217 2
17218 1
17219 1
3006 0
17889 0
17225 0
1119 2
17227 1
844 2
17231 0
17233 2
9042 2
851 0
17237 2
17239 1
856 0
858 1
17243 1
9052 1
861 2
862 0
9059 0
870 2
9063 1
873 1
874 3
875 2
17260 2
17262 0
9071 0
17265 2
17268 1
17271 2
888 2
9082 2
892 2
17277 1
894 2
149 0
9088 3
9089 2
900 1
9095 2
9098 2
17291 2
17292 1
2882 2
910 1
9103 2
912 3
17297 0
9106 0
17300 1
9110 2
920 2
9113 0
9115 1
17308 2
17310 1
17311 2
928 1
17313 2
2886 0
9127 2
17321 2
9134 0
9136 2
9137 2
9142 0
952 1
14900 0
18581 2
961 1
962 2
9156 1
9157 3
17351 1
17362 2
8355 0
17364 2
9173 2
17366 0
987 1
17376 0
9186 2
17379 2
17381 2
17388 2
17391 0
9201 0
1010 1
17395 2
17396 2
5630 2
17399 2
9209 1
9211 2
9212 1
14955 2
9216 0
9217 2
9218 2
9219 1
1028 1
9221 1
1030 2
9223 1
1032 1
1671 1
9230 0
9231 2
9232 2
17426 2
12037 2
12462 2
17430 2
17432 2
17433 1
4944 0
1051 1
1052 0
17437 0
1054 2
1056 0
9249 0
17442 3
9256 1
9257 0
17450 1
1067 2
9261 0
9262 2
1071 1
9265 1
1971 2
9268 1
17462 0
17463 1
1081 0
9274 2
17468 1
9278 1
9279 2
17472 0
1089 3
17475 0
1092 0
17477 1
17479 0
17480 2
9292 1
17487 2
3310 2
9300 1
17494 2
17495 1
896 0
9306 0
1115 1
9308 1
9309 1
9310 0
15977 0
9312 2
17505 0
17506 2
9316 0
17509 2
9318 0
17512 1
9322 1
9323 0
17516 2
9325 0
9326 0
1137 0
14768 0
9332 2
1144 2
17529 1
17532 2
1149 0
1150 2
9343 2
2923 1
9349 2
9350 2
1159 2
17544 2
7020 2
1162 3
17549 1
17552 1
17553 2
17555 3
17556 2
1174 2
17559 2
17561 2
1178 0
17563 2
1180 1
9374 1
16581 1
9377 2
17570 2
17571 1
17573 1
17574 1
17575 1
1192 2
9386 2
17581 1
9390 1
9392 0
200 0
9396 1
1205 1
9401 0
17594 1
17595 2
17597 1
1217 2
17602 0
1219 0
13134 1
17607 2
1224 1
1225 2
1226 1
1227 0
17612 2
9421 2
11128 2
17618 2
9427 2
1236 1
6315 0
15225 1
17625 1
1243 2
9436 3
1245 0
1246 3
17631 0
17632 1
1250 0
9443 2
17639 1
9448 0
17642 1
9451 0
8402 2
17648 0
9457 2
17650 1
9460 2
9461 2
1273 2
17659 2
17660 2
663 2
17662 2
17665 2
17666 2
1283 2
9477 2
17674 2
9485 1
17678 1
4312 2
1298 2
9491 0
9492 2
1301 2
17687 1
1304 2
17689 2
17691 2
17692 3
1309 2
17695 2
17696 1
9505 2
1314 1
9510 0
17703 2
1321 2
1322 2
17707 2
1324 2
9518 2
17712 1
1331 1
17718 1
17719 1
1338 1
17723 1
17725 0
17726 2
17727 1
9536 0
1349 0
17735 2
17737 2
17738 0
1355 1
1359 1
17744 1
9554 2
9555 1
9556 2
9557 1
17753 0
9563 0
17756 0
17759 1
9569 2
17762 2
5691 2
1380 0
1381 2
1383 2
9578 1
9580 1
5497 2
9789 1
17777 0
6593 2
9588 2
1598 0
1401 2
9594 2
17787 3
9596 0
9597 2
9599 0
1408 0
9601 2
1410 2
17795 1
9604 2
17797 3
1414 2
1415 2
9611 2
17986 0
1422 2
9615 2
1425 2
9618 0
17811 1
173 2
9623 2
9625 0
4335 2
1436 1
17821 2
1440 2
17825 1
9634 1
17827 1
9636 2
9637 1
1446 2
9640 2
1449 2
17835 2
17836 0
9645 2
1455 0
9648 2
17841 1
17842 2
17843 2
1460 3
17846 0
9656 1
1465 2
17851 1
17852 2
9661 1
1611 3
1476 1
9669 2
15265 1
9673 1
1482 1
1483 2
9676 2
7074 2
1486 0
13901 2
17872 0
9681 2
9683 0
1496 1
9690 2
9694 0
17887 2
9696 1
1616 0
17891 0
9702 2
5713 2
17896 1
17899 0
9709 2
596 1
1521 3
1524 1
254 0
9720 1
9812 0
4961 1
1538 2
17924 0
1622 2
1542 2
1543 1
1544 1
1545 2
1548 2
9741 2
17934 2
17935 1
17936 0
17937 2
1554 2
17941 1
2234 2
17944 1
9754 2
7087 1
17948 2
17949 2
12549 2
17952 2
17953 0
9763 1
9764 0
9765 0
17958 2
9768 2
17961 0
9770 1
8455 0
17964 0
17966 1
13917 2
17970 0
17971 2
9780 2
9781 1
1591 1
9784 2
17977 2
17979 2
1596 2
1597 1
17982 2
9791 2
9792 2
1601 1
1602 3
17987 0
17988 3
17989 1
17992 2
9801 2
17995 2
17996 1
9805 0
269 0
9808 2
18004 2
9814 0
3001 2
9816 2
9817 2
1626 2
1627 0
18014 3
18015 2
7103 2
1635 2
1636 0
9829 2
1640 2
18027 2
9838 1
9839 0
9840 0
9832 0
4371 2
1653 2
18038 2
1655 2
1656 3
9850 0
15295 2
1661 1
1662 2
1663 2
18048 2
9857 0
1669 1
9863 2
18056 0
18057 2
1674 2
9868 1
18062 2
1679 0
9873 2
9874 0
9876 0
18069 0
9878 3
12569 1
1693 2
6603 1
11205 0
18032 0
18083 1
1700 2
1702 2
1703 1
9897 1
18091 2
14787 0
1711 2
1712 1
11208 1
18098 2
1715 0
18100 1
1717 2
17251 1
1721 2
1722 0
18110 1
1732 2
8241 2
289 2
9928 1
876 3
1738 2
18039 1
1740 0
18126 0
18128 0
18133 2
18134 2
1751 2
9946 2
18139 1
1757 1
1758 3
1659 0
1764 2
18150 2
1767 2
9960 0
1769 2
18584 1
18155 1
18156 1
18157 2
1775 0
8788 2
296 0
1779 0
1780 0
18166 0
18167 1
1786 1
9981 2
1790 2
18175 1
18178 1
1795 0
8959 0
1665 0
9995 2
9999 2
10001 0
18194 3
18196 1
18197 0
18199 2
18201 1
10010 0
18203 2
3034 2
1823 2
10018 0
1827 2
10020 3
18214 2
18216 2
1833 0
1834 0
18055 2
1836 1
18221 2
10030 2
3037 0
18224 0
18225 2
10034 1
18227 2
18228 2
10038 2
9865 3
18232 2
18233 2
10042 0
10043 1
1852 1
10045 1
10046 2
8501 0
3040 2
1858 1
13963 3
1860 2
1861 0
18246 2
10056 2
1866 2
18252 1
16429 2
18255 0
1872 0
18257 0
18259 1
16697 2
18264 1
1882 0
6309 0
18271 0
10080 2
10083 2
10086 2
18279 1
10088 1
18281 0
18282 1
18284 1
1902 1
9065 2
1905 0
10099 2
18292 0
8510 2
1911 0
10105 0
319 2
8665 2
18301 2
1920 2
1921 2
18306 2
1923 2
1924 2
18310 3
18312 1
10121 1
18316 1
10125 1
18319 0
10129 2
15613 1
18326 0
1944 0
1946 0
18331 1
10140 2
8960 0
18337 0
10146 2
1958 0
10151 3
18344 2
1961 2
4423 2
1964 2
1965 2
1966 0
13981 3
18353 0
1970 0
18355 3
10165 3
18358 3
2959 2
1978 0
18363 1
18615 1
1982 0
10175 0
10176 1
10177 2
1987 1
1992 2
16716 0
1994 0
18381 1
333 0
18384 2
1699 1
10196 1
12622 1
10198 0
18391 0
2008 2
18084 0
2010 1
2011 1
10207 2
18401 1
10213 2
18412 0
12626 2
18414 3
6887 1
18419 1
18420 2
3996 3
18426 1
2043 1
10236 1
10237 0
2047 2
18432 1
18434 3
18435 1
2052 2
4989 0
18446 2
8688 2
18452 2
10261 2
2251 2
2072 2
2073 2
18095 0
10269 0
2079 3
10272 2
2083 2
10276 2
10279 2
10280 2
10281 2
2091 2
1979 1
10286 1
10288 1
2097 3
2099 2
10292 3
10294 1
10295 0
10296 1
2105 0
10299 2
10301 2
2112 2
10305 2
10306 1
2116 2
10309 3
10311 2
18504 1
2121 0
10315 0
10316 2
10317 1
10319 3
18512 3
12643 1
2132 0
15374 0
10327 1
2138 2
10332 1
18106 0
16741 2
2145 2
18534 2
10344 1
10345 2
18538 2
359 3
18541 0
2158 1
10351 2
360 2
2163 1
10356 1
1726 2
10358 2
4457 2
6346 2
2169 0
5823 2
10365 2
10366 2
2176 2
10369 2
18564 0
2181 1
4437 3
2183 2
2185 2
13439 1
10380 1
17258 2
10382 2
2191 1
10384 0
2196 0
8802 1
2199 2
2200 1
2201 2
2202 2
18590 0
2207 1
2208 3
10401 2
18594 2
2212 1
2213 1
18598 2
10407 2
18600 2
10410 2
9927 2
10412 2
2223 2
18608 0
18609 0
371 0
2228 0
2229 2
18614 2
10423 0
18617 1
10426 1
2236 2
2238 2
2240 2
18123 2
18628 2
18629 2
10440 2
10441 2
18634 1
12663 2
10444 0
16169 2
2254 2
18639 1
18640 1
18641 2
10450 2
2260 2
2261 1
18647 2
18649 0
2266 0
2268 2
10463 2
10464 1
10466 0
18660 1
10470 2
18663 3
2280 1
2283 2
2284 2
2287 2
18675 0
18678 0
397 3
18682 1
10493 0
2306 1
10499 3
2309 2
10502 2
2311 0
10505 2
18698 0
2315 2
18701 2
10510 0
18703 2
1441 1
10514 2
18707 1
2324 2
10517 1
18710 2
14041 2
10522 1
10523 2
2333 2
10527 3
2338 2
17263 0
18724 0
10533 2
2343 1
10541 2
2350 2
5853 2
18737 2
2358 1
10551 2
4793 1
18748 2
10560 0
10561 2
10563 2
10564 2
2373 1
10567 1
18760 3
2377 0
2378 1
10545 1
10573 1
10054 1
10575 1
2385 2
2386 2
18771 2
2388 2
18773 3
10582 1
18776 3
18148 0
18778 0
18779 0
10589 2
18784 1
18790 0
4497 0
18794 0
10603 1
2412 0
10607 1
10609 0
10613 1
10616 1
18357 2
2426 1
10619 0
10621 2
18814 2
12693 1
2433 1
2434 2
18820 2
10631 2
10632 1
11538 1
18832 1
4504 2
18834 1
2452 2
2453 0
10648 2
18841 2
2458 0
14812 3
10653 1
2462 2
2465 1
10658 2
8811 1
10660 2
18853 2
10662 2
18161 1
2472 2
16796 3
2475 1
5874 2
10670 1
10672 2
10675 2
15433 1
10681 0
2491 0
2496 1
10689 3
71 1
2500 2
18511 3
10698 2
2508 0
2510 0
2514 1
5812 0
10709 2
10712 2
16804 3
10714 1
11343 2
2524 1
2527 1
2528 0
4518 1
10726 2
10729 1
16807 1
10734 1
2544 0
4520 0
2546 2
2549 2
10742 2
2552 1
10745 0
10746 0
10749 1
2558 1
16452 1
16811 2
10757 2
7256 2
10771 1
2580 2
10773 1
10774 1
1177 2
2586 1
11354 2
2591 0
17817 1
10785 2
2594 2
2595 2
10792 0
16261 1
2602 3
2603 2
10796 2
10798 0
10799 1
10800 0
17272 0
2610 3
10805 0
2615 2
10809 1
10812 1
10814 1
2623 0
2624 2
10817 1
2626 0
10819 2
10820 3
8630 2
2630 1
2631 1
10825 0
2634 2
12727 1
9635 2
2640 2
16824 0
2642 0
10835 0
10837 2
10838 1
12729 0
10841 3
2650 1
4538 2
2654 2
2655 2
10849 0
10851 1
10853 2
10854 0
2663 1
10856 2
10863 0
5907 2
10868 0
446 2
10870 2
10871 2
10873 0
10879 2
10881 2
2690 0
10883 2
10884 0
4545 0
10896 1
16457 2
10904 3
10906 2
10907 1
10911 2
10913 3
2722 1
10915 2
2726 1
2728 3
17276 0
2730 1
2733 2
14109 3
2738 3
2739 2
2744 0
2748 3
2750 1
2751 0
10945 2
2754 2
2756 2
2758 2
2762 2
11383 1
2764 3
2768 1
2769 0
16732 1
1828 2
2778 2
16847 0
10973 2
16848 2
2788 0
2791 2
2794 3
2795 0
2798 0
10991 1
2800 2
2801 2
8763 0
10998 0
2807 3
5549 3
11004 2
18218 2
12757 2
2818 0
5931 2
11012 2
470 1
11014 3
11016 0
11017 0
2826 2
1837 2
2833 0
2834 1
2835 2
16857 1
2840 0
14127 2
11038 2
3205 1
913 2
11041 2
2851 1
11045 2
2854 1
1841 2
5005 3
2857 1
11051 3
2860 0
2863 0
11057 2
11059 0
11065 2
11070 0
2278 2
11074 2
2884 0
11078 2
11080 2
2889 1
11082 2
2891 2
15665 1
2893 0
2900 1
2903 2
2904 1
2907 2
11100 0
2909 1
2910 1
2911 2
2912 1
11408 2
2914 1
12774 1
11111 3
11112 1
17775 3
11115 2
11116 0
2925 2
11118 0
2928 1
11127 1
2936 0
916 0
2939 2
2942 2
17669 2
11137 2
2946 2
16875 1
11141 0
2953 2
2954 2
2955 0
11148 2
11149 0
2958 2
11151 1
11152 2
12221 0
2967 2
2968 2
11164 0
2975 1
2977 0
2979 2
1862 3
2991 2
2992 2
10738 2
2995 2
2997 1
2998 0
3000 2
11193 0
11194 2
18250 2
17558 1
15103 1
3011 2
5283 2
3014 0
12921 2
3016 1
3018 2
11215 1
11218 1
11220 1
11221 2
3030 1
3031 1
11224 2
11225 0
11226 2
3036 0
11229 2
11230 2
3039 1
11232 0
11234 1
3044 2
11239 2
3048 3
3049 2
11242 1
11431 2
3052 1
11245 3
3056 2
11249 3
12459 1
3241 1
11259 2
3070 2
3073 1
3079 2
11273 3
11274 2
3094 2
3100 0
11293 2
11295 2
3105 1
16743 2
11300 2
3110 2
11303 0
11305 2
11307 2
11312 2
3125 0
1821 1
11320 0
3129 3
3131 0
3132 1
522 3
11327 2
1888 2
3141 2
11334 2
11335 2
11336 2
8716 1
11340 2
4742 1
4621 2
11346 2
18275 1
11348 1
11349 0
11353 1
3162 1
8719 3
11356 2
3165 1
4197 2
3168 3
3171 2
11364 1
11366 0
11367 0
3177 3
3178 1
11371 2
3183 2
3188 2
3191 2
11388 1
10472 1
11390 1
11393 2
11397 2
11398 2
3208 2
10092 1
8727 0
3213 0
3215 2
3216 2
11409 1
11459 0
3222 1
3268 2
3226 2
14191 2
11420 0
11421 2
3230 1
11423 0
11424 3
11425 2
3236 0
3237 1
11430 0
3239 0
11432 0
11433 2
3242 3
3243 1
11441 3
11444 2
542 2
3254 1
3257 3
11450 2
3261 1
11454 0
3263 2
16928 2
11458 2
3275 1
11460 0
3270 1
16929 2
11464 2
6241 1
11467 1
16930 2
3280 2
3282 0
3286 1
3287 2
3288 2
3291 2
3294 0
11487 0
9657 0
11494 3
3303 1
551 1
11502 2
3313 2
3314 3
11507 0
16607 1
3320 2
3323 2
11516 1
8746 2
11518 2
11521 1
11522 2
12843 1
3333 1
14209 0
11530 1
11532 2
14210 2
879 2
6658 1
3347 0
11540 2
6020 1
3354 2
3357 1
3358 0
3359 3
11553 2
11554 1
3363 1
11557 2
3368 1
11562 1
3373 3
3374 1
3375 2
3376 2
10120 1
3380 1
11573 2
11574 2
6025 2
3387 1
3389 2
3392 1
3394 2
3395 1
11590 0
3399 0
1750 1
12856 2
3410 2
3414 0
3415 1
3419 2
11612 3
11613 1
3422 1
3424 3
11619 1
11620 1
3431 1
11626 0
11629 0
3439 0
11634 2
8298 0
12898 1
11640 2
11641 2
16959 2
3452 0
3453 2
3661 2
3455 3
3456 0
11649 2
3459 0
11653 0
16961 3
12866 2
11663 0
579 0
11669 3
3480 2
11674 0
15599 0
3485 1
11678 0
3487 0
15600 2
11684 2
3494 2
3495 2
8775 0
3500 2
15602 2
14237 0
3504 2
3505 0
3515 1
3516 3
4682 2
11710 1
3520 2
3521 2
11716 1
11717 2
588 1
18121 1
11724 2
11731 2
11732 0
11738 1
3548 3
11741 1
11744 2
3557 2
11750 0
664 0
11755 1
3564 3
14576 0
3567 2
11761 1
595 1
3572 1
11766 0
3577 0
3580 0
3584 1
3585 2
3586 0
10155 2
11780 3
16982 0
18348 1
16983 0
3330 1
3599 1
11792 2
3601 3
13759 0
11800 2
3611 3
11804 1
11806 2
11808 1
3619 2
3621 2
3622 2
11815 1
14578 1
11820 3
11821 1
3630 2
8797 3
11824 1
11825 2
3634 3
11827 0
11828 1
11831 1
11834 2
11836 0
11837 0
11839 3
11840 0
11841 2
667 2
10166 2
11846 0
3655 1
11849 0
11851 1
3660 3
11853 1
11856 3
11857 0
3666 0
3667 2
17755 0
11861 1
3670 0
3671 2
11864 2
3674 2
11867 1
3676 2
3678 2
11871 2
11873 1
11874 1
11875 0
11876 1
3685 2
14800 2
11879 2
3688 1
11881 1
11884 2
11885 0
11887 2
3696 0
11889 1
3699 1
3701 2
8808 0
12905 3
3705 0
396 1
4714 1
3710 0
15637 2
3712 2
11905 3
3714 3
12907 0
15638 2
12908 0
15639 1
11919 3
7448 2
3730 2
3731 1
1488 1
3733 0
11926 0
11928 0
3740 0
13218 0
8816 0
3747 1
11941 2
11944 2
7452 2
8481 0
15128 0
11952 2
3768 0
3769 2
11963 2
3772 1
14583 0
11968 1
3777 2
3781 1
9245 2
3361 0
3784 2
3785 3
11978 0
3787 2
3788 2
16992 2
10189 1
3792 0
12920 1
11555 1
11990 1
1763 0
3801 3
18383 2
7461 1
3808 2
3811 2
3812 3
15654 2
12006 0
3815 1
12924 2
3819 0
3821 2
3822 3
4733 2
9129 2
638 0
3830 0
9402 2
14293 0
12032 2
2006 1
15131 1
11565 1
14296 2
8835 1
12053 1
3862 2
11567 0
12062 2
12066 0
3876 2
12069 1
3879 2
3880 0
12073 1
12076 2
3885 2
3887 2
3889 2
12082 0
12083 2
12086 1
17033 2
244 3
12091 2
3901 0
3381 1
12098 1
12100 2
3382 0
14042 2
12106 2
11575 0
12109 2
12110 2
12118 2
12120 0
3932 3
3936 1
12131 3
16011 1
12134 2
12136 2
2859 1
12138 1
12139 2
17042 2
3950 0
11581 2
3952 2
12149 1
12152 1
12154 0
12157 3
12159 0
12160 0
132 2
3972 0
12171 2
12173 0
3983 2
3984 1
3985 2
3989 2
14120 2
12184 2
3994 0
13772 2
3997 2
8862 2
3999 0
4000 0
6128 2
4003 1
12196 3
12197 3
4006 2
6129 2
4764 0
12202 2
4011 2
12206 1
4015 1
4017 2
12210 2
4019 1
12212 1
4766 1
12214 2
4024 1
4027 0
8863 3
4029 2
12223 1
4033 2
4034 2
12227 0
6134 1
4038 0
3135 2
3408 1
12963 1
12244 2
12248 2
17593 2
4058 2
15138 0
12252 2
12253 0
4063 2
5318 0
12257 0
12258 2
12259 2
12260 1
12261 1
4074 1
12268 2
4078 1
12271 0
12272 2
4081 1
12278 1
12279 2
4088 0
12281 0
12283 0
4092 0
8874 3
4097 0
4098 1
17067 1
14337 1
4501 0
4107 2
12300 2
4109 2
15704 0
12306 2
4115 0
4119 2
12314 2
4124 2
4125 1
4126 0
12324 2
12325 0
12330 1
12331 2
4140 0
12333 1
4142 0
4143 0
4148 1
11614 1
4151 2
12344 2
4160 2
12354 2
15713 2
4171 1
12364 3
4173 2
12366 2
12375 1
3428 1
10011 1
12389 2
12390 2
12391 1
4201 2
4205 2
12989 2
14355 2
7529 2
4221 2
6165 0
9891 3
4225 2
12421 0
12422 2
12423 2
12424 2
12426 0
4235 2
12429 0
12430 1
10264 0
12435 2
4248 0
4249 1
12442 0
4252 0
12445 2
12446 0
12448 1
4257 2
4261 2
4262 2
4265 3
4807 1
4270 0
2077 2
12464 0
12465 1
12466 1
15731 1
6174 2
12470 2
4282 0
18463 0
12476 2
12478 0
17159 3
4291 0
4292 0
12486 2
12487 0
4300 0
12494 2
12496 1
12498 2
4307 2
12501 2
4310 0
18147 1
9418 1
4314 1
12509 2
4318 2
4321 3
4322 1
4323 2
4325 2
12521 2
2087 2
12524 1
15741 1
4336 0
4338 1
4339 3
4342 2
2089 1
12539 2
14875 2
11648 1
4354 2
4357 1
4359 2
145 2
12554 3
4363 2
4364 2
4365 2
4367 3
4369 2
4370 1
12563 2
4372 2
4374 2
17113 1
7556 0
4379 2
4380 2
12573 0
4383 2
4384 2
4388 0
4389 2
4390 1
4396 0
12592 2
18483 2
12596 2
17059 0
9433 2
12606 1
12611 2
4422 2
12615 2
12616 0
4427 1
4428 1
4430 1
7565 1
6200 1
4434 1
13027 0
8331 2
7566 2
3421 1
12633 1
12637 1
4449 2
18491 0
8934 1
7569 2
12648 2
12649 1
4458 2
4459 2
12652 2
4461 0
4462 2
6205 2
12657 2
12658 2
12660 2
8213 1
4471 1
12664 1
12668 2
4480 1
9086 1
4484 1
4485 2
12679 2
4844 1
4490 1
12686 2
13037 1
11672 2
4498 2
12692 2
3689 1
12696 1
12698 2
12700 1
4509 1
6424 0
4511 1
16517 1
4513 0
4517 1
12710 1
12711 2
12712 3
4521 1
4522 1
12715 2
12717 1
4527 1
4529 2
4851 2
4532 1
4534 1
4535 3
4536 0
4537 2
12730 1
12731 0
12732 1
4542 1
17141 2
12737 1
12739 2
3489 3
4552 1
18852 0
12747 2
12748 2
4557 1
4559 3
12754 2
6153 0
4565 1
4566 2
4568 0
3492 0
4570 1
4571 0
12765 2
15781 1
4576 3
4577 2
4579 3
4582 2
4584 0
4586 1
7591 3
4589 2
12786 0
4595 1
12788 2
12790 0
4599 1
10324 1
12794 3
12795 0
4605 2
12799 0
4609 1
12803 1
4615 0
4617 2
7246 2
12813 2
4626 2
4627 3
849 2
4632 2
4635 1
12828 0
4637 1
16794 3
773 2
12832 1
4642 0
4643 1
17158 1
12840 1
4651 0
4652 3
4653 0
4654 1
12847 2
4656 1
4657 1
4658 2
4659 2
12852 2
4662 0
4664 0
6702 1
4668 2
12861 2
12862 2
4671 0
3156 0
4674 1
12870 1
18529 0
12872 2
12873 1
12874 1
4686 2
4688 1
12704 1
12885 1
4694 1
4698 2
4699 1
12893 0
4706 0
11707 2
4708 1
4709 1
4710 1
12904 2
4713 0
12906 2
14439 2
4716 3
4717 0
12910 2
4721 2
4724 2
4726 1
12919 1
4728 2
4729 2
15807 2
4732 0
12925 1
4736 2
12930 2
4741 1
12934 0
7617 1
4744 1
4748 1
15810 0
12943 2
4752 1
12945 2
12946 1
16562 2
4757 2
8985 0
12954 0
18543 0
12956 2
12958 0
4767 1
12960 2
12961 2
12962 0
4771 2
4773 2
2161 0
12971 1
12972 2
4781 1
8989 1
15816 2
4786 3
14451 0
18308 0
12981 1
4792 2
12985 0
12986 2
12987 1
7626 2
4802 1
12995 1
12998 1
12999 1
4808 1
4809 2
4811 3
13004 2
4813 1
4816 1
13010 0
803 2
4822 0
13017 1
4826 1
13019 2
6266 2
13023 2
13024 2
13026 1
2171 0
4839 0
4842 1
13035 1
13036 1
4845 2
13039 0
4848 1
9000 1
13042 2
13043 2
4852 0
18558 0
4854 0
4855 2
4856 1
13054 1
13055 1
9982 1
4866 0
4867 0
13060 0
4872 2
4874 2
4878 0
13072 0
13075 2
4884 0
13077 2
6961 1
4890 2
13084 2
4896 3
4897 2
13090 2
4900 0
4901 0
4904 0
4906 3
18567 3
13100 1
13107 0
4918 2
13112 1
13114 2
14474 3
13119 0
4929 0
4930 2
4931 2
13110 1
4934 1
4937 2
10530 1
9439 2
13135 2
13136 2
13137 2
4947 0
4948 2
18574 2
4950 2
4952 2
4956 0
4958 2
4959 0
13153 2
4962 0
633 2
13158 1
13160 1
13172 0
13173 2
13174 0
4984 2
4987 0
13181 1
166 1
13184 1
832 2
5001 2
13195 0
13196 0
13197 0
10392 2
13204 2
13208 2
13209 2
5021 2
13214 1
4933 0
5024 2
5025 2
5026 2
440 1
5030 2
5031 3
13227 2
2206 0
5046 2
13240 2
13245 2
5054 1
13247 2
9170 0
5057 3
13250 2
5063 2
13256 1
17228 0
13259 2
13260 3
13266 1
16455 2
16263 2
5077 1
13271 1
15172 2
5082 2
13275 2
13277 2
13278 2
10405 2
13281 0
5090 3
2214 1
13286 3
5095 2
12909 2
8824 0
13293 1
13295 1
17235 0
13300 2
13301 2
13303 2
13304 2
5113 2
13307 1
5116 3
5121 2
5122 2
5123 2
13317 0
13320 2
18604 2
5130 1
5132 2
6172 0
13329 2
5138 0
13331 2
13332 2
13334 0
6718 2
5148 2
11109 2
5154 2
9051 1
13348 1
5157 2
13351 2
17244 0
13355 2
6173 0
17245 1
13360 2
5171 1
13366 0
15310 1
5176 1
10420 2
5179 0
5181 0
5182 0
13376 3
5186 0
13379 0
5191 2
13386 1
13387 1
5196 2
5197 3
5198 2
7693 2
5201 1
13394 0
13395 2
5206 1
13401 2
5211 2
13405 2
5214 2
5218 0
13413 2
13414 2
5225 3
13418 1
13419 1
13421 0
13425 3
17257 0
5240 0
5241 2
13437 1
13438 1
8358 0
10432 2
5251 2
13448 0
13449 2
8904 1
13453 1
5265 2
13458 0
13460 0
9070 2
13464 3
5275 1
15899 1
13477 2
16511 0
13481 2
5291 0
5292 2
5293 2
5294 2
7709 3
18632 2
10542 2
18633 0
13497 1
13498 2
7711 0
13501 1
13503 2
5315 0
13510 3
13511 2
5322 2
13515 1
13516 1
13519 2
13520 2
9080 0
5336 1
5337 1
5338 0
13532 0
2256 0
13539 1
13541 2
13545 3
7039 1
13549 2
13550 1
13551 2
5361 2
5362 2
13557 0
13559 2
5369 2
895 1
5372 2
13565 2
5374 1
13567 3
5376 2
17280 1
5378 2
13572 2
5381 2
5382 0
13576 1
13578 2
2263 2
13580 2
13581 0
3629 1
14552 2
13586 0
17092 1
13589 0
5908 1
13595 0
18650 1
5406 0
13602 2
13603 0
13605 2
636 2
13607 2
13608 2
13610 1
903 0
13612 2
11826 2
5422 2
5437 2
5419 2
13621 2
13622 2
13193 2
13624 1
13625 0
13626 3
18655 2
5436 3
13629 1
13631 2
17985 2
13634 2
907 1
5444 2
16545 2
13638 2
13640 1
13641 2
13647 2
13651 0
9102 1
13656 1
12457 2
13659 1
13660 3
6373 1
5476 0
18662 2
5478 0
13671 1
13676 0
914 1
8438 2
13679 2
13680 0
18664 0
5495 3
5496 2
9108 2
5498 2
13691 2
13695 2
14571 2
5508 2
918 0
13703 1
11913 1
5513 2
13707 2
13710 2
5519 1
9112 2
13717 2
13718 2
13723 2
13726 2
13727 1
5536 2
13729 1
5538 0
5539 1
13732 2
13734 1
13741 2
13742 2
5552 1
13747 1
9118 2
13750 2
3657 0
5560 1
13754 2
5564 1
5567 2
5568 3
5571 1
10486 2
13769 0
12188 2
5579 2
5580 1
5581 2
5583 2
13776 1
5587 1
5588 3
5589 3
5590 3
13783 2
4347 3
13785 3
2298 1
9125 2
13793 0
5603 0
18859 1
5612 2
5613 1
14917 1
13807 0
9039 1
13812 0
5623 0
5626 3
5628 1
13822 1
7765 2
14592 2
13827 0
13828 1
5637 1
13830 0
5639 2
13834 2
13836 2
5645 0
5648 1
13841 0
5650 0
13846 2
13851 0
13852 2
18693 2
7771 2
5670 1
13864 2
13867 2
8918 0
13873 2
5684 3
5685 2
5686 2
13879 2
3679 2
13884 2
5698 2
10507 2
13892 3
5705 3
5708 0
7778 0
5712 0
17336 2
5714 0
3683 1
13909 2
5719 1
13916 2
5930 2
13918 1
5727 0
7782 1
5736 2
3687 0
13933 0
13935 1
11880 1
13938 2
5751 2
18708 2
13951 3
5763 2
10518 2
13959 1
5771 1
13965 0
13967 1
5776 2
5777 2
5780 1
13974 1
11877 2
5785 2
5787 0
18714 1
13982 0
5791 1
13986 2
13987 2
5798 2
13993 2
13995 2
5804 1
5806 0
18717 2
13014 2
5810 0
5811 2
14004 3
5813 2
5814 2
2103 2
5818 2
14012 1
14015 0
5824 2
5826 0
5067 2
5831 0
5832 0
3703 2
5837 0
5841 1
14035 3
14036 1
5845 0
11897 0
14628 0
5850 2
14043 0
14044 0
3706 2
18725 1
5857 1
5858 2
5859 2
10113 2
5863 2
5865 1
5868 2
5869 2
5873 1
14066 3
3967 3
5881 2
5882 1
5886 2
14084 1
5894 0
5901 1
5902 0
5903 2
14098 2
14099 1
14100 0
14101 0
14103 1
5913 1
16291 2
11909 2
14113 3
5922 0
5925 2
5926 0
2353 1
5928 2
14122 3
14123 1
14125 2
14126 2
5935 0
14128 2
6451 2
14133 2
5943 0
5944 1
5945 2
14138 1
14139 1
5948 2
14145 2
11915 0
14150 1
5961 2
13292 0
5966 2
10428 0
14164 2
5975 3
14168 1
14170 1
3727 2
5980 3
5982 2
5984 1
14177 2
14180 1
5989 2
5992 1
10556 0
14186 2
14188 2
14189 0
14190 2
5999 2
6000 0
6001 0
14194 2
14195 2
8656 0
14199 1
14202 3
6012 0
6013 2
2368 1
6018 1
14212 2
6021 2
14214 2
14215 0
14216 2
14217 2
10839 0
14219 0
6028 0
14221 0
3968 3
14224 1
2371 2
14233 0
14234 0
4020 1
6044 3
6045 1
6051 2
15783 2
6057 2
3434 1
14251 0
6060 0
14254 2
6064 2
6067 2
14261 0
6071 2
14264 2
5108 1
14267 1
14271 0
6080 1
1839 2
14274 2
204 1
14280 0
14281 2
14282 1
6094 2
14287 1
14289 1
7568 2
6100 2
6101 0
6102 2
6103 2
6104 2
14297 2
2383 1
6109 1
14302 2
14305 0
6114 3
6115 3
14309 0
13570 3
6123 2
14320 2
14321 2
14322 2
14323 2
6132 2
368 0
6136 2
14329 3
6751 0
6139 0
6140 2
14335 2
14336 1
6145 2
12916 1
6151 2
6152 3
14345 3
14347 2
6156 0
14349 1
6158 2
6161 1
17411 1
14357 2
14360 1
6169 2
14362 1
14364 1
14365 3
14366 0
14367 1
14171 0
6177 1
14373 1
6182 0
7857 0
14376 2
14378 0
6187 2
14380 0
14382 2
6191 1
6480 2
14385 1
14386 2
6196 2
6197 1
14391 0
14392 2
6201 2
14394 2
6203 2
14397 0
6206 2
13573 2
6213 2
2389 2
14408 2
14409 2
14410 2
14412 2
14413 2
6222 0
14417 0
17422 2
6231 2
5663 2
14427 2
14429 1
14430 3
14433 2
16059 0
14437 2
5137 1
14440 0
6250 2
6251 2
14444 2
6253 2
14446 0
7869 2
6256 2
14449 2
6259 0
14453 0
14454 2
18212 1
6265 3
14458 2
6267 2
14461 0
6270 2
14464 3
14466 0
14467 1
14468 3
6277 2
16065 0
12535 2
860 3
6282 2
6283 1
14476 0
6286 3
9240 0
6290 0
14489 1
14491 1
14494 0
6512 0
14498 2
6307 1
14501 0
14503 2
210 2
7848 2
6317 2
14510 2
6319 1
6330 2
6331 2
6332 2
14525 1
14526 0
6335 0
14529 0
14531 0
6340 2
14533 2
14538 2
6349 2
14545 3
14546 0
6355 3
14549 2
6360 3
14556 2
6368 2
6369 1
6370 2
2427 2
14565 1
6374 1
14569 0
6378 1
6379 1
14572 0
7890 2
6383 1
6384 0
6385 2
6386 1
6387 2
2430 2
18033 0
6391 3
6393 2
14586 2
2431 0
17174 2
14591 2
6400 2
6409 1
13627 2
14604 2
14605 0
14607 2
6417 0
6418 0
14611 1
14616 0
6753 0
6428 1
6429 1
6432 2
14625 2
7899 1
6436 1
9099 0
6439 2
14632 2
14633 0
6442 1
6443 2
14636 2
6445 1
6446 2
17127 0
6448 1
14642 2
1075 0
16094 1
14647 2
10035 2
14651 2
6462 0
1579 2
6466 2
6467 2
14661 2
14664 1
6473 2
14666 2
6475 0
6479 0
14672 1
6481 2
10036 2
6488 2
6493 2
7909 2
2448 2
14690 2
13371 3
3814 1
6504 2
6505 0
6506 2
10516 3
13583 2
7912 0
6515 2
13713 2
6521 0
6522 2
14715 2
14719 2
14721 0
14724 2
14730 1
5946 0
13378 2
16683 2
7917 2
14737 2
14745 3
10650 2
14750 2
14752 2
14753 2
14755 1
14756 0
2128 1
14761 1
9287 0
11130 0
6575 2
6576 2
6577 1
14772 1
1844 2
16586 2
14778 2
9100 2
6588 1
14781 0
14782 2
6591 2
6592 3
14785 2
6595 0
14789 2
14791 2
6600 0
14793 1
14794 0
7927 1
6604 2
14797 1
6221 1
6608 2
14803 2
14804 2
14805 2
11677 2
14809 2
6619 2
6620 2
6621 2
6624 2
14820 2
18497 0
9297 0
6632 2
6634 0
14830 2
14833 0
6648 2
14842 2
6850 1
14845 0
14848 1
14849 2
14850 2
14851 2
1110 2
6662 2
6667 0
6668 0
14863 1
14865 0
14868 2
6679 2
14872 2
16132 0
14874 2
6683 2
14876 2
1114 1
14878 2
14879 2
8937 0
14881 1
14882 2
9307 2
6692 2
14886 1
18772 1
14892 1
14894 2
6704 1
6706 1
14899 1
6708 1
6709 0
14903 2
14904 2
14905 2
15772 2
6715 2
14908 1
14910 0
14912 0
17504 2
6722 2
6723 1
6725 0
14921 1
14924 1
14929 1
13045 1
9317 0
14945 1
14947 1
14948 0
14949 0
14952 1
6763 0
6764 2
14957 1
14960 2
14966 0
14972 2
3499 0
4863 1
14956 0
6786 1
6787 0
6788 1
14983 2
14984 0
6794 2
6796 0
9228 2
13047 0
6803 1
6809 0
6810 1
15004 2
6813 1
6815 0
15009 2
15010 1
15011 0
15014 0
15020 0
15021 2
209 2
10411 2
17140 0
6842 3
15035 3
4865 1
6845 0
15039 2
7593 2
15042 2
6851 1
6853 0
15051 2
6860 1
15053 2
15054 2
15055 2
1464 2
6868 1
10702 2
18505 2
6871 0
8978 1
6873 0
6874 1
15067 2
15068 2
15069 2
15070 2
15072 0
6881 2
9593 2
6886 2
15079 3
6888 3
6892 2
15085 2
15086 2
15087 2
6898 1
6900 1
15093 3
6902 0
15095 1
15098 2
5247 2
6910 2
2517 0
6912 2
15106 1
15107 1
15109 1
15116 2
6925 0
13324 2
15120 0
6616 1
6930 1
13443 1
15124 3
6936 1
6937 0
12079 3
6940 0
6941 0
6942 1
15135 2
15137 3
6946 2
15139 2
15140 0
15141 1
6951 0
15144 0
10716 1
6956 0
10342 2
6958 2
15151 3
9352 1
6962 2
6963 2
15156 3
6965 2
6966 0
9353 0
15160 1
15162 1
4051 1
6980 1
6982 0
6986 2
15184 0
6993 2
6995 2
15189 0
6998 2
15191 2
15192 0
7002 2
7004 2
7006 2
7008 2
7009 2
15202 2
7012 0
7018 1
15212 3
15213 0
7023 1
7024 2
15217 2
7026 0
15219 0
15220 2
8963 2
9364 2
15226 2
15228 0
15229 2
15231 0
7040 0
16192 0
15234 3
2539 2
7045 2
15238 0
15241 2
7050 1
7052 1
15245 2
11146 3
7056 2
15249 2
15250 3
15251 3
7060 0
2542 1
7062 0
15255 0
16602 1
7065 3
15259 0
7069 0
7070 2
12101 1
15264 2
7073 2
15266 1
13467 2
7076 1
15269 1
7079 3
15275 1
7084 1
15277 1
15278 3
15279 2
15282 2
16201 1
15289 3
16876 3
10741 1
7105 1
12107 0
15301 2
17569 2
7114 2
7116 1
811 0
10031 2
7120 2
7121 2
7122 2
9379 1
7085 0
7125 0
15318 2
15319 0
7129 2
7130 0
15323 2
7133 2
7134 1
15329 2
7139 0
7140 0
15333 2
15334 1
15339 3
7157 2
15350 0
8149 2
7163 2
7164 2
17578 2
7166 3
17151 2
15362 2
15363 2
6657 1
15372 0
17697 0
7182 0
15375 1
15376 3
7185 2
10755 0
512 1
15383 2
15388 0
15390 0
2565 0
7200 1
7203 2
7205 1
7206 2
5297 0
7209 2
15405 2
7214 2
15409 2
15411 0
15413 2
7222 0
15417 2
7228 1
7230 2
17589 0
13092 1
15428 2
15429 2
7238 2
15431 2
7241 1
5303 0
7244 0
15438 0
15440 1
7255 2
15448 2
16228 3
7260 2
5306 1
7264 2
15457 2
5307 0
15461 0
10026 2
10335 2
15471 1
15473 0
15474 0
15478 2
2152 2
15482 1
15487 3
16235 1
15494 3
15496 0
7306 2
15500 2
1218 2
15503 2
15506 1
7316 2
15509 1
15510 2
2153 2
7323 0
15517 1
15521 2
15522 1
11428 3
7332 2
15525 2
15526 1
10337 2
1608 1
15529 0
9415 1
15537 0
15539 0
2231 2
15546 0
10783 3
17610 2
15550 0
15552 1
14880 2
7362 1
7363 0
14157 2
6689 2
15562 0
16247 0
7372 2
15565 1
7374 3
17613 0
15568 3
15574 0
14884 2
15578 0
18795 0
15581 1
15582 0
7391 1
15584 2
4850 0
16251 2
15588 1
15589 2
15590 1
5329 0
15594 3
15595 1
15596 3
7405 2
7407 2
7408 2
2600 2
7410 2
15603 1
15604 2
15605 1
7415 2
9428 2
15610 0
15611 3
7421 0
15614 0
15616 0
15617 2
15619 0
4141 0
2604 0
15627 1
15628 3
15629 1
7440 2
15634 0
15635 1
2606 3
7446 2
7447 2
16342 2
15641 0
7450 2
11779 0
15645 3
15647 1
15649 3
15653 0
7462 1
10801 2
15657 2
15658 2
7467 2
10802 0
18525 0
9437 0
16264 3
6269 1
15667 2
8705 0
15669 1
15670 3
15671 0
7481 1
7482 0
7483 0
15676 0
15677 1
7488 2
7489 2
7491 2
5345 2
15691 0
15693 0
15694 1
15695 0
6712 2
15699 1
7510 0
17708 2
7512 0
15707 1
7516 2
15711 2
12176 1
7522 2
15716 0
15717 0
15721 2
15722 2
7532 2
15726 1
7535 0
15728 1
17640 1
7538 3
16275 0
7541 1
15736 1
7545 1
15738 2
7549 2
8085 2
15744 2
15746 0
7555 0
15748 2
15749 1
14913 2
15752 1
7561 2
14914 2
15758 2
15759 3
15760 0
15761 2
15762 2
8561 0
15765 2
15766 1
7575 2
15769 2
7580 2
15774 0
15775 0
15776 2
7585 2
15780 0
7589 0
13553 0
7592 2
15785 0
15788 1
13744 1
15798 1
7607 1
17652 1
7611 1
7612 1
15805 2
7615 2
15809 1
7618 0
7622 0
15815 1
7624 3
15818 2
7627 0
7629 0
15824 2
15825 0
7634 2
15827 3
7637 2
7638 1
15832 0
15834 1
15373 3
7649 2
1251 1
17440 2
15852 2
7665 0
15859 1
4009 3
18572 0
7676 0
7677 3
15871 1
15872 3
13568 3
7682 2
15877 0
15880 1
15883 0
1282 0
7694 1
7695 2
15889 1
7699 2
15892 1
7701 0
15895 0
5380 1
15898 2
7707 2
15900 2
15901 1
15902 1
15903 2
15904 2
7715 0
15908 1
17715 0
15915 1
15916 0
7728 2
15921 2
16307 0
15925 2
7734 2
7737 1
15930 2
7739 0
1290 1
7743 2
7747 2
7748 2
7751 2
15261 2
5389 2
8098 1
15954 1
9486 3
7766 1
15959 1
15962 0
15963 2
7773 0
15966 2
15970 3
15971 2
15972 0
15974 1
7783 0
7784 0
12220 1
15978 3
8761 1
7789 2
7790 1
15983 2
15984 0
7795 0
16318 0
15999 1
16001 0
16002 2
16003 2
16008 0
7817 1
10363 0
7819 3
16014 2
1897 3
16021 0
7831 1
16025 1
16026 2
16032 1
16034 2
9499 2
16036 1
16040 2
16043 2
4353 2
16045 3
5405 2
16049 1
16050 3
10867 1
16056 1
16058 0
7867 1
16061 1
16064 2
7873 1
16068 2
16069 2
7878 0
16071 0
16073 1
7884 2
16079 2
16082 2
7891 2
7896 0
7897 2
7898 0
16091 2
16092 2
7901 0
7902 0
16096 2
17702 2
16104 0
7913 1
16106 2
1319 0
16108 2
16109 2
16110 2
7921 3
16115 2
16117 2
18813 1
16122 1
16123 1
7932 2
16126 0
16127 3
7936 2
16129 1
1323 0
7940 0
7941 0
7945 2
16138 2
7947 2
7950 0
16143 2
16144 0
16145 0
7955 2
7957 0
16150 2
7962 0
7963 2
16156 2
16157 2
7966 1
3108 2
7968 0
7970 1
16164 1
7974 0
7975 2
4060 1
7983 0
7986 2
9523 0
7989 2
16186 2
12255 1
7996 2
8000 0
8001 1
16196 1
16197 0
14671 0
16200 0
8009 2
16202 0
9527 1
8014 2
16207 0
8017 3
8018 3
8021 0
17293 0
16220 2
8029 3
16223 2
16224 2
9531 2
8036 1
16231 1
6928 1
12270 2
16234 2
16359 1
8044 1
1341 2
16362 2
8051 0
8054 2
8055 1
1343 2
16253 2
8064 1
13632 2
8067 1
16260 1
8069 2
10692 1
8072 1
16265 1
16266 2
8076 2
10089 2
16272 0
8082 0
5443 2
8084 1
16277 2
16279 0
16281 1
16282 1
17839 0
16909 1
16288 1
16290 0
2715 2
16292 0
8101 1
16294 3
16301 1
15005 1
16304 2
8936 1
8116 2
16309 1
1353 0
16312 2
8124 0
1354 1
3271 2
16319 0
16321 0
8182 2
16327 1
15001 1
16330 3
16331 1
16332 2
8142 3
8146 2
16339 0
16341 0
8150 0
16343 1
16347 2
8159 3
9067 2
16356 0
8167 0
8168 2
8170 2
8172 1
9929 2
16369 0
16371 2
16373 1
16374 0
2729 1
16376 2
16379 2
16380 0
16381 1
8190 2
