8192 2
8193 0
16386 2
8198 2
16393 2
16394 1
16396 1
16397 1
16400 1
8210 0
16404 3
16405 2
1964 2
16413 2
16414 2
8223 0
33 0
16419 1
16420 2
37 0
16422 2
8233 1
8238 0
16431 2
16433 2
3275 1
16439 1
8250 1
17759 1
8202 0
13641 2
16449 2
66 1
8260 0
8262 2
16455 2
8264 0
8266 2
16459 2
8269 0
8270 0
16464 1
8275 2
8278 2
88 2
89 1
93 3
16481 1
16484 1
16485 0
104 0
8297 2
1383 2
114 0
4641 2
8212 0
122 3
16509 1
126 2
8319 0
132 2
8326 2
16519 0
16522 1
139 3
8335 0
144 2
8337 0
8338 2
15043 2
148 1
1390 2
150 2
151 1
8344 1
8345 3
16539 0
16540 2
16542 0
16543 2
16544 3
8353 1
8356 3
16550 1
17777 0
168 1
8361 2
170 0
16555 3
173 2
177 1
178 0
8371 2
183 2
16415 2
8381 1
11463 1
8383 2
8385 0
16579 0
16581 1
16583 2
200 0
201 1
202 2
16590 3
16591 2
208 2
210 2
212 0
8407 2
6863 0
15277 1
12828 0
8417 3
8418 2
16612 1
230 0
16615 0
6930 1
8426 2
8427 2
16620 3
8430 2
17789 1
240 1
16626 2
244 3
8437 3
246 0
247 2
16632 2
16636 2
8447 0
16640 1
9600 1
16643 2
261 2
16646 1
8455 0
16650 0
8459 2
8460 2
8461 3
4141 0
16658 0
8468 0
8470 1
8473 2
8477 0
286 1
287 2
8480 1
8483 0
8484 3
1414 2
8486 2
8241 2
296 0
297 2
16683 2
16684 2
303 2
8496 2
8497 1
8499 2
16694 1
16697 2
16698 0
16700 2
16701 2
16702 3
319 2
12013 2
324 1
8517 1
6881 2
16712 0
329 1
332 2
16719 2
16722 2
16723 3
344 2
16730 0
8539 1
16732 1
16442 2
16734 1
16737 2
354 2
355 1
16740 0
8549 0
16742 1
16743 2
360 2
8553 2
8554 3
8555 2
16748 0
365 2
366 2
16445 2
16752 2
8561 0
16755 2
8564 2
8565 3
8570 1
16765 2
8574 0
8575 3
384 1
16770 1
387 0
388 1
16773 2
390 1
15084 3
394 2
8593 0
16786 1
405 0
16791 2
8600 1
16452 1
410 2
2799 3
412 0
8608 1
4651 0
8611 2
420 1
421 0
16807 1
16810 3
16811 2
8621 0
8622 2
16815 2
432 1
8625 2
16818 0
16819 2
16821 1
8630 2
8633 0
444 2
16458 2
446 2
15093 3
8640 0
16833 2
450 1
16836 1
454 2
455 1
456 1
16841 2
8651 0
8653 1
16846 1
16847 0
16848 2
467 1
469 1
16854 2
8665 2
15837 0
8669 2
481 1
8675 2
8676 0
13734 1
8679 2
488 2
13928 1
9639 2
6910 2
504 3
8697 0
506 1
15103 1
8702 2
8704 0
16897 2
16898 2
16900 2
517 0
16902 2
5200 0
8713 1
522 3
524 2
16909 1
8718 2
529 2
8725 1
8727 0
8728 2
538 0
8732 1
16925 2
543 2
16928 2
16929 2
8739 3
8740 2
551 1
16937 2
8746 2
16939 1
8750 2
16949 0
8759 1
8761 1
8762 1
8764 1
16957 2
574 0
575 1
16961 3
16962 2
8771 3
583 1
584 2
8777 0
8780 1
590 1
16976 1
8786 1
16980 2
597 1
9657 0
16984 1
16985 1
8795 3
8796 0
16989 1
606 0
8293 1
16993 2
8802 1
611 1
8805 2
614 2
617 0
8810 2
8811 1
8812 2
621 2
8814 2
8816 0
6931 2
629 1
630 0
8825 1
8826 0
13759 0
8828 1
17022 0
639 0
8834 2
8835 1
17028 0
17029 0
17030 1
17031 2
8841 2
8842 2
17035 2
17038 1
17042 2
660 2
8855 1
664 0
17049 1
666 0
8860 1
8862 2
17055 2
8864 2
674 0
17059 0
17061 2
17062 0
680 0
17065 0
682 0
8875 2
8877 1
687 1
8479 0
8881 2
17074 1
17075 0
17077 3
17078 2
6943 2
17085 0
16501 1
704 0
8898 1
707 0
8900 2
17093 1
8902 2
15137 3
8904 1
17097 2
17098 2
17099 2
6946 2
719 3
8912 3
17106 0
725 1
8918 0
8921 2
730 2
17115 2
8925 2
17119 0
17121 2
17123 2
742 0
8935 2
744 2
745 1
8938 2
8939 2
8941 2
17134 1
8943 1
754 2
755 2
756 0
759 3
760 1
8953 1
762 1
8955 1
764 2
17149 3
767 2
8960 0
8962 3
8963 2
17156 2
774 1
8967 1
17160 0
782 3
8975 2
8976 2
8978 1
787 2
17173 1
790 2
792 0
299 1
8986 2
17179 1
17180 2
8990 2
8991 2
8993 0
803 2
8999 0
9000 1
17193 2
17195 0
17197 0
814 2
17202 0
9011 2
5598 0
17206 1
825 2
9018 2
17211 1
17213 0
9022 3
17215 0
9024 2
17218 1
8331 2
17220 1
837 0
17225 0
17226 0
17227 1
844 2
17229 3
17231 0
17235 0
17239 1
856 0
9049 2
858 1
9051 1
860 3
861 2
862 0
16528 1
869 0
870 2
871 0
9065 2
874 3
9068 0
17262 0
9071 0
17265 2
882 0
9075 2
17268 1
885 1
9078 0
17271 2
17272 0
889 0
9082 2
9083 1
892 2
17277 1
17280 1
9089 2
17283 0
9092 0
902 1
903 0
17288 1
17290 2
14245 1
9100 2
17293 0
910 1
911 2
17296 3
9108 2
9109 3
9111 2
9112 2
9113 0
17306 2
17308 2
926 3
17311 2
931 3
17317 1
156 0
938 1
9132 2
17325 1
9136 2
17329 3
9138 0
17331 1
9140 2
9142 0
952 1
8351 1
956 1
959 2
961 1
9155 2
9156 1
9158 3
17351 1
969 1
17354 3
9164 0
9169 0
9173 2
17366 0
17368 1
9178 1
9184 2
11217 2
17381 2
17384 0
1002 0
17388 2
1006 0
17391 0
17392 2
9201 0
6853 0
17395 2
17396 2
12457 2
9209 1
9210 1
1019 0
9212 1
9217 2
17411 1
1028 1
17414 0
9224 1
307 0
9226 3
9228 2
1037 3
1038 0
17423 3
4399 1
1045 1
1046 2
15193 1
17432 2
1049 1
1051 1
17441 2
17442 3
17445 2
1063 2
17450 1
17453 1
1070 1
1071 1
9265 1
9266 3
1075 0
17241 1
17461 3
9270 2
1079 2
9274 2
17468 1
17469 0
17470 0
17472 0
17473 0
17476 0
17477 1
17479 0
17480 2
8375 0
9292 1
17487 2
9296 3
9297 0
9300 1
9301 0
1110 2
17495 1
9304 2
1114 1
17499 2
9308 1
1118 2
2917 0
1120 3
17505 0
17506 2
187 1
17509 2
9318 0
9319 2
9320 2
11111 3
17516 2
17517 1
17520 1
1137 0
1138 2
17524 2
9333 3
17526 0
9336 2
17529 1
9338 2
191 0
1150 2
1151 1
1152 0
9346 2
10404 2
1156 3
17541 1
17542 1
17543 0
9352 1
15212 3
1163 2
17549 1
13405 2
17552 1
17553 2
17554 2
17556 2
1174 2
1175 2
17560 1
1177 2
17562 1
9754 2
17568 0
2928 1
17571 1
1189 2
17574 1
9383 0
17576 1
17577 1
9587 1
17581 1
9390 1
1200 0
8392 2
2931 2
17589 0
9398 1
17593 2
9402 2
1212 3
16586 2
9410 2
17603 3
17604 0
11126 1
9415 1
17610 2
17612 2
9421 2
17616 0
9425 1
9427 2
9428 2
206 3
1238 2
17623 1
7123 2
16592 1
1250 0
1251 1
17636 1
17637 0
9446 1
1255 0
17640 1
1257 0
17642 1
1259 1
1260 0
8402 2
1264 3
5672 3
17650 1
12499 1
17652 1
9461 2
17654 3
9464 0
17657 0
15231 0
17660 2
17663 1
17664 0
9473 1
17666 2
9477 2
6446 2
9479 2
17672 0
17674 2
1291 0
17676 0
17678 1
1581 1
4312 2
17683 0
9492 2
9494 1
17687 1
17688 0
17689 2
17692 3
17695 2
17696 1
9505 2
17698 0
9507 0
6045 1
220 2
1322 2
1323 0
1324 2
9517 3
9518 2
17712 1
1330 0
1331 1
1334 2
17719 1
17721 2
1338 1
9531 2
1340 2
9533 2
17726 2
1589 3
9536 0
9538 0
9540 2
9543 2
9865 3
17737 2
1355 1
9548 0
17741 2
9554 2
9555 1
9556 2
1366 0
17752 1
17755 0
17756 0
17758 0
1375 2
12175 2
1377 2
17762 2
1381 2
17766 0
17767 1
9578 1
1387 1
9580 1
17774 1
9789 1
1393 2
11155 0
1396 2
9589 1
9590 2
3047 0
9592 1
9594 2
17787 3
9596 0
9597 2
9598 2
9599 0
1408 0
9601 2
1410 2
9604 2
9606 1
1416 3
236 0
9610 2
9611 2
9612 0
17987 0
14505 2
17820 0
3992 3
9632 1
9634 1
2971 0
17828 3
9637 1
17830 3
4337 2
17835 2
9645 2
7069 0
17840 2
9650 2
1460 3
1465 2
17850 1
17851 1
17852 2
9661 1
1471 1
1473 1
1475 1
1476 1
9669 2
1478 1
9673 1
1482 1
9676 2
9677 1
9678 3
1488 1
17875 0
17879 0
1496 1
9690 2
9691 3
9692 2
9694 0
17887 2
9696 1
9697 3
17895 0
17896 1
17900 2
9711 0
4920 0
9715 2
9719 1
9720 1
9722 2
17916 0
1533 0
4352 3
1538 2
17924 0
17925 0
1542 2
16691 2
17935 1
1558 3
1559 0
17944 1
1562 0
15279 2
17948 2
17949 2
1567 2
11184 1
17956 2
17959 2
9768 2
17961 0
9770 1
17963 1
9773 2
1584 2
9777 0
1588 0
9781 1
1591 1
9784 2
17977 2
17979 2
1596 2
1597 1
9791 2
9792 2
17985 2
17986 0
9795 0
12874 1
17989 1
1608 1
16652 0
1610 1
15287 2
269 0
11192 2
9810 2
8510 2
9812 0
7097 2
1624 2
271 2
9821 2
18015 2
9826 2
16814 2
9829 2
9830 2
1640 2
18027 2
18028 1
1646 0
18032 0
9832 0
18034 1
1652 2
1653 2
11239 2
9849 0
1659 0
9852 0
1661 1
1662 2
18048 2
9858 0
18052 0
1670 0
1671 1
18057 2
9866 0
9867 0
9868 1
18062 2
9873 2
18067 0
18069 0
1690 0
18076 0
18077 0
9886 0
9887 3
1697 0
9891 3
1700 2
1701 2
1703 1
9896 2
9898 1
9899 1
1708 3
1709 0
1711 2
1712 1
18097 1
9906 2
1715 0
1716 1
9911 2
18104 0
1723 1
18108 0
10423 0
1726 2
18037 1
9920 0
1734 1
9927 2
15308 1
1738 2
18126 0
18127 0
16675 0
18132 1
18133 2
1750 1
292 0
9946 2
1755 1
18142 1
18143 1
1760 0
9953 0
18146 0
9955 0
18148 0
1767 2
17244 0
18153 0
18155 1
18156 1
18157 2
18159 2
8488 2
15315 2
1780 0
18166 0
15316 1
5515 1
9981 2
1790 2
18175 1
8491 3
18181 1
9995 2
1804 1
9999 2
10000 0
10001 0
18194 3
10004 2
11225 0
18200 2
1668 2
10010 0
18203 2
1820 3
1821 1
18207 2
1828 2
18214 2
10024 0
1833 0
18218 2
1836 1
18221 2
10030 2
10031 2
18225 2
10034 1
18227 2
18228 2
18229 1
10038 2
1847 0
1848 3
18233 2
18234 2
10043 1
1852 1
1674 2
18240 0
1857 2
1858 1
18243 0
10053 1
18246 2
776 3
10056 2
10057 0
18250 2
62 2
18254 2
18258 1
313 1
18264 1
18269 2
10080 2
1890 0
18275 1
10084 1
5777 2
10088 1
18282 1
1899 0
18284 1
5246 0
1904 2
10099 2
1909 0
10102 0
1911 0
10105 0
18298 2
1917 0
1918 2
1919 2
1920 2
18305 0
18306 2
1924 2
18312 1
1929 0
18314 2
10123 2
18316 1
10125 1
18320 0
18324 2
10134 0
1944 0
10140 2
18335 1
9885 1
18340 2
1957 0
18344 2
10156 1
1965 2
1966 0
1693 2
1969 0
1970 0
1971 2
18357 2
18358 3
8521 3
1978 0
1979 1
18364 1
1983 2
18372 1
18375 1
1992 2
8524 2
18379 1
18382 1
18383 2
18384 2
16871 0
2006 1
10200 2
2009 0
2010 1
18397 1
10212 0
10213 2
2025 1
10220 0
18414 3
18415 2
18419 1
18420 2
17635 0
4705 1
18424 1
4436 2
18426 1
2043 1
18428 2
18437 0
10247 1
18443 2
2061 3
18446 2
13838 1
10260 1
10264 0
18457 1
18459 2
10268 1
346 3
10270 3
18463 0
18464 0
18096 2
18467 0
18468 0
10279 2
18472 0
10281 2
10282 2
2091 2
5810 0
10286 1
10288 1
18481 0
18482 0
18483 2
10294 1
2103 2
10296 1
14004 3
10298 2
10299 2
18493 2
2112 2
18497 0
10306 1
10307 0
2116 2
18502 3
10311 2
2120 2
2121 0
10317 1
2126 0
10319 3
2128 1
10321 0
2130 1
18516 2
18517 0
10326 0
10327 1
10328 2
2138 2
16438 3
10332 1
10335 2
9915 2
10340 3
18534 2
18538 2
2157 0
18542 0
10351 2
18544 0
9892 0
18110 1
10358 2
16745 0
12620 3
10363 0
10364 2
10366 2
2176 2
10372 1
10373 2
18567 3
2184 3
10377 2
18572 0
10382 2
10384 0
2196 0
18581 2
2199 2
2200 1
5361 2
10398 1
2207 1
2208 3
10401 2
18594 2
4438 3
2213 1
18598 2
16753 2
18600 2
3100 0
18604 2
10413 0
2222 2
18608 0
18609 0
18611 1
10420 2
10422 2
2231 2
10426 1
2235 2
2236 2
2239 2
10433 2
2242 1
1119 2
2248 2
10443 0
2254 2
18639 1
18640 1
12664 1
7203 2
18644 2
10453 2
2262 0
10456 1
18649 0
2266 0
5531 3
5907 2
10463 2
2272 0
2273 1
10467 2
14145 2
2278 2
10471 1
2280 1
18665 2
10475 1
381 0
15509 1
10483 0
18677 0
10486 2
18679 3
2297 2
18682 1
18687 0
2304 0
12079 3
10498 2
2309 2
18694 2
2311 0
1168 3
10510 0
18704 1
2321 0
10514 2
2323 0
2324 2
10517 1
18710 2
1753 3
10522 1
18715 3
10524 2
10525 0
9625 0
2338 2
18724 0
10533 2
18727 3
10537 2
18733 2
10542 2
14045 0
10544 0
10545 1
10548 1
1758 3
18742 0
18743 0
18746 2
18355 3
18750 1
15413 2
2368 1
10561 2
18755 3
2373 1
10567 1
18760 3
2377 0
10573 1
10575 1
2385 2
18770 0
18771 2
10580 0
18773 3
18774 3
18777 3
10586 0
10589 2
10590 2
4717 0
18784 1
18790 0
16785 3
18792 2
2410 2
2414 2
10607 1
10609 0
18806 2
2426 1
2427 2
10620 0
18813 1
2430 2
16789 3
18816 2
2433 1
2435 0
2436 0
10631 2
2440 2
407 2
11330 1
4173 2
10640 3
4504 2
2453 0
18838 0
18839 2
10648 2
10649 2
10650 2
10993 3
2460 0
18847 3
2467 0
2469 0
10662 2
10663 3
8604 2
2475 1
2476 0
18861 2
10670 1
10672 2
2482 2
10675 2
2487 2
2491 0
18632 2
9903 1
10686 0
16800 3
2498 2
10692 1
10693 2
2503 0
7244 0
10698 2
7994 0
10701 2
10702 2
2514 1
419 0
2517 0
10710 2
10711 2
10712 2
16804 3
10714 1
10715 1
2524 1
2525 1
2527 1
2534 1
2536 0
10729 1
2539 2
2540 1
10733 0
10734 1
2544 0
2545 3
2546 2
2547 1
9982 1
10745 0
2556 1
426 1
2558 1
10754 2
10755 0
10757 2
2566 3
2575 0
10771 1
2580 2
10773 1
2583 3
2587 1
10780 0
10783 3
5269 0
10785 2
2594 2
11355 3
2599 2
2600 2
2605 0
10799 1
2609 0
10802 0
8627 0
3633 1
2615 2
10809 1
10810 1
16454 3
2624 2
10817 1
2627 2
438 0
10822 1
13181 1
10825 0
10826 0
2639 0
2642 0
10838 1
11364 1
10843 1
2653 3
2654 2
2655 2
2658 2
10851 1
10852 2
10853 2
2665 1
1810 3
10863 0
2673 1
10866 0
10867 1
10869 1
10870 2
10873 0
447 0
448 3
8642 0
2702 2
10895 1
2705 0
2707 0
2710 3
18201 1
2712 0
10906 2
2715 2
1727 0
10913 3
2722 1
10915 2
10916 2
2728 3
10012 1
2731 3
10925 1
2738 3
2742 2
2751 0
10945 2
2754 2
2755 0
2756 2
2758 2
14113 3
2762 2
3191 2
2764 3
17550 2
2768 1
10961 0
10391 1
2777 1
2779 2
10972 0
10973 2
2785 2
10978 0
5965 2
2791 2
2795 0
10988 0
10990 0
10991 1
2800 2
2801 2
2803 2
2804 2
2807 3
11002 3
11003 0
1834 0
11012 2
2822 0
11016 0
2825 2
2831 3
18098 2
11035 0
11038 2
15916 0
11041 2
2850 2
2851 1
11045 2
2854 1
8438 2
11053 2
4573 1
11056 0
11059 0
11401 0
10036 2
2874 0
2876 3
7306 2
11070 0
2880 2
11074 2
2883 0
2884 0
11078 2
16865 0
2889 1
11082 2
9098 2
11087 2
18232 2
2899 2
2900 1
2904 1
11097 1
2908 0
2909 1
11102 3
485 2
11106 1
11109 2
2919 0
11112 1
2923 1
2925 2
11119 1
12840 1
11411 2
2933 0
2934 0
11128 2
11130 0
2939 2
11132 2
11135 0
2944 2
11137 2
2553 1
3222 1
11142 1
11143 1
2952 2
4588 0
2957 0
11150 2
2960 0
1859 0
2281 2
2973 2
2975 1
11171 2
1862 3
6616 1
2988 0
4594 1
2992 2
1864 1
11187 0
11191 2
3000 2
3001 2
11194 2
3231 1
11196 0
11197 3
15241 2
11201 0
1867 1
1335 2
3014 0
1737 1
15522 1
3023 0
3025 1
11220 1
3030 1
4601 1
3033 0
3034 2
3035 3
3036 0
3039 1
3040 2
3042 2
3043 3
11237 2
11238 2
16741 2
3048 3
3049 2
3052 1
11245 3
3057 0
3058 1
16894 0
11254 2
3241 1
11258 3
4607 1
3072 0
512 1
3074 1
3076 2
11273 3
3086 0
14374 0
5976 3
12803 1
11285 0
3099 0
10196 1
11293 2
11295 2
3104 0
3110 2
11307 2
11309 0
11310 1
11312 2
8560 1
3123 3
11320 0
11445 1
11328 2
3138 1
9379 1
11334 2
11335 2
3145 3
3147 2
525 0
10083 2
11348 1
526 0
3073 1
3163 2
11356 2
3165 1
3169 3
3172 2
11366 0
8289 2
3177 3
18279 1
11372 0
15549 1
11379 3
11382 2
11383 1
3194 2
11388 1
3200 0
11393 2
11395 0
11397 2
3206 2
3207 2
10092 1
11402 0
11403 2
11404 1
3215 2
3216 2
3267 0
11414 1
3223 2
11417 2
3226 2
18111 1
11423 0
11424 3
3236 0
3237 1
11430 0
3239 0
3240 2
11433 2
11434 2
15559 3
541 2
11440 0
3251 0
11444 2
3253 1
3255 1
14196 0
11452 2
3261 1
11454 0
3263 2
3264 0
11457 2
11458 2
11459 0
3270 1
545 2
3273 0
9929 2
11467 1
11468 0
3277 0
3279 2
3280 2
16409 0
3285 1
3286 1
3287 2
3288 2
548 1
3290 3
11487 0
3296 0
3298 1
3303 1
3305 1
11502 2
11503 0
3313 2
11507 0
11508 2
3320 2
5218 0
11514 2
3323 2
12113 2
3327 0
3328 1
555 2
3333 1
5294 2
11540 2
18844 1
11544 2
3354 2
9659 1
6021 2
3361 0
11554 1
3363 1
18109 2
3366 0
3368 1
11565 1
3375 2
3377 2
1749 0
3380 1
3381 1
3382 0
4477 0
3387 1
3389 2
565 1
3393 1
11586 0
12854 0
3399 0
3400 0
1932 0
567 2
3406 1
11599 1
3409 0
3410 2
3413 2
3419 2
11612 3
11613 1
3422 1
11617 1
3427 2
11620 1
3434 1
11629 0
3438 0
573 1
3440 1
11634 2
11637 1
11641 2
8767 0
3453 2
13754 2
3456 0
3458 3
11653 0
11654 0
12866 2
3470 1
3482 2
11678 0
3490 2
11683 0
11690 0
8775 0
3501 1
3503 2
11696 2
3505 0
3515 1
11709 1
11713 2
3523 2
16757 0
16972 1
11723 0
663 2
9665 2
11732 0
11736 1
11738 1
10149 1
17849 2
11515 0
3557 2
11750 0
10272 2
11754 0
6055 1
3564 3
3566 1
3567 2
11760 2
13485 2
11764 2
11766 0
11771 1
3583 2
2847 1
11779 0
3588 0
18348 1
3595 0
18349 1
3601 3
11800 2
2588 1
11802 0
3612 0
11805 0
11808 1
4699 1
5576 1
3621 2
3622 2
11815 1
11816 0
11821 1
11823 1
11824 1
11825 2
3634 3
11827 0
11831 1
11833 1
14033 1
3643 0
11836 0
11838 2
11841 2
11842 0
11843 2
11844 2
3655 1
11849 0
3658 2
11851 1
3661 2
11854 0
11856 3
3665 0
11859 1
3671 2
3672 1
3673 1
3674 2
3675 1
11871 2
11874 1
18363 1
11877 2
11878 1
11880 1
11885 0
11887 2
11889 1
3699 1
17001 0
3704 1
3705 0
3706 2
11900 2
17002 1
11907 2
620 3
11914 1
3727 2
3730 2
11923 3
3732 0
622 0
3738 1
1761 0
3740 0
3741 2
3745 2
3747 1
11941 2
11943 0
11944 2
15644 1
14364 1
15737 0
11952 2
9845 1
10185 0
1762 0
3770 2
3771 0
3779 1
17014 1
3784 2
3785 3
11978 0
7459 2
3796 2
11990 1
3801 3
11997 0
12001 0
3811 2
12006 0
3816 2
12011 3
3821 2
3822 3
8830 0
15657 2
12025 0
17023 1
12928 1
12034 1
12037 2
7122 2
12043 0
3859 0
3862 2
12055 2
12056 0
12058 2
3869 0
12062 2
4741 1
3876 2
12069 1
3879 2
3880 0
12073 1
3885 2
3887 2
12082 0
15667 2
6110 0
12086 1
17033 2
12089 1
3901 0
12100 2
12101 1
12103 3
11575 0
12109 2
12110 2
9405 2
6115 3
654 0
3928 2
3934 0
12127 2
12134 2
2863 0
3945 0
12138 1
3947 0
12141 1
3950 0
3952 2
12145 1
12149 1
3960 2
12154 0
12158 2
3967 3
3968 3
12161 3
3974 3
3976 2
3978 2
3979 1
12173 0
3983 2
3984 1
3985 2
3986 0
3988 0
665 1
12184 2
12188 2
3998 0
7493 2
10283 2
4001 1
12955 2
4006 2
4009 3
4011 2
6130 0
12206 1
4019 1
4020 1
4766 1
12214 2
4024 1
12223 1
12227 0
12230 1
4048 0
4050 1
12963 1
4053 1
4055 1
4058 2
4059 3
12252 2
14330 0
4063 2
12257 0
12260 1
4074 1
12272 2
12277 0
12279 2
4089 1
12283 0
4092 0
12285 0
4094 3
12287 0
4098 1
17067 1
4102 3
4107 2
12308 2
4118 2
12685 2
12313 2
12314 2
4124 2
4125 1
4126 0
12319 2
12324 2
4134 0
12332 2
12333 1
4143 0
4146 0
4148 1
4150 1
12344 2
12348 1
12351 2
12352 1
12354 2
12139 2
4164 0
3425 2
12361 2
4171 1
7522 2
12370 2
12371 2
12521 2
9084 1
4184 2
4187 3
4189 0
12382 3
15717 0
17052 2
4196 3
12389 2
14353 0
12392 1
12393 1
18689 2
4212 0
5323 2
12408 0
4218 1
12411 2
12413 1
4222 2
12415 0
12416 1
4227 2
4229 1
12424 2
12426 0
12432 2
2072 2
12434 2
12435 2
4245 2
2073 2
4249 1
6961 1
4256 2
4258 1
10267 0
4261 2
4262 2
2076 2
12459 1
4269 0
4270 0
18461 0
12465 1
12466 1
16919 1
12470 2
12472 1
14367 1
8906 2
12480 2
12481 0
7542 2
12486 2
12487 0
4298 0
4299 3
4302 1
4305 1
4307 2
4308 2
12501 2
12502 2
7545 1
12504 0
12506 1
8911 1
12509 2
4318 2
4319 0
4320 2
720 3
12514 0
3451 1
4325 2
4327 1
8873 2
4818 0
4335 2
2088 2
4340 0
4341 1
4342 2
12539 2
12541 1
8601 2
4354 2
18475 0
4822 0
8874 3
14380 0
2102 2
4363 2
4368 1
4370 1
12563 2
4372 2
4374 2
12569 1
14383 0
4380 2
12573 0
3461 0
4386 3
12579 0
411 2
4829 0
10291 1
8330 2
12602 0
4414 2
12609 3
12610 0
12611 2
12695 3
18486 3
12615 2
4427 1
4428 1
4433 1
12626 2
12628 1
7566 2
12630 2
12633 1
12635 0
12638 2
12640 1
12643 1
8813 1
8934 1
7569 2
12649 1
4458 2
12652 2
4462 2
4464 2
12657 2
4471 1
4472 2
12669 2
12671 0
4480 1
17131 1
4485 2
12678 1
12679 2
10515 0
4490 1
4493 2
12686 2
17133 0
4496 1
4498 2
4501 0
4503 2
12696 1
4505 0
12698 2
4507 1
4508 2
6424 0
4511 1
12705 2
4517 1
4518 1
12711 2
4520 0
4521 1
12714 1
4523 2
4525 1
4527 1
4528 2
4529 2
4531 1
4532 1
12726 0
12727 1
4536 0
4537 2
12730 1
4539 1
12732 1
4546 1
12739 2
4549 0
4551 0
12745 2
4855 2
4557 1
4559 3
12755 0
4564 1
4565 1
17145 1
12700 1
12763 2
12765 2
4574 3
7589 0
4577 2
12770 1
4580 1
4581 1
4582 2
4583 1
10791 1
12778 0
12780 1
12781 3
4590 0
12783 1
12786 0
12788 2
12790 0
10324 1
4604 2
4605 2
12799 0
4608 0
4609 1
4610 1
4611 2
12805 1
12807 3
4620 0
4621 2
12815 3
4624 1
4629 0
4630 0
4632 2
12826 2
2882 2
4637 1
8458 1
12832 1
3504 2
4643 1
4645 0
11697 0
4648 1
12843 1
12844 3
4656 1
8968 0
4658 2
4659 2
12852 2
4661 0
4662 0
12856 2
4668 2
12861 2
4671 0
3156 0
12865 2
4674 1
12869 2
12870 1
4679 0
12872 2
4682 2
8612 0
17684 2
12878 0
4688 1
12881 0
4690 0
4695 2
4697 1
4698 2
12891 2
10124 0
4703 3
17168 2
15803 0
4708 1
4709 1
12904 2
4713 0
12906 2
12907 0
12908 0
11488 1
4719 0
4721 2
4726 1
12919 1
12921 2
4731 2
12924 2
4733 2
4734 2
4735 3
4736 2
12929 0
12930 2
12933 0
4742 1
4744 1
4745 1
12938 0
4748 1
12941 1
4750 0
4752 1
4753 2
12946 1
11715 0
4757 2
12951 0
4763 2
12957 1
12958 0
4768 2
12961 2
795 2
4772 0
4773 2
13547 2
11343 2
4780 0
4781 1
15816 2
12981 1
4792 2
4793 1
4794 2
12990 3
4799 1
12994 1
4805 1
12998 1
4807 1
4811 3
4813 1
4814 2
9162 1
13010 0
8071 0
13014 2
4823 2
13017 1
4826 1
4827 1
13021 0
4831 1
4833 3
13028 0
13030 2
4839 0
4840 0
4842 1
13041 2
13043 2
13047 0
4856 1
4863 1
13056 0
18560 3
4866 0
13060 0
9034 0
4875 0
4876 3
4877 2
4878 0
708 2
4890 2
2345 1
4897 2
4901 0
13096 2
4905 2
4910 0
4911 2
4913 3
13107 0
8347 3
2185 2
13112 1
13114 2
13116 0
17205 1
4929 0
4931 2
13124 3
15841 2
13129 2
13136 2
13137 2
13138 0
13140 3
18574 2
13143 0
13147 1
13148 2
4961 1
9019 1
13156 0
4965 0
13161 1
4973 0
13168 2
4980 1
13174 0
13175 2
4984 2
4986 2
13119 0
4989 0
10389 0
4997 2
4999 1
5001 2
13195 0
5005 3
18584 1
13202 1
13123 2
13208 2
13209 2
5018 1
5021 2
13214 1
3568 0
5026 2
5030 2
5031 3
13225 2
5035 2
5039 0
2350 2
13237 1
5046 2
13240 2
3572 1
13245 2
5054 1
5058 2
13253 2
17159 3
13256 1
2210 2
845 1
5072 3
13266 1
9052 1
13271 1
12717 1
13275 2
13276 2
5086 1
5088 1
5090 3
13283 2
5093 2
13286 3
5095 2
13290 1
10407 2
13295 1
13297 0
5108 1
13301 2
13302 1
13303 2
13304 2
5115 1
5122 2
5123 2
13317 0
5126 0
13320 2
10412 2
13323 2
13324 2
13329 2
5138 0
13332 2
13334 0
5143 1
13345 3
13346 2
4955 0
13348 1
13349 0
13352 0
13353 0
13355 2
13356 2
5165 0
17245 1
13360 2
5171 1
13364 3
5173 2
13366 0
13367 3
13370 0
13371 3
13376 3
5185 0
5186 0
13379 0
13380 2
13381 0
5194 2
18615 1
5198 2
13392 0
5201 1
13394 0
5203 2
2234 2
5214 2
2083 2
13744 1
13412 0
5221 0
13414 2
5225 3
13418 1
5229 2
13427 2
5239 0
5244 0
13438 1
5249 2
11086 1
13448 0
5258 1
7703 3
2630 1
18626 3
5264 3
5265 2
13458 0
13460 0
9070 2
1812 3
13464 3
9450 3
5274 0
5276 2
5284 0
13477 2
13479 2
5290 3
5292 2
5293 2
1540 1
5297 0
883 1
13497 1
5306 1
13500 0
13501 1
13503 2
5317 0
5318 0
13511 2
13512 1
5322 2
13515 1
13516 1
5360 1
13520 2
13176 0
13522 0
11811 2
13525 2
5336 1
5337 1
13532 0
13533 1
5345 2
17275 0
5348 3
5349 2
13542 0
13543 0
5352 1
17276 0
15911 3
5357 1
12999 1
13551 2
13552 2
13553 0
5362 2
5363 3
17091 0
5368 0
5369 2
13545 3
5372 2
5373 1
5374 1
13568 3
9088 3
5378 2
618 1
13572 2
5381 2
13575 0
13577 1
13578 2
13580 2
13581 0
5390 0
6360 3
13586 0
2265 2
13593 1
13600 1
13602 2
9094 0
13607 2
13608 2
13610 1
5419 2
11826 2
5422 2
13616 2
10462 0
13622 2
5431 0
13626 3
5435 0
5436 3
5437 2
10464 1
5444 2
13638 2
13640 1
17292 1
15927 0
8656 0
13647 2
5460 2
5461 2
5463 1
5465 2
5467 0
13660 3
5469 1
13662 0
5471 0
15931 0
13668 3
5477 0
5478 0
1819 0
13673 2
5482 0
13676 0
5486 2
13680 0
18664 0
5490 1
5495 3
5496 2
13689 0
5499 2
12731 0
13695 2
13696 2
13697 2
5506 2
5874 2
13702 2
13704 2
13707 2
13710 2
5520 0
13718 2
17305 2
10479 2
13210 2
13727 1
6384 0
13732 2
5542 2
5552 1
13747 1
17310 1
5561 2
5562 1
5564 1
5567 2
5570 3
13764 2
5574 2
5025 2
13768 3
13769 0
5579 2
5580 1
5581 2
5587 1
5588 3
13790 1
9125 2
5601 1
5602 2
5603 0
13796 0
5606 0
11857 0
5608 1
9734 0
7762 1
13806 1
17645 0
9129 2
5630 2
18688 1
13227 2
13828 1
5637 1
5639 2
5641 0
13834 2
13836 2
5646 2
3949 0
13846 2
4280 1
5663 2
5664 2
13282 2
11867 1
5668 2
10502 2
5670 1
13864 2
13867 2
5680 1
5682 3
947 2
5685 2
13879 2
16829 1
5691 2
13884 2
5705 3
5706 0
13900 0
3682 2
190 3
17336 2
638 0
13907 0
5716 0
5718 0
5720 2
13913 0
13914 3
13915 3
13917 2
13921 1
13922 1
13927 1
5736 2
17340 0
18706 2
3688 1
14611 1
10516 3
13949 3
5761 1
13959 1
5769 0
13963 3
13965 0
13966 3
13967 1
13969 2
5778 0
5781 0
13975 1
5787 0
18714 1
13982 0
13986 2
13993 2
5802 0
5804 1
13997 0
14000 2
14002 0
5811 2
5812 0
5818 2
5819 1
5820 1
5821 2
5822 1
5824 2
14023 1
14029 2
5841 1
14034 0
5843 2
14036 1
5845 0
14042 2
5853 2
18725 1
5859 2
14053 2
4014 2
5865 1
2343 1
14060 2
14066 3
14069 0
5879 2
5882 1
14077 3
17365 0
5888 2
17988 3
5891 0
14084 1
5894 0
5901 1
5902 0
5903 2
5904 2
14098 2
16003 2
5909 3
14103 1
5913 1
14107 0
5916 1
5921 1
5922 0
14116 1
5925 2
14118 0
2353 1
14120 2
5930 2
5931 2
14126 2
14127 2
14128 2
16008 0
6451 2
14132 3
14133 2
3721 2
14137 2
14138 1
14139 1
14141 2
15201 3
14144 2
17376 0
14148 2
5960 3
5961 2
14156 1
14157 2
5966 2
5967 3
6456 1
14163 0
14164 2
2381 2
14167 0
14168 1
5978 0
14171 0
2362 2
5982 2
5983 0
5987 1
14180 1
16839 0
14184 1
14189 0
14190 2
749 0
6001 0
6002 1
6004 0
14199 1
6011 2
6013 2
14208 0
6018 1
14211 0
14212 2
1837 2
6022 2
14215 0
14216 2
14217 2
14219 0
14221 0
14222 0
14224 1
6467 2
6039 2
14234 0
14237 0
14238 1
14239 0
14240 1
14241 2
14243 1
14244 2
6053 1
5105 0
6057 2
14251 0
14253 2
14254 2
6064 2
6065 2
6067 2
14262 2
6073 2
14268 2
10568 1
14274 2
16713 0
14280 0
14283 1
6094 2
14287 1
6099 1
6100 2
6101 0
6102 2
14302 2
6114 3
14307 2
14309 0
17404 1
6122 2
14315 1
2386 2
14317 0
3805 2
14322 2
6131 0
6132 2
6135 2
14328 3
477 2
6140 2
14335 2
14337 1
17409 1
6152 3
14347 2
6156 0
3751 1
6158 2
16045 3
6161 1
14355 2
14360 1
6169 2
14362 1
6172 0
14365 3
6175 1
6176 1
6182 0
7857 0
10026 2
6188 2
14382 2
6191 1
14386 2
6196 2
12589 1
14391 0
6200 1
6201 2
6203 2
6204 2
14397 0
6206 2
18217 0
14402 0
14403 0
14405 1
14408 2
1036 0
14119 1
6227 2
14422 3
6231 2
6232 2
14427 2
6236 0
14431 1
6240 0
11963 2
18757 0
14439 2
6250 2
10599 0
6253 2
14446 0
6255 2
6173 0
14453 0
1378 3
14455 0
6265 3
14458 2
6267 2
6269 1
6270 2
14466 0
14467 1
9238 0
14470 3
6283 1
14477 0
14488 3
14490 2
6306 1
14501 0
14502 1
14503 2
14504 2
6313 0
6318 0
6319 1
6322 3
6324 1
14519 0
11226 2
6332 2
14525 1
14531 0
14533 2
14535 1
6346 2
6349 2
14546 0
6357 2
14552 2
6363 2
6365 0
6368 2
18811 1
14565 1
6379 1
7890 2
14576 0
6385 2
6386 1
14580 3
6389 1
6390 2
14584 0
14586 2
14592 2
10624 0
6404 0
6407 2
6411 1
14604 2
6413 1
17126 2
6418 0
18819 0
9262 2
6422 1
14616 0
14617 2
6426 1
6429 1
11398 2
14624 1
6442 1
6443 2
6445 1
14638 1
7901 0
6448 1
13363 2
7307 0
6454 0
14648 0
14649 2
14651 2
12720 1
14655 3
6465 0
6466 2
10635 0
6468 1
14661 2
14664 1
14666 2
761 3
16098 0
14671 0
14673 2
14674 2
14676 0
6492 3
14690 2
5179 0
6500 3
14693 3
6504 2
14699 0
16104 0
9278 1
17675 2
6521 0
6522 2
6534 0
1089 3
14728 3
14730 1
14731 2
13378 2
14734 0
16109 2
14737 2
14738 3
5187 0
14740 3
14742 2
6553 0
14750 2
7921 3
14761 1
13585 2
14767 1
6577 1
14778 2
14779 2
6589 1
6592 3
14787 0
14789 2
14791 2
1100 0
6603 1
14796 2
6605 0
14798 2
14800 2
14802 2
14803 2
14804 2
10846 2
14808 2
6617 2
6619 2
6620 2
6621 2
6622 0
6623 0
17488 2
14820 2
6632 2
14826 2
14828 0
14829 2
12340 3
7586 3
14832 0
6641 0
6642 3
14837 0
6646 1
14841 2
16861 1
14845 0
6657 1
6658 1
18859 1
6662 2
10668 2
6668 0
14863 1
14865 0
14866 0
6675 3
17953 0
6679 2
14872 2
6681 3
14876 2
14878 2
6687 2
2132 0
14881 1
14883 1
6692 2
14887 0
14888 2
6702 1
6703 1
14899 1
17066 2
6709 0
14902 2
14904 2
6715 2
14914 2
6723 1
14916 0
6725 0
6726 2
5217 0
14921 1
14923 0
6732 2
1122 1
14928 2
14929 1
6740 1
1861 0
6744 1
6747 2
14942 3
6751 0
14945 1
5222 0
6759 2
14952 1
2492 0
6763 0
14960 2
17512 1
14966 0
14967 0
6776 2
6787 0
6788 1
14982 3
12774 1
6794 2
14988 1
14989 0
13421 0
14993 0
427 2
15775 0
6809 0
6810 1
15004 2
6813 1
6817 1
5137 1
15017 1
6835 1
6837 1
14793 1
6840 2
15034 2
6843 2
6845 0
15039 2
6850 1
6851 1
15045 2
6854 1
6855 1
15048 2
15050 2
6860 1
6862 3
15055 2
8412 1
6871 0
6872 2
15066 2
15067 2
6608 2
15074 0
15079 3
9231 2
6892 2
15085 2
15087 2
6898 1
6901 0
6902 0
11141 0
6907 2
10050 1
15102 1
10709 2
15104 1
15105 1
15106 1
15107 1
6916 0
15109 1
15111 3
15112 1
15114 2
6923 0
15116 2
15117 2
6926 3
15119 0
6928 1
6929 2
15122 2
15123 1
15124 3
15128 0
15129 1
6939 2
15132 1
6942 1
15135 2
15136 1
6945 0
15138 0
15140 0
15141 1
6951 0
15144 0
15145 0
16178 1
17544 2
6962 2
15155 0
6964 1
6965 2
15160 1
4051 1
6976 2
6978 0
6983 0
6986 2
6988 0
6989 1
6993 2
15186 1
15189 0
15191 2
7001 0
15236 0
7004 2
7005 2
7006 2
5416 1
7008 2
7009 2
3897 0
15207 3
7018 1
7020 2
9362 0
7022 3
7023 1
7024 2
14824 3
15225 1
15228 0
7039 1
15233 2
7044 3
7046 1
6636 1
7050 1
7052 1
15245 2
15246 0
7056 2
15250 3
7060 0
7061 2
15254 3
7068 1
15261 2
15264 2
15266 1
7076 1
7084 1
7085 0
7087 1
15282 2
15283 0
15284 1
8009 2
15288 3
15289 3
7099 3
15293 0
7102 2
2549 2
15296 2
7110 2
15304 2
7116 1
15314 0
1187 2
7124 0
17968 0
7129 2
7130 0
7137 0
7139 0
7141 0
7143 0
7149 1
6653 1
15344 3
7154 1
7157 2
15351 1
7164 2
7166 3
7167 0
7169 1
7172 0
13484 0
15373 3
15374 0
15375 1
15376 3
15377 2
7186 3
2563 2
15381 2
15395 0
7205 1
7206 2
7208 2
7210 3
15403 1
7212 2
7213 0
7214 2
2910 1
7219 3
7221 0
15414 3
7226 0
7227 2
7228 1
7235 2
15428 2
1206 2
7238 2
15431 2
7240 3
7241 1
7242 0
7243 2
15436 1
7246 2
18245 0
15448 2
17154 0
7264 2
15457 2
1303 1
15461 0
17596 1
15467 0
17973 2
1213 1
7282 2
7283 0
15479 0
10881 2
15482 1
15485 3
15491 1
15496 0
15498 0
15499 2
15500 2
1218 2
15503 2
15505 0
13633 0
12142 2
15510 2
15511 0
7323 0
15516 2
15518 0
15520 0
15521 2
7330 0
7332 2
15525 2
15526 1
7337 0
15530 0
15533 2
15534 0
15539 0
7349 2
9418 1
7358 0
15552 1
15553 0
7363 0
15558 1
6689 2
15560 0
15561 1
15562 0
15565 1
7374 3
17613 0
15569 0
15570 0
2595 2
15574 0
7386 1
9269 2
15580 2
7390 0
7391 1
15589 2
15593 0
7403 1
7405 2
7407 2
15600 2
15602 2
15603 1
15604 2
7415 2
17620 0
15613 1
15615 2
15616 0
16614 0
15621 2
1239 0
15630 1
7440 2
15634 0
7443 0
14894 2
7447 2
7449 2
7450 2
7452 2
15645 3
7454 1
15647 1
7457 0
15524 1
15653 0
15654 2
15655 2
5340 2
15659 1
5341 1
15664 1
7474 2
7475 0
15670 3
15671 0
7481 1
15675 2
15676 0
7488 2
7489 2
7491 2
6710 1
7496 0
15693 0
15694 1
15695 0
7505 2
7506 2
9443 2
15701 0
7510 0
15703 1
15704 0
15705 1
7514 1
15707 1
7516 2
1141 1
15711 2
15713 2
15714 1
7525 3
15719 1
15721 2
7532 2
15726 1
7535 0
15729 1
7538 3
15734 2
17641 1
16618 2
15738 2
15740 1
15741 1
15746 0
7555 0
15748 2
16908 1
15753 0
8087 0
15758 2
15759 3
15761 2
15763 1
15765 2
7575 2
7576 2
15769 2
7581 0
15774 0
7583 3
15776 2
15777 2
15778 0
15780 0
15781 1
15782 1
17649 1
15787 3
15788 1
1266 0
15793 0
15794 1
15798 1
7608 0
1268 0
7611 1
7615 2
8096 2
7618 0
9462 2
15814 1
7624 3
15818 2
4003 1
15830 3
8100 3
7645 0
7649 2
7651 2
15253 2
7653 0
15850 2
15852 2
7661 0
13565 2
15858 0
1142 3
15863 2
7675 0
15871 1
7682 2
7683 2
11167 1
17665 2
7689 2
7691 1
7694 1
7695 2
7701 0
15895 0
7705 0
15898 2
7708 1
15902 1
7711 0
15904 2
7714 0
15908 1
15910 1
10035 2
4571 0
15913 2
7724 3
7726 0
7728 2
1288 2
7732 1
7733 3
9532 3
15930 2
7739 0
7747 2
6753 0
7758 1
5389 2
15954 1
7765 2
7766 1
15959 1
15961 1
15962 0
15965 3
7775 0
15969 0
7778 0
15973 2
7783 0
15977 0
15978 3
7789 2
15982 2
15983 2
15984 0
7793 3
7795 0
7796 3
15990 2
10857 0
15993 1
7802 0
7803 0
15999 1
16002 2
7811 0
7812 0
16006 1
7816 0
16011 1
16013 0
16014 2
10861 2
16018 1
16021 0
7838 2
16034 2
17510 2
16036 1
7846 3
13582 0
16041 1
2674 0
16049 1
16050 3
7860 0
16056 1
7865 2
16058 0
9503 2
16060 2
16061 1
1353 0
16064 2
16065 0
7874 0
7875 1
16068 2
2678 3
7878 0
1313 3
16073 1
7883 0
16078 1
808 2
16082 2
7891 2
16084 0
7894 2
16088 1
7898 0
16091 2
16093 2
7902 0
7903 3
16096 2
7906 2
7910 3
7912 0
7917 2
16110 2
16113 2
9811 0
16115 2
16116 1
16117 2
7927 1
7929 3
16131 1
16133 1
16134 0
16135 2
7945 2
7947 2
16141 1
16144 0
9491 0
7955 2
7957 0
16150 2
7960 0
7962 0
7963 2
12813 2
7968 0
7970 1
7976 0
10904 3
16173 3
16176 0
7986 2
17715 0
16186 2
7995 2
7998 3
16191 1
8003 2
16196 1
16201 1
16203 0
16204 1
16205 3
8014 2
16207 0
8018 3
16211 2
17725 0
8022 0
8024 0
16220 2
8029 3
15329 2
16224 2
8033 3
17723 1
16228 3
8038 1
13628 1
13629 1
16241 0
9534 0
14996 2
8059 3
16254 2
16255 0
8064 1
10907 1
8069 2
16263 2
16265 1
16266 2
8076 2
8079 0
17727 1
8082 0
16276 1
16277 2
16278 2
16279 0
16282 1
2714 0
8094 0
8095 3
16288 1
16289 1
8098 1
16291 2
16292 0
16301 1
8110 2
16306 1
16307 0
8119 0
16318 0
16321 0
17739 1
15001 1
4087 0
13910 3
8142 3
16341 0
16347 2
8156 1
8159 3
8162 0
16356 0
8166 2
16359 1
16360 1
16361 2
8170 2
16367 2
5619 1
16372 1
16373 1
16376 2
16377 1
8186 2
16379 2
16380 0
16381 1
8190 2
