8192 2
16386 2
8196 1
8197 2
8198 2
16393 2
16394 1
13655 1
16396 1
16398 0
2733 2
16 0
18095 0
8210 0
8211 0
8212 0
16405 2
16406 0
16407 0
8219 2
16412 0
8221 0
8222 2
16415 2
8226 2
8227 2
8228 2
4310 0
16422 2
16423 0
8232 0
41 0
8234 2
16429 2
16432 0
16433 2
16437 1
9549 2
16439 1
56 0
16441 2
16442 2
17759 1
16445 2
62 2
16447 2
16449 2
66 1
16451 0
16452 1
69 1
70 0
71 1
16456 2
73 2
74 0
8268 2
16461 2
16466 1
13759 0
16469 1
87 3
88 2
89 1
16399 2
15034 2
16478 1
98 2
16484 1
16485 0
8294 2
8295 2
104 0
105 0
106 1
17767 1
13097 2
16494 0
8303 2
112 3
8184 2
8240 0
115 1
2750 1
12279 2
120 3
16505 0
122 3
16507 1
16509 1
126 2
8319 0
129 3
17786 2
8324 0
16517 1
16519 0
136 0
16522 1
139 3
16524 1
15042 2
18229 1
16527 2
144 2
8337 0
8338 2
147 0
148 1
16533 1
151 1
8344 1
16538 0
156 0
157 0
8353 1
162 2
163 2
8356 3
16549 2
8358 0
8361 2
170 0
171 2
8365 1
175 3
8369 0
8370 0
8371 2
180 3
16414 2
8375 0
16569 0
8223 0
190 3
8385 0
15051 2
16583 2
200 0
201 1
202 2
14392 2
8396 0
8398 1
208 2
209 2
16594 2
8403 3
11191 2
8406 1
8407 2
218 3
17738 0
221 3
8415 1
16612 1
16614 0
16615 0
8426 2
8427 2
237 2
8430 2
16624 2
40 0
8434 0
11192 2
244 3
8737 2
246 0
16425 0
6868 1
250 1
251 1
8444 0
254 0
1408 0
554 2
16645 1
16646 1
8455 0
16648 0
16650 0
1004 0
8461 3
271 2
8465 0
16658 0
8468 0
6536 0
329 1
8473 2
8474 3
284 1
8477 0
286 1
8480 1
289 2
291 1
8485 2
8486 2
16679 1
8488 2
16681 1
299 1
6003 1
2863 0
16687 1
8496 2
305 2
16691 2
16693 1
16694 1
313 1
8506 1
8507 2
317 2
319 2
16704 3
6880 1
16706 1
13707 2
16708 0
8517 1
16710 3
4648 1
1420 0
10235 2
332 2
333 0
16719 2
336 0
16721 1
338 1
16723 3
8532 1
16726 0
8535 2
5467 0
8539 1
349 1
8545 0
16443 2
16740 0
16741 2
358 1
16743 2
360 2
8553 2
362 1
16748 0
9618 0
366 2
10105 0
16752 2
16753 2
371 0
8564 2
8254 3
374 2
16759 1
16760 0
15561 1
379 0
16765 2
8574 0
383 0
384 1
8578 2
387 0
16774 1
8583 3
394 2
8587 1
16781 0
8592 2
8593 0
8594 1
8599 0
408 0
410 2
8604 2
8261 2
8608 1
8609 2
16803 1
420 1
8262 2
16807 1
16808 1
16810 3
16455 2
8621 0
16814 2
8623 3
432 1
16817 1
16818 0
8629 1
438 0
8632 2
2804 2
443 0
444 2
8266 2
446 2
8639 0
16833 2
450 1
451 1
8644 2
454 2
455 1
456 1
16841 2
458 3
16843 3
461 2
462 3
16847 0
4107 2
8657 2
466 3
16851 2
3016 1
469 1
16854 2
8664 1
8665 2
474 1
477 2
16862 1
8671 3
8673 1
482 1
8675 2
8676 0
8745 1
486 2
16871 0
488 2
13928 1
491 0
8684 1
15669 1
8687 2
496 2
8691 2
500 2
6910 2
8695 3
8696 2
505 3
508 0
16893 2
8702 2
4181 0
512 1
16897 2
8746 2
517 0
16902 2
8711 0
8713 1
16907 0
524 2
16909 1
658 0
9292 1
529 2
530 2
8723 1
532 3
5550 2
8727 0
8728 2
538 0
8732 1
16926 2
6917 2
16928 2
16929 2
546 1
547 1
548 1
264 0
8744 2
16937 2
16938 0
16939 1
8748 3
16941 0
8750 2
8752 2
8758 2
16951 2
8761 1
16954 2
8763 0
572 0
573 1
574 0
575 1
8771 3
8772 0
581 1
583 1
587 1
8780 1
8781 3
590 1
591 1
16978 2
595 1
8788 2
1465 2
601 1
8794 1
8795 3
8796 0
8797 3
16990 2
8799 2
8800 1
609 2
8802 1
8803 0
8804 1
8805 2
8806 0
1468 2
17002 1
8811 1
8812 2
17005 1
622 0
8815 2
17008 2
625 3
8819 1
17013 2
17014 1
4201 2
632 0
633 2
9663 2
8828 1
6071 2
17022 0
639 0
8835 1
644 1
17030 1
16804 3
9606 1
8841 2
17034 0
2839 2
17036 2
8845 0
654 0
9569 2
8848 0
657 3
17042 2
8852 0
661 1
17046 1
663 2
17049 1
16495 1
8860 1
17053 2
8862 2
8863 3
673 2
674 0
17059 0
17061 2
17062 0
679 0
17064 3
8873 2
8874 3
8875 2
4210 3
17070 3
8881 2
17074 1
17405 2
7388 2
693 2
17078 2
8888 3
17081 0
17083 1
701 2
702 1
17088 0
1660 1
8898 1
17091 0
708 2
17093 1
8902 2
712 2
17097 2
8906 2
17099 2
716 1
15138 0
8910 2
8312 1
8914 2
8916 2
726 2
17111 2
8921 2
730 2
732 1
297 2
17118 2
17119 0
8929 2
17123 2
8932 0
4389 2
742 0
743 0
744 2
8938 2
17131 1
748 2
749 0
750 2
751 3
17136 0
11048 0
17138 1
17139 0
17140 0
757 2
17142 0
17143 1
17144 3
8953 1
1096 1
763 0
764 2
2858 1
766 1
8959 0
8960 0
12416 1
17154 0
771 1
773 2
774 1
8967 1
776 3
17162 0
780 2
8975 2
17168 2
786 0
787 2
788 2
17173 1
790 2
8984 1
8214 1
794 2
17179 1
7937 0
5482 0
17182 1
8991 2
17184 1
17185 0
8995 2
17188 2
8997 0
806 1
17191 0
808 2
17193 2
8327 3
17197 0
814 2
17199 2
816 0
17201 1
820 2
17205 1
2755 0
9015 0
17208 0
17209 1
17211 1
8330 2
4392 1
17216 1
17217 2
17218 1
8331 2
17220 1
9029 0
17225 0
17226 0
17227 1
844 2
9037 2
17231 0
16395 0
17233 2
17234 3
17235 0
17236 3
9045 2
4120 0
17239 1
856 0
858 1
17243 1
17244 0
861 2
862 0
863 0
8336 0
9059 0
17252 2
145 2
9065 2
874 3
17260 2
17262 0
879 2
10535 2
17265 2
882 0
12850 2
17268 1
885 1
17270 1
17271 2
17272 0
17273 2
9082 2
8213 1
17277 1
894 2
149 0
17280 1
11072 1
17282 3
900 1
17285 0
9094 0
9095 2
17288 1
9097 1
17290 2
907 1
17292 1
6978 0
910 1
911 2
17296 3
17297 0
9106 0
9107 0
9108 2
919 0
920 2
9113 0
17306 2
17308 2
9578 1
17310 1
17311 2
17313 2
10945 2
3577 0
933 1
9129 2
17322 2
17323 0
17327 1
9136 2
9138 0
9141 1
9142 0
952 1
850 1
13427 2
17344 0
12448 1
964 3
9157 3
17350 0
17351 1
8250 1
15308 1
15181 1
17360 2
18036 2
17362 2
17364 2
17365 0
17367 1
17368 1
16548 0
988 0
17376 0
9186 2
16550 1
17386 0
9196 0
1006 0
17391 0
1009 1
1010 1
17395 2
17396 2
17397 1
9207 0
9209 1
1018 1
17403 1
17404 1
1021 0
17407 2
9216 0
13824 0
9218 2
16555 3
9221 1
9223 1
1032 1
17417 1
727 2
11095 2
1671 1
9230 0
1040 0
3699 1
17426 2
9236 1
4270 0
17430 2
17431 3
17432 2
17433 1
17434 0
3581 0
1052 0
9246 0
1058 2
14045 0
13830 0
9254 1
177 1
17450 1
154 0
17453 1
9262 2
1071 1
9264 1
9265 1
1075 0
9269 2
9270 2
11682 2
1080 1
16564 1
9274 2
17468 1
17469 0
17470 0
6310 1
1089 3
17474 2
17475 0
17476 0
17477 1
9286 0
9287 0
17480 2
1098 2
183 2
17484 0
1101 1
8220 0
17487 2
9296 3
4280 1
17491 2
9300 1
9301 0
17494 2
17495 1
9304 2
9305 1
2249 1
17499 2
9308 1
9310 0
2917 0
9312 2
17505 0
17506 2
310 2
9316 0
17509 2
9318 0
17937 2
17512 1
1129 0
16950 2
17517 1
12040 0
17520 1
1137 0
17522 0
17524 2
1141 1
17526 0
9336 2
9337 3
17530 1
17532 2
17533 3
1150 2
1151 1
17536 2
1153 0
17538 1
17539 3
17541 1
193 1
17544 2
9355 3
17549 1
1166 2
1168 3
17553 2
17554 2
9364 2
7022 3
1174 2
1561 2
17560 1
1177 2
17562 1
17564 2
1181 3
17566 3
9375 0
17568 0
17793 1
9755 0
1189 2
17574 1
17575 1
17576 1
1564 1
12487 0
17581 1
9390 1
11851 1
1200 0
1201 0
17586 2
15219 0
9397 2
9398 1
17591 1
9400 0
9401 0
9402 2
2413 2
9407 0
1218 2
17603 3
9412 1
14138 1
17606 1
17607 2
1224 1
17609 1
9418 1
1227 0
17612 2
9421 2
18819 0
17616 0
9425 1
9427 2
9428 2
16590 3
15225 1
1240 0
1242 3
12495 2
10407 2
5669 1
17632 1
17633 3
1251 1
17636 1
9446 1
17639 1
17640 1
17641 1
17642 1
1259 1
17644 1
17645 0
9455 1
1264 3
1265 3
17650 1
17651 0
17652 1
9461 2
9462 2
17655 3
9464 0
9465 1
1275 0
17660 2
1277 1
9470 2
1279 0
7040 0
17666 2
9475 1
1284 1
9477 2
9478 2
11137 2
17672 0
1290 1
12503 0
1292 2
9485 1
1294 2
9773 2
17680 0
1299 1
9492 2
1301 2
17686 2
1303 1
17688 0
17689 2
17691 2
17692 3
16602 1
9503 2
1314 1
9507 0
1316 3
17702 2
1319 0
1321 2
1322 2
1324 2
17970 0
9518 2
16605 2
1328 0
1330 0
1331 1
17716 3
17719 1
1337 0
1338 1
17723 1
1340 2
17726 2
17727 1
9536 0
17729 1
9538 0
5686 2
1351 2
17737 2
1354 1
1355 1
17740 3
45 1
2957 0
17744 1
9784 2
1363 2
18558 0
1365 0
14331 2
1370 2
17755 0
17756 0
1375 2
17760 2
1377 2
17762 2
1381 2
1383 2
1385 3
17770 3
1387 1
9580 1
15250 3
1390 2
11155 0
9589 1
9592 1
9594 2
17787 3
9597 2
9598 2
9599 0
9600 1
9601 2
1410 2
17795 1
9604 2
1414 2
17800 2
17801 2
9610 2
9611 2
9612 0
9794 0
1422 2
15776 2
17810 1
17811 1
17813 1
14835 0
9624 1
9625 0
9626 2
1436 1
9629 1
1438 1
1605 0
9632 1
1441 1
17828 3
9637 1
1446 2
9639 2
10141 0
8775 0
17835 2
1452 1
16626 2
7069 0
1456 0
17841 1
17842 2
9651 1
13142 1
17847 1
17849 2
1466 2
17851 1
17852 2
2231 2
9662 2
17855 2
15264 2
9666 1
1475 1
1476 1
9669 2
9673 1
1482 1
9675 1
9676 2
7074 2
9678 3
9805 0
1488 1
9681 2
9683 0
17876 0
9690 2
9691 3
9692 2
9694 0
13689 0
9696 1
9697 3
17893 0
9702 2
17895 0
17896 1
9705 0
9706 1
9707 1
9810 2
1960 1
16638 0
17911 0
17918 0
1538 2
17924 0
1542 2
4353 2
883 1
1545 2
1546 0
13911 2
1548 2
12546 0
17934 2
1551 2
5720 2
17939 0
17940 0
17944 1
17945 2
1562 0
15279 2
17948 2
1567 2
17952 2
9763 1
17956 2
3865 0
17959 2
9768 2
9770 1
16647 0
17964 0
1581 1
17968 0
4360 1
9778 0
9779 0
9780 2
9781 1
9782 2
1591 1
1592 3
17977 2
9786 0
17979 2
1596 2
1597 1
4696 1
9791 2
9792 2
17985 2
9055 0
9795 0
17989 1
1608 1
9801 2
1610 1
17995 2
17996 1
17997 3
1614 1
18001 2
1618 1
1619 2
6667 0
9814 0
3001 2
9817 2
1626 2
18011 2
9820 0
1630 1
1631 1
9828 1
9829 2
18022 1
1639 2
1640 2
1964 2
274 2
9838 1
18032 0
18033 0
14785 2
11217 2
1652 2
9845 1
1655 2
1659 0
9852 0
1661 1
1662 2
1663 2
18048 2
9857 0
1666 2
1667 1
18052 0
9862 1
18055 2
18056 0
9865 3
1674 2
1975 1
1677 0
18062 2
1679 0
9873 2
9875 3
18069 0
18070 0
7694 1
18076 0
1693 2
9886 0
1695 2
1697 0
18082 0
1699 1
9892 0
1703 1
9896 2
9897 1
9899 1
1709 0
16669 0
1712 1
1713 0
9906 2
5747 0
18100 1
1717 2
6067 2
17251 1
1721 2
1722 0
18107 3
9916 1
7114 2
18110 1
18037 1
9920 0
1729 1
8241 2
1734 1
9927 2
9928 1
18121 1
1738 2
8514 1
18126 0
5098 0
1746 2
8483 0
18132 1
18133 2
1750 1
1751 2
9946 2
18139 1
18141 0
1758 3
293 0
18144 2
9953 0
18147 1
18148 0
9958 0
3025 1
9960 0
1769 2
18155 1
18156 1
1773 1
4267 1
18045 0
18161 1
1779 0
9854 1
18166 0
18167 1
1785 2
1786 1
9982 1
18175 1
1792 0
11414 1
18180 0
3030 1
1799 2
1800 0
18186 2
9995 2
1805 3
9998 0
9999 2
10000 0
3032 2
9859 2
8494 0
3033 0
18201 1
10010 0
18203 2
10012 1
3034 2
1823 2
1827 2
10020 3
18214 2
18216 2
18217 0
18218 2
9863 2
1836 1
18221 2
18222 0
10031 2
10032 1
1841 2
10034 1
1843 0
10036 2
3038 1
10038 2
18057 2
18232 2
18233 2
18234 2
10043 1
1852 1
18237 1
10046 2
10047 1
1856 2
3040 2
1858 1
10053 1
18246 2
18247 2
10056 2
18249 3
18250 2
10060 2
6068 2
1872 0
18261 1
1878 0
18264 1
11236 1
18269 2
7141 0
10080 2
1889 2
18274 3
18275 1
18276 0
10086 2
18279 1
10088 1
18282 1
3047 0
18284 1
1902 1
18287 1
1904 2
18290 0
10099 2
1909 0
18294 1
3049 2
10104 1
18297 0
1916 3
1918 2
6065 2
18306 2
1924 2
10117 1
18310 3
10119 1
18312 1
10121 1
18315 3
10124 0
10125 1
1934 0
10127 1
18320 0
1937 1
1939 1
18324 2
542 2
324 1
18330 0
1947 1
9882 1
10142 2
10143 1
10144 0
18337 0
10146 2
10147 3
10149 1
15345 0
18344 2
1961 2
10154 0
16711 0
18348 1
18349 1
5789 0
1970 0
1971 2
1972 0
18078 2
10166 2
16713 0
884 1
18363 1
330 0
18366 2
1987 1
1988 2
4714 1
18374 1
1991 2
1992 2
12620 3
10186 2
18379 1
18380 0
1998 3
10191 3
18384 2
9891 3
10196 1
2006 1
10200 2
10201 1
2010 1
2011 1
18397 1
10207 2
18400 0
18401 1
10210 1
11259 2
18404 2
18409 3
10218 2
10220 0
18413 3
18414 3
10706 1
10225 0
10226 1
18419 1
18420 2
18421 3
18424 1
340 1
18426 1
2043 1
18428 2
10237 0
2047 2
18432 1
18434 3
5803 1
7815 2
342 2
18442 1
9343 2
10253 2
18446 2
18451 0
2072 2
18457 1
2074 1
9903 1
12634 0
18462 3
18463 0
18467 0
2086 0
18471 2
2088 2
10281 2
10282 2
10283 2
2093 0
10286 1
10287 2
10288 1
18482 0
18483 2
14800 2
2101 1
10294 1
2104 3
10298 2
18491 0
18493 2
18496 0
10305 2
10306 1
18499 1
10308 0
10309 3
10311 2
18504 1
18505 2
10314 0
5415 0
10316 2
10317 1
2126 0
10319 3
2128 1
14801 1
10323 3
10324 1
18517 0
10041 2
10329 1
2138 2
10331 0
10332 1
10335 2
10337 2
9915 2
10340 3
16742 1
18534 2
10344 1
10345 2
14908 1
359 3
9619 0
2157 0
2158 1
10351 2
2160 1
16744 2
2162 3
2163 1
10357 1
10358 2
2171 0
10366 2
2175 1
2176 2
10372 1
2181 1
9889 0
2184 3
2185 2
10379 2
10380 1
2189 0
14690 2
18579 2
2196 0
10389 0
2198 1
2199 2
2200 1
2201 2
10394 0
18587 3
346 3
18589 1
2206 0
2207 1
10401 2
18594 2
2211 0
2212 1
2214 1
8561 0
2216 1
11292 0
2218 1
5831 0
18604 2
10413 0
12389 2
10415 2
10416 1
2225 1
10418 1
10420 2
10421 2
10422 2
18615 1
2234 2
18619 2
2236 2
18621 0
2238 2
18623 0
18627 0
8258 0
18629 2
2246 3
2247 1
18632 2
1740 0
18635 1
10444 0
18637 1
2254 2
18640 1
15078 2
2259 1
10453 2
2262 0
18649 0
2266 0
2267 1
10460 1
10461 2
18654 0
10463 2
10464 1
18659 1
14145 2
2278 2
18663 3
18664 0
18665 2
18666 2
10475 1
2284 2
18669 1
10478 2
8573 1
2288 2
18673 0
10483 0
2292 0
10485 1
10486 2
15401 0
10488 2
397 3
18682 1
2303 0
18688 1
10498 2
10499 3
18693 2
18694 2
2311 0
10505 2
2315 2
18703 2
18704 1
18705 2
18706 2
2323 0
2324 2
2325 0
2327 1
18081 2
18714 1
10523 2
18717 2
10530 1
18723 1
2340 3
18725 1
18726 1
2343 1
12626 2
18733 2
18734 2
1757 1
10544 0
2353 1
2356 2
18142 1
15073 1
18743 0
10554 2
10555 0
2364 2
7221 0
2368 1
4716 3
2261 1
10564 2
2373 1
18760 3
2377 0
2380 1
2382 0
10575 1
2385 2
18771 2
2388 2
18773 3
10582 1
18775 1
18776 3
2393 3
2395 0
2398 1
10591 2
400 0
18150 2
18790 0
18791 1
1444 2
10604 3
10605 1
10606 1
10607 1
10609 0
10612 2
10613 1
17190 1
18153 0
10616 1
18809 2
2426 1
11327 2
18813 1
18814 2
4501 0
10624 0
2433 1
9963 0
2436 0
10629 3
10630 2
2440 2
2443 0
2444 1
10638 1
18157 2
10641 1
18834 1
10644 2
18839 2
10648 2
18844 1
10653 1
15737 0
1173 2
2465 1
10658 2
18851 3
10660 2
18853 2
876 3
2472 2
12700 1
2475 1
14066 3
2478 3
10672 2
2483 1
10676 0
18869 0
10678 2
15433 1
2490 2
2491 0
18165 0
10689 3
2498 2
2500 2
10693 2
2503 0
10698 2
10699 1
2510 0
10722 2
2514 1
8611 2
10709 2
18169 1
8612 0
10714 1
1175 2
2525 1
2526 1
2527 1
2528 0
2529 0
2530 0
10724 0
12710 1
2534 1
2542 1
2544 0
10737 3
2546 2
10739 3
10740 1
10741 1
10743 1
2552 1
2553 1
2555 1
2556 1
2558 1
10755 0
10756 3
2565 0
2568 0
8269 0
10767 0
2578 1
10771 1
2580 2
10773 1
10774 1
6782 1
2585 0
2586 1
2587 1
2589 0
2591 0
17817 1
2593 2
2594 2
2595 2
10789 2
10790 0
10791 1
10792 0
10796 2
12089 1
10798 0
14420 2
2608 1
4724 2
9019 1
2615 2
10808 3
10809 1
12635 0
7055 1
10812 1
10814 1
14802 2
2624 2
2625 0
13329 2
2627 2
10822 1
10825 0
2634 2
4535 3
10829 0
10831 2
2640 2
16824 0
10835 0
2645 1
10841 3
5903 2
10845 2
2654 2
2655 2
10849 0
10850 1
2659 1
10852 2
10853 2
10856 2
10857 0
12733 1
10864 2
18111 1
10003 1
10871 2
14028 1
10873 0
6619 2
10878 2
1726 2
10881 2
10884 0
12737 1
15911 3
2702 2
10896 1
10897 3
8643 1
10901 2
9358 1
1817 1
127 1
2714 0
2715 2
10908 0
10913 3
2724 1
10917 1
2728 3
17276 0
2730 1
2731 3
10925 1
2736 0
4552 1
2738 3
16458 2
2772 2
2746 0
18207 2
16842 1
10942 0
2751 0
17004 1
2754 2
12747 2
2756 2
2757 0
2759 2
11383 1
2769 0
18211 1
10391 1
2774 0
2776 0
18212 1
2778 2
2779 2
638 0
10974 3
2788 0
2791 2
2793 0
2794 3
10991 1
2800 2
10993 3
10994 1
8659 0
10996 1
2807 3
16852 1
11002 3
3199 3
1834 0
1835 1
11015 2
11016 0
11017 0
2801 2
2833 0
4379 2
1838 2
18098 2
2840 0
11034 2
11035 0
11037 1
11038 2
11041 2
17695 2
2851 1
11045 2
2854 1
18225 2
2856 2
11050 1
2862 2
12765 2
11056 0
5983 0
11058 2
11059 0
2868 1
18228 2
2874 0
2877 0
2879 2
2880 2
2882 2
2883 0
2884 0
1187 2
11078 2
11080 2
2889 1
11082 2
1847 0
2893 0
11086 1
3213 0
11091 3
11092 3
2903 2
11097 1
2907 2
7189 2
2909 1
11102 3
2911 2
2915 2
11109 2
2919 0
11112 1
2922 1
2924 0
2925 2
11118 0
2927 2
2928 1
2930 0
11126 1
11129 2
2938 2
2939 2
11132 2
2942 2
11135 0
2944 2
13737 2
11139 1
11141 0
11142 1
2951 2
2953 2
2954 2
12919 1
10050 1
9373 3
2963 3
2967 2
11163 1
2973 2
11166 0
2975 1
2979 2
11175 1
11176 1
12920 1
10055 2
2988 0
2992 2
2995 2
18376 2
10440 2
3000 2
11193 0
11194 2
11196 0
11197 3
3007 2
3232 0
9840 0
11208 1
3020 3
15649 3
3023 0
13659 1
16888 1
9648 2
11220 1
11222 0
8697 0
11224 2
11225 0
11226 2
1192 2
17559 2
11229 2
11230 2
11429 0
11232 0
13550 1
3044 2
3238 2
11238 2
11239 2
3048 3
4604 2
3052 1
3057 0
5971 2
11254 2
7337 0
5012 0
12799 0
11434 2
3070 2
3072 0
16896 1
3074 1
3076 2
3078 1
11272 2
11273 3
11277 0
3086 0
5976 3
4740 0
11286 2
3099 0
3100 0
3101 0
3102 2
3103 0
3104 0
3105 1
3107 2
3110 2
11303 0
519 1
12106 2
11312 2
3122 3
3125 0
3126 0
16471 2
3131 0
11326 0
11445 1
18108 0
11334 2
11336 2
11341 1
4621 2
11344 2
11345 1
3154 3
10083 2
11348 1
11349 0
11350 1
10198 0
14180 1
11354 2
11355 3
3165 1
11358 0
11979 0
3171 2
11364 1
18278 1
11368 0
3177 3
3178 1
3179 2
17291 2
3182 3
11379 3
15550 0
3191 2
3192 1
11388 1
4198 0
11391 0
16731 0
11393 2
11395 0
11397 2
11398 2
11457 2
11402 0
16919 1
3212 1
3266 0
3215 2
3216 2
11409 1
3220 1
18286 2
3222 1
11417 2
3226 2
10095 2
11421 2
11423 0
11424 3
3236 0
3237 1
11430 0
3239 0
11432 0
3241 1
3242 3
3243 1
3244 0
11438 2
2563 2
3249 1
3251 0
3253 1
3254 1
3255 1
3257 3
11451 1
18581 2
3261 1
11454 0
3263 2
3264 0
1440 2
11458 2
11467 1
3268 2
11461 1
3270 1
11463 1
3274 1
3275 1
11468 0
16930 2
7522 2
3280 2
11473 1
1473 1
8739 3
11476 0
3285 1
3286 1
1913 2
3288 2
3290 3
13879 2
11484 1
8293 1
3296 0
15104 1
3281 3
10108 1
11499 0
3309 1
11502 2
11504 3
3313 2
3314 3
11508 2
3317 2
3318 0
11511 1
3320 2
11513 3
6930 1
12842 2
11518 2
3327 0
3328 1
11521 1
3330 1
8747 2
3332 1
11525 1
3334 1
18305 0
5021 2
11529 2
11530 1
3287 2
1922 1
5294 2
1576 1
3347 0
3349 2
11544 2
3353 1
3354 2
3357 1
11550 1
18309 1
3361 0
11554 1
11555 1
11558 3
3369 2
1927 3
11565 1
3375 2
2641 1
3380 1
11574 2
1929 0
18135 2
3386 3
11579 2
11581 2
3390 0
3393 1
11586 0
3395 1
11588 1
3397 0
3399 0
3400 0
1477 1
3404 1
3406 1
10479 2
3408 1
17255 0
11604 1
10126 3
18390 0
11612 3
8570 1
3422 1
3423 1
3424 3
11619 1
11620 1
3429 2
18321 2
16956 1
3434 1
3303 1
3436 1
3437 0
3439 0
5422 2
11634 2
670 2
1714 0
11638 2
11639 1
11640 2
11641 2
8767 0
3661 2
6024 2
11649 2
11650 2
12663 2
11653 0
11654 0
11659 2
11663 0
3472 2
11666 2
11668 2
11672 2
11207 3
11674 0
11675 3
3485 1
3487 0
3488 2
3489 3
3490 2
3491 2
11684 2
11685 3
3494 2
3495 2
3499 0
3500 2
3501 1
3502 2
3503 2
3504 2
3508 0
3515 1
11709 1
15605 1
3520 2
3521 2
11716 1
11717 2
5351 0
3527 2
588 1
3531 0
11724 2
16973 0
11732 0
11734 1
11738 1
3548 3
3322 3
11742 0
11743 1
11744 2
18027 2
3557 2
12881 0
10151 3
3564 3
10152 3
7421 0
3568 0
11761 1
17304 2
3572 1
3573 0
11766 0
16980 2
11771 1
11773 2
7424 3
3586 0
11779 0
3588 0
11781 1
10156 1
11786 1
3595 0
1965 2
11793 1
14265 2
3603 2
2626 0
16985 1
11800 2
13772 2
3611 3
3333 1
11808 1
3619 2
3621 2
3622 2
11815 1
11145 2
11821 1
3630 2
16989 1
3633 1
11826 2
11827 0
11828 1
606 0
3638 2
11831 1
11832 1
11833 1
11838 2
1973 0
3648 0
11841 2
11842 0
11844 2
11845 2
3654 0
3655 1
11848 2
11849 0
3658 2
3659 0
11852 1
7097 2
11854 0
3663 0
11856 3
11857 0
3666 0
611 1
11860 1
9026 2
3671 2
3674 2
3677 2
4709 1
3681 1
3682 2
1979 1
11876 1
11877 2
11879 2
11880 1
3690 2
11883 1
11884 2
13000 2
11887 2
3696 0
11891 3
1982 0
617 0
3704 1
17537 0
11900 2
618 1
11902 2
11905 3
3714 3
3715 1
11909 2
11913 1
3722 0
4771 2
3727 2
11920 0
3730 2
3731 1
3732 0
8814 2
3734 2
7449 2
11928 0
3738 1
11931 1
3740 0
3742 2
5853 2
3747 1
11941 2
3750 1
3751 1
7452 2
8900 2
11950 0
7453 1
6088 0
11956 0
3358 0
18377 0
3769 2
11963 2
11968 1
3777 2
3779 1
11974 0
11553 2
16220 2
17015 0
8855 1
3789 0
3791 2
3792 0
3793 0
3667 2
10807 0
18383 2
3805 2
11999 2
3810 2
8827 2
2309 2
3813 0
12006 0
3815 1
2582 2
12011 3
3821 2
3822 3
12925 1
1764 2
12023 1
3832 1
3834 2
12032 2
4736 2
12034 1
13273 1
12037 2
17973 2
15131 1
12043 0
401 2
643 2
3862 2
2009 0
17028 0
14298 1
6107 2
3876 2
12069 1
4651 0
3879 2
3880 0
13153 2
3887 2
3889 2
12082 0
3893 0
3895 0
3897 0
12091 2
9457 2
3901 0
12094 2
3903 2
12097 1
651 0
12100 2
3382 0
12102 0
3912 1
15128 0
11575 0
12108 2
12109 2
12110 2
17037 2
3921 2
6409 1
17038 1
12119 3
12126 2
12127 2
12128 1
8849 2
12136 2
12139 2
1768 1
3950 0
3389 2
12144 1
6951 0
11840 0
12154 0
7487 1
10992 2
3965 2
12159 0
3968 3
3973 1
3974 3
3975 0
9116 1
3978 2
12171 2
12173 0
12174 3
3983 2
3984 1
3985 2
3988 0
10222 2
12182 3
12183 2
12184 2
14211 0
10384 0
12188 2
3997 2
6407 2
4001 1
8810 2
4003 1
6355 3
4006 2
7495 0
12204 0
12206 1
669 2
4016 1
12209 2
4019 1
4020 1
4766 1
6135 2
4024 1
1225 2
4027 0
2037 0
4768 2
4034 2
12229 2
12230 1
1771 1
4043 2
8866 0
12238 3
4050 1
12243 2
12244 2
1226 1
4058 2
4059 3
12252 2
14047 1
4063 2
12257 0
12258 2
12259 2
12260 1
12261 1
12262 2
15697 0
8871 2
12268 2
12270 2
4079 0
12272 2
27 0
12274 0
4087 0
4088 0
4090 1
17066 2
12286 1
4098 1
12291 3
12292 2
4103 2
4106 2
9378 2
12300 2
685 1
4113 1
12306 2
4115 0
12312 0
12314 2
4124 2
4126 0
12319 2
12324 2
12325 0
4134 0
17073 2
3420 2
12330 1
12331 2
4140 0
12333 1
3421 1
14344 0
4148 1
138 2
12344 2
11615 1
12348 1
12349 1
8885 2
4162 0
18443 2
4164 0
12357 3
4169 3
15958 3
4173 2
2061 3
10254 2
12375 1
5322 2
3428 1
4187 3
12380 0
18143 1
7525 3
4192 2
13394 0
12387 2
12388 2
4197 2
12390 2
12391 1
12392 1
12393 1
12394 0
4205 2
12399 2
4208 2
4209 3
12402 1
12403 2
12411 2
12412 2
4221 2
4505 0
3435 3
12421 0
4239 0
12423 2
4232 3
17090 3
4238 0
12431 3
10264 0
7779 2
12436 2
7534 2
2073 2
4248 0
4249 1
12445 2
12446 0
709 1
4256 2
4257 2
10267 0
4806 1
4262 2
12457 2
12459 1
12462 2
10269 0
12464 0
12465 1
12466 1
18801 2
14366 0
12470 2
8905 2
12472 1
4281 0
9417 1
17055 2
12478 0
6176 1
12484 2
12486 2
14369 2
4296 0
4297 0
2777 1
4300 0
4301 1
4302 1
717 0
12496 1
16559 0
2083 2
4308 2
12502 2
13613 0
4314 1
4316 1
12509 2
4318 2
4320 2
11055 2
18470 1
12521 2
2087 2
4332 2
12526 1
4335 2
4336 0
4337 2
12530 1
12532 2
4341 1
4342 2
12536 1
12537 3
12539 2
12541 1
12545 3
4354 2
18475 0
4822 0
4359 2
12552 2
12554 3
4363 2
12559 1
4368 1
4370 1
4371 2
4372 2
15816 2
4374 2
12567 1
14838 1
12571 1
4380 2
12573 0
4383 2
4385 1
12379 1
12581 0
4390 1
4391 2
12584 2
7559 2
419 0
12590 3
12591 1
12594 1
10291 1
12597 1
12599 2
4721 2
4409 1
7239 1
13023 2
4413 3
13024 2
17605 1
12611 2
4421 0
12615 2
12619 1
4428 1
12622 1
4433 1
4434 1
4436 2
12629 2
12630 2
12632 1
4836 0
4442 2
15759 3
12638 2
12640 1
8877 1
4450 1
4451 3
8813 1
17126 2
4458 2
4459 2
4461 0
12654 0
5505 0
4464 2
12657 2
11065 2
12659 0
12662 1
4471 1
12664 1
12665 1
4474 0
4475 0
12668 2
4477 0
4478 2
4480 1
4482 1
4483 0
4484 1
4485 2
4487 2
4490 1
4491 1
9815 2
12686 2
4845 2
4496 1
4497 0
4498 2
8942 1
2116 2
4508 2
12701 3
4511 1
12704 1
4848 1
4514 2
4515 2
4517 1
4518 1
4519 0
4520 0
4525 1
12718 1
4528 2
4529 2
4851 2
4532 1
12725 0
12727 1
12728 2
4537 2
12730 1
12731 0
12732 1
4541 0
4853 0
4545 0
4546 1
12740 0
12742 1
12744 0
4553 2
4855 2
4557 1
12750 2
4559 3
760 1
12757 2
12759 1
17610 2
4569 0
4570 1
12763 2
4573 1
4574 3
4575 2
4580 1
4581 1
12774 1
4584 0
12778 0
1653 2
12782 0
12786 0
4595 1
12790 0
7593 2
12792 1
2132 0
12795 0
12796 0
4605 2
2133 1
4245 2
4609 1
4610 1
12804 1
12805 1
4615 0
12808 3
12811 2
12813 2
4622 2
12815 3
4624 1
10328 2
4626 2
8963 2
4630 0
4632 2
12828 0
4637 1
12832 1
4642 0
4643 1
12836 3
2910 1
12839 0
12840 1
12841 1
4650 2
12843 1
4653 0
6156 0
12847 2
4656 1
12849 0
4658 2
12852 2
12853 2
4662 0
4664 0
10342 2
12861 2
4671 0
4672 2
12865 2
4674 1
4675 1
12868 2
12869 2
4678 1
4679 0
12872 2
12873 1
12874 1
12878 0
4688 1
4689 0
4690 0
15525 2
17887 2
12888 2
4697 1
4698 2
12891 2
4705 1
12898 1
7611 1
2150 2
4710 1
12904 2
12905 3
12906 2
12907 0
12908 0
4717 0
12705 2
12916 1
4726 1
430 0
4728 2
4729 2
4730 1
4733 2
3094 2
12928 1
5886 2
12930 2
12931 0
12932 1
4741 1
4742 1
12935 0
4744 1
4748 1
12941 1
12942 2
4752 1
4753 2
12946 1
4755 1
2886 0
12951 0
12953 2
12954 0
12957 1
12958 0
12960 2
12961 2
12962 0
12963 1
4772 0
4773 2
12966 3
2161 0
4776 2
4777 1
12971 1
12972 2
12975 1
8765 0
12977 2
9088 3
12980 0
12981 1
18163 0
14100 0
12987 1
4796 2
12989 2
4798 0
7997 2
4803 3
18709 3
4805 1
12998 1
4807 1
4808 1
5542 2
3979 1
4813 1
4814 2
15821 1
4816 1
13010 0
13011 0
13013 1
13014 2
15635 1
8996 2
4826 1
4827 1
13020 0
4830 0
4831 1
4832 2
4833 3
13027 0
13028 0
4837 2
13030 2
4839 0
16528 1
13035 1
4844 1
13037 1
13038 1
13040 2
13041 2
13042 2
13043 2
13045 1
13046 0
13047 0
4856 1
15417 2
13051 2
4860 2
13053 0
13054 1
4863 1
13056 0
6272 3
4866 0
4867 0
13060 0
4871 0
4872 2
4875 0
15438 0
4878 0
8073 2
4881 1
13075 2
13076 3
13077 2
8346 1
4887 1
6961 1
10863 0
13084 2
8619 3
4897 2
4898 2
4899 1
13092 1
13093 1
13096 2
8325 2
4906 3
18567 3
13100 1
4909 0
8074 2
4911 2
18568 0
13107 0
13108 0
13110 1
12439 0
13117 0
4926 1
1255 0
4929 0
13122 1
164 0
4932 0
4934 1
13129 2
17207 3
13134 1
13135 2
13136 2
13138 0
4948 2
13141 0
4950 2
825 2
4952 2
13146 0
13147 1
13148 2
13150 3
4959 0
4961 1
4962 0
4963 3
13156 0
13158 1
9362 0
13161 1
15847 1
4979 1
13172 0
4981 2
13174 0
8622 2
4986 2
13119 0
13181 1
4991 1
832 2
3563 1
4997 2
13192 2
5001 2
13195 0
13196 0
5005 3
13199 1
18584 1
13123 2
13204 2
13209 2
13210 2
13213 0
13214 1
5024 2
5025 2
5026 2
440 1
10533 2
5030 2
5032 0
13225 2
5035 2
13229 2
13230 2
5040 0
15859 1
15200 0
18590 0
5046 2
5047 0
5051 3
13245 2
5054 1
13247 2
13249 3
13251 2
14353 0
2209 0
13256 1
17228 0
13259 2
13260 3
14498 2
5072 3
15864 0
13266 1
13267 2
5076 1
9052 1
13271 1
13351 2
12717 1
13275 2
13276 2
5085 1
5086 1
6309 0
13280 1
13281 0
5090 3
13283 2
13285 2
13286 3
5096 1
13290 1
14503 2
5100 2
13293 1
13295 1
18600 2
851 0
13300 2
13301 2
13303 2
3989 2
852 2
13307 1
5116 3
10410 2
5121 2
13314 0
5123 2
13317 0
5126 0
13319 0
13320 2
10412 2
5130 1
5132 2
5137 1
5138 0
13331 2
13332 2
13334 0
5143 1
5144 2
2899 2
5148 2
5150 0
15877 0
5154 2
4536 0
13348 1
13349 0
5158 0
18609 0
13353 0
13355 2
5165 0
9527 1
13360 2
12720 1
9054 0
13366 0
2900 1
2228 0
13371 3
13372 1
5181 0
17019 1
13376 3
5185 0
13378 2
5187 0
13380 2
13381 0
5191 2
13384 2
5194 2
13387 1
5196 2
5197 3
5198 2
5201 1
16540 2
13395 2
13396 0
13397 0
5206 1
13401 2
5210 3
5211 2
5212 1
9448 0
5214 2
10427 1
13414 2
5224 0
13418 1
13419 1
13421 0
5357 1
13428 3
873 1
5241 2
5243 2
4539 1
13438 1
9219 1
13442 2
4971 2
5254 0
5257 0
13453 1
13292 0
5265 2
13458 0
13460 0
5269 0
17263 0
13470 3
5284 0
13477 2
5288 1
5289 0
5293 2
13486 1
10426 1
5297 0
13490 1
9075 2
5301 0
13494 3
18633 0
13496 2
9076 0
5306 1
13499 1
13501 1
13503 2
5314 1
13507 3
5317 0
13510 3
13511 2
13512 1
18636 2
13514 2
5323 2
5109 1
13519 2
13520 2
888 2
1672 3
5336 1
5338 0
5339 1
13532 0
13544 2
15909 0
5345 2
4987 0
7718 2
13543 0
5352 1
892 2
13547 2
7039 1
14546 0
12999 1
13551 2
13552 2
5362 2
9453 3
13557 0
3444 2
5369 2
5372 2
13565 2
5374 1
6357 2
13568 3
13569 2
13572 2
5381 2
5382 0
4993 2
13578 2
13580 2
13581 0
3629 1
13586 0
13588 2
8363 1
13593 1
13594 3
11823 1
13596 2
13600 1
13602 2
13605 2
13607 2
13608 2
13610 1
5419 2
3634 3
5636 0
18079 2
12693 1
13624 1
13626 3
6367 2
5436 3
5437 2
5440 0
2272 0
13634 2
9099 0
5444 2
5445 0
5446 1
5447 0
13640 1
9100 2
10679 2
3639 2
15041 2
7001 0
17293 0
2091 2
13651 0
9102 1
5463 1
1273 2
5469 1
5471 0
13664 0
16785 3
15312 3
13668 3
5478 0
9105 0
13672 2
5481 0
13674 0
5483 1
13676 0
13677 0
13679 2
5488 0
13681 3
5490 1
13685 1
5496 2
5497 2
11839 3
5501 1
5502 1
13695 2
13696 2
13697 2
5506 2
6379 1
5508 2
5513 2
5514 0
5515 1
15938 0
13710 2
5520 0
13713 2
13714 1
13718 2
13720 2
13722 3
13723 2
5532 1
922 2
13727 1
6384 0
5539 1
13732 2
13734 1
5544 3
5545 1
10973 2
2094 1
5548 2
14578 1
13742 2
17309 0
5552 1
5553 2
18675 0
5556 1
9118 2
13750 2
5560 1
5561 2
5562 1
5564 1
13758 0
5567 2
13216 0
13762 1
5571 1
18678 0
5576 1
13769 0
5579 2
5580 1
5581 2
5583 2
14916 0
5586 0
5587 1
13781 1
13782 2
2298 1
5603 0
16404 3
13801 0
5610 2
5615 3
801 2
5619 1
5624 2
13817 1
18687 0
13820 1
5630 2
13823 1
5632 1
13828 1
5637 1
5638 0
5639 2
3461 0
5641 0
13834 2
11863 1
2306 1
5648 1
13841 0
15043 2
13844 3
13845 1
5654 2
13847 0
5657 1
5658 3
11167 1
13282 2
5666 0
2098 2
10502 2
5670 1
13865 2
5674 1
13867 2
13871 1
13872 1
13873 2
5682 3
5685 2
13878 1
5687 2
16829 1
3679 2
13884 2
7009 2
5698 2
10507 2
11873 1
6412 2
13898 3
13900 0
11874 1
17336 2
13906 1
3683 1
5719 1
13912 1
13914 3
13918 1
13919 3
13921 1
13925 0
13927 1
5736 2
956 1
17649 1
5742 1
5743 1
3688 1
14611 1
13941 0
5751 2
18708 2
13946 0
5758 2
10517 1
5761 1
13954 1
5765 2
1711 2
961 1
8379 1
8549 0
13965 0
5375 2
13968 0
5780 1
13974 1
2329 2
5785 2
13978 2
10522 1
5793 1
13990 0
5800 1
13995 2
13997 0
5376 2
13999 1
14001 2
5810 0
5811 2
5812 0
5814 2
14007 1
10832 0
15988 1
5819 1
9741 2
14013 1
5823 2
17442 3
12871 0
3312 0
6433 1
14025 1
5377 2
5840 0
5841 1
14036 1
5845 0
14038 2
5847 0
14042 2
5851 3
3706 2
14046 0
17715 0
14048 1
976 0
5860 2
2342 2
14054 1
5863 2
5865 1
11268 2
468 0
5869 2
14062 3
5871 3
14065 0
5874 2
5875 2
14068 0
3710 0
5879 2
14074 3
15999 1
14078 1
9173 2
14084 1
14085 3
5894 0
14089 1
5901 1
5652 0
14095 2
9176 2
14098 2
5907 2
5908 1
5909 3
14103 1
5913 1
5916 1
803 2
5921 1
5925 2
14118 0
18083 1
5928 2
5929 1
5930 2
14123 1
5932 1
5936 0
14133 2
3721 2
14137 2
4513 0
14139 1
16010 0
14142 3
9184 2
11901 1
14150 1
5089 1
16838 2
5961 2
14157 2
10837 2
14163 0
8704 0
5975 3
14168 1
5978 0
14171 0
2362 2
5982 2
17381 2
5985 2
5987 1
5988 0
5989 2
14186 2
14187 0
11922 1
14190 2
12424 2
9969 2
14194 2
11923 3
11896 1
6005 1
14199 1
1291 0
14201 0
14202 3
6011 2
6012 0
6013 2
14209 0
6018 1
6019 1
14212 2
6022 2
6023 1
14216 2
6025 2
6026 2
11927 0
6028 0
14221 0
14223 2
14224 1
7832 3
14228 0
6044 3
6045 1
14240 1
14241 2
14242 0
6053 1
14246 2
13297 0
14249 0
14251 0
14254 2
14255 0
6064 2
14257 1
14258 2
14259 1
804 3
14261 0
619 2
15205 0
14264 2
6073 2
9204 0
14270 0
1013 2
859 2
14273 1
14274 2
14280 0
14281 2
2096 1
6094 2
14287 1
10155 2
13305 2
6104 2
6106 0
2383 1
6108 2
14302 2
6111 1
14304 0
14305 0
4568 0
14309 0
6119 1
8660 3
14317 0
9213 3
6128 2
6129 2
14322 2
14323 2
204 1
7947 2
14327 2
10580 0
6139 0
6140 2
6142 2
14335 2
14337 1
6146 3
18774 3
9217 2
6152 3
14345 3
6154 2
14348 2
14349 1
17663 1
14352 2
6161 1
14355 2
6164 2
14357 2
14360 1
14363 1
14364 1
6173 0
6174 2
14367 1
14368 2
6177 1
18779 0
1023 2
14374 0
4843 2
14376 2
14378 0
8279 2
14380 0
14382 2
8935 2
206 3
14385 1
14386 2
6196 2
6197 1
14390 0
6753 0
6200 1
6201 2
6203 2
14397 0
6206 2
6207 2
9754 2
14406 2
14408 2
13324 2
13846 2
17665 2
6221 1
14414 2
14415 1
14419 3
6228 2
17057 0
6231 2
14424 1
14425 2
9482 0
16058 0
8934 1
14431 1
14432 3
14433 2
6243 0
14439 2
14442 1
6251 2
14444 2
7869 2
14449 2
6259 0
14458 2
6268 0
6270 2
14463 1
1027 0
14467 1
6276 1
860 3
6282 2
6286 3
14479 0
1048 3
6290 0
14488 3
14489 1
12212 1
5146 0
14494 0
16069 2
6304 1
15993 1
6306 1
14501 0
14502 1
8939 2
14504 2
2606 3
6315 0
14509 2
14510 2
6319 1
14512 1
14514 3
7407 2
6329 0
6330 2
6331 2
6332 2
6333 1
6334 0
12305 1
7883 0
14533 2
14534 1
6349 2
14542 2
14545 3
6354 0
14547 3
14549 2
2121 0
6359 2
5156 0
6363 2
14557 1
315 1
14559 2
14561 3
14562 1
10619 0
14565 1
11985 0
14569 0
1063 2
14572 0
16082 2
6383 1
14576 0
6385 2
6386 1
10851 1
14580 3
2430 2
6480 2
14584 0
6393 2
14586 2
6398 3
10299 2
6403 3
6404 0
7894 2
18817 2
14601 2
6410 3
6411 1
14604 2
6413 1
7896 0
6418 0
6419 2
14612 0
16955 0
6424 0
10628 2
6426 1
9263 1
6429 1
14625 2
14626 1
14627 2
6436 1
6439 2
6442 1
6445 1
6446 2
6448 1
10632 1
5171 1
261 2
6454 0
6456 1
14649 2
14651 2
8377 1
14730 1
6465 0
14658 1
6467 2
6468 1
6472 0
6473 2
14666 2
6475 0
16098 0
14733 1
14672 1
6481 2
14674 2
14675 2
14677 2
14679 0
14680 2
14681 2
14682 2
8945 2
17466 0
6494 0
14128 2
6498 2
18833 0
6506 2
14699 0
14738 3
16104 0
14707 0
9278 1
7913 1
2452 2
6522 2
6523 2
14717 1
6527 1
14720 0
14721 0
14722 2
14724 2
14728 3
4582 2
8936 1
14743 2
5186 0
12013 2
14736 2
14737 2
18767 0
6553 0
14745 3
14749 2
14751 2
6560 0
14753 2
14755 1
9493 1
1094 3
7921 3
8402 2
14761 1
6573 0
6575 2
6576 2
6577 1
14770 1
14772 1
14773 0
4038 0
7924 3
14778 2
14779 2
16117 2
6593 2
6594 3
14787 0
13901 2
14789 2
14791 2
14792 2
14793 1
6603 1
6604 2
14798 2
6608 2
6609 0
11404 1
15223 0
14804 2
14805 2
6616 1
6617 2
14811 2
6621 2
1857 2
14817 2
4463 1
7461 1
6631 2
6634 0
14829 2
14830 2
6640 0
18806 2
1107 1
7934 2
6646 1
6647 2
1108 2
6651 1
14844 2
6653 1
17493 0
6657 1
6658 1
18859 1
6660 0
6662 2
1790 2
14858 2
14859 1
14860 2
18861 2
6673 1
6674 1
14867 0
11237 2
6679 2
6681 3
14876 2
14877 2
14878 2
14880 2
14881 1
1115 1
6692 2
11134 1
6695 3
14888 2
6697 2
7943 2
6702 1
6703 1
6704 1
6705 0
6706 1
14899 1
6708 1
6709 0
14902 2
14904 2
6713 0
6715 2
7043 2
16138 2
6718 2
14913 2
7316 2
6723 1
6724 2
14917 1
1700 2
7589 0
2487 2
14924 1
14925 2
14928 2
6737 1
14930 0
14931 1
6740 1
1861 0
6747 2
12429 0
5953 2
14945 1
6587 1
14949 0
14952 1
14955 2
14957 1
5408 1
14960 2
6770 2
14963 3
14965 0
6774 0
6778 1
14971 0
14972 2
5226 1
14974 1
17411 1
6787 0
6788 1
14981 1
16030 2
14983 2
14985 1
14986 0
6795 2
14988 1
14989 0
6798 1
1133 2
14992 0
6801 1
427 2
6595 0
14996 2
9156 1
6807 2
6808 0
6809 0
6810 1
15004 2
6813 1
6597 1
15008 2
15009 2
15011 0
6820 1
15014 0
17521 2
7865 2
6828 1
16157 2
6600 0
6835 1
6836 1
6838 1
6842 3
4865 1
6845 0
1082 2
6850 1
6851 1
15044 1
6853 0
15046 1
6855 1
15048 2
14796 2
6859 1
6860 1
15053 2
15054 2
15055 2
6867 1
15060 3
10702 2
6871 0
6873 0
15067 2
15068 2
15069 2
15070 2
6879 2
15072 0
6881 2
15074 0
6886 2
6887 1
15080 2
6890 1
15867 2
6892 2
15085 2
15093 3
15094 2
15095 1
8993 0
6907 2
6908 2
15101 1
15102 1
2517 0
6912 2
5248 0
6914 2
15107 1
15109 1
15111 3
6920 2
6922 1
6923 0
15116 2
1154 2
6926 3
15119 0
15120 0
15122 2
15123 1
15124 3
6933 3
6935 0
6936 1
6937 0
6939 2
15132 1
6941 0
6942 1
15135 2
15136 1
15137 3
6946 2
6947 3
15140 0
15141 1
6950 0
15143 2
15144 0
15145 0
6957 1
15151 3
9352 1
6963 2
15156 3
15157 2
6967 2
15160 1
15162 1
15167 2
6977 0
15170 1
6980 1
15175 1
6984 1
15177 2
15179 2
6989 1
12235 0
15184 0
15189 0
6998 2
15191 2
15192 0
15193 1
8830 0
15195 2
7006 2
7848 2
7008 2
17552 1
15202 2
7011 0
10726 2
15206 0
7015 2
7017 1
7018 1
7020 2
15213 0
15214 1
7023 1
7024 2
15217 2
7027 0
7029 0
3811 2
13031 1
17556 2
15228 0
9103 2
15231 0
15232 1
15235 1
7045 2
15238 0
15240 0
15241 2
15243 1
7052 1
15245 2
10467 2
2417 1
7058 3
15251 3
10734 1
7062 0
15258 1
7067 0
7068 1
15261 2
16197 0
7072 0
15265 1
15266 1
7076 1
15269 1
15270 0
1180 1
7082 0
15277 1
15278 3
7087 1
15280 1
15281 2
533 0
15283 0
15284 1
7094 2
16201 1
11693 0
17567 3
15292 1
7101 1
15296 2
7105 1
7685 2
15301 2
15304 2
13959 1
7116 1
17570 2
7120 2
7122 2
15315 2
15316 1
16206 0
15318 2
7129 2
7130 0
15323 2
15324 1
7134 1
5285 2
7136 0
15329 2
7138 0
7139 0
7140 0
15333 2
15334 1
11149 0
15339 3
7153 0
7154 1
15350 0
17577 1
10171 0
14847 0
7164 2
7166 3
12506 1
15368 3
15374 0
7183 0
15376 3
15377 2
7187 0
15381 2
15383 2
14852 1
15386 2
7195 0
7200 1
13278 2
7203 2
7205 1
7206 2
7207 0
7209 2
7214 2
7216 2
7218 3
15411 0
15413 2
7225 0
5088 1
7227 2
7228 1
7229 0
7230 2
1205 1
7235 2
15428 2
15429 2
15430 1
9297 0
7241 1
7242 0
7245 0
7246 2
17972 0
15440 1
17592 3
15442 0
7255 2
15457 2
15461 0
10770 1
5122 2
15473 0
15478 2
7290 1
1215 1
7293 0
15488 3
7298 0
7300 2
15493 2
15496 0
7306 2
7307 0
15500 2
15503 2
15506 1
15508 0
15509 1
15510 2
15513 0
7323 0
17429 0
15517 1
14015 0
3952 2
15522 1
15523 0
5318 0
376 2
15529 0
15530 0
15531 0
7341 0
15534 0
6159 2
15539 0
4195 1
12433 2
15543 1
2427 2
15549 1
7358 0
15552 1
17703 2
7363 0
15556 1
10785 2
9420 1
15562 0
15565 1
7374 3
15568 3
15570 0
14884 2
7386 1
15579 2
15580 2
15582 0
7391 1
15584 2
15588 1
15589 2
15593 0
15594 3
2599 2
7405 2
12157 3
7408 2
2600 2
15602 2
15603 1
7413 1
7415 2
15608 1
17620 0
15610 0
15613 1
7422 0
15615 2
15616 0
15617 2
15620 1
16813 1
15625 1
7434 2
15628 3
7440 2
7441 0
13614 2
14894 2
15638 2
7447 2
5018 1
15641 0
7450 2
10799 1
15644 1
15645 3
15647 1
7457 0
15650 0
1243 2
2450 2
15653 0
15654 2
15656 0
15657 2
7467 2
7472 3
15665 1
6250 2
15670 3
15671 0
15672 1
7481 1
15675 2
15676 0
15677 1
1613 2
5432 0
7488 2
7489 2
7491 2
15684 0
7494 1
15798 1
7497 2
7499 3
15693 0
15694 1
15696 0
6712 2
15701 0
7510 0
15703 1
15704 0
15705 1
15707 1
7516 2
6797 2
15713 2
15714 1
15716 0
17638 0
15721 2
15722 2
9447 1
7532 2
15725 0
15726 1
7535 0
1256 2
7538 3
7543 2
15736 1
7545 1
7547 1
15741 1
12181 1
15746 0
7555 0
7556 0
10817 1
15752 1
7561 2
8968 0
7565 1
15758 2
7567 2
15760 0
15761 2
10819 2
15765 2
7575 2
15769 2
7578 1
7579 1
7580 2
3994 0
15775 0
5708 0
7585 2
16283 0
15781 1
15782 1
7591 3
16707 0
3996 3
7594 3
15787 3
15788 1
1266 0
15790 0
15791 2
15794 1
8237 2
8343 1
7606 0
14921 1
7609 2
15803 0
7615 2
7616 2
7617 1
7618 0
7620 2
7621 0
15814 1
7624 3
7626 2
7627 0
16348 2
16290 0
15825 0
15826 3
16291 2
7637 2
7639 2
15834 1
17167 2
7649 2
15842 0
7651 2
15845 2
10833 2
7658 0
15851 1
15853 1
15854 1
15855 1
7665 0
2643 1
7670 3
15863 2
7672 3
15866 1
13567 3
7677 3
15871 1
15873 0
7682 2
15875 1
15876 0
14934 2
9473 1
15880 1
7689 2
15882 0
15883 0
7693 2
15886 0
15889 1
7699 2
15892 1
15893 0
15895 0
15898 2
7707 2
15900 2
15902 1
17669 2
15904 2
7714 0
7715 0
15908 1
7717 3
15910 1
7719 1
15913 2
17108 0
15915 1
15916 0
2653 3
15818 2
7732 1
7733 3
7737 1
7740 0
17674 2
7742 1
7746 2
7747 2
7751 2
7754 1
2658 2
7758 1
15600 2
15954 1
14947 1
17678 1
7766 1
15959 1
4623 2
4331 1
15962 0
15963 2
7772 1
15966 2
17455 0
8715 0
15969 0
7778 0
15971 2
7780 0
15973 2
7783 0
15979 1
15980 2
7789 2
7791 1
15984 0
7793 3
7794 2
7795 0
7796 3
15989 2
17684 2
7802 0
7807 2
16000 2
6182 0
16005 1
8129 2
16008 0
7817 1
10363 0
7820 2
16015 1
16021 0
16024 1
2671 0
16028 1
7838 2
16325 0
16032 1
7841 3
7843 1
16036 1
16037 1
10865 1
16040 2
16041 1
16043 2
7855 3
15810 0
16049 1
16050 3
10867 1
8281 1
13628 1
16056 1
16057 1
7866 2
16059 0
16060 2
16061 1
7870 3
16064 2
7873 1
16066 1
16331 1
16068 2
14966 0
16071 0
535 0
16073 1
16075 1
7884 2
5410 2
16079 2
16081 2
7890 2
16084 0
16334 1
16086 0
16088 1
7897 2
7898 0
7900 2
7901 0
16630 3
7906 2
7912 0
16105 0
16107 0
7916 2
16109 2
16110 2
7919 0
16112 0
16113 2
16115 2
16116 1
2686 1
16118 1
7927 1
16120 1
16122 1
7931 0
16125 2
16126 0
16127 3
7936 2
16129 1
7940 0
16134 0
16135 2
7946 3
16139 2
16141 1
16143 2
16144 0
7954 0
17710 2
16150 2
16151 1
1715 0
7962 0
7963 2
12250 2
16159 0
7970 1
12251 2
7974 0
7975 2
16168 0
7977 1
6791 2
7986 2
9523 0
16182 1
16183 2
16184 2
16186 2
16189 0
8000 0
8001 1
4325 2
16196 1
8182 2
14671 0
8009 2
16203 0
16204 1
8014 2
16207 0
16209 2
16210 3
8020 2
9112 2
8674 0
8024 0
8028 3
5434 3
8033 3
16226 0
9531 2
16228 3
16229 3
17180 2
18544 0
8042 0
16235 1
8044 1
8046 0
8049 0
6803 1
16244 1
8169 2
15771 0
16251 2
8060 0
8061 0
8179 2
13638 2
12267 0
16261 1
16263 2
16265 1
16266 2
8075 2
8076 2
7634 2
15000 0
16275 0
381 0
16277 2
16279 0
16282 1
13090 2
16284 3
10906 2
16288 1
8098 1
10907 1
16292 0
8101 1
4081 1
2716 1
8108 2
8110 2
16304 2
16307 0
8116 2
8117 2
8119 0
543 2
8121 0
8123 0
16316 1
16317 0
8128 2
16321 0
8130 1
8133 1
16326 2
16327 1
15001 1
545 2
8139 1
16333 1
8142 3
8143 0
6819 3
16337 2
8146 2
16339 0
8148 0
16344 2
10916 2
5727 0
1359 1
8156 1
16349 1
16350 2
16352 0
16356 0
8167 0
16380 0
8170 2
9929 2
8189 2
16369 0
9555 1
16373 1
16374 0
2729 1
16376 2
9556 2
16379 2
8188 2
16381 1
8190 2
5461 2
