8192 2
16386 2
16388 2
16393 2
8347 3
16398 0
16 0
13094 3
8212 0
21 0
8214 1
27 0
8220 0
17754 2
8226 2
8227 2
8228 2
16422 2
41 0
16429 2
16430 2
16433 2
16434 2
1911 0
52 1
16437 1
16438 3
16440 2
8250 1
1375 2
16445 2
62 2
66 1
16451 0
16452 1
69 1
16455 2
72 1
16457 2
8266 2
16459 2
16460 2
16461 2
8270 0
16464 1
16468 2
8277 2
8278 2
88 2
11187 0
16478 1
16481 1
16482 0
16484 1
16485 0
8294 2
8295 2
8296 2
105 0
8298 0
16491 3
4114 1
8303 2
8305 0
8309 2
16502 0
17769 0
16404 3
122 3
16507 1
16509 1
16511 0
8320 0
8321 3
8322 2
16515 2
16516 1
16406 0
16520 2
8330 2
139 3
16524 1
15042 2
16527 2
144 2
145 2
147 0
148 1
7475 0
150 2
8343 1
8344 1
17463 1
16539 0
16540 2
6853 0
16544 3
161 0
16546 0
8219 2
166 1
16551 2
170 0
173 2
175 3
8368 1
177 1
8371 2
180 3
183 2
8376 3
185 2
8379 1
190 3
8383 2
195 2
16580 0
197 2
16583 2
200 0
8393 2
202 2
206 3
16591 2
3699 1
16594 2
8403 3
16597 0
214 0
8407 2
16602 1
219 0
8412 1
9009 2
8415 1
16608 0
8418 2
8419 0
16612 1
16613 2
16614 0
16615 0
16618 2
16619 0
8430 2
16623 3
16625 0
8434 0
16628 0
8437 3
16630 3
8439 2
248 1
8441 2
250 1
251 1
16638 0
8447 0
256 1
16643 2
261 2
16646 1
263 2
264 0
266 2
8459 2
8462 0
271 2
11193 0
274 2
276 3
280 3
8473 2
16666 1
18278 1
284 1
285 1
286 1
16672 0
289 2
8483 0
292 0
220 2
8486 2
16679 1
8488 2
297 2
16683 2
16684 2
8494 0
8495 2
8496 2
1416 3
16691 2
2782 1
16694 1
17801 2
8506 1
16700 2
16701 2
319 2
320 3
16706 1
8517 1
16712 0
329 1
330 0
332 2
334 3
16719 2
8531 1
340 1
8533 3
16726 0
16728 1
1423 2
16732 1
16734 1
351 0
16736 0
16737 2
16443 2
16740 0
16741 2
8468 0
359 3
16744 2
16747 3
8558 2
367 0
13924 0
8563 2
8564 2
16446 0
376 2
378 3
16765 2
383 0
387 0
16774 1
391 3
15084 3
394 2
8588 1
8258 0
1377 2
401 2
8594 1
16791 2
16792 0
16793 3
410 2
416 0
16801 0
8610 1
8612 0
8613 2
2259 1
423 2
16808 1
14 0
8619 3
428 2
8621 0
16814 2
16456 2
15091 1
437 2
438 0
73 2
8632 2
16825 1
442 1
16827 2
444 2
74 0
446 2
16832 0
16836 1
453 1
454 2
455 1
456 1
16841 2
459 0
8654 0
8655 2
464 2
8658 0
16851 2
16853 0
16854 2
16856 2
8666 2
16859 3
476 2
16862 1
1445 2
16865 0
16866 1
483 2
9638 3
486 2
488 2
16874 0
16878 0
8687 2
8690 1
500 2
501 1
16886 2
8695 3
505 3
3713 2
509 3
16896 1
8705 0
8711 0
520 3
16905 1
8714 1
524 2
526 0
16911 0
16912 3
8723 1
8724 1
533 0
534 2
16919 1
538 0
8732 1
542 2
6917 2
16928 2
16929 2
16930 2
8739 3
8740 2
8741 0
16934 1
16937 2
8746 2
8747 2
8748 3
8752 2
9660 2
562 3
563 2
8756 2
566 3
567 2
16953 1
8762 1
8763 0
573 1
574 0
8769 1
8771 3
581 1
583 1
8777 0
586 3
587 1
588 1
8781 3
16975 1
16977 0
16978 2
595 1
16980 2
16982 0
1465 2
100 2
16986 0
8796 0
1466 2
606 0
8799 2
16994 2
17851 1
8804 1
8805 2
614 2
8807 2
8808 0
1468 2
8810 2
619 2
8812 2
8814 2
8815 2
17008 2
8818 1
6931 2
17012 3
629 1
8822 2
17016 0
8825 1
17479 0
13759 0
17021 0
17022 0
641 0
8834 2
17027 2
644 1
17030 1
8841 2
651 0
8845 0
654 0
17041 1
17042 2
12934 0
8852 0
17046 1
15129 1
664 0
17049 1
17050 1
16495 1
17052 2
8862 2
17055 2
672 0
673 2
674 0
675 0
8868 2
17062 0
8873 2
17067 1
8880 0
8881 2
8884 2
17077 3
17078 2
9770 1
17082 1
700 2
16501 1
8898 1
17093 1
8902 2
8904 1
8906 2
17099 2
8912 3
8913 1
2851 1
726 2
16505 0
728 3
8921 2
730 2
2752 0
17118 2
737 2
738 2
741 2
8934 1
8935 2
8936 1
8358 0
2855 2
749 0
750 2
8944 1
8945 2
754 2
13753 1
17140 0
8952 2
8953 1
8955 1
764 2
17151 2
17152 1
17153 0
17154 0
8963 2
5590 3
774 1
8967 1
17161 2
780 2
8974 2
17167 2
17168 2
786 0
787 2
788 2
17173 1
790 2
17175 3
8984 1
132 2
794 2
17180 2
17181 2
17182 1
133 2
8992 3
802 1
17188 2
17191 0
808 2
810 0
17197 0
12575 0
17201 1
9011 2
820 2
17205 1
825 2
9019 1
16522 1
832 2
9025 2
8331 2
17220 1
9029 0
17224 3
17225 0
17227 1
844 2
9037 2
9040 1
849 2
851 0
852 2
17237 2
854 0
17239 1
856 0
859 2
17244 0
861 2
862 0
9055 0
16528 1
9058 3
17251 1
8337 0
9065 2
9067 2
17260 2
17262 0
879 2
880 0
17265 2
9075 2
17268 1
17271 2
888 2
889 0
9082 2
17275 0
892 2
17277 1
894 2
896 0
18173 2
9090 1
900 1
9093 1
9094 0
903 0
17291 2
17292 1
910 1
911 2
912 3
17297 0
7941 0
9305 1
17303 0
921 2
17306 2
923 1
17308 2
9117 2
17310 1
17311 2
17313 2
930 0
9123 2
9124 1
933 1
17321 2
9132 2
9136 2
15176 1
9138 0
17331 1
9141 1
952 1
953 2
961 1
9155 2
9156 1
9158 3
1396 2
9165 3
2893 0
9173 2
9177 1
9184 2
17378 3
17379 2
17381 2
9196 0
17391 0
9201 0
1010 1
17395 2
9204 0
17397 1
17399 2
9209 1
5631 0
17404 1
1023 2
9216 0
9218 2
17411 1
1028 1
9221 1
1035 2
9230 0
16557 2
1040 0
17426 2
4270 0
17430 2
17431 3
17433 1
8367 0
17437 0
1054 2
1056 0
9249 0
1058 2
17446 1
9256 1
17450 1
18039 1
9310 0
9262 2
17455 0
9265 1
9583 2
12173 0
9270 2
9271 0
1080 1
9274 2
9275 2
1084 0
17472 0
7008 2
17474 2
17476 0
17477 1
9287 0
17480 2
13836 2
9292 1
1101 1
14494 0
9296 3
9297 0
1107 1
17492 1
9302 2
17495 1
9304 2
17497 3
9307 2
9308 1
1118 2
15205 0
9312 2
17506 2
187 1
9317 0
9318 0
17512 1
9323 0
17516 2
5650 0
9326 0
1137 0
1138 2
17523 2
9332 2
1142 3
7017 1
1556 1
191 0
17532 2
17533 3
1150 2
9343 2
17538 1
17539 3
1156 3
17541 1
17543 0
17544 2
9353 0
1027 0
17548 1
9357 1
1166 2
17552 1
17553 2
17554 2
9364 2
1174 2
9367 0
1177 2
1178 0
1180 1
17565 0
2928 1
1186 0
1187 2
9314 0
17574 1
9384 3
17577 1
9386 2
17581 1
9392 0
9397 2
17590 2
17592 3
17595 2
9404 0
10319 3
7029 0
17600 1
1217 2
9411 2
9412 1
1221 2
17606 1
17607 2
1224 1
9418 1
9420 1
9421 2
3587 1
9425 1
17499 2
9427 2
17620 0
16590 3
1245 0
1246 3
17632 1
8400 0
1250 0
9443 2
17636 1
9446 1
17640 1
17641 1
9450 3
9453 3
9454 2
17500 2
17649 1
17650 1
9459 2
9461 2
9462 2
17657 0
9467 2
17660 2
1277 1
17662 2
9473 1
1282 0
1283 2
9476 2
17669 2
17670 0
9481 2
17674 2
12503 0
9486 3
1296 3
9491 0
9492 2
1301 2
6828 1
316 0
1304 2
17689 2
17690 1
17691 2
17693 3
17695 2
1314 1
1321 2
1323 0
1324 2
9517 3
17710 2
1331 1
9527 1
7955 2
1337 0
1338 1
9531 2
1340 2
17725 0
17726 2
17727 1
9536 0
12512 1
1349 0
9543 2
17737 2
1354 1
1355 1
17740 3
1357 2
1363 2
9556 2
17753 0
1370 2
7055 1
1372 1
17759 1
9569 2
6047 2
1381 2
1383 2
9788 0
9578 1
1387 1
9580 1
1597 1
1395 1
9588 2
9590 2
9592 1
17785 0
17786 2
17787 3
9596 0
9597 2
1408 0
2229 2
1410 2
9605 1
1601 1
17800 2
12595 2
9611 2
1420 0
9615 2
1425 2
17987 0
9623 2
4335 2
1436 1
1437 3
17233 2
17989 1
1440 2
1441 1
1442 2
15259 0
1444 2
9637 1
1446 2
9639 2
9640 2
16626 2
9646 1
15261 2
9648 2
1608 1
17843 2
1460 3
9653 1
13897 0
1464 2
17849 2
17850 1
9659 1
17852 2
14779 2
9662 2
3595 0
1473 1
17858 0
9669 2
9673 1
1482 1
247 2
9676 2
1486 0
9805 0
1488 1
1489 1
11171 2
249 2
9691 3
17887 2
9697 3
15053 2
17893 0
9702 2
17895 0
1311 1
6597 1
9707 1
9810 2
9719 1
9720 1
9722 2
10212 0
9724 1
17918 0
12544 0
1538 2
17924 0
1542 2
1543 1
1544 1
1545 2
9815 2
1548 2
17935 1
17937 2
17940 0
1558 3
17945 2
9754 2
1563 3
17948 2
8453 3
15280 1
17956 2
9820 0
17962 1
9771 1
17964 0
9773 2
9774 2
1583 2
17971 2
17973 2
1591 1
17977 2
17978 0
17979 2
1596 2
4362 0
18014 3
1599 0
9792 2
17985 2
1603 2
1605 0
1606 1
17992 2
9801 2
1611 3
9826 2
9601 2
18001 2
1618 1
9811 0
9812 0
12558 0
1622 2
15289 3
9817 2
4367 3
18012 3
1630 1
18015 2
1634 2
9828 1
9829 2
9830 2
1640 2
3004 0
18028 1
1645 0
1646 0
10421 2
18032 0
9832 0
9843 0
1653 2
1655 2
9849 0
1658 3
1659 0
9852 0
1661 1
9854 1
8849 2
18050 3
18052 0
18053 2
1671 1
1672 3
18057 2
1674 2
1677 0
18062 2
9837 3
10213 2
18068 1
9839 0
18076 0
1694 2
1695 2
1696 2
1697 0
18082 0
1699 1
1703 1
9897 1
9899 1
3254 1
1711 2
18096 2
9906 2
9907 2
1716 1
1717 2
9910 0
1719 2
9914 3
18107 3
18110 1
18112 3
8480 1
9922 1
1732 2
8241 2
9927 2
18121 1
1738 2
18123 2
6059 1
18126 0
9936 1
1746 2
1748 0
18133 2
18134 2
1657 2
8484 3
1755 1
1756 0
1757 1
1758 3
18144 2
18147 1
1764 2
18155 1
18156 1
18157 2
1774 1
18161 1
18163 0
1662 2
18166 0
18167 1
9981 2
1790 2
1791 3
1793 0
1795 0
9857 0
1800 0
18186 2
9995 2
9998 0
18191 2
18194 3
10003 1
18197 0
1814 0
10009 0
18203 2
3034 2
18207 2
18210 0
10020 3
18213 2
18214 2
18216 2
18218 2
18219 0
1836 1
18221 2
1839 2
10032 1
18225 2
10034 1
10035 2
18228 2
10037 2
18230 0
1847 0
18232 2
1849 0
1850 2
1852 1
10047 1
1856 2
1858 1
8502 1
10054 1
18247 2
18250 2
1869 0
18254 2
18261 1
1878 0
9337 3
18264 1
1882 0
10077 1
7141 0
10080 2
18274 3
18275 1
10084 1
1893 1
1894 2
10087 3
10088 1
1897 3
11239 2
18284 1
1902 1
18287 1
3048 3
10099 2
10100 2
1909 0
18294 1
3049 2
10104 1
10105 0
10109 0
1918 2
1920 2
18306 2
1924 2
1926 3
1927 3
18312 1
1929 0
10125 1
18319 0
18320 0
1937 1
1938 3
18324 2
10133 1
1944 0
1945 2
1949 2
10146 2
15068 2
1961 2
10154 0
1964 2
18353 0
1970 0
9886 0
18358 3
18360 2
10169 2
18362 3
9887 3
1980 0
18366 2
1983 2
10184 0
8524 2
10190 0
18383 2
18384 2
13987 2
10196 1
17515 3
2008 2
10201 1
18394 2
2011 1
2016 0
18401 1
2020 3
13990 0
2024 2
2025 1
10220 0
4434 1
2032 0
18419 1
18420 2
7166 3
18426 1
2043 1
16725 1
18434 3
18435 1
10244 3
342 2
18439 2
18442 1
18443 2
2061 3
18446 2
10256 0
8536 1
16926 2
10260 1
10261 2
18455 2
2072 2
3076 2
2075 0
2077 2
10270 3
1712 1
8539 1
10281 2
2091 2
2093 0
18479 0
10288 1
2098 2
18483 2
14800 2
10295 0
10299 2
2108 3
18494 1
18496 0
2116 2
10309 3
10311 2
18504 1
2121 0
10315 0
18511 3
2128 1
2132 0
17529 1
2136 0
18521 0
2138 2
10332 1
18525 0
10335 2
10337 2
396 1
10340 3
18533 2
18534 2
18535 1
2152 2
18538 2
16743 2
10349 1
18544 0
18545 2
2164 2
1726 2
10358 2
10361 0
10363 0
10366 2
2176 2
9920 0
8555 2
18567 3
2185 2
10379 2
10380 1
2189 0
18574 2
18575 3
10384 0
10386 1
2196 0
2198 1
2199 2
18584 1
2201 2
18589 1
13599 0
2207 1
10401 2
18594 2
10404 2
18598 2
12657 2
18600 2
18601 0
2218 1
18604 2
10413 0
2222 2
2223 2
18609 0
8803 0
18612 1
18613 3
18614 2
10423 0
2234 2
2236 2
18621 0
10430 0
18629 2
18632 2
10441 2
2251 2
18636 2
2254 2
10448 3
18641 2
2258 2
11299 1
2260 2
18541 0
18649 0
10462 0
2272 0
18659 1
2276 0
2278 2
2280 1
18665 2
18666 2
10475 1
2285 2
8573 1
2288 2
2289 1
10483 0
2292 0
10485 1
10486 2
10487 0
2297 2
18682 1
2299 2
18686 1
4480 1
10498 2
4707 2
2309 2
10502 2
2311 0
18697 1
9999 2
2315 2
8806 0
10510 0
18704 1
18706 2
2324 2
10517 1
2327 1
2329 2
9352 1
10523 2
2333 2
18719 0
18723 1
18724 0
18725 1
2342 2
2343 1
10537 2
8601 2
10543 2
18737 2
2356 2
18142 1
2358 1
2360 2
18746 2
18747 1
2364 2
2368 1
18753 0
17419 1
2371 2
2376 3
2377 0
2380 1
2385 2
18771 2
18772 1
18773 3
2391 0
18148 0
18778 0
10589 2
2399 1
18784 1
10595 2
2406 1
8809 0
18792 2
15420 0
10602 2
2412 0
18797 2
10606 1
10607 1
10609 0
10611 0
3081 2
2424 3
18809 2
2426 1
2427 2
18812 2
10621 2
18814 2
10624 0
9963 0
10628 2
2437 1
10632 1
8599 0
4173 2
10640 3
2449 2
2450 2
2452 2
2453 0
18839 2
10648 2
2460 0
15429 2
10658 2
10660 2
2472 2
10665 0
2475 1
2476 0
18861 2
16995 1
1992 2
18869 0
10678 2
10679 2
10681 0
2490 2
2491 0
18165 0
71 1
2500 2
2501 1
10697 0
16723 3
10700 2
10702 2
2513 1
10089 2
2517 0
10712 2
420 1
10714 1
2524 1
2527 1
2528 0
10724 0
2534 1
357 0
16807 1
3154 3
2542 1
10735 3
10736 0
424 0
2546 2
9982 1
10742 2
10743 1
10744 3
2553 1
2555 1
2556 1
10750 2
11349 0
10752 2
2563 2
2565 0
2574 0
2575 0
2576 0
10769 0
10771 1
2580 2
10773 1
10774 1
2586 1
10779 3
10780 0
2589 0
2591 0
2592 1
10785 2
2595 2
14086 1
2599 2
15279 2
10796 2
2605 0
10798 0
10800 0
10802 0
2613 1
2615 2
10809 1
10811 2
10812 1
10814 1
16821 1
10816 0
10817 1
10818 0
2627 2
10820 3
10822 1
2631 1
10824 0
10825 0
4535 3
10828 1
10831 2
2640 2
2641 1
10835 0
18190 1
2646 2
2648 3
2650 1
10843 1
10846 2
2655 2
5904 2
10851 1
10852 2
10853 2
10856 2
4540 1
2666 0
10865 1
10868 0
2677 2
10870 2
10871 2
10873 0
6619 2
10878 2
11371 2
10887 2
10893 1
2703 0
10896 1
10897 3
10898 0
10900 1
10901 2
1817 1
10904 3
10906 2
2715 2
4549 0
10913 3
2722 1
10915 2
2732 0
7282 2
1821 1
2738 3
3187 2
2742 2
10935 0
2747 2
2748 3
2751 0
13185 1
10945 2
2754 2
2756 2
2758 2
10953 0
11383 1
2764 3
2766 0
2771 0
2772 2
2778 2
10973 2
10974 3
2788 0
10981 0
10982 0
2791 2
2792 2
2794 3
10991 1
2801 2
2804 2
2807 3
11002 3
11004 2
10026 2
12757 2
2817 0
11011 0
11012 2
11015 2
11016 0
1819 0
6368 2
1837 2
17825 1
2835 2
2839 2
2840 0
2004 0
2846 2
13461 0
18224 0
17280 1
12763 2
2852 1
11045 2
2854 1
13734 1
2856 2
2857 1
2858 1
11051 3
7733 3
11056 0
11061 0
11065 2
11070 0
2880 2
2882 2
2884 0
2885 2
11078 2
2892 2
8674 0
10040 3
8675 2
2900 1
2901 0
5945 2
2909 1
2914 1
11107 1
2916 3
2917 0
2922 1
2923 1
11120 0
2929 0
11122 0
2933 0
2934 0
11128 2
2938 2
2939 2
11132 2
11135 0
2944 2
10048 2
8827 2
11141 0
2951 2
11144 1
11146 3
2955 0
11148 2
10464 1
15513 0
2973 2
2975 1
2979 2
11173 1
2983 2
2984 2
4594 1
3100 0
11183 2
2992 2
2994 1
2995 2
3000 2
3001 2
11194 2
3003 1
11196 0
3006 0
11201 0
3011 2
502 2
3014 0
3016 1
13659 1
11218 1
11220 1
11222 0
8697 0
11226 2
11429 0
3040 2
11236 1
3047 0
11240 3
11241 3
3239 0
3052 1
11245 3
3056 2
11433 2
11259 2
3070 2
3072 0
512 1
3074 1
11268 2
11273 3
10071 1
11277 0
3086 0
11292 0
14170 1
3102 2
11295 2
3104 0
3105 1
3107 2
15078 2
3110 2
11307 2
3116 0
11309 0
9186 2
3119 2
3122 3
11315 0
9549 2
3129 3
11327 2
16824 0
11330 1
15653 0
11334 2
11335 2
16908 1
11340 2
12813 2
11346 2
10083 2
15242 0
11351 0
11364 1
11365 1
11366 0
11367 0
11368 0
18279 1
3183 2
1979 1
3185 0
11379 3
11382 2
3191 2
3193 1
9108 2
3198 0
10745 0
11397 2
11398 2
535 0
3213 0
11406 3
3215 2
11408 2
11411 2
11413 3
3222 1
11417 2
10473 0
11420 0
8730 2
3232 0
11425 2
11426 3
3236 0
3237 1
11430 0
11431 2
3240 2
3241 1
11435 2
3244 0
3246 2
4637 1
3253 1
11446 1
381 0
11450 2
11451 1
3260 0
3261 1
3262 1
3263 2
11457 2
11458 2
3382 0
3268 2
11461 1
11463 1
11465 3
3274 1
3275 1
11468 0
3280 2
547 1
11478 3
11479 3
3288 2
11484 1
11487 0
3296 0
9657 0
11492 2
3303 1
11497 0
11499 0
11504 3
3313 2
3315 2
11508 2
3318 0
16938 0
11518 2
3330 1
14538 2
3334 1
11528 1
11530 1
3287 2
11532 2
3342 1
10477 2
3348 2
3349 2
6020 1
3354 2
3355 1
3358 0
3359 3
11553 2
11554 1
16206 0
3368 1
16946 2
3375 2
3376 2
11570 3
3380 1
11573 2
11574 2
4660 2
3386 3
3387 1
3389 2
16513 1
3393 1
11586 0
3395 1
3396 0
3399 0
11592 0
3406 1
14221 0
1750 1
8761 1
3419 2
11614 1
3424 3
3425 2
11620 1
11621 0
11622 0
10129 2
3432 1
11626 0
3436 1
11629 0
3441 1
11636 1
1714 0
11638 2
3305 1
3449 2
11648 1
11649 2
11650 2
3461 0
11662 2
3471 2
3472 2
3473 0
3478 2
11671 0
3480 2
3481 3
11678 0
3487 0
3489 3
3490 2
3491 2
14320 2
3495 2
8775 0
3500 2
18354 0
3502 2
3503 2
11696 2
3508 0
7209 2
13756 2
296 0
3520 2
11713 2
11716 1
3526 2
3527 2
3531 0
11724 2
11732 0
11733 3
3543 0
7483 0
11738 1
11739 1
11742 0
11744 2
11745 2
11748 0
3557 2
3564 3
11757 3
7421 0
11761 1
8787 2
15614 0
11766 0
3576 0
596 1
12667 0
11773 2
3585 2
11779 0
15617 2
665 1
599 0
11791 3
3602 0
11795 3
3606 3
16985 1
11800 2
3611 3
11806 2
11808 1
16760 0
3619 2
3621 2
666 0
11815 1
14355 2
3629 1
3630 2
3634 3
3638 2
11831 1
11833 1
11836 0
11838 2
3648 0
11841 2
3650 2
11844 2
3654 0
3655 1
11849 0
3658 2
11851 1
8802 1
11854 0
3668 0
11857 0
3666 0
3667 2
17755 0
3669 0
3670 0
6073 2
3674 2
12901 2
15632 2
11874 1
18363 1
3684 3
11877 2
11878 1
11880 1
3689 1
11882 3
11884 2
11887 2
11891 3
3702 2
3703 2
3706 2
11900 2
3709 2
11902 2
11905 3
11907 2
9681 2
3717 2
3720 1
11913 1
3725 3
3727 2
3730 2
3734 2
7449 2
12911 1
11934 0
17037 2
3745 2
11941 2
3752 3
18376 2
3763 2
11963 2
3775 2
3777 2
3778 0
3779 1
17014 1
3782 2
3361 0
11976 0
11979 0
3789 0
3791 2
3792 0
4728 2
11988 0
12921 2
3801 3
11999 2
3808 2
11038 2
3811 2
3814 1
17756 0
3820 1
12013 2
9129 2
12019 0
8830 0
3833 0
3834 2
8311 0
5481 0
12037 2
12040 0
80 1
3855 0
10200 2
8835 1
18132 1
13610 1
3862 2
12055 2
3865 0
12058 2
2010 1
12933 0
12065 0
3876 2
12069 1
3879 2
12076 2
3885 2
3887 2
14314 2
12083 2
3893 0
3895 0
15668 1
3901 0
12095 0
12097 1
7495 0
12100 2
12101 1
12107 0
12108 2
12109 2
12110 2
653 2
9405 2
12117 0
18404 2
3930 0
12127 2
11579 2
657 3
12136 2
12138 1
12139 2
658 0
3950 0
12152 1
12153 1
12154 0
3965 2
299 1
3968 3
3970 3
3971 1
3972 0
15681 1
3394 2
3983 2
3985 2
3989 2
11044 1
12184 2
3994 0
8858 2
3999 0
4001 1
4003 1
4006 2
6129 2
12202 2
4011 2
12206 1
12210 2
4019 1
12958 0
4024 1
12218 2
4029 2
4030 1
18421 3
4033 2
12227 0
4037 3
14327 2
12240 1
4050 1
12243 2
12248 2
4058 2
12251 2
12252 2
12253 0
12255 1
4064 3
4065 1
12258 2
12259 2
12260 1
12261 1
4070 3
4074 1
8319 0
4076 3
4078 1
12271 0
12272 2
12274 0
15699 1
12276 3
12277 0
12278 1
4087 0
4088 0
15139 2
10239 2
12284 0
12285 0
4097 0
8875 2
12292 2
4101 3
11607 2
12300 2
4109 2
12306 2
4116 0
4118 2
12313 2
12314 2
4124 2
14321 2
4126 0
18141 0
12323 3
12324 2
12325 0
2047 2
15708 2
12330 1
14343 2
4140 0
4141 0
4142 0
3422 1
12342 2
4151 2
12344 2
12346 0
12348 1
14346 1
4164 0
12361 2
15714 1
12366 2
4176 3
4177 2
4181 0
12375 1
4184 2
12377 2
4187 3
4191 2
4196 3
4197 2
12391 1
4200 3
4201 2
4202 1
4203 1
4206 3
12403 2
4212 0
12990 3
15721 2
12408 0
4217 3
12410 2
4220 2
4221 2
12414 2
4225 2
12420 2
12423 2
12424 2
7532 2
12426 0
12428 3
12429 0
4239 0
12433 2
4245 2
2073 2
4249 1
4250 1
6961 1
12446 0
4256 2
18459 2
11053 2
4262 2
12455 3
6172 0
12459 1
12462 2
12464 0
12466 1
4276 2
12470 2
1779 0
4280 1
4281 0
714 1
12478 0
12487 0
4296 0
4298 0
4300 0
4302 1
12495 2
12496 1
4308 2
4309 2
12502 2
11641 2
6963 2
13007 1
12509 2
4318 2
4319 0
4320 2
12513 2
12514 0
4323 2
4325 2
4326 0
12521 2
4331 1
4332 2
7549 2
4337 2
12531 0
4342 2
4344 3
10940 2
12539 2
4352 3
4354 2
2899 2
4359 2
12554 3
4364 2
4365 2
4366 3
12559 1
12562 3
12563 2
4374 2
10784 0
4379 2
4380 2
12573 0
4383 2
4389 2
12584 2
12585 0
4396 0
10290 0
12592 2
10291 1
10292 3
4410 0
4411 3
6197 1
4832 2
4421 0
4422 2
4427 1
12620 3
4429 3
4433 1
12626 2
13027 0
4436 2
4438 3
12634 0
7567 2
12636 0
4446 3
12640 1
4450 1
12643 1
4838 0
12649 1
12652 2
4462 2
12656 0
744 2
4466 2
4467 0
10302 0
12662 1
4471 1
15764 0
4475 0
12671 0
12672 3
2112 2
4483 0
12681 0
12686 2
17133 0
4497 0
4498 2
12691 0
4501 0
12695 3
4505 0
12698 2
12700 1
4510 1
4511 1
4514 2
4515 2
4517 1
4518 1
12711 2
12712 3
12713 2
12716 1
12717 1
4528 2
4529 2
4532 1
4533 0
12727 1
4536 0
4537 2
12730 1
2606 3
12732 1
12734 0
12737 1
12741 1
12742 1
4557 1
18675 0
12754 2
12960 2
4565 1
17145 1
4571 0
4572 0
12765 2
4574 3
12767 3
4579 3
4580 1
4581 1
12774 1
12778 0
4589 2
12782 0
12786 0
4595 1
12788 2
4597 0
12790 0
12792 1
10324 1
12794 3
8959 0
4605 2
12799 0
10519 0
4609 1
4610 1
12804 1
4615 0
4621 2
4622 2
4626 2
4627 3
17612 2
4631 0
4632 2
4633 2
12828 0
427 2
12832 1
3504 2
4643 1
4645 0
4647 0
4648 1
18524 1
17159 3
4653 0
4656 1
12849 0
4658 2
12852 2
12853 2
12857 0
12858 0
4667 2
12861 2
12862 2
4671 0
4672 2
4674 1
12868 2
12870 1
14433 2
12872 2
12874 1
4683 0
4685 0
13795 1
4688 1
12882 2
12884 1
4696 1
4697 1
10522 1
4699 1
4702 0
4705 1
3515 1
4709 1
12905 3
12906 2
12908 0
4717 0
12910 2
4719 0
4721 2
4724 2
4726 1
12919 1
12920 1
4729 2
4733 2
4736 2
12930 2
12931 0
4741 1
4742 1
3521 2
12937 0
12939 0
12943 2
4752 1
12945 2
4757 2
4758 0
8985 0
12954 0
12955 2
4764 0
17178 2
4766 1
4768 2
12961 2
12963 1
4772 0
18708 2
14449 2
4776 2
4777 1
12971 1
12977 2
10525 0
12981 1
12984 2
12985 0
4795 3
4796 2
4798 0
12994 1
4804 2
4805 1
4806 1
4807 1
4808 1
4809 2
4811 3
4813 1
4814 2
4815 2
4816 1
4819 1
4822 0
4824 2
13017 1
4826 1
4827 1
4901 0
13024 2
4835 1
13028 0
13029 3
13030 2
4839 0
13032 1
13034 0
4848 1
13041 2
13043 2
13045 1
4855 2
4856 1
15417 2
13051 2
4862 1
4863 1
4865 1
4866 0
13801 0
13060 0
13061 1
4870 0
2177 1
4873 3
4878 0
13075 2
13076 3
13077 2
13078 0
4911 2
13088 1
4897 2
4898 2
4899 1
4900 0
13093 1
4902 0
4903 3
13097 2
2183 2
4908 1
4909 0
5619 1
13104 3
4913 3
13107 0
13108 0
13110 1
13114 2
4929 0
13122 1
13123 2
4932 0
13128 1
4937 2
13131 2
13133 2
13134 1
13136 2
4947 0
4950 2
4952 2
13150 3
4959 0
13153 2
13154 2
17211 1
13156 0
13158 1
6712 2
13160 1
6416 3
4979 1
4980 1
13174 0
4986 2
4993 2
4997 2
13190 3
1803 0
5001 2
13195 0
13196 0
13197 0
5006 1
4931 2
13204 2
5013 3
13208 2
5021 2
13214 1
12988 1
13220 2
5030 2
5031 3
13229 2
13230 2
5039 0
5040 0
4936 0
5044 2
2206 0
5046 2
5049 3
18591 1
13244 2
13245 2
5054 1
13249 3
13250 2
4939 0
14497 0
5064 2
13259 2
13260 3
13262 2
5072 3
13266 1
1343 2
5082 2
13275 2
4944 0
5090 3
13283 2
5095 2
5096 1
10407 2
5100 2
13295 1
13296 1
13300 2
13301 2
13302 1
13303 2
5115 1
10410 2
9045 2
1807 0
5122 2
5123 2
13264 0
13317 0
15873 0
13320 2
10412 2
13323 2
13324 2
13329 2
5138 0
13331 2
13332 2
13334 0
13337 2
5146 0
16811 2
10127 1
13345 3
5154 2
17243 1
13351 2
13352 0
860 3
5162 2
13355 2
13358 1
13360 2
13363 2
5177 3
5179 0
5180 0
13373 2
5183 3
13376 3
5186 0
7691 1
10422 2
9057 1
18615 1
5196 2
5200 0
5201 1
13394 0
5203 2
13396 0
5205 0
13399 2
13401 2
10426 1
5214 2
5217 0
13410 1
13413 2
13414 2
18620 2
5229 2
13423 0
13427 2
5240 0
5630 2
13435 2
5244 0
5247 2
5248 0
13443 1
13446 3
5255 0
5265 2
13458 0
9070 2
13464 3
13467 2
5276 2
13477 2
13479 2
5292 2
5293 2
13489 0
13490 1
13494 3
9076 0
5306 1
5307 0
13500 0
13501 1
13503 2
18635 1
5318 0
5321 3
5322 2
5323 2
13517 0
13520 2
5331 3
5336 1
18640 1
5348 3
3622 2
2257 0
13544 2
15911 3
12999 1
13551 2
13552 2
11165 0
5365 3
13558 2
5367 2
5369 2
5372 2
13565 2
5374 1
13568 3
5377 2
5378 2
5379 1
13572 2
5381 2
9089 2
13577 1
13578 2
10455 1
17282 3
11821 1
13586 0
13589 0
13590 2
2362 2
17285 0
13602 2
5411 2
13605 2
13607 2
13608 2
5418 1
6910 2
13616 2
13618 1
18457 1
13621 2
13622 2
13626 3
5436 3
5437 2
13631 2
5440 0
5441 2
5444 2
13638 2
13640 1
9100 2
13646 1
5460 2
5461 2
5463 1
5465 2
17295 0
5469 1
5477 0
13672 2
13673 2
13674 0
13675 1
5486 2
18664 0
5490 1
5495 3
5497 2
13690 2
13695 2
14095 2
5506 2
13699 0
5508 2
16823 0
13702 2
3649 2
13704 2
5513 2
5515 1
13710 2
5519 1
13550 1
13714 1
13718 2
13720 2
17642 1
13723 2
13727 1
14576 0
5538 0
17307 2
13732 2
5542 2
7751 2
13742 2
8272 2
5553 2
13747 1
5560 1
5561 2
5564 1
13757 0
13758 0
5567 2
3659 0
13765 0
13769 0
5578 3
14658 1
5580 1
5581 2
5587 1
13782 2
5593 0
5595 0
2298 1
1823 2
5603 0
5606 0
12189 0
5609 2
5612 2
17645 0
5623 0
5624 2
13817 1
5626 3
5628 1
13822 1
13823 1
13824 0
5637 1
5639 2
5641 0
13834 2
5644 3
5649 1
15043 2
5651 0
5652 0
5038 0
2308 3
5658 3
13851 0
13852 2
6936 1
15963 2
12191 0
5670 1
13865 2
13866 0
13867 2
5684 3
5686 2
10505 2
6736 0
13884 2
2099 2
5699 0
1729 1
5705 3
13900 0
13901 2
13902 0
638 0
13908 1
13910 3
13911 2
5720 2
7781 2
14608 2
5051 3
5732 0
13927 1
5736 2
3688 1
6419 2
13941 0
11881 1
5753 0
17104 0
3690 2
5763 2
5057 3
5770 0
5771 1
8549 0
13965 0
5776 2
5780 1
5782 0
13978 2
18714 1
13984 0
18715 3
5798 2
13992 0
13993 2
5803 1
13997 0
13999 1
5808 2
5810 0
5811 2
5812 0
5814 2
5818 2
5823 2
5067 2
17084 1
5831 0
14029 2
14030 2
5839 2
5843 2
14036 1
5845 0
5847 0
14043 0
5853 2
5857 1
5860 2
18726 1
5862 2
5863 2
5865 1
10535 2
5868 2
14064 0
5873 1
11109 2
5879 2
5881 2
5888 2
14084 1
5894 0
5895 2
5902 0
5903 2
14096 1
5907 2
14100 0
5909 3
14103 1
5917 3
5921 1
5922 0
17770 3
1561 2
5925 2
14122 3
14123 1
14125 2
14126 2
5935 0
14128 2
5937 0
14130 1
14133 2
5943 0
14137 2
14138 1
14139 1
14142 3
17376 0
14147 2
14149 1
5958 2
5961 2
13282 2
5967 3
5968 2
18475 0
14166 2
14167 0
14168 1
5978 0
14171 0
10554 2
5982 2
5987 1
14180 1
5989 2
5992 1
9474 1
14188 2
14189 0
14194 2
14198 3
14199 1
14201 0
6011 2
6013 2
14208 0
6464 0
14212 2
6022 2
6025 2
14219 0
6028 0
6466 2
14227 1
14228 0
5103 1
6044 3
6045 1
14238 1
14239 0
6055 1
6057 2
1470 2
14251 0
6060 0
14254 2
14255 0
6065 2
6067 2
14261 0
14264 2
14265 2
14268 2
2930 0
14271 0
14273 1
14274 2
6475 0
5110 1
14279 2
14280 0
14285 0
6094 2
14287 1
17401 3
14297 2
14302 2
14307 2
14310 3
14312 2
6121 3
6122 2
6123 2
14316 2
14317 0
6128 2
11944 2
14322 2
14323 2
6132 2
6135 2
6136 2
2388 2
14330 0
6139 0
6140 2
1841 2
14335 2
14336 1
6148 0
6150 0
6151 2
6152 3
6153 0
6154 2
6156 0
6157 0
6158 2
6159 2
14680 2
9219 1
6164 2
14357 2
6169 2
14364 1
14365 3
6174 2
6176 1
6177 1
6180 3
6182 0
7857 0
6185 2
14380 0
14385 1
14386 2
6196 2
14389 2
14391 0
6200 1
6201 2
6203 2
6206 2
6207 2
5131 2
5132 2
14412 2
10300 2
6227 2
14420 2
6229 1
6231 2
6232 2
14425 2
7866 2
14430 3
6240 0
6241 1
6243 0
15208 2
14437 2
1299 1
6251 2
14446 0
7869 2
2936 0
6259 0
14458 2
6267 2
6270 2
17429 0
6272 3
6273 2
14467 1
6282 2
6286 3
7875 1
6298 1
9250 2
10838 1
14498 2
14501 0
14503 2
6315 0
6317 2
14510 2
3784 2
6324 1
6330 2
6331 2
6332 2
6333 1
8667 2
17440 2
14531 0
14533 2
6346 2
6348 3
6349 2
6350 2
14546 0
6355 3
6357 2
6359 2
14552 2
6363 2
6364 1
14560 1
14561 3
6370 2
14564 0
14565 1
14571 2
14572 0
16082 2
6384 0
6386 1
6387 2
6389 1
13353 0
6393 2
14586 2
14591 2
14596 1
14604 2
14605 0
11663 0
14611 1
14612 0
6424 0
18820 2
6426 1
1071 1
5124 2
6432 2
14625 2
14627 2
14628 0
14631 2
14633 0
14634 0
6446 2
6448 1
2440 2
14645 1
6456 1
14649 2
14650 1
14651 2
6462 0
10308 0
14657 0
11672 2
6467 2
10581 0
14664 1
6473 2
14666 2
1079 2
14668 0
16098 0
6479 0
6480 2
14674 2
10036 2
6488 2
14682 2
14685 0
14690 2
12006 0
18833 0
6504 2
6506 2
14704 0
16104 0
6514 1
6520 0
6521 0
6522 2
14718 2
18837 2
14720 0
14721 0
14724 2
14725 0
14731 2
14734 0
16109 2
14736 2
2062 2
6560 0
14403 0
8402 2
14761 1
5191 2
14765 0
6575 2
14768 0
1844 2
6583 2
6584 2
6585 1
10655 0
6588 1
16550 1
14785 2
6594 3
13387 1
14789 2
14791 2
6600 0
14793 1
6605 0
6608 2
6609 0
14804 2
14805 2
6614 2
14807 2
14811 2
14817 2
14825 2
14828 0
5202 3
8773 2
14832 0
6646 1
6647 2
6648 2
14841 2
17134 1
14851 2
6662 2
7937 0
10668 2
6668 0
6573 0
17496 3
14867 0
6679 2
6681 3
14874 2
6683 2
14876 2
14878 2
6687 2
14880 2
6689 2
6691 1
6692 2
14886 1
14888 2
6697 2
6699 1
6702 1
6703 1
347 3
6706 1
6708 1
6709 0
14902 2
3849 0
14904 2
14905 2
16138 2
14911 0
14913 2
14914 2
6723 1
6724 2
6725 0
6726 2
14921 1
5218 0
14928 2
6740 1
14936 0
6747 2
17509 2
6752 2
14945 1
6755 3
5222 0
6759 2
6760 0
14780 2
16592 1
14957 1
6770 2
6771 3
14964 0
18056 0
14966 0
6776 2
14971 0
14972 2
14978 3
6787 0
6788 1
14981 1
14982 3
14983 2
6792 0
6793 0
6794 2
14988 1
6797 2
1133 2
14992 0
6803 1
14996 2
6809 0
6810 1
15004 2
15005 1
17412 3
6815 0
15008 2
15009 2
1962 3
6824 0
15017 1
15020 0
6830 2
6836 1
6837 1
15034 2
6845 0
17576 1
15039 2
6848 0
6850 1
6851 1
15045 2
15046 1
15048 2
15051 2
6860 1
6861 0
15055 2
15057 0
6871 0
6874 1
6876 2
15069 2
15071 0
15072 0
6881 2
6882 3
15075 2
6884 0
7867 1
6886 2
6887 1
15080 2
6892 2
15085 2
15086 2
6899 1
15095 1
6904 0
6612 2
6907 2
6909 1
15102 1
15109 1
6918 2
15111 3
15112 1
15115 3
15116 2
15117 2
15123 1
15124 3
6933 3
15128 0
6937 0
6941 0
15134 1
15135 2
15137 3
6946 2
6947 3
15140 0
15141 1
15144 0
15145 0
15148 2
1160 0
15155 0
15157 2
2283 2
15160 1
15162 1
15165 0
4051 1
6978 0
1163 2
6984 1
15177 2
12235 0
17549 1
15184 0
15189 0
6998 2
15191 2
7004 2
7005 2
7006 2
15200 0
7009 2
151 1
10599 0
10726 2
7015 2
7016 2
15209 1
7018 1
7020 2
7022 3
7023 1
7024 2
7026 0
15220 2
15221 0
15225 1
7035 0
15228 0
7037 1
7038 0
15231 0
15232 1
15233 2
15235 1
7044 3
17147 0
15241 2
7050 1
15243 1
7052 1
15245 2
15246 0
14829 2
7056 2
5272 0
15250 3
10734 1
7062 0
7064 2
156 0
7069 0
7070 2
15264 2
15266 1
15268 0
7079 3
9372 1
15277 1
7087 1
7088 0
15284 1
7093 0
15286 1
7097 2
7099 3
7102 2
10741 1
15296 2
17396 2
16203 0
15303 2
7112 1
17570 2
7120 2
7121 2
15314 0
15316 1
7125 0
15319 0
7129 2
7130 0
16207 0
15324 1
5285 2
15329 2
7139 0
15333 2
7142 1
7143 0
4521 1
5287 2
15344 3
1192 2
7155 2
7158 2
9385 3
7160 3
7164 2
7165 0
15358 2
7167 0
15362 2
7171 1
8022 0
14849 2
15371 2
15374 0
9389 0
15376 3
15377 2
10755 0
15383 2
15385 2
15388 0
18516 2
1200 0
7203 2
7205 1
7206 2
7208 2
16220 2
15405 2
7214 2
7218 3
15413 2
15414 3
7225 0
15418 3
7228 1
7229 0
7230 2
1205 1
7232 1
15426 1
7235 2
15428 2
18790 0
3787 2
7239 1
7240 3
7241 1
15244 0
7244 0
7245 0
7246 2
15440 1
15442 0
13497 1
7260 2
13498 2
7264 2
15457 2
15461 0
2577 3
15471 1
15472 2
15473 0
15474 0
15475 0
7295 2
594 0
15496 0
15498 0
15500 2
15502 1
15503 2
15505 0
15509 1
15510 2
9791 2
15515 0
15517 1
15522 1
2587 1
7332 2
9414 0
7336 0
7337 0
15539 0
15543 1
15546 0
14879 2
17610 2
7358 0
15552 1
5155 0
15555 1
7365 0
7366 1
7367 2
7369 0
15562 0
15563 0
7372 2
15565 1
7374 3
17613 0
15571 0
15574 0
15576 1
15579 2
7388 2
8058 1
15582 0
10789 2
17616 0
8059 3
15589 2
15592 0
15596 3
7405 2
7407 2
15602 2
15604 2
12158 2
15606 2
14889 0
9428 2
15613 1
7422 0
15616 0
12160 0
7430 3
12379 1
7440 2
7441 0
15707 1
15636 2
14894 2
15638 2
7447 2
15641 0
7450 2
7451 2
7453 1
15647 1
7459 2
15652 1
7461 1
15654 2
15657 2
7469 2
15665 1
15667 2
14979 3
16265 1
7481 1
7482 0
15675 2
15676 0
15677 1
7488 2
7489 2
7494 1
5345 2
15695 0
15696 0
7505 2
1251 1
15701 0
7510 0
15704 0
12175 2
7516 2
11707 2
15711 2
7522 2
17638 0
15719 1
7529 2
15724 0
7534 2
15727 0
15728 1
5352 1
7538 3
7540 0
15734 2
7545 1
15738 2
15741 1
15744 2
15746 0
7555 0
15748 2
15752 1
7561 2
7563 2
15758 2
15759 3
15761 2
8561 0
15765 2
7575 2
1616 0
14916 0
7580 2
15775 0
15776 2
1264 3
15781 1
7592 2
15788 1
1266 0
3997 2
15792 2
15798 1
7609 2
6379 1
7611 1
7612 1
7615 2
7616 2
16288 1
7618 0
15813 0
7624 3
15818 2
15820 1
15821 1
15823 0
15825 0
15827 3
7637 2
7639 2
7640 3
7641 0
15834 1
7645 0
7646 2
7649 2
15842 0
7651 2
15845 2
11565 1
15852 2
15853 1
7663 2
7667 1
15862 2
15863 2
8398 1
6925 0
5376 2
15877 0
15878 2
7687 1
15880 1
15882 0
15883 0
7693 2
7694 1
15889 1
7699 2
10622 2
15895 0
15898 2
7709 3
15902 1
9477 2
7717 3
7719 1
8986 2
15915 1
15916 0
15079 3
2654 2
7740 0
1290 1
15938 0
7747 2
6753 0
7753 3
8119 0
15954 1
14947 1
1294 2
7766 1
15959 1
15961 1
15962 0
7771 2
15965 3
15971 2
7780 0
15973 2
15978 3
7789 2
7790 1
15984 0
2664 0
9534 0
7796 3
15994 2
15999 1
16000 2
16002 2
16005 1
16010 0
7819 3
17128 3
7828 3
7829 1
7832 3
16027 1
16030 2
16032 1
11445 1
1307 0
16036 1
16037 1
16039 2
16041 1
16043 2
7852 3
16045 3
16049 1
16050 3
14963 3
16052 0
16056 1
16058 0
9503 2
16060 2
16061 1
10869 1
16064 2
16067 2
16068 2
16069 2
7878 0
16073 1
1899 0
17698 0
7887 0
16081 2
7890 2
13603 0
16088 1
16091 2
7900 2
16096 2
7906 2
7908 0
7909 2
7910 3
7912 0
16108 2
7917 2
16110 2
16112 0
16113 2
16115 2
16120 1
16125 2
16631 0
7936 2
16129 1
16133 1
7945 2
7946 3
7947 2
16140 3
16142 1
16143 2
16144 0
16145 0
16147 3
7956 2
16152 1
7962 0
7968 0
7970 1
16163 3
7974 0
7975 2
7976 0
16348 2
14984 0
7986 2
17715 0
16180 0
16186 2
4063 2
16191 1
8000 0
8001 1
8004 2
5430 0
12257 0
8009 2
17719 1
16204 1
8014 2
14989 0
16214 2
4086 2
8028 3
16223 2
16224 2
8033 3
16228 3
8166 2
16232 0
13628 1
16234 2
16235 1
16238 3
8049 0
16244 1
16245 1
16250 2
16251 2
16253 2
10907 1
8069 2
16263 2
12268 2
16266 2
8075 2
8076 2
8079 0
16272 0
8082 0
8084 1
16277 2
16279 0
8090 2
8091 3
10635 0
8095 3
8096 2
8098 1
16291 2
16292 0
8101 1
8102 1
6812 1
17735 2
18819 0
16302 1
16304 2
16307 0
8116 2
16309 1
1353 0
10911 2
16373 1
16321 0
16324 0
16325 0
17665 2
15001 1
9548 0
16331 1
15010 1
8143 0
16336 3
8184 2
8146 2
16339 0
8149 2
8156 1
16351 3
8160 0
16356 0
8165 2
16358 2
8168 2
16361 2
8170 2
9929 2
16367 2
8179 2
16372 1
545 2
16376 2
8186 2
16379 2
16380 0
8190 2
