16386 2
2731 3
8196 1
9558 1
16391 1
8201 2
5463 1
16396 1
16397 1
16398 0
6829 1
16401 2
5401 2
16404 3
16405 2
16406 0
8215 1
16409 0
8219 2
16412 0
16414 2
8223 0
33 0
8227 2
8228 2
37 0
16422 2
16424 1
8233 1
8237 2
16430 2
17757 1
16432 0
8241 2
16434 2
16436 1
14117 2
16439 1
56 0
16443 2
16445 2
62 2
16447 2
66 1
16452 1
8261 2
71 1
16456 2
4094 3
8266 2
75 2
16460 2
78 1
8272 2
81 0
8276 1
8278 2
88 2
90 1
6842 3
16478 1
8289 2
98 2
16484 1
102 1
104 0
8297 2
16492 0
13097 2
16494 0
111 3
8305 0
114 0
117 0
118 1
12279 2
16505 0
122 3
123 0
16509 1
126 2
8322 2
8323 1
16516 1
16517 1
135 1
16521 0
16522 1
8331 2
144 2
13371 3
8338 2
15043 2
8358 0
151 1
154 0
156 0
157 0
162 2
8356 3
16550 1
3006 0
6384 0
8361 2
8363 1
173 2
8366 1
175 3
8368 1
177 1
178 0
8371 2
180 3
9221 1
183 2
16569 0
16415 2
189 3
190 3
8383 2
192 2
8386 2
195 2
16580 0
197 2
16583 2
200 0
201 1
202 2
8396 0
206 3
17192 0
208 2
209 2
16594 2
16419 1
16596 3
16597 0
214 0
8407 2
218 3
220 2
9594 2
8415 1
16611 0
8420 2
229 3
16614 0
16616 1
234 2
16619 0
8428 0
8430 2
240 1
40 0
16626 2
8435 3
244 3
8737 2
246 0
8439 2
250 1
16636 2
6869 1
16640 1
8449 2
16643 2
16644 2
261 2
16646 1
8455 0
16648 0
4140 0
16650 0
8460 2
8461 3
271 2
11193 0
274 2
8468 0
8469 2
1373 3
280 3
8474 3
284 1
8477 0
287 2
8480 1
8481 0
10648 2
8483 0
8484 3
9606 1
8486 2
16433 2
8488 2
297 2
8466 0
16683 2
16684 2
8495 2
8496 2
305 2
307 0
310 2
5513 2
16699 0
1418 0
319 2
320 3
16705 1
16706 1
324 1
5222 0
16712 0
16713 0
16715 0
16716 0
16719 2
16721 1
16722 2
8531 1
342 2
345 3
16730 0
347 3
16732 1
350 0
8543 3
16736 0
16737 2
8549 0
358 1
13713 2
16744 2
9832 0
16746 1
16747 3
16748 0
365 2
16751 1
8560 1
8561 0
5195 2
8564 2
374 2
16759 1
13314 0
1639 2
16762 0
8571 0
16765 2
8574 0
383 0
384 1
8578 2
16773 2
16774 1
8583 3
16776 0
15084 3
394 2
396 1
397 3
8591 3
400 0
401 2
405 0
4714 1
8600 1
8601 2
16794 3
16795 1
8604 2
8608 1
8611 2
420 1
421 0
16806 1
423 2
8617 0
8619 3
8621 0
16814 2
786 0
8264 0
16818 0
435 1
438 0
12361 2
440 1
442 1
16827 2
74 0
446 2
8639 0
16832 0
16833 2
8643 1
16836 1
6902 0
454 2
455 1
16841 2
8654 0
16847 0
464 2
6904 0
466 3
16853 0
16854 2
6905 1
9636 2
16858 0
4175 2
478 1
16866 1
8675 2
1446 2
488 2
16873 1
16876 3
16878 0
496 2
16884 1
6910 2
16886 2
504 3
16889 2
16891 3
509 3
8702 2
8704 0
515 0
16900 2
517 0
6913 0
8714 1
523 0
524 2
16909 1
16911 0
528 2
6915 1
532 3
533 0
17134 1
536 3
538 0
8732 1
541 2
16926 2
543 2
545 2
548 1
8741 0
550 1
551 1
8744 2
291 1
16658 0
555 2
558 1
2824 2
16946 2
16948 0
565 1
13385 1
2825 2
568 0
16955 0
8764 1
16959 2
576 2
4192 2
8771 3
581 1
16966 2
583 1
8777 0
587 1
588 1
589 1
8782 0
591 1
16976 1
8787 2
16980 2
14750 2
9657 0
16986 0
605 3
16992 2
16993 2
611 1
4198 0
8806 0
2833 0
8808 0
617 0
17002 1
8811 1
620 3
6930 1
622 0
8815 2
8816 0
12392 1
17010 1
627 1
630 0
8825 1
8826 0
5567 2
17021 0
638 0
8831 0
17025 0
8834 2
643 2
8837 0
1473 1
8840 1
8841 2
17035 2
652 2
17037 2
654 0
8847 3
8848 0
8849 2
5571 1
660 2
17045 0
663 2
17049 1
666 0
667 2
669 2
8862 2
8863 3
672 0
17057 0
8866 0
675 0
8868 2
17061 2
17062 0
680 0
17065 0
8875 2
17068 3
8877 1
8880 0
1844 2
17077 3
9673 1
12571 1
6943 2
17085 0
702 1
8895 3
704 0
15553 0
708 2
17094 1
17097 2
714 1
17099 2
17100 0
717 0
8911 1
8912 3
721 0
17106 0
9678 3
17113 1
730 2
17118 2
17119 0
8928 1
738 2
8932 0
741 2
8934 1
17128 3
745 1
8939 2
749 0
750 2
752 3
11048 0
754 2
8947 1
17137 2
757 2
17142 0
760 1
8953 1
762 1
8955 1
764 2
766 1
13781 1
768 0
16590 3
17154 0
17578 2
17157 0
774 1
17167 2
17168 2
17170 3
787 2
16393 2
17173 1
790 2
9028 0
17177 0
8986 2
11055 2
8989 1
8990 2
8991 2
8992 3
8993 0
803 2
8996 2
17191 0
808 2
17194 2
9003 2
8756 2
9008 0
7675 0
17205 1
17206 1
17207 3
17208 0
825 2
9018 2
9019 1
828 3
8330 2
9022 3
9389 0
832 2
9026 2
139 3
17220 1
837 0
9034 0
17227 1
844 2
846 0
9039 1
17235 0
17236 3
17238 1
17239 1
856 0
17241 1
17243 1
17244 0
861 2
9054 0
9055 0
16528 1
9060 3
871 0
874 3
875 2
9070 2
17263 0
880 0
17265 2
882 0
16318 0
884 1
885 1
888 2
889 0
9082 2
17275 0
892 2
9087 3
9088 3
17282 3
9092 0
17285 0
903 0
12909 2
17290 2
910 1
9103 2
17296 3
17302 2
17303 0
9112 2
9113 0
924 1
8346 1
17310 1
931 3
2886 0
9129 2
17322 2
17325 1
9134 0
12445 2
9136 2
9137 2
9138 0
9139 2
17333 2
9142 0
952 1
17341 0
9151 0
961 1
17346 0
17347 0
9156 1
17351 1
1396 2
15308 1
16546 0
17360 2
9169 0
17362 2
17364 2
4397 2
17366 0
17368 1
9178 1
17374 1
17376 0
9186 2
17379 2
17381 2
1002 0
17388 2
1006 0
17391 0
9308 1
1010 1
17395 2
1013 2
4265 3
852 2
9209 1
9210 1
17405 2
17407 2
9216 0
17409 1
9218 2
12459 1
1028 1
13946 0
17414 0
9224 1
17417 1
9229 1
1038 0
9231 2
1040 0
9236 1
4270 0
9238 0
17432 2
1540 1
17435 3
1052 0
17437 0
1054 2
2490 2
6309 0
9250 2
17444 3
12465 1
1672 3
9262 2
14137 2
9265 1
9266 3
9268 1
9269 2
9270 2
1080 1
9274 2
17469 0
17470 0
17474 2
17476 0
1094 3
9287 0
17480 2
13836 2
7410 2
9292 1
1101 1
1102 0
9297 0
17491 2
9300 1
9301 0
1113 2
9307 2
17500 2
9309 1
9310 0
1119 2
9312 2
17505 0
17506 2
1124 2
17509 2
9318 0
17512 1
9321 0
17514 2
17516 2
17517 1
12477 3
17520 1
1137 0
9330 0
17526 0
7017 1
4948 2
9337 3
17531 0
17532 2
1149 0
9343 2
9344 1
1153 0
17539 3
17541 1
17542 1
9313 0
17544 2
9353 0
17546 2
17548 1
9357 1
1166 2
17552 1
17553 2
9362 0
17558 1
17559 2
9369 3
17562 1
17563 2
17564 2
9754 2
16581 1
17568 0
1186 0
17571 1
17574 1
17575 1
9384 3
17577 1
9386 2
12487 0
9388 2
17581 1
9390 1
17585 3
2931 2
9396 1
1205 1
9398 1
9401 0
17594 1
17596 1
1213 1
9407 0
9414 0
9415 1
9416 1
17610 2
17616 0
2936 0
9427 2
9428 2
8398 1
1239 0
9432 2
1242 3
17628 2
9439 2
17632 1
1249 0
1250 0
1251 1
17636 1
9446 1
17639 1
9448 0
1257 0
17642 1
1575 1
1260 0
17645 0
9455 1
17649 1
17650 1
17651 0
17652 1
9461 2
9462 2
9463 2
9044 0
1273 2
1274 0
9467 2
17660 2
9470 2
12501 2
9473 1
1579 2
9476 2
9477 2
9478 2
9479 2
9480 2
13211 3
1290 1
1292 2
7042 0
17678 1
17682 0
1299 1
9492 2
17685 2
9494 1
1304 2
17689 2
17690 1
1583 2
9500 0
1309 2
17695 2
17696 1
1313 3
17698 0
17699 2
17702 2
17703 2
18593 2
1322 2
1324 2
9517 3
9518 2
11144 1
1331 1
12510 1
17719 1
1338 1
9531 2
9532 3
1341 2
1343 2
17728 0
17729 1
1349 0
17737 2
17503 2
1355 1
9548 0
9549 2
7053 1
17744 1
5228 2
9554 2
9555 1
15246 0
1366 0
16612 1
1371 0
17756 0
4428 1
1375 2
17760 2
1377 2
1378 3
1380 0
17767 1
1596 2
9578 1
9583 2
17776 3
1393 2
6593 2
10412 2
9588 2
9589 1
4329 0
9592 1
1402 1
17787 3
9597 2
1408 0
9601 2
9604 2
1414 2
1416 3
16620 3
9610 2
9611 2
17804 2
9618 0
1430 0
17818 2
3992 3
17989 1
1441 1
9634 1
17828 3
9637 1
9638 3
9639 2
9642 0
17835 2
8434 0
9646 1
17839 0
9649 1
17842 2
1460 3
17847 1
1464 2
16628 0
11167 1
1468 2
9662 2
9665 2
17858 0
9669 2
1478 1
1479 3
9672 1
5708 0
1482 1
1483 2
9676 2
7074 2
1486 0
9679 1
1488 1
9681 2
3665 0
9684 1
1614 1
17879 0
1496 1
7076 1
9690 2
9691 3
17686 2
16634 3
9694 0
17887 2
9696 1
15722 2
17893 0
9702 2
17895 0
17896 1
9705 0
7866 2
15599 0
9712 2
17851 1
9719 1
9722 2
9724 1
1533 0
9726 2
1538 2
17924 0
17925 0
1542 2
257 3
1546 0
9612 0
12546 0
17934 2
1553 1
17940 0
7086 0
1558 3
1559 0
17944 1
1561 2
1562 0
15279 2
17948 2
17949 2
17955 2
17956 2
9765 0
17958 2
17959 2
1576 1
9770 1
263 2
17964 0
9773 2
17967 1
17968 0
17969 0
2995 2
1588 0
18014 3
9782 2
9784 2
17977 2
9786 0
17979 2
17980 0
1597 1
9791 2
9792 2
17985 2
17986 0
17987 0
17988 3
1605 0
13921 1
1608 1
9805 0
17998 2
17999 0
15875 1
18001 2
9812 0
1622 2
9815 2
18010 0
18013 0
1630 1
13925 0
9829 2
9830 2
18023 3
1640 2
18027 2
18028 1
1645 0
18032 0
18024 3
1653 2
1655 2
1656 3
276 3
18042 3
1661 1
9854 1
18048 2
1666 2
1667 1
1668 2
4374 2
1670 0
9863 2
18056 0
1644 1
1674 2
18061 2
18062 2
1679 0
9872 1
9873 2
18066 1
18067 0
9876 0
9878 3
12569 1
1420 0
1691 2
18076 0
16666 1
10422 2
1697 0
18082 0
9891 3
9892 0
1702 2
1703 1
9902 0
9903 1
1712 1
7112 1
1714 0
18233 2
18100 1
1719 2
18104 0
1722 0
18107 3
9916 1
11787 1
16672 0
9922 1
1732 2
1737 1
18122 1
9936 1
16675 0
18133 2
1750 1
11515 0
1753 3
9946 2
18139 1
1757 1
18142 1
1759 2
1760 0
9953 0
1762 0
1763 0
18148 0
1765 1
9960 0
1769 2
1771 1
1773 1
18158 0
18159 2
18161 1
1779 0
1662 2
1783 1
1785 2
1790 2
1795 0
18181 1
1800 0
6013 2
9995 2
9858 0
9998 0
9999 2
10000 0
10001 0
18194 3
1812 3
18197 0
10006 0
3033 0
18052 0
18203 2
18204 2
1823 2
18210 0
1827 2
1828 2
18214 2
8497 1
18217 0
18218 2
1671 1
10028 1
10030 2
10031 2
10032 1
18225 2
10034 1
10035 2
18228 2
16701 2
10038 2
1847 0
18232 2
10041 2
10043 1
1852 1
1853 1
10046 2
10047 1
10048 2
10049 2
8502 1
18246 2
10055 2
10056 2
18249 3
1866 2
1867 1
1868 3
1426 0
1677 0
8570 1
10428 0
10071 1
18264 1
1882 0
10077 1
7141 0
18273 2
10083 2
12724 1
18277 0
18279 1
10089 2
18282 1
11239 2
18284 1
10095 2
1904 2
11240 3
10099 2
10100 2
15289 3
10102 0
10104 1
10105 0
1917 0
1918 2
8512 0
1924 2
1926 3
1927 3
18312 1
1929 0
10123 2
1932 0
1934 0
18319 0
1937 1
18323 0
10134 0
10138 3
1947 1
10140 2
9882 1
2512 0
1959 2
18344 2
1962 3
10155 2
1964 2
1965 2
18352 1
10161 3
18358 3
1976 1
18362 3
1979 1
18366 2
10175 0
10176 1
18372 1
15350 0
18376 2
10185 0
10188 0
18383 2
18384 2
18386 1
18387 2
10196 1
2005 1
2006 1
18391 0
18393 2
2010 1
12342 2
18397 1
10207 2
18400 0
10342 2
18404 2
10213 2
2331 3
12626 2
18414 3
6887 1
18419 1
18420 2
18421 3
18424 1
12628 1
2043 1
10236 1
10237 0
2047 2
10241 1
18434 3
12630 2
10247 1
18443 2
2061 3
10254 2
10261 2
10264 0
2074 1
2075 0
10268 1
10269 0
18467 0
18468 0
2086 0
2087 2
2088 2
10281 2
2091 2
5810 0
2095 1
2096 1
3080 2
2098 2
18483 2
10292 3
4446 3
2103 2
10298 2
18491 0
10301 2
2112 2
10306 1
2116 2
18502 3
2120 2
2121 0
10315 0
10317 1
10319 3
2128 1
2129 1
2130 1
12643 1
10324 1
10325 1
10326 0
2138 2
10332 1
10333 1
10335 2
10337 2
10338 2
10340 3
2149 2
2150 2
10345 2
8551 0
2157 0
2158 1
10351 2
10352 1
360 2
10358 2
10363 0
10365 2
11274 2
2176 2
5528 0
363 2
3073 1
18567 3
18568 0
2185 2
18572 0
2189 0
10384 0
18579 2
2196 0
18581 2
2200 1
18586 2
4379 2
2206 0
2207 1
18592 0
10401 2
18594 2
18597 3
10406 0
2215 1
2216 1
2218 1
18604 2
2223 2
8803 0
18612 1
18614 2
18615 1
18616 1
18618 2
10427 1
2236 2
10432 2
18626 3
18628 2
10440 2
18633 0
18634 1
10444 0
2254 2
17533 3
18640 1
18643 2
10457 1
2267 1
2269 0
10464 1
18128 0
10467 2
2278 2
2280 1
18665 2
2283 2
2284 2
10478 2
2288 2
5798 2
10484 2
10485 1
10486 2
14261 0
16457 2
2304 0
2305 0
10498 2
18691 1
17262 0
10502 2
18695 0
2312 2
10505 2
288 3
2318 0
10511 0
18704 1
10513 0
18706 2
18708 2
10517 1
18710 2
2327 1
18713 1
10522 1
10523 2
10527 3
18724 0
18725 1
18727 3
10537 2
17536 2
9781 1
18732 2
18733 2
14045 0
2355 2
1758 3
10554 2
18747 1
2364 2
5807 1
10559 2
2368 1
10563 2
10564 2
18757 0
2377 0
2378 1
10572 3
10573 1
10575 1
2386 2
18771 2
18772 1
10581 0
18775 1
18776 3
2393 3
10588 3
10589 2
2399 1
18784 1
18788 1
10599 0
10601 1
18794 0
12690 0
10606 1
10607 1
18801 2
2422 1
10616 1
2426 1
2427 2
10620 0
2429 1
10622 2
18155 1
2436 0
18821 2
10631 2
10632 1
10634 1
8599 0
18157 2
2448 2
2450 2
2452 2
18839 2
18840 2
10649 2
10650 2
10653 1
11333 0
10658 2
10660 2
10662 2
2472 2
11335 2
10668 2
14066 3
10672 2
2483 1
2484 0
5811 2
10678 2
10679 2
10681 0
8539 1
10683 3
10686 0
4513 0
10699 1
10701 2
10702 2
10703 2
10704 2
10706 1
9631 1
10709 2
10712 2
10713 2
10714 1
8613 2
2528 0
2529 0
2532 0
12448 1
16807 1
15633 0
10734 1
2544 0
10737 3
2546 2
10740 1
10741 1
10743 1
2552 1
10745 0
10746 0
2555 1
2556 1
16501 1
10755 0
10756 3
2565 0
2571 1
2572 0
4525 1
10769 0
10771 1
2580 2
10773 1
10774 1
2586 1
2587 1
10780 0
3162 1
10783 3
10784 0
2594 2
359 3
2597 0
10790 0
16817 1
10792 0
5895 2
2604 0
10798 0
10800 0
18184 1
16819 2
2612 2
10805 0
2615 2
10809 1
10810 1
10812 1
10814 1
10816 0
10817 1
13329 2
2627 2
10820 3
12726 0
10822 1
2631 1
10825 0
10827 0
2639 0
2640 2
2641 1
3171 2
2645 1
12729 0
10841 3
16455 2
18191 2
2653 3
2655 2
10848 3
2657 0
10850 1
10851 1
18193 1
10856 2
4540 1
10858 1
2667 0
2670 1
10864 2
10865 1
10868 0
2677 2
10873 0
10878 2
8640 0
10882 0
10887 2
2702 2
10895 1
10896 1
2705 0
10898 0
451 1
10901 2
2710 3
18201 1
10905 2
10906 2
2715 2
2717 0
4549 0
10913 3
1819 0
2724 1
11608 2
16839 0
2732 0
9911 2
5917 3
2738 3
2739 2
16731 0
18207 2
10940 2
2749 3
10942 0
2751 0
10945 2
2755 0
2758 2
10954 0
3191 2
1826 2
4557 1
2768 1
2769 0
2771 0
462 3
10020 3
2779 2
10973 2
2783 3
16848 2
2786 0
2791 2
2795 0
2797 3
2801 2
2804 2
2807 3
11391 0
11004 2
2818 0
11012 2
11016 0
11017 0
11020 2
4568 0
2835 2
1838 2
18098 2
2840 0
7300 2
11035 0
11037 1
11038 2
11040 3
11041 2
4571 0
11045 2
2854 1
2856 2
2859 1
11053 2
4573 1
368 0
11059 0
15131 1
11065 2
2874 0
11072 1
2882 2
2883 0
2884 0
1187 2
11078 2
2551 0
11081 1
11082 2
10039 2
11086 1
1848 3
11094 1
2903 2
11096 2
11097 1
5946 0
2910 1
2911 2
3216 2
11106 1
2915 2
2917 0
11111 3
2922 1
11115 2
12918 0
11118 0
2928 1
12776 2
11123 2
2934 0
11128 2
9645 2
11132 2
11133 0
15509 1
11136 2
11137 2
11138 2
11142 1
2951 2
2952 2
11145 2
2955 0
15077 0
2960 0
11155 0
11156 2
4591 0
2973 2
2975 1
7323 0
11173 1
2984 2
11177 0
2986 0
2987 0
2988 0
11183 2
2992 2
2009 0
11187 0
3000 2
3001 2
11194 2
18250 2
11198 3
3007 2
11203 1
3012 2
502 2
3016 1
15522 1
11214 2
11215 1
11217 2
11218 1
11220 1
13381 0
3030 1
3031 1
3032 2
11225 0
11226 2
8830 0
3039 1
3040 2
11236 1
3047 0
3048 3
3049 2
7335 0
3052 1
16893 2
2748 3
3060 1
510 2
18651 1
11433 2
11256 0
293 0
3070 2
512 1
3074 1
11267 2
16742 1
11272 2
3082 2
3093 3
3098 1
8602 1
3101 0
11295 2
3104 0
3105 1
14171 0
3110 2
11303 0
3112 1
3114 3
3116 0
3119 2
11312 2
11315 0
3129 3
3132 1
3134 0
11327 2
16824 0
11329 2
15653 0
11334 2
3143 2
11336 2
3145 3
11340 2
4621 2
18275 1
3156 0
11350 1
11354 2
11355 3
12961 2
11451 1
11366 0
3178 1
11371 2
11372 0
3182 3
11379 3
11383 1
3263 2
3199 3
11393 2
11395 0
11397 2
11398 2
3207 2
11401 0
11403 2
11405 0
11406 3
3215 2
11408 2
4632 2
14190 2
3222 1
11460 0
11421 2
9405 2
11424 3
11425 2
11426 3
3236 0
3237 1
11430 0
3239 0
3240 2
3241 1
11463 1
11438 2
11441 3
3251 0
3252 3
3253 1
5564 1
3261 1
11454 0
10747 3
3264 0
3265 0
3267 0
3268 2
11461 1
16929 2
12192 0
11465 3
11473 1
3282 0
9111 2
3286 1
1913 2
3288 2
3290 3
11484 1
3294 0
11487 0
3296 0
3305 1
4647 0
3309 1
11502 2
10109 0
3314 3
11510 2
12841 1
3320 2
11513 3
3323 2
3324 2
3327 0
3330 1
8260 0
11531 1
11540 2
8750 2
3352 1
3354 2
2021 0
3358 0
11554 1
3363 1
14214 2
3366 0
3369 2
11565 1
3375 2
3380 1
7390 0
11575 0
4660 2
3389 2
16949 0
11584 3
11586 0
18315 3
3396 0
9788 0
3399 0
3400 0
18316 1
3406 1
3408 1
3412 2
3414 0
3416 0
11612 3
11613 1
3422 1
3425 2
11618 1
11620 1
16481 1
16956 1
3434 1
3435 3
3439 0
3440 1
11633 0
11635 0
3444 2
3445 1
11638 2
11640 2
11641 2
8767 0
3453 2
3454 0
3455 3
11648 1
3460 2
3461 0
11654 0
577 1
11660 1
12866 2
11662 2
11663 0
3472 2
11669 3
3478 2
11672 2
11673 1
11503 0
3485 1
3487 0
3489 3
3490 2
3491 2
3492 0
11573 2
3494 2
11690 0
8775 0
3500 2
11693 0
3502 2
3503 2
3504 2
3505 0
3508 0
3513 3
3515 1
3516 3
3520 2
11715 0
3524 0
8780 1
18121 1
15607 1
3532 2
3535 3
11734 1
3321 1
11262 2
11738 1
17576 1
3548 3
11742 0
11744 2
592 1
11747 2
3557 2
11752 0
10151 3
3564 3
3566 1
3567 2
11760 2
13485 2
3572 1
11766 0
11767 1
3577 0
11773 2
3583 2
15395 0
11779 0
3588 0
11781 1
18348 1
11786 1
8303 2
11788 2
11789 2
3603 2
3604 3
13772 2
14263 2
15123 1
11802 0
3611 3
11805 0
11806 2
11808 1
3619 2
3621 2
11815 1
11817 0
11821 1
3630 2
8797 3
11826 2
11831 1
11832 1
11833 1
11839 3
11841 2
11842 0
3651 0
609 2
3658 2
3659 0
3660 3
11853 1
11857 0
3666 0
3667 2
3668 0
3670 0
3671 2
3674 2
11867 1
1978 0
7440 2
11874 1
11877 2
11879 2
3688 1
3690 2
11884 2
11885 0
11887 2
3696 0
12905 3
3706 2
11900 2
3709 2
11902 2
3349 2
11905 3
4715 0
3717 2
11913 1
11914 1
3727 2
11544 2
8814 2
11928 0
3740 0
3741 2
3745 2
11941 2
3751 1
11944 2
3755 3
11950 0
15645 3
1992 2
11954 0
11957 0
3768 0
18083 1
3772 1
3774 3
2035 2
13753 1
3779 1
3781 1
3782 2
3784 2
3786 0
12919 1
15129 1
3790 2
14285 0
3792 0
407 2
11990 1
8645 0
11997 0
11998 2
11999 2
3808 2
3813 0
12006 0
3815 1
12013 2
3822 3
12925 1
12018 0
17022 0
3830 0
3832 1
12025 0
3834 2
12032 2
10198 0
641 0
12040 0
12043 0
8809 0
12046 0
8835 1
3862 2
10201 1
3869 0
4766 1
12933 0
2311 0
3874 3
3876 2
4742 1
8858 2
3879 2
3880 0
12073 1
12082 0
6110 0
14374 0
3381 1
12097 1
12098 1
651 0
12100 2
12101 1
12102 0
12104 2
12105 2
12106 2
12109 2
12111 2
12112 2
12113 2
12117 0
3926 0
3928 2
10212 0
4768 2
3932 3
12125 0
3935 0
3936 1
4752 1
12131 3
12135 0
3945 0
12138 1
3947 0
12141 1
3950 0
11581 2
3952 2
12154 0
12157 3
12159 0
3974 3
12167 1
3979 1
12173 0
12174 3
3984 1
3985 2
3986 0
665 1
12184 2
12188 2
12189 0
3999 0
133 2
4001 1
8810 2
4009 3
12202 2
12206 1
12207 2
12209 2
4019 1
12212 1
4021 1
12214 2
4024 1
4025 2
17055 2
4029 2
12223 1
12225 2
4035 0
6681 3
4037 3
673 2
5590 3
4043 2
674 0
12238 3
17059 0
9955 0
12248 2
4058 2
12252 2
4061 0
4063 2
4064 3
12257 0
12258 2
12259 2
4070 3
12265 1
4076 3
12270 2
4079 0
12272 2
4081 1
12277 0
4087 0
8865 3
6143 3
12284 0
12286 1
4097 0
4098 1
17067 1
4101 3
4102 3
4106 2
15703 1
12300 2
12304 0
7512 0
4115 0
12685 2
4124 2
2865 3
4126 0
18437 0
688 0
12324 2
4137 2
12330 1
12331 2
12332 2
4142 0
3028 2
4144 0
6152 3
4146 0
12339 1
15710 3
4150 1
4151 2
4152 2
4156 0
12349 1
12353 0
12355 1
12357 3
4167 2
4169 3
17136 0
4173 2
10253 2
12371 2
12372 0
18446 2
4184 2
12379 1
4191 2
12384 1
4795 3
12390 2
6161 1
4200 3
12393 1
12394 0
4205 2
4210 3
4212 0
12409 0
11626 0
2069 3
12417 2
4226 0
12421 0
12422 2
12424 2
4237 0
4238 0
12431 3
12433 2
12435 2
4245 2
410 2
16781 0
4249 1
12442 0
12444 3
6961 1
4254 3
4256 2
12451 1
4260 2
4262 2
3441 1
4264 1
12457 2
4807 1
4269 0
12462 2
12464 0
4273 0
12466 1
14366 0
12470 2
8905 2
4280 1
18146 0
12474 0
4284 1
8906 2
12478 0
12480 2
12481 0
4292 0
12486 2
6177 1
4296 0
7543 2
10285 1
4302 1
12496 1
4305 1
2083 2
4309 2
4310 0
3449 2
4314 1
12509 2
4318 2
4322 1
4323 2
4324 2
4325 2
12521 2
4332 2
8914 2
4335 2
4336 0
4337 2
10510 0
12535 2
12536 1
12537 3
12539 2
725 1
4354 2
4355 2
13014 2
4359 2
6419 2
12554 3
12556 0
4366 3
12559 1
12560 1
4371 2
4372 2
15632 2
4377 3
4378 0
10287 2
4380 2
12573 0
12574 3
4385 1
4386 3
4387 3
4389 2
4393 3
12587 3
12589 1
12591 1
12594 1
12597 1
15753 0
12602 0
12603 3
12605 2
4832 2
4418 0
12611 2
12615 2
12617 2
10295 0
12620 3
12622 1
4434 1
4436 2
7566 2
4438 3
4439 2
4442 2
7567 2
16743 2
12638 2
10299 2
4452 3
742 0
4456 3
6695 3
4458 2
12652 2
4461 0
4462 2
12657 2
7231 0
4471 1
12664 1
149 0
18496 0
4483 0
4484 1
4485 2
4487 2
4491 1
4493 2
12686 2
13037 1
4498 2
14403 0
4501 0
4503 2
12697 0
12698 2
4508 2
4509 1
4510 1
4511 1
12704 1
12705 2
10310 1
4518 1
12711 2
12715 2
12717 1
4526 2
11677 2
4528 2
4529 2
4851 2
4532 1
4534 1
12727 1
4536 0
4537 2
4538 2
2606 3
12732 1
12734 0
4544 1
12737 1
12738 0
12739 2
12741 1
4550 0
4553 2
12746 1
12747 2
11682 2
12754 2
4566 2
12759 1
12760 0
11684 2
4570 1
12763 2
4572 0
12765 2
4574 3
7589 0
9154 2
12769 2
763 0
4580 1
4581 1
4582 2
12775 0
4584 0
4586 1
4588 0
4590 0
12783 1
15688 0
12786 0
4595 1
17150 3
12790 0
4599 1
18516 2
4863 1
12796 0
4605 2
4607 1
4608 0
4864 3
4610 1
12803 1
12804 1
4614 0
4615 0
12809 1
12811 2
12813 2
12815 3
4624 1
4626 2
12820 2
4631 0
12824 3
4636 0
12830 3
4642 0
4644 1
12839 0
4648 1
4649 3
4652 3
4653 0
4654 1
12847 2
4656 1
12849 0
4658 2
12852 2
4662 0
12856 2
4666 0
4667 2
4668 2
12861 2
4671 0
4674 1
4675 1
12870 1
12874 1
4683 0
4686 2
4687 0
4688 1
12888 2
4707 2
4708 1
4709 1
12903 3
12904 2
4713 0
12906 2
12907 0
12908 0
4717 0
7069 0
4721 2
5340 2
4726 1
4727 1
4730 1
4732 0
4733 2
4734 2
12929 0
12930 2
12931 0
4740 0
4741 1
12934 0
4744 1
4745 1
11761 1
1058 2
15810 0
12943 2
12944 2
8984 1
12946 1
4755 1
8985 0
8069 2
12953 2
12954 0
12955 2
4764 0
12958 0
12960 2
18544 0
12962 0
12963 1
12966 3
4776 2
12971 1
12972 2
17181 2
12981 1
12984 2
12986 2
12987 1
12990 3
17345 0
18709 3
17708 2
12999 1
4808 1
4813 1
4814 2
11617 1
4816 1
13009 2
13010 0
4819 1
13012 1
4822 0
13015 1
4827 1
13021 0
4831 1
13024 2
4833 3
4836 0
13029 3
13030 2
4839 0
4844 1
4845 2
4848 1
13041 2
13042 2
13043 2
2133 1
13045 1
4855 2
13053 0
4862 1
13055 1
13056 0
14464 3
4866 0
13060 0
13062 0
4872 2
4873 3
4875 0
4878 0
4881 1
13075 2
13078 0
4887 1
13084 2
13087 0
4897 2
13090 2
11739 1
4900 0
4905 2
6279 2
4910 0
12635 0
13107 0
13108 0
13110 1
13112 1
13113 0
4924 2
4927 2
4929 0
13123 2
4936 0
13129 2
4944 0
13140 3
18714 1
4956 0
13150 3
13153 2
4962 0
17211 1
13156 0
13157 2
13159 3
13160 1
13116 0
15714 1
4975 0
4979 1
13172 0
13173 2
13176 0
4986 2
4988 0
13181 1
13184 1
4994 1
4995 1
2894 3
4997 2
5000 3
11756 0
13196 0
5005 3
7661 0
5008 0
13202 1
5012 0
5013 3
13207 1
13209 2
2622 1
5020 2
13213 0
5024 2
13220 2
5030 2
5031 3
5032 0
5035 2
13229 2
13128 1
5043 2
13237 1
5046 2
13239 0
11764 2
5051 3
13245 2
5054 1
13248 1
13249 3
13250 2
2209 0
13256 1
9036 3
13259 2
13261 2
13263 3
5072 3
13265 2
13266 1
13267 2
5077 1
9052 1
13271 1
8898 1
5082 2
5084 3
13278 2
2213 1
13281 0
13282 2
13283 2
13286 3
13288 2
13289 2
13290 1
10407 2
13293 1
13295 1
18600 2
851 0
5108 1
13301 2
13303 2
13304 2
5113 2
13307 1
5121 2
5122 2
13317 0
7681 0
13320 2
5129 2
13322 2
11027 0
5137 1
5138 0
13331 2
13332 2
13334 0
5144 2
13337 2
14511 0
13340 2
1889 2
5150 0
5155 0
5156 0
13349 0
13352 0
13353 0
13356 2
5165 0
13360 2
13361 0
5171 1
13364 3
862 0
13366 0
13367 3
15448 2
5179 0
13376 3
5185 0
13378 2
3595 0
5189 3
13384 2
15708 2
2231 2
5196 2
13154 2
13392 0
5202 3
4963 3
5206 1
5208 1
17252 2
10426 1
5214 2
5216 0
13410 1
2235 2
13413 2
13414 2
18620 2
13420 3
11795 3
5237 0
5238 3
5239 0
5241 2
13435 2
5244 0
13437 1
13439 1
5248 0
5249 2
744 2
5253 3
13446 3
5255 0
5258 1
13455 3
13458 0
13460 0
5269 0
5277 0
5278 3
17264 0
5283 2
5284 0
5285 2
5289 0
13482 3
5291 0
13484 0
5293 2
13487 1
5297 0
9075 2
13494 3
13496 2
13498 2
7711 0
13501 1
13503 2
5317 0
5318 0
13512 1
5321 3
13514 2
13515 1
13517 0
13518 2
1181 3
13523 1
13524 2
199 1
5336 1
5338 0
13532 0
5342 0
5345 2
7718 2
13542 0
5352 1
13547 2
5357 1
5358 1
13551 2
5361 2
5362 2
5363 3
13559 2
5368 0
13561 1
895 1
5372 2
13565 2
5374 1
14549 2
17280 1
5379 1
5380 1
13573 2
5382 0
13577 1
13578 2
13580 2
5389 2
13586 0
13587 2
13589 0
18649 0
13593 1
14910 0
13596 2
18729 0
13600 1
5090 3
5410 2
13603 0
13605 2
13607 2
13608 2
5419 2
3634 3
13614 2
10461 2
5424 0
5425 0
14638 1
13657 0
13193 2
13624 1
13625 0
13626 3
5435 0
13628 1
5437 2
5440 0
5441 2
13638 2
13639 3
6371 0
13653 0
13655 1
5465 2
13658 2
13659 1
13660 3
5472 2
13200 0
13666 0
5477 0
5478 0
5481 0
13674 0
13676 0
5485 0
8438 2
13679 2
10473 0
13689 0
13690 2
13695 2
5505 0
5506 2
13704 2
14572 0
5514 0
5015 3
13710 2
920 2
11843 2
13718 2
921 2
13720 2
5531 3
13724 3
13727 1
13729 1
5538 0
5539 1
13732 2
13734 1
5545 1
3655 1
5021 2
5556 1
13750 2
5561 2
5562 1
13756 2
13759 0
5569 1
11851 1
5572 3
5929 1
5576 1
5579 2
5580 1
5581 2
5583 2
13780 1
5589 3
13782 2
13783 2
5593 0
13790 1
5603 0
13222 3
5607 1
5608 1
5612 2
5615 3
13224 3
13812 0
13815 0
11860 1
5626 3
5627 1
938 1
5630 2
7765 2
5632 1
18688 1
13828 1
5637 1
5639 2
13834 2
5644 3
5645 0
5646 2
13841 0
5650 0
16555 3
7826 3
5657 1
5658 3
13852 2
3675 1
5670 1
13864 2
5673 3
5674 1
13867 2
3677 2
13873 2
13876 0
5685 2
13879 2
5690 1
8100 3
13884 2
5699 0
13892 3
13893 1
11873 1
13897 0
13898 3
13899 0
13900 0
13902 0
13909 2
13913 0
13917 2
3685 2
13920 2
5729 0
13922 1
15974 1
13927 1
5736 2
13930 1
6803 1
10514 2
5053 0
5747 0
13941 0
5751 2
2324 2
5754 2
5758 2
13951 3
13953 1
12968 1
13959 1
5769 0
962 2
5776 2
5777 2
5778 0
5782 0
5785 2
13978 2
5787 0
13981 3
13982 0
13984 0
17378 3
18715 3
13990 0
13992 0
13993 2
13995 2
13997 0
13999 1
14001 2
14002 0
14003 2
5812 0
17353 1
10832 0
14015 0
5826 0
5828 0
5830 2
5831 0
14028 1
5840 0
14036 1
11932 0
14041 2
5851 3
5853 2
14046 0
14050 1
5859 2
5862 2
5865 1
14064 0
6440 1
5874 2
5875 2
5879 2
14073 0
7807 2
14077 3
17365 0
14084 1
5894 0
3713 2
14090 2
5901 1
5903 2
14096 1
5907 2
14100 0
5909 3
3470 1
14103 1
5913 1
14109 3
10023 3
5922 0
17770 3
14116 1
5925 2
5928 2
14121 3
5930 2
5931 2
5935 0
14131 1
14132 3
14133 2
11109 2
5945 2
14138 1
14139 1
5948 2
5957 1
13019 2
14157 2
14163 0
8655 2
5975 3
14168 1
14170 1
16015 1
5982 2
1563 3
14177 2
15475 0
14180 1
5989 2
14186 2
14187 0
14189 0
5998 3
5999 2
16021 0
6001 0
6002 1
6003 1
14197 3
6006 1
6008 1
14202 3
18751 3
5098 0
6015 0
14212 2
6021 2
6022 2
14215 0
14218 0
14219 0
14221 0
14222 0
14225 0
2371 2
6037 1
6044 3
10565 2
14240 1
14242 0
14245 1
6055 1
6057 2
6059 1
14253 2
14255 0
6065 2
6067 2
6069 1
6071 2
14265 2
14266 0
14268 2
13023 2
5109 1
6080 1
14274 2
14275 1
14280 0
14282 1
6093 0
6094 2
14287 1
6097 3
16035 3
6102 2
13305 2
6104 2
6106 0
6108 2
6109 1
14302 2
14309 0
14310 3
14314 2
11943 0
14320 2
6129 2
14322 2
14323 2
6132 2
6135 2
9215 0
6140 2
14335 2
6146 3
6150 0
9217 2
14344 0
14345 3
6154 2
10583 2
14349 1
6158 2
14352 2
14353 0
6163 0
6164 2
14357 2
6169 2
14362 1
14363 1
6172 0
6174 2
14367 1
6176 1
14369 2
6182 0
6183 2
6187 2
14380 0
14385 1
14386 2
6196 2
14390 0
14391 0
16846 1
1843 0
14394 2
6203 2
13300 2
6206 2
6207 2
6209 2
14402 0
6211 0
14407 1
14690 2
1037 3
16343 1
6225 2
9230 0
14422 3
6231 2
14427 2
6236 0
14429 1
14430 3
14431 1
6240 0
9232 2
6243 0
14437 2
14439 2
6248 2
6251 2
14444 2
7869 2
17554 2
14449 2
14451 0
6260 1
14453 0
14455 0
14458 2
6267 2
8392 2
6269 1
6270 2
6272 3
16064 2
14699 0
14471 1
860 3
14477 0
6286 3
16849 0
7875 1
14484 3
6293 1
14488 3
14489 1
14490 2
14492 0
1301 2
14501 0
14502 1
14503 2
14505 2
14510 2
6319 1
14512 1
14519 0
6330 2
14533 2
14538 2
6348 3
6349 2
2424 3
14546 0
6355 3
6357 2
13348 1
3791 2
18819 0
6367 2
6368 2
6369 1
18811 1
6373 1
6374 1
18812 2
1063 2
6380 0
6381 1
6383 1
14576 0
14584 0
6393 2
6398 3
6399 0
14592 2
12761 2
6404 0
14597 1
6407 2
6411 1
14604 2
6416 3
6418 0
14611 1
6424 0
6426 1
1071 1
6429 1
14625 2
4033 2
8117 2
6439 2
14632 2
4973 0
6445 1
6446 2
6448 1
2440 2
14642 2
14644 1
14647 2
6456 1
14650 1
14651 2
5173 2
6465 0
6467 2
14661 2
6470 3
14664 1
14666 2
6475 0
14668 0
14867 0
14675 2
6488 2
6493 2
5399 3
6498 2
6499 2
6500 3
14401 0
5672 3
6504 2
6506 2
6507 2
6511 3
6513 0
6516 3
6520 0
6522 2
6523 2
9219 1
14724 2
14725 0
14730 1
5186 0
14734 0
3821 2
14736 2
14737 2
14738 3
14743 2
6553 0
14748 0
2946 2
14751 2
14755 1
7038 0
17131 1
14761 1
816 0
6576 2
6577 1
6578 2
14773 0
6583 2
14778 2
14779 2
6588 1
14782 2
6592 3
14785 2
6594 3
6595 0
14789 2
14791 2
1100 0
6604 2
5197 3
14800 2
5063 2
6612 2
6616 1
6617 2
6619 2
6620 2
6621 2
6624 2
6626 3
14820 2
6631 2
6632 2
6633 0
14828 0
14829 2
14830 2
7791 1
6641 0
6642 3
14838 1
14845 0
14846 1
17493 0
14849 2
6664 2
6675 3
14868 2
14869 1
6679 2
7940 0
14874 2
14878 2
2132 0
14881 1
6690 1
17499 2
6692 2
14886 1
14887 0
6697 2
6701 1
6702 1
6703 1
6704 1
6705 0
14899 1
6708 1
6709 0
6710 1
14904 2
14905 2
6715 2
14908 1
14909 1
6718 2
2485 0
14913 2
6722 2
7947 2
14916 0
14917 1
14918 3
6727 2
14920 0
14921 1
2487 2
1122 1
6740 1
9316 0
6747 2
12429 0
14942 3
14945 1
14947 1
14948 0
14949 0
14951 2
14953 3
14955 2
6765 0
6770 2
14963 3
14965 0
14966 0
14967 0
14968 2
14972 2
11229 2
6782 1
1027 0
6787 0
6788 1
14981 1
14983 2
14984 0
12774 1
14986 0
14989 0
6798 1
13047 0
6801 1
14787 0
14996 2
14997 0
6806 0
6807 2
6809 0
6810 1
15004 2
15008 2
15009 2
6818 2
15014 0
6828 1
1138 2
6833 1
6834 0
6836 1
6837 1
6839 3
3501 1
15034 2
6843 2
6845 0
6846 3
15039 2
6849 0
6850 1
6851 1
15044 1
6855 1
15048 2
14796 2
6860 1
6861 0
15055 2
6867 1
6868 1
2510 0
15062 1
6871 0
15066 2
15067 2
15068 2
15069 2
15070 2
15072 0
6881 2
15074 0
7974 0
6886 2
15079 3
6888 3
15081 1
6890 1
6892 2
15085 2
15087 2
6896 1
15094 2
3881 0
15096 3
14804 2
1151 1
15102 1
6912 2
15105 1
15106 1
15107 1
15109 1
15110 1
15112 1
6923 0
6926 3
15119 0
15122 2
9347 1
15124 3
6933 3
14809 2
6936 1
6937 0
6939 2
6942 1
15135 2
15137 3
6946 2
14811 2
15140 0
15141 1
15143 2
15144 0
15145 0
6954 3
6955 0
15149 0
9352 1
15155 0
6964 1
6965 2
15160 1
15162 1
6977 0
15170 1
15175 1
15177 2
6989 1
5923 3
17849 2
15189 0
6998 2
15191 2
15192 0
7001 0
15194 2
7004 2
7005 2
7006 2
7008 2
7010 1
7012 0
11963 2
15209 1
7018 1
15212 3
15213 0
15214 1
7023 1
7024 2
15217 2
7026 0
7028 3
7029 0
15225 1
7035 0
15230 2
15231 0
7040 0
15234 3
2539 2
7044 3
1174 2
338 1
15241 2
15242 0
7052 1
15245 2
7054 1
7056 2
15249 2
15250 3
2542 1
15261 2
7070 2
15264 2
15266 1
7075 3
15268 0
15269 1
15270 0
7083 3
15276 2
7085 0
15278 3
7087 1
15283 0
236 0
16201 1
15288 3
7097 2
17567 3
15292 1
15293 0
7103 2
5721 3
7109 0
13473 3
15304 2
7114 2
15307 2
7116 1
17570 2
7120 2
7123 2
15316 1
8014 2
7126 0
2553 1
7129 2
7130 0
7132 0
7134 1
13477 2
7136 0
15329 2
7139 0
15332 1
15333 2
7142 1
9383 0
15345 0
7155 2
7157 2
7158 2
5290 3
7166 3
7172 0
15365 1
11150 2
15368 3
15373 3
15374 0
15375 1
15376 3
7185 2
7186 3
2563 2
15385 2
7194 2
10757 2
15393 2
7203 2
7205 1
7206 2
13489 0
7208 2
15402 2
3103 0
7214 2
15409 2
7219 3
15413 2
7226 0
7227 2
7229 0
7230 2
9397 2
15424 0
15428 2
12516 3
7242 0
15442 0
17593 2
7256 2
7264 2
15457 2
15461 0
15462 3
15463 0
15467 0
17597 1
7280 0
7282 2
7283 0
10772 3
15482 1
15485 3
7294 0
15487 3
15488 3
15490 1
15492 0
15493 2
15496 0
7306 2
15499 2
15503 2
15504 0
15507 2
7316 2
12142 2
15511 0
15513 0
15515 0
15516 2
15517 1
15521 2
7330 0
7332 2
15525 2
15527 1
7336 0
15533 2
15539 0
15540 2
15543 1
9418 1
7358 0
15552 1
11429 0
7362 1
7363 0
15556 1
15558 1
7367 2
15561 1
15565 1
7374 3
6691 1
15574 0
14884 2
7386 1
15579 2
15582 0
15584 2
7394 2
7395 1
15589 2
7403 1
7405 2
7407 2
7408 2
15602 2
15603 1
7415 2
15608 1
17620 0
15610 0
15614 0
17780 1
15616 0
15617 2
6794 2
15625 1
17623 1
15628 3
18524 1
13528 2
15634 0
7443 0
15637 2
15638 2
7447 2
15641 0
7450 2
7452 2
7453 1
7454 1
15647 1
15649 3
15650 0
7460 2
7461 1
15654 2
15657 2
7467 2
15661 1
7472 3
7473 1
7474 2
15668 1
15670 3
15672 1
7481 1
8978 1
7483 0
15676 0
15677 1
1613 2
15679 0
7488 2
7489 2
15684 0
7496 0
2159 3
15694 1
15695 0
6712 2
9443 2
6713 0
15704 0
15705 1
15706 1
7516 2
7518 3
6797 2
15713 2
7522 2
15715 2
18254 2
15721 2
7530 1
15723 0
15725 0
7535 0
7538 3
7541 1
15734 2
17641 1
7544 2
16276 1
15738 2
15741 1
15745 2
7555 0
15748 2
7557 2
2625 0
7561 2
15755 0
14914 2
15758 2
15759 3
15760 0
15761 2
2707 0
6724 2
7580 2
15773 2
6725 0
15776 2
15778 0
15780 0
15781 1
15782 1
7592 2
7593 2
7594 3
15788 1
7598 2
15792 2
9459 2
15798 1
7608 0
1268 0
15803 0
7612 1
15809 1
7618 0
14923 0
12193 0
15817 2
15818 2
7627 0
15820 1
7629 0
14925 2
1272 3
15826 3
16291 2
9465 1
7640 3
7641 0
15834 1
15837 0
15839 1
7649 2
17659 2
7653 0
7654 1
15847 1
7659 1
15852 2
15853 1
15855 1
7664 3
7665 0
7667 1
7670 3
15863 2
7672 3
13567 3
7677 3
15871 1
15873 0
7682 2
7683 2
15877 0
17665 2
15880 1
7693 2
7695 2
17348 0
7699 2
15892 1
4014 2
16896 1
7704 1
15898 2
7707 2
7708 1
7709 3
15902 1
17669 2
7714 0
15908 1
1286 2
15910 1
15911 3
7720 0
15916 0
7728 2
7730 1
12211 2
7732 1
7736 3
14715 2
18534 2
7742 1
7743 2
7746 2
7747 2
7748 2
7751 2
2658 2
7759 1
15954 1
14127 2
15957 0
7766 1
15959 1
4623 2
15962 0
15963 2
7775 0
7777 1
7778 0
4027 0
15972 0
2714 0
7783 0
7784 0
15977 0
15979 1
15980 2
7789 2
7790 1
15983 2
15984 0
15986 1
17683 0
7796 3
15989 2
15990 2
15994 2
15997 1
15999 1
16000 2
16001 0
16003 2
16004 0
16005 1
16321 0
7817 1
16010 0
7819 3
7820 2
16014 2
14957 1
7825 0
16018 1
7829 1
7831 1
16025 1
16026 2
1306 3
7838 2
16032 1
11445 1
7843 1
16388 2
16037 1
2673 1
16041 1
8135 3
7852 3
16045 3
16046 0
7855 3
16049 1
16050 3
16053 1
16056 1
7865 2
16058 0
16059 0
16060 2
16061 1
16062 2
7581 0
7873 1
16067 2
7878 0
16073 1
16075 1
13602 2
16081 2
16085 0
16086 0
7895 1
16088 1
7897 2
7898 0
16091 2
7900 2
7902 0
16096 2
7906 2
5446 1
9510 0
7910 3
7911 2
1319 0
16108 2
16110 2
7921 3
16114 2
16115 2
18813 1
16120 1
16126 0
16129 1
16130 0
16132 0
7941 0
16134 0
10881 2
16136 1
7945 2
16138 2
16139 2
5421 2
16144 0
16145 0
17710 2
7958 2
7960 0
7961 2
5423 0
16157 2
16159 0
653 2
7970 1
14566 3
18269 2
7975 2
16168 0
8156 1
7983 0
7986 2
16183 2
16184 2
16186 2
16189 0
17997 3
8001 1
16196 1
16197 0
16198 0
8009 2
16203 0
16206 0
16207 0
5432 0
8022 0
8024 0
8028 3
16224 2
16228 3
14993 0
5436 3
16238 3
9533 2
16240 1
16243 1
8054 2
16248 2
18057 2
16251 2
16252 1
16253 2
9536 0
16261 1
16263 2
16265 1
8075 2
8725 1
8079 0
8082 0
269 0
16277 2
16279 0
16285 0
8095 3
16288 1
16290 0
10907 1
16292 0
8101 1
16297 0
16300 3
16306 1
8115 2
8116 2
16309 1
8119 0
8126 0
16319 0
8129 2
16327 1
15001 1
8138 3
16331 1
8143 0
8144 1
16337 2
8146 2
10915 2
16340 0
16342 2
11522 2
16344 2
10916 2
8155 1
16348 2
8159 3
16356 0
8166 2
8168 2
8170 2
8172 1
8180 0
8190 2
16376 2
16379 2
16380 0
16382 1
