8192 2
16386 2
16387 2
16388 2
9558 1
16391 1
8200 0
16394 1
16396 1
16397 1
16 0
12515 3
8210 0
16404 3
21 0
16406 0
16407 0
1211 3
16411 1
16412 0
29 0
16414 2
8223 0
8226 2
17755 0
16422 2
41 0
8236 3
16430 2
1373 3
8241 2
52 1
13912 1
8250 1
16445 2
62 2
66 1
8259 2
16452 1
1377 2
16456 2
74 0
16459 2
17762 2
16466 1
8275 2
8276 1
8277 2
16470 1
88 2
8283 1
93 3
16478 1
8288 2
97 0
99 0
16484 1
8293 1
102 1
16488 2
8299 1
108 2
6845 0
113 2
115 1
117 0
16502 0
17769 0
8312 1
8212 0
122 3
16507 1
8317 1
126 2
16514 2
132 2
133 2
16518 2
16519 0
16804 3
8329 0
16522 1
8331 2
8333 2
5485 0
144 2
8337 0
15043 2
150 2
8343 1
6852 0
8346 1
16540 2
157 0
158 3
8351 1
16545 2
8354 1
16548 0
16549 2
17077 3
17777 0
12989 2
8363 1
8368 1
177 1
183 2
16415 2
16572 3
190 3
8383 2
8385 0
194 0
197 2
8391 2
200 0
16586 2
203 0
8396 0
206 3
208 2
209 2
8402 2
16595 3
212 0
8406 1
8407 2
16600 1
218 3
8412 1
16605 2
223 2
226 0
11840 0
230 0
9555 1
8427 2
16620 3
237 2
8430 2
8434 0
8435 3
246 0
248 1
10964 0
8443 3
16636 2
10464 1
16638 0
8447 0
16646 1
263 2
264 0
8458 1
8460 2
18558 0
270 0
9829 2
8465 0
17795 1
8468 0
16663 2
280 3
8473 2
8474 3
283 3
16669 0
8480 1
289 2
8483 0
8484 3
8485 2
8486 2
16433 2
296 0
297 2
16683 2
300 2
8495 2
8496 2
305 2
8498 3
307 0
8502 1
11457 2
8506 1
16702 3
319 2
320 3
8513 0
8194 1
16707 0
324 1
328 0
330 0
16716 0
16718 1
16719 2
4152 2
338 1
339 3
16725 1
16726 0
16727 1
344 2
8539 1
16732 1
10650 2
8543 3
354 2
8548 2
16741 2
16742 1
359 3
16744 2
363 2
365 2
8559 3
8561 0
371 0
8564 2
8565 3
374 2
16761 1
8570 1
379 0
4377 3
16765 2
383 0
387 0
13718 2
16774 1
392 1
6892 2
8586 0
8588 1
8258 0
400 0
8593 0
8594 1
16451 0
10990 0
16790 1
8599 0
8260 0
410 2
8197 2
16799 1
8608 1
8609 2
419 0
420 1
17131 1
16806 1
16807 1
424 0
8617 0
16811 2
8621 0
16814 2
17821 2
8625 2
16818 0
438 0
8632 2
442 1
9631 1
444 2
8266 2
446 2
16831 1
450 1
8643 1
8644 2
454 2
455 1
16841 2
459 0
8654 0
16847 0
8658 0
16854 2
8665 2
8666 2
16865 0
483 2
16868 2
485 2
486 2
13928 1
16874 0
491 0
16876 3
8687 2
496 2
8689 2
8690 1
8691 2
500 2
15102 1
16886 2
503 3
504 3
505 3
16891 3
508 0
509 3
8702 2
16469 1
8704 0
6912 2
16900 2
517 0
16902 2
16904 3
16907 0
524 2
525 0
8718 2
8719 3
528 2
8721 2
16914 1
6915 1
532 3
5550 2
8726 2
8727 0
8728 2
538 0
8731 0
8732 1
543 2
16929 2
16930 2
91 1
548 1
550 1
551 1
8744 2
15061 0
8746 2
8747 2
558 1
16946 2
8758 2
8759 1
8761 1
8762 1
4191 2
573 1
8767 0
577 1
8771 3
8772 0
581 1
583 1
584 2
585 2
8778 1
16971 1
16972 1
16973 0
590 1
591 1
16976 1
16977 0
12387 2
596 1
4657 1
599 0
601 1
8795 3
8796 0
8797 3
606 0
16992 2
16993 2
8802 1
611 1
8805 2
614 2
8808 0
17001 0
17002 1
8811 1
8812 2
621 2
8814 2
18297 0
17008 2
17010 1
630 0
8827 2
17020 3
17021 0
17022 0
639 0
641 0
8834 2
8835 1
17028 0
8841 2
8842 2
8843 2
17036 2
653 2
654 0
8848 0
6936 1
17042 2
661 1
662 0
8855 1
17048 3
17049 1
17050 1
111 3
17052 2
17053 2
8862 2
17055 2
673 2
674 0
17059 0
17061 2
8873 2
682 0
17070 3
15133 1
17074 1
17075 0
11038 2
1481 0
17080 2
700 2
1660 1
13858 0
17093 1
8902 2
11041 2
712 2
17097 2
714 1
17099 2
8912 3
8914 2
8916 2
725 1
17110 0
8919 2
8921 2
730 2
8925 2
17118 2
17119 0
9680 0
3025 1
2854 1
742 0
9681 2
744 2
745 1
8938 2
8939 2
8940 2
8941 2
750 2
16509 1
17136 0
17137 2
755 2
17141 2
15145 0
8952 2
8953 1
8954 2
8955 1
764 2
1662 2
766 1
8959 0
8963 2
774 1
8967 1
17160 0
17161 2
17164 1
8975 2
13784 1
17170 3
787 2
788 2
17173 1
790 2
8984 1
17177 0
8986 2
17179 1
8988 3
17181 2
8991 2
8992 3
11056 0
1499 3
17188 2
8997 0
2865 3
9000 1
17193 2
135 1
814 2
9008 0
17202 0
9011 2
17205 1
17206 1
9018 2
17211 1
17213 0
6965 2
832 2
17220 1
9029 0
9034 0
17227 1
844 2
845 1
9038 2
17231 0
851 0
852 2
17237 2
17239 1
856 0
16527 2
17244 0
861 2
862 0
17248 1
9057 1
9058 3
17254 1
873 1
9067 2
17260 2
877 3
879 2
882 0
9075 2
17268 1
9078 0
9079 1
17272 0
9082 2
891 1
17276 0
9086 1
9088 3
900 1
9093 1
9095 2
17290 2
151 1
9101 0
910 1
911 2
17296 3
17299 0
17300 1
918 0
919 0
920 2
9113 0
17307 2
9116 1
17309 0
17310 1
17311 2
17313 2
932 3
936 3
9129 2
9132 2
11488 1
9135 1
9136 2
17329 3
9138 0
947 2
15580 2
17333 2
9142 0
952 1
16543 2
17342 2
8488 2
961 1
964 3
9157 3
9158 3
161 0
970 0
5623 0
17356 2
162 2
17359 0
17360 2
17365 0
17366 0
17367 1
17368 1
9178 1
988 0
17379 2
17381 2
13820 1
17386 0
9196 0
17390 1
17391 0
9200 0
13127 2
17395 2
17399 2
9209 1
9210 1
1019 0
9213 3
1022 2
17409 1
9218 2
1027 0
1028 1
334 3
1030 2
9223 1
17416 1
1037 3
1038 0
14355 2
1040 0
9236 1
1045 1
17430 2
15193 1
17432 2
3581 0
17437 0
9247 0
17440 2
17441 2
17442 3
17444 3
17926 0
17450 1
9259 3
9262 2
17455 0
9264 1
17457 0
17460 1
9270 2
1080 1
9274 2
11103 0
17468 1
5642 0
1089 3
17474 2
9283 1
17476 0
17477 1
9286 0
17480 2
1548 2
1098 2
1758 3
9292 1
17487 2
1106 0
9300 1
1109 3
9304 2
1113 2
1114 1
9307 2
9308 1
9311 2
9312 2
9313 0
9316 0
9318 0
1553 1
17512 1
17513 2
17514 2
17517 1
17519 2
17520 1
1137 0
1138 2
1139 3
9332 2
2517 0
1144 2
9337 3
191 0
17532 2
17536 2
17539 3
17541 1
17542 1
9352 1
17548 1
17549 1
1168 3
17553 2
9362 0
9364 2
7022 3
1174 2
17559 2
17560 1
1177 2
1180 1
9754 2
17566 3
9376 0
17570 2
17571 1
17574 1
17576 1
17577 1
9386 2
1195 0
17581 1
17582 0
9392 0
9860 1
9397 2
17591 1
9402 2
17595 2
1212 3
17597 1
17598 2
1215 1
18044 0
1218 2
17604 0
11126 1
9414 0
17607 2
1225 2
9418 1
1227 0
17613 0
9424 1
9427 2
9428 2
12494 2
9430 0
1242 3
1243 2
17628 2
16681 1
1249 0
1250 0
1251 1
17636 1
17637 0
17638 0
17639 1
17640 1
17641 1
17642 1
17644 1
17645 0
1262 2
7037 1
1264 3
17649 1
17650 1
9461 2
1270 0
1271 0
9044 0
17657 0
17660 2
9770 1
17662 2
17664 0
1281 0
9474 1
9771 1
1284 1
17669 2
1286 2
9479 2
1288 2
1290 1
9483 3
9484 1
11138 2
9486 3
17680 0
1298 2
1299 1
9492 2
17685 2
17687 1
17689 2
17690 1
1583 2
1309 2
9503 2
5772 0
17699 2
9508 0
17702 2
6045 1
1321 2
1322 2
17707 2
1324 2
9517 3
9518 2
1331 1
9525 2
1335 2
1337 0
9531 2
1340 2
17725 0
17726 2
1343 2
9536 0
9540 2
9541 1
9543 2
17736 0
15244 0
17738 0
1355 1
9548 0
9549 2
1358 2
1359 1
17744 1
11502 2
1363 2
1365 0
1366 0
1370 2
9563 0
1372 1
17757 1
1375 2
9569 2
1378 3
17979 2
1381 2
1383 2
17504 2
9578 1
1389 3
1390 2
9583 2
1393 2
11155 0
1396 2
17781 3
9590 2
9591 0
9592 1
1401 2
9594 2
17787 3
9597 2
9599 0
1408 0
9601 2
1410 2
16619 0
9606 1
1415 2
17801 2
1418 0
9611 2
1420 0
9615 2
9616 0
9618 0
17811 1
17176 2
9623 2
17819 2
9629 1
17822 3
1605 0
3501 1
1442 2
17827 1
9636 2
9637 1
1446 2
9639 2
8775 0
17835 2
17837 1
9646 1
17840 2
17842 2
1461 2
17846 0
9657 0
17850 1
17851 1
17852 2
9662 2
1474 2
9669 2
1479 3
9673 1
9675 1
9676 2
1485 3
9678 3
17997 3
1488 1
16632 2
17880 0
17882 0
9691 3
17885 0
9694 0
17887 2
9696 1
10143 1
17893 0
9702 2
17896 1
9705 0
9706 1
9708 2
9810 2
9712 2
1521 3
1523 0
9722 2
9230 0
17919 0
1538 2
1539 2
17924 0
1542 2
17932 0
17934 2
17935 1
17937 2
17939 0
7086 0
1558 3
2234 2
1561 2
1562 0
7087 1
17948 2
9759 0
17952 2
16419 1
17956 2
17957 0
9768 2
1578 0
16647 0
17964 0
9773 2
9775 0
17969 0
2995 2
1589 3
1591 1
9784 2
17977 2
9787 3
1597 1
17982 2
9791 2
9792 2
17985 2
17987 0
17988 3
17989 1
9798 0
1608 1
9801 2
1610 1
17995 2
17996 1
1613 2
8461 3
18001 2
1618 1
1622 2
3001 2
9817 2
18012 3
15290 2
18014 3
18015 2
9825 0
9826 2
1638 0
9830 2
18027 2
1645 0
18030 2
18032 0
18033 0
18035 1
1652 2
9845 1
1655 2
2510 0
276 3
7103 2
9852 0
1661 1
9854 1
9855 0
9856 1
1667 1
18052 0
1671 1
18056 0
9865 3
1674 2
1677 0
18062 2
18066 1
18067 0
1687 2
1688 0
18074 3
18076 0
9886 0
9887 3
1696 2
1648 1
18083 1
9892 0
1703 1
9896 2
1705 0
9900 2
18096 2
1713 0
18098 2
18100 1
1717 2
18109 2
18110 1
18111 1
1738 2
13943 2
1740 0
18126 0
13697 2
18130 1
16675 0
9940 2
1749 0
18134 2
1657 2
1753 3
18138 2
1695 2
18141 0
18142 1
18143 1
18145 1
1763 0
1767 2
9960 0
1769 2
18154 1
9963 0
18156 1
18045 0
8788 2
18161 1
1779 0
18165 0
18166 0
18167 1
1790 2
1791 3
18048 2
18179 1
1800 0
18186 2
9995 2
16706 1
9998 0
9999 2
18194 3
10004 2
18199 2
18201 1
10010 0
18203 2
5765 2
16688 2
10019 3
18212 1
18218 2
18219 0
18221 2
10030 2
10032 1
18225 2
10035 2
10036 2
10038 2
18057 2
18232 2
10043 1
1852 1
1853 1
10048 2
10050 1
18243 0
10053 1
10056 2
13964 3
18250 2
18252 1
1869 0
18264 1
1882 0
1884 0
18269 2
18270 3
1887 2
10080 2
18275 1
10084 1
18279 1
10088 1
10089 2
18282 1
3047 0
18284 1
18287 1
10099 2
8510 2
18294 1
1911 0
1913 2
1916 3
1918 2
1920 2
1921 2
18306 2
1924 2
1925 3
15067 2
1927 3
18312 1
10123 2
18316 1
10125 1
1934 0
10132 1
1944 0
18329 1
18334 1
1951 1
10149 1
18344 2
1961 2
10154 0
10155 2
1964 2
1965 2
1966 0
1969 0
1970 0
10164 2
18357 2
18358 3
18361 3
1978 0
1979 1
18365 1
18366 2
10176 1
18372 1
18374 1
1991 2
18376 2
332 2
10188 0
1997 3
10190 0
18383 2
18384 2
5687 2
10196 1
2005 1
2006 1
15398 0
281 3
2009 0
18394 2
18397 1
2016 0
18401 1
12615 2
18404 2
10213 2
10216 2
2027 0
10220 0
18413 3
18414 3
2032 0
18419 1
18420 2
18421 3
14798 2
10233 1
18426 1
2043 1
8426 2
2047 2
18434 3
5803 1
2053 0
18439 2
18443 2
2061 3
10254 2
8536 1
887 2
18452 2
10261 2
4441 1
2072 2
2073 2
10270 3
10271 0
18464 0
16731 0
18469 2
2088 2
18475 0
10285 1
10286 1
10287 2
2096 1
2097 3
18482 0
18483 2
10294 1
11273 3
1716 1
18491 0
2108 3
11274 2
18494 1
2112 2
10305 2
2115 1
2116 2
10311 2
2121 0
10315 0
10317 1
2126 0
10319 3
2128 1
2129 1
10322 0
18515 2
10324 1
2137 2
2138 2
15375 1
18524 1
10333 1
10335 2
10337 2
18530 0
10340 3
358 1
10342 2
2151 0
2152 2
18538 2
15378 0
2158 1
360 2
2164 2
1726 2
10358 2
9507 0
1727 0
2173 1
10366 2
2176 2
2177 1
18563 0
10372 1
18567 3
2185 2
9620 2
2189 0
18574 2
18575 3
10384 0
10386 1
18579 2
2196 0
12654 0
2198 1
2199 2
2201 2
18586 2
14581 1
2208 3
18594 2
2212 1
10406 0
10407 2
18600 2
3100 0
10410 2
14023 1
10412 2
10413 0
2222 2
4270 0
18609 0
8563 2
10420 2
3102 2
10422 2
2231 2
10426 1
2235 2
2236 2
18622 2
18629 2
18632 2
18634 1
2254 2
18639 1
18640 1
18641 2
10450 2
2259 1
18644 2
18647 2
18649 0
2266 0
18654 0
2272 0
18659 1
11302 0
18662 2
18663 3
18666 2
2283 2
2284 2
10478 2
8581 0
10480 2
18673 0
18675 0
10485 1
10486 2
10488 2
10489 0
18682 1
12671 0
2304 0
18689 2
18692 2
2309 2
10502 2
10503 2
10505 2
15080 2
10511 0
18704 1
18705 2
18706 2
18707 1
2324 2
10517 1
18710 2
10521 2
10522 1
10523 2
2333 2
18719 0
10530 1
2260 2
18725 1
10535 2
10537 2
2346 0
9781 1
18733 2
18734 2
10543 2
2352 3
18738 0
10547 2
14263 2
2359 3
2362 2
1759 2
10559 2
2368 1
2371 2
10564 2
7222 0
10568 1
2377 0
12627 0
10572 3
10575 1
2385 2
18771 2
2388 2
2389 2
2393 3
10588 3
10589 2
2399 1
10595 2
4990 2
18790 0
10599 0
12628 1
10602 2
1444 2
10605 1
10606 1
10607 1
1768 1
10612 2
2421 1
10616 1
18809 2
2426 1
2427 2
10621 2
10622 2
12693 1
10624 0
2433 1
2434 2
18155 1
10628 2
2440 2
18831 2
18833 0
2450 2
2452 2
14062 3
18838 0
18839 2
10648 2
2458 0
18844 1
16794 3
10654 1
2463 3
1173 2
10660 2
18853 2
10663 3
2472 2
2475 1
10668 2
1653 2
10672 2
14067 0
1992 2
2485 0
2486 2
2491 0
2498 2
2499 3
2501 1
2503 0
2505 3
10702 2
2512 0
2513 1
8611 2
2516 2
10709 2
10711 2
10712 2
10713 2
10714 1
2524 1
2525 1
2527 1
2528 0
2530 0
10723 2
10726 2
10727 2
423 2
3154 3
10734 1
2546 2
10740 1
2549 2
2551 0
10745 0
2555 1
2557 0
2558 1
10753 2
2563 2
2566 3
15634 0
2571 1
5418 1
2576 0
10771 1
2580 2
10774 1
2583 3
17544 2
2587 1
10780 0
10783 3
10784 0
10786 2
10789 2
2600 2
16261 1
10796 2
5200 0
10799 1
10800 0
10802 0
10803 3
2613 1
2615 2
10808 3
10809 1
10812 1
10813 0
2622 1
2623 0
10816 0
10817 1
2630 1
2633 2
2634 2
2640 2
440 1
2648 3
18191 2
7819 3
10845 2
2654 2
2655 2
2657 0
2658 2
10851 1
10852 2
10854 0
10856 2
12732 1
10863 0
10864 2
10865 1
10870 2
3177 3
2681 0
10879 2
10883 2
10884 0
17275 0
2702 2
10895 1
1181 3
10897 3
451 1
10901 2
2714 0
2715 2
10911 2
2722 1
12595 2
2729 1
16839 0
2739 2
2742 2
18207 2
2750 1
2751 0
2752 0
12747 2
2758 2
12457 2
11383 1
2769 0
2772 2
1828 2
2778 2
2783 3
2788 0
10981 0
10982 0
2791 2
2794 3
466 3
2798 0
2799 3
10996 1
2807 3
11002 3
11003 0
11004 2
11005 1
7296 0
10027 2
11012 2
11014 3
11015 2
11016 0
2825 2
2826 2
2835 2
16857 1
2840 0
11034 2
11037 1
2846 2
3205 1
11040 3
18224 0
2850 2
2851 1
11045 2
11046 2
14129 1
2856 2
11053 2
4573 1
2864 2
11057 2
11059 0
17095 0
11065 2
2874 0
12767 3
3369 2
2880 2
2278 2
2882 2
2884 0
18230 0
11078 2
11082 2
2891 2
18805 3
2893 0
11086 1
11087 2
11090 0
2903 2
2904 1
11097 1
2909 1
2911 2
11106 1
11109 2
11110 3
11112 1
5948 2
2922 1
17828 3
2925 2
2927 2
2928 1
11125 1
2934 0
11128 2
11132 2
2942 2
2944 2
17556 2
11139 1
11141 0
11142 1
11145 2
2956 3
11149 0
11150 2
11152 2
2963 3
11156 2
2968 2
11163 1
2973 2
11167 1
8688 2
11177 0
2986 0
2988 0
11183 2
2992 2
11187 0
2998 0
18249 3
3000 2
11193 0
11194 2
8858 2
3016 1
14157 2
2010 1
8696 2
11218 1
11220 1
3030 1
8697 0
11225 0
3034 2
3036 0
3038 1
3040 2
3042 2
9103 2
11238 2
11239 2
3048 3
3050 0
3052 1
16893 2
3056 2
3057 0
3058 1
11259 2
3070 2
3072 0
16896 1
11267 2
3079 2
3081 2
3082 2
3086 0
3093 3
3094 2
8708 2
3098 1
11292 0
3101 0
11294 3
11295 2
3104 0
15078 2
3110 2
11641 2
3114 3
11307 2
3118 0
11312 2
12809 1
1468 2
11327 2
18272 0
11330 1
11331 3
11446 1
11334 2
11335 2
11336 2
11343 2
11346 2
11348 1
11349 0
1892 1
9350 2
3169 3
3171 2
11366 0
11367 0
11368 0
11369 2
3178 1
11371 2
3182 3
3261 1
3186 1
11379 3
15550 0
11382 2
3191 2
11393 2
11397 2
11398 2
3207 2
3731 1
3213 0
11406 3
3215 2
3216 2
11409 1
3218 3
11411 2
3223 2
10095 2
11421 2
11425 2
16923 2
3236 0
3237 1
11430 0
11431 2
11432 0
3241 1
3242 3
11441 3
6003 1
3252 3
11445 1
9110 2
11450 2
16927 1
11452 2
11453 2
3263 2
14566 3
3266 0
3270 1
545 2
3274 1
3276 1
3280 2
3281 3
8739 3
11476 0
3286 1
10105 0
3288 2
3291 2
11484 1
3294 0
11487 0
3296 0
11491 0
3302 2
3310 2
6013 2
11504 3
3313 2
3320 2
11513 3
16938 0
11518 2
3327 0
3330 1
16939 1
10113 2
11528 1
11532 2
3341 0
11480 0
3348 2
11543 2
3352 1
3354 2
9659 1
3358 0
3359 3
11553 2
11554 1
3363 1
11559 2
11561 2
10119 1
11565 1
3375 2
3377 2
3379 1
3380 1
3381 1
3382 0
11575 0
11578 1
3387 1
11583 0
3392 1
3393 1
3394 2
3395 1
3396 0
3399 0
1477 1
567 2
3407 0
11603 3
10126 3
11612 3
3422 1
3424 3
11617 1
11620 1
3430 3
11626 0
3435 3
11631 2
9389 0
11634 2
3187 2
11638 2
11640 2
7207 0
8571 0
3453 2
3454 0
13754 2
11652 2
3461 0
8769 1
11658 0
12866 2
11662 2
18081 2
3473 0
12867 1
11669 3
3479 2
11674 0
15599 0
11678 0
11679 1
7408 2
4678 1
3495 2
3499 0
5572 3
15602 2
3502 2
3503 2
3504 2
11698 3
8777 0
11705 0
11707 2
3516 3
3520 2
3521 2
11717 2
8780 1
3531 0
11724 2
3539 0
11732 0
11733 3
11734 1
3664 2
11738 1
11742 0
11743 1
11746 2
3557 2
11752 0
3564 3
11758 2
3568 0
3571 2
11766 0
11767 1
16980 2
3579 1
11773 2
11776 2
7424 3
14251 0
11780 3
11781 1
11785 0
3595 0
11791 3
3602 0
13759 0
3606 3
3611 3
11806 2
11808 1
6064 2
3619 2
3621 2
11815 1
604 3
11821 1
11822 0
16989 1
11826 2
14259 1
11828 1
3638 2
11831 1
11833 1
11838 2
3648 0
11841 2
11842 0
3655 1
5850 2
3659 0
11856 3
11857 0
16995 1
3671 2
3675 1
3677 2
16997 2
7440 2
11874 1
3683 1
11877 2
11878 1
11885 0
3694 1
11887 2
3701 2
3702 2
617 0
3704 1
618 1
11902 2
15637 2
11905 3
11907 2
7446 2
11913 1
3727 2
11544 2
3730 2
11923 3
3732 0
622 0
3734 2
8035 3
3740 0
11934 0
3744 1
3747 1
11941 2
3750 1
11944 2
3754 2
3755 3
8818 1
15645 3
11952 2
16492 0
12915 0
11958 0
3770 2
11963 2
3777 2
11971 0
8822 2
3782 2
11977 0
3792 0
11987 3
11988 0
17321 2
3809 0
3810 2
17019 1
3813 0
12006 0
17756 0
12013 2
3822 3
12925 1
17858 0
12019 0
638 0
10391 1
3833 0
3834 2
12037 2
3855 0
3858 0
3859 0
3862 2
10201 1
7221 0
12933 0
14974 1
3874 3
3876 2
12069 1
15132 1
3879 2
3880 0
12073 1
12076 2
12077 2
3887 2
12083 2
3895 0
3897 0
12097 1
12098 1
651 0
12100 2
12106 2
12109 2
7481 1
12943 2
3386 3
17975 2
8264 0
6118 1
12136 2
12137 2
12138 1
12139 2
12141 1
3950 0
12153 1
12154 0
12157 3
12158 2
3968 3
12161 3
3971 1
12164 0
12170 2
3979 1
12172 1
12173 0
3983 2
3984 1
3985 2
8428 0
3988 0
12181 1
12184 2
13772 2
12189 0
12190 0
12191 0
4000 0
6128 2
4006 2
663 2
4009 3
12202 2
4011 2
12206 1
4017 2
7226 0
4766 1
4022 0
4034 2
4037 3
4038 0
8865 3
12233 0
12235 0
4049 1
14329 3
1226 1
4057 2
4058 2
12252 2
12253 0
4063 2
5318 0
12257 0
12258 2
12259 2
9356 3
12262 2
4071 0
12264 1
12266 2
12268 2
12269 3
12270 2
4079 0
4080 3
4081 1
3411 0
12279 2
5810 0
12285 0
12288 0
4098 1
10120 1
4102 3
14337 1
4106 2
4107 2
12304 0
12306 2
4115 0
12308 2
12309 0
4118 2
4120 0
12313 2
12314 2
4126 0
12323 3
12324 2
12330 1
4140 0
4142 0
4146 0
11614 1
12342 2
12344 2
12348 1
6154 2
4789 3
4160 2
4164 0
12360 1
14348 2
12363 3
4173 2
12370 2
18446 2
4793 1
12377 2
4187 3
12380 0
7525 3
4192 2
4195 1
4198 0
18449 1
12392 1
4201 2
4202 1
4205 2
4206 3
12399 2
4210 3
4211 3
4212 0
12405 2
4220 2
4221 2
4225 2
4226 0
4228 1
12423 2
12424 2
12426 0
12430 1
4239 0
4245 2
4249 1
12446 0
4255 0
12448 1
4262 2
6172 0
4267 1
12462 2
12465 1
12466 1
3443 0
4276 2
12470 2
13001 1
12472 1
12476 2
8906 2
8326 2
12486 2
12487 0
4296 0
4299 3
4302 1
12496 1
15736 1
12503 0
12504 0
8327 3
12509 2
4318 2
4320 2
4323 2
12521 2
4335 2
4336 0
4337 2
4338 1
12531 0
4341 1
4342 2
4345 2
12539 2
12541 1
12544 0
4354 2
2091 2
4357 1
4359 2
12554 3
17111 2
4366 3
1120 3
16785 3
4369 2
4371 2
4374 2
12567 1
4376 3
7556 0
12570 3
4380 2
12573 0
12574 3
4383 2
4385 1
13019 2
4388 0
4389 2
12584 2
12588 2
2098 2
12590 3
12591 1
2099 2
12596 2
8330 2
13023 2
4413 3
4414 2
4418 0
14390 0
4423 2
4427 1
12620 3
738 2
12623 0
12626 2
4435 1
4436 2
15758 2
4438 3
12633 1
4442 2
12643 1
17126 2
15761 2
4457 2
4459 2
12652 2
4462 2
4464 2
12657 2
12660 2
4471 1
12664 1
4475 0
4477 0
15765 2
18496 0
4482 1
4483 0
4485 2
12679 2
10515 0
4490 1
12685 2
17133 0
4497 0
4498 2
12692 2
4501 0
12695 3
751 3
4511 1
12704 1
12705 2
3713 2
4518 1
8945 2
12712 3
4521 1
12714 1
12717 1
4529 2
12724 1
4534 1
12727 1
4536 0
4538 2
4539 1
4540 1
4541 0
4542 1
4853 0
4544 1
12737 1
4546 1
12739 2
903 0
4552 1
4553 2
12746 1
13047 0
8335 0
4557 1
6222 0
12759 1
4570 1
12763 2
12765 2
4574 3
15781 1
2216 1
18512 3
12770 1
4580 1
4581 1
4582 2
4584 0
8956 2
4586 1
4588 0
4595 1
12788 2
17150 3
12790 0
7593 2
12792 1
2132 0
17151 2
4604 2
4605 2
4607 1
14611 1
4617 2
12811 2
4620 0
17339 1
12815 3
4626 2
13059 3
12821 0
4630 0
18521 0
4632 2
9156 1
4637 1
4641 2
12836 3
4647 0
4648 1
10332 1
17159 3
4654 1
12847 2
4656 1
776 3
4658 2
4659 2
12852 2
4662 0
12856 2
4667 2
12861 2
12862 2
4671 0
4674 1
4675 1
12870 1
12872 2
780 2
8612 0
12431 3
4688 1
12881 0
12882 2
12883 1
4695 2
4697 1
12579 0
4699 1
4705 1
4709 1
12902 1
4711 1
12906 2
18535 1
7522 2
12911 1
12912 3
4721 2
4723 0
4726 1
12919 1
4728 2
4729 2
4732 0
4733 2
4735 3
4736 2
2150 2
4741 1
12934 0
2340 3
4744 1
16252 1
12938 0
15810 0
2157 0
4752 1
12945 2
12946 1
12949 2
12957 1
12958 0
12960 2
12961 2
17435 3
795 2
4772 0
12967 0
4776 2
12972 2
12973 3
4784 1
4786 3
12981 1
12984 2
12985 0
12986 2
4795 3
12988 1
7626 2
4801 1
4803 3
4807 1
4808 1
4809 2
4811 3
13004 2
13007 1
4816 1
13010 0
4819 1
13014 2
8996 2
4826 1
4827 1
4831 1
10363 0
4839 0
4842 1
14073 0
4844 1
4848 1
13041 2
13043 2
13045 1
4855 2
13053 0
13054 1
13055 1
13056 0
4865 1
4866 0
811 0
4868 0
4870 0
4878 0
13075 2
13077 2
13078 0
4892 0
3709 2
816 0
4898 2
8892 1
13093 1
13095 2
13096 2
4908 1
4909 0
4911 2
13106 2
13107 0
13108 0
13112 1
4916 2
13114 2
14474 3
4931 2
4935 0
4937 2
4256 2
13133 2
13136 2
4920 0
4948 2
13142 1
13143 0
18714 1
13150 3
4960 0
13153 2
4962 0
4963 3
13156 0
13157 2
7655 3
13164 2
2194 3
4974 0
13168 2
13169 1
12690 0
13172 0
17351 1
18715 3
4986 2
13181 1
16018 1
4997 2
13193 2
13195 0
13196 0
5005 3
13199 1
13123 2
13204 2
5014 0
5015 3
13208 2
5021 2
5030 2
13226 0
4532 1
13229 2
5039 0
2350 2
13237 1
5046 2
13129 2
13240 2
5054 1
5057 3
15862 2
5063 2
13256 1
13257 2
13259 2
13261 2
5072 3
846 0
13270 3
13271 1
13272 0
13273 1
5082 2
13275 2
13276 2
13277 2
5087 1
5088 1
16809 0
5090 3
13285 2
13286 3
5095 2
12909 2
13290 1
2215 1
5100 2
13295 1
13296 1
5105 0
13300 2
13301 2
13303 2
13305 2
13307 1
13308 1
1807 0
7680 1
5122 2
13317 0
14464 3
3585 2
13320 2
18604 2
13323 2
13324 2
3717 2
13329 2
13331 2
13332 2
13333 1
13334 0
3588 0
14511 0
5150 0
5151 0
2224 3
5154 2
17243 1
13348 1
13351 2
13352 0
860 3
14514 3
13360 2
5171 1
13364 3
4958 2
13366 0
18612 1
5179 0
13372 1
5182 0
5183 3
5186 0
13380 2
18147 1
18615 1
5196 2
5197 3
5198 2
13392 0
5202 3
13395 2
13397 0
5211 2
13405 2
5214 2
13413 2
13414 2
13418 1
13419 1
13421 0
13428 3
2238 2
9065 2
5240 0
13433 2
13435 2
5244 0
5247 2
18451 0
5249 2
5251 2
5262 0
4973 0
5265 2
13460 0
13464 3
13466 1
5277 0
12390 2
5286 2
5287 2
13482 3
5293 2
5297 0
13494 3
13496 2
884 1
5306 1
13499 1
13507 3
5317 0
13510 3
13511 2
3996 3
17271 2
5326 0
13519 2
13520 2
5336 1
5340 2
13534 1
8634 2
5345 2
9083 1
13541 2
10569 3
13544 2
892 2
5357 1
13551 2
5362 2
5363 3
13556 0
13557 0
13560 0
5369 2
5373 1
5374 1
13567 3
17280 1
13572 2
5381 2
13578 2
5387 2
13580 2
5389 2
3881 0
13586 0
13588 2
5399 3
13596 2
5405 2
13602 2
13605 2
5414 1
13607 2
13608 2
13610 1
5419 2
13612 2
5422 2
5423 0
5424 0
14638 1
13621 2
5433 0
5436 3
5437 2
5441 2
13634 2
5444 2
5445 0
13638 2
13640 1
13641 2
13644 3
13650 3
10467 2
5460 2
5463 1
5464 2
5465 2
13658 2
5467 0
13660 3
5469 1
12730 1
16294 3
5477 0
5478 0
13674 0
9457 2
13676 0
13677 0
5486 2
16614 0
5490 1
5011 3
13685 1
13687 2
5496 2
5499 2
13695 2
5505 0
10475 1
17302 2
5513 2
5514 0
9111 2
13710 2
13713 2
13714 1
12459 1
5526 0
13723 2
13727 1
5549 3
13742 2
4822 0
10483 0
5556 1
5562 1
5564 1
5567 2
5568 3
8096 2
13764 2
5576 1
13769 0
12188 2
5579 2
5580 1
5581 2
5583 2
13777 3
1277 1
5589 3
13782 2
2297 2
5592 3
13787 2
13789 3
13790 1
4710 1
1823 2
5601 1
10371 2
5603 0
13796 0
5606 0
5610 2
5612 2
5614 0
5619 1
13815 0
5627 1
5628 1
5630 2
5631 0
18688 1
13828 1
5637 1
5641 0
13834 2
13836 2
5646 2
5648 1
13842 0
16555 3
13846 2
5655 2
5657 1
5658 3
5659 0
13852 2
18693 2
5664 2
944 0
5666 0
5670 1
5672 3
5673 3
13866 0
13867 2
5099 1
5680 1
5686 2
13879 2
9140 2
5691 2
13884 2
13888 0
5698 2
12192 0
13892 3
13893 1
11873 1
5047 0
13829 0
3682 2
5712 0
10283 2
5720 2
5722 0
18703 2
5724 0
13919 3
13921 1
13922 1
5731 2
13925 0
13927 1
5736 2
13930 1
536 3
5743 1
17922 0
2323 0
5751 2
5753 0
13946 0
737 2
18709 3
5761 1
13954 1
10518 2
13959 1
5770 0
8549 0
5780 1
2329 2
5785 2
13978 2
5787 0
13981 3
5795 3
16287 0
5797 0
5800 1
13993 2
13995 2
13997 0
18717 2
14001 2
14002 0
5811 2
5814 2
14651 2
10527 3
5823 2
14022 2
5831 0
11779 0
14029 2
5840 0
5841 1
5843 2
14036 1
5845 0
5847 0
14041 2
14042 2
5853 2
5859 2
14054 1
5863 2
6439 2
14060 2
5870 0
14063 1
5874 2
5875 2
5879 2
5881 2
14074 3
7807 2
14077 3
14084 1
5894 0
5895 2
983 0
8573 1
5903 2
17388 2
5907 2
10542 2
3470 1
5913 1
5918 2
11909 2
5921 1
5922 0
5925 2
14118 0
5930 2
1834 0
14128 2
5937 0
14130 1
14131 1
9745 0
14133 2
14137 2
14139 1
14140 2
5108 1
14147 2
5960 3
5965 2
13565 2
5972 3
5975 3
5976 3
14171 0
5980 3
5982 2
1563 3
14177 2
5987 1
14180 1
5989 2
14186 2
14189 0
5998 3
14194 2
14195 2
6004 0
6005 1
14199 1
5098 0
14208 0
10560 0
6018 1
6019 1
14212 2
6022 2
6023 1
14217 2
17113 1
6028 0
14221 0
14224 1
2383 1
1006 0
14234 0
9199 0
6044 3
14237 0
14238 1
14239 0
5104 0
6053 1
13297 0
6056 2
6057 2
6059 1
14254 2
14256 1
6066 3
6067 2
6068 2
6071 2
202 2
6073 2
14267 1
14270 0
14271 0
14273 1
14274 2
9477 2
5931 2
14283 1
14285 0
6094 2
14287 1
14288 0
6097 3
5113 2
6102 2
6103 2
14296 2
6105 1
6106 0
6107 2
6108 2
17402 1
14302 2
14307 2
2113 2
14312 2
6122 2
6124 0
14317 0
6127 0
14320 2
14321 2
14322 2
14323 2
6132 2
6135 2
10580 0
14330 0
6140 2
1841 2
14335 2
6144 1
6145 2
6146 3
14340 0
6150 0
6152 3
14345 3
14346 1
14347 2
6156 0
6158 2
17411 1
14357 2
14360 1
14363 1
14364 1
14365 3
6174 2
14367 1
14369 2
14640 0
6181 0
6182 0
14375 0
14376 2
6187 2
14380 0
6191 1
6193 3
14386 2
6196 2
14389 2
12589 1
6200 1
6201 2
6205 2
6206 2
6207 2
14401 0
14408 2
5132 2
14410 2
6220 1
14414 2
17421 1
16056 1
14420 2
9730 0
6232 2
1187 2
11962 0
14430 3
14431 1
6240 0
14433 2
6243 0
14439 2
6250 2
6251 2
6255 2
14449 2
14453 0
14458 2
6268 0
18794 0
6270 2
14463 1
6272 3
6277 2
6282 2
7874 0
6286 3
9098 2
1048 3
14489 1
14491 1
6304 1
14498 2
6307 1
14501 0
10609 0
6315 0
14509 2
14510 2
9245 2
14513 2
6322 3
6323 3
6324 1
10849 0
14521 3
6257 1
6335 0
6340 2
14533 2
14535 1
6346 2
6349 2
6350 2
2424 3
14546 0
6359 2
6363 2
6364 1
10618 2
6368 2
6370 2
14564 0
6374 1
14572 0
6386 1
6387 2
6389 1
13353 0
6392 0
6393 2
14586 2
6398 3
6400 2
2432 3
1067 2
14596 1
6410 3
6411 1
14604 2
6414 2
14607 2
7896 0
6418 0
18819 0
14612 0
6421 1
6424 0
6426 1
1071 1
6431 1
214 0
6433 1
14627 2
14631 2
14633 0
6442 1
6443 2
6445 1
6446 2
6448 1
10632 1
14642 2
6456 1
14650 1
4571 0
6462 0
14655 3
6465 0
6466 2
6467 2
15491 1
6470 3
14663 2
14664 1
14666 2
6475 0
16098 0
6478 3
14673 2
14674 2
14675 2
6488 2
14682 2
16583 2
6495 0
6497 0
14690 2
6503 2
6505 0
16104 0
6519 2
6521 0
6522 2
6523 2
6527 1
14721 0
14724 2
14728 3
2127 0
14731 2
14734 0
3821 2
14737 2
14738 3
17475 0
14740 3
6553 0
14745 3
14748 0
14749 2
6560 0
6562 0
6563 3
7921 3
14761 1
14762 0
14767 1
6576 2
6577 1
14770 1
7923 0
6583 2
14777 2
14778 2
14779 2
14780 2
14782 2
6591 2
14787 0
14789 2
14791 2
14792 2
14795 1
6604 2
6606 2
6608 2
6609 0
14804 2
14809 2
9373 3
6619 2
6622 0
14815 2
6624 2
14817 2
14825 2
14828 0
13394 0
14832 0
14837 0
6646 1
6647 2
14842 2
6652 3
6653 1
14846 1
9301 0
14849 2
14851 2
6667 0
808 2
6674 1
14867 0
6676 0
6679 2
14874 2
6683 2
14878 2
14879 2
14881 1
6690 1
17499 2
6692 2
11134 1
14886 1
14887 0
6697 2
6699 1
14892 1
14894 2
6703 1
6706 1
14899 1
6708 1
6709 0
14903 2
14904 2
6715 2
14908 1
6718 2
14912 0
14913 2
14914 2
6723 1
14916 0
6725 0
14918 3
14924 1
6733 0
14928 2
6737 1
14931 1
14932 2
1861 0
7044 3
6747 2
6751 0
6752 2
14945 1
6755 3
6760 0
14955 2
6764 2
14960 2
6770 2
14965 0
6774 0
9321 0
14971 0
14972 2
6782 1
4863 1
6784 3
14977 0
6787 0
6788 1
14981 1
14982 3
14983 2
6792 0
12055 2
6796 0
14989 0
6798 1
6802 3
14996 2
6809 0
6810 1
15004 2
6813 1
6815 0
6817 1
1962 3
6819 3
5137 1
16594 2
15017 1
15020 0
6829 1
6830 2
12061 3
6600 0
6838 1
6839 3
6841 2
6844 0
15037 1
6850 1
6851 1
15044 1
15048 2
15050 2
6859 1
6860 1
6862 3
15055 2
3229 1
15057 0
6867 1
6869 1
15064 0
15066 2
6875 1
15068 2
15071 0
6881 2
15074 0
15075 2
9593 2
6886 2
15079 3
6888 3
18078 2
15084 3
15085 2
15086 2
6898 1
15091 1
15093 3
7322 0
15095 1
6612 2
13439 1
15100 1
15101 1
6910 2
15103 1
15104 1
5248 0
10323 3
15107 1
6916 0
15109 1
15110 1
15112 1
6922 1
6923 0
15116 2
15119 0
2520 2
15124 3
6933 3
15126 1
15128 0
15131 1
6940 0
6941 0
15135 2
15137 3
6946 2
15140 0
15141 1
15143 2
6953 2
6954 3
6955 0
6957 1
8415 1
6959 0
6961 1
6963 2
15157 2
15158 0
15160 1
6969 0
15162 1
15165 0
15170 1
6980 1
6983 0
6984 1
15177 2
17145 1
9982 1
15182 0
15184 0
15189 0
6998 2
15191 2
15192 0
7001 0
16186 2
7006 2
7008 2
7009 2
15204 2
2534 1
7016 2
7018 1
17554 2
15214 1
7023 1
7024 2
7026 0
15220 2
1847 0
15225 1
2338 2
15227 3
18814 2
15229 2
7039 1
15236 0
15237 2
15241 2
7051 1
7052 1
15245 2
15246 0
14829 2
15250 3
12099 1
7060 0
7061 2
7065 3
7067 0
15261 2
15264 2
15266 1
7076 1
15273 0
15275 1
15276 2
15278 3
15279 2
15282 2
17740 3
15284 1
7093 0
15286 1
15287 2
7096 2
17967 1
7098 2
7102 2
10741 1
15296 2
15301 2
15304 2
15305 2
15306 1
9378 2
16331 1
15311 2
7120 2
9379 1
15316 1
7125 0
15319 0
7129 2
6603 1
7136 0
15329 2
7139 0
15333 2
7143 0
13479 2
14845 0
1192 2
15355 2
7164 2
17578 2
7166 3
7169 1
7174 1
15371 2
15374 0
13485 2
7185 2
7186 3
10755 0
7194 2
7198 3
16061 1
7206 2
13489 0
15409 2
15411 0
15413 2
15414 3
786 0
7229 0
8303 2
7240 3
15436 1
7246 2
15443 0
15445 2
15448 2
7260 2
13498 2
15455 0
7264 2
15457 2
18791 1
15461 0
15462 3
13851 0
15473 0
7284 0
15478 2
15479 0
10772 3
15482 1
8042 0
15487 3
15488 3
2067 2
2582 2
15494 3
7306 2
15500 2
15503 2
15509 1
15513 0
15514 0
2586 1
7327 0
7328 2
13883 0
15522 1
7332 2
15525 2
15527 1
7336 0
7337 0
15532 3
7349 2
2591 0
17610 2
7358 0
15552 1
2592 1
7365 0
15558 1
15559 3
15562 0
7372 2
15565 1
7374 3
9421 2
15572 1
14884 2
1031 3
7388 2
7389 2
15582 0
15584 2
15588 1
15593 0
15594 3
6695 3
7405 2
7407 2
15600 2
7409 1
7410 2
15603 1
15606 2
15607 1
7422 0
1237 2
15616 0
15617 2
15619 0
2975 1
9249 0
15628 3
15632 2
7442 2
7443 0
7444 0
6702 1
15638 2
7447 2
7448 2
15641 0
7450 2
7452 2
7453 1
15647 1
15653 0
15654 2
15656 0
13532 0
15658 2
8071 0
7472 3
7474 2
7475 0
15669 1
15670 3
15671 0
15673 3
15676 0
14901 0
7489 2
7490 3
7491 2
15684 0
9441 2
7496 0
15694 1
9488 3
6712 2
9443 2
7509 0
7510 0
15706 1
15707 1
7516 2
15710 3
7519 3
523 0
15714 1
7415 2
15716 0
9446 1
15718 0
15721 2
15722 2
1255 0
7538 3
7542 2
7544 2
16618 2
7548 2
15741 1
15744 2
2624 2
15748 2
15752 1
7561 2
7563 2
7566 2
7567 2
9052 1
15762 2
15764 0
7573 1
7575 2
15768 1
7580 2
7583 3
15776 2
3253 1
13346 2
10822 1
15783 2
15785 0
15787 3
15788 1
1266 0
11289 0
15794 1
15798 1
10825 0
7609 2
15803 0
7615 2
7616 2
7617 1
7618 0
7624 3
15818 2
15820 1
14925 2
1273 2
7640 3
7641 0
15834 1
7643 0
7646 2
15839 1
17167 2
7649 2
15845 2
15847 1
15850 2
15852 2
15855 1
7664 3
7667 1
7670 3
7672 3
7677 3
15871 1
15872 3
15877 0
15878 2
9473 1
7689 2
7693 2
7694 1
7695 2
7699 2
7701 0
15898 2
7707 2
15900 2
7709 3
15902 1
7711 0
7714 0
7715 0
15908 1
17670 0
7721 2
7724 3
2653 3
15921 2
7732 1
15930 2
18534 2
9805 0
15938 0
7747 2
15940 0
7751 2
7754 1
18055 2
6380 0
15954 1
7766 1
15959 1
15963 2
15966 2
15969 0
7778 0
7780 0
7781 2
7783 0
7787 1
7789 2
15982 2
8170 2
7794 2
7795 0
15988 1
10857 0
15992 0
1300 3
7802 0
16319 0
15997 1
15999 1
16000 2
7810 1
7814 1
16008 0
7817 1
16011 1
16017 2
7826 3
16021 0
7831 1
16025 1
16027 1
7838 2
16032 1
16037 1
16039 2
16043 2
16049 1
16050 3
7864 3
16058 0
17695 2
16060 2
7869 2
16063 1
16064 2
7873 1
16066 1
7875 1
16069 2
16073 1
7884 2
7885 3
16079 2
16081 2
16082 2
7891 2
16084 0
7895 1
16088 1
7897 2
16091 2
7900 2
16096 2
7906 2
7908 0
7910 3
7912 0
16106 2
16108 2
7917 2
16110 2
16113 2
16115 2
16117 2
16122 1
7932 2
7933 2
7934 2
7936 2
16129 1
16132 0
17838 3
16134 0
7943 2
7944 2
7945 2
16138 2
7947 2
762 1
16143 2
16145 0
7955 2
7956 2
17710 2
3811 2
2692 0
13615 1
16157 2
16158 3
16160 0
16162 3
16347 2
16164 1
16166 0
7975 2
4060 1
16170 1
16087 2
4061 0
16176 0
7986 2
16179 3
16185 1
266 2
7996 2
8001 1
16196 1
16198 0
16201 1
17719 1
8014 2
16207 0
8020 2
8021 0
8022 0
17721 2
8028 3
16226 0
16227 1
16229 3
16231 1
16232 0
13628 1
16234 2
16238 3
13629 1
8048 3
16245 1
8054 2
16753 2
16250 2
8059 3
8060 0
4074 1
8062 3
8066 2
8069 2
16263 2
16264 3
16265 1
16266 2
8076 2
8173 0
16275 0
16277 2
16279 0
8090 2
16284 3
8095 3
16288 1
12272 2
8098 1
10907 1
16292 0
8101 1
8102 1
8103 2
8105 2
16300 3
16304 2
8113 3
16306 1
16307 0
17737 2
1907 0
7090 3
16324 0
16325 0
10747 3
15001 1
8137 2
4087 0
8142 3
8143 0
8145 1
16338 2
16339 0
8148 0
4089 1
4363 2
8154 3
17743 2
8156 1
16350 2
16353 2
16356 0
8167 0
8168 2
16362 2
16364 0
16365 1
16366 0
16369 0
16371 2
16372 1
8184 2
13652 3
16379 2
16380 0
8190 2
8191 0
