0 0
16386 2
8197 2
16391 1
16393 2
8202 0
8203 0
6547 0
10366 2
16398 0
16 0
15549 1
8210 0
16404 3
21 0
16406 0
16407 0
16409 0
16411 1
16412 0
8221 0
16414 2
16415 2
32 0
8226 2
35 0
8228 2
16421 3
16422 2
16423 0
16424 1
41 0
8234 2
8236 3
8237 2
16430 2
8240 0
16433 2
2739 2
52 1
16437 1
8250 1
17759 1
16445 2
62 2
10933 0
66 1
16451 0
16452 1
8261 2
16454 3
16455 2
16456 2
73 2
74 0
75 2
16460 2
8269 0
8270 0
16464 1
6840 2
12005 0
16470 1
8279 2
88 2
89 1
16476 2
6842 3
5477 0
8288 2
16484 1
5478 0
12824 3
104 0
8297 2
1383 2
109 3
8302 2
8303 2
112 3
113 2
115 1
13673 2
120 3
8212 0
122 3
123 0
16509 1
126 2
16511 0
128 1
129 3
132 2
8214 1
134 0
16519 0
16522 1
139 3
141 1
16527 2
144 2
8337 0
8339 0
148 1
151 1
153 1
16538 0
16539 0
16540 2
15045 2
16544 3
8353 1
8354 1
8356 3
8357 0
16550 1
9585 0
16553 1
8363 1
173 2
16558 2
8367 0
8368 1
177 1
16562 2
9826 2
2725 2
16568 1
1396 2
18828 1
187 1
190 3
191 0
8385 0
195 2
10706 1
197 2
198 0
16583 2
200 0
15386 2
13687 2
8396 0
16590 3
15053 2
208 2
8401 2
16594 2
8403 3
7039 1
8407 2
16601 1
218 3
219 0
220 2
8413 2
8415 1
17469 0
14192 2
8418 2
13691 2
8420 2
16613 2
10961 0
16616 1
8425 3
8426 2
16619 0
237 2
8430 2
9597 2
240 1
8232 0
8434 0
8437 3
246 0
3827 0
1372 1
2772 2
16635 0
16636 2
253 2
16638 0
8449 2
16646 1
263 2
16648 0
8460 2
18558 0
271 2
1100 0
16658 0
8468 0
8469 2
329 1
61 1
281 3
283 3
284 1
16669 0
286 1
9605 1
16672 0
16673 1
8483 0
8485 2
8486 2
16679 1
8488 2
297 2
299 1
16684 2
8495 2
8496 2
16689 1
16691 2
8502 1
13705 0
16697 2
8506 1
16699 0
17802 1
8510 2
319 2
322 0
324 1
8517 1
326 1
15073 1
16713 0
330 0
332 2
15074 0
16719 2
16720 2
16721 1
8530 3
16723 3
16724 2
16725 1
1366 0
8535 2
16728 1
8539 1
16732 1
349 1
16736 0
8545 0
354 2
8548 2
8549 0
358 1
359 3
360 2
367 0
16752 2
16753 2
8564 2
16757 0
375 0
8568 0
16761 1
378 3
379 0
16765 2
9621 1
384 1
387 0
16772 1
389 1
1414 2
8583 3
394 2
16779 2
16780 0
9768 2
8593 0
8594 1
14078 1
16789 3
16790 1
8599 0
559 0
410 2
16796 3
8606 0
16799 1
416 0
8609 2
8610 1
8611 2
420 1
70 0
16807 1
8616 2
1436 1
8619 3
16812 2
8621 0
16814 2
8625 2
16818 0
16821 1
438 0
16824 0
8633 0
442 1
16827 2
444 2
16831 1
16832 0
16834 1
8643 1
16836 1
454 2
455 1
76 2
458 3
8651 0
461 2
462 3
8655 2
464 2
16850 3
16851 2
16852 1
469 1
16854 2
16855 1
8664 1
8665 2
8666 2
476 2
8669 2
16862 1
8671 3
16865 0
8675 2
17474 2
15988 1
16871 0
488 2
16873 1
8684 1
6850 1
16878 0
496 2
18020 0
8690 1
12371 2
500 2
15102 1
8696 2
16889 2
7109 0
3713 2
509 3
16897 2
16898 2
8708 2
517 0
8710 3
15279 2
9019 1
16906 1
16471 2
16908 1
526 0
8719 3
530 2
532 3
535 0
6441 0
537 3
538 0
8731 0
8732 1
16926 2
543 2
16929 2
8738 0
8739 3
548 1
8741 0
16935 2
6565 0
8746 2
555 2
16941 0
8750 2
8751 2
2824 2
14476 0
563 2
8757 2
16950 2
8759 1
16953 1
574 0
575 1
576 2
16961 3
579 0
8773 2
16966 2
583 1
8777 0
587 1
8780 1
8781 3
8782 0
15117 2
16976 1
16977 0
594 0
16980 2
599 0
16985 1
8796 0
8797 3
606 0
8799 2
8801 0
8802 1
611 1
1095 0
8805 2
8806 0
8807 2
17001 0
618 1
8811 1
17004 1
15122 2
622 0
8815 2
17008 2
15123 1
17012 3
17013 2
17014 1
632 0
633 2
8827 2
12394 0
638 0
8831 0
8832 2
641 0
17027 2
17029 0
17030 1
647 0
8841 2
8842 2
651 0
17036 2
17037 2
3341 0
16493 0
17040 1
657 3
8850 0
17043 0
110 0
8855 1
17049 1
8860 1
8862 2
8863 3
8864 2
16496 0
674 0
6602 0
17061 2
17062 0
679 0
8872 2
8873 2
17066 2
17067 1
685 1
8880 0
17073 2
17074 1
17075 0
15134 1
17079 2
8697 0
8890 0
17083 1
701 2
702 1
12405 2
17089 0
8898 1
17091 0
708 2
17094 1
17095 0
712 2
17097 2
8906 2
17099 2
716 1
17101 3
13773 0
8912 3
3769 2
8914 2
8917 1
17110 0
17111 2
730 2
731 0
17116 1
17119 0
17872 0
738 2
8932 0
741 2
742 0
5753 0
744 2
745 1
8938 2
17131 1
8940 2
749 0
8943 1
17136 0
17139 0
759 3
8953 1
1662 2
766 1
5481 0
17152 1
17153 0
17154 0
8963 2
8964 2
13782 2
774 1
17159 3
17162 0
8734 0
8974 2
17167 2
17484 0
786 0
787 2
788 2
17173 1
790 2
8984 1
17177 0
17178 2
1583 2
17882 0
8990 2
8991 2
17184 1
801 2
802 1
8995 2
17188 2
17189 3
17190 1
808 2
17193 2
17195 0
17199 2
4232 3
17202 0
17203 2
820 2
9014 3
17207 3
17211 1
8330 2
9023 2
832 2
17218 1
8331 2
17220 1
9029 0
17225 0
17227 1
844 2
846 0
12429 0
17233 2
9042 2
851 0
852 2
17237 2
2873 0
856 0
12431 3
17244 0
861 2
862 0
17247 2
17248 1
16528 1
9058 3
9059 0
17252 2
17255 0
8970 2
9065 2
874 3
8758 2
876 3
17262 0
879 2
8571 0
882 0
18282 1
17268 1
15166 0
17271 2
17272 0
8340 2
9082 2
17276 0
894 2
895 1
9088 3
4667 2
898 2
17283 0
9093 1
903 0
8343 1
15170 1
910 1
911 2
912 3
12440 2
9106 0
17299 0
916 0
5614 0
3031 1
919 0
17304 2
9113 0
17308 2
9117 2
17310 1
17311 2
17313 2
1122 1
18853 2
9130 3
17324 2
947 2
9140 2
12446 0
9142 0
952 1
9145 0
16543 2
17342 2
12448 1
11463 1
9157 3
161 0
970 0
162 2
2893 0
976 0
17362 2
17366 0
983 0
17368 1
988 0
17376 0
9186 2
17379 2
17381 2
8299 1
9196 0
6994 1
17390 1
9199 0
9200 0
12456 1
1010 1
17395 2
1013 2
9207 0
14392 2
9209 1
17402 1
9727 0
1021 0
17407 2
9216 0
9218 2
9219 1
1028 1
9221 1
17765 1
1035 2
7945 2
17421 1
17422 2
17423 3
1040 0
17426 2
1045 1
17432 2
17433 1
1051 1
9245 2
13829 0
3328 1
1057 0
1058 2
9252 2
1542 2
9254 1
11300 2
17450 1
1067 2
16592 1
9262 2
1071 1
9264 1
17457 0
1075 0
13822 1
9269 2
9270 2
17463 1
1080 1
9274 2
17468 1
1085 0
15181 1
8373 2
17472 0
1089 3
9282 3
17475 0
17476 0
17477 1
1094 3
17479 0
17480 2
1548 2
9311 2
15585 1
9292 1
17486 0
17487 2
12472 1
1107 1
1109 3
1110 2
185 2
9304 2
17498 1
9307 2
9308 1
9310 0
2917 0
9312 2
17506 2
1123 0
9316 0
17509 2
9318 0
17512 1
9322 1
9323 0
17516 2
1133 2
17520 1
1137 0
17522 0
14768 0
9332 2
17526 0
17530 1
17532 2
9341 2
1150 2
9343 2
9344 1
1153 0
9347 1
14223 2
13846 2
17542 1
17544 2
13847 0
17548 1
9358 1
17551 2
17552 1
17554 2
17556 2
1130 2
1174 2
17559 2
17560 1
1177 2
1180 1
17565 0
15315 2
17567 3
17568 0
9377 2
17570 2
9379 1
17574 1
1192 2
17577 1
17578 2
199 1
17581 1
17949 2
17584 3
17587 0
1204 0
9397 2
8769 1
17593 2
1210 3
1211 3
1212 3
9405 2
9409 1
1218 2
8644 2
9416 1
9417 1
9418 1
1227 0
17612 2
9421 2
229 3
17616 0
11128 2
17618 2
9427 2
9428 2
8398 1
9430 0
1240 0
1241 2
1242 3
17628 2
17632 1
9441 2
1250 0
1251 1
1253 0
17638 0
17639 1
17640 1
9449 0
17642 1
9451 0
9453 3
1264 3
9457 2
17650 1
17651 0
17652 1
9461 2
17654 3
13865 2
9464 0
1273 2
1275 0
17660 2
663 2
17662 2
17664 0
17665 2
17666 2
1283 2
9477 2
17670 0
9479 2
17672 0
1290 1
17675 2
9863 2
1293 3
9486 3
17680 0
12504 0
17682 0
1299 1
9492 2
9493 1
17686 2
17687 1
1304 2
17689 2
1306 3
9499 2
17692 3
9501 0
9503 2
17697 0
1314 1
7701 0
2950 2
16066 1
6045 1
1321 2
17502 3
9518 2
17712 1
1331 1
17719 1
9528 1
1337 0
17723 1
1340 2
1341 2
17726 2
1343 2
1344 0
17729 1
1349 0
9543 2
17736 0
1353 0
17738 0
1355 1
15048 2
18867 0
17743 2
17744 1
15321 1
9555 1
9556 2
9557 1
9558 1
16612 1
1370 2
17755 0
17756 0
17757 1
1375 2
17762 2
9787 3
1381 2
17766 0
17767 1
9578 1
16615 0
9580 1
9582 2
17775 3
9584 0
17777 0
9588 2
9589 1
9590 2
233 2
9592 1
17785 0
9594 2
9595 2
16618 2
9599 0
1408 0
1409 0
1410 2
17795 1
17797 3
9606 1
1415 2
1416 3
9610 2
9611 2
1422 2
17807 1
1684 3
1428 0
17813 1
9623 2
9625 0
17820 0
1437 3
17822 3
17989 1
1440 2
1441 1
17827 1
1444 2
9637 1
1446 2
9639 2
9642 0
17835 2
5847 0
17838 3
1456 0
17842 2
17843 2
1460 3
17847 1
17849 2
1466 2
9659 1
17852 2
2231 2
17854 0
17855 2
17856 0
17995 2
9669 2
1479 3
9673 1
1482 1
9676 2
1485 3
17997 3
9680 0
9684 1
4762 0
16633 0
9690 2
1499 3
9692 2
17885 0
9694 0
13689 0
4347 3
17892 0
17893 0
9702 2
17895 0
17896 1
9706 1
16637 3
1521 3
16963 0
17910 0
17911 0
17913 2
9722 2
12543 2
9724 1
13690 2
1534 0
17919 0
17922 0
1539 2
17926 0
1544 1
1545 2
9739 2
18055 2
1549 0
17934 2
17359 0
9745 0
1554 2
1556 1
1558 3
17944 1
1561 2
1562 0
9755 0
17948 2
13914 3
9759 0
2992 2
17955 2
17956 2
17959 2
1576 1
13916 2
9770 1
8455 0
17964 0
17967 1
1584 2
17971 2
9781 1
7367 2
9784 2
17977 2
17979 2
1596 2
9791 2
1600 2
1601 1
17986 0
9796 0
1605 0
9798 0
1608 1
9801 2
1611 3
17996 1
1613 2
17998 2
17999 0
9601 2
11192 2
9811 0
9812 0
1622 2
11193 0
9817 2
1627 0
1630 1
18015 2
9067 2
1634 2
6612 2
9828 1
9829 2
9830 2
1640 2
1964 2
1645 0
18030 2
9839 0
18032 0
9832 0
1652 2
18037 1
18039 1
1658 3
1659 0
18044 0
1661 1
9854 1
9057 1
18048 2
7104 0
1666 2
9859 2
8358 0
1670 0
1671 1
18056 0
18057 2
1674 2
1677 0
18062 2
9872 1
18067 0
9876 0
18069 0
9878 3
12569 1
1691 2
18076 0
4378 0
9886 0
9887 3
1693 2
9840 0
18083 1
9892 0
18085 1
1703 1
18088 2
18091 2
1709 0
1711 2
18096 2
1714 0
1716 1
1717 2
1718 2
1723 1
9916 1
18110 1
1653 2
1732 2
1734 1
18121 1
1738 2
1741 3
18126 0
18128 0
1746 2
1747 0
16425 0
18134 2
1751 2
9944 0
1753 3
18139 1
18140 0
1757 1
1758 3
18143 1
18145 1
18148 0
16678 1
9958 0
1767 2
1769 2
18155 1
18156 1
1773 1
18158 0
18161 1
1779 0
1780 0
18165 0
18166 0
18167 1
18170 0
18027 2
9981 2
1790 2
15317 1
1792 0
9856 1
18178 1
1795 0
1798 1
1799 2
17688 0
18185 0
1803 0
9999 2
1809 2
18194 3
10004 2
18199 2
18201 1
18202 1
18203 2
1821 1
1823 2
18210 0
10019 3
1828 2
1830 0
10023 3
18217 0
18218 2
1835 1
1836 1
18221 2
10030 2
1839 2
10032 1
1672 3
10034 1
10036 2
10037 2
18230 0
1673 2
18232 2
4404 0
10043 1
1852 1
18237 1
10047 1
10048 2
1857 2
1858 1
18244 0
285 1
18247 2
10056 2
18250 2
1867 1
1868 3
10155 2
16702 3
18264 1
1882 0
10077 1
1887 2
1888 2
18273 2
10082 3
10083 2
18279 1
10088 1
10089 2
1898 3
3047 0
18284 1
1902 1
10095 2
10096 0
1905 0
10098 1
1907 0
1909 0
10102 0
10105 0
10106 2
16703 3
10108 1
1918 2
1920 2
4225 2
1924 2
18310 3
10119 1
18312 1
1929 0
18071 3
10125 1
1701 2
1942 0
1944 0
15886 0
13431 2
1949 2
16709 1
18340 2
10149 1
1958 0
10151 3
18344 2
1961 2
16711 0
18348 1
1965 2
1966 0
18351 0
18352 1
1969 0
1970 0
1971 2
1694 2
10166 2
4425 2
1976 1
18361 3
18363 1
18366 2
10179 0
18372 1
1990 3
1992 2
8524 2
17635 0
1997 3
1998 3
18383 2
18384 2
5687 2
10196 1
2006 1
1700 2
18394 2
18397 1
10207 2
2016 0
18401 1
18404 2
18409 3
9895 2
10220 0
12626 2
18414 3
2032 0
10225 0
18419 1
9615 2
18421 3
2038 0
18424 1
4436 2
18426 1
2043 1
2047 2
10241 1
9899 1
2052 2
18437 0
2057 2
18442 1
18443 2
2061 3
18446 2
9901 2
8536 1
10261 2
4441 1
2072 2
2073 2
18095 0
2076 2
10269 0
10270 3
18463 0
10272 2
1712 1
2087 2
2088 2
2091 2
9906 2
2094 1
8541 2
2096 1
10290 0
18483 2
2101 1
10294 1
3081 2
10296 1
18100 1
10298 2
10299 2
2112 2
10305 2
10306 1
18499 1
2116 2
10309 3
10310 1
353 2
2121 0
2124 2
10317 1
2126 0
18511 3
2128 1
2129 1
2130 1
10324 1
18517 0
2134 2
4981 2
10328 2
16740 0
2138 2
10332 1
18525 0
10335 2
2144 2
10337 2
5819 1
18534 2
617 0
10344 1
10345 2
18538 2
2157 0
18542 0
10351 2
1726 2
10358 2
2167 0
10363 0
6619 2
2175 1
2176 2
10373 2
18567 3
13489 0
2185 2
18570 2
2188 2
2189 0
18574 2
6074 1
10384 0
10386 1
18579 2
2196 0
10389 0
10392 2
2202 2
18587 3
2205 1
2207 1
2208 3
10401 2
2210 2
18595 2
2212 1
18598 2
8561 0
18600 2
892 2
10410 2
14023 1
18604 2
10413 0
10414 1
3101 0
4270 0
18609 0
10419 0
2229 2
10422 2
18615 1
10053 1
10426 1
2236 2
2238 2
8258 0
18629 2
18632 2
18633 0
4471 1
18636 2
2254 2
5837 0
18640 1
2258 2
2260 2
2261 1
10454 0
18648 2
18649 0
2266 0
10554 2
18652 2
2269 0
4531 1
10464 1
18659 1
2278 2
18663 3
18664 0
18665 2
10475 1
10477 2
18673 0
10483 0
10488 2
18681 2
18682 1
6896 1
18686 1
2303 0
16768 2
18690 1
3115 3
1750 1
10502 2
2311 0
10505 2
10507 2
18700 2
15080 2
10510 0
10511 0
18704 1
18706 2
2323 0
10516 3
10517 1
18710 2
10519 0
12676 3
9352 1
2331 3
10524 2
2333 2
15726 1
10527 3
15899 1
3120 0
10530 1
18723 1
18725 1
10535 2
2346 0
4487 2
10541 2
10542 2
18141 0
2352 3
10545 1
18306 2
10548 1
14263 2
2358 1
10551 2
18746 2
10555 0
2364 2
2368 1
18753 0
2371 2
10564 2
10567 1
2377 0
10572 3
10573 1
10575 1
10576 2
2385 2
18771 2
2388 2
18774 3
10583 2
18776 3
1764 2
10589 2
18784 1
2402 0
18790 0
10602 2
10604 3
10605 1
10606 1
10607 1
10609 0
18084 0
9355 3
18805 3
9961 0
10616 1
18809 2
2426 1
18812 2
10621 2
2430 2
10624 0
2433 1
18819 0
10628 2
10632 1
10634 1
2444 1
10637 0
18157 2
18832 1
6901 0
2452 2
18838 0
18839 2
18840 2
18845 1
2463 3
10660 2
2469 0
2470 2
10663 3
2472 2
9084 1
2475 1
10668 2
18861 2
10672 2
18163 0
12702 2
2486 2
10679 2
10680 1
2491 0
10686 0
16800 3
2499 3
2500 2
2503 0
10697 0
5879 2
10700 2
10701 2
10702 2
2513 1
2514 1
419 0
2517 0
10711 2
10712 2
8612 0
2524 1
2525 1
2526 1
13001 1
2528 0
2529 0
10724 0
4518 1
10726 2
12905 3
10450 2
10729 1
423 2
10734 1
16997 2
2544 0
2545 3
2546 2
9982 1
10743 1
10745 0
2556 1
10749 1
2558 1
9125 2
18176 2
10755 0
2565 0
6427 2
10766 0
10767 0
2576 0
508 0
10771 1
2580 2
8622 2
10774 1
2586 1
2587 1
10780 0
10781 2
10782 0
2591 0
10784 0
10785 2
10786 2
12907 0
16726 0
2599 2
2603 2
10799 1
10802 0
12723 0
2615 2
10809 1
10810 1
10812 1
10813 0
10814 1
2624 2
12908 0
2626 0
2627 2
10822 1
13181 1
10824 0
10825 0
10826 0
4535 3
658 0
2637 0
3102 2
2640 2
440 1
10834 0
3634 3
10837 2
2646 2
10839 0
2648 3
10841 3
1807 0
4086 2
6177 1
4180 0
10849 0
15075 2
443 0
10852 2
10855 1
2664 0
10857 0
10860 1
10861 2
2671 0
2672 2
10868 0
10870 2
10873 0
10878 2
14101 0
2690 0
10883 2
10884 0
17002 1
10887 2
10895 1
10897 3
10898 0
10901 2
10905 2
2714 0
2715 2
10908 0
1727 0
10911 2
10913 3
2722 1
10915 2
10916 2
10917 1
2729 1
10925 1
2735 1
4552 1
2738 3
3187 2
2741 2
10935 0
2744 0
2745 0
18207 2
10940 2
10941 0
10942 0
2751 0
10945 2
2754 2
459 0
13930 1
10953 0
12457 2
3191 2
1826 2
2769 0
16276 1
2771 0
10964 0
16846 1
2776 0
16847 0
10973 2
2783 3
2785 2
10981 0
10982 0
2791 2
2793 0
2794 3
5927 3
2798 0
10991 1
10992 2
2801 2
9095 2
10998 0
2807 3
11004 2
12757 2
11010 3
14123 1
11012 2
4765 1
11014 3
11016 0
2825 2
2834 1
2835 2
2839 2
11034 2
10031 2
11036 2
11037 1
11038 2
11397 2
11040 3
18224 0
2851 1
18644 2
11045 2
2854 1
18225 2
11052 0
11053 2
2863 0
11056 0
11057 2
11059 0
478 1
11065 2
2874 0
11515 0
11070 0
2879 2
2880 2
11073 1
2882 2
2883 0
2884 0
11077 1
11078 2
481 1
11080 2
2889 1
1847 0
11084 3
11085 2
11086 1
11089 2
11091 3
2900 1
2901 0
11094 1
18233 2
2904 1
11097 1
2908 0
2909 1
2911 2
11109 2
11110 3
11112 1
2921 2
8679 2
2925 2
11118 0
10045 1
2928 1
12776 2
2934 0
2936 0
11132 2
11133 0
2942 2
17669 2
11138 2
3222 1
11142 1
4588 0
1324 2
11149 0
11150 2
11155 0
11156 2
8686 3
11159 3
2968 2
10052 1
11162 2
11164 0
2973 2
11166 0
2975 1
16880 0
2979 2
11172 1
1102 0
11175 1
2984 2
1946 0
11178 3
2987 0
2988 0
11181 1
11182 2
11183 2
11184 1
10738 2
2995 2
11191 2
3000 2
3001 2
11194 2
1866 2
8693 2
3232 0
3010 3
3012 2
11205 0
3014 0
3016 1
18252 1
1737 1
11212 0
7330 0
11214 2
12792 1
11220 1
11221 2
3030 1
505 3
11224 2
11428 3
11226 2
3036 0
11229 2
11429 0
3040 2
1465 2
3043 3
11239 2
3048 3
3049 2
3050 0
3051 0
3052 1
16893 2
11249 3
3058 1
11259 2
102 1
3070 2
3072 0
3073 1
3074 1
3076 2
3079 2
11272 2
11273 3
11274 2
3083 1
3086 0
3093 3
17571 1
14170 1
11294 3
11295 2
3104 0
14171 0
3108 2
16902 2
11307 2
3116 0
18269 2
11312 2
11316 0
3129 3
3131 0
8714 1
11327 2
18272 0
11331 3
3140 1
3141 2
11334 2
11335 2
11336 2
524 2
11338 2
3255 1
11340 2
11343 2
11344 2
15544 1
11346 2
18275 1
11348 1
11350 1
11354 2
3167 1
11201 0
3171 2
11364 1
11365 1
11367 0
11368 0
3180 3
16914 1
3183 2
1979 1
3186 1
11379 3
3188 2
12654 0
11382 2
11383 1
3193 1
9108 2
11388 1
10090 0
11392 0
11393 2
652 2
3887 2
3205 1
11398 2
3207 2
4744 1
3212 1
3266 0
3215 2
3216 2
11409 1
3218 3
11414 1
3223 2
3227 3
11420 0
3230 1
11424 3
11425 2
3236 0
3237 1
11430 0
3240 2
3242 3
11435 2
18349 1
11440 0
11441 3
3250 2
10099 2
11444 2
542 2
11446 1
7369 0
3257 3
11451 1
3260 0
3262 1
3263 2
3264 0
11457 2
11458 2
3275 1
3268 2
11461 1
3270 1
8737 2
3273 0
3274 1
11467 1
11468 0
3278 3
3280 2
9111 2
3285 1
3286 1
3287 2
3288 2
3293 3
3294 0
9657 0
3303 1
13749 0
551 1
3308 0
3313 2
3314 3
11507 0
11508 2
11510 2
3320 2
11514 2
3323 2
3327 0
11520 0
3329 0
3330 1
12843 1
3333 1
11528 1
11530 1
11532 2
14210 2
11536 1
11540 2
558 1
11543 2
3352 1
3353 1
3354 2
11547 2
4958 2
11554 1
3363 1
1203 2
9024 2
11565 1
11567 0
3376 2
3377 2
14297 2
3380 1
3382 0
11580 1
11581 2
3392 1
12388 2
11586 0
3396 0
3397 0
3399 0
3400 0
1477 1
17844 0
11599 1
3408 1
3411 0
3412 2
8761 1
11608 2
11609 2
11610 2
3419 2
11612 3
3422 1
3424 3
11619 1
11620 1
11621 0
3430 3
1937 1
3434 1
8588 1
11629 0
3438 0
12861 2
3440 1
11633 0
11634 2
5340 2
3445 1
11497 0
3449 2
8767 0
3453 2
16209 2
11647 1
11648 1
3307 1
18326 0
11654 0
3463 2
11659 2
11662 2
3471 2
3473 0
8771 3
3480 2
11674 0
7407 2
3485 1
11678 0
11679 1
3491 2
3492 0
12870 1
8775 0
15602 2
3502 2
3503 2
3504 2
3505 0
18393 2
3508 0
11707 2
11708 0
11709 1
6391 3
3520 2
3521 2
14029 2
11574 2
11716 1
11717 2
11721 1
3531 0
11724 2
11512 2
3539 0
11732 0
11733 3
3543 0
11738 1
591 1
11741 1
1957 0
11744 2
592 1
11747 2
3557 2
11752 0
3564 3
8786 1
11758 2
1960 1
18390 0
3572 1
7422 0
11767 1
11768 2
12667 0
11773 2
11776 2
3585 2
7116 1
10156 1
3595 0
11790 3
11791 3
3601 3
13759 0
11800 2
14754 1
17851 1
11806 2
11808 1
3619 2
3621 2
3622 2
11815 1
17033 2
11820 3
3629 1
11822 0
605 3
11824 1
3633 1
11826 2
8798 0
3638 2
3639 2
11832 1
11836 0
11839 3
11840 0
11842 0
9396 1
11845 2
16993 2
3657 0
3658 2
3659 0
3660 3
11853 1
11854 0
11855 0
11856 3
11857 0
3666 0
3669 0
3670 0
3671 2
3674 2
3675 1
3677 2
3679 2
15632 2
11874 1
3683 1
11877 2
11878 1
15633 0
11880 1
11881 1
15634 0
11887 2
3696 0
3699 1
3701 2
3702 2
8809 0
3705 0
3706 2
8810 2
11902 2
11904 1
11905 3
3714 3
17003 0
11909 2
11913 1
2306 1
4745 1
11919 3
11920 0
3730 2
3731 1
3732 0
8814 2
3734 2
11927 0
1988 2
4719 0
3740 0
3741 2
11934 0
3744 1
3747 1
11941 2
3750 1
11944 2
15128 0
7453 1
11952 2
14280 0
17011 0
11956 0
3765 2
11958 0
11961 0
11962 0
11963 2
671 1
18052 0
3774 3
3775 2
3777 2
11971 0
11974 0
3785 3
3791 2
3792 0
12920 1
11988 0
10190 0
11990 1
12921 2
17441 2
14287 1
11998 2
11999 2
3808 2
3810 2
17019 1
13633 0
12006 0
3815 1
3819 0
12013 2
3822 3
12925 1
15818 2
12019 0
17022 0
3830 0
9402 2
3833 0
3834 2
12032 2
3841 2
12037 2
12040 0
12041 1
12043 0
7766 1
3855 0
14296 2
3858 0
12053 1
3862 2
10201 1
4493 2
3375 2
12061 3
8837 0
11568 2
18814 2
3876 2
12069 1
3879 2
3880 0
3881 0
3882 1
12077 2
12079 3
3889 2
14302 2
12086 1
8313 2
12089 1
12091 2
3901 0
18193 1
18400 0
14265 2
12100 2
12101 1
12102 0
12105 2
12108 2
12109 2
12110 2
8845 0
12113 2
6115 3
3924 3
15138 0
7481 1
3928 2
3930 0
4768 2
12126 2
3935 0
14879 2
15675 2
17041 1
12136 2
12139 2
17042 2
3950 0
3389 2
3954 1
9679 1
3960 2
12154 0
3963 2
3965 2
12158 2
3968 3
12162 1
2027 0
3973 1
15681 1
3978 2
12171 2
12172 1
12173 0
12175 2
3984 1
3985 2
12178 0
12184 2
3994 0
12188 2
3997 2
3999 0
6407 2
6128 2
17539 3
6129 2
10408 2
4009 3
12202 2
4011 2
6953 2
12206 1
12207 2
4017 2
4019 1
12958 0
4022 0
18420 2
12218 2
4027 0
2037 0
11047 2
4033 2
4034 2
12227 0
4036 1
4038 0
1771 1
12235 0
10773 1
4052 1
4057 2
4058 2
4059 3
12252 2
12253 0
12257 0
12258 2
12260 1
12262 2
15697 0
12265 1
4074 1
17063 1
4079 0
12272 2
4081 1
12277 0
5642 0
4087 0
12281 0
4092 0
12285 0
15701 0
4096 0
4097 0
4098 1
683 3
18358 3
4106 2
4107 2
12300 2
12304 0
16143 2
4118 2
5821 2
12314 2
4124 2
4126 0
2053 0
4131 0
12324 2
8881 2
15708 2
12330 1
12331 2
4141 0
4142 0
4148 1
11614 1
12342 2
16505 0
12344 2
12980 0
12346 0
12348 1
4157 3
12981 1
18142 1
4164 0
12360 1
4169 3
12364 3
4173 2
12366 2
14349 1
3427 2
12372 0
10254 2
4182 3
12376 2
12377 2
8102 1
4189 0
4191 2
4192 2
1827 2
4196 3
11622 0
15543 1
4199 0
12392 1
4202 1
4203 1
4206 3
15249 2
4212 0
7778 0
4215 0
4221 2
4222 2
12417 2
4226 0
4227 2
12685 2
12423 2
12424 2
12426 0
9771 1
17090 3
12430 1
4239 0
12432 2
4245 2
4248 0
4249 1
4254 3
4256 2
12450 0
12451 1
4262 2
12455 3
4264 1
4265 3
16045 3
12459 1
12462 2
4272 1
4273 0
12466 1
12470 2
713 0
4280 1
12476 2
714 1
12478 0
11637 1
4291 0
12486 2
9963 0
8908 3
4298 0
4302 1
12496 1
2222 2
12503 0
4312 2
4313 2
12507 1
8189 2
12509 2
4318 2
4320 2
4323 2
4324 2
16238 3
4327 1
4328 3
12521 2
12524 1
13010 0
4335 2
4336 0
4340 0
12533 2
4342 2
12536 1
4345 2
12539 2
12540 0
12541 1
725 1
3456 0
4354 2
18475 0
726 2
4359 2
13015 1
4365 2
12558 0
4367 3
12560 1
4371 2
4374 2
4377 3
12570 3
4379 2
4380 2
12573 0
12574 3
4383 2
10288 1
4386 3
12579 0
4389 2
4390 1
12584 2
12587 3
9389 0
16786 1
12592 2
12594 1
2099 2
12596 2
3420 2
4831 1
12610 0
12611 2
4421 0
4422 2
12615 2
17878 0
12617 2
4426 0
12850 2
12622 1
12624 2
693 2
4434 1
12628 1
3470 1
4438 3
6201 2
12632 1
17124 0
15759 3
12636 0
12638 2
4448 1
15760 0
4451 3
7569 2
4457 2
12651 0
12652 2
4462 2
12657 2
12658 2
12660 2
12663 2
12664 1
4474 0
4475 0
12671 0
4480 1
4483 0
4484 1
4485 2
2113 2
10515 0
748 2
4491 1
9424 1
2114 0
12686 2
4495 1
8333 2
4497 0
4498 2
12692 2
4501 0
12695 3
4505 0
12698 2
12700 1
4509 1
4510 1
4511 1
4512 0
9850 0
4516 0
12710 1
4849 0
4520 0
4522 1
12715 2
4524 1
12717 1
12718 1
4528 2
4529 2
8947 1
4532 1
5419 2
12727 1
4536 0
4537 2
12730 1
12732 1
12734 0
12737 1
9153 2
12740 0
4854 0
12743 0
9426 2
4553 2
4855 2
4557 1
1468 2
4559 3
4561 3
12755 0
10996 1
4565 1
4566 2
12759 1
17610 2
11684 2
4570 1
4571 0
3971 1
12765 2
7589 0
12768 0
12770 1
5948 2
4584 0
4586 1
16670 0
12780 1
12781 3
12782 0
4593 2
12786 0
4595 1
12788 2
12790 0
4599 1
4600 1
4601 1
12795 0
4605 2
12799 0
13056 0
4610 1
15787 3
4615 0
14611 1
12809 1
12811 2
4620 0
4621 2
4622 2
4623 2
4626 2
4629 0
4630 0
4632 2
12826 2
12828 0
4637 1
773 2
12832 1
12839 0
12840 1
2140 0
4650 2
8967 1
4652 3
4653 0
12847 2
4656 1
12849 0
4658 2
12852 2
4662 0
12856 2
12859 1
4668 2
4669 2
12862 2
4671 0
3156 0
12865 2
4674 1
12867 1
4678 1
6241 1
12872 2
4682 2
12878 0
4688 1
14147 2
4690 0
12704 1
15525 2
17887 2
10522 1
12893 0
4703 3
4705 1
3515 1
4709 1
4710 1
4711 1
12904 2
4713 0
12906 2
4715 0
4716 3
12909 2
15160 1
4721 2
4724 2
4726 1
12919 1
10523 2
4729 2
4730 1
12924 2
4733 2
12928 1
12930 2
12932 1
4741 1
12934 0
11713 2
18707 1
12937 0
11761 1
4748 1
4752 1
12945 2
12946 1
2158 1
6937 0
12954 0
4764 0
4523 2
4766 1
3525 0
12960 2
12961 2
12963 1
4776 2
12972 2
4781 1
4783 0
4784 1
12977 2
4788 3
4789 3
4790 1
12984 2
4793 1
12986 2
12987 1
12989 2
4799 1
12992 0
8992 3
4803 3
4804 2
7525 3
4808 1
4809 2
13002 1
4811 3
4813 1
4814 2
13007 1
4816 1
4817 2
4818 0
13013 1
4822 0
4823 2
6980 1
8996 2
4826 1
13019 2
13021 0
4901 0
13027 0
4836 0
4844 1
4848 1
13041 2
13042 2
13043 2
13045 1
13046 0
13047 0
4856 1
13050 2
10367 1
13528 2
13053 0
4863 1
4864 3
4865 1
4866 0
13059 3
13060 0
15830 3
4872 2
4874 2
4875 0
4877 2
4878 0
13075 2
13077 2
8346 1
4887 1
13083 2
13084 2
13087 0
4897 2
13091 2
4900 0
13093 1
13094 3
4903 3
4904 0
4906 3
2183 2
13100 1
4909 0
4911 2
13107 0
4916 2
3437 0
4920 0
13108 0
13114 2
13117 0
4926 1
13119 0
2324 2
4931 2
3983 2
13127 2
13128 1
4937 2
4938 0
13133 2
13135 2
17077 3
4948 2
4950 2
13145 1
18714 1
13148 2
13150 3
14519 0
4961 1
4963 3
13156 0
4971 2
14562 1
17213 0
13168 2
13169 1
4979 1
13173 2
4982 1
18580 2
4986 2
17215 0
4989 0
4991 1
17216 1
13188 0
4997 2
13191 0
13192 2
13195 0
13196 0
9026 2
13198 1
2200 1
5011 3
13207 1
13208 2
13209 2
13210 2
5020 2
18586 2
13214 1
5030 2
5031 3
13225 2
4935 0
13229 2
3034 2
13237 1
5046 2
5051 3
13244 2
13245 2
5054 1
13248 1
6853 0
13250 2
2209 0
13256 1
9036 3
13259 2
13260 3
18594 2
3576 0
13266 1
5077 1
13271 1
13275 2
13278 2
5090 3
5095 2
13292 0
4807 1
13295 1
13297 0
4753 2
5108 1
13301 2
13302 1
13303 2
17236 3
13307 1
5116 3
13309 1
13310 1
853 0
5121 2
5122 2
13317 0
13320 2
9718 3
13322 2
13329 2
13330 0
11779 0
13332 2
5141 0
13334 0
5143 1
15877 0
5155 0
5156 0
5158 0
5160 0
9052 1
13356 2
13360 2
5171 1
9054 0
13366 0
13367 3
5179 0
5181 0
5182 0
13376 3
13378 2
5187 0
5189 3
13153 2
5194 2
5195 2
5196 2
5197 3
5200 0
5201 1
13394 0
13395 2
13397 0
13401 2
7695 2
2926 1
13405 2
5214 2
5216 0
5217 0
5218 0
5222 0
5225 3
13418 1
13419 1
5230 0
13424 2
5233 2
7699 2
873 1
5240 0
16450 0
13435 2
5244 0
5247 2
5248 0
875 2
5255 0
9995 2
3581 0
10268 1
5264 3
5265 2
13458 0
9070 2
5272 0
5276 2
5277 0
2245 1
13474 0
5283 2
5284 0
13477 2
5086 1
13482 3
5293 2
13486 1
15901 1
5297 0
5299 0
13494 3
14537 0
13496 2
13497 1
5306 1
13501 1
885 1
5314 1
5315 0
13174 0
5318 0
13511 2
13512 1
5321 3
9079 1
5326 0
13520 2
10543 2
5331 3
18638 0
13177 1
5336 1
13529 1
13530 0
3451 1
13532 0
13533 1
15909 0
5345 2
12747 2
13541 2
13542 0
581 1
13544 2
13545 3
13547 2
5357 1
12999 1
13551 2
5361 2
5362 2
5363 3
13557 0
13559 2
5369 2
13563 2
5372 2
13565 2
5374 1
6357 2
13568 3
17280 1
5378 2
13572 2
5381 2
9089 2
5384 0
9583 2
13578 2
13580 2
9090 1
13583 2
13586 0
13588 2
10457 1
5401 2
13594 3
9474 1
5405 2
5406 0
13603 0
13605 2
5414 1
13607 2
13608 2
5418 1
17287 1
13613 0
5422 2
5423 0
13616 2
13621 2
13622 2
13625 0
13627 2
13628 1
5437 2
13630 0
5440 0
5441 2
907 1
13636 1
13638 2
5447 0
10129 2
11831 1
5453 2
8365 1
13650 3
5459 3
13652 3
5461 2
13655 1
13656 1
5465 2
13658 2
5469 1
5471 0
2297 2
13666 0
5476 0
18662 2
13670 2
13671 1
15932 0
13676 0
5485 0
5486 2
5490 1
13549 2
5495 3
5496 2
5497 2
5498 2
16494 0
183 2
5502 1
13695 2
13697 2
13699 0
5508 2
9110 2
13704 2
5513 2
13707 2
17096 1
13710 2
5519 1
9112 2
29 0
5524 2
13717 2
13718 2
17305 2
13720 2
13723 2
13727 1
6384 0
13732 2
5544 3
3655 1
5550 2
71 1
13746 0
18675 0
926 3
11849 0
13753 1
13754 2
5564 1
7754 1
5567 2
5568 3
8875 2
11851 1
9460 2
5576 1
13769 0
5579 2
5580 1
5581 2
5583 2
5587 1
5588 3
13781 1
5590 3
5591 2
13785 3
13787 2
13788 3
14586 2
13790 1
13791 2
13793 0
1393 2
5603 0
13796 0
5606 0
5607 1
5608 1
5610 2
4238 0
5612 2
14917 1
14792 2
5619 1
9129 2
5627 1
5628 1
17322 2
5630 2
18191 2
13828 1
5637 1
5639 2
5641 0
13834 2
11863 1
13836 2
10498 2
13842 0
5654 2
5655 2
5659 0
5663 2
5664 2
5666 0
2098 2
12191 0
5670 1
5673 3
13866 0
13867 2
13868 0
5686 2
13879 2
13883 0
13884 2
13888 0
14647 2
5698 2
4827 1
11873 1
13897 0
13900 0
3682 2
13902 0
17336 2
13906 1
11875 0
5716 0
13910 3
13911 2
13912 1
7780 0
5722 0
13915 3
5724 0
5727 0
13922 1
13925 0
13927 1
5736 2
1282 0
17649 1
13933 0
5743 1
3688 1
5747 0
13941 0
5751 2
18708 2
5754 2
2325 0
5761 1
13954 1
10518 2
961 1
13960 3
5770 0
5771 1
5772 0
13965 0
5375 2
5776 2
14616 0
7290 1
5780 1
5782 0
9467 2
5787 0
5789 0
13982 0
5793 1
5795 3
13990 0
13993 2
5803 1
5804 1
13997 0
5806 0
5807 1
13014 2
5810 0
5811 2
5814 2
17106 0
14009 2
14011 3
9162 1
5824 2
14022 2
5831 0
5833 3
14028 1
2338 2
5841 1
14034 0
14036 1
11897 0
14041 2
5850 2
5851 3
14045 0
5858 2
5859 2
5860 2
5862 2
5863 2
7487 1
17503 2
2343 1
5871 3
5873 1
14066 3
3710 0
14633 0
5881 2
7807 2
5886 2
6443 2
14084 1
5893 1
5894 0
14087 3
14089 1
5079 3
14094 1
5903 2
17388 2
5907 2
18734 2
14103 1
14104 1
5913 1
14107 0
14113 3
5922 0
5925 2
2353 1
14120 2
5931 2
14126 2
743 0
14128 2
7816 0
6451 2
14133 2
5943 0
14928 2
14137 2
14138 1
14139 1
14140 2
14142 3
14144 2
5953 2
18535 1
4698 2
14151 2
2359 3
5967 3
12390 2
14988 1
5978 0
3727 2
14172 1
2362 2
5982 2
14175 0
14177 2
16741 2
5988 0
5989 2
16843 3
14184 1
14186 2
14189 0
14190 2
477 2
11923 3
6004 0
6462 0
14199 1
14201 0
6012 0
6013 2
6015 0
14209 0
6018 1
14212 2
11926 0
6022 2
14216 2
6025 2
14221 0
6030 3
1019 0
14224 1
2383 1
14227 1
8278 2
7566 2
14233 0
6044 3
14237 0
17932 0
14239 0
14244 2
6053 1
6055 1
6056 2
6057 2
6058 0
14251 0
14252 0
14253 2
13461 0
14257 1
1591 1
1011 3
6068 2
14261 0
6071 2
202 2
6073 2
14266 0
14269 0
14270 0
5109 1
14274 2
14275 1
14277 2
6086 3
6087 3
6088 0
17399 2
14285 0
6094 2
2381 2
3041 1
6100 2
14293 0
14294 0
17401 3
6104 2
7844 0
14298 1
6107 2
17455 0
14301 0
6110 0
14304 0
6114 3
14307 2
6116 0
14309 0
6120 2
13308 1
10330 3
14317 0
6127 0
14320 2
16040 2
14322 2
14323 2
6132 2
6133 1
6135 2
10580 0
14330 0
6139 0
6140 2
14335 2
6144 1
14337 1
14880 2
6149 0
6150 0
1023 2
6152 3
14345 3
6154 2
14347 2
6156 0
6157 0
6158 2
6159 2
13298 1
14355 2
6164 2
6165 0
14358 0
2393 3
14360 1
14364 1
6173 0
6174 2
14367 1
14369 2
18482 0
11225 0
6182 0
14375 0
14380 0
14385 1
14386 2
14387 2
6196 2
6200 1
14393 2
14394 2
6203 2
6206 2
6207 2
14404 1
14405 1
14407 1
10027 2
1298 2
6220 1
14413 2
6222 0
14417 0
6227 2
14420 2
6231 2
14425 2
6236 0
7866 2
14430 3
14433 2
6243 0
5137 1
6251 2
7846 3
6257 1
16137 1
6260 1
14453 0
14455 0
10847 1
14459 0
14461 0
6274 3
6276 1
6277 2
14470 3
209 2
6284 0
14477 0
3455 3
6290 0
1846 0
1049 1
14491 1
14494 0
6303 3
14498 2
6307 1
14501 0
14504 2
6514 1
6515 2
11977 0
135 1
15895 0
6330 2
6331 2
6332 2
14525 1
6340 2
14533 2
14535 1
1575 1
14538 2
14540 1
6350 2
14546 0
6355 3
14549 2
6359 2
14552 2
14556 2
14557 1
6213 2
14559 2
6368 2
6370 2
14563 1
14564 0
14565 1
6379 1
14572 0
6383 1
14576 0
6385 2
6386 1
6387 2
14580 3
10622 2
6390 2
14583 0
14584 0
6393 2
7548 2
6398 3
588 1
12761 2
10625 1
6408 0
16087 2
14604 2
14605 0
6416 3
6418 0
6419 2
14612 0
6422 1
16089 3
6424 0
6426 1
9263 1
6428 1
6430 0
14623 0
14625 2
14631 2
7900 2
14635 0
6445 1
6446 2
6448 1
12217 1
13363 2
9523 0
6454 0
6455 1
6456 1
14650 1
14651 2
12763 2
13365 1
10308 0
6465 0
6467 2
14662 2
14663 2
14664 1
6473 2
14666 2
6476 0
14675 2
6485 0
14678 0
14679 0
6495 0
14690 2
14693 3
14737 2
6505 0
14699 0
13373 2
14704 0
16104 0
14706 0
14707 0
6521 0
6522 2
6523 2
14720 0
6529 0
14724 2
17473 0
14728 3
14730 1
5186 0
14734 0
3821 2
14736 2
10648 2
9287 0
13379 0
14742 2
14745 3
10311 2
14750 2
14751 2
6560 0
14753 2
6562 0
6563 3
9286 0
14761 1
6571 0
6575 2
6576 2
14770 1
13858 0
14773 0
14777 2
6586 0
14779 2
1098 2
14782 2
6591 2
14786 0
13387 1
14789 2
14791 2
6600 0
14793 1
14794 0
6605 0
14798 2
14800 2
6609 0
14802 2
14804 2
14805 2
6616 1
14809 2
14811 2
14812 3
6621 2
6622 0
6623 0
6625 2
6627 0
14823 3
17052 2
14828 0
14346 1
6639 2
14832 0
17491 2
6648 2
14843 3
14844 2
14845 0
14846 1
9301 0
6657 1
14851 2
14852 1
17495 1
6668 0
17496 3
14869 1
6679 2
14873 2
14874 2
14875 2
14877 2
14878 2
6687 2
2132 0
6689 2
14883 1
6692 2
14886 1
14888 2
6697 2
14890 0
14892 1
6701 1
6702 1
6703 1
6704 1
6706 1
14899 1
6708 1
6709 0
14902 2
15593 0
14904 2
6715 2
14912 0
17504 2
14914 2
6723 1
6724 2
6725 0
14920 0
14921 1
2487 2
14925 2
6736 0
6737 1
6740 1
14937 3
6747 2
6751 0
6752 2
14945 1
6754 0
14947 1
14949 0
14950 2
14952 1
14953 3
14955 2
14956 0
14957 1
6768 0
6769 0
9865 3
15289 3
14965 0
14966 0
16139 2
14971 0
14972 2
14973 2
6782 1
6787 0
6788 1
6792 0
14987 3
6796 0
14989 0
6798 1
14991 2
427 2
6803 1
14996 2
6807 2
6809 0
6810 1
15005 1
6815 0
15008 2
15009 2
15011 0
6820 1
13425 3
15017 1
7865 2
6828 1
15022 2
6833 1
9693 1
6839 3
12230 1
6841 2
15034 2
15035 3
6845 0
15039 2
16160 0
15042 2
6851 1
15044 1
1142 3
15047 0
6856 1
6859 1
6860 1
6861 0
15055 2
15057 0
6867 1
6869 1
15062 1
6871 0
15067 2
15068 2
15069 2
15070 2
15071 0
15072 0
6881 2
6882 3
6883 3
6887 1
6888 3
6890 1
6892 2
15085 2
15086 2
775 2
6898 1
15091 1
755 2
15093 3
6902 0
15095 1
11141 0
6905 1
8993 0
6908 2
6910 2
6911 1
6912 2
15105 1
15107 1
15109 1
15111 3
15112 1
15114 2
6923 0
15116 2
6925 0
7050 1
3885 2
6930 1
6931 2
15124 3
15126 1
6617 2
6936 1
15129 1
6939 2
15132 1
6941 0
6942 1
15135 2
15136 1
6946 2
6947 3
15140 0
15141 1
6950 0
6951 0
15144 0
15145 0
6956 0
16413 2
6961 1
6962 2
6965 2
15158 0
6968 0
6969 0
14815 2
15165 0
6974 0
15167 2
6976 2
15169 3
6978 0
1163 2
15172 2
6982 0
6984 1
3895 0
6988 0
6989 1
6993 2
15186 1
6995 2
15189 0
6998 2
3897 0
15192 0
15194 2
7004 2
7871 0
7006 2
7009 2
4325 2
12649 1
7018 1
6631 2
7022 3
7023 1
15217 2
15220 2
15221 0
15225 1
7035 0
15228 0
7037 1
7038 0
15231 0
8000 0
15234 3
15238 0
12097 1
15241 2
15242 0
7051 1
7052 1
15245 2
10467 2
7055 1
7056 2
13464 3
7058 3
7060 0
7062 0
15258 1
156 0
7069 0
15264 2
5691 2
15266 1
7076 1
15270 0
15273 0
7085 0
15278 3
7087 1
15281 2
15284 1
8009 2
7097 2
15290 2
7101 1
7103 2
15296 2
9376 0
15299 0
15301 2
15303 2
15304 2
15308 1
1186 0
7120 2
14840 1
1187 2
15316 1
7125 0
15318 2
15319 0
7129 2
15324 1
7133 2
15329 2
7138 0
7139 0
15333 2
15334 1
7143 0
15514 0
7160 3
7166 3
17151 2
15364 2
8231 2
15368 3
7179 3
15373 3
15374 0
15375 1
15376 3
8024 0
7186 3
2563 2
9241 2
15381 2
16217 2
15378 0
15388 0
12122 3
7202 0
7203 2
15396 2
15398 0
7207 0
15405 2
7214 2
15409 2
7219 3
7222 0
15417 2
7228 1
7230 2
15423 0
7235 2
15428 2
7240 3
15434 2
7243 2
7246 2
15439 1
15440 1
17499 2
15448 2
7260 2
13498 2
15455 0
15457 2
12487 0
15461 0
1606 1
17973 2
15473 0
15475 0
7284 0
8941 2
2152 2
15482 1
7293 0
15486 2
15487 3
7296 0
15490 1
15491 1
2582 2
15496 0
15497 0
7306 2
15500 2
15503 2
15505 0
7315 0
15508 0
15509 1
15510 2
15511 0
15513 0
7322 0
15515 0
15518 0
7327 0
15520 0
15522 1
6683 2
7332 2
13510 3
15530 0
15531 0
15533 2
7141 0
7345 0
4609 1
7349 2
1225 2
9792 2
1063 2
10783 3
8014 2
1226 1
15550 0
15552 1
15553 0
15556 1
7365 0
15558 1
14881 1
15560 0
15561 1
15562 0
15563 0
7372 2
15565 1
7374 3
17613 0
15568 3
15570 0
2595 2
15582 0
7391 1
15584 2
7393 0
7395 1
15589 2
10612 2
15594 3
7405 2
12157 3
15600 2
7409 1
7410 2
15603 1
15604 2
7413 1
7415 2
15608 1
17620 0
15611 3
7421 0
15614 0
15616 0
15621 2
6700 0
7440 2
17624 1
7442 2
8067 1
14894 2
15638 2
7447 2
7448 2
15641 0
7450 2
15644 1
15645 3
8069 2
15649 3
7461 1
15654 2
15655 2
15656 0
15657 2
7467 2
15660 0
15665 1
7474 2
6707 1
15669 1
15670 3
15671 0
15672 1
15673 3
8978 1
13535 2
15676 0
10342 2
14901 0
7488 2
7489 2
7490 3
7491 2
15684 0
15687 1
14903 2
15693 0
15694 1
15695 0
17435 3
6712 2
15699 1
7509 0
2617 1
15704 0
15707 1
7516 2
15714 1
14907 1
7524 3
9446 1
15718 0
15721 2
15722 2
7532 2
8843 2
7535 0
7537 2
7538 3
7540 0
15254 3
7543 2
15736 1
7545 1
15738 2
15739 0
15740 1
15741 1
15744 2
15746 0
7556 0
7557 2
15752 1
15758 2
7567 2
7568 2
15761 2
10819 2
15764 0
15765 2
15766 1
14916 0
7578 1
15775 0
15776 2
15778 0
15781 1
5981 3
7591 3
7594 3
2631 1
15788 1
1266 0
15790 0
15798 1
7609 2
7611 1
7612 1
7615 2
8096 2
7618 0
7620 2
7621 0
7622 0
15816 2
7626 2
7627 0
15824 2
15827 3
17985 2
17657 0
7640 3
15834 1
15837 0
7646 2
7649 2
15842 0
7651 2
4006 2
15847 1
15850 2
15853 1
15854 1
5373 1
15858 0
15859 1
9470 2
7670 3
15863 2
15864 0
15867 2
7677 3
15871 1
15872 3
15874 3
7685 2
1281 0
7689 2
7690 2
15883 0
9852 0
7693 2
7694 1
16301 1
9475 1
4014 2
15894 1
7703 3
15896 1
15897 0
15898 2
7707 2
15900 2
7709 3
15902 1
13573 2
2779 2
9478 2
15910 1
15911 3
7720 0
17715 0
7722 3
1287 1
7724 3
7728 2
8168 2
15927 0
15930 2
7739 0
7740 0
9482 0
7743 2
15938 0
7747 2
15940 0
15941 0
6753 0
9484 1
15946 0
2658 2
5389 2
15953 1
15954 1
14127 2
7765 2
15958 3
15959 1
15962 0
15963 2
7775 0
15970 3
7779 2
7624 3
15973 2
15980 2
7789 2
15982 2
15984 0
7796 3
13353 0
15992 0
7802 0
15997 1
1265 3
15999 1
16000 2
7809 3
16002 2
7812 0
16008 0
7817 1
16010 0
1303 1
16015 1
16017 2
16018 1
16021 0
7831 1
7832 3
10863 0
16029 0
10864 2
16034 2
16035 3
16036 1
16037 1
16038 2
7848 2
6770 2
7855 3
16048 1
16049 1
16050 3
16053 1
16056 1
16057 1
16058 0
7867 1
16060 2
7869 2
7870 3
16063 1
16064 2
6108 2
16069 2
7878 0
16071 0
16073 1
16081 2
16082 2
2681 0
16088 1
7897 2
7898 0
16091 2
16092 2
16095 1
7905 0
7906 2
7912 0
16108 2
16110 2
16113 2
16114 2
16115 2
16117 2
7927 1
16120 1
7932 2
17021 0
7934 2
16127 3
7936 2
16131 1
16134 0
16135 2
5720 2
17708 2
16138 2
7947 2
16141 1
9154 2
12267 0
16145 0
7956 2
7957 0
2692 0
7962 0
16155 1
16157 2
7968 0
653 2
7970 1
7975 2
17645 0
16173 3
7982 1
13632 2
7986 2
16179 3
7988 2
16185 1
16186 2
7995 2
16188 3
7998 3
7999 2
16192 0
8001 1
16196 1
16197 0
8007 3
16200 0
16201 1
16202 0
6830 2
16205 3
16206 0
16207 0
1336 2
8018 3
3813 0
16213 0
16214 2
17721 2
6109 1
8164 0
6799 2
16220 2
8029 3
16224 2
1904 2
16226 0
16230 0
16231 1
5436 3
8042 0
16235 1
8044 1
8046 0
17725 0
16240 1
16241 0
16243 1
16244 1
16245 1
8054 2
6804 0
8059 3
16252 1
8061 0
4418 0
16259 1
16260 1
16261 1
16263 2
8072 1
16265 1
16266 2
8075 2
8079 0
16272 0
17727 1
8084 1
16277 2
16279 0
16282 1
12271 0
16287 0
16288 1
16290 0
10907 1
16292 0
5446 1
16294 3
16295 1
16297 0
8108 2
8109 2
8113 3
16307 0
8117 2
17737 2
8121 0
16314 0
7419 0
3501 1
1354 1
8181 3
16325 0
15001 1
545 2
8140 1
8142 3
8143 0
8144 1
16337 2
8146 2
16339 0
16340 0
8149 2
16342 2
16343 1
16344 2
9857 0
8156 1
16350 2
8159 3
8160 0
16379 2
16356 0
16357 0
16358 2
16359 1
16360 1
16366 0
16367 2
1636 0
8178 0
16371 2
16372 1
16373 1
8182 2
16376 2
1364 3
16383 1
16380 0
16381 1
8190 2
8191 0
