27 0
29 0
66 1
72 1
73 2
74 0
75 2
80 1
88 2
91 1
93 3
98 2
101 1
117 0
120 3
122 3
126 2
133 2
136 0
137 1
139 3
144 2
145 2
147 0
148 1
151 1
157 0
161 0
170 0
171 2
173 2
177 1
178 0
183 2
186 2
195 2
197 2
200 0
202 2
207 2
209 2
214 0
218 3
219 0
223 2
225 0
230 0
232 1
237 2
244 3
246 0
254 0
261 2
263 2
271 2
274 2
276 3
280 3
283 3
287 2
292 0
296 0
297 2
308 2
317 2
319 2
323 0
324 1
326 1
332 2
333 0
338 1
340 1
342 2
344 2
346 3
354 2
358 1
360 2
366 2
374 2
376 2
378 3
379 0
384 1
387 0
394 2
396 1
401 2
408 0
409 0
410 2
412 0
416 0
419 0
420 1
423 2
427 2
433 2
434 1
436 2
438 0
443 0
444 2
446 2
454 2
455 1
459 0
460 0
461 2
464 2
469 1
477 2
483 2
485 2
488 2
489 3
491 0
496 2
500 2
501 1
502 2
508 0
510 2
512 1
517 0
524 2
525 0
526 0
528 2
533 0
538 0
541 2
542 2
543 2
545 2
547 1
548 1
549 2
551 1
552 1
553 1
555 2
558 1
562 3
563 2
564 1
565 1
567 2
568 0
574 0
577 1
578 1
581 1
583 1
586 3
587 1
588 1
591 1
594 0
596 1
597 1
605 3
606 0
609 2
611 1
618 1
619 2
620 3
622 0
628 0
629 1
633 2
634 0
651 0
654 0
657 3
658 0
663 2
664 0
665 1
666 0
670 2
671 1
673 2
674 0
693 2
699 3
702 1
712 2
714 1
721 0
725 1
730 2
733 1
741 2
742 0
743 0
744 2
750 2
760 1
762 1
763 0
764 2
767 2
774 1
775 2
776 3
780 2
784 0
786 0
787 2
788 2
790 2
791 1
795 2
798 2
801 2
803 2
804 3
808 2
816 0
832 2
844 2
849 2
852 2
853 0
854 0
856 0
858 1
860 3
861 2
870 2
873 1
874 3
875 2
877 3
879 2
882 0
885 1
888 2
890 1
892 2
894 2
895 1
897 1
903 0
910 1
911 2
918 0
921 2
922 2
923 1
930 0
932 3
933 1
934 0
936 3
938 1
945 3
947 2
961 1
987 1
1007 0
1010 1
1022 2
1027 0
1028 1
1030 2
1035 2
1037 3
1038 0
1040 0
1046 2
1049 1
1051 1
1056 0
1058 2
1065 2
1067 2
1071 1
1073 3
1077 2
1079 2
1080 1
1083 0
1084 0
1085 0
1089 3
1098 2
1106 0
1107 1
1114 1
1115 1
1118 2
1122 1
1134 0
1137 0
1138 2
1142 3
1150 2
1151 1
1152 0
1154 2
1155 0
1162 3
1164 1
1166 2
1173 2
1175 2
1177 2
1181 3
1187 2
1189 2
1200 0
1203 2
1206 2
1217 2
1218 2
1221 2
1237 2
1242 3
1245 0
1250 0
1251 1
1256 2
1265 3
1266 0
1273 2
1274 0
1281 0
1283 2
1288 2
1290 1
1292 2
1294 2
1298 2
1299 1
1307 0
1314 1
1321 2
1322 2
1323 0
1324 2
1328 0
1331 1
1335 2
1338 1
1340 2
1343 2
1354 1
1357 2
1358 2
1359 1
1365 0
1370 2
1371 0
1372 1
1375 2
1377 2
1383 2
1389 3
1390 2
1391 0
1392 1
1401 2
1402 1
1408 0
1414 2
1415 2
1420 0
1422 2
1423 2
1425 2
1430 0
1436 1
1440 2
1444 2
1446 2
1452 1
1454 2
1463 1
1465 2
1466 2
1468 2
1473 1
1482 1
1483 2
1488 1
1493 0
1494 3
1496 1
1521 3
1524 1
1534 0
1538 2
1542 2
1543 1
1545 2
1548 2
1549 0
1551 2
1553 1
1563 3
1568 3
1575 1
1576 1
1581 1
1584 2
1591 1
1592 3
1595 2
1596 2
1597 1
1598 0
1599 0
1601 1
1602 3
1605 0
1608 1
1610 1
1611 3
1614 1
1615 2
1626 2
1627 0
1630 1
1632 1
1634 2
1639 2
1640 2
1641 2
1645 0
1646 0
1652 2
1653 2
1655 2
1656 3
1657 2
1659 0
1661 1
1662 2
1663 2
1666 2
1668 2
1671 1
1674 2
1677 0
1684 3
1687 2
1695 2
1697 0
1700 2
1703 1
1708 3
1711 2
1712 1
1713 0
1714 0
1716 1
1717 2
1718 2
1721 2
1725 2
1726 2
1729 1
1732 2
1737 1
1738 2
1740 0
1746 2
1748 0
1750 1
1753 3
1758 3
1764 2
1767 2
1769 2
1771 1
1773 1
1779 0
1782 1
1783 1
1785 2
1788 2
1789 2
1790 2
1798 1
1803 0
1808 2
1809 2
1817 1
1819 0
1823 2
1827 2
1828 2
1840 2
1841 2
1843 0
1845 0
1847 0
1850 2
1852 1
1855 2
1857 2
1858 1
1861 0
1866 2
1867 1
1878 0
1882 0
1887 2
1888 2
1897 3
1898 3
1899 0
1904 2
1907 0
1911 0
1918 2
1920 2
1921 2
1922 1
1923 2
1924 2
1927 3
1929 0
1932 0
1934 0
1942 0
1944 0
1949 2
1951 1
1961 2
1964 2
1965 2
1970 0
1972 0
1973 0
1975 1
1976 1
1979 1
1982 0
1983 2
1988 2
1991 2
1992 2
1993 2
1996 2
2002 0
2006 1
2007 1
2009 0
2020 3
2025 1
2028 0
2035 2
2043 1
2047 2
2052 2
2053 0
2061 3
2065 0
2072 2
2073 2
2076 2
2077 2
2083 2
2091 2
2094 1
2098 2
2099 2
2100 0
2101 1
2103 2
2108 3
2113 2
2116 2
2117 1
2120 2
2121 0
2127 0
2131 0
2132 0
2136 0
2137 2
2138 2
2140 0
2150 2
2164 2
2171 0
2176 2
2184 3
2188 2
2199 2
2200 1
2201 2
2202 2
2207 1
2208 3
2210 2
2212 1
2213 1
2214 1
2224 3
2227 2
2231 2
2236 2
2238 2
2240 2
2245 1
2248 2
2251 2
2254 2
2256 0
2258 2
2259 1
2260 2
2261 1
2262 0
2264 2
2268 2
2272 0
2275 2
2278 2
2288 2
2297 2
2300 3
2306 1
2311 0
2315 2
2324 2
2329 2
2330 0
2333 2
2338 2
2343 1
2353 1
2356 2
2357 2
2362 2
2364 2
2365 3
2368 1
2369 0
2371 2
2376 3
2377 0
2381 2
2385 2
2388 2
2392 2
2398 1
2399 1
2400 2
2403 1
2406 1
2408 0
2414 2
2424 3
2426 1
2430 2
2433 1
2434 2
2435 0
2436 0
2440 2
2441 2
2444 1
2450 2
2451 2
2452 2
2453 0
2455 2
2463 3
2465 1
2469 0
2472 2
2475 1
2479 0
2485 0
2497 0
2500 2
2503 0
2505 3
2512 0
2513 1
2514 1
2517 0
2522 3
2524 1
2525 1
2527 1
2528 0
2536 0
2542 1
2544 0
2547 1
2553 1
2555 1
2558 1
2563 2
2565 0
2566 3
2568 0
2571 1
2572 0
2583 3
2585 0
2586 1
2589 0
2591 0
2594 2
2595 2
2599 2
2602 3
2603 2
2605 0
2606 3
2615 2
2620 0
2621 1
2623 0
2626 0
2627 2
2630 1
2633 2
2634 2
2639 0
2640 2
2641 1
2645 1
2648 3
2653 3
2654 2
2655 2
2672 2
2675 3
2698 1
2705 0
2706 2
2709 0
2714 0
2715 2
2725 2
2729 1
2735 1
2736 0
2738 3
2739 2
2740 0
2742 2
2744 0
2748 3
2750 1
2751 0
2752 0
2754 2
2755 0
2757 0
2758 2
2762 2
2764 3
2766 0
2769 0
2771 0
2772 2
2774 0
2775 1
2777 1
2783 3
2785 2
2787 0
2788 0
2790 1
2791 2
2792 2
2794 3
2801 2
2807 3
2817 0
2818 0
2825 2
2846 2
2847 1
2848 0
2850 2
2851 1
2854 1
2855 2
2856 2
2862 2
2864 2
2874 0
2880 2
2882 2
2884 0
2890 3
2893 0
2894 3
2898 2
2904 1
2909 1
2910 1
2911 2
2915 2
2921 2
2922 1
2928 1
2930 0
2931 2
2933 0
2934 0
2937 2
2938 2
2942 2
2944 2
2952 2
2957 0
2958 2
2960 0
2968 2
2973 2
2975 1
2979 2
2983 2
2991 2
2992 2
2993 1
2995 2
3000 2
3001 2
3004 0
3006 0
3012 2
3014 0
3016 1
3030 1
3031 1
3034 2
3037 0
3040 2
3042 2
3044 2
3047 0
3048 3
3049 2
3050 0
3052 1
3058 1
3060 1
3063 0
3064 1
3065 1
3070 2
3072 0
3074 1
3076 2
3079 2
3081 2
3082 2
3086 0
3102 2
3104 0
3105 1
3108 2
3110 2
3116 0
3120 0
3122 3
3124 2
3131 0
3139 0
3140 1
3141 2
3157 0
3167 1
3177 3
3181 3
3186 1
3187 2
3191 2
3194 2
3195 2
3197 0
3198 0
3213 0
3215 2
3216 2
3218 3
3223 2
3226 2
3229 1
3230 1
3231 1
3232 0
3235 1
3236 0
3237 1
3242 3
3250 2
3251 0
3252 3
3253 1
3255 1
3261 1
3263 2
3266 0
3268 2
3270 1
3271 2
3272 0
3274 1
3275 1
3276 1
3277 0
3278 3
3280 2
3281 3
3285 1
3286 1
3288 2
3290 3
3294 0
3296 0
3299 0
3303 1
3305 1
3309 1
3311 1
3313 2
3314 3
3315 2
3317 2
3318 0
3320 2
3323 2
3324 2
3327 0
3328 1
3333 1
3344 1
3345 2
3348 2
3353 1
3354 2
3357 1
3358 0
3359 3
3363 1
3365 2
3368 1
3369 2
3374 1
3377 2
3380 1
3381 1
3386 3
3387 1
3389 2
3392 1
3394 2
3395 1
3397 0
3411 0
3412 2
3416 0
3419 2
3420 2
3422 1
3427 2
3428 1
3430 3
3431 1
3433 3
3434 1
3435 3
3438 0
3440 1
3446 2
3447 2
3449 2
3453 2
3458 3
3459 0
3466 2
3470 1
3472 2
3478 2
3479 2
3480 2
3485 1
3489 3
3490 2
3491 2
3492 0
3500 2
3501 1
3502 2
3503 2
3504 2
3506 0
3509 2
3512 1
3515 1
3520 2
3521 2
3523 2
3557 2
3564 3
3568 0
3580 0
3581 0
3585 2
3588 0
3595 0
3602 0
3606 3
3611 3
3619 2
3621 2
3622 2
3630 2
3633 1
3634 3
3637 2
3638 2
3644 1
3655 1
3658 2
3659 0
3660 3
3664 2
3665 0
3666 0
3667 2
3668 0
3670 0
3671 2
3673 1
3674 2
3675 1
3676 2
3677 2
3678 2
3681 1
3685 2
3688 1
3689 1
3696 0
3699 1
3703 2
3704 1
3706 2
3714 3
3727 2
3730 2
3733 0
3734 2
3740 0
3744 1
3747 1
3750 1
3751 1
3752 3
3769 2
3770 2
3775 2
3780 1
3782 2
3784 2
3788 2
3791 2
3792 0
3797 2
3805 2
3811 2
3814 1
3816 2
3827 0
3841 2
3859 0
3862 2
3865 0
3871 0
3876 2
3879 2
3880 0
3882 1
3885 2
3887 2
3889 2
3892 2
3897 0
3899 2
3901 0
3903 2
3924 3
3928 2
3936 1
3950 0
3954 1
3962 0
3964 3
3968 3
3970 3
3971 1
3973 1
3978 2
3979 1
3984 1
3985 2
3988 0
3992 3
3994 0
3997 2
3999 0
4003 1
4006 2
4009 3
4011 2
4014 2
4019 1
4020 1
4024 1
4029 2
4030 1
4034 2
4035 0
4036 1
4038 0
4039 2
4048 0
4049 1
4050 1
4052 1
4058 2
4061 0
4063 2
4064 3
4079 0
4086 2
4087 0
4103 2
4107 2
4118 2
4124 2
4126 0
4134 0
4137 2
4138 3
4142 0
4143 0
4148 1
4151 2
4153 2
4164 0
4173 2
4180 0
4187 3
4189 0
4191 2
4192 2
4195 1
4196 3
4201 2
4202 1
4206 3
4211 3
4214 0
4219 0
4221 2
4222 2
4223 0
4225 2
4226 0
4227 2
4235 2
4237 0
4238 0
4239 0
4245 2
4248 0
4249 1
4251 2
4256 2
4262 2
4263 2
4270 0
4280 1
4281 0
4282 0
4296 0
4298 0
4301 1
4302 1
4305 1
4309 2
4312 2
4313 2
4318 2
4320 2
4321 3
4323 2
4325 2
4326 0
4333 2
4335 2
4336 0
4337 2
4340 0
4341 1
4342 2
4345 2
4347 3
4348 2
4353 2
4354 2
4359 2
4360 1
4363 2
4364 2
4366 3
4368 1
4370 1
4371 2
4374 2
4380 2
4383 2
4385 1
4389 2
4390 1
4391 2
4394 1
4396 0
4403 2
4411 3
4415 0
4418 0
4428 1
4434 1
4436 2
4438 3
4439 2
4442 2
4451 3
4458 2
4459 2
4462 2
4463 1
4464 2
4471 1
4472 2
4480 1
4482 1
4483 0
4484 1
4485 2
4490 1
4496 1
4497 0
4498 2
4503 2
4504 2
4505 0
4511 1
4512 0
4515 2
4517 1
4518 1
4519 0
4524 1
4525 1
4527 1
4528 2
4529 2
4532 1
4533 0
4536 0
4537 2
4538 2
4539 1
4546 1
4552 1
4557 1
4559 3
4560 0
4561 3
4566 2
4569 0
4571 0
4574 3
4575 2
4577 2
4579 3
4580 1
4581 1
4583 1
4593 2
4595 1
4604 2
4605 2
4609 1
4610 1
4614 0
4617 2
4620 0
4621 2
4623 2
4626 2
4627 3
4632 2
4633 2
4637 1
4641 2
4642 0
4643 1
4648 1
4652 3
4656 1
4657 1
4658 2
4659 2
4662 0
4671 0
4672 2
4674 1
4678 1
4679 0
4685 0
4687 0
4688 1
4693 2
4695 2
4698 2
4699 1
4703 3
4704 1
4705 1
4707 2
4708 1
4709 1
4710 1
4713 0
4714 1
4717 0
4719 0
4721 2
4723 0
4724 2
4726 1
4728 2
4729 2
4733 2
4735 3
4740 0
4741 1
4744 1
4745 1
4748 1
4752 1
4753 2
4755 1
4757 2
4758 0
4761 0
4763 2
4764 0
4766 1
4767 1
4768 2
4771 2
4772 0
4776 2
4777 1
4784 1
4785 0
4790 1
4792 2
4793 1
4794 2
4795 3
4799 1
4802 1
4803 3
4806 1
4807 1
4808 1
4809 2
4811 3
4813 1
4814 2
4816 1
4818 0
4820 2
4822 0
4825 2
4826 1
4827 1
4831 1
4833 3
4836 0
4837 2
4839 0
4842 1
4844 1
4849 0
4850 0
4851 2
4852 0
4855 2
4856 1
4860 2
4862 1
4863 1
4866 0
4870 0
4872 2
4875 0
4877 2
4878 0
4885 1
4888 2
4890 2
4893 1
4896 3
4897 2
4898 2
4900 0
4901 0
4910 0
4911 2
4913 3
4916 2
4920 0
4927 2
4929 0
4931 2
4932 0
4935 0
4936 0
4937 2
4939 0
4948 2
4950 2
4959 0
4961 1
4971 2
4973 0
4979 1
4981 2
4986 2
4989 0
4991 1
4992 1
4997 2
4998 3
5005 3
5014 0
5021 2
5022 3
5025 2
5030 2
5035 2
5037 2
5038 0
5039 0
5044 2
5057 3
5058 2
5063 2
5067 2
5073 3
5076 1
5079 3
5081 0
5082 2
5086 1
5091 2
5095 2
5096 1
5100 2
5102 2
5110 1
5115 1
5121 2
5122 2
5132 2
5133 3
5137 1
5143 1
5145 2
5146 0
5154 2
5158 0
5165 0
5167 1
5173 2
5183 3
5185 0
5186 0
5187 0
5191 2
5192 3
5195 2
5196 2
5197 3
5214 2
5217 0
5218 0
5219 1
5224 0
5243 2
5244 0
5246 0
5247 2
5249 2
5251 2
5269 0
5272 0
5277 0
5279 1
5283 2
5284 0
5287 2
5288 1
5292 2
5293 2
5295 1
5297 0
5298 1
5301 0
5306 1
5314 1
5315 0
5318 0
5322 2
5323 2
5326 0
5331 3
5335 1
5336 1
5338 0
5339 1
5340 2
5345 2
5348 3
5351 0
5352 1
5362 2
5363 3
5365 3
5369 2
5372 2
5373 1
5374 1
5376 2
5378 2
5389 2
5401 2
5405 2
5406 0
5416 1
5419 2
5421 2
5422 2
5423 0
5425 0
5430 0
5432 0
5437 2
5440 0
5444 2
5446 1
5449 1
5460 2
5461 2
5463 1
5464 2
5469 1
5472 2
5477 0
5481 0
5483 1
5486 2
5490 1
5491 2
5495 3
5496 2
5497 2
5498 2
5499 2
5508 2
5513 2
5524 2
5541 2
5544 3
5545 1
5550 2
5553 2
5561 2
5562 1
5564 1
5567 2
5576 1
5578 3
5579 2
5580 1
5581 2
5582 1
5583 2
5585 3
5586 0
5587 1
5593 0
5594 2
5598 0
5600 0
5601 1
5603 0
5608 1
5609 2
5610 2
5612 2
5613 1
5614 0
5619 1
5626 3
5630 2
5637 1
5639 2
5641 0
5642 0
5643 3
5644 3
5645 0
5646 2
5650 0
5654 2
5655 2
5657 1
5658 3
5659 0
5661 1
5662 1
5664 2
5666 0
5670 1
5683 1
5686 2
5687 2
5690 1
5691 2
5698 2
5716 0
5720 2
5729 0
5731 2
5736 2
5742 1
5748 0
5758 2
5761 1
5765 2
5777 2
5785 2
5787 0
5791 1
5793 1
5794 1
5795 3
5798 2
5802 0
5803 1
5804 1
5805 2
5807 1
5808 2
5809 2
5810 0
5811 2
5812 0
5813 2
5814 2
5819 1
5821 2
5823 2
5824 2
5830 2
5831 0
5837 0
5841 1
5843 2
5845 0
5847 0
5849 0
5850 2
5851 3
5853 2
5858 2
5860 2
5863 2
5865 1
5866 3
5868 2
5870 0
5876 0
5879 2
5886 2
5888 2
5894 0
5902 0
5903 2
5907 2
5908 1
5911 0
5913 1
5915 3
5916 1
5917 3
5921 1
5925 2
5926 0
5930 2
5959 1
5965 2
5967 3
5971 2
5982 2
5987 1
5989 2
5990 0
5993 3
6002 1
6004 0
6011 2
6013 2
6015 0
6018 1
6019 1
6021 2
6022 2
6024 2
6025 2
6026 2
6045 1
6053 1
6055 1
6057 2
6064 2
6067 2
6071 2
6073 2
6074 1
6086 3
6094 2
6100 2
6104 2
6108 2
6110 0
6118 1
6122 2
6128 2
6129 2
6132 2
6135 2
6136 2
6138 0
6140 2
6144 1
6145 2
6151 2
6152 3
6154 2
6156 0
6158 2
6159 2
6167 1
6169 2
6171 1
6172 0
6174 2
6176 1
6177 1
6180 3
6182 0
6185 2
6188 2
6196 2
6197 1
6200 1
6201 2
6203 2
6204 2
6206 2
6207 2
6209 2
6211 0
6220 1
6221 1
6222 0
6225 2
6226 0
6229 1
6231 2
6232 2
6241 1
6244 2
6251 2
6253 2
6266 2
6267 2
6268 0
6269 1
6270 2
6276 1
6282 2
6286 3
6289 0
6302 0
6306 1
6307 1
6315 0
6319 1
6331 2
6332 2
6338 1
6348 3
6349 2
6356 1
6357 2
6363 2
6367 2
6368 2
6370 2
6375 2
6379 1
6380 0
6381 1
6383 1
6384 0
6385 2
6386 1
6390 2
6392 0
6393 2
6401 0
6403 3
6408 0
6409 1
6412 2
6414 2
6418 0
6419 2
6428 1
6429 1
6436 1
6438 0
6443 2
6445 1
6446 2
6448 1
6451 2
6452 1
6453 3
6456 1
6466 2
6467 2
6468 1
6470 3
6472 0
6473 2
6479 0
6493 2
6500 3
6504 2
6506 2
6519 2
6521 0
6522 2
6527 1
6553 0
6563 3
6566 1
6575 2
6576 2
6577 1
6582 0
6588 1
6591 2
6593 2
6594 3
6597 1
6600 0
6603 1
6604 2
6605 0
6608 2
6614 2
6616 1
6617 2
6619 2
6621 2
6623 0
6632 2
6641 0
6651 1
6653 1
6657 1
6658 1
6662 2
6668 0
6671 3
6673 1
6674 1
6675 3
6679 2
6687 2
6690 1
6692 2
6695 3
6696 3
6697 2
6701 1
6702 1
6703 1
6705 0
6706 1
6708 1
6709 0
6710 1
6712 2
6715 2
6718 2
6722 2
6723 1
6724 2
6725 0
6740 1
6765 0
6770 2
6776 2
6777 0
6778 1
6781 3
6787 0
6788 1
6791 2
6793 0
6794 2
6795 2
6796 0
6797 2
6798 1
6803 1
6809 0
6810 1
6811 1
6817 1
6830 2
6836 1
6837 1
6841 2
6843 2
6845 0
6848 0
6850 1
6851 1
6855 1
6857 1
6859 1
6860 1
6862 3
6863 0
6869 1
6871 0
6872 2
6873 0
6875 1
6880 1
6881 2
6884 0
6887 1
6892 2
6902 0
6904 0
6905 1
6910 2
6911 1
6912 2
6913 0
6920 2
6927 2
6928 1
6930 1
6933 3
6937 0
6939 2
6940 0
6941 0
6942 1
6946 2
6950 0
6951 0
6953 2
6955 0
6957 1
6961 1
6962 2
6963 2
6965 2
6966 0
6971 1
6976 2
6977 0
6978 0
6980 1
6984 1
6986 2
6988 0
6989 1
6991 0
6993 2
6994 1
6995 2
6998 2
6999 0
7001 0
7002 2
7004 2
7006 2
7008 2
7009 2
7016 2
7017 1
7018 1
7020 2
7021 3
7023 1
7024 2
7025 2
7036 1
7039 1
7043 2
7044 3
7046 1
7052 1
7056 2
7058 3
7065 3
7067 0
7068 1
7069 0
7070 2
7074 2
7075 3
7076 1
7079 3
7084 1
7085 0
7086 0
7088 0
7089 2
7093 0
7094 2
7096 2
7097 2
7103 2
7104 0
7105 1
7109 0
7116 1
7120 2
7122 2
7129 2
7133 2
7137 0
7142 1
7143 0
7145 2
7158 2
7160 3
7164 2
7166 3
7167 0
7172 0
7201 1
7203 2
7205 1
7208 2
7214 2
7218 3
7219 3
7227 2
7228 1
7229 0
7231 0
7235 2
7236 2
7238 2
7239 1
7240 3
7242 0
7243 2
7244 0
7246 2
7260 2
7264 2
7265 1
7284 0
7292 0
7295 2
7298 0
7306 2
7332 2
7335 0
7337 0
7358 0
7363 0
7367 2
7370 3
7372 2
7374 3
7379 2
7380 0
7381 0
7386 1
7389 2
7391 1
7394 2
7400 1
7405 2
7407 2
7410 2
7425 3
7430 3
7434 2
7440 2
7441 0
7443 0
7447 2
7448 2
7450 2
7453 1
7454 1
7457 0
7460 2
7461 1
7462 1
7463 0
7481 1
7483 0
7488 2
7489 2
7491 2
7493 2
7497 2
7500 2
7516 2
7522 2
7528 3
7529 2
7532 2
7537 2
7544 2
7545 1
7549 2
7552 2
7556 0
7561 2
7563 2
7565 1
7567 2
7569 2
7576 2
7578 1
7580 2
7593 2
7599 2
7608 0
7616 2
7617 1
7618 0
7620 2
7624 3
7639 2
7643 0
7646 2
7647 0
7648 0
7649 2
7651 2
7657 2
7659 1
7663 2
7664 3
7675 0
7677 3
7682 2
7683 2
7693 2
7695 2
7699 2
7709 3
7732 1
7734 2
7737 1
7743 2
7746 2
7747 2
7748 2
7751 2
7765 2
7766 1
7772 1
7773 0
7775 0
7781 2
7783 0
7789 2
7790 1
7795 0
7796 3
7802 0
7803 0
7804 1
7812 0
7816 0
7819 3
7822 1
7825 0
7826 3
7831 1
7837 3
7838 2
7841 3
7854 2
7857 0
7866 2
7867 1
7890 2
7891 2
7893 2
7894 2
7897 2
7898 0
7900 2
7906 2
7910 3
7911 2
7912 0
7913 1
7916 2
7919 0
7921 3
7927 1
7932 2
7933 2
7934 2
7935 2
7936 2
7943 2
7945 2
7947 2
7955 2
7961 2
7963 2
7968 0
7970 1
7975 2
7984 3
7986 2
7990 3
7998 3
7999 2
8003 2
8009 2
8022 0
8028 3
8033 3
8042 0
8049 0
8054 2
8061 0
8069 2
8072 1
8076 2
8078 0
8082 0
8083 0
8085 2
8088 0
8101 1
8103 2
8105 2
8110 2
8115 2
8116 2
8117 2
8118 0
8119 0
8143 0
8144 1
8148 0
8152 3
8156 1
8168 2
8169 2
8170 2
8180 0
8182 2
8189 2
8190 2
8192 2
8200 0
8202 0
8211 0
8213 1
8214 1
8219 2
8222 2
8223 0
8226 2
8228 2
8229 1
8237 2
8250 1
8262 2
8266 2
8273 1
8276 1
8279 2
8281 1
8283 1
8288 2
8293 1
8296 2
8302 2
8303 2
8307 2
8309 2
8310 2
8319 0
8320 0
8322 2
8325 2
8326 2
8330 2
8331 2
8333 2
8337 0
8338 2
8339 0
8343 1
8345 3
8353 1
8355 0
8356 3
8358 0
8360 2
8363 1
8365 1
8371 2
8373 2
8376 3
8379 1
8383 2
8391 2
8392 2
8397 2
8400 0
8401 2
8402 2
8403 3
8406 1
8407 2
8412 1
8413 2
8418 2
8424 2
8426 2
8430 2
8447 0
8449 2
8452 0
8453 3
8458 1
8459 2
8460 2
8477 0
8480 1
8481 0
8483 0
8485 2
8486 2
8488 2
8494 0
8495 2
8496 2
8506 1
8507 2
8510 2
8512 0
8513 0
8515 2
8517 1
8524 2
8525 2
8533 3
8536 1
8539 1
8541 2
8543 3
8544 3
8548 2
8549 0
8560 1
8564 2
8574 0
8581 0
8583 3
8585 1
8588 1
8594 1
8595 0
8601 2
8608 1
8609 2
8610 1
8611 2
8613 2
8616 2
8621 0
8625 2
8630 2
8638 1
8639 0
8642 0
8643 1
8644 2
8654 0
8655 2
8665 2
8666 2
8667 2
8671 3
8672 0
8675 2
8679 2
8684 1
8687 2
8690 1
8691 2
8693 2
8696 2
8709 1
8713 1
8714 1
8717 2
8718 2
8721 2
8723 1
8725 1
8726 2
8728 2
8731 0
8732 1
8739 3
8740 2
8746 2
8757 2
8758 2
8759 1
8761 1
8763 0
8764 1
8767 0
8769 1
8771 3
8772 0
8775 0
8780 1
8786 1
8787 2
8796 0
8797 3
8802 1
8804 1
8805 2
8806 0
8807 2
8808 0
8809 0
8810 2
8811 1
8812 2
8813 1
8814 2
8815 2
8831 0
8832 2
8834 2
8835 1
8841 2
8843 2
8855 1
8862 2
8863 3
8864 2
8867 2
8869 2
8871 2
8875 2
8877 1
8884 2
8885 2
8890 0
8892 1
8897 2
8898 1
8902 2
8905 2
8906 2
8908 3
8910 2
8911 1
8916 2
8921 2
8927 3
8929 2
8930 2
8932 0
8935 2
8938 2
8939 2
8940 2
8941 2
8953 1
8954 2
8955 1
8956 2
8957 0
8959 0
8963 2
8967 1
8971 2
8975 2
8976 2
8980 1
8984 1
8986 2
8987 1
8989 1
8990 2
8991 2
8992 3
8995 2
8996 2
8997 0
9001 0
9008 0
9009 2
9011 2
9014 3
9015 0
9018 2
9019 1
9028 0
9036 3
9038 2
9045 2
9054 0
9057 1
9059 0
9065 2
9070 2
9075 2
9078 0
9079 1
9081 2
9082 2
9083 1
9084 1
9086 1
9088 3
9090 1
9092 0
9093 1
9095 2
9098 2
9099 0
9100 2
9104 2
9109 3
9111 2
9117 2
9129 2
9132 2
9135 1
9136 2
9138 0
9139 2
9141 1
9143 1
9153 2
9157 3
9162 1
9170 0
9177 1
9184 2
9204 0
9210 1
9211 2
9215 0
9216 0
9217 2
9218 2
9223 1
9225 0
9230 0
9236 1
9245 2
9249 0
9252 2
9262 2
9266 3
9269 2
9270 2
9273 3
9274 2
9275 2
9282 3
9283 1
9284 0
9286 0
9287 0
9299 3
9300 1
9304 2
9307 2
9308 1
9310 0
9312 2
9313 0
9322 1
9330 0
9332 2
9343 2
9347 1
9352 1
9356 3
9364 2
9376 0
9377 2
9379 1
9389 0
9390 1
9392 0
9396 1
9397 2
9398 1
9402 2
9403 1
9405 2
9407 0
9410 2
9411 2
9412 1
9415 1
9418 1
9421 2
9425 1
9426 2
9427 2
9428 2
9436 3
9437 0
9441 2
9443 2
9446 1
9457 2
9459 2
9460 2
9461 2
9462 2
9465 1
9468 0
9471 2
9474 1
9476 2
9477 2
9478 2
9479 2
9484 1
9491 0
9492 2
9493 1
9496 2
9499 2
9501 0
9503 2
9505 2
9528 1
9531 2
9533 2
9536 0
9540 2
9543 2
9549 2
9554 2
9555 1
9557 1
9558 1
9563 0
9565 1
9566 0
9574 1
9578 1
9580 1
9588 2
9590 2
9592 1
9593 2
9596 0
9597 2
9601 2
9604 2
9605 1
9606 1
9610 2
9611 2
9615 2
9623 2
9624 1
9626 2
9630 2
9632 1
9634 1
9635 2
9637 1
9640 2
9642 0
9645 2
9648 2
9653 1
9655 0
9656 1
9657 0
9659 1
9662 2
9665 2
9669 2
9671 1
9673 1
9675 1
9676 2
9678 3
9681 2
9690 2
9691 3
9692 2
9694 0
9702 2
9705 0
9711 0
9712 2
9719 1
9722 2
9724 1
9734 0
9736 1
9754 2
9761 1
9768 2
9770 1
9771 1
9773 2
9775 0
9781 1
9784 2
9785 2
9786 0
9787 3
9792 2
9798 0
9810 2
9811 0
9812 0
9816 2
9817 2
9828 1
9829 2
9835 2
9839 0
9845 1
9852 0
9854 1
9855 0
9856 1
9859 2
9862 1
9873 2
9874 0
9875 3
9886 0
9889 0
9892 0
9893 3
9894 1
9896 2
9901 2
9902 0
9906 2
9907 2
9920 0
9925 2
9927 2
9929 2
9940 2
9954 0
9981 2
9982 1
9995 2
9999 2
10000 0
10001 0
10002 3
10005 3
10019 3
10024 0
10026 2
10027 2
10031 2
10034 1
10035 2
10036 2
10038 2
10039 2
10043 1
10045 1
10046 2
10047 1
10048 2
10053 1
10055 2
10056 2
10059 2
10066 3
10071 1
10078 2
10080 2
10081 3
10083 2
10087 3
10088 1
10089 2
10090 0
10095 2
10096 0
10099 2
10100 2
10102 0
10103 3
10104 1
10105 0
10106 2
10117 1
10118 2
10125 1
10129 2
10130 2
10132 1
10137 2
10139 2
10141 0
10142 2
10143 1
10149 1
10154 0
10155 2
10165 3
10166 2
10184 0
10185 0
10186 2
10196 1
10200 2
10201 1
10207 2
10216 2
10218 2
10220 0
10238 1
10241 1
10244 3
10254 2
10261 2
10267 0
10269 0
10271 0
10279 2
10281 2
10282 2
10283 2
10292 3
10294 1
10296 1
10298 2
10299 2
10301 2
10305 2
10306 1
10308 0
10311 2
10314 0
10317 1
10319 3
10321 0
10324 1
10325 1
10327 1
10328 2
10330 3
10331 0
10332 1
10335 2
10337 2
10345 2
10351 2
10352 1
10358 2
10363 0
10366 2
10372 1
10380 1
10382 2
10386 1
10391 1
10392 2
10394 0
10401 2
10403 0
10405 2
10407 2
10410 2
10411 2
10412 2
10413 0
10416 1
10418 1
10422 2
10423 0
10426 1
10433 2
10443 0
10450 2
10462 0
10463 2
10467 2
10471 1
10475 1
10477 2
10479 2
10483 0
10486 2
10487 0
10488 2
10489 0
10498 2
10502 2
10505 2
10507 2
10513 0
10517 1
10518 2
10522 1
10523 2
10525 0
10541 2
10542 2
10547 2
10551 2
10559 2
10561 2
10573 1
10574 2
10575 1
10576 2
10579 2
10580 0
10582 1
10586 0
10588 3
10589 2
10592 2
10599 0
10604 3
10605 1
10607 1
10609 0
10611 0
10612 2
10621 2
10622 2
10632 1
10637 0
10648 2
10650 2
10653 1
10654 1
10659 3
10660 2
10670 1
10672 2
10678 2
10679 2
10680 1
10689 3
10699 1
10701 2
10702 2
10709 2
10710 2
10711 2
10712 2
10714 1
10716 1
10724 0
10726 2
10727 2
10729 1
10734 1
10738 2
10741 1
10745 0
10749 1
10753 2
10755 0
10758 1
10771 1
10772 3
10773 1
10774 1
10778 0
10780 0
10783 3
10785 2
10786 2
10789 2
10791 1
10798 0
10799 1
10801 2
10802 0
10809 1
10810 1
10812 1
10814 1
10816 0
10819 2
10820 3
10822 1
10825 0
10826 0
10831 2
10841 3
10844 1
10845 2
10847 1
10849 0
10850 1
10852 2
10853 2
10854 0
10856 2
10857 0
10860 1
10861 2
10863 0
10864 2
10866 0
10867 1
10871 2
10873 0
10879 2
10881 2
10883 2
10884 0
10893 1
10895 1
10901 2
10905 2
10906 2
10907 1
10911 2
10913 3
10915 2
10916 2
10918 2
10919 0
10925 1
10940 2
10945 2
10973 2
10974 3
10991 1
11004 2
11005 1
11009 2
11010 3
11014 3
11034 2
11035 0
11036 2
11038 2
11041 2
11042 2
11045 2
11046 2
11050 1
11051 3
11053 2
11055 2
11056 0
11059 0
11061 0
11065 2
11077 1
11078 2
11082 2
11093 0
11094 1
11095 2
11097 1
11107 1
11109 2
11111 3
11114 3
11119 1
11125 1
11132 2
11135 0
11138 2
11139 1
11140 1
11142 1
11143 1
11145 2
11149 0
11152 2
11155 0
11158 2
11164 0
11173 1
11174 0
11178 3
11181 1
11183 2
11184 1
11187 0
11191 2
11193 0
11194 2
11201 0
11208 1
11217 2
11218 1
11220 1
11222 0
11226 2
11230 2
11236 1
11238 2
11239 2
11243 2
11257 1
11258 3
11259 2
11262 2
11267 2
11268 2
11273 3
11276 1
11292 0
11295 2
11305 2
11307 2
11316 0
11324 1
11327 2
11330 1
11334 2
11335 2
11336 2
11338 2
11340 2
11343 2
11344 2
11345 1
11346 2
11349 0
11350 1
11351 0
11354 2
11363 2
11364 1
11365 1
11370 1
11382 2
11388 1
11390 1
11393 2
11395 0
11397 2
11398 2
11402 0
11403 2
11405 0
11406 3
11414 1
11423 0
11425 2
11428 3
11430 0
11431 2
11433 2
11435 2
11438 2
11440 0
11445 1
11446 1
11450 2
11452 2
11457 2
11458 2
11461 1
11463 1
11464 2
11467 1
11468 0
11469 2
11473 1
11478 3
11484 1
11486 1
11487 0
11508 2
11512 2
11514 2
11515 0
11518 2
11528 1
11530 1
11532 2
11540 2
11543 2
11544 2
11553 2
11561 2
11567 0
11572 1
11573 2
11574 2
11581 2
11584 3
11599 1
11620 1
11641 2
11643 1
11644 1
11649 2
11658 0
11659 2
11661 2
11662 2
11666 2
11672 2
11674 0
11675 3
11678 0
11684 2
11690 0
11704 2
11709 1
11712 2
11713 2
11723 0
11724 2
11731 2
11732 0
11733 3
11738 1
11739 1
11741 1
11742 0
11744 2
11745 2
11746 2
11747 2
11748 0
11751 1
11753 1
11754 0
11756 0
11757 3
11758 2
11764 2
11766 0
11773 2
11786 1
11791 3
11793 1
11800 2
11806 2
11808 1
11811 2
11815 1
11817 0
11818 0
11820 3
11821 1
11822 0
11823 1
11825 2
11826 2
11827 0
11831 1
11832 1
11833 1
11834 2
11838 2
11839 3
11840 0
11841 2
11842 0
11843 2
11844 2
11849 0
11851 1
11856 3
11857 0
11859 1
11860 1
11861 1
11867 1
11873 1
11874 1
11875 0
11877 2
11878 1
11880 1
11882 3
11884 2
11885 0
11887 2
11893 2
11896 1
11900 2
11905 3
11907 2
11909 2
11913 1
11932 0
11941 2
11944 2
11957 0
11963 2
11976 0
11985 0
11989 0
11990 1
11999 2
12006 0
12011 3
12013 2
12028 0
12029 0
12034 1
12037 2
12055 2
12065 0
12066 0
12068 0
12069 1
12073 1
12077 2
12082 0
12098 1
12100 2
12101 1
12102 0
12103 3
12105 2
12106 2
12110 2
12114 0
12118 2
12122 3
12125 0
12126 2
12127 2
12130 2
12136 2
12139 2
12141 1
12144 1
12145 1
12152 1
12154 0
12157 3
12158 2
12162 1
12165 1
12170 2
12172 1
12173 0
12183 2
12184 2
12202 2
12204 0
12206 1
12210 2
12212 1
12217 1
12222 2
12229 2
12232 2
12248 2
12252 2
12255 1
12257 0
12258 2
12259 2
12260 1
12262 2
12266 2
12267 0
12270 2
12271 0
12272 2
12278 1
12279 2
12280 1
12286 1
12292 2
12298 2
12300 2
12304 0
12306 2
12313 2
12314 2
12316 2
12324 2
12327 2
12330 1
12331 2
12332 2
12341 3
12342 2
12344 2
12346 0
12352 1
12361 2
12372 0
12375 1
12377 2
12380 0
12387 2
12390 2
12392 1
12393 1
12403 2
12405 2
12406 2
12413 1
12416 1
12417 2
12422 2
12426 0
12427 2
12428 3
12431 3
12434 2
12435 2
12440 2
12445 2
12448 1
12451 1
12459 1
12462 2
12465 1
12470 2
12484 2
12486 2
12487 0
12488 0
12495 2
12496 1
12503 0
12506 1
12509 2
12513 2
12521 2
12526 1
12531 0
12532 2
12539 2
12543 2
12545 3
12548 0
12549 2
12551 2
12552 2
12558 0
12559 1
12562 3
12563 2
12573 0
12578 0
12581 0
12584 2
12588 2
12590 3
12592 2
12596 2
12597 1
12603 3
12612 3
12615 2
12622 1
12623 0
12624 2
12626 2
12628 1
12632 1
12633 1
12635 0
12636 0
12637 1
12638 2
12643 1
12647 1
12652 2
12654 0
12657 2
12658 2
12660 2
12662 1
12663 2
12669 2
12671 0
12672 3
12678 1
12681 0
12686 2
12692 2
12695 3
12697 0
12698 2
12704 1
12711 2
12713 2
12715 2
12717 1
12724 1
12727 1
12730 1
12732 1
12733 1
12737 1
12739 2
12747 2
12750 2
12754 2
12755 0
12757 2
12763 2
12765 2
12769 2
12778 0
12780 1
12782 0
12786 0
12788 2
12790 0
12792 1
12794 3
12795 0
12797 1
12803 1
12806 0
12807 3
12808 3
12809 1
12811 2
12813 2
12820 2
12840 1
12841 1
12850 2
12852 2
12853 2
12861 2
12862 2
12865 2
12866 2
12868 2
12869 2
12870 1
12872 2
12874 1
12883 1
12884 1
12901 2
12902 1
12904 2
12905 3
12906 2
12907 0
12908 0
12909 2
12919 1
12920 1
12921 2
12930 2
12932 1
12938 0
12940 0
12943 2
12944 2
12945 2
12946 1
12950 0
12953 2
12954 0
12957 1
12958 0
12960 2
12961 2
12964 2
12968 1
12971 1
12972 2
12981 1
12983 2
12986 2
12987 1
12989 2
12990 3
12991 0
12994 1
12995 1
12998 1
12999 1
13001 1
13004 2
13007 1
13010 0
13017 1
13019 2
13020 0
13021 0
13023 2
13024 2
13028 0
13029 3
13030 2
13035 1
13038 1
13039 0
13041 2
13042 2
13043 2
13045 1
13056 0
13060 0
13069 1
13072 0
13074 0
13078 0
13079 0
13084 2
13088 1
13092 1
13093 1
13097 2
13106 2
13107 0
13108 0
13110 1
13113 0
13114 2
13118 0
13124 3
13127 2
13128 1
13131 2
13133 2
13135 2
13138 0
13139 0
13142 1
13145 1
13147 1
13148 2
13150 3
13151 3
13153 2
13159 3
13160 1
13163 0
13164 2
13173 2
13176 0
13185 1
13191 0
13195 0
13196 0
13197 0
13204 2
13208 2
13209 2
13210 2
13215 3
13224 3
13225 2
13229 2
13230 2
13237 1
13239 0
13244 2
13245 2
13248 1
13249 3
13256 1
13257 2
13259 2
13266 1
13267 2
13270 3
13271 1
13272 0
13277 2
13278 2
13279 2
13282 2
13283 2
13285 2
13286 3
13290 1
13291 2
13292 0
13293 1
13295 1
13297 0
13300 2
13301 2
13303 2
13307 1
13310 1
13311 2
13317 0
13320 2
13323 2
13329 2
13331 2
13333 1
13334 0
13335 0
13340 2
13348 1
13349 0
13351 2
13356 2
13360 2
13363 2
13366 0
13368 1
13373 2
13374 2
13375 0
13376 3
13378 2
13384 2
13387 1
13395 2
13399 2
13401 2
13405 2
13407 0
13413 2
13414 2
13415 0
13420 3
13424 2
13433 2
13435 2
13438 1
13442 2
13443 1
13457 0
13458 0
13460 0
13464 3
13476 3
13477 2
13485 2
13489 0
13490 1
13494 3
13499 1
13501 1
13504 2
13510 3
13512 1
13514 2
13515 1
13519 2
13520 2
13525 2
13532 0
13541 2
13542 0
13549 2
13550 1
13551 2
13556 0
13563 2
13565 2
13568 3
13569 2
13572 2
13573 2
13577 1
13578 2
13580 2
13586 0
13588 2
13602 2
13603 0
13605 2
13607 2
13608 2
13612 2
13616 2
13618 1
13621 2
13624 1
13626 3
13627 2
13628 1
13636 1
13638 2
13640 1
13642 1
13646 1
13650 3
13656 1
13658 2
13659 1
13661 0
13666 0
13668 3
13674 0
13676 0
13687 2
13689 0
13691 2
13694 1
13695 2
13696 2
13697 2
13704 2
13708 3
13710 2
13711 2
13718 2
13720 2
13721 1
13723 2
13724 3
13726 2
13727 1
13728 3
13732 2
13734 1
13741 2
13742 2
13747 1
13750 2
13753 1
13754 2
13757 0
13758 0
13759 0
13760 2
13765 0
13768 3
13769 0
13772 2
13779 1
13782 2
13784 1
13786 0
13787 2
13790 1
13791 2
13808 2
13815 0
13816 2
13817 1
13822 1
13824 0
13825 0
13828 1
13834 2
13836 2
13838 1
13846 2
13851 0
13852 2
13864 2
13867 2
13872 1
13873 2
13879 2
13884 2
13899 0
13910 3
13913 0
13916 2
13919 3
13922 1
13925 0
13927 1
13928 1
13929 1
13933 0
13941 0
13959 1
13965 0
13984 0
13993 2
13995 2
13996 1
14000 2
14001 2
14002 0
14007 1
14012 1
14022 2
14023 1
14030 2
14036 1
14042 2
14043 0
14045 0
14047 1
14053 2
14059 1
14063 1
14065 0
14066 3
14078 1
14086 1
14095 2
14098 2
14100 0
14103 1
14107 0
14116 1
14119 1
14120 2
14122 3
14123 1
14125 2
14126 2
14127 2
14128 2
14129 1
14130 1
14133 2
14134 0
14137 2
14138 1
14139 1
14140 2
14142 3
14144 2
14147 2
14151 2
14157 2
14161 1
14166 2
14167 0
14168 1
14171 0
14180 1
14185 1
14190 2
14191 2
14194 2
14195 2
14198 3
14199 1
14201 0
14208 0
14212 2
14214 2
14216 2
14219 0
14221 0
14224 1
14226 2
14227 1
14232 2
14233 0
14234 0
14239 0
14245 1
14250 2
14253 2
14254 2
14256 1
14257 1
14259 1
14261 0
14263 2
14265 2
14266 0
14267 1
14268 2
14270 0
14271 0
14274 2
14277 2
14284 1
14285 0
14287 1
14293 0
14298 1
14302 2
14304 0
14305 0
14307 2
14313 2
14317 0
14320 2
14321 2
14322 2
14323 2
14331 2
14334 0
14335 2
14336 1
14337 1
14341 1
14346 1
14347 2
14352 2
14357 2
14360 1
14362 1
14364 1
14367 1
14369 2
14373 1
14376 2
14382 2
14386 2
14390 0
14391 0
14405 1
14410 2
14412 2
14413 2
14417 0
14418 0
14420 2
14428 3
14433 2
14438 0
14439 2
14449 2
14453 0
14455 0
14458 2
14463 1
14465 1
14482 2
14486 0
14488 3
14496 0
14498 2
14501 0
14502 1
14503 2
14504 2
14505 2
14510 2
14512 1
14533 2
14535 1
14540 1
14553 1
14556 2
14560 1
14564 0
14566 3
14571 2
14572 0
14586 2
14591 2
14601 2
14604 2
14611 1
14622 2
14625 2
14626 1
14627 2
14628 0
14631 2
14634 0
14635 0
14645 1
14647 2
14650 1
14651 2
14662 2
14664 1
14666 2
14675 2
14679 0
14680 2
14682 2
14690 2
14724 2
14725 0
14728 3
14731 2
14732 2
14734 0
14737 2
14743 2
14746 2
14748 0
14750 2
14753 2
14754 1
14761 1
14767 1
14768 0
14777 2
14779 2
14780 2
14782 2
14784 1
14785 2
14787 0
14789 2
14791 2
14792 2
14793 1
14797 1
14800 2
14802 2
14804 2
14805 2
14809 2
14811 2
14812 3
14815 2
14826 2
14829 2
14841 2
14846 1
14849 2
14851 2
14852 1
14860 2
14864 2
14866 0
14868 2
14869 1
14873 2
14874 2
14876 2
14877 2
14878 2
14879 2
14883 1
14886 1
14888 2
14902 2
14903 2
14904 2
14905 2
14913 2
14914 2
14916 0
14917 1
14921 1
14925 2
14928 2
14930 0
14934 2
14935 2
14945 1
14950 2
14951 2
14952 1
14954 2
14955 2
14960 2
14967 0
14971 0
14972 2
14975 1
14979 3
14988 1
14989 0
14993 0
14996 2
15004 2
15008 2
15009 2
15011 0
15017 1
15020 0
15022 2
15027 1
15034 2
15042 2
15043 2
15046 1
15048 2
15055 2
15060 3
15064 0
15067 2
15068 2
15070 2
15072 0
15074 0
15075 2
15078 2
15080 2
15085 2
15086 2
15091 1
15093 3
15094 2
15095 1
15096 3
15097 2
15102 1
15103 1
15104 1
15105 1
15106 1
15107 1
15109 1
15111 3
15112 1
15116 2
15117 2
15119 0
15123 1
15124 3
15126 1
15129 1
15132 1
15133 1
15134 1
15135 2
15136 1
15137 3
15140 0
15141 1
15143 2
15145 0
15149 0
15155 0
15157 2
15160 1
15162 1
15167 2
15170 1
15171 1
15175 1
15176 1
15177 2
15179 2
15181 1
15189 0
15191 2
15192 0
15193 1
15194 2
15198 1
15200 0
15202 2
15209 1
15212 3
15214 1
15217 2
15220 2
15225 1
15226 2
15227 3
15228 0
15229 2
15231 0
15232 1
15236 0
15240 0
15241 2
15244 0
15245 2
15249 2
15250 3
15259 0
15260 2
15261 2
15264 2
15265 1
15266 1
15267 1
15269 1
15275 1
15276 2
15278 3
15279 2
15281 2
15282 2
15284 1
15286 1
15287 2
15288 3
15290 2
15292 1
15296 2
15298 1
15301 2
15303 2
15304 2
15308 1
15310 1
15314 0
15315 2
15316 1
15321 1
15329 2
15333 2
15356 1
15358 2
15362 2
15364 2
15371 2
15374 0
15375 1
15376 3
15377 2
15381 2
15383 2
15386 2
15389 2
15390 0
15402 2
15405 2
15409 2
15411 0
15413 2
15417 2
15423 0
15428 2
15430 1
15431 2
15433 1
15434 2
15440 1
15443 0
15445 2
15448 2
15455 0
15457 2
15461 0
15471 1
15472 2
15473 0
15478 2
15486 2
15488 3
15491 1
15498 0
15499 2
15500 2
15503 2
15505 0
15509 1
15510 2
15513 0
15514 0
15516 2
15518 0
15519 1
15521 2
15522 1
15524 1
15527 1
15532 3
15537 0
15539 0
15541 2
15544 1
15545 3
15549 1
15550 0
15552 1
15553 0
15555 1
15557 1
15559 3
15561 1
15565 1
15570 0
15572 1
15574 0
15579 2
15580 2
15582 0
15584 2
15589 2
15593 0
15600 2
15602 2
15603 1
15604 2
15607 1
15614 0
15615 2
15616 0
15617 2
15621 2
15627 1
15628 3
15630 1
15634 0
15635 1
15638 2
15639 1
15641 0
15644 1
15645 3
15649 3
15653 0
15654 2
15656 0
15657 2
15658 2
15661 1
15667 2
15668 1
15669 1
15670 3
15671 0
15674 2
15675 2
15676 0
15677 1
15688 0
15691 0
15699 1
15703 1
15704 0
15706 1
15707 1
15708 2
15711 2
15713 2
15714 1
15716 0
15717 0
15718 0
15719 1
15721 2
15722 2
15726 1
15729 1
15730 1
15734 2
15737 0
15738 2
15741 1
15745 2
15746 0
15748 2
15749 1
15750 0
15755 0
15757 2
15758 2
15759 3
15761 2
15763 1
15765 2
15769 2
15771 0
15775 0
15776 2
15778 0
15780 0
15781 1
15782 1
15787 3
15788 1
15792 2
15793 0
15794 1
15798 1
15803 0
15805 2
15807 2
15813 0
15814 1
15815 1
15816 2
15818 2
15824 2
15827 3
15830 3
15834 1
15837 0
15839 1
15842 0
15844 2
15845 2
15847 1
15851 1
15852 2
15855 1
15861 1
15862 2
15863 2
15871 1
15872 3
15877 0
15878 2
15886 0
15889 1
15892 1
15893 0
15895 0
15896 1
15898 2
15900 2
15903 2
15904 2
15908 1
15911 3
15916 0
15921 2
15929 1
15931 0
15954 1
15957 0
15959 1
15960 0
15961 1
15962 0
15963 2
15966 2
15968 3
15971 2
15972 0
15973 2
15974 1
15977 0
15978 3
15980 2
15981 0
15982 2
15983 2
15984 0
15985 1
15988 1
15993 1
15994 2
15999 1
16000 2
16002 2
16003 2
16004 0
16006 1
16008 0
16009 0
16010 0
16011 1
16013 0
16014 2
16015 1
16018 1
16021 0
16028 1
16035 3
16036 1
16037 1
16040 2
16041 1
16043 2
16045 3
16048 1
16049 1
16050 3
16052 0
16053 1
16056 1
16057 1
16058 0
16060 2
16061 1
16062 2
16063 1
16064 2
16066 1
16067 2
16069 2
16073 1
16081 2
16082 2
16085 0
16088 1
16090 1
16091 2
16092 2
16095 1
16096 2
16098 0
16104 0
16106 2
16109 2
16110 2
16113 2
16115 2
16116 1
16117 2
16120 1
16121 1
16127 3
16129 1
16132 0
16134 0
16135 2
16138 2
16143 2
16144 0
16145 0
16146 2
16147 3
16150 2
16152 1
16156 2
16160 0
16161 2
16162 3
16164 1
16167 0
16168 0
16176 0
16182 1
16186 2
16191 1
16196 1
16201 1
16203 0
16204 1
16206 0
16207 0
16209 2
16212 2
16215 1
16218 2
16224 2
16238 3
16240 1
16244 1
16248 2
16250 2
16252 1
16261 1
16262 1
16263 2
16265 1
16266 2
16277 2
16279 0
16282 1
16285 0
16287 0
16288 1
16289 1
16290 0
16291 2
16292 0
16294 3
16295 1
16301 1
16304 2
16306 1
16307 0
16312 2
16316 1
16318 0
16321 0
16324 0
16327 1
16329 0
16337 2
16341 0
16342 2
16344 2
16345 1
16348 2
16349 1
16353 2
16356 0
16360 1
16366 0
16367 2
16368 1
16371 2
16372 1
16374 0
16376 2
16379 2
16380 0
16381 1
16383 1
16386 2
16387 2
16393 2
16396 1
16398 0
16404 3
16406 0
16407 0
16409 0
16412 0
16413 2
16414 2
16415 2
16417 0
16418 0
16422 2
16424 1
16429 2
16431 2
16433 2
16434 2
16443 2
16444 0
16445 2
16446 0
16447 2
16451 0
16452 1
16455 2
16456 2
16461 2
16466 1
16468 2
16469 1
16476 2
16482 0
16484 1
16491 3
16492 0
16501 1
16505 0
16509 1
16513 1
16515 2
16516 1
16517 1
16518 2
16520 2
16522 1
16528 1
16540 2
16541 0
16542 0
16543 2
16546 0
16550 1
16553 1
16557 2
16562 2
16568 1
16583 2
16590 3
16592 1
16594 2
16597 0
16598 2
16600 1
16602 1
16605 2
16612 1
16613 2
16614 0
16621 0
16623 3
16625 0
16626 2
16628 0
16631 0
16632 2
16636 2
16638 0
16640 1
16642 0
16643 2
16646 1
16652 0
16657 1
16658 0
16666 1
16668 1
16669 0
16672 0
16677 2
16679 1
16681 1
16683 2
16684 2
16688 2
16691 2
16693 1
16697 2
16706 1
16707 0
16710 3
16712 0
16713 0
16716 0
16719 2
16721 1
16723 3
16724 2
16725 1
16726 0
16728 1
16731 0
16732 1
16733 2
16740 0
16741 2
16742 1
16743 2
16744 2
16745 0
16748 0
16752 2
16753 2
16759 1
16760 0
16765 2
16771 0
16775 1
16786 1
16787 1
16792 0
16796 3
16801 0
16807 1
16808 1
16809 0
16810 3
16814 2
16821 1
16823 0
16824 0
16825 1
16827 2
16831 1
16833 2
16834 1
16836 1
16837 1
16841 2
16843 3
16848 2
16851 2
16852 1
16854 2
16861 1
16864 2
16865 0
16866 1
16869 0
16870 2
16886 2
16889 2
16893 2
16896 1
16898 2
16902 2
16905 1
16907 0
16908 1
16909 1
16910 1
16911 0
16912 3
16923 2
16926 2
16928 2
16929 2
16930 2
16935 2
16937 2
16939 1
16949 0
16950 2
16953 1
16954 2
16959 2
16960 1
16962 2
16964 2
16965 0
16972 1
16975 1
16977 0
16979 1
16980 2
16986 0
16991 3
16993 2
16997 2
17000 1
17001 0
17002 1
17005 1
17007 0
17008 2
17013 2
17017 0
17018 0
17019 1
17022 0
17028 0
17029 0
17030 1
17031 2
17035 2
17036 2
17040 1
17041 1
17042 2
17043 0
17044 0
17049 1
17051 1
17052 2
17053 2
17055 2
17059 0
17061 2
17062 0
17063 1
17066 2
17067 1
17068 3
17071 2
17074 1
17076 1
17078 2
17079 2
17082 1
17083 1
17089 0
17097 2
17099 2
17102 0
17104 0
17105 0
17110 0
17118 2
17121 2
17123 2
17126 2
17131 1
17134 1
17135 2
17137 2
17138 1
17140 0
17142 0
17144 3
17147 0
17152 1
17153 0
17154 0
17159 3
17162 0
17163 0
17167 2
17168 2
17170 3
17172 1
17178 2
17179 1
17180 2
17184 1
17188 2
17190 1
17191 0
17193 2
17194 2
17195 0
17197 0
17199 2
17203 2
17206 1
17211 1
17213 0
17216 1
17217 2
17218 1
17220 1
17224 3
17226 0
17227 1
17229 3
17231 0
17233 2
17236 3
17241 1
17244 0
17245 1
17247 2
17249 0
17251 1
17255 0
17257 0
17262 0
17263 0
17265 2
17268 1
17275 0
17280 1
17288 1
17290 2
17291 2
17292 1
17293 0
17296 3
17300 1
17302 2
17304 2
17305 2
17306 2
17307 2
17310 1
17311 2
17312 3
17313 2
17321 2
17329 3
17335 0
17336 2
17345 0
17346 0
17348 0
17349 0
17350 0
17352 0
17354 3
17356 2
17358 1
17364 2
17365 0
17368 1
17376 0
17379 2
17381 2
17390 1
17391 0
17392 2
17395 2
17396 2
17399 2
17402 1
17406 2
17407 2
17409 1
17414 0
17418 0
17422 2
17427 3
17430 2
17431 3
17432 2
17440 2
17441 2
17450 1
17453 1
17460 1
17461 3
17462 0
17468 1
17469 0
17470 0
17472 0
17473 0
17474 2
17480 2
17484 0
17486 0
17487 2
17488 2
17491 2
17492 1
17498 1
17499 2
17502 3
17504 2
17505 0
17506 2
17507 2
17509 2
17512 1
17513 2
17514 2
17519 2
17525 1
17530 1
17532 2
17537 0
17538 1
17541 1
17542 1
17543 0
17544 2
17546 2
17549 1
17550 2
17551 2
17552 1
17553 2
17554 2
17555 3
17556 2
17559 2
17560 1
17567 3
17568 0
17569 2
17570 2
17571 1
17574 1
17575 1
17576 1
17577 1
17578 2
17581 1
17583 3
17587 0
17589 0
17590 2
17593 2
17594 1
17595 2
17596 1
17598 2
17600 1
17603 3
17609 1
17610 2
17613 0
17618 2
17632 1
17638 0
17639 1
17640 1
17642 1
17645 0
17649 1
17650 1
17652 1
17654 3
17655 3
17657 0
17660 2
17662 2
17664 0
17665 2
17666 2
17669 2
17670 0
17673 2
17674 2
17675 2
17685 2
17687 1
17688 0
17689 2
17692 3
17693 3
17695 2
17696 1
17697 0
17698 0
17699 2
17700 1
17702 2
17703 2
17711 1
17712 1
17713 0
17714 3
17723 1
17724 0
17725 0
17726 2
17727 1
17729 1
17737 2
17738 0
17743 2
17748 1
17753 0
17754 2
17755 0
17756 0
17757 1
17762 2
17767 1
17775 3
17779 2
17785 0
17787 3
17792 0
17802 1
17810 1
17811 1
17813 1
17819 2
17820 0
17825 1
17835 2
17838 3
17843 2
17848 1
17849 2
17850 1
17851 1
17852 2
17854 0
17855 2
17857 0
17887 2
17892 0
17893 0
17895 0
17896 1
17918 0
17932 0
17934 2
17937 2
17940 0
17941 1
17942 0
17944 1
17948 2
17949 2
17952 2
17955 2
17957 0
17958 2
17963 1
17967 1
17968 0
17971 2
17973 2
17974 1
17975 2
17977 2
17979 2
17983 3
17985 2
17987 0
17989 1
17995 2
17999 0
18001 2
18008 1
18010 0
18013 0
18027 2
18030 2
18032 0
18036 2
18037 1
18038 2
18041 0
18044 0
18050 3
18052 0
18055 2
18056 0
18057 2
18062 2
18066 1
18067 0
18078 2
18079 2
18081 2
18088 2
18091 2
18095 0
18096 2
18098 2
18110 1
18112 3
18121 1
18126 0
18133 2
18134 2
18135 2
18138 2
18139 1
18141 0
18142 1
18143 1
18145 1
18148 0
18155 1
18156 1
18157 2
18158 0
18161 1
18163 0
18165 0
18167 1
18170 0
18173 2
18183 0
18193 1
18194 3
18201 1
18203 2
18204 2
18207 2
18209 0
18212 1
18214 2
18216 2
18217 0
18218 2
18219 0
18221 2
18224 0
18225 2
18228 2
18229 1
18232 2
18236 3
18237 1
18246 2
18247 2
18249 3
18250 2
18251 2
18259 1
18261 1
18264 1
18265 1
18269 2
18275 1
18278 1
18279 1
18284 1
18286 2
18287 1
18293 0
18297 0
18306 2
18312 1
18314 2
18316 1
18324 2
18326 0
18334 1
18344 2
18348 1
18349 1
18352 1
18357 2
18358 3
18363 1
18366 2
18367 0
18372 1
18375 1
18376 2
18379 1
18383 2
18384 2
18387 2
18391 0
18397 1
18401 1
18404 2
18409 3
18413 3
18415 2
18419 1
18420 2
18424 1
18426 1
18428 2
18443 2
18446 2
18452 2
18457 1
18466 0
18467 0
18471 2
18475 0
18483 2
18484 2
18487 2
18489 1
18493 2
18505 2
18517 0
18521 0
18530 0
18534 2
18535 1
18539 2
18541 0
18547 0
18567 3
18577 0
18579 2
18589 1
18591 1
18592 0
18594 2
18600 2
18601 0
18604 2
18608 0
18609 0
18614 2
18615 1
18619 2
18622 2
18627 0
18628 2
18629 2
18630 0
18632 2
18633 0
18634 1
18635 1
18636 2
18637 1
18639 1
18640 1
18642 2
18644 2
18647 2
18649 0
18650 1
18651 1
18652 2
18655 2
18662 2
18663 3
18664 0
18665 2
18669 1
18673 0
18675 0
18677 0
18679 3
18682 1
18685 0
18690 1
18691 1
18692 2
18693 2
18694 2
18703 2
18704 1
18706 2
18707 1
18708 2
18714 1
18715 3
18725 1
18726 1
18734 2
18746 2
18752 0
18753 0
18757 0
18760 3
18767 0
18769 0
18770 0
18771 2
18773 3
18774 3
18775 1
18785 3
18790 0
18792 2
18801 2
18804 2
18806 2
18809 2
18812 2
18814 2
18819 0
18821 2
18824 3
18830 0
18831 2
18834 1
18838 0
18839 2
18840 2
18841 2
18844 1
18853 2
18861 2
18869 0
