8192 2
16385 2
16386 2
16387 2
8197 2
16393 2
8202 0
8203 0
16396 1
16397 1
2733 2
8209 0
8210 0
16404 3
16405 2
8214 1
8219 2
16412 0
1370 2
16414 2
16415 2
13659 1
8228 2
8229 1
16422 2
16424 1
17756 0
4103 2
16428 0
16430 2
16431 2
8241 2
16914 1
16436 1
7035 0
16439 1
15221 0
16443 2
16394 1
62 2
15029 1
66 1
16451 0
8260 0
69 1
16454 3
1377 2
16456 2
73 2
74 0
16459 2
17762 2
16462 0
4109 2
16464 1
82 3
13759 0
8278 2
16471 2
88 2
5476 0
16477 2
8288 2
16482 0
16484 1
101 1
8296 2
106 1
17767 1
108 2
109 3
16494 0
6845 0
8310 2
12279 2
8312 1
8212 0
122 3
16507 1
16509 1
126 2
21 0
16512 1
16514 2
16515 2
16516 1
16517 1
16518 2
16519 0
136 0
8330 2
8331 2
16524 1
8333 2
16527 2
144 2
146 3
15043 2
8340 2
150 2
151 1
8345 3
8346 1
156 0
157 0
158 3
8353 1
162 2
163 2
16548 0
16549 2
166 1
12316 2
16555 3
173 2
16558 2
16413 2
8368 1
8369 0
178 0
183 2
8376 3
185 2
186 2
187 1
16572 3
189 3
5189 3
191 0
8386 2
195 2
197 2
16583 2
200 0
201 1
202 2
203 0
8396 0
206 3
209 2
16594 2
8403 3
212 0
214 0
16601 1
218 3
6863 0
8412 1
8413 2
8415 1
8416 0
8417 3
13691 2
228 2
16613 2
16614 0
10961 0
16616 1
16618 2
16621 0
8430 2
1405 2
240 1
16625 0
8434 0
8435 3
2463 3
246 0
16631 0
16632 2
8441 2
16634 3
8444 0
254 0
8447 0
5504 0
11131 1
261 2
16646 1
8455 0
12332 2
16650 0
8461 3
271 2
16658 0
17795 1
8468 0
8470 1
1866 2
8473 2
16666 1
285 1
286 1
287 2
8480 1
289 2
8482 0
8483 0
292 0
16677 2
10422 2
16433 2
296 0
297 2
299 1
300 2
16434 2
16687 1
8496 2
16689 1
8498 3
307 0
310 2
16695 2
8506 1
16701 2
8510 2
319 2
320 3
16705 1
16706 1
324 1
326 1
6881 2
328 0
12286 1
330 0
332 2
8525 2
334 3
16719 2
16720 2
16721 1
338 1
8531 1
16726 0
4153 2
16728 1
9604 2
349 1
355 1
8548 2
16741 2
358 1
359 3
360 2
8553 2
8555 2
8556 1
366 2
367 0
7040 0
8564 2
8565 3
16759 1
376 2
8570 1
8571 0
16765 2
383 0
384 1
385 2
387 0
5526 0
1414 2
16775 1
392 1
6892 2
7540 0
16780 0
16781 0
5528 0
16786 1
16789 3
8600 1
8601 2
410 2
411 2
412 0
8261 2
8608 1
8609 2
8611 2
420 1
16805 0
423 2
16808 1
16810 3
427 2
428 2
8621 0
16814 2
8625 2
16818 0
8630 2
12361 2
440 1
8633 0
8634 2
9631 1
444 2
446 2
16831 1
9632 1
450 1
8643 1
8644 2
16837 1
454 2
16839 0
16841 2
458 3
8651 0
461 2
8654 0
8269 0
464 2
8657 2
16851 2
16853 0
16854 2
8665 2
9563 0
16861 1
16862 1
481 1
13655 1
483 2
8676 0
16869 0
8679 2
488 2
16873 1
16876 3
16466 1
8687 2
496 2
8690 1
8691 2
500 2
15102 1
16886 2
8695 3
504 3
16889 2
3928 2
16893 2
8702 2
16896 1
8705 0
8708 2
517 0
15105 1
16904 3
8713 1
522 3
523 0
8716 1
16909 1
526 0
8719 3
528 2
530 2
6915 1
8725 1
17134 1
8728 2
537 3
538 0
16923 2
8732 1
16926 2
6917 2
16928 2
8737 2
16930 2
8739 3
549 2
550 1
551 1
552 1
16937 2
8746 2
1655 2
8750 2
8751 2
560 1
16946 2
563 2
565 1
8758 2
567 2
16953 1
8762 1
8763 0
8764 1
574 0
8767 0
577 1
15115 3
8775 0
584 2
8777 0
16972 1
16973 0
590 1
591 1
1464 2
16978 2
595 1
16980 2
8789 2
16982 0
1465 2
18662 2
8794 1
8796 0
13754 2
16991 3
8800 1
8802 1
611 1
8804 1
8805 2
614 2
616 3
617 0
8810 2
8811 1
8812 2
621 2
622 0
8815 2
12392 1
8818 1
4658 2
17012 3
17854 0
17014 1
17015 0
8825 1
8826 0
8827 2
636 2
638 0
8831 0
8832 2
641 0
8835 1
17028 0
8837 0
8841 2
17034 0
8843 2
17036 2
653 2
654 0
17040 1
17041 1
658 0
17045 0
17255 0
8855 1
664 0
17049 1
8858 2
667 2
17052 2
8862 2
17055 2
17056 2
673 2
674 0
676 2
8869 2
8872 2
17065 0
1932 0
8875 2
8877 1
687 1
8880 0
8881 2
17074 1
8884 2
17077 3
8890 0
6943 2
8892 1
17085 0
17087 0
8898 1
17091 0
8902 2
712 2
8188 2
8906 2
17099 2
716 1
15138 0
8910 2
13773 0
8912 3
8914 2
8917 1
726 2
8919 2
17112 0
730 2
11413 3
732 1
8925 2
17119 0
737 2
738 2
740 2
2854 1
17126 2
10792 0
744 2
746 2
17131 1
17133 0
750 2
8943 1
17136 0
8946 0
8947 1
17140 0
758 2
17144 3
8953 1
762 1
17147 0
10391 1
766 1
8959 0
8960 0
17153 0
17154 0
8963 2
5590 3
774 1
12417 2
8968 0
17161 2
8970 2
8734 0
780 2
8974 2
17167 2
8978 1
787 2
17173 1
790 2
8984 1
8985 0
8986 2
17180 2
17181 2
17182 1
8991 2
8992 3
10665 0
17187 2
8996 2
8326 2
17190 1
6961 1
808 2
2209 0
8327 3
9005 3
17199 2
17201 1
9011 2
17205 1
825 2
9018 2
9019 1
828 3
17213 0
17214 0
9023 2
832 2
17217 2
139 3
17220 1
6966 0
17222 3
17224 3
17225 0
13699 0
17227 1
844 2
845 1
17231 0
16395 0
849 2
9042 2
851 0
9044 0
9045 2
17238 1
17239 1
856 0
12431 3
860 3
17245 1
862 0
863 0
17249 0
9058 3
17252 2
17409 1
871 0
9065 2
874 3
876 3
9070 2
17263 0
17265 2
8339 0
884 1
885 1
14214 2
17271 2
888 2
148 1
9082 2
17275 0
892 2
895 1
9088 3
4667 2
17282 3
9093 1
17191 0
9095 2
17488 2
17290 2
8343 1
17292 1
2882 2
11487 0
9103 2
2758 2
16670 0
9109 3
17303 0
920 2
9113 0
9115 1
17308 2
17310 1
928 1
17313 2
930 0
17315 1
933 1
936 3
18853 2
17323 0
17324 2
9136 2
9138 0
9139 2
9140 2
9142 0
952 1
17341 0
961 1
9154 2
9158 3
9162 1
13815 0
15308 1
16546 0
17358 1
17359 0
9307 2
9173 2
17368 1
8356 3
987 1
17372 3
17374 1
17376 0
9186 2
17379 2
17381 2
17384 0
17388 2
6994 1
1010 1
17395 2
17399 2
9209 1
17402 1
9214 3
15189 0
9216 0
1025 2
1026 2
8363 1
1028 1
1030 2
17416 1
9226 3
2903 2
1037 3
1038 0
17424 1
15871 1
1045 1
17430 2
18174 2
17432 2
8491 3
4944 0
17435 3
7002 2
9246 0
9249 0
1058 2
11791 3
177 1
9256 1
17450 1
1067 2
9262 2
1071 1
9264 1
9265 1
9266 3
17460 1
9270 2
9271 0
9273 3
9274 2
17468 1
17469 0
9278 1
17472 0
17474 2
17476 0
17477 1
9286 0
9287 0
17480 2
9290 3
9296 3
9297 0
17491 2
1108 2
9301 0
17495 1
896 0
1113 2
17499 2
9308 1
9309 1
9312 2
17505 0
17506 2
17507 2
17509 2
9318 0
9319 2
17512 1
9321 0
9322 1
17516 2
9325 0
9326 0
1135 2
17520 1
1137 0
17522 0
14768 0
9332 2
9333 3
9336 2
17530 1
8383 2
17532 2
17533 3
1150 2
9343 2
17536 2
1156 3
9349 2
17543 0
17544 2
15212 3
1163 2
17549 1
17550 2
17552 1
17553 2
9366 1
1175 2
15042 2
1177 2
16406 0
17563 2
17564 2
17770 3
15315 2
17567 3
17568 0
17569 2
1186 0
1187 2
1188 1
17573 1
17574 1
7025 2
17576 1
17577 1
9386 2
199 1
9389 0
9390 1
17949 2
9392 0
1203 2
9396 1
9397 2
9398 1
9400 0
1210 3
9405 2
9406 3
9407 0
1218 2
1219 0
1221 2
1222 0
17953 0
1225 2
17610 2
17612 2
17613 0
9424 1
17466 0
9426 2
9427 2
9428 2
1237 2
13047 0
1242 3
1246 3
17631 0
1248 0
18830 0
1250 0
1251 1
17636 1
9446 1
17639 1
11132 2
17642 1
9451 0
9453 3
1264 3
17649 1
17650 1
9459 2
9460 2
9461 2
9462 2
17655 3
9465 1
17659 2
17660 2
663 2
9470 2
17663 1
17664 0
17665 2
17666 2
9476 2
9477 2
6446 2
9479 2
17228 0
17674 2
17675 2
11138 2
1294 2
1295 1
17680 0
1298 2
9492 2
18503 3
9494 1
17689 2
1309 2
9503 2
13872 1
1314 1
9507 0
9508 0
17702 2
1319 0
220 2
16605 2
17713 0
1330 0
1331 1
317 2
17718 1
17719 1
1337 0
1338 1
223 2
1340 2
1341 2
17726 2
17727 1
9536 0
7051 1
9540 2
1349 0
225 0
9865 3
1353 0
1354 1
1355 1
9548 0
9549 2
1359 1
11793 1
9554 2
9555 1
1364 3
9558 1
16612 1
17754 2
17755 0
1372 1
1373 3
17758 0
1375 2
17760 2
9569 2
1378 3
9787 3
1381 2
9866 0
1383 2
1384 3
1385 3
9578 1
1387 1
2846 2
8424 2
17779 2
17780 1
9590 2
9592 1
9593 2
9595 2
9596 0
9597 2
9599 0
9601 2
1410 2
7094 2
12448 1
9606 1
1415 2
4332 2
9610 2
9611 2
13959 1
17809 0
1603 2
9623 2
17819 2
11162 2
1605 0
1440 2
16624 2
17827 1
1444 2
9637 1
1446 2
9639 2
9642 0
17835 2
9645 2
1454 2
15261 2
17840 2
1458 2
17844 0
1461 2
17848 1
9657 0
1466 2
17851 1
17852 2
1470 2
7072 0
17858 0
1476 1
9669 2
9671 1
9673 1
1482 1
9676 2
7074 2
1486 0
1613 2
1488 1
9681 2
1183 0
1494 3
12537 3
868 3
9690 2
9691 3
9692 2
1502 0
17887 2
9697 3
17893 0
9702 2
17895 0
9052 1
16636 2
6597 1
11175 1
17900 2
1521 3
9715 2
16638 0
13181 1
17236 3
9812 0
9722 2
1534 0
1538 2
1539 2
17924 0
9053 2
12545 3
18055 2
1549 0
597 1
1551 2
10690 3
17939 0
17941 1
17942 0
717 0
17945 2
9754 2
7087 1
17948 2
4962 0
17952 2
11184 1
17956 2
17957 0
9770 1
9771 1
17964 0
9773 2
2206 0
17968 0
2995 2
1588 0
9781 1
17974 1
17975 2
17977 2
17979 2
1596 2
1597 1
9791 2
9792 2
17985 2
17986 0
17987 0
1595 2
17989 1
4866 0
1608 1
9801 2
1610 1
1611 3
17996 1
9805 0
1615 2
9808 2
9810 2
1619 2
17414 0
1622 2
11193 0
1624 2
18020 0
1626 2
1627 0
9820 0
1630 1
14503 2
1634 2
1635 2
9828 1
9829 2
9830 2
9831 2
1640 2
1643 1
18028 1
12562 3
9839 0
18032 0
13928 1
1652 2
1653 2
16598 2
18039 1
9850 0
9852 0
1661 1
1662 2
9855 0
1666 2
1667 1
6875 1
1671 1
1672 3
1673 2
1674 2
18059 1
9868 1
1677 0
18062 2
15616 0
9872 1
9873 2
9875 3
9876 0
13934 3
1687 2
1688 0
9882 1
18076 0
1693 2
9886 0
18079 2
1697 0
12571 1
9892 0
9893 3
1702 2
1703 1
9896 2
9898 1
18091 2
1708 3
1711 2
18096 2
9906 2
9907 2
18100 1
1717 2
1719 2
1720 0
9915 2
9916 1
18109 2
1726 2
9845 1
9920 0
16672 0
1732 2
1734 1
9927 2
9928 1
18121 1
1738 2
18123 2
18126 0
1149 0
18128 0
1746 2
18133 2
18134 2
5753 0
1753 3
1695 2
1658 3
18142 1
293 0
1761 0
1763 0
18148 0
8486 2
1767 2
17244 0
1769 2
1771 1
18156 1
1773 1
1775 0
8788 2
8488 2
18163 0
9854 1
18166 0
18167 1
9981 2
1790 2
13153 2
18176 2
3577 0
18178 1
16683 2
18181 1
1800 0
1151 1
1804 1
1806 1
9999 2
10000 0
11224 2
1810 3
18195 1
1812 3
9341 2
1814 0
4152 2
1817 1
18064 3
1819 0
10012 1
1366 0
18207 2
16688 2
1826 2
1827 2
10020 3
18214 2
305 2
18216 2
10026 2
18219 0
18221 2
10030 2
1839 2
1840 2
18225 2
10035 2
10036 2
1847 0
18232 2
18234 2
1852 1
1853 1
10047 1
6177 1
18241 0
1858 1
5771 1
1861 0
18246 2
18247 2
10056 2
1865 0
18250 2
1867 1
10060 2
18061 2
1872 0
10065 3
18264 1
18267 2
18268 1
18269 2
10078 2
7141 0
10080 2
1889 2
18275 1
18277 0
10087 3
10089 2
10090 0
3047 0
18284 1
18286 2
10095 2
18289 0
18067 0
18292 0
16702 3
18294 1
10105 0
1918 2
1921 2
18306 2
1923 2
1924 2
18310 3
8513 0
18312 1
1929 0
18314 2
18316 1
8514 1
6139 0
1937 1
18324 2
1944 0
10137 2
18331 1
16522 1
10142 2
4421 0
7430 3
10147 3
1956 0
10149 1
3057 0
18344 2
1961 2
10154 0
10324 1
1964 2
18349 1
18352 1
1969 0
1970 0
18355 3
1973 0
18358 3
18362 3
18363 1
14796 2
18367 0
18368 2
17524 2
1987 1
1992 2
8524 2
18378 1
18379 1
10189 1
18382 1
18383 2
2000 3
18386 1
18083 1
2004 0
2005 1
2006 1
18391 0
10200 2
10201 1
9887 3
18085 1
2016 0
18401 1
18402 0
18404 2
9894 1
10214 0
10220 0
12626 2
18414 3
18415 2
18419 1
7166 3
18424 1
10233 1
18426 1
2043 1
18428 2
10237 0
2047 2
68 2
10242 1
2052 2
18437 0
3073 1
16708 0
2057 2
18442 1
18443 2
2061 3
18446 2
10256 0
8536 1
2069 3
6724 2
2072 2
18457 1
2074 1
2075 0
10269 0
10270 3
2079 3
18464 0
1712 1
18467 0
342 2
2086 0
14001 2
10282 2
2091 2
2092 2
2093 0
10286 1
10288 1
18482 0
18483 2
18484 2
4446 3
18486 3
2105 0
10298 2
18491 0
2112 2
2113 2
10306 1
18500 2
18502 3
10311 2
2121 0
9911 2
10316 2
10317 1
2127 0
18516 2
18517 0
16740 0
2138 2
10331 0
18525 0
10335 2
10337 2
18107 3
10340 3
2149 2
18534 2
2151 0
10345 2
18538 2
16743 2
18540 0
2158 1
10351 2
18544 0
16744 2
18546 3
18110 1
10358 2
6857 1
10361 0
18111 1
10365 2
10366 2
2176 2
18563 0
2180 2
18565 2
18567 3
18568 0
2185 2
7165 0
18572 0
2189 0
18574 2
18579 2
2196 0
18581 2
2199 2
18584 1
2201 2
18586 2
10398 1
18591 1
18592 0
10401 2
18594 2
10403 0
2212 1
10405 2
10407 2
18600 2
10410 2
10412 2
10413 0
18607 1
10416 1
18609 0
2227 2
2229 2
18614 2
18615 1
10426 1
10427 1
2236 2
18078 2
18623 0
2240 2
18629 2
12430 1
2247 1
18632 2
18633 0
18635 1
18636 2
2254 2
18640 1
18641 2
2258 2
2259 1
2262 0
18647 2
18648 2
18649 0
10460 1
2269 0
18421 3
10463 2
10467 2
2276 0
2278 2
18664 0
18665 2
10475 1
2284 2
2285 2
2287 2
18673 0
10483 0
12293 3
10488 2
10489 0
18682 1
18683 1
16382 1
2304 0
12079 3
10498 2
10499 3
13443 1
17262 0
10502 2
2311 0
10505 2
18698 0
2315 2
18701 2
10510 0
18704 1
18706 2
2323 0
2324 2
10517 1
18710 2
2327 1
10523 2
2333 2
10530 1
18724 0
10533 2
18726 1
10535 2
18729 0
16445 2
10542 2
1757 1
2353 1
18738 0
2355 2
2356 2
2357 2
2358 1
18743 0
9353 0
18746 2
1759 2
2364 2
18750 1
10559 2
2368 1
18753 0
17419 1
10563 2
10564 2
10565 2
2377 0
16446 0
10573 1
18766 2
10575 1
10576 2
2385 2
18771 2
2388 2
2389 2
18774 3
10583 2
2392 2
1764 2
4495 1
10589 2
10590 2
2400 2
16710 3
18790 0
10599 0
12628 1
10602 2
18795 0
12690 0
10606 1
18799 3
14265 2
2418 3
2419 3
10612 2
2421 1
18806 2
18809 2
2426 1
18811 1
10620 0
10621 2
18814 2
12693 1
18816 2
2433 1
7446 2
18155 1
10628 2
2437 1
2440 2
5868 2
10634 1
12695 3
11330 1
4173 2
18157 2
10640 3
2450 2
627 1
2452 2
18838 0
18839 2
10648 2
10650 2
18844 1
10655 0
10660 2
2469 0
2470 2
18161 1
2472 2
8604 2
15748 2
2476 0
18861 2
10672 2
7240 3
10674 1
1779 0
10676 0
2485 0
10678 2
17638 0
2491 0
1174 2
1781 1
562 3
416 0
2498 2
2500 2
1782 1
2502 1
2503 0
3833 0
7994 0
10701 2
10702 2
2513 1
2516 2
2517 0
18471 2
10712 2
10713 2
10714 1
10715 1
10716 1
11268 2
2527 1
10724 0
2534 1
10727 2
2536 0
16807 1
3154 3
10734 1
16997 2
10736 0
424 0
2546 2
2549 2
10743 1
2552 1
10745 0
10746 0
2555 1
2556 1
12714 1
2558 1
16452 1
2563 2
2566 3
2569 2
2576 0
10771 1
10773 1
10774 1
2583 3
10777 1
10778 0
10780 0
2589 0
10783 3
10784 0
2593 2
12907 0
2597 0
2599 2
2600 2
10793 0
10796 2
2605 0
10798 0
10801 2
10805 0
10001 0
2615 2
10809 1
2619 2
10814 1
2624 2
10817 1
9995 2
438 0
10822 1
2631 1
10825 0
2634 2
16823 0
9635 2
10830 1
10831 2
2640 2
8632 2
9998 0
10838 1
12729 0
2648 3
16455 2
14095 2
10845 2
2654 2
2657 0
10850 1
10851 1
10852 2
3174 2
2663 1
10857 0
18194 3
2670 1
10863 0
10003 1
10868 0
10869 1
10870 2
3177 3
10873 0
8639 0
10879 2
10881 2
2690 0
10884 0
10887 2
8474 3
16834 1
1181 3
10898 0
10901 2
16457 2
18201 1
10905 2
10906 2
2715 2
2717 0
8645 0
10913 3
2722 1
18203 2
10916 2
2725 2
9638 3
7183 0
2729 1
2731 3
10925 1
8787 2
12744 0
2741 2
2743 3
2751 0
2752 0
10945 2
2756 2
4710 1
2762 2
3191 2
2764 3
10018 0
2766 0
2769 0
2771 0
2772 2
16846 1
2778 2
8655 2
9367 0
10973 2
8918 0
4457 2
16848 2
2787 0
10982 0
2791 2
2792 2
2793 0
2794 3
10023 3
2797 3
10991 1
2801 2
2807 3
11004 2
18218 2
7380 0
455 1
11012 2
11014 3
11015 2
11016 0
2825 2
16461 2
11027 0
11035 0
11036 2
11037 1
11038 2
3205 1
10032 1
11042 2
2851 1
11045 2
11046 2
2855 2
2860 0
11053 2
2862 2
2863 0
11056 0
11057 2
11058 2
11059 0
478 1
11065 2
2880 2
11074 2
2883 0
2884 0
11078 2
4577 2
2889 1
11082 2
2893 0
11086 1
8675 2
2900 1
11095 2
11097 1
16470 1
11100 0
2909 1
11102 3
11106 1
2916 3
2917 0
11112 1
2921 2
2922 1
2923 1
11118 0
2928 1
12776 2
11122 0
2933 0
2935 2
11128 2
2937 2
13464 3
2939 2
2940 1
11133 0
2942 2
11135 0
2944 2
2946 2
11139 1
11141 0
2950 2
2952 2
12780 1
2955 0
16550 1
10050 1
11150 2
11151 1
15647 1
2962 0
2963 3
2968 2
4736 2
2973 2
2975 1
11168 0
16880 0
2979 2
1862 3
2983 2
6646 1
2986 0
2987 0
2988 0
11183 2
2992 2
11187 0
15921 2
3000 2
3001 2
11194 2
11197 3
11199 3
11202 0
11205 0
3014 0
3101 0
11214 2
11217 2
11218 1
11220 1
16865 0
8697 0
3032 2
11428 3
11226 2
3035 3
3036 0
3040 2
12795 0
11236 1
11239 2
11240 3
3049 2
11243 2
3052 1
509 3
3056 2
11249 3
3058 1
3059 0
11254 2
11258 3
3072 0
512 1
3074 1
11267 2
3076 2
3079 2
11273 3
3082 2
3087 2
3094 2
13742 2
11288 0
11289 0
3099 0
3100 0
11293 2
3102 2
11295 2
3104 0
3105 1
3109 0
3110 2
3114 3
11307 2
3116 0
11312 2
520 3
3122 3
3123 3
11317 3
3252 3
8714 1
11327 2
3136 1
1888 2
3138 1
18108 0
3141 2
11334 2
17017 0
11336 2
3145 3
12896 0
3147 2
13471 1
9344 1
11343 2
11346 2
10083 2
11348 1
11349 0
3160 0
11354 2
11358 0
3169 3
11364 1
11365 1
11366 0
11368 0
11369 2
18279 1
11017 0
8722 3
1979 1
15215 0
3186 1
12654 0
11382 2
11383 1
11386 0
379 0
11388 1
3198 0
11391 0
11393 2
11397 2
11398 2
3207 2
3212 1
11458 2
3215 2
3216 2
11409 1
18734 2
5998 3
3222 1
3226 2
16747 3
11420 0
11423 0
11425 2
3236 0
11429 0
11430 0
11431 2
11433 2
11434 2
11440 0
3250 2
3251 0
11444 2
542 2
11446 1
11448 3
11450 2
11451 1
3260 0
11454 0
3263 2
3264 0
11457 2
8696 2
3267 0
3268 2
11461 1
3270 1
16929 2
11465 3
11467 1
11468 0
11469 2
3280 2
3283 0
3285 1
3286 1
1913 2
14294 0
3290 3
3291 2
8293 1
3296 0
11491 0
3303 1
3305 1
9057 1
16935 2
3309 1
11502 2
11503 0
3313 2
11507 0
11508 2
3317 2
11510 2
16607 1
11512 2
11513 3
11514 2
6015 0
16938 0
11518 2
3327 0
3330 1
3333 1
11528 1
11529 2
3287 2
11532 2
3347 0
3348 2
558 1
15280 1
3354 2
9659 1
3358 0
3359 3
11554 1
12387 2
11557 2
11558 3
3368 1
3369 2
10119 1
11565 1
3374 1
3375 2
3376 2
11570 3
3379 1
3380 1
11573 2
6025 2
12852 2
3387 1
3392 1
3393 1
11586 0
566 3
3399 0
3400 0
10124 0
10125 1
1600 2
3299 0
11232 0
3414 0
4665 2
3416 0
3419 2
11613 1
3422 1
11615 1
3424 3
3427 2
11620 1
3430 3
16956 1
11626 0
3435 3
3440 1
11633 0
3443 0
11636 1
3445 1
11639 1
11640 2
11641 2
575 1
3454 0
11648 1
11653 0
3463 2
11659 2
11660 1
12866 2
11662 2
11663 0
3472 2
8771 3
11671 0
11672 2
11675 3
11677 2
11678 0
3487 0
8845 0
3489 3
3490 2
11683 0
11684 2
9118 2
10140 2
3499 0
7410 2
6936 1
6045 1
3504 2
3505 0
11699 1
3508 0
18334 1
585 2
11707 2
3516 3
11709 1
3520 2
3521 2
588 1
11724 2
3535 3
11729 1
11731 2
11733 3
12393 1
11736 1
11738 1
16485 0
11746 2
3323 2
3557 2
16977 0
1933 2
11755 1
3564 3
8786 1
11758 2
11760 2
1960 1
18390 0
3572 1
3573 0
11766 0
14249 0
3576 0
596 1
3579 1
1147 2
11773 2
11774 1
3583 2
3585 2
11779 0
3588 0
665 1
10156 1
11786 1
1715 0
10935 0
1965 2
3601 3
3605 1
3606 3
17578 2
11802 0
3611 3
11808 1
3619 2
3621 2
13214 1
11815 1
11821 1
16989 1
3633 1
3638 2
11831 1
11833 1
11836 0
11838 2
14261 0
1758 3
11841 2
11844 2
11845 2
11846 0
3655 1
11849 0
3658 2
11854 0
11857 0
3666 0
11859 1
3670 0
3671 2
3675 1
3677 2
11870 3
3679 2
11873 1
11874 1
3683 1
3684 3
11877 2
14800 2
11880 1
11884 2
11885 0
11887 2
3702 2
4713 0
3704 1
11540 2
3709 2
11902 2
15637 2
3713 2
3714 3
11907 2
3717 2
11910 0
11911 0
4761 0
11913 1
11914 1
11915 0
11916 0
3727 2
3730 2
3731 1
8814 2
11926 0
12945 2
16337 2
623 2
3740 0
3741 2
3742 2
3744 1
11941 2
2434 2
11944 2
15644 1
13764 2
11950 0
14755 1
18376 2
11954 0
12300 2
3764 1
11957 0
3770 2
11963 2
3772 1
3773 2
3775 2
11968 1
3777 2
3778 0
3779 1
3780 1
3782 2
3784 2
3785 3
3790 2
1997 3
3792 0
11990 1
4729 2
7460 2
7461 1
3811 2
3813 0
3814 1
17020 3
12011 3
12013 2
3822 3
17022 0
12023 1
10196 1
4765 1
3841 2
12034 1
4505 0
12037 2
16495 1
3373 3
16768 2
3862 2
11567 0
4741 1
3876 2
12069 1
3879 2
3881 0
14041 2
12076 2
12077 2
3887 2
3889 2
12083 2
12086 1
12089 1
8842 2
12094 2
3381 1
12100 2
12103 3
12106 2
9132 2
12110 2
14315 1
3921 2
6115 3
9678 3
12127 2
4752 1
657 3
12136 2
12139 2
17042 2
3950 0
3952 2
12145 1
3960 2
8588 1
12154 0
12158 2
3967 3
3968 3
3970 3
3971 1
3972 0
12170 2
3979 1
12172 1
12356 0
3984 1
3985 2
12181 1
12183 2
12184 2
917 1
572 0
3997 2
12191 0
10283 2
4001 1
4003 1
4006 2
6129 2
12202 2
4011 2
12206 1
4015 1
11592 0
12210 2
4019 1
4020 1
4766 1
12409 0
8863 3
12220 1
4029 2
12222 2
12223 1
4032 1
12960 2
9474 1
4035 0
4037 3
4038 0
14327 2
4048 0
4050 1
4771 2
4055 1
4550 0
12250 2
12252 2
4061 0
4063 2
12256 3
12257 0
12258 2
12259 2
14320 2
12262 2
3409 0
12265 1
12266 2
4076 3
12270 2
12271 0
12272 2
12968 1
12274 0
12276 3
4087 0
2591 0
12281 0
6143 3
12285 0
11593 3
12288 0
4098 1
4101 3
4102 3
14337 1
8791 2
4107 2
4959 0
18434 3
17069 3
4114 1
4115 0
12308 2
12312 0
12313 2
12314 2
4783 0
4124 2
4126 0
688 0
4130 2
12324 2
6957 1
17050 1
4137 2
12330 1
12331 2
4140 0
4141 0
4142 0
4143 0
12248 2
12340 3
7518 3
16425 0
4151 2
12344 2
14050 1
12346 0
12348 1
12351 2
4162 0
4164 0
4167 2
12360 1
4169 3
7522 2
4175 2
4176 3
4177 2
12370 2
8102 1
4794 2
7525 3
4195 1
4197 2
4200 3
4201 2
4204 0
4205 2
4206 3
12399 2
4208 2
4209 3
12403 2
12408 0
4217 3
2395 0
4219 0
4221 2
12414 2
6165 0
4224 0
4225 2
4226 0
4227 2
4228 1
4229 1
12423 2
12426 0
16235 1
12428 3
17090 3
4238 0
4239 0
12433 2
12435 2
17872 0
4245 2
12438 0
4249 1
4250 1
4252 0
4256 2
12451 1
3139 0
4261 2
4262 2
3441 1
13781 1
4270 0
14365 3
12464 0
12465 1
12466 1
11635 0
682 0
12470 2
17097 2
12472 1
12473 1
4282 0
12477 3
12478 0
12480 2
12486 2
12487 0
12488 0
4297 0
4299 3
4301 1
4302 1
12495 2
12496 1
17541 1
4309 2
12502 2
12503 0
4312 2
12505 1
4314 1
8911 1
7546 2
4318 2
6181 0
17104 0
4322 1
4323 2
12516 3
6182 0
4327 1
4328 3
12521 2
4331 1
12524 1
4333 2
4335 2
4336 0
4337 2
4341 1
4342 2
12535 2
4344 3
4345 2
12539 2
12541 1
15744 2
4354 2
18475 0
12548 0
12549 2
4359 2
12554 3
4363 2
4365 2
4367 3
4368 1
4370 1
4371 2
12565 3
4374 2
4376 3
12569 1
6191 1
4380 2
12573 0
7557 2
12421 0
2096 1
12578 0
13019 2
12580 2
4389 2
4390 1
4391 2
4393 3
12588 2
4397 2
12591 1
12592 2
4402 1
13023 2
2101 1
12612 3
10294 1
4423 2
12616 0
15423 0
8930 2
12622 1
12624 2
4433 1
4434 1
4436 2
7566 2
4438 3
14393 2
18042 3
4441 1
12635 0
12638 2
12643 1
7569 2
12648 2
12649 1
4458 2
13031 1
4462 2
12141 1
12656 0
12657 2
12662 1
4471 1
12667 0
12669 2
12672 3
10304 3
4482 1
4483 0
4484 1
12678 1
12679 2
12681 0
16833 2
12685 2
12686 2
749 0
4498 2
6211 0
12692 2
4501 0
4503 2
2116 2
17135 2
4511 1
4516 0
10310 1
4518 1
12711 2
12712 3
4522 1
4523 2
4524 1
4525 1
4526 2
3485 1
4529 2
12723 0
4532 1
12726 0
12727 1
4536 0
4537 2
4538 2
4539 1
12732 1
12733 1
12734 0
15524 1
4544 1
12737 1
12739 2
13046 0
12742 1
4551 0
4552 1
4553 2
12746 1
12747 2
12748 2
4559 3
12752 0
8952 2
3491 2
4564 1
12757 2
4566 2
3492 0
4570 1
10319 3
12765 2
4574 3
15781 1
4576 3
12769 2
12770 1
4582 2
4584 0
764 2
4588 0
4592 0
4593 2
12786 0
4595 1
12788 2
12790 0
12792 1
6228 2
12794 3
17151 2
4604 2
4605 2
10519 0
4609 1
4610 1
17066 2
12811 2
12813 2
8975 2
4624 1
4626 2
12820 2
12821 0
4630 0
4632 2
12826 2
12828 0
12832 1
4642 0
4645 0
12839 0
4648 1
12841 1
4650 2
12843 1
4653 0
4654 1
4656 1
12849 0
12850 2
4659 2
4660 2
12853 2
4662 0
12306 2
12857 0
12858 0
2143 3
12861 2
12862 2
4671 0
3156 0
12865 2
4674 1
4520 0
7606 0
12870 1
6241 1
12872 2
17164 1
12874 1
8612 0
12877 2
4688 1
4689 0
4699 1
12893 0
4703 3
4704 1
4705 1
4706 0
3515 1
4709 1
12902 1
12904 2
12905 3
12906 2
4715 0
12908 0
786 0
4721 2
4722 0
4726 1
12919 1
12920 1
12921 2
4730 1
12924 2
4733 2
4734 2
12928 1
11712 2
12930 2
18539 2
12932 1
12933 0
4014 2
4744 1
12937 0
12939 0
12940 0
12941 1
12944 2
4753 2
12946 1
4755 1
12949 2
4758 0
1795 0
12953 2
2159 3
12957 1
12958 0
4768 2
12961 2
12963 1
6257 1
4776 2
12971 1
12972 2
8989 1
4784 1
12981 1
4790 1
4792 2
12985 0
12986 2
4796 2
7626 2
12990 3
12991 0
4805 1
4806 1
4807 1
4808 1
13001 1
13004 2
4813 1
4814 2
4815 2
4816 1
4817 2
16800 3
4820 2
13014 2
6980 1
17188 2
4826 1
4827 1
8997 0
4832 2
4833 3
13027 0
13030 2
4839 0
4840 0
4841 2
4843 2
4844 1
13037 1
4848 1
4904 0
4850 0
13043 2
13045 1
4854 0
4855 2
4856 1
13053 0
13054 1
4863 1
13056 0
9982 1
13058 0
4867 0
13060 0
13062 0
4872 2
4876 3
4878 0
17197 0
13074 0
13075 2
13076 3
13077 2
13078 0
18564 0
8619 3
4897 2
13090 2
13092 1
4901 0
13096 2
13097 2
4906 3
13101 3
13102 1
4911 2
13104 3
13106 2
13107 0
4916 2
13114 2
14474 3
4926 1
4929 0
4932 0
4937 2
13136 2
4945 3
13138 0
4948 2
13142 1
13146 0
13147 1
13150 3
15845 2
4961 1
13154 2
17211 1
13156 0
6712 2
13160 1
4971 2
13164 2
13168 2
923 1
4979 1
4981 2
13174 0
13177 1
4986 2
4989 0
13185 1
4995 1
13188 0
4997 2
4998 3
13191 0
5001 2
13195 0
13196 0
5005 3
13198 1
13199 1
5013 3
13207 1
13208 2
13209 2
5021 2
16534 0
5025 2
13220 2
5030 2
5623 0
5032 0
13225 2
713 0
5035 2
5036 3
13229 2
13230 2
5039 0
18717 2
13237 1
5046 2
13129 2
13240 2
11764 2
2207 1
13244 2
13245 2
5054 1
13249 3
5061 3
5063 2
714 1
9036 3
13259 2
13260 3
13261 2
13262 2
13264 0
13266 1
13267 2
5077 1
13270 3
13271 1
13272 0
10404 2
5082 2
13275 2
13276 2
13277 2
5086 1
18597 3
5088 1
13281 0
13282 2
13283 2
13287 2
5098 0
2215 1
13292 0
13295 1
17235 0
13301 2
13302 1
13303 2
852 2
5115 1
5116 3
443 0
1807 0
5121 2
5122 2
5123 2
13317 0
13319 0
13320 2
18604 2
5130 1
13323 2
13324 2
13329 2
5138 0
13331 2
13332 2
14510 2
13334 0
13337 2
9662 2
16811 2
5150 0
5154 2
13349 0
2225 1
13352 0
13353 0
13355 2
13356 2
13358 1
861 2
13360 2
15880 1
5171 1
13364 3
13366 0
5177 3
5179 0
13373 2
5183 3
13376 3
5185 0
9418 1
5187 0
13380 2
13381 0
5191 2
5193 2
6174 2
5195 2
5196 2
5197 3
13390 2
5202 3
5206 1
13401 2
5211 2
2234 2
5214 2
13407 0
5217 0
5218 0
2235 2
13412 0
13413 2
5222 0
4033 2
5225 3
13418 1
13419 1
13420 3
5229 2
5230 0
3962 0
5232 3
5233 2
18622 2
17257 0
5244 0
5246 0
5247 2
5248 0
10432 2
5251 2
13444 1
15894 1
13446 3
13448 0
13449 2
5085 1
13455 3
5264 3
5265 2
13458 0
13459 0
13461 0
5272 0
13466 1
879 2
5279 1
5284 0
13477 2
9284 0
13479 2
13481 2
5290 3
5292 2
5293 2
13487 1
5297 0
5301 0
13494 3
13496 2
13497 1
5306 1
13499 1
13500 0
6346 2
13173 2
5313 2
13506 1
2251 2
5317 0
5318 0
5321 3
5322 2
887 2
13519 2
13520 2
5331 3
18638 0
5336 1
7946 3
13532 0
13533 1
7717 3
5345 2
13539 1
3622 2
5352 1
13545 3
14137 2
6354 0
6725 0
13551 2
5360 1
5361 2
5362 2
13557 0
5367 2
5369 2
5372 2
5374 1
13569 2
5378 2
13571 2
13572 2
13573 2
363 2
13578 2
13580 2
5389 2
8090 2
13586 0
13587 2
13588 2
13589 0
13590 2
5399 3
5401 2
2362 2
13596 2
13599 0
13600 1
7728 2
13602 2
5411 2
3999 0
13605 2
13607 2
2268 2
5418 1
903 0
5421 2
5422 2
6365 0
477 2
5433 0
13626 3
13627 2
5436 3
5437 2
13631 2
5444 2
13638 2
13647 2
17094 1
13650 3
4237 0
5463 1
5464 2
13657 0
911 2
5469 1
17276 0
5472 2
13668 3
9184 2
5478 0
5481 0
5482 0
13675 1
13676 0
13677 0
5486 2
13679 2
3456 0
3646 0
5495 3
5496 2
5497 2
13690 2
1073 3
12731 0
13695 2
13696 2
5505 0
13698 1
14571 2
13704 2
5513 2
8367 0
13710 2
5520 0
13919 3
5524 2
13718 2
13720 2
3652 0
13723 2
13724 3
13726 2
13727 1
13728 3
14576 0
5538 0
17307 2
13732 2
13734 1
3185 0
13737 2
5548 2
5549 3
4950 2
5552 1
5553 2
18675 0
16279 0
13749 0
13750 2
5095 2
5561 2
5562 1
5564 1
11850 3
13758 0
5567 2
5571 1
5572 3
5574 2
5576 1
13769 0
5578 3
5579 2
5580 1
5581 2
5583 2
13776 1
5587 1
5588 3
5589 3
13782 2
5591 2
5594 2
13788 3
5600 0
5606 0
13799 2
5609 2
13803 0
5612 2
5613 1
2369 0
13808 2
5619 1
9129 2
5627 1
5630 2
13823 1
13828 1
5637 1
5638 0
5639 2
9735 0
5641 0
13834 2
5643 3
13836 2
5645 0
13838 1
5648 1
13841 0
171 2
5652 0
5038 0
5656 0
5657 1
5658 3
13852 2
5666 0
5670 1
13864 2
2371 2
13867 2
5680 1
13873 2
947 2
5686 2
13879 2
6736 0
5690 1
13884 2
10507 2
13892 3
6412 2
13900 0
3682 2
13902 0
9144 3
5716 0
5720 2
14607 2
13917 2
5727 0
13920 2
5729 0
13922 1
5051 3
13926 3
13927 1
5736 2
13933 0
5742 1
5745 2
6419 2
13943 2
18708 2
13949 3
13951 3
5763 2
5765 2
5057 3
5770 0
13963 3
8549 0
17769 0
13966 3
5777 2
10558 0
5780 1
5782 0
5785 2
13978 2
5787 0
13982 0
15696 0
18715 3
5798 2
13992 0
13993 2
16669 0
13995 2
5804 1
13997 0
10525 0
5809 2
5810 0
5811 2
14004 3
5813 2
5814 2
15988 1
5819 1
6511 3
5822 1
14022 2
5831 0
2338 2
11896 1
14035 3
14036 1
5845 0
14038 2
5847 0
14040 1
5849 0
14042 2
5851 3
14044 0
5853 2
14046 0
5072 3
5858 2
5859 2
5860 2
5863 2
14059 1
14060 2
5869 2
5870 0
14063 1
14066 3
14068 0
3710 0
5879 2
14077 3
5886 2
17365 0
6443 2
14084 1
11905 3
14090 2
5903 2
5907 2
5909 3
14103 1
5912 2
5915 3
14109 3
803 2
5921 1
12745 2
1561 2
5925 2
14120 2
5929 1
5930 2
13351 2
5653 1
14126 2
5935 0
14128 2
14130 1
14131 1
14133 2
5943 0
5945 2
14138 1
14139 1
5951 0
5953 2
5957 1
17061 2
5960 3
14647 2
14157 2
5966 2
14161 1
5971 2
5975 3
14168 1
14988 1
14170 1
14171 0
5981 3
5982 2
5987 1
14180 1
14184 1
10556 0
14186 2
5995 1
14188 2
14189 0
14190 2
14191 2
14192 2
14194 2
14197 3
7023 1
14199 1
8929 2
6013 2
11925 3
14208 0
6018 1
14211 0
14212 2
6022 2
14657 0
5100 2
6028 0
14221 0
14224 1
6380 0
14226 2
6035 0
14228 0
14233 0
16568 1
6044 3
14237 0
14239 0
14240 1
14244 2
6053 1
6055 1
6057 2
4732 0
14254 2
6064 2
1591 1
6068 2
7838 2
14262 2
6073 2
14271 0
14274 2
14275 1
14277 2
14278 2
17662 2
14282 1
5111 3
3685 2
14285 0
6094 2
14287 1
14288 0
6100 2
6102 2
6103 2
6104 2
14297 2
18535 1
6108 2
6109 1
14302 2
14305 0
14307 2
10679 2
14309 0
14310 3
6119 1
14313 2
6122 2
6123 2
14317 0
6128 2
14321 2
14322 2
6132 2
6135 2
10580 0
14330 0
1023 2
6140 2
1841 2
14334 0
14335 2
6145 2
6146 3
14340 0
6149 0
6150 0
9217 2
6152 3
6154 2
14347 2
6156 0
6157 0
6158 2
14680 2
14355 2
6164 2
14357 2
18777 3
14360 1
6169 2
14363 1
14364 1
6173 0
3206 2
14367 1
14369 2
6179 0
14372 0
14373 1
14374 0
14376 2
14378 0
14380 0
14383 0
10299 2
14386 2
6196 2
14389 2
6200 1
6201 2
14394 2
7024 2
6206 2
6207 2
6209 2
14403 0
14407 1
10516 3
6220 1
14417 0
14418 0
14420 2
9230 0
6231 2
7395 1
6235 2
14428 3
16615 0
14430 3
14433 2
5922 0
16059 0
14437 2
14439 2
6250 2
6251 2
14444 2
13330 0
6255 2
6256 2
9210 1
14453 0
14455 0
6266 2
6267 2
14461 0
6270 2
14463 1
14464 3
6277 2
3315 2
8922 1
8938 2
6282 2
17431 3
14479 0
1048 3
6295 3
14488 3
14489 1
14491 1
14498 2
14501 0
14502 1
8939 2
14504 2
14505 2
6315 0
14509 2
6318 0
14511 0
14512 1
6324 1
14519 0
6330 2
14524 1
14525 1
6334 0
10613 1
6336 2
14531 0
6340 2
14533 2
14535 1
14538 2
6349 2
14545 3
14546 0
6355 3
6356 1
14549 2
6360 3
14553 1
3791 2
10618 2
6367 2
14561 3
6371 0
14124 0
14569 0
6379 1
14572 0
16082 2
6383 1
6384 0
17448 1
6386 1
10903 2
14580 3
6390 2
14584 0
6393 2
14586 2
6395 1
6398 3
14591 2
6400 2
14600 2
6411 1
14604 2
14605 0
13307 1
6416 3
14611 1
16955 0
6424 0
2436 0
6429 1
14622 2
14623 0
794 2
14625 2
14626 1
18319 0
14631 2
14632 2
14633 0
6442 1
14635 0
6445 1
14638 1
10853 2
6448 1
14645 1
6455 1
14651 2
12763 2
10308 0
6465 0
6466 2
6468 1
14662 2
14664 1
6473 2
14666 2
6475 0
6476 0
16098 0
14671 0
14673 2
14677 2
6488 2
14681 2
14682 2
2671 0
6492 3
6493 2
6494 0
6497 0
14690 2
12006 0
6502 2
6504 2
6505 0
6507 2
17645 0
6515 2
10518 2
6519 2
6522 2
14715 2
3644 1
14721 0
3819 0
14724 2
6533 0
14728 3
14730 1
14733 1
16109 2
14737 2
13379 0
14740 3
14742 2
6553 0
14745 3
14746 2
14748 0
2458 0
14751 2
4310 0
14753 2
6563 3
14756 0
7921 3
8402 2
14761 1
14765 0
6576 2
6577 1
6580 0
14773 0
6583 2
6586 0
14779 2
6588 1
14782 2
6592 3
14785 2
14787 0
14789 2
14792 2
14793 1
6603 1
6604 2
6605 0
14798 2
6608 2
6610 3
14803 2
14804 2
16121 1
6616 1
14809 2
6619 2
6621 2
6622 0
6623 0
6624 2
14817 2
6626 3
6631 2
6632 2
14828 0
14832 0
16520 2
14838 1
6647 2
17492 1
14842 2
14845 0
1109 3
14849 2
14851 2
14852 1
6662 2
11501 3
6668 0
6573 0
14865 0
14867 0
11679 1
294 3
6679 2
14873 2
14874 2
6683 2
14878 2
14879 2
14880 2
14881 1
6691 1
6692 2
14886 1
14887 0
6697 2
16135 2
14894 2
6703 1
16590 3
6706 1
14899 1
15499 2
6709 0
6710 1
14904 2
14905 2
14908 1
14909 1
6718 2
6723 1
14916 0
2486 2
6730 1
14923 0
6733 0
14928 2
14929 1
6738 0
13411 0
6740 1
14935 2
6747 2
14778 2
14945 1
13414 2
14951 2
1589 3
6770 2
7955 2
14964 0
14966 0
17513 2
14971 0
14972 2
6784 3
14977 0
6787 0
6788 1
14981 1
14983 2
14986 0
6796 0
14989 0
13421 0
6801 1
17518 0
15000 0
10692 1
6810 1
15004 2
6815 0
13866 0
13425 3
15017 1
1138 2
6833 1
6834 0
6836 1
6837 1
6839 3
6840 2
6841 2
15037 1
6846 3
15039 2
6848 0
6850 1
6851 1
15045 2
15046 1
6855 1
3275 1
2213 1
15051 2
6860 1
6861 0
15054 2
15055 2
6865 0
18505 2
6871 0
13595 0
6873 0
15066 2
15067 2
15068 2
15071 0
15072 0
15073 1
6883 3
6887 1
6888 3
502 2
15084 3
15085 2
15087 2
15091 1
6902 0
15095 1
15096 3
8993 0
6907 2
6910 2
6912 2
1152 0
15106 1
15107 1
15109 1
10357 1
5249 2
15112 1
8738 0
6922 1
6923 0
15116 2
15117 2
776 3
2520 2
15123 1
15124 3
6617 2
15128 0
6937 0
6939 2
15132 1
6941 0
6942 1
15135 2
15136 1
15137 3
6946 2
14811 2
15140 0
2475 1
15143 2
15144 0
15145 0
6955 0
16178 1
6958 2
9352 1
6962 2
6963 2
6965 2
3265 0
6967 2
6969 0
15162 1
15165 0
15166 0
6976 2
6978 0
505 3
15172 2
15174 2
15175 1
6984 1
15180 1
12235 0
6991 0
15184 0
15186 1
6996 2
1166 2
6998 2
3897 0
15194 2
7004 2
15197 2
7006 2
7848 2
7008 2
7009 2
15202 2
4325 2
7012 0
7015 2
15209 1
7018 1
7020 2
15213 0
15214 1
3901 0
11145 2
14824 3
7026 0
15220 2
3320 2
15227 3
15228 0
15231 0
15232 1
7042 0
7044 3
7045 2
7046 1
8001 1
15240 0
15241 2
7050 1
17559 2
7052 1
15245 2
15246 0
7055 1
7056 2
15249 2
15250 3
2542 1
7062 0
15258 1
10735 3
15260 2
7069 0
15264 2
9376 0
15266 1
11225 0
15268 0
15270 0
1180 1
7082 0
15275 1
7085 0
7086 0
15279 2
7088 0
15284 1
7093 0
15286 1
8009 2
15288 3
15289 3
7099 3
10741 1
15296 2
7105 1
12107 0
15301 2
15303 2
15304 2
15305 2
15307 2
7116 1
7118 1
15311 2
7120 2
7121 2
7122 2
7123 2
15316 1
15318 2
15319 0
7129 2
7130 0
15324 1
7134 1
15328 3
12674 3
7138 0
7139 0
7140 0
15333 2
15334 1
7143 0
11149 0
10748 2
6653 1
15344 3
1192 2
7158 2
13482 3
15358 2
15362 2
17579 3
15365 1
15371 2
15373 3
15374 0
15375 1
15377 2
10755 0
15381 2
7194 2
7195 0
15388 0
7203 2
7205 1
7206 2
13489 0
7208 2
7209 2
7210 3
7214 2
7216 2
15409 2
7218 3
7219 3
15413 2
15417 2
15418 3
7227 2
7229 0
9788 0
15425 0
7235 2
15428 2
16225 3
15432 1
241 0
7244 0
15439 1
15440 1
10607 1
15444 2
15448 2
14863 1
7260 2
9402 2
7264 2
18791 1
15462 3
6673 1
15471 1
15473 0
7282 2
6675 3
17598 2
15478 2
15482 1
15486 2
15487 3
15488 3
15490 1
15491 1
2582 2
15494 3
15496 0
7306 2
2435 0
15500 2
15503 2
15504 0
15506 1
12651 0
15509 1
15511 0
666 0
15513 0
15514 0
11155 0
2586 1
15519 1
12144 1
7332 2
9414 0
15526 1
15527 1
7337 0
15531 0
15532 3
16884 1
15534 0
15537 0
7349 2
15544 1
1249 0
6687 2
1226 1
15550 0
4385 1
18852 0
7363 0
7365 0
7367 2
6600 0
15561 1
15565 1
7374 3
9421 2
15572 1
15574 0
7386 1
7389 2
15582 0
7391 1
15584 2
17616 0
8059 3
15588 1
15589 2
15590 1
15592 0
15593 0
15594 3
6695 3
7405 2
7408 2
7409 1
15602 2
15603 1
15605 1
15606 2
17620 0
12159 0
1079 2
15614 0
7424 3
15617 2
6794 2
15625 1
15627 1
15628 3
15629 1
15630 1
7440 2
15633 0
15635 1
6702 1
15638 2
7447 2
7448 2
15641 0
7450 2
7452 2
104 0
8069 2
7457 0
7459 2
15652 1
15653 0
15654 2
15656 0
15657 2
15658 2
16263 2
7472 3
15667 2
15668 1
15669 1
7478 1
7479 0
7480 1
7481 1
15674 2
6523 2
15676 0
3978 2
15678 2
14901 0
7488 2
7489 2
7491 2
15684 0
14902 2
17633 3
15693 0
7504 3
7505 2
7506 2
9443 2
15701 0
7510 0
5160 0
15704 0
7516 2
15710 3
16272 0
15714 1
16093 2
15717 0
15718 0
12177 3
15721 2
7530 1
7532 2
1523 0
15726 1
7535 0
1032 1
7538 3
17999 0
15734 2
7543 2
15738 2
3378 1
15741 1
524 2
7552 2
15745 2
15746 0
7556 0
15749 1
7561 2
7563 2
7565 1
15758 2
15759 3
15760 0
15761 2
7571 1
15764 0
15765 2
7575 2
1616 0
17983 3
7578 1
7580 2
15773 2
15775 0
15776 2
7585 2
15778 0
16283 0
15780 0
7589 0
15708 2
15785 0
15788 1
1266 0
15790 0
15793 0
15794 1
15798 1
7607 1
7608 0
7609 2
16287 0
7612 1
15805 2
2451 2
16288 1
7618 0
15813 0
7622 0
15815 1
7624 3
15818 2
17828 3
15825 0
15827 3
7637 2
15830 3
17657 0
15834 1
14399 2
7645 0
8101 1
7649 2
15842 0
7651 2
2345 1
15847 1
15848 1
15850 2
15852 2
7663 2
7665 0
7667 1
15861 1
15862 2
15863 2
15867 2
7676 0
10837 2
15872 3
15877 0
7688 2
7689 2
15882 0
7691 1
15259 0
7693 2
7694 1
7695 2
15889 1
7699 2
7700 2
8110 2
433 2
7704 1
7705 0
15898 2
15899 1
7708 1
7709 3
8194 1
7715 0
15908 1
9478 2
7718 2
15911 3
15915 1
7726 0
15079 3
15533 2
7732 1
7733 3
15926 0
7737 1
17170 3
7739 0
17850 1
7747 2
15474 0
6532 1
7757 0
7760 3
15954 1
14127 2
7765 2
7766 1
804 3
15961 1
15962 0
15963 2
15966 2
2661 0
8715 0
7777 1
7778 0
4027 0
15972 0
7781 2
15978 3
7789 2
12221 0
15984 0
16628 0
7796 3
15992 0
7802 0
15995 2
7806 1
15999 1
16000 2
16003 2
16004 0
16005 1
7815 2
16010 0
7819 3
16013 0
7825 0
12227 0
16021 0
7832 3
16025 1
16026 2
4898 2
8717 2
12536 1
16030 2
16033 3
16034 2
7843 1
16036 1
16037 1
16039 2
16040 2
8135 3
7852 3
16049 1
16050 3
7862 2
7865 2
16058 0
17695 2
16060 2
16061 1
16062 2
16064 2
16065 0
16066 1
16067 2
16069 2
7878 0
16071 0
16073 1
17698 0
16081 2
7890 2
13603 0
4900 0
16088 1
7897 2
16090 1
16091 2
7901 0
16096 2
7905 0
7906 2
18056 0
2991 2
8145 1
7912 0
16105 0
16106 2
16107 0
7917 2
16110 2
16113 2
16114 2
16115 2
9218 2
16117 2
7927 1
16120 1
7929 3
7932 2
7933 2
16127 3
16129 1
18329 1
7943 2
7945 2
16138 2
7947 2
16140 3
16141 1
16143 2
7952 0
16145 0
16147 3
7957 0
16152 1
16156 2
4058 2
7968 0
16162 3
7974 0
7975 2
3266 0
7358 0
7986 2
7988 2
7989 2
16183 2
16184 2
16186 2
12255 1
7997 2
7998 3
16191 1
16192 0
8303 2
10637 0
16196 1
16197 0
16200 0
16201 1
16202 0
16203 0
16204 1
13965 0
16207 0
8017 3
8018 3
8020 2
8022 0
16218 2
16219 0
8028 3
8029 3
15329 2
16224 2
8033 3
4070 3
8038 1
8167 0
16238 3
17725 0
16362 2
8051 0
8054 2
16247 0
16248 2
16250 2
1343 2
16253 2
16254 2
15111 3
7151 0
18272 0
16259 1
16261 1
8071 0
16265 1
16266 2
8075 2
8076 2
16271 2
8080 0
8083 0
16276 1
16277 2
16278 2
6809 0
18000 0
16282 1
4079 0
16285 0
11999 2
8095 3
8096 2
16289 1
16290 0
16291 2
16292 0
5446 1
16294 3
1088 0
8105 2
17735 2
16301 1
16302 1
16304 2
8999 0
16306 1
16307 0
8116 2
16309 1
17737 2
8121 0
4362 0
8401 2
16316 1
16373 1
16321 0
16324 0
16325 0
16326 2
16327 1
8137 2
8138 3
16331 1
16336 3
8184 2
10915 2
8148 0
8149 2
16344 2
8154 3
8156 1
16349 1
16352 0
6000 0
8162 0
16356 0
8165 2
16358 2
16359 1
8168 2
8169 2
1363 2
16366 0
8179 2
545 2
8182 2
1909 0
16376 2
16378 3
16380 0
16381 1
8190 2
