8192 2
8193 0
16386 2
16387 2
16388 2
8197 2
8199 0
8200 0
16393 2
16394 1
16395 0
16396 1
8194 1
14185 1
2052 2
8210 0
8195 0
16404 3
6830 2
16406 0
16407 0
3274 1
16409 0
8219 2
16412 0
16414 2
16415 2
17458 2
8730 2
16422 2
16423 0
16424 1
16428 0
8237 2
16430 2
16431 2
48 1
16433 2
17758 0
8247 1
16440 2
8249 2
8250 1
17759 1
16445 2
16446 0
16449 2
66 1
5438 0
68 2
69 1
8262 2
9569 2
16456 2
73 2
8266 2
75 2
8268 2
8269 0
16462 0
16397 1
15167 2
16469 1
8278 2
87 3
88 2
89 1
91 1
16477 2
97 0
98 2
16484 1
8293 1
102 1
483 2
1383 2
16493 0
8302 2
10941 0
16496 0
16500 0
8309 2
6005 1
120 3
122 3
16509 1
129 3
8322 2
16515 2
132 2
8325 2
8326 2
16519 0
16520 2
8329 0
16522 1
16523 2
140 3
8188 2
16527 2
144 2
8337 0
147 0
148 1
17774 1
16534 0
151 1
1096 1
8345 3
16538 0
17775 3
8348 2
15045 2
162 2
163 2
15123 1
8357 0
12316 2
173 2
175 3
177 1
178 0
4126 0
16566 3
183 2
16568 1
186 2
187 1
16572 3
190 3
191 0
16577 0
6859 1
197 2
198 0
8391 2
200 0
201 1
202 2
16589 3
206 3
16591 2
209 2
16594 2
8403 3
215 1
8408 2
12324 2
218 3
15055 2
8412 1
8413 2
223 2
16608 0
8418 2
16612 1
16613 2
16614 0
8424 2
18284 1
234 2
16619 0
16620 3
8430 2
9597 2
240 1
9828 1
246 0
248 1
8441 2
250 1
13695 2
16636 2
12330 1
16638 0
8447 0
16640 1
554 2
16644 2
16645 1
16646 1
8455 0
10344 1
266 2
8461 3
8462 0
271 2
16658 0
13699 0
276 3
279 0
280 3
8473 2
16666 1
284 1
16669 0
286 1
8479 0
8480 1
289 2
10648 2
8483 0
8484 3
16677 2
8486 2
16679 1
8488 2
297 2
299 1
300 2
16104 0
8494 0
2781 0
8496 2
17800 2
16691 2
16693 1
16694 1
16650 0
8507 2
18014 3
9610 2
16702 3
319 2
16705 1
16706 1
12013 2
324 1
8517 1
328 0
329 1
18560 3
16716 0
7900 2
16718 1
8527 2
16721 1
8533 3
1366 0
16728 1
1249 0
8539 1
16732 1
8543 3
8544 3
16737 2
354 2
8549 0
358 1
16743 2
362 1
363 2
8022 0
367 0
368 0
8561 0
15278 3
16755 2
8564 2
374 2
16759 1
16760 0
8570 1
8571 0
16765 2
8574 0
383 0
384 1
387 0
16773 2
16774 1
391 3
16776 0
15084 3
394 2
396 1
397 3
8592 2
8593 0
16786 1
16787 1
8596 0
16789 3
8598 0
8599 0
8601 2
410 2
8604 2
16801 0
8611 2
420 1
70 0
423 2
8616 2
8617 0
16810 3
8619 3
8621 0
8622 2
16815 2
433 2
16818 0
436 2
438 0
8632 2
442 1
13727 1
444 2
74 0
446 2
16835 0
8644 2
454 2
455 1
18837 2
16841 2
16846 1
8655 2
16848 2
6877 0
16850 3
16851 2
8270 0
16854 2
16855 1
16856 2
9636 2
16860 0
8669 2
16862 1
8672 0
16865 0
13655 1
8675 2
1446 2
486 2
8679 2
4114 1
495 0
496 2
500 2
16885 0
16886 2
18293 0
8276 1
16891 3
508 0
16893 2
510 2
16896 1
16898 2
18839 2
517 0
16902 2
8711 0
524 2
16909 1
8718 2
8719 3
9292 1
529 2
16914 1
15107 1
8725 1
8727 0
8729 1
538 0
8732 1
542 2
16927 1
16928 2
545 2
16930 2
8739 3
548 1
8742 1
551 1
552 1
16937 2
8746 2
555 2
16941 0
8750 2
8752 2
6920 2
9651 1
564 1
16949 0
8758 2
16953 1
8764 1
573 1
8767 0
16961 3
16962 2
8771 3
8772 0
581 1
8775 0
586 3
8780 1
6839 3
591 1
16976 1
16977 0
16980 2
597 1
9657 0
8793 1
8796 0
8797 3
8798 0
8799 2
8800 1
609 2
16994 2
16995 1
8804 1
16997 2
4112 0
8808 0
17852 2
17002 1
17003 0
620 3
17005 1
8814 2
8815 2
624 2
8817 1
6931 2
17012 3
629 1
630 0
633 2
17018 0
8827 2
636 2
17021 0
17022 0
8831 0
17024 2
641 0
8834 2
643 2
17028 0
17029 0
17033 2
8842 2
651 0
17036 2
654 0
17040 1
17041 1
658 0
17043 0
661 1
17046 1
6937 0
17049 1
8858 2
16495 1
669 2
8862 2
8863 3
8865 3
674 0
15131 1
17061 2
17062 0
8873 2
17066 2
17067 1
15133 1
17075 0
2846 2
17079 2
8888 3
116 3
699 3
17084 1
701 2
706 2
8899 0
708 2
711 3
712 2
8905 2
8906 2
17099 2
8908 3
15138 0
17102 0
8912 3
721 0
17106 0
723 2
8916 2
8917 1
727 2
8921 2
730 2
5583 2
732 1
6571 0
17119 0
737 2
738 2
8932 0
741 2
8935 2
744 2
8937 0
8938 2
8939 2
750 2
9845 1
12465 1
8945 2
17140 0
17141 2
17142 0
759 3
760 1
15301 2
764 2
11050 1
17151 2
768 0
17154 0
2859 1
773 2
774 1
17159 3
14731 2
17161 2
17162 0
2208 3
780 2
8974 2
17167 2
8976 2
786 0
787 2
8981 2
790 2
794 2
795 2
17181 2
14800 2
133 2
800 2
801 2
803 2
8996 2
8997 0
17190 1
807 2
17194 2
8327 3
1118 2
17245 1
9008 0
17202 0
17205 1
9014 3
16521 0
825 2
17211 1
8330 2
8407 2
832 2
17217 2
17218 1
4235 2
9029 0
16524 1
17227 1
844 2
845 1
17231 0
17233 2
10563 2
17235 0
852 2
9045 2
9046 1
11065 2
856 0
18032 0
17242 2
10814 1
17244 0
861 2
9054 0
865 1
9061 1
17409 1
17256 2
9065 2
874 3
875 2
17260 2
877 3
9070 2
17263 0
17264 0
17265 2
882 0
9075 2
17268 1
18033 0
888 2
9081 2
9082 2
17275 0
17276 0
9086 1
17280 1
9092 0
9093 1
9094 0
9095 2
17288 1
9708 2
9099 0
17292 1
11074 2
17294 0
911 2
17296 3
8344 1
914 1
916 0
17303 0
9112 2
921 2
17307 2
12663 2
17310 1
17311 2
12669 2
17315 1
9125 2
934 0
2486 2
936 3
9129 2
17322 2
17323 0
17324 2
8170 2
943 0
944 0
17329 3
17331 1
9142 0
10670 1
9144 3
953 2
9579 2
956 1
9149 0
17342 2
961 1
9154 2
9156 1
8761 1
4257 2
17352 0
13815 0
15308 1
16546 0
17360 2
9170 0
12451 1
17364 2
9173 2
17367 1
17368 1
9178 1
987 1
17374 1
9184 2
11217 2
17379 2
17381 2
9196 0
9199 0
9200 0
9201 0
1010 1
17395 2
9204 0
13822 1
17399 2
17401 3
1018 1
9211 2
9212 1
9854 1
1022 2
9216 0
9217 2
9218 2
17411 1
1028 1
4202 1
1032 1
1034 2
1035 2
9228 2
1037 3
17422 2
9231 2
13128 1
17425 0
17430 2
17431 3
9240 0
13828 1
1051 1
17437 0
9247 0
9249 0
9250 2
9252 2
9734 0
9037 2
1063 2
9256 1
1065 2
17450 1
8370 0
9262 2
17455 0
9266 3
9269 2
17462 0
1079 2
9272 3
9274 2
17468 1
5642 0
17470 0
17472 0
15200 0
17474 2
17476 0
17477 1
1095 0
17480 2
1100 0
16374 0
8220 0
17487 2
17488 2
9297 0
17491 2
9300 1
9301 0
17494 2
17495 1
17496 3
1113 2
1114 1
9307 2
9308 1
9309 1
9310 0
2917 0
17504 2
17505 0
1123 0
17509 2
9318 0
1553 1
9312 2
17514 2
17515 3
9325 0
16647 0
1138 2
5651 0
17524 2
9333 3
1142 3
1144 2
9338 2
17532 2
17533 3
1150 2
9343 2
17536 2
9346 2
9347 1
9349 2
17542 1
9352 1
17623 1
17546 2
5767 0
9357 1
17550 2
17552 1
17553 2
9362 0
195 2
17556 2
1174 2
10127 1
1177 2
15215 0
1180 1
1562 0
9376 0
10405 2
1186 0
1563 3
17573 1
17574 1
15217 2
1192 2
17577 1
9386 2
1195 0
9388 2
17581 1
1200 0
8392 2
9396 1
9397 2
8769 1
13084 2
17593 2
17595 2
9406 3
1217 2
1218 2
9411 2
9412 1
9413 0
9414 0
1225 2
17610 2
1227 0
17612 2
17613 0
9425 1
9427 2
17620 0
16590 3
1239 0
1245 0
17631 0
17632 1
9441 2
1250 0
1251 1
1252 1
9446 1
17639 1
17640 1
1258 0
9451 0
17645 0
17648 0
17649 1
17650 1
17651 0
17652 1
9461 2
9462 2
1273 2
17659 2
17660 2
1277 1
17665 2
17666 2
9476 2
9477 2
17670 0
1287 1
17673 2
17674 2
17675 2
9484 1
15234 3
9486 3
17682 0
17683 0
9492 2
1303 1
1304 2
17689 2
1306 3
9499 2
17692 3
9501 0
16956 1
1312 0
1313 3
1314 1
9508 0
17702 2
17703 2
17706 1
1323 0
1324 2
17710 2
16605 2
16411 1
1330 0
1331 1
17719 1
17721 2
1338 1
9531 2
1340 2
1341 2
9534 0
1343 2
17728 0
17729 1
9540 2
5686 2
17735 2
16139 2
17737 2
1354 1
1355 1
1356 3
4322 1
2957 0
9784 2
9555 1
9556 2
1365 0
17085 0
17755 0
17756 0
17757 1
9566 0
1375 2
1377 2
17762 2
1380 0
9866 0
17767 1
9578 1
1387 1
9580 1
1389 3
9582 2
9583 2
232 1
9589 1
9590 2
9592 1
17785 0
17787 3
9596 0
17789 1
9599 0
1408 0
9792 2
17795 1
9604 2
9605 1
9606 1
1601 1
1416 3
17801 2
1418 0
9611 2
17804 2
1421 0
1422 2
9615 2
1425 2
9618 0
1428 0
17814 2
9623 2
17817 1
16623 3
17820 0
1437 3
3992 3
1439 2
1441 1
9634 1
1444 2
9637 1
9638 3
9639 2
17832 3
17835 2
12530 1
7069 0
9648 2
1608 1
17842 2
17843 2
1460 3
1461 2
17847 1
9656 1
1465 2
17850 1
17851 1
1468 2
9663 2
17856 0
1473 1
1474 2
17995 2
9669 2
9673 1
1482 1
9675 1
9676 2
4141 0
13901 2
1488 1
4647 0
15048 2
9685 2
9688 3
9690 2
9691 3
9692 2
6011 2
9694 0
17887 2
16417 0
9702 2
17895 0
17896 1
9706 1
9830 2
17900 2
16637 3
1483 2
9812 0
9722 2
9724 1
17918 0
17919 0
1538 2
1539 2
17924 0
1622 2
1542 2
9735 0
1545 2
1546 0
1548 2
9741 2
17934 2
17937 2
17941 1
17944 1
260 2
9754 2
15279 2
17948 2
17949 2
1567 2
1568 3
7088 0
9763 1
17956 2
17957 0
9768 2
9770 1
4359 2
17964 0
9773 2
18614 2
1583 2
1584 2
4360 1
15874 3
2995 2
10964 0
9781 1
1591 1
1592 3
17977 2
17978 0
17979 2
1596 2
1597 1
17982 2
1599 0
1600 2
17985 2
9795 0
17988 3
1605 0
17992 2
1610 1
1611 3
1613 2
18000 0
9810 2
1619 2
18004 2
6055 1
15941 0
11193 0
9816 2
9817 2
3258 2
12559 1
18013 0
1630 1
1632 1
9826 2
18020 0
9829 2
18022 1
1639 2
1640 2
1641 2
9834 3
9835 2
18028 1
1645 0
9838 1
9840 0
5736 2
18034 1
1652 2
1653 2
18038 2
18039 1
9849 0
18042 3
9852 0
1661 1
1662 2
9855 0
8849 2
18050 3
18027 2
18052 0
9863 2
1672 3
18057 2
1674 2
2440 2
9603 1
15298 1
18062 2
18064 3
9874 0
18067 0
1646 0
9878 3
4377 3
5743 1
18076 0
18077 0
9886 0
1695 2
1696 2
18081 2
9890 0
4379 2
9892 0
1701 2
4421 0
1703 1
9896 2
9898 1
18091 2
9901 2
1711 2
1712 1
3016 1
9906 2
1717 2
13969 2
1721 2
287 2
1726 2
1727 0
18112 3
16672 0
18114 2
10377 2
1732 2
8241 2
1734 1
16673 1
1737 1
9930 3
1655 2
8482 0
18126 0
1149 0
1746 2
12579 0
1748 0
18134 2
1657 2
9944 0
9946 2
11215 1
1756 0
18141 0
1758 3
18143 1
15312 3
1762 0
1764 2
9364 2
18150 2
1767 2
9960 0
3341 0
18154 1
1771 1
1772 0
4267 1
9967 1
15062 1
18161 1
18165 0
18166 0
18167 1
1785 2
17797 3
6122 2
9981 2
1790 2
3029 1
1969 0
18178 1
11905 3
1798 1
8468 0
1800 0
18185 0
1803 0
18188 1
18190 1
9999 2
10000 0
1809 2
10002 3
18844 1
18197 0
10006 0
7129 2
18201 1
10010 0
10011 1
18204 2
11226 2
18207 2
5687 2
18209 0
1827 2
1828 2
18214 2
10023 3
10024 0
15324 1
18218 2
10027 2
1836 1
1837 2
10030 2
5196 2
10032 1
18225 2
10035 2
18228 2
16701 2
10038 2
10039 2
18232 2
12596 2
18234 2
10043 1
1852 1
1853 1
10048 2
1858 1
13924 0
18244 0
10053 1
18246 2
10055 2
10056 2
1865 0
1866 2
1867 1
10060 2
18254 2
18255 0
1872 0
10066 3
18259 1
18264 1
608 0
1882 0
1884 0
18269 2
18271 0
10080 2
18275 1
18276 0
18277 0
10086 2
18279 1
10088 1
1897 3
18282 1
10092 1
18287 1
3048 3
10099 2
10100 2
8510 2
1911 0
10104 1
10105 0
10106 2
16703 3
10629 3
1918 2
1920 2
10113 2
18306 2
1923 2
1924 2
10117 1
10119 1
18312 1
1322 2
18316 1
10125 1
18319 0
10129 2
18324 2
10134 0
1943 0
1944 0
18329 1
9942 2
1947 1
1949 2
10143 1
18337 0
10146 2
18340 2
10149 1
10151 3
1961 2
1962 3
10155 2
10156 1
18349 1
18350 0
18352 1
16712 0
1970 0
1973 0
10166 2
16713 0
1976 1
1493 0
18363 1
330 0
18366 2
1983 2
17962 1
18372 1
5793 1
1992 2
332 2
10189 1
1998 3
18383 2
18384 2
2001 0
18386 1
18387 2
10196 1
2006 1
18391 0
10201 1
2010 1
18395 1
18397 1
2522 3
10209 0
13707 2
2020 3
5798 2
7164 2
10220 0
18413 3
18414 3
2035 2
18420 2
15358 2
4705 1
18426 1
2043 1
18428 2
2047 2
18434 3
9899 1
10244 3
18437 0
10247 1
10248 2
18443 2
6888 3
10254 2
10257 2
16926 2
2069 3
18618 2
2072 2
2073 2
2074 1
2075 0
2076 2
10269 0
18462 3
10271 0
18096 2
2083 2
342 2
2086 0
10279 2
2091 2
2092 2
10285 1
10286 1
2095 1
10288 1
18481 0
2098 2
2099 2
18484 2
2101 1
2102 2
2104 3
10299 2
10301 2
10302 0
2112 2
2113 2
2114 0
18499 1
2116 2
10309 3
8361 2
10311 2
2120 2
2121 0
10315 0
10316 2
10317 1
10318 1
10319 3
2128 1
18669 1
2132 0
11278 1
2138 2
10332 1
10333 1
10335 2
2144 2
10340 3
18534 2
617 0
2152 2
2154 0
18539 2
18540 0
18541 0
14013 1
6073 2
2163 1
2164 2
17530 1
10358 2
12620 3
10363 0
2173 1
10366 2
2176 2
2177 1
2179 2
10372 1
618 1
18567 3
18568 0
18569 1
8416 0
891 1
18572 0
2189 0
10382 2
2524 1
10384 0
10386 1
18579 2
2196 0
18581 2
10391 1
2200 1
2201 2
8559 3
18589 1
2206 0
2207 1
18592 0
10401 2
18594 2
3099 0
2212 1
18597 3
10406 0
451 1
2218 1
18603 0
18604 2
10413 0
2224 3
18609 0
2227 2
10422 2
18615 1
10426 1
2236 2
2238 2
2239 2
10432 2
2243 2
11417 2
18632 2
2251 2
18637 1
2254 2
14029 2
2256 0
376 2
2258 2
2261 1
2264 2
18649 0
18651 1
2268 2
378 3
18654 0
10464 1
2273 1
10467 2
2276 0
18661 1
2278 2
18663 3
2280 1
2281 2
2283 2
18130 1
18670 1
15079 3
3895 0
18675 0
18676 2
18677 0
18679 3
10488 2
10489 0
8635 2
17855 2
622 0
18686 1
12079 3
10498 2
10499 3
1750 1
10502 2
2311 0
10505 2
10507 2
10509 0
10510 0
2320 0
18706 2
2323 0
2324 2
10517 1
2327 1
18714 1
10523 2
2333 2
18718 1
10527 3
10528 3
10530 1
18723 1
18724 0
10533 2
18627 0
10535 2
10537 2
18733 2
10542 2
10543 2
2353 1
2355 2
2356 2
18142 1
18082 0
18746 2
10555 0
2364 2
5807 1
10558 0
10559 2
2368 1
2371 2
10564 2
15414 3
2374 3
18759 1
18760 3
16780 0
10652 1
10573 1
2382 0
10575 1
2385 2
18771 2
10580 0
2389 2
2391 0
2392 2
18777 3
10586 0
2399 1
2400 2
400 0
10594 2
10595 2
18788 1
18790 0
10599 0
18792 2
7228 1
2410 2
10603 1
2412 0
2413 2
15778 0
10607 1
10609 0
12691 0
10612 2
2421 1
18807 2
2424 3
2426 1
2427 2
7173 1
18815 2
10624 0
2434 2
18819 0
17539 3
18821 2
10632 1
18156 1
9083 1
15426 1
4173 2
18833 0
8145 1
2451 2
2452 2
2453 0
18358 3
9629 1
7236 2
10650 2
5871 3
2460 0
15429 2
10660 2
18853 2
2470 2
2471 3
2472 2
16796 3
2475 1
10448 3
18861 2
2478 3
10672 2
10674 1
18869 0
10678 2
2491 0
7242 0
10686 0
10688 0
10689 3
2498 2
2501 1
8609 2
10696 2
10698 2
10700 2
10702 2
2512 0
10709 2
10712 2
8612 0
10714 1
10716 1
2525 1
11268 2
2527 1
2528 0
2529 0
10722 2
2531 1
10724 0
16807 1
3154 3
4449 2
2544 0
12712 3
2546 2
5886 2
10743 1
6086 3
10745 0
10746 0
2555 1
2556 1
2558 1
11349 0
16452 1
2563 2
10756 3
2566 3
10761 0
429 3
10769 0
10771 1
10772 3
16814 2
2582 2
10777 1
10779 3
10780 0
4215 0
10783 3
10784 0
2593 2
2595 2
10788 1
10789 2
5542 2
10793 0
10796 2
10798 0
16384 0
10800 0
2609 0
2613 1
10001 0
2615 2
10809 1
12635 0
10811 2
10812 1
10813 0
2622 1
2624 2
2626 0
2627 2
14272 0
12726 0
2630 1
10825 0
10827 0
10830 1
10831 2
2640 2
4536 0
2642 0
2643 1
10841 3
2650 1
14095 2
2655 2
10849 0
10851 1
10852 2
10853 2
10855 1
10856 2
12732 1
18194 3
2670 1
2672 2
2673 1
10868 0
16830 1
10873 0
10877 0
10005 3
10880 2
10881 2
10882 0
11371 2
2692 0
2633 2
10887 2
10890 3
10893 1
2703 0
1181 3
10897 3
8643 1
10901 2
10903 2
3073 1
10905 2
10906 2
2715 2
2716 1
10911 2
10913 3
1819 0
2724 1
10917 1
10919 0
2729 1
2730 1
2731 3
18640 1
2735 1
2738 3
2741 2
2742 2
2745 0
1823 2
18095 0
10942 0
2751 0
2752 0
10945 2
14549 2
12747 2
2756 2
2757 0
2758 2
2762 2
3191 2
2764 3
2769 0
16459 2
2772 2
4559 3
15641 0
10973 2
10974 3
2783 3
2784 0
464 2
3366 0
2788 0
2790 1
2791 2
18642 2
2793 0
2794 3
466 3
2798 0
10991 1
16460 2
2801 2
2803 2
10998 0
2807 3
15487 3
11004 2
10026 2
16853 0
1835 1
11012 2
11016 0
10028 1
2826 2
18221 2
8664 1
2835 2
10460 1
1838 2
8665 2
2840 0
11034 2
3183 2
2844 0
2845 1
11038 2
3205 1
11041 2
2851 1
11045 2
2854 1
1841 2
2856 2
476 2
15323 2
11051 3
11053 2
11055 2
11056 0
2865 3
11058 2
11059 0
2868 1
11825 2
2873 0
2874 0
3143 2
10037 2
11073 1
2882 2
2883 0
2884 0
7461 1
11078 2
12769 2
11080 2
2891 2
2892 2
2893 0
16736 0
11091 3
15645 3
2901 0
11094 1
1849 0
11096 2
11097 1
5202 3
2909 1
2910 1
2914 1
5947 0
11109 2
11112 1
2922 1
11116 0
3129 3
2928 1
2929 0
2930 0
14843 3
11124 2
2936 0
2938 2
11132 2
11133 0
2942 2
11136 2
2946 2
11142 1
14145 2
11144 1
2953 2
11146 3
17356 2
11149 0
2960 0
2962 0
2963 3
2967 2
1860 2
8687 2
11164 0
2975 1
15102 1
2979 2
11173 1
11177 0
2988 0
11181 1
11182 2
2991 2
2992 2
10738 2
11187 0
18704 1
2997 1
13466 1
10440 2
3000 2
3001 2
11194 2
15519 1
18250 2
3006 0
11200 1
18251 2
3013 1
3014 0
10822 1
11208 1
11212 0
17013 2
3025 1
11218 1
11220 1
11221 2
3030 1
505 3
11225 0
3034 2
10818 0
11230 2
3237 1
3040 2
3042 2
3043 3
11236 1
3238 2
11239 2
11240 3
3049 2
12797 1
3058 1
11254 2
11433 2
11258 3
11259 2
3070 2
512 1
3074 1
3243 1
3076 2
3079 2
11272 2
11273 3
11276 1
3086 0
7341 0
3095 0
2530 0
12651 0
3101 0
11295 2
3104 0
3105 1
11300 2
3110 2
11305 2
11307 2
4423 2
11309 0
3118 0
3122 3
11315 0
11316 0
13987 2
5285 2
11444 2
11327 2
16824 0
4196 3
11330 1
3140 1
3141 2
11334 2
11335 2
11336 2
16908 1
11338 2
8477 0
11343 2
11344 2
11345 1
11346 2
10083 2
16910 1
11351 0
16472 1
10084 1
11354 2
11356 2
3165 1
3170 3
11363 2
11364 1
18278 1
4434 1
8721 2
11368 0
3177 3
3179 2
3181 3
3182 3
15549 1
1979 1
11379 3
6380 0
11382 2
10089 2
3194 2
11388 1
3197 0
533 0
11392 0
11393 2
11397 2
11398 2
3265 0
1900 2
16919 1
3215 2
3216 2
11409 1
11411 2
3222 1
4633 2
3224 3
3225 2
3226 2
5999 2
3229 1
896 0
3231 1
3232 0
11425 2
11426 3
3235 1
11429 0
11430 0
3239 0
3240 2
3241 1
3242 3
7367 2
16291 2
4637 1
11440 0
3250 2
3252 3
3253 1
381 0
11450 2
543 2
11452 2
3261 1
3263 2
11457 2
11458 2
11467 1
3268 2
11461 1
3270 1
16929 2
3272 0
11465 3
9929 2
8875 2
11468 0
11469 2
3280 2
3281 3
3282 0
3286 1
10475 1
3288 2
3290 3
11484 1
3295 0
3296 0
3299 0
550 1
3302 2
3305 1
3306 0
17568 0
11502 2
11504 3
3313 2
3314 3
3315 2
11508 2
16993 2
1747 0
17589 0
3320 2
11514 2
11515 0
11516 1
12842 2
11520 0
11521 1
12843 1
3333 1
17971 2
15114 2
111 3
11532 2
14210 2
8749 2
11540 2
558 1
3350 2
1070 1
3354 2
9659 1
2750 1
18309 1
3361 0
11554 1
1270 0
11558 3
17262 0
1927 3
11565 1
3375 2
3376 2
3377 2
11570 3
3380 1
11574 2
11575 0
11577 1
3386 3
3387 1
12853 2
11584 3
11586 0
11587 2
4662 0
3400 0
1477 1
3406 1
3407 0
3409 0
3410 2
11604 1
3413 2
3414 0
3415 1
3416 0
3419 2
3422 1
3301 2
3424 3
3425 2
11619 1
11620 1
11622 0
3431 1
9079 1
3433 3
9116 1
3435 3
11629 0
3440 1
11633 0
3445 1
11640 2
933 1
17300 1
3451 1
11644 1
3453 2
11649 2
3459 0
3460 2
3461 0
3463 2
11656 2
3465 1
11658 0
11660 1
12866 2
3470 1
11666 2
579 0
3476 2
3479 2
3480 2
11674 0
18330 0
11678 0
6453 3
3935 0
3491 2
3492 0
12870 1
11686 0
3495 2
11690 0
3499 0
3500 2
15602 2
11694 1
3503 2
3504 2
15603 1
315 1
11701 2
3512 1
11707 2
11708 0
17575 1
11712 2
11716 1
3525 0
3527 2
588 1
18121 1
11724 2
11731 2
11732 0
11736 1
11738 1
11742 0
16485 0
11744 2
17849 2
3323 2
3557 2
8785 0
1933 2
10171 0
3564 3
14576 0
3568 0
7716 0
3572 1
11767 1
11771 1
11773 2
14031 0
3583 2
3584 1
3585 2
11779 0
3589 1
7425 3
3595 0
11789 2
9667 3
3601 3
14850 2
11795 3
13759 0
11798 2
601 1
11800 2
10213 2
11806 2
11808 1
14256 1
1757 1
3619 2
3621 2
11815 1
11817 0
3627 0
3394 2
3630 2
11823 1
3633 1
3634 3
606 0
3638 2
11831 1
11833 1
11838 2
11839 3
11840 0
11841 2
11843 2
11844 2
11845 2
3655 1
11848 2
11849 0
3658 2
11851 1
3660 3
3661 2
11855 0
11856 3
11857 0
3666 0
611 1
11860 1
16699 0
3670 0
3671 2
11864 2
6080 1
3675 1
3676 2
8805 2
11852 1
11873 1
11874 1
3683 1
3685 2
11878 1
11879 2
3688 1
11881 1
17308 2
11884 2
3694 1
11887 2
3696 0
4712 2
3701 2
3702 2
12905 3
11896 1
3348 2
3706 2
18367 0
12906 2
11902 2
9398 1
3713 2
8811 1
3717 2
11911 0
11035 0
11913 1
11915 0
18512 3
3727 2
3730 2
3731 1
11924 3
3733 0
3734 2
11927 0
1988 2
3740 0
3741 2
17008 2
18401 1
11941 2
3750 1
3751 1
3752 3
3357 1
6089 3
11963 2
3775 2
11968 1
3778 0
11553 2
11976 0
8855 1
3791 2
4728 2
4649 3
11989 0
3798 2
12921 2
3800 2
3801 3
3805 2
15653 0
4717 0
3811 2
3813 0
3814 1
12011 3
2002 0
3822 3
12925 1
15191 2
2004 0
12029 0
3840 0
4736 2
13273 1
12037 2
12929 0
12041 1
8809 0
12930 2
17538 1
6104 2
3858 0
8835 1
5745 2
12053 1
3862 2
2009 0
12057 1
12058 2
11567 0
16938 0
12066 0
3876 2
12069 1
3879 2
3880 0
12074 2
12076 2
12077 2
3887 2
3892 2
14302 2
8841 2
12088 3
12091 2
3901 0
12094 2
12097 1
12100 2
12103 3
3912 1
12106 2
12109 2
12110 2
6115 3
12119 3
3928 2
15619 0
2313 1
15674 2
12126 2
12127 2
3936 1
4752 1
11579 2
12132 0
3950 0
657 3
12136 2
12138 1
12141 1
12142 2
3953 1
3958 2
12153 1
12154 0
7487 1
7802 0
12157 3
12158 2
12164 0
12170 2
1769 2
12173 0
12174 3
12175 2
3984 1
3985 2
12178 0
12180 1
12181 1
12183 2
12184 2
12187 2
13772 2
12189 0
12190 0
3999 0
6128 2
4002 1
4763 2
4006 2
6129 2
12202 2
4011 2
4013 2
12206 1
7496 0
12211 2
4020 1
12958 0
16939 1
4024 1
10228 0
17055 2
4029 2
18421 3
4768 2
12230 1
4039 2
14327 2
12240 1
12243 2
1226 1
4058 2
11599 1
12252 2
12255 1
4064 3
12257 0
4066 1
12259 2
12262 2
12265 1
12266 2
12268 2
12269 3
12270 2
4079 0
12272 2
4081 1
15699 1
12278 1
4087 0
4092 0
12285 0
12291 3
12292 2
12293 3
4102 3
4103 2
4107 2
12300 2
12304 0
7512 0
12306 2
4119 2
12312 0
12313 2
12314 2
687 1
4124 2
15413 2
12318 0
12319 2
4132 0
6957 1
12327 2
4138 3
12331 2
4140 0
12333 1
8594 1
4143 0
13230 2
4146 0
4148 1
12342 2
12344 2
11615 1
12348 1
17077 3
12353 0
1937 1
14347 2
4164 0
11617 1
12360 1
15958 3
7522 2
12366 2
2061 3
12372 0
14467 1
12375 1
4184 2
12377 2
4187 3
12380 0
15717 0
12987 1
12388 2
12389 2
12390 2
12392 1
12394 0
4203 1
4204 0
4205 2
4206 3
12989 2
18451 0
15721 2
12408 0
12409 0
12411 2
4221 2
12414 2
10261 2
4225 2
4226 0
4227 2
12424 2
15724 0
12426 0
12427 2
8789 2
8898 1
14321 2
12435 2
4245 2
4249 1
11871 2
4256 2
12449 2
4259 2
4262 2
15729 1
4265 3
12459 1
12461 2
4270 0
14365 3
4273 0
12466 1
4277 2
12470 2
713 0
4281 0
4282 0
14367 1
12476 2
17098 2
12478 0
12145 1
12481 0
4291 0
12486 2
12487 0
4298 0
12492 2
4301 1
4302 1
717 0
12496 1
15736 1
17541 1
6690 1
8910 2
4310 0
12503 0
12504 0
4318 2
4319 0
4320 2
4321 3
5483 1
4323 2
12516 3
14374 0
4326 0
12521 2
4335 2
4336 0
4338 1
4340 0
4341 1
4342 2
4344 3
4345 2
12539 2
4352 3
4353 2
4354 2
4355 2
12548 0
12551 2
6419 2
12554 3
8919 2
4366 3
4367 3
4369 2
4370 1
12563 2
4372 2
6412 2
4374 2
12567 1
15748 2
9693 1
12571 1
4380 2
12573 0
4383 2
18695 0
4385 1
12578 0
4827 1
12580 2
4389 2
4021 1
2097 3
4396 0
12590 3
12591 1
18483 2
4404 0
4405 2
12601 0
4411 3
12606 1
2387 2
12611 2
10294 1
12615 2
4425 2
4426 0
4427 1
4428 1
12622 1
15757 2
14392 2
12626 2
4435 1
4436 2
7566 2
12630 2
12632 1
13028 0
4442 2
15759 3
12638 2
17125 2
12641 0
8331 2
12643 1
887 2
7569 2
4457 2
4458 2
743 0
12652 2
4461 0
4462 2
14397 0
12657 2
12660 2
12662 1
4471 1
4477 0
12671 0
12672 3
4483 0
4484 1
4485 2
6209 2
10515 0
4491 1
10306 1
12686 2
4497 0
4498 2
4499 0
12692 2
4501 0
4504 2
10308 0
12698 2
17135 2
12702 2
4511 1
16517 1
12705 2
4516 0
10310 1
10516 3
12711 2
4520 0
4521 1
12714 1
4523 2
4524 1
12717 1
4526 2
18427 3
4528 2
4529 2
17336 2
4532 1
4533 0
4534 1
12727 1
12728 2
4537 2
12730 1
4539 1
4540 1
12733 1
4542 1
13045 1
12737 1
12739 2
4549 0
17143 1
4557 1
6221 1
17144 3
11487 0
2126 0
4566 2
4568 0
4570 1
4571 0
4572 0
12765 2
4574 3
12767 3
4577 2
12770 1
12771 1
4580 1
4581 1
12775 0
4584 0
8956 2
12780 1
4593 2
12786 0
4595 1
12788 2
13054 1
12790 0
4601 1
12795 0
4605 2
1975 1
4608 0
4609 1
4610 1
16351 3
4617 2
12810 0
6231 2
4620 0
12813 2
3501 1
12429 0
4626 2
4629 0
4630 0
849 2
12824 3
4868 0
12826 2
4636 0
427 2
1791 3
12832 1
4641 2
4642 0
4643 1
12836 3
4645 0
12839 0
2140 0
4650 2
4651 0
4653 0
4654 1
16725 1
4656 1
15252 1
4658 2
11699 1
12852 2
6238 0
12854 0
12856 2
4665 2
12861 2
12862 2
3509 2
4672 2
12865 2
4674 1
17955 2
7606 0
4678 1
14433 2
12872 2
4683 0
9742 1
4687 0
4688 1
12884 1
15801 0
2377 0
4698 2
11106 1
17168 2
12898 1
4707 2
4708 1
4709 1
4711 1
12904 2
4713 0
4714 1
4715 0
12908 0
17170 3
12910 2
4719 0
4721 2
4722 0
4723 0
12916 1
4726 1
12919 1
12920 1
4729 2
5613 1
4732 0
4733 2
4735 3
12928 1
3520 2
4738 0
12931 0
12932 1
4741 1
12934 0
4745 1
4887 1
4748 1
12942 2
12943 2
12944 2
8506 1
12946 1
17726 2
8069 2
12953 2
4762 0
18543 0
4764 0
4766 1
4767 1
12960 2
12961 2
12963 1
12964 2
6251 2
4777 1
15815 1
12972 2
4784 1
12977 2
12981 1
4790 1
4792 2
10356 1
12986 2
4795 3
12988 1
7626 2
4798 0
4799 1
17184 1
4803 3
4807 1
10190 0
4811 3
13004 2
4813 1
4814 2
4815 2
4816 1
4817 2
13010 0
13012 1
4822 0
4824 2
4825 2
4826 1
13019 2
6266 2
13022 3
4831 1
13024 2
4833 3
13026 1
4835 1
4836 0
13029 3
13030 2
4839 0
4840 0
4842 1
4843 2
4844 1
7634 2
13040 2
13041 2
13042 2
13043 2
18558 0
4854 0
13047 0
13051 2
13053 0
4862 1
4863 1
4864 3
4865 1
4866 0
13060 0
4870 0
4872 2
4873 3
4874 2
4875 0
4877 2
4878 0
13074 0
10371 2
13076 3
13077 2
13078 0
13079 0
18564 0
13083 2
4892 0
3033 0
14217 2
4897 2
13090 2
4904 0
4905 2
9165 3
2183 2
4909 0
4910 0
13106 2
13107 0
4916 2
13110 1
2185 2
13108 0
13114 2
16454 3
3797 2
4927 2
4929 0
13122 1
4931 2
4932 0
13125 1
15841 2
4936 0
12985 0
17207 3
4942 0
13135 2
4944 0
4948 2
18574 2
4950 2
13143 0
13148 2
13150 3
13153 2
9019 1
13156 0
13157 2
13160 1
13163 0
4974 0
13168 2
13169 1
2195 1
4980 1
10235 2
13175 2
4986 2
7658 0
4991 1
4993 2
13188 0
4997 2
4998 3
4999 1
13192 2
13193 2
13195 0
13196 0
4930 2
13202 1
5012 0
13208 2
13209 2
5018 1
5021 2
13214 1
13215 3
7664 3
5026 2
683 3
13220 2
5030 2
5031 3
13226 0
4935 0
13229 2
2315 2
13233 1
5044 2
13237 1
5047 0
5049 3
5051 3
13244 2
13245 2
5054 1
13247 2
13248 1
5057 3
13250 2
5061 3
2209 0
5064 2
13257 2
13259 2
2210 2
17229 3
5072 3
13266 1
9363 1
13270 3
13271 1
13272 0
5081 0
5082 2
13276 2
5085 1
13278 2
6309 0
13136 2
13282 2
5091 2
13285 2
715 2
5095 2
13288 2
13290 1
5100 2
5101 3
13295 1
13296 1
13297 0
851 0
5108 1
5109 1
13302 1
13303 2
5113 2
5115 1
13310 1
13312 2
13313 2
5122 2
5123 2
13316 0
13142 1
8038 1
10412 2
5130 1
17239 1
5132 2
5133 3
13329 2
5138 0
13331 2
17001 0
13334 0
9049 2
13336 0
14511 0
13340 2
5873 1
18175 1
3172 2
5156 0
13349 0
13350 0
13351 2
860 3
5162 2
13355 2
13356 2
5167 1
13360 2
5171 1
4958 2
13366 0
12191 0
5179 0
12364 3
5182 0
13376 3
13377 0
5186 0
13379 0
5188 1
13381 0
5191 2
5194 2
6058 0
5197 3
13390 2
10291 1
5435 0
13394 0
13395 2
13397 0
5206 1
5208 1
5210 3
5211 2
13405 2
5214 2
13410 1
5219 1
13413 2
13414 2
13415 0
10428 0
13418 1
13419 1
13420 3
5231 2
13427 2
5241 2
5244 0
13439 1
5248 0
5249 2
13442 2
5253 3
5255 0
13453 1
5264 3
5265 2
13458 0
10435 2
13460 0
5269 0
5272 0
5273 0
15638 2
879 2
5277 0
5279 1
880 0
6177 1
13481 2
13482 3
12724 1
2657 0
5293 2
5297 0
5301 0
5632 1
13497 1
5306 1
13499 1
13501 1
13503 2
3616 3
5314 1
13510 3
13511 2
13512 1
5321 3
5322 2
5323 2
13520 2
5329 0
5331 3
889 0
5336 1
5337 1
5339 1
13532 0
15909 0
5345 2
5347 2
13542 0
892 2
13547 2
13549 2
18436 2
13551 2
13552 2
5362 2
13559 2
13563 2
5373 1
5374 1
13567 3
5376 2
9088 3
5378 2
13572 2
5381 2
11820 3
13578 2
13580 2
5389 2
13586 0
13588 2
11822 0
10457 1
5401 2
2342 2
5405 2
5408 1
13602 2
13603 0
13605 2
13607 2
13608 2
6364 1
903 0
11826 2
2269 0
5424 0
904 1
14638 1
13621 2
5430 0
5001 2
13624 1
14911 0
13626 3
13627 2
13628 1
5437 2
13630 0
13631 2
5440 0
5441 2
5443 2
5444 2
13638 2
13640 1
15041 2
14562 1
13647 2
10820 3
2275 2
5460 2
910 1
5463 1
13660 3
5469 1
15803 0
13668 3
5478 0
13672 2
5481 0
1673 2
9457 2
13676 0
5485 0
17095 0
13679 2
13680 0
13681 3
5490 1
4510 1
5495 3
5496 2
5497 2
5498 2
5503 1
13696 2
13697 2
13698 1
5507 0
13700 0
13702 2
5511 0
5513 2
5515 1
13708 3
13710 2
13711 2
5524 2
13718 2
9113 0
17642 1
13722 3
13723 2
13726 2
3653 2
13729 1
5538 0
5539 1
13732 2
13734 1
13735 2
13737 2
17097 2
7751 2
5548 2
13741 2
13742 2
5553 2
18840 2
10483 0
13751 1
5561 2
13754 2
5564 1
13757 0
13758 0
5567 2
5568 3
13762 1
5571 1
13765 0
731 0
5576 1
13769 0
5578 3
5579 2
5580 1
5581 2
11853 1
5586 0
5587 1
5588 3
5590 3
13783 2
13785 3
13788 3
18682 1
13790 1
13791 2
16700 2
5601 1
5603 0
17318 2
5606 0
5608 1
5609 2
9127 2
15995 2
5618 0
5619 1
14590 1
5623 0
13818 3
6399 0
5628 1
5630 2
13824 0
3979 1
5636 0
5637 1
5641 0
13834 2
13836 2
2306 1
5037 2
13841 0
5650 0
583 1
5652 0
13845 1
13846 2
17059 0
13852 2
2309 2
5666 0
5668 2
18465 1
5670 1
13864 2
13867 2
13871 1
5680 1
13873 2
13878 1
13879 2
5691 2
13884 2
5698 2
5699 0
13893 1
5702 0
13897 0
1405 2
13900 0
3682 2
952 1
638 0
13909 2
13910 3
13911 2
13912 1
15972 0
9465 1
13916 2
13919 3
18467 0
1009 1
5732 0
15974 1
13927 1
13928 1
17341 0
11880 1
17922 0
5747 0
13246 2
5751 2
18708 2
12718 1
5758 2
5759 2
13952 1
5761 1
13954 1
13249 3
5771 1
7567 2
13965 0
5776 2
5777 2
13970 0
5780 1
8103 2
13974 1
13978 2
5787 0
10522 1
13985 0
5794 1
18715 3
13990 0
13993 2
5063 2
13997 0
10525 0
14000 2
13256 1
5810 0
5811 2
5812 0
14009 2
5821 2
11893 2
4785 0
5828 0
5832 0
9164 0
5837 0
5838 2
5839 2
5841 1
14034 0
14036 1
5845 0
3705 0
5850 2
5851 3
14045 0
14046 0
18725 1
5857 1
5858 2
5859 2
5860 2
14053 2
5863 2
5864 0
14631 2
5869 2
3709 2
14064 0
14065 0
14067 0
3710 0
5879 2
14073 0
14077 3
14078 1
17654 3
14084 1
5894 0
5895 2
5901 1
5903 2
5904 2
14098 2
5907 2
5908 1
18734 2
14103 1
5913 1
11005 1
14107 0
5916 1
5917 3
5921 1
5922 0
5925 2
5926 0
14119 1
14121 3
5930 2
14123 1
5505 0
14126 2
14127 2
14128 2
14130 1
18739 0
9182 0
5943 0
5945 2
14138 1
14139 1
14142 3
2681 0
17376 0
5090 3
5967 3
18475 0
13283 2
14988 1
5978 0
14171 0
2362 2
5982 2
5985 2
5988 0
5989 2
18203 2
10556 0
14186 2
14189 0
14190 2
14191 2
14192 2
14194 2
6003 1
14197 3
14198 3
14199 1
14201 0
2367 0
6012 0
6013 2
6015 0
14208 0
6018 1
6019 1
14212 2
6021 2
6022 2
6024 2
13292 0
6026 2
14219 0
14042 2
14221 0
14222 0
13293 1
14224 1
14227 1
6039 2
18756 2
14234 0
17391 0
6044 3
6045 1
14238 1
6047 2
14242 0
6053 1
14247 0
6057 2
14250 2
10567 1
14254 2
12654 0
6064 2
2376 3
14258 2
6067 2
6068 2
14261 0
10569 3
14264 2
14265 2
6074 1
12534 0
14268 2
13023 2
13301 2
10568 1
14276 2
17115 2
14280 0
14281 2
7460 2
17388 2
6094 2
14287 1
6098 0
3747 1
14292 0
14293 0
14294 0
9209 1
14296 2
16036 1
6107 2
6108 2
6110 0
14304 0
13307 1
6118 1
18769 0
14313 2
18664 0
6124 0
14317 0
14320 2
11944 2
14322 2
14323 2
6132 2
6134 1
6135 2
6136 2
2388 2
14330 0
6140 2
14335 2
6144 1
10461 2
6151 2
6152 3
14345 3
6154 2
10583 2
6156 0
6158 2
14351 3
14352 2
6488 2
9219 1
6164 2
14358 0
14360 1
6169 2
14362 1
14363 1
14364 1
14682 2
6174 2
6175 1
6176 1
14369 2
14373 1
6182 0
6183 2
6185 2
18755 3
6187 2
14380 0
16050 3
14384 0
14385 1
14387 2
6196 2
14389 2
6200 1
6201 2
6203 2
6204 2
6205 2
6206 2
6207 2
14401 0
14403 0
14405 1
14408 2
14409 2
14410 2
14412 2
14413 2
14414 2
14420 2
9230 0
1844 2
6232 2
14425 2
6235 2
7866 2
14430 3
14431 1
9232 2
6243 0
14438 0
5137 1
3704 1
18791 1
14444 2
7869 2
6256 2
6861 0
4300 0
4446 3
4573 1
17121 2
18794 0
6270 2
14463 1
6272 3
18795 0
6277 2
14477 0
6286 3
1048 3
14482 2
7875 1
14488 3
14489 1
14490 2
6304 1
14498 2
6307 1
14501 0
14503 2
14504 2
14505 2
2606 3
6315 0
6316 2
14510 2
642 1
14512 1
14515 3
5150 0
3667 2
6329 0
6330 2
6331 2
6332 2
6333 1
10613 1
14529 0
6340 2
14533 2
14535 1
14537 0
14538 2
6348 3
6349 2
14544 2
14545 3
14546 0
14547 3
6357 2
6359 2
6360 3
6363 2
14556 2
6213 2
6367 2
6368 2
14561 3
6370 2
14565 1
14566 3
11985 0
6379 1
14572 0
16082 2
6383 1
6384 0
6385 2
6386 1
6389 1
6390 2
13353 0
1031 3
6393 2
14586 2
6398 3
7893 2
6400 2
14596 1
14597 1
6407 2
6410 3
7895 1
14604 2
6413 1
6414 2
6416 3
6418 0
14611 1
14612 0
16035 3
6423 3
6424 0
2436 0
6426 1
1071 1
6429 1
6430 0
6431 1
14625 2
10307 0
14627 2
6436 1
6439 2
14632 2
14633 0
6443 2
6445 1
6446 2
16528 1
18824 3
14642 2
6451 2
14644 1
14645 1
6454 0
14647 2
6456 1
14649 2
14650 1
14651 2
13300 2
6464 0
6465 0
6466 2
6467 2
9270 2
14662 2
6473 2
14666 2
6475 0
6479 0
6480 2
14675 2
10036 2
14680 2
6490 0
5335 1
16583 2
14690 2
6499 2
6500 3
12006 0
6503 2
9491 0
6506 2
18493 2
17469 0
6513 0
6514 1
18835 0
13374 2
18265 1
6521 0
6522 2
6527 1
15493 2
14724 2
5185 0
14728 3
14730 1
2455 2
4855 2
14737 2
9287 0
5187 0
14753 2
6562 0
14755 1
17131 1
14761 1
17479 0
17404 1
6575 2
6576 2
6577 1
11403 2
862 0
14777 2
14779 2
6588 1
14781 0
14782 2
6592 3
6593 2
15374 0
14787 0
14789 2
14791 2
1187 2
17484 0
6603 1
6604 2
14797 1
14798 2
10040 3
6608 2
6610 3
14804 2
14805 2
14808 2
6617 2
14811 2
12734 0
6621 2
6624 2
14819 2
14821 2
18497 0
6631 2
6632 2
14825 2
14759 3
14829 2
14830 2
6639 2
6641 0
14133 2
6647 2
16861 1
7935 2
14845 0
17493 0
6657 1
6658 1
14851 2
14852 1
6662 2
7937 0
14860 2
6671 3
14864 2
9304 2
16131 1
1671 1
14869 1
14870 3
6679 2
14873 2
14874 2
6683 2
14876 2
14877 2
14878 2
6687 2
6689 2
14882 2
6692 2
6695 3
17500 2
14890 0
6699 1
8952 2
14894 2
6703 1
347 3
14899 1
6708 1
6709 0
6710 1
14903 2
6712 2
5508 2
6715 2
14908 1
14909 1
12764 0
14773 0
14913 2
14914 2
6723 1
14916 0
6725 0
14920 0
7589 0
6732 2
6733 0
14928 2
6737 1
17339 1
6740 1
14934 2
14937 3
6747 2
6748 2
6750 2
6751 0
6753 0
6754 0
11662 2
6759 2
14952 1
6761 0
14137 2
6767 2
6768 0
6769 0
14963 3
6772 1
14965 0
14966 0
9418 1
14970 0
14971 0
14972 2
5226 1
6782 1
14975 1
6787 0
6788 1
14983 2
14986 0
14987 3
6796 0
14989 0
14990 2
7897 2
14993 0
6803 1
14996 2
6806 0
6701 1
6809 0
6810 1
15004 2
11138 2
15009 2
2944 2
6819 3
1137 0
10320 1
15017 1
2503 0
6828 1
17522 0
15022 2
6834 0
6836 1
6837 1
14793 1
15034 2
15035 3
6845 0
4519 0
6849 0
6850 1
6851 1
6853 0
6855 1
6856 1
6857 1
15051 2
6860 1
15053 2
6862 3
6605 0
9336 2
6867 1
15060 3
6869 1
18505 2
6871 0
6874 1
15067 2
15068 2
15069 2
15070 2
7594 3
6880 1
6881 2
15074 0
15075 2
6886 2
6887 1
15080 2
16167 0
6892 2
15085 2
3230 1
15087 2
6896 1
6898 1
15093 3
15094 2
6905 1
15099 1
6910 2
6912 2
15105 1
1594 1
15109 1
15111 3
15112 1
6922 1
6923 0
6925 0
15118 1
15119 0
6928 1
2520 2
6930 1
1155 0
15124 3
6933 3
10713 2
15128 0
15129 1
6939 2
6941 0
15134 1
15135 2
10324 1
15137 3
6946 2
6619 2
15140 0
15141 1
14030 2
15144 0
15145 0
15149 0
5672 3
15151 3
17544 2
15155 0
6965 2
17545 1
15160 1
6969 0
15162 1
6974 0
3893 0
6976 2
15174 2
6983 0
6984 1
17548 1
6986 2
15179 2
9982 1
6989 1
17549 1
6994 1
6995 2
15188 0
1166 2
6998 2
13872 1
15192 0
15194 2
7004 2
15197 2
7006 2
3468 0
7008 2
7009 2
15205 0
13457 0
15209 1
7018 1
15212 3
17554 2
7022 3
7023 1
7025 2
15219 0
15220 2
7029 0
15223 0
15225 1
15226 2
7999 2
7037 1
15230 2
7039 1
7040 0
15233 2
7042 0
7043 2
7044 3
17558 1
15238 0
15240 0
15241 2
7052 1
15245 2
7054 1
7056 2
15250 3
7060 0
15253 2
7062 0
235 3
16196 1
15260 2
15261 2
13056 0
15264 2
15265 1
15266 1
15268 0
15270 0
7080 0
7085 0
7086 0
7087 1
15280 1
15282 2
15284 1
4848 1
16201 1
15288 3
15289 3
15290 2
509 3
7102 2
15296 2
7105 1
17396 2
7109 0
7110 2
15304 2
15305 2
7116 1
15310 1
10031 2
7120 2
7123 2
15316 1
7125 0
4101 3
15319 0
15321 1
7130 0
7131 0
7132 0
7133 2
13477 2
7136 0
7138 0
7139 0
15333 2
15334 1
7143 0
7145 2
15339 3
5148 2
6653 1
9384 3
7155 2
15349 1
15350 0
15355 2
15356 1
17578 2
7166 3
15365 1
14849 2
7179 3
15373 3
9448 0
15375 1
15376 3
15378 0
10755 0
15381 2
15384 0
1286 2
17152 1
15393 2
7205 1
7206 2
13489 0
15401 0
15402 2
7214 2
5423 0
7218 3
7221 0
7222 0
15417 2
7226 0
7227 2
3485 1
7229 0
7230 2
15423 0
15424 0
11128 2
11152 2
7235 2
15428 2
13494 3
5340 2
7243 2
7244 0
7246 2
15440 1
15443 0
15445 2
7255 2
7256 2
3515 1
7264 2
15457 2
5307 0
15461 0
7271 1
15038 2
15471 1
15473 0
7282 2
15475 0
15477 2
8041 0
7288 0
15486 2
10773 1
15488 3
15490 1
15491 1
7300 2
10774 1
16671 1
15496 0
10305 2
7306 2
15499 2
15503 2
15504 0
15505 0
15506 1
15509 1
15510 2
15514 0
15515 0
15518 0
1221 2
15522 1
7332 2
5318 0
4063 2
8049 0
7336 0
17975 2
15531 0
15532 3
16884 1
7141 0
15537 0
15539 0
10883 2
15543 1
15544 1
7337 0
13514 2
15552 1
15248 1
13515 1
15559 3
15560 0
15562 0
7372 2
15565 1
7374 3
7065 3
15572 1
15574 0
14884 2
15578 0
7388 2
7389 2
15582 0
7391 1
16525 0
7394 2
16251 2
15588 1
15589 2
15590 1
15594 3
14887 0
7405 2
17687 1
7407 2
15600 2
7409 1
7410 2
13523 1
17432 2
15244 0
9428 2
7421 0
15614 0
1237 2
15616 0
15617 2
4632 2
15620 1
15627 1
15628 3
15629 1
2157 0
7440 2
7441 0
15634 0
7444 0
6702 1
7446 2
7447 2
7449 2
7450 2
7452 2
7453 1
15647 1
15649 3
7459 2
7844 0
14616 0
15654 2
15657 2
15658 2
15660 0
12251 2
9437 0
15667 2
14979 3
15669 1
15670 3
15672 1
7481 1
8978 1
15675 2
15676 0
3978 2
15679 0
7488 2
7489 2
7491 2
15684 0
14902 2
5669 1
15688 0
10807 0
1741 3
17634 1
17435 3
14904 2
7506 2
9443 2
16344 2
15701 0
7510 0
7511 0
15704 0
15706 1
15707 1
7516 2
15710 3
15711 2
15713 2
15714 1
17638 0
15719 1
7529 2
15722 2
15723 0
7532 2
15725 0
15726 1
15728 1
359 3
7538 3
7541 1
7542 2
13545 3
7544 2
7545 1
15738 2
15739 0
15740 1
15741 1
3989 2
15745 2
15746 0
1259 1
7556 0
15749 1
7559 2
7561 2
15755 0
7565 1
15758 2
9453 3
15761 2
15765 2
15767 1
6724 2
7578 1
7579 1
16282 1
15775 0
15776 2
7586 3
16283 0
15780 0
15781 1
15782 1
7591 3
7593 2
15786 0
15788 1
1266 0
15790 0
15792 2
15798 1
5436 3
7608 0
15529 0
7611 1
7612 1
7615 2
8096 2
7618 0
15811 2
15813 0
15814 1
7623 1
14924 1
15818 2
6255 2
15820 1
8098 1
15822 0
15824 2
15825 0
15826 3
15827 3
15829 0
7639 2
7640 3
7641 0
15834 1
2639 0
15837 0
15839 1
7649 2
7651 2
15844 2
15845 2
2641 1
15850 2
7659 1
15852 2
7663 2
15856 0
15858 0
15859 1
9257 0
15863 2
11463 1
7675 0
7676 0
7677 3
15871 1
15872 3
13568 3
7682 2
15877 0
15878 2
9473 1
18491 0
7689 2
7692 2
7693 2
15886 0
7695 2
15889 1
15892 1
7701 0
1415 2
15895 0
15898 2
15900 2
15902 1
17669 2
7714 0
10843 1
15908 1
9478 2
7718 2
7723 2
4076 3
10103 3
7728 2
4019 1
7732 1
7734 2
15927 0
7736 3
7743 2
15936 2
15938 0
7747 2
15940 0
4022 0
12809 1
14945 1
7753 3
10351 2
17989 1
7759 1
16312 2
15954 1
9533 2
7766 1
15959 1
15962 0
15963 2
7772 1
7773 0
7777 1
7778 0
7780 0
2714 0
7783 0
15977 0
15978 3
7787 1
7789 2
7790 1
15983 2
15984 0
2664 0
7795 0
2725 2
15994 2
7803 0
7804 1
7806 1
15999 1
16000 2
13756 2
16002 2
16003 2
12225 2
7819 3
18110 1
16014 2
11990 1
17688 0
6306 1
7828 3
16021 0
2998 0
7831 1
7832 3
16029 0
16030 2
7839 2
16032 1
7841 3
16034 2
17691 2
261 2
16037 1
16041 1
16043 2
7854 2
1309 2
16048 1
16049 1
7858 2
16051 0
16058 0
16059 0
16060 2
16061 1
16063 1
16064 2
13600 1
16066 1
16067 2
16068 2
16069 2
7878 0
9505 2
535 0
16073 1
16076 2
17698 0
7887 0
7888 0
16081 2
7890 2
7891 2
13629 1
16087 2
16088 1
16089 3
7898 0
16091 2
16092 2
7901 0
16096 2
18056 0
7910 3
7911 2
7912 0
7913 1
16108 2
16109 2
16110 2
14458 2
16113 2
16115 2
16117 2
7927 1
16120 1
16121 1
16122 1
16123 1
16125 2
16127 3
7936 2
16129 1
7939 2
16134 0
7945 2
3494 2
7947 2
16143 2
16144 0
16145 0
7955 2
7963 2
16156 2
7966 1
14177 2
7968 0
16161 2
7970 1
8155 1
7974 0
7975 2
16348 2
6791 2
7982 1
7986 2
9523 0
7990 3
16185 1
16186 2
16187 1
16188 3
6794 2
7998 3
16191 1
8000 0
8001 1
8002 2
8004 2
16198 0
13689 0
5727 0
8009 2
16203 0
16204 1
12258 2
8014 2
16207 0
16209 2
8018 3
8020 2
6798 1
16214 2
1337 0
4086 2
5357 1
10895 1
8028 3
5434 3
16357 0
16224 2
8033 3
16226 0
16227 1
16230 0
6801 1
17724 0
16235 1
8044 1
16238 3
17725 0
16241 0
8051 0
16245 1
8054 2
14180 1
16250 2
17727 1
8060 0
4074 1
16255 0
9536 0
16261 1
16263 2
16090 1
16265 1
16266 2
8075 2
8076 2
16269 2
16271 2
16272 0
16276 1
16279 0
9271 0
8090 2
8091 3
16285 0
16288 1
16290 0
10907 1
16292 0
5446 1
16294 3
16295 1
2900 1
16301 1
16305 0
16306 1
16307 0
8117 2
8119 0
14578 1
16316 1
7090 3
16321 0
16325 0
1089 3
6817 1
15001 1
16329 0
8138 3
16331 1
8140 1
8292 2
8143 0
16336 3
16337 2
8146 2
10915 2
8150 0
8151 2
8152 3
8154 3
16347 2
8156 1
16349 1
8159 3
8162 0
16355 1
16356 0
8165 2
8166 2
16361 2
16362 2
8173 0
16366 0
6241 1
16372 1
16373 1
8182 2
16376 2
16379 2
16380 0
9557 1
