0 0
14 0
37 0
40 0
41 0
52 1
56 0
62 2
66 1
68 2
69 1
70 0
74 0
81 0
88 2
97 0
109 3
112 3
113 2
114 0
115 1
117 0
122 3
126 2
128 1
133 2
134 0
139 3
144 2
147 0
148 1
151 1
153 1
162 2
170 0
173 2
178 0
183 2
185 2
187 1
190 3
191 0
197 2
199 1
200 0
201 1
202 2
207 2
212 0
215 1
219 0
220 2
230 0
237 2
240 1
244 3
246 0
249 2
254 0
256 1
257 3
261 2
263 2
266 2
274 2
279 0
280 3
287 2
289 2
292 0
293 0
296 0
297 2
303 2
305 2
307 0
310 2
311 0
313 1
319 2
321 3
324 1
332 2
333 0
334 3
351 0
354 2
358 1
359 3
365 2
366 2
367 0
368 0
374 2
376 2
378 3
379 0
383 0
384 1
385 2
387 0
388 1
389 1
390 1
401 2
405 0
409 0
410 2
420 1
423 2
424 0
426 1
427 2
430 0
438 0
440 1
442 1
444 2
451 1
454 2
456 1
460 0
461 2
462 3
464 2
469 1
470 1
483 2
486 2
488 2
491 0
496 2
500 2
502 2
504 3
505 3
506 1
510 2
515 0
517 0
520 3
523 0
524 2
526 0
528 2
529 2
534 2
536 3
538 0
541 2
545 2
546 1
547 1
548 1
551 1
555 2
558 1
559 0
560 1
562 3
563 2
566 3
572 0
573 1
574 0
575 1
577 1
579 0
583 1
584 2
587 1
588 1
591 1
592 1
594 0
595 1
596 1
605 3
609 2
611 1
617 0
618 1
619 2
620 3
621 2
628 0
629 1
632 0
633 2
634 0
638 0
639 0
641 0
651 0
652 2
653 2
654 0
657 3
664 0
665 1
666 0
667 2
669 2
670 2
674 0
680 0
682 0
688 0
699 3
700 2
701 2
705 0
707 0
708 2
712 2
716 1
725 1
726 2
730 2
731 0
732 1
738 2
742 0
744 2
748 2
749 0
750 2
757 2
760 1
762 1
763 0
767 2
773 2
774 1
775 2
780 2
786 0
787 2
788 2
790 2
794 2
795 2
800 2
801 2
802 1
808 2
820 2
825 2
828 3
832 2
837 0
844 2
852 2
853 0
856 0
861 2
862 0
873 1
874 3
875 2
877 3
879 2
883 1
884 1
888 2
889 0
891 1
892 2
894 2
898 2
903 0
910 1
921 2
930 0
932 3
933 1
938 1
945 3
947 2
952 1
961 1
963 0
969 1
1002 0
1010 1
1021 0
1028 1
1032 1
1035 2
1037 3
1038 0
1040 0
1045 1
1048 3
1050 1
1051 1
1058 2
1063 2
1067 2
1071 1
1077 2
1081 0
1084 0
1085 0
1098 2
1100 0
1107 1
1109 3
1114 1
1115 1
1119 2
1124 2
1127 1
1129 0
1133 2
1138 2
1144 2
1149 0
1150 2
1151 1
1152 0
1154 2
1162 3
1166 2
1168 3
1173 2
1174 2
1175 2
1181 3
1186 0
1187 2
1189 2
1192 2
1195 0
1201 0
1202 1
1204 0
1210 3
1214 3
1217 2
1218 2
1219 0
1221 2
1226 1
1227 0
1235 2
1238 2
1240 0
1250 0
1251 1
1255 0
1258 0
1259 1
1262 2
1266 0
1268 0
1273 2
1274 0
1275 0
1284 1
1287 1
1290 1
1292 2
1294 2
1299 1
1307 0
1308 3
1314 1
1319 0
1320 1
1322 2
1331 1
1338 1
1340 2
1341 2
1343 2
1353 0
1355 1
1365 0
1366 0
1371 0
1372 1
1375 2
1377 2
1381 2
1383 2
1386 3
1389 3
1392 1
1393 2
1408 0
1415 2
1416 3
1422 2
1425 2
1428 0
1437 3
1440 2
1441 1
1442 2
1444 2
1445 2
1446 2
1447 3
1456 0
1458 2
1460 3
1464 2
1466 2
1468 2
1469 2
1470 2
1471 1
1473 1
1482 1
1483 2
1486 0
1488 1
1524 1
1538 2
1542 2
1543 1
1546 0
1548 2
1551 2
1554 2
1559 0
1562 0
1563 3
1564 1
1575 1
1579 2
1588 0
1591 1
1596 2
1597 1
1598 0
1599 0
1600 2
1601 1
1602 3
1603 2
1605 0
1606 1
1608 1
1613 2
1619 2
1622 2
1626 2
1630 1
1640 2
1644 1
1652 2
1653 2
1655 2
1658 3
1661 1
1662 2
1663 2
1666 2
1667 1
1669 1
1670 0
1671 1
1673 2
1674 2
1691 2
1693 2
1697 0
1700 2
1701 2
1702 2
1703 1
1709 0
1711 2
1712 1
1713 0
1714 0
1717 2
1719 2
1720 0
1721 2
1725 2
1726 2
1727 0
1729 1
1732 2
1740 0
1746 2
1747 0
1750 1
1751 2
1755 1
1756 0
1758 3
1759 2
1760 0
1761 0
1762 0
1764 2
1767 2
1769 2
1771 1
1772 0
1773 1
1779 0
1785 2
1786 1
1790 2
1791 3
1795 0
1798 1
1800 0
1803 0
1804 1
1809 2
1819 0
1821 1
1826 2
1827 2
1828 2
1830 0
1832 1
1835 1
1836 1
1839 2
1844 2
1847 0
1849 0
1852 1
1857 2
1858 1
1860 2
1861 0
1865 0
1866 2
1887 2
1888 2
1889 2
1892 1
1893 1
1899 0
1904 2
1907 0
1909 0
1913 2
1918 2
1921 2
1923 2
1924 2
1926 3
1929 0
1932 0
1944 0
1949 2
1951 1
1956 0
1960 1
1961 2
1962 3
1964 2
1965 2
1970 0
1971 2
1972 0
1973 0
1975 1
1978 0
1979 1
1982 0
1983 2
1988 2
1991 2
1992 2
1997 3
2005 1
2006 1
2009 0
2021 0
2024 2
2025 1
2035 2
2047 2
2048 0
2061 3
2065 0
2072 2
2073 2
2074 1
2075 0
2079 3
2083 2
2086 0
2088 2
2091 2
2092 2
2094 1
2095 1
2098 2
2099 2
2100 0
2105 0
2109 0
2112 2
2116 2
2120 2
2121 0
2128 1
2129 1
2130 1
2131 0
2134 2
2137 2
2138 2
2140 0
2145 2
2152 2
2157 0
2158 1
2161 0
2163 1
2164 2
2167 0
2171 0
2173 1
2176 2
2183 2
2184 3
2185 2
2189 0
2199 2
2200 1
2201 2
2207 1
2210 2
2211 0
2212 1
2218 1
2224 3
2229 2
2231 2
2235 2
2236 2
2238 2
2239 2
2248 2
2251 2
2252 1
2254 2
2260 2
2261 1
2262 0
2263 2
2264 2
2265 2
2268 2
2269 0
2273 1
2275 2
2278 2
2280 1
2281 2
2283 2
2284 2
2286 2
2287 2
2288 2
2292 0
2306 1
2309 2
2311 0
2318 0
2321 0
2323 0
2324 2
2325 0
2327 1
2330 0
2333 2
2338 2
2350 2
2352 3
2353 1
2356 2
2357 2
2358 1
2362 2
2364 2
2365 3
2367 0
2368 1
2371 2
2377 0
2382 0
2385 2
2388 2
2391 0
2392 2
2393 3
2412 0
2418 3
2426 1
2427 2
2429 1
2430 2
2433 1
2436 0
2440 2
2441 2
2444 1
2450 2
2451 2
2452 2
2458 0
2460 0
2472 2
2475 1
2482 2
2483 1
2485 0
2487 2
2494 0
2496 1
2498 2
2500 2
2501 1
2502 1
2503 0
2510 0
2513 1
2514 1
2517 0
2522 3
2524 1
2525 1
2527 1
2528 0
2531 1
2532 0
2534 1
2539 2
2540 1
2542 1
2544 0
2546 2
2549 2
2552 1
2555 1
2558 1
2563 2
2565 0
2566 3
2571 1
2576 0
2582 2
2586 1
2591 0
2594 2
2597 0
2599 2
2600 2
2601 1
2604 0
2606 3
2608 1
2612 2
2615 2
2622 1
2623 0
2624 2
2625 0
2626 0
2627 2
2630 1
2631 1
2632 0
2633 2
2639 0
2640 2
2642 0
2646 2
2648 3
2654 2
2655 2
2664 0
2672 2
2690 0
2702 2
2703 0
2705 0
2707 0
2709 0
2714 0
2715 2
2718 2
2724 1
2732 0
2735 1
2738 3
2739 2
2741 2
2742 2
2744 0
2750 1
2751 0
2754 2
2756 2
2758 2
2759 2
2761 1
2762 2
2764 3
2766 0
2769 0
2775 1
2783 3
2784 0
2785 2
2791 2
2792 2
2795 0
2807 3
2822 0
2824 2
2826 2
2834 1
2835 2
2839 2
2840 0
2844 0
2845 1
2851 1
2854 1
2856 2
2857 1
2874 0
2878 3
2880 2
2882 2
2883 0
2884 0
2890 3
2891 2
2893 0
2902 1
2909 1
2910 1
2911 2
2917 0
2925 2
2926 1
2928 1
2934 0
2936 0
2938 2
2942 2
2950 2
2951 2
2959 2
2960 0
2963 3
2971 0
2972 2
2973 2
2975 1
2979 2
2983 2
2986 0
2988 0
2991 2
2992 2
2994 1
2995 2
3000 2
3001 2
3012 2
3013 1
3014 0
3016 1
3024 3
3031 1
3032 2
3033 0
3040 2
3042 2
3044 2
3048 3
3049 2
3052 1
3057 0
3058 1
3069 0
3070 2
3072 0
3074 1
3076 2
3079 2
3081 2
3082 2
3087 2
3093 3
3094 2
3101 0
3103 0
3105 1
3107 2
3108 2
3109 0
3110 2
3116 0
3118 0
3119 2
3125 0
3134 0
3138 1
3141 2
3156 0
3165 1
3167 1
3170 3
3177 3
3178 1
3179 2
3182 3
3186 1
3191 2
3198 0
3205 1
3206 2
3207 2
3209 2
3213 0
3215 2
3216 2
3225 2
3226 2
3227 3
3230 1
3231 1
3232 0
3236 0
3237 1
3239 0
3241 1
3242 3
3243 1
3244 0
3249 1
3250 2
3251 0
3252 3
3253 1
3255 1
3258 2
3262 1
3263 2
3268 2
3270 1
3274 1
3276 1
3278 3
3283 0
3286 1
3287 2
3288 2
3294 0
3296 0
3299 0
3305 1
3307 1
3308 0
3309 1
3313 2
3314 3
3317 2
3320 2
3321 1
3323 2
3324 2
3325 0
3328 1
3330 1
3334 1
3342 1
3347 0
3351 3
3352 1
3359 3
3363 1
3369 2
3373 3
3375 2
3380 1
3381 1
3382 0
3386 3
3387 1
3389 2
3393 1
3396 0
3400 0
3403 3
3406 1
3407 0
3414 0
3416 0
3420 2
3422 1
3423 1
3427 2
3434 1
3435 3
3436 1
3440 1
3444 2
3446 2
3447 2
3448 2
3449 2
3451 1
3453 2
3456 0
3460 2
3463 2
3466 2
3471 2
3478 2
3479 2
3482 2
3490 2
3499 0
3502 2
3503 2
3505 0
3515 1
3520 2
3521 2
3526 2
3527 2
3530 0
3541 1
3543 0
3548 3
3557 2
3564 3
3567 2
3571 2
3572 1
3580 0
3581 0
3583 2
3584 1
3585 2
3589 1
3595 0
3603 2
3604 3
3605 1
3611 3
3619 2
3621 2
3633 1
3634 3
3646 0
3649 2
3650 2
3652 0
3655 1
3658 2
3659 0
3660 3
3661 2
3663 0
3665 0
3666 0
3669 0
3671 2
3674 2
3676 2
3677 2
3678 2
3679 2
3683 1
3684 3
3685 2
3687 0
3688 1
3689 1
3690 2
3696 0
3699 1
3702 2
3703 2
3705 0
3706 2
3709 2
3713 2
3715 1
3717 2
3719 2
3721 2
3727 2
3730 2
3731 1
3734 2
3738 1
3740 0
3741 2
3744 1
3747 1
3748 3
3750 1
3768 0
3769 2
3770 2
3773 2
3782 2
3784 2
3786 0
3788 2
3789 0
3790 2
3792 0
3801 3
3805 2
3809 0
3811 2
3813 0
3814 1
3815 1
3820 1
3822 3
3830 0
3834 2
3862 2
3869 0
3871 0
3876 2
3879 2
3880 0
3881 0
3887 2
3892 2
3901 0
3932 3
3936 1
3944 0
3947 0
3950 0
3952 2
3958 2
3967 3
3968 3
3973 1
3975 0
3979 1
3984 1
3985 2
3986 0
3990 0
3997 2
3999 0
4001 1
4019 1
4020 1
4024 1
4025 2
4027 0
4030 1
4037 3
4038 0
4047 1
4050 1
4051 1
4055 1
4058 2
4059 3
4063 2
4066 1
4069 3
4070 3
4076 3
4079 0
4081 1
4084 1
4087 0
4088 0
4090 1
4096 0
4101 3
4103 2
4106 2
4107 2
4114 1
4124 2
4126 0
4131 0
4132 0
4134 0
4137 2
4138 3
4141 0
4142 0
4143 0
4150 1
4151 2
4153 2
4156 0
4164 0
4167 2
4173 2
4176 3
4180 0
4187 3
4189 0
4195 1
4197 2
4200 3
4201 2
4205 2
4210 3
4220 2
4221 2
4224 0
4225 2
4226 0
4227 2
4230 0
4238 0
4239 0
4245 2
4248 0
4249 1
4256 2
4261 2
4262 2
4268 3
4270 0
4277 2
4282 0
4284 1
4291 0
4297 0
4300 0
4301 1
4302 1
4309 2
4312 2
4313 2
4314 1
4318 2
4319 0
4320 2
4321 3
4323 2
4325 2
4327 1
4328 3
4332 2
4335 2
4336 0
4338 1
4340 0
4341 1
4349 2
4354 2
4359 2
4360 1
4363 2
4364 2
4366 3
4368 1
4370 1
4371 2
4374 2
4378 0
4379 2
4380 2
4383 2
4385 1
4389 2
4391 2
4394 1
4399 1
4405 2
4408 2
4411 3
4414 2
4418 0
4421 0
4422 2
4423 2
4427 1
4428 1
4430 1
4436 2
4438 3
4446 3
4447 3
4457 2
4458 2
4462 2
4465 0
4467 0
4471 1
4474 0
4475 0
4476 3
4480 1
4482 1
4483 0
4485 2
4495 1
4497 0
4498 2
4503 2
4504 2
4508 2
4509 1
4511 1
4514 2
4515 2
4516 0
4517 1
4518 1
4520 0
4526 2
4528 2
4529 2
4532 1
4533 0
4534 1
4536 0
4537 2
4539 1
4540 1
4541 0
4542 1
4544 1
4546 1
4552 1
4553 2
4557 1
4565 1
4566 2
4570 1
4571 0
4573 1
4574 3
4579 3
4580 1
4582 2
4584 0
4586 1
4588 0
4590 0
4592 0
4593 2
4595 1
4596 1
4604 2
4605 2
4609 1
4610 1
4614 0
4617 2
4620 0
4621 2
4622 2
4626 2
4627 3
4630 0
4632 2
4636 0
4642 0
4643 1
4644 1
4645 0
4650 2
4653 0
4656 1
4658 2
4662 0
4664 0
4668 2
4669 2
4671 0
4672 2
4674 1
4682 2
4683 0
4684 0
4687 0
4688 1
4689 0
4690 0
4694 1
4697 1
4698 2
4699 1
4700 0
4702 0
4704 1
4705 1
4706 0
4707 2
4709 1
4712 2
4713 0
4719 0
4721 2
4723 0
4724 2
4726 1
4728 2
4729 2
4730 1
4733 2
4735 3
4736 2
4744 1
4748 1
4752 1
4755 1
4758 0
4761 0
4764 0
4765 1
4766 1
4768 2
4771 2
4780 0
4781 1
4792 2
4793 1
4794 2
4795 3
4796 2
4801 1
4803 3
4807 1
4808 1
4809 2
4811 3
4813 1
4814 2
4815 2
4816 1
4819 1
4820 2
4822 0
4826 1
4827 1
4831 1
4836 0
4838 0
4839 0
4842 1
4843 2
4845 2
4848 1
4851 2
4852 0
4853 0
4854 0
4855 2
4856 1
4858 1
4862 1
4865 1
4866 0
4877 2
4878 0
4881 1
4890 2
4897 2
4900 0
4901 0
4902 0
4904 0
4909 0
4910 0
4911 2
4916 2
4926 1
4927 2
4929 0
4930 2
4932 0
4934 1
4935 0
4937 2
4942 0
4944 0
4948 2
4950 2
4955 0
4958 2
4964 0
4971 2
4973 0
4979 1
4981 2
4986 2
4989 0
4990 2
4993 2
4994 1
4997 2
5000 3
5001 2
5008 0
5013 3
5014 0
5020 2
5021 2
5023 3
5025 2
5030 2
5031 3
5033 3
5035 2
5037 2
5040 0
5043 2
5046 2
5053 0
5054 1
5057 3
5063 2
5064 2
5067 2
5072 3
5077 1
5082 2
5086 1
5091 2
5095 2
5100 2
5101 3
5108 1
5113 2
5118 0
5121 2
5122 2
5124 2
5126 0
5132 2
5133 3
5137 1
5138 0
5144 2
5145 2
5154 2
5155 0
5156 0
5158 0
5171 1
5176 1
5177 3
5179 0
5182 0
5184 3
5185 0
5186 0
5187 0
5191 2
5192 3
5196 2
5197 3
5200 0
5201 1
5202 3
5209 2
5211 2
5214 2
5217 0
5219 1
5221 0
5222 0
5229 2
5233 2
5239 0
5240 0
5246 0
5247 2
5251 2
5255 0
5258 1
5265 2
5269 0
5272 0
5276 2
5283 2
5284 0
5292 2
5293 2
5294 2
5297 0
5306 1
5307 0
5317 0
5318 0
5321 3
5323 2
5326 0
5329 0
5331 3
5336 1
5338 0
5339 1
5345 2
5352 1
5357 1
5358 1
5361 2
5362 2
5363 3
5368 0
5369 2
5371 1
5372 2
5373 1
5374 1
5375 2
5376 2
5378 2
5389 2
5399 3
5405 2
5414 1
5415 0
5418 1
5421 2
5422 2
5425 0
5431 0
5435 0
5436 3
5437 2
5444 2
5446 1
5461 2
5463 1
5464 2
5469 1
5471 0
5477 0
5478 0
5481 0
5485 0
5486 2
5490 1
5495 3
5496 2
5498 2
5502 1
5503 1
5506 2
5513 2
5514 0
5519 1
5520 0
5521 2
5524 2
5526 0
5528 0
5536 2
5538 0
5539 1
5541 2
5542 2
5545 1
5548 2
5553 2
5556 1
5564 1
5567 2
5568 3
5571 1
5579 2
5580 1
5581 2
5582 1
5583 2
5587 1
5598 0
5602 2
5606 0
5608 1
5610 2
5611 1
5618 0
5619 1
5623 0
5626 3
5627 1
5630 2
5636 0
5637 1
5639 2
5641 0
5642 0
5643 3
5644 3
5648 1
5652 0
5654 2
5657 1
5659 0
5661 1
5666 0
5670 1
5672 3
5673 3
5684 3
5686 2
5691 2
5698 2
5706 0
5712 0
5713 2
5714 0
5716 0
5720 2
5722 0
5729 0
5732 0
5736 2
5742 1
5747 0
5748 0
5749 1
5758 2
5765 2
5769 0
5776 2
5777 2
5778 0
5780 1
5781 0
5785 2
5787 0
5798 2
5800 1
5803 1
5804 1
5805 2
5806 0
5808 2
5810 0
5811 2
5812 0
5814 2
5822 1
5823 2
5824 2
5826 0
5828 0
5829 1
5831 0
5832 0
5837 0
5840 0
5841 1
5845 0
5847 0
5850 2
5853 2
5858 2
5859 2
5860 2
5862 2
5865 1
5868 2
5869 2
5872 0
5875 2
5879 2
5884 0
5894 0
5903 2
5904 2
5907 2
5909 3
5913 1
5922 0
5925 2
5926 0
5927 3
5930 2
5943 0
5945 2
5957 1
5971 2
5982 2
5989 2
5992 1
5995 1
5999 2
6001 0
6005 1
6012 0
6013 2
6015 0
6018 1
6020 1
6021 2
6022 2
6023 1
6025 2
6026 2
6044 3
6045 1
6053 1
6055 1
6057 2
6067 2
6068 2
6069 1
6071 2
6073 2
6089 3
6091 1
6093 0
6094 2
6097 3
6102 2
6104 2
6107 2
6111 1
6116 0
6118 1
6119 1
6122 2
6123 2
6128 2
6129 2
6132 2
6134 1
6135 2
6136 2
6138 0
6140 2
6150 0
6152 3
6153 0
6154 2
6157 0
6158 2
6159 2
6164 2
6169 2
6172 0
6174 2
6176 1
6177 1
6179 0
6180 3
6181 0
6182 0
6187 2
6191 1
6196 2
6200 1
6201 2
6206 2
6207 2
6209 2
6211 0
6220 1
6225 2
6231 2
6236 0
6237 0
6240 0
6241 1
6243 0
6248 2
6250 2
6251 2
6255 2
6267 2
6270 2
6273 2
6282 2
6283 1
6286 3
6307 1
6309 0
6313 0
6315 0
6317 2
6318 0
6320 2
6330 2
6332 2
6340 2
6348 3
6349 2
6355 3
6356 1
6357 2
6359 2
6363 2
6367 2
6369 1
6370 2
6371 0
6380 0
6381 1
6383 1
6384 0
6385 2
6386 1
6387 2
6391 3
6393 2
6395 1
6396 0
6398 3
6399 0
6404 0
6407 2
6411 1
6414 2
6416 3
6418 0
6419 2
6421 1
6424 0
6426 1
6429 1
6438 0
6442 1
6443 2
6445 1
6446 2
6448 1
6455 1
6462 0
6465 0
6466 2
6467 2
6473 2
6481 2
6488 2
6499 2
6501 0
6503 2
6504 2
6505 0
6515 2
6520 0
6522 2
6523 2
6533 0
6534 0
6573 0
6575 2
6576 2
6577 1
6578 2
6583 2
6586 0
6588 1
6593 2
6595 0
6600 0
6614 2
6616 1
6617 2
6619 2
6621 2
6622 0
6626 3
6631 2
6632 2
6641 0
6646 1
6647 2
6653 1
6660 0
6662 2
6664 2
6674 1
6676 0
6679 2
6682 3
6683 2
6687 2
6692 2
6697 2
6701 1
6702 1
6703 1
6704 1
6705 0
6707 1
6708 1
6709 0
6712 2
6713 0
6715 2
6718 2
6719 1
6723 1
6724 2
6725 0
6726 2
6740 1
6741 0
6747 2
6751 0
6753 0
6754 0
6759 2
6770 2
6772 1
6774 0
6775 0
6786 1
6787 0
6788 1
6791 2
6794 2
6797 2
6806 0
6808 0
6809 0
6810 1
6817 1
6824 0
6828 1
6830 2
6833 1
6836 1
6837 1
6839 3
6845 0
6851 1
6853 0
6854 1
6855 1
6856 1
6858 2
6859 1
6860 1
6861 0
6863 0
6865 0
6867 1
6869 1
6871 0
6872 2
6873 0
6877 0
6881 2
6886 2
6887 1
6892 2
6895 0
6901 0
6902 0
6907 2
6910 2
6912 2
6914 2
6915 1
6922 1
6923 0
6926 3
6930 1
6931 2
6933 3
6942 1
6946 2
6950 0
6951 0
6957 1
6961 1
6965 2
6966 0
6967 2
6976 2
6977 0
6980 1
6984 1
6989 1
6993 2
6995 2
6998 2
6999 0
7001 0
7002 2
7004 2
7005 2
7006 2
7008 2
7009 2
7010 1
7017 1
7018 1
7021 3
7022 3
7023 1
7031 1
7039 1
7040 0
7044 3
7052 1
7055 1
7056 2
7060 0
7064 2
7067 0
7068 1
7069 0
7070 2
7076 1
7079 3
7081 0
7084 1
7085 0
7087 1
7088 0
7093 0
7097 2
7098 2
7102 2
7103 2
7109 0
7110 2
7112 1
7116 1
7120 2
7123 2
7129 2
7130 0
7132 0
7133 2
7136 0
7138 0
7139 0
7140 0
7142 1
7143 0
7146 1
7148 0
7149 1
7155 2
7157 2
7163 2
7164 2
7166 3
7173 1
7183 0
7188 2
7189 2
7194 2
7203 2
7205 1
7209 2
7213 0
7214 2
7219 3
7221 0
7227 2
7228 1
7229 0
7230 2
7231 0
7232 1
7235 2
7236 2
7239 1
7240 3
7242 0
7244 0
7245 0
7246 2
7260 2
7264 2
7282 2
7283 0
7306 2
7315 0
7330 0
7332 2
7335 0
7337 0
7363 0
7374 3
7386 1
7388 2
7389 2
7390 0
7391 1
7403 1
7407 2
7410 2
7413 1
7421 0
7425 3
7426 0
7440 2
7442 2
7443 0
7447 2
7450 2
7452 2
7453 1
7458 1
7459 2
7461 1
7462 1
7463 0
7469 2
7473 1
7481 1
7482 0
7483 0
7487 1
7488 2
7489 2
7490 3
7491 2
7495 0
7496 0
7497 2
7502 1
7510 0
7514 1
7516 2
7518 3
7522 2
7529 2
7532 2
7534 2
7535 0
7538 3
7541 1
7549 2
7555 0
7556 0
7558 0
7561 2
7565 1
7566 2
7567 2
7569 2
7579 1
7580 2
7582 3
7585 2
7589 0
7591 3
7592 2
7593 2
7594 3
7595 0
7611 1
7612 1
7613 0
7615 2
7617 1
7618 0
7621 0
7624 3
7626 2
7627 0
7631 0
7634 2
7637 2
7641 0
7649 2
7651 2
7653 0
7658 0
7659 1
7667 1
7670 3
7675 0
7676 0
7677 3
7682 2
7683 2
7690 2
7693 2
7694 1
7695 2
7701 0
7706 1
7707 2
7709 3
7712 2
7715 0
7718 2
7720 0
7732 1
7734 2
7737 1
7740 0
7747 2
7751 2
7758 1
7762 1
7766 1
7772 1
7773 0
7780 0
7781 2
7783 0
7785 0
7789 2
7795 0
7796 3
7798 1
7810 1
7811 0
7816 0
7817 1
7819 3
7820 2
7825 0
7831 1
7832 3
7837 3
7838 2
7839 2
7852 3
7854 2
7860 0
7862 2
7865 2
7866 2
7867 1
7870 3
7871 0
7873 1
7874 0
7875 1
7878 0
7882 1
7883 0
7884 2
7890 2
7895 1
7896 0
7897 2
7898 0
7900 2
7901 0
7905 0
7906 2
7912 0
7917 2
7918 0
7931 0
7932 2
7933 2
7934 2
7935 2
7936 2
7937 0
7943 2
7945 2
7947 2
7952 0
7955 2
7960 0
7963 2
7970 1
7973 0
7975 2
7986 2
7988 2
7989 2
7995 2
7996 2
7999 2
8001 1
8009 2
8014 2
8020 2
8022 0
8033 3
8041 0
8042 0
8044 1
8046 0
8054 2
8069 2
8071 0
8072 1
8075 2
8076 2
8079 0
8082 0
8084 1
8085 2
8093 3
8094 0
8098 1
8100 3
8101 1
8104 2
8108 2
8112 2
8115 2
8116 2
8121 0
8128 2
8132 3
8135 3
8139 1
8140 1
8144 1
8145 1
8148 0
8149 2
8150 0
8156 1
8168 2
8172 1
8184 2
8188 2
8190 2
8191 0
8192 2
8196 1
8198 2
8203 0
8209 0
8210 0
8212 0
8216 0
8217 0
8219 2
8220 0
8226 2
8227 2
8228 2
8232 0
8237 2
8241 2
8244 3
8247 1
8250 1
8261 2
8266 2
8276 1
8279 2
8289 2
8293 1
8295 2
8296 2
8304 0
8309 2
8320 0
8322 2
8324 0
8325 2
8329 0
8330 2
8331 2
8333 2
8335 0
8337 0
8338 2
8342 2
8345 3
8346 1
8347 3
8349 2
8356 3
8358 0
8360 2
8361 2
8368 1
8375 0
8377 1
8379 1
8383 2
8385 0
8386 2
8391 2
8392 2
8397 2
8400 0
8401 2
8402 2
8403 3
8406 1
8407 2
8412 1
8413 2
8415 1
8418 2
8419 0
8420 2
8424 2
8425 3
8426 2
8428 0
8430 2
8432 1
8438 2
8444 0
8447 0
8449 2
8450 1
8455 0
8461 3
8462 0
8465 0
8466 0
8468 0
8469 2
8473 2
8480 1
8483 0
8485 2
8486 2
8488 2
8489 0
8494 0
8496 2
8502 1
8510 2
8513 0
8517 1
8521 3
8524 2
8525 2
8527 2
8528 1
8531 1
8533 3
8535 2
8536 1
8539 1
8543 3
8545 0
8549 0
8555 2
8558 2
8561 0
8563 2
8564 2
8570 1
8574 0
8578 2
8583 3
8585 1
8586 0
8588 1
8594 1
8598 0
8599 0
8600 1
8601 2
8604 2
8609 2
8610 1
8611 2
8612 0
8613 2
8616 2
8617 0
8619 3
8621 0
8627 0
8629 1
8630 2
8640 0
8651 0
8654 0
8655 2
8656 0
8665 2
8669 2
8671 3
8674 0
8675 2
8683 1
8684 1
8687 2
8690 1
8693 2
8697 0
8702 2
8703 3
8711 0
8713 1
8716 1
8717 2
8718 2
8720 1
8725 1
8728 2
8731 0
8732 1
8737 2
8738 0
8739 3
8740 2
8741 0
8746 2
8751 2
8763 0
8766 2
8767 0
8769 1
8771 3
8775 0
8777 0
8780 1
8781 3
8785 0
8787 2
8795 3
8797 3
8800 1
8802 1
8804 1
8805 2
8809 0
8811 1
8814 2
8815 2
8827 2
8828 1
8830 0
8834 2
8841 2
8842 2
8843 2
8860 1
8862 2
8863 3
8864 2
8872 2
8875 2
8877 1
8884 2
8885 2
8889 2
8898 1
8900 2
8902 2
8905 2
8910 2
8912 3
8916 2
8921 2
8922 1
8927 3
8929 2
8930 2
8932 0
8935 2
8937 0
8938 2
8939 2
8943 1
8946 0
8947 1
8952 2
8953 1
8955 1
8959 0
8960 0
8962 3
8963 2
8970 2
8978 1
8980 1
8981 2
8982 0
8984 1
8990 2
8991 2
8993 0
8995 2
8996 2
8999 0
9005 3
9008 0
9011 2
9014 3
9015 0
9018 2
9019 1
9023 2
9024 2
9038 2
9045 2
9052 1
9055 0
9058 3
9060 3
9061 1
9063 1
9067 2
9070 2
9075 2
9080 0
9081 2
9082 2
9088 3
9092 0
9093 1
9094 0
9095 2
9100 2
9103 2
9104 2
9105 0
9106 0
9108 2
9110 2
9113 0
9115 1
9118 2
9123 2
9125 2
9127 2
9129 2
9138 0
9139 2
9140 2
9142 0
9144 3
9147 1
9156 1
9164 0
9169 0
9184 2
9186 2
9196 0
9209 1
9212 1
9214 3
9215 0
9216 0
9218 2
9219 1
9221 1
9228 2
9230 0
9231 2
9232 2
9237 2
9240 0
9254 1
9257 0
9262 2
9264 1
9265 1
9268 1
9269 2
9270 2
9271 0
9274 2
9278 1
9282 3
9283 1
9286 0
9287 0
9292 1
9296 3
9300 1
9301 0
9304 2
9306 0
9308 1
9310 0
9312 2
9316 0
9318 0
9324 1
9330 0
9338 2
9346 2
9347 1
9349 2
9352 1
9355 3
9358 1
9362 0
9364 2
9367 0
9369 3
9377 2
9381 3
9386 2
9390 1
9397 2
9398 1
9405 2
9411 2
9412 1
9413 0
9415 1
9416 1
9418 1
9421 2
9427 2
9428 2
9430 0
9432 2
9438 1
9447 1
9451 0
9457 2
9460 2
9461 2
9462 2
9463 2
9464 0
9467 2
9471 2
9473 1
9476 2
9477 2
9478 2
9479 2
9480 2
9481 2
9484 1
9491 0
9492 2
9493 1
9496 2
9499 2
9507 0
9523 0
9527 1
9528 1
9531 2
9533 2
9534 0
9536 0
9538 0
9540 2
9543 2
9548 0
9549 2
9554 2
9555 1
9556 2
9558 1
9562 2
9563 0
9564 0
9566 0
9574 1
9578 1
9580 1
9583 2
9588 2
9591 0
9592 1
9593 2
9594 2
9595 2
9596 0
9597 2
9598 2
9599 0
9604 2
9605 1
9606 1
9610 2
9611 2
9612 0
9615 2
9618 0
9623 2
9625 0
9631 1
9636 2
9637 1
9639 2
9642 0
9645 2
9646 1
9657 0
9659 1
9662 2
9664 1
9665 2
9667 3
9669 2
9670 0
9671 1
9675 1
9676 2
9678 3
9690 2
9692 2
9694 0
9697 3
9702 2
9705 0
9708 2
9715 2
9720 1
9722 2
9734 0
9735 0
9754 2
9759 0
9761 1
9768 2
9770 1
9773 2
9778 0
9779 0
9781 1
9782 2
9784 2
9786 0
9788 0
9792 2
9795 0
9796 0
9801 2
9808 2
9810 2
9812 0
9817 2
9820 0
9824 3
9825 0
9826 2
9829 2
9831 2
9832 0
9835 2
9839 0
9840 0
9845 1
9854 1
9855 0
9857 0
9868 1
9876 0
9882 1
9886 0
9889 0
9891 3
9896 2
9897 1
9899 1
9900 2
9902 0
9906 2
9910 0
9911 2
9914 3
9915 2
9918 3
9921 3
9923 0
9928 1
9954 0
9960 0
9963 0
9982 1
9995 2
9998 0
9999 2
10000 0
10001 0
10005 3
10006 0
10010 0
10011 1
10019 3
10030 2
10032 1
10035 2
10036 2
10038 2
10039 2
10040 3
10041 2
10043 1
10045 1
10046 2
10047 1
10048 2
10051 1
10055 2
10056 2
10059 2
10066 3
10071 1
10077 1
10080 2
10081 3
10087 3
10088 1
10089 2
10090 0
10099 2
10104 1
10105 0
10106 2
10120 1
10125 1
10129 2
10132 1
10134 0
10137 2
10142 2
10146 2
10147 3
10149 1
10151 3
10154 0
10162 0
10164 2
10166 2
10169 2
10174 1
10179 0
10188 0
10189 1
10190 0
10191 3
10196 1
10201 1
10207 2
10212 0
10214 0
10218 2
10220 0
10237 0
10238 1
10240 1
10247 1
10256 0
10260 1
10261 2
10269 0
10276 2
10279 2
10280 2
10281 2
10282 2
10287 2
10292 3
10296 1
10298 2
10299 2
10308 0
10309 3
10311 2
10316 2
10317 1
10324 1
10327 1
10331 0
10332 1
10333 1
10335 2
10337 2
10338 2
10340 3
10342 2
10351 2
10356 1
10358 2
10363 0
10365 2
10366 2
10380 1
10382 2
10384 0
10390 0
10391 1
10392 2
10393 1
10398 1
10401 2
10404 2
10406 0
10410 2
10411 2
10412 2
10413 0
10421 2
10422 2
10426 1
10427 1
10428 0
10434 2
10443 0
10449 2
10453 2
10455 1
10460 1
10462 0
10463 2
10466 0
10467 2
10473 0
10475 1
10478 2
10479 2
10482 0
10483 0
10486 2
10488 2
10498 2
10499 3
10502 2
10505 2
10507 2
10510 0
10511 0
10513 0
10514 2
10517 1
10522 1
10523 2
10524 2
10527 3
10528 3
10530 1
10537 2
10541 2
10542 2
10543 2
10544 0
10548 1
10551 2
10554 2
10555 0
10559 2
10564 2
10569 3
10572 3
10573 1
10574 2
10575 1
10579 2
10583 2
10585 0
10586 0
10589 2
10590 2
10591 2
10594 2
10599 0
10602 2
10604 3
10605 1
10606 1
10607 1
10609 0
10612 2
10613 1
10616 1
10619 0
10620 0
10621 2
10624 0
10634 1
10640 3
10648 2
10654 1
10658 2
10660 2
10672 2
10676 0
10685 0
10686 0
10692 1
10696 2
10699 1
10700 2
10701 2
10702 2
10703 2
10704 2
10706 1
10707 2
10709 2
10711 2
10712 2
10714 1
10716 1
10724 0
10727 2
10734 1
10740 1
10741 1
10745 0
10746 0
10755 0
10757 2
10759 3
10761 0
10766 0
10768 1
10771 1
10773 1
10774 1
10776 1
10777 1
10778 0
10780 0
10783 3
10784 0
10785 2
10786 2
10790 0
10798 0
10799 1
10801 2
10805 0
10809 1
10813 0
10814 1
10816 0
10817 1
10819 2
10820 3
10822 1
10825 0
10831 2
10838 1
10841 3
10849 0
10850 1
10852 2
10853 2
10855 1
10858 1
10860 1
10862 0
10863 0
10864 2
10868 0
10871 2
10873 0
10878 2
10879 2
10880 2
10881 2
10882 0
10883 2
10884 0
10887 2
10896 1
10898 0
10900 1
10901 2
10904 3
10907 1
10911 2
10913 3
10915 2
10916 2
10918 2
10924 1
10925 1
10933 0
10942 0
10945 2
10961 0
10973 2
10974 3
10978 0
10991 1
10992 2
10998 0
11002 3
11004 2
11005 1
11012 2
11014 3
11015 2
11016 0
11017 0
11034 2
11035 0
11038 2
11044 1
11045 2
11047 2
11053 2
11056 0
11058 2
11059 0
11065 2
11074 2
11078 2
11081 1
11082 2
11085 2
11086 1
11089 2
11095 2
11097 1
11106 1
11107 1
11109 2
11110 3
11111 3
11112 1
11118 0
11123 2
11125 1
11126 1
11127 1
11128 2
11132 2
11133 0
11134 1
11138 2
11139 1
11140 1
11141 0
11142 1
11149 0
11150 2
11155 0
11158 2
11164 0
11178 3
11191 2
11192 2
11193 0
11194 2
11196 0
11197 3
11198 3
11209 2
11214 2
11215 1
11216 1
11217 2
11220 1
11221 2
11225 0
11226 2
11230 2
11233 1
11236 1
11238 2
11239 2
11246 3
11249 3
11252 3
11255 0
11257 1
11259 2
11262 2
11268 2
11272 2
11273 3
11274 2
11293 2
11299 1
11302 0
11307 2
11310 1
11312 2
11316 0
11323 2
11327 2
11334 2
11335 2
11336 2
11338 2
11339 2
11340 2
11343 2
11344 2
11346 2
11348 1
11351 0
11356 2
11358 0
11365 1
11366 0
11372 0
11379 3
11382 2
11383 1
11388 1
11393 2
11395 0
11397 2
11398 2
11403 2
11404 1
11408 2
11411 2
11412 0
11417 2
11423 0
11425 2
11428 3
11430 0
11431 2
11440 0
11441 3
11444 2
11445 1
11446 1
11451 1
11452 2
11454 0
11457 2
11458 2
11459 0
11460 0
11461 1
11463 1
11464 2
11467 1
11468 0
11469 2
11473 1
11480 0
11484 1
11487 0
11488 1
11500 0
11502 2
11503 0
11504 3
11508 2
11510 2
11514 2
11516 1
11518 2
11528 1
11530 1
11532 2
11543 2
11544 2
11549 3
11554 1
11565 1
11567 0
11573 2
11575 0
11579 2
11584 3
11586 0
11599 1
11610 2
11613 1
11614 1
11617 1
11619 1
11620 1
11633 0
11635 0
11638 2
11639 1
11640 2
11641 2
11650 2
11653 0
11654 0
11661 2
11662 2
11666 2
11668 2
11669 3
11672 2
11674 0
11677 2
11678 0
11684 2
11696 2
11704 2
11707 2
11709 1
11710 1
11712 2
11713 2
11715 0
11717 2
11723 0
11724 2
11732 0
11733 3
11738 1
11741 1
11743 1
11744 2
11745 2
11750 0
11751 1
11752 0
11756 0
11761 1
11764 2
11766 0
11773 2
11774 1
11779 0
11785 0
11789 2
11791 3
11793 1
11797 2
11800 2
11802 0
11806 2
11808 1
11811 2
11815 1
11818 0
11819 2
11821 1
11825 2
11826 2
11831 1
11833 1
11834 2
11840 0
11843 2
11844 2
11848 2
11849 0
11850 3
11851 1
11852 1
11854 0
11856 3
11857 0
11858 2
11863 1
11867 1
11873 1
11874 1
11875 0
11877 2
11879 2
11880 1
11882 3
11884 2
11887 2
11893 2
11897 0
11902 2
11910 0
11913 1
11914 1
11915 0
11924 3
11927 0
11931 1
11941 2
11943 0
11944 2
11952 2
11957 0
11963 2
11989 0
11990 1
11997 0
12006 0
12011 3
12013 2
12018 0
12025 0
12029 0
12032 2
12037 2
12041 1
12043 0
12046 0
12052 0
12053 1
12062 2
12065 0
12069 1
12074 2
12076 2
12083 2
12084 1
12088 3
12094 2
12097 1
12098 1
12100 2
12101 1
12102 0
12106 2
12109 2
12110 2
12112 2
12113 2
12118 2
12120 0
12125 0
12126 2
12127 2
12130 2
12131 3
12132 0
12134 2
12135 0
12136 2
12141 1
12143 3
12148 1
12153 1
12154 0
12159 0
12162 1
12171 2
12173 0
12176 1
12183 2
12184 2
12189 0
12190 0
12191 0
12206 1
12207 2
12208 2
12209 2
12212 1
12218 2
12221 0
12223 1
12232 2
12248 2
12252 2
12257 0
12259 2
12260 1
12262 2
12265 1
12267 0
12268 2
12269 3
12271 0
12272 2
12277 0
12279 2
12285 0
12286 1
12288 0
12293 3
12300 2
12306 2
12309 0
12314 2
12316 2
12319 2
12322 2
12324 2
12330 1
12342 2
12344 2
12348 1
12353 0
12354 2
12370 2
12372 0
12377 2
12380 0
12384 1
12387 2
12388 2
12390 2
12392 1
12402 1
12405 2
12408 0
12416 1
12417 2
12422 2
12424 2
12425 1
12426 0
12427 2
12429 0
12432 2
12435 2
12445 2
12448 1
12451 1
12462 2
12464 0
12470 2
12472 1
12476 2
12478 0
12481 0
12486 2
12487 0
12494 2
12496 1
12501 2
12502 2
12506 1
12509 2
12510 1
12513 2
12521 2
12532 2
12539 2
12551 2
12553 2
12554 3
12565 3
12567 1
12569 1
12573 0
12579 0
12591 1
12592 2
12594 1
12596 2
12599 2
12601 0
12603 3
12605 2
12611 2
12617 2
12622 1
12626 2
12630 2
12632 1
12636 0
12638 2
12639 0
12641 0
12645 0
12652 2
12656 0
12658 2
12660 2
12662 1
12663 2
12664 1
12667 0
12668 2
12671 0
12672 3
12680 0
12685 2
12686 2
12698 2
12700 1
12709 0
12711 2
12712 3
12713 2
12717 1
12721 1
12724 1
12727 1
12728 2
12729 0
12730 1
12731 0
12732 1
12734 0
12737 1
12739 2
12744 0
12746 1
12750 2
12754 2
12757 2
12761 2
12765 2
12767 3
12769 2
12774 1
12775 0
12780 1
12783 1
12786 0
12788 2
12790 0
12792 1
12794 3
12795 0
12796 0
12797 1
12803 1
12808 3
12811 2
12813 2
12820 2
12840 1
12843 1
12847 2
12850 2
12852 2
12853 2
12854 0
12856 2
12861 2
12862 2
12866 2
12867 1
12868 2
12870 1
12871 0
12872 2
12873 1
12874 1
12876 2
12882 2
12900 1
12904 2
12905 3
12906 2
12907 0
12912 3
12919 1
12920 1
12924 2
12925 1
12928 1
12930 2
12933 0
12944 2
12945 2
12946 1
12947 1
12956 2
12957 1
12958 0
12960 2
12961 2
12963 1
12964 2
12970 2
12972 2
12980 0
12981 1
12984 2
12985 0
12986 2
12987 1
12991 0
12998 1
12999 1
13002 1
13004 2
13010 0
13011 0
13012 1
13014 2
13017 1
13019 2
13023 2
13027 0
13029 3
13030 2
13032 1
13035 1
13040 2
13041 2
13043 2
13045 1
13047 0
13051 2
13053 0
13056 0
13057 2
13060 0
13075 2
13077 2
13079 0
13080 1
13084 2
13088 1
13093 1
13094 3
13095 2
13096 2
13107 0
13108 0
13112 1
13114 2
13121 0
13122 1
13123 2
13128 1
13131 2
13133 2
13134 1
13135 2
13136 2
13137 2
13142 1
13143 0
13147 1
13150 3
13153 2
13156 0
13157 2
13158 1
13159 3
13160 1
13163 0
13174 0
13176 0
13183 0
13184 1
13188 0
13190 3
13194 0
13196 0
13198 1
13201 2
13202 1
13207 1
13208 2
13209 2
13210 2
13220 2
13225 2
13227 2
13230 2
13233 1
13244 2
13245 2
13249 3
13250 2
13253 2
13256 1
13257 2
13259 2
13261 2
13262 2
13265 2
13266 1
13267 2
13271 1
13275 2
13276 2
13277 2
13282 2
13283 2
13285 2
13287 2
13292 0
13293 1
13294 3
13295 1
13297 0
13300 2
13301 2
13303 2
13307 1
13313 2
13316 0
13317 0
13320 2
13322 2
13324 2
13327 3
13329 2
13331 2
13332 2
13333 1
13334 0
13336 0
13337 2
13340 2
13348 1
13353 0
13356 2
13360 2
13363 2
13366 0
13372 1
13376 3
13377 0
13378 2
13381 0
13383 2
13384 2
13386 1
13390 2
13394 0
13396 0
13401 2
13405 2
13407 0
13410 1
13412 0
13413 2
13414 2
13415 0
13419 1
13420 3
13423 0
13424 2
13425 3
13427 2
13429 1
13439 1
13442 2
13446 3
13448 0
13449 2
13457 0
13458 0
13464 3
13474 0
13477 2
13485 2
13487 1
13489 0
13490 1
13493 2
13495 0
13497 1
13499 1
13501 1
13502 3
13503 2
13504 2
13510 3
13512 1
13514 2
13517 0
13518 2
13519 2
13520 2
13522 0
13528 2
13529 1
13530 0
13532 0
13534 1
13542 0
13543 0
13544 2
13547 2
13550 1
13551 2
13552 2
13557 0
13559 2
13560 0
13561 1
13563 2
13565 2
13572 2
13575 0
13576 1
13577 1
13578 2
13580 2
13586 0
13587 2
13588 2
13596 2
13602 2
13603 0
13607 2
13608 2
13610 1
13614 2
13615 1
13616 2
13621 2
13622 2
13624 1
13626 3
13627 2
13628 1
13638 2
13645 3
13647 2
13651 0
13653 0
13656 1
13657 0
13659 1
13668 3
13674 0
13676 0
13680 0
13681 3
13689 0
13690 2
13691 2
13694 1
13695 2
13696 2
13699 0
13702 2
13703 1
13704 2
13705 0
13710 2
13714 1
13717 2
13718 2
13720 2
13723 2
13724 3
13727 1
13729 1
13734 1
13737 2
13741 2
13744 1
13749 0
13750 2
13753 1
13754 2
13757 0
13758 0
13759 0
13764 2
13765 0
13766 0
13769 0
13772 2
13779 1
13780 1
13781 1
13782 2
13788 3
13791 2
13796 0
13799 2
13801 0
13808 2
13817 1
13825 0
13827 0
13828 1
13830 0
13834 2
13836 2
13838 1
13843 0
13852 2
13864 2
13865 2
13867 2
13873 2
13879 2
13891 1
13893 1
13897 0
13900 0
13902 0
13911 2
13916 2
13917 2
13918 1
13919 3
13925 0
13928 1
13929 1
13930 1
13933 0
13937 1
13938 2
13941 0
13952 1
13965 0
13967 1
13974 1
13978 2
13982 0
13987 2
13990 0
13993 2
13997 0
14001 2
14002 0
14003 2
14007 1
14012 1
14014 0
14028 1
14029 2
14031 0
14034 0
14036 1
14038 2
14040 1
14042 2
14047 1
14050 1
14053 2
14060 2
14063 1
14067 0
14073 0
14084 1
14091 0
14095 2
14101 0
14103 1
14117 2
14118 0
14121 3
14122 3
14123 1
14126 2
14127 2
14128 2
14131 1
14133 2
14137 2
14138 1
14139 1
14140 2
14142 3
14147 2
14156 1
14157 2
14163 0
14168 1
14170 1
14171 0
14175 0
14177 2
14180 1
14184 1
14186 2
14189 0
14190 2
14191 2
14199 1
14201 0
14202 3
14208 0
14209 0
14210 2
14212 2
14214 2
14215 0
14216 2
14217 2
14218 0
14219 0
14221 0
14222 0
14224 1
14225 0
14228 0
14232 2
14233 0
14234 0
14237 0
14239 0
14240 1
14250 2
14251 0
14256 1
14257 1
14261 0
14263 2
14264 2
14265 2
14266 0
14267 1
14273 1
14274 2
14277 2
14280 0
14287 1
14293 0
14296 2
14302 2
14307 2
14309 0
14310 3
14316 2
14317 0
14319 0
14320 2
14322 2
14323 2
14327 2
14335 2
14337 1
14343 2
14344 0
14346 1
14349 1
14352 2
14355 2
14357 2
14359 1
14360 1
14362 1
14364 1
14365 3
14367 1
14369 2
14375 0
14380 0
14385 1
14386 2
14392 2
14394 2
14408 2
14412 2
14413 2
14414 2
14420 2
14425 2
14427 2
14428 3
14429 1
14430 3
14431 1
14433 2
14437 2
14440 0
14444 2
14446 0
14447 0
14449 2
14451 0
14453 0
14454 2
14459 0
14463 1
14464 3
14467 1
14477 0
14488 3
14489 1
14490 2
14491 1
14496 0
14498 2
14501 0
14502 1
14503 2
14504 2
14505 2
14510 2
14511 0
14512 1
14519 0
14524 1
14529 0
14533 2
14538 2
14542 2
14545 3
14546 0
14549 2
14552 2
14556 2
14565 1
14568 3
14571 2
14572 0
14576 0
14579 0
14585 0
14586 2
14591 2
14604 2
14611 1
14624 1
14625 2
14627 2
14629 1
14631 2
14632 2
14633 0
14634 0
14635 0
14640 0
14642 2
14650 1
14651 2
14658 1
14662 2
14664 1
14666 2
14669 2
14671 0
14676 0
14681 2
14682 2
14690 2
14699 0
14716 1
14724 2
14728 3
14730 1
14731 2
14736 2
14737 2
14738 3
14750 2
14751 2
14752 2
14753 2
14756 0
14761 1
14773 0
14777 2
14779 2
14781 0
14787 0
14789 2
14791 2
14792 2
14793 1
14800 2
14801 1
14804 2
14805 2
14807 2
14808 2
14809 2
14811 2
14816 1
14817 2
14818 3
14821 2
14824 3
14828 0
14829 2
14834 1
14837 0
14844 2
14845 0
14851 2
14857 0
14865 0
14871 0
14873 2
14874 2
14876 2
14878 2
14880 2
14881 1
14883 1
14884 2
14886 1
14888 2
14894 2
14899 1
14903 2
14904 2
14905 2
14908 1
14911 0
14912 0
14913 2
14914 2
14916 0
14917 1
14919 1
14923 0
14924 1
14925 2
14931 1
14936 0
14945 1
14949 0
14951 2
14952 1
14954 2
14955 2
14960 2
14965 0
14966 0
14968 2
14971 0
14972 2
14973 2
14974 1
14978 3
14979 3
14983 2
14989 0
14996 2
15001 1
15002 0
15004 2
15005 1
15008 2
15009 2
15017 1
15022 2
15029 1
15034 2
15038 2
15039 2
15042 2
15043 2
15044 1
15045 2
15046 1
15050 2
15051 2
15055 2
15061 0
15062 1
15067 2
15068 2
15069 2
15070 2
15072 0
15081 1
15085 2
15091 1
15093 3
15094 2
15095 1
15100 1
15102 1
15103 1
15104 1
15106 1
15107 1
15109 1
15112 1
15114 2
15116 2
15117 2
15119 0
15120 0
15123 1
15124 3
15128 0
15129 1
15131 1
15133 1
15134 1
15135 2
15137 3
15138 0
15140 0
15142 0
15143 2
15145 0
15149 0
15160 1
15166 0
15169 3
15177 2
15181 1
15188 0
15189 0
15190 0
15191 2
15192 0
15194 2
15202 2
15211 3
15212 3
15215 0
15220 2
15225 1
15228 0
15231 0
15233 2
15240 0
15241 2
15242 0
15245 2
15246 0
15250 3
15261 2
15264 2
15265 1
15266 1
15267 1
15268 0
15269 1
15270 0
15272 0
15275 1
15276 2
15277 1
15278 3
15279 2
15282 2
15284 1
15296 2
15301 2
15306 1
15307 2
15310 1
15312 3
15316 1
15318 2
15319 0
15328 3
15329 2
15330 0
15333 2
15342 0
15345 0
15355 2
15358 2
15362 2
15363 2
15364 2
15371 2
15374 0
15375 1
15389 2
15390 0
15395 0
15403 1
15405 2
15413 2
15414 3
15417 2
15418 3
15423 0
15428 2
15432 1
15439 1
15440 1
15448 2
15461 0
15467 0
15471 1
15475 0
15480 1
15486 2
15488 3
15491 1
15492 0
15493 2
15499 2
15500 2
15502 1
15503 2
15505 0
15506 1
15509 1
15510 2
15513 0
15514 0
15516 2
15521 2
15522 1
15525 2
15528 0
15529 0
15530 0
15532 3
15533 2
15537 0
15539 0
15544 1
15552 1
15558 1
15562 0
15565 1
15566 0
15568 3
15570 0
15571 0
15573 0
15574 0
15576 1
15580 2
15588 1
15589 2
15593 0
15595 1
15596 3
15602 2
15603 1
15606 2
15607 1
15610 0
15613 1
15614 0
15616 0
15617 2
15619 0
15621 2
15628 3
15633 0
15634 0
15638 2
15639 1
15645 3
15647 1
15650 0
15652 1
15654 2
15656 0
15657 2
15658 2
15659 1
15670 3
15672 1
15676 0
15679 0
15688 0
15694 1
15695 0
15701 0
15703 1
15704 0
15707 1
15708 2
15711 2
15718 0
15721 2
15722 2
15723 0
15726 1
15730 1
15734 2
15738 2
15740 1
15741 1
15742 1
15744 2
15746 0
15747 1
15748 2
15749 1
15753 0
15754 0
15755 0
15758 2
15760 0
15761 2
15762 2
15765 2
15766 1
15769 2
15775 0
15776 2
15777 2
15780 0
15781 1
15782 1
15786 0
15788 1
15795 3
15798 1
15805 2
15810 0
15811 2
15816 2
15818 2
15820 1
15821 1
15823 0
15824 2
15825 0
15827 3
15830 3
15842 0
15844 2
15847 1
15852 2
15854 1
15856 0
15863 2
15868 2
15871 1
15872 3
15877 0
15882 0
15883 0
15886 0
15889 1
15892 1
15894 1
15895 0
15898 2
15899 1
15900 2
15902 1
15904 2
15908 1
15909 0
15910 1
15911 3
15916 0
15919 0
15920 1
15936 2
15957 0
15958 3
15959 1
15962 0
15963 2
15966 2
15970 3
15977 0
15979 1
15980 2
15983 2
15984 0
15988 1
15991 0
15992 0
15993 1
15996 0
15999 1
16000 2
16002 2
16008 0
16009 0
16011 1
16013 0
16015 1
16018 1
16021 0
16023 1
16024 1
16027 1
16032 1
16034 2
16036 1
16039 2
16040 2
16045 3
16046 0
16049 1
16050 3
16051 0
16053 1
16056 1
16058 0
16060 2
16061 1
16063 1
16064 2
16066 1
16071 0
16072 0
16073 1
16075 1
16076 2
16079 2
16082 2
16085 0
16086 0
16088 1
16091 2
16092 2
16096 2
16098 0
16104 0
16106 2
16108 2
16110 2
16112 0
16113 2
16114 2
16115 2
16116 1
16117 2
16118 1
16120 1
16123 1
16125 2
16126 0
16127 3
16131 1
16133 1
16134 0
16136 1
16137 1
16138 2
16139 2
16140 3
16141 1
16143 2
16144 0
16145 0
16146 2
16155 1
16156 2
16157 2
16159 0
16160 0
16164 1
16168 0
16178 1
16183 2
16186 2
16188 3
16195 2
16198 0
16201 1
16203 0
16204 1
16206 0
16207 0
16212 2
16213 0
16214 2
16215 1
16220 2
16223 2
16224 2
16226 0
16227 1
16231 1
16234 2
16235 1
16238 3
16241 0
16242 1
16243 1
16244 1
16253 2
16254 2
16255 0
16261 1
16263 2
16265 1
16266 2
16277 2
16279 0
16282 1
16288 1
16290 0
16291 2
16292 0
16294 3
16297 0
16301 1
16305 0
16306 1
16307 0
16318 0
16325 0
16330 3
16331 1
16333 1
16337 2
16344 2
16347 2
16356 0
16360 1
16365 1
16366 0
16372 1
16374 0
16375 0
16376 2
16380 0
16382 1
16384 0
16385 2
16386 2
16388 2
16393 2
16396 1
16397 1
16398 0
16404 3
16411 1
16412 0
16414 2
16415 2
16417 0
16420 2
16422 2
16425 0
16430 2
16433 2
16434 2
16437 1
16439 1
16443 2
16444 0
16445 2
16449 2
16451 0
16455 2
16456 2
16457 2
16461 2
16463 0
16470 1
16478 1
16481 1
16482 0
16484 1
16485 0
16489 3
16495 1
16505 0
16509 1
16515 2
16516 1
16517 1
16518 2
16519 0
16521 0
16522 1
16524 1
16527 2
16528 1
16540 2
16548 0
16549 2
16550 1
16551 2
16555 3
16558 2
16568 1
16569 0
16577 0
16581 1
16583 2
16586 2
16594 2
16600 1
16601 1
16605 2
16608 0
16611 0
16613 2
16614 0
16615 0
16616 1
16618 2
16624 2
16625 0
16626 2
16627 0
16628 0
16631 0
16632 2
16636 2
16643 2
16646 1
16648 0
16658 0
16666 1
16669 0
16670 0
16672 0
16684 2
16687 1
16695 2
16697 2
16699 0
16701 2
16704 3
16705 1
16706 1
16707 0
16713 0
16716 0
16719 2
16720 2
16722 2
16724 2
16726 0
16728 1
16730 0
16732 1
16733 2
16734 1
16736 0
16740 0
16741 2
16743 2
16745 0
16746 1
16748 0
16751 1
16752 2
16755 2
16759 1
16760 0
16765 2
16771 0
16774 1
16776 0
16781 0
16784 2
16786 1
16791 2
16799 1
16801 0
16807 1
16808 1
16811 2
16814 2
16815 2
16821 1
16824 0
16827 2
16829 1
16832 0
16834 1
16835 0
16839 0
16841 2
16843 3
16847 0
16852 1
16854 2
16855 1
16857 1
16858 0
16862 1
16865 0
16873 1
16874 0
16875 1
16878 0
16884 1
16885 0
16886 2
16894 0
16897 2
16907 0
16908 1
16909 1
16919 1
16923 2
16925 2
16926 2
16927 1
16928 2
16929 2
16930 2
16935 2
16938 0
16939 1
16946 2
16955 0
16956 1
16957 2
16959 2
16960 1
16965 0
16969 1
16970 2
16976 1
16978 2
16980 2
16989 1
16991 3
16997 2
17002 1
17007 0
17008 2
17012 3
17013 2
17022 0
17028 0
17029 0
17033 2
17035 2
17036 2
17037 2
17040 1
17042 2
17044 0
17046 1
17049 1
17050 1
17052 2
17054 1
17055 2
17056 2
17057 0
17059 0
17062 0
17066 2
17067 1
17068 3
17073 2
17075 0
17079 2
17085 0
17086 3
17087 0
17089 0
17094 1
17097 2
17099 2
17104 0
17106 0
17113 1
17118 2
17119 0
17123 2
17131 1
17133 0
17134 1
17135 2
17136 0
17137 2
17138 1
17140 0
17151 2
17153 0
17154 0
17157 0
17158 1
17161 2
17164 1
17167 2
17168 2
17175 3
17177 0
17180 2
17187 2
17188 2
17190 1
17191 0
17197 0
17206 1
17210 2
17211 1
17214 0
17215 0
17217 2
17218 1
17226 0
17227 1
17228 0
17231 0
17234 3
17235 0
17237 2
17239 1
17243 1
17244 0
17249 0
17251 1
17252 2
17256 2
17257 0
17260 2
17262 0
17264 0
17265 2
17268 1
17271 2
17276 0
17280 1
17285 0
17291 2
17292 1
17297 0
17299 0
17300 1
17303 0
17304 2
17308 2
17309 0
17310 1
17311 2
17313 2
17315 1
17319 0
17321 2
17322 2
17329 3
17331 1
17334 0
17336 2
17338 1
17341 0
17343 0
17347 0
17358 1
17360 2
17365 0
17367 1
17372 3
17376 0
17378 3
17381 2
17384 0
17390 1
17391 0
17392 2
17395 2
17396 2
17399 2
17402 1
17406 2
17409 1
17414 0
17418 0
17422 2
17424 1
17426 2
17431 3
17432 2
17433 1
17438 2
17440 2
17450 1
17455 0
17460 1
17463 1
17467 2
17468 1
17469 0
17472 0
17474 2
17475 0
17476 0
17477 1
17480 2
17485 0
17487 2
17491 2
17496 3
17497 3
17503 2
17506 2
17509 2
17512 1
17514 2
17515 3
17519 2
17524 2
17526 0
17529 1
17532 2
17536 2
17537 0
17539 3
17542 1
17544 2
17549 1
17550 2
17551 2
17552 1
17553 2
17554 2
17555 3
17556 2
17559 2
17560 1
17567 3
17568 0
17573 1
17574 1
17575 1
17576 1
17577 1
17578 2
17582 0
17587 0
17589 0
17593 2
17595 2
17596 1
17598 2
17609 1
17610 2
17612 2
17613 0
17616 0
17618 2
17620 0
17628 2
17631 0
17633 3
17636 1
17638 0
17639 1
17640 1
17642 1
17644 1
17649 1
17650 1
17652 1
17654 3
17657 0
17659 2
17660 2
17662 2
17663 1
17664 0
17665 2
17666 2
17669 2
17670 0
17672 0
17674 2
17675 2
17676 0
17682 0
17686 2
17689 2
17692 3
17693 3
17695 2
17696 1
17698 0
17699 2
17703 2
17706 1
17708 2
17718 1
17719 1
17723 1
17724 0
17725 0
17726 2
17727 1
17736 0
17737 2
17738 0
17739 1
17752 1
17753 0
17754 2
17756 0
17757 1
17759 1
17760 2
17763 0
17766 0
17767 1
17777 0
17779 2
17780 1
17785 0
17787 3
17789 1
17795 1
17800 2
17802 1
17807 1
17810 1
17811 1
17813 1
17819 2
17820 0
17827 1
17835 2
17837 1
17849 2
17850 1
17852 2
17855 2
17856 0
17867 0
17879 0
17887 2
17889 0
17895 0
17896 1
17899 0
17900 2
17910 0
17911 0
17917 1
17924 0
17925 0
17934 2
17938 0
17944 1
17945 2
17948 2
17952 2
17955 2
17960 0
17961 0
17964 0
17967 1
17968 0
17969 0
17971 2
17975 2
17978 0
17979 2
17984 0
17985 2
17986 0
17987 0
17989 1
17995 2
17996 1
17997 3
17998 2
17999 0
18000 0
18001 2
18008 1
18011 2
18013 0
18014 3
18015 2
18020 0
18023 3
18027 2
18028 1
18032 0
18033 0
18048 2
18052 0
18053 2
18055 2
18056 0
18057 2
18062 2
18066 1
18067 0
18076 0
18079 2
18082 0
18083 1
18084 0
18085 1
18088 2
18091 2
18095 0
18096 2
18098 2
18100 1
18104 0
18108 0
18110 1
18111 1
18121 1
18130 1
18134 2
18141 0
18142 1
18143 1
18146 0
18153 0
18154 1
18155 1
18156 1
18157 2
18158 0
18159 2
18161 1
18162 0
18163 0
18166 0
18167 1
18170 0
18175 1
18178 1
18186 2
18190 1
18194 3
18197 0
18199 2
18201 1
18203 2
18204 2
18207 2
18210 0
18212 1
18218 2
18221 2
18225 2
18228 2
18232 2
18233 2
18241 0
18247 2
18250 2
18255 0
18259 1
18264 1
18269 2
18271 0
18272 0
18275 1
18276 0
18277 0
18279 1
18282 1
18284 1
18291 0
18292 0
18293 0
18296 0
18297 0
18312 1
18319 0
18323 0
18324 2
18334 1
18337 0
18340 2
18344 2
18348 1
18349 1
18352 1
18358 3
18362 3
18363 1
18365 1
18366 2
18376 2
18379 1
18383 2
18384 2
18385 1
18387 2
18391 0
18397 1
18400 0
18401 1
18404 2
18414 3
18419 1
18420 2
18424 1
18425 0
18432 1
18434 3
18437 0
18443 2
18446 2
18452 2
18457 1
18463 0
18464 0
18471 2
18472 0
18475 0
18483 2
18487 2
18491 0
18493 2
18500 2
18503 3
18504 1
18516 2
18517 0
18519 3
18520 1
18524 1
18534 2
18535 1
18538 2
18541 0
18542 0
18545 2
18558 0
18564 0
18567 3
18568 0
18569 1
18574 2
18575 3
18579 2
18584 1
18586 2
18587 3
18589 1
18594 2
18598 2
18600 2
18604 2
18605 2
18609 0
18613 3
18614 2
18615 1
18616 1
18617 1
18620 2
18628 2
18631 0
18632 2
18633 0
18635 1
18638 0
18639 1
18640 1
18642 2
18643 2
18647 2
18648 2
18649 0
18651 1
18659 1
18660 1
18662 2
18663 3
18675 0
18676 2
18677 0
18682 1
18683 1
18685 0
18686 1
18692 2
18694 2
18700 2
18701 2
18704 1
18706 2
18707 1
18708 2
18710 2
18714 1
18715 3
18723 1
18724 0
18725 1
18726 1
18732 2
18734 2
18742 0
18743 0
18746 2
18747 1
18748 2
18756 2
18760 3
18771 2
18773 3
18775 1
18784 1
18785 3
18788 1
18790 0
18792 2
18795 0
18799 3
18801 2
18807 2
18819 0
18821 2
18824 3
18830 0
18831 2
18833 0
18835 0
18839 2
18840 2
18853 2
18859 1
18861 2
