16094 1
8192 2
16386 2
8196 1
9558 1
16392 3
16393 2
11457 2
16395 0
16396 1
14 0
10925 1
16400 1
16404 3
16405 2
8216 0
16409 0
8219 2
16412 0
8221 0
16415 2
16417 0
8226 2
8227 2
8228 2
37 0
41 0
8237 2
16430 2
14407 1
8240 0
8241 2
16434 2
2739 2
16438 3
8250 1
16445 2
62 2
16450 0
8259 2
16452 1
16456 2
74 0
16460 2
16461 2
8270 0
16463 0
16915 1
16465 1
5731 2
16468 2
87 3
88 2
90 1
16477 2
16478 1
5477 0
8288 2
98 2
16484 1
8293 1
8294 2
8295 2
104 0
8297 2
1383 2
16492 0
8302 2
8303 2
112 3
113 2
114 0
115 1
2750 1
8310 2
8312 1
8212 0
122 3
16507 1
1386 3
126 2
8319 0
16512 1
8322 2
16515 2
16516 1
133 2
16518 2
10945 2
16521 0
16522 1
8331 2
3661 2
8333 2
16527 2
144 2
8338 2
147 0
148 1
8342 2
8343 1
153 1
16538 0
157 0
158 3
16543 2
162 2
10312 2
8356 3
6875 1
8358 0
169 1
170 0
8363 1
16557 2
8368 1
177 1
16562 2
8371 2
8372 3
8373 2
16569 0
186 2
5293 2
1370 2
190 3
8383 2
16577 0
8386 2
8387 1
196 0
16581 1
8391 2
200 0
8393 2
16586 2
12322 2
8398 1
16591 2
16592 1
209 2
16594 2
16419 1
213 2
8407 2
216 1
16374 0
16603 3
220 2
221 3
8229 1
8418 2
16614 0
16616 1
234 2
8430 2
6009 3
16624 2
241 0
8434 0
8435 3
16628 0
8437 3
246 0
16631 0
16632 2
16633 0
250 1
8443 3
16636 2
16640 1
8449 2
16643 2
260 2
261 2
16646 1
13697 2
8460 2
8461 3
270 0
271 2
274 2
8468 0
16663 2
8473 2
8474 3
283 3
284 1
8477 0
18013 0
16672 0
289 2
8483 0
8484 3
8485 2
16433 2
8488 2
297 2
16682 0
6011 2
16684 2
8494 0
8495 2
8496 2
305 2
16691 2
308 2
309 0
8502 1
311 0
16697 2
8507 2
16700 2
17802 1
8510 2
15605 1
16704 3
13150 3
8515 2
324 1
8517 1
329 1
16714 0
332 2
8525 2
16718 1
16719 2
8530 3
16723 3
16725 1
8535 2
344 2
8538 1
8539 1
16733 2
8545 0
16738 1
16740 0
15078 2
16742 1
16743 2
16744 2
8553 2
15079 3
366 2
367 0
16755 2
8564 2
16757 0
16759 1
376 2
8571 0
16765 2
383 0
16768 2
16770 1
387 0
16772 1
8581 0
390 1
16775 1
16776 0
15084 3
394 2
8587 1
16780 0
66 1
8592 2
401 2
8594 1
405 0
6922 1
408 0
8601 2
410 2
8604 2
8608 1
8609 2
8610 1
419 0
420 1
8613 2
16806 1
16807 1
8616 2
8617 0
16811 2
8621 0
430 0
432 1
8264 0
16818 0
16819 2
14676 0
437 2
16823 0
8632 2
442 1
444 2
8266 2
8638 1
16831 1
8640 0
9632 1
8642 0
8643 1
16836 1
454 2
455 1
16841 2
16843 3
8655 2
464 2
6877 0
16854 2
1444 2
16858 0
477 2
16862 1
16865 0
13655 1
483 2
486 2
8679 2
488 2
489 3
8684 1
8687 2
498 0
16861 1
500 2
6910 2
502 2
504 3
16889 2
506 1
12843 1
2199 2
16893 2
8702 2
511 2
16896 1
517 0
8713 1
8714 1
8279 2
524 2
525 0
16910 1
16911 0
8723 1
532 3
533 0
535 0
8728 2
538 0
1455 0
8732 1
16926 2
544 2
16929 2
16930 2
547 1
8740 2
8296 2
16935 2
552 1
16937 2
16938 0
8747 2
556 1
558 1
93 3
11016 0
16946 2
563 2
565 1
8758 2
16951 2
8761 1
6020 1
8764 1
573 1
8766 2
8767 0
8769 1
8771 3
581 1
583 1
585 2
586 3
8780 1
16973 0
591 1
16976 1
16977 0
594 0
595 1
16980 2
597 1
9657 0
16984 1
16985 1
603 1
8796 0
8797 3
16991 3
16992 2
16993 2
8802 1
611 1
8804 1
8805 2
8807 2
17001 0
17002 1
8812 2
17005 1
8814 2
1469 2
8816 0
4200 3
8819 1
629 1
630 0
16489 3
633 2
13759 0
636 2
17021 0
17022 0
8831 0
8832 2
641 0
8834 2
643 2
17028 0
8837 0
17031 2
8841 2
8842 2
17036 2
654 0
8847 3
8849 2
17042 2
1475 1
16494 0
8855 1
17049 1
8858 2
667 2
17052 2
8862 2
17055 2
17057 0
674 0
17059 0
17061 2
8871 2
8872 2
8873 2
17066 2
1479 3
17068 3
841 1
693 2
17078 2
18069 0
6943 2
8892 1
702 1
17087 0
17089 0
8898 1
17091 0
708 2
709 1
17094 1
17097 2
714 1
17099 2
17101 3
8910 2
8912 3
8913 1
8914 2
2851 1
1486 0
8919 2
8921 2
730 2
9679 1
733 1
17119 0
14209 0
737 2
738 2
17123 2
8932 0
17125 2
8934 1
744 2
745 1
8938 2
8939 2
16201 1
749 0
750 2
8943 1
8944 1
2856 2
8946 0
9683 0
8948 2
757 2
17142 0
8953 1
8955 1
764 2
17149 3
766 1
17151 2
128 1
8963 2
774 1
17159 3
17162 0
8734 0
16514 2
8974 2
17167 2
17168 2
16972 1
8978 1
787 2
788 2
8981 2
790 2
791 1
17176 2
12420 2
794 2
795 2
17181 2
798 2
8991 2
17184 1
801 2
803 2
17188 2
8997 0
17191 0
17193 2
810 0
17245 1
9009 2
17202 0
9011 2
9012 3
17205 1
17206 1
9015 0
17208 0
825 2
17211 1
8330 2
6965 2
832 2
17217 2
17218 1
139 3
17220 1
837 0
17225 0
17226 0
844 2
17229 3
9038 2
17233 2
17235 0
852 2
17237 2
10394 0
17239 1
856 0
9049 2
859 2
861 2
9054 0
9055 0
9060 3
17254 1
9063 1
17256 2
17257 0
17260 2
9070 2
879 2
880 0
17266 0
17267 0
16669 0
888 2
9082 2
9083 1
892 2
2188 2
894 2
17280 1
17281 0
9090 1
17283 0
17284 0
9093 1
9094 0
9095 2
904 1
151 1
9100 2
17293 0
910 1
911 2
9104 2
12440 2
9106 0
9826 2
916 0
9109 3
17302 2
9111 2
9112 2
15172 2
17307 2
17308 2
17310 1
17313 2
930 0
17315 1
932 3
17317 1
9129 2
17324 2
8349 2
9136 2
17330 3
17331 1
17333 2
9142 0
951 0
952 1
17338 1
159 2
957 2
961 1
964 3
9158 3
17351 1
17353 1
15308 1
16546 0
17358 1
9169 0
17362 2
8355 0
17364 2
17365 0
17367 1
17368 1
15854 1
7125 0
17376 0
11217 2
17379 2
17381 2
9190 0
17383 3
17384 0
1002 0
17388 2
6994 1
17391 0
15582 0
9201 0
17395 2
17399 2
9209 1
2216 1
9212 1
17405 2
17406 2
9215 0
9216 0
17409 1
17411 1
1028 1
1030 2
1032 1
1034 2
11095 2
9228 2
9229 1
17422 2
173 2
1040 0
17426 2
9236 1
17429 0
9238 0
7001 0
17432 2
13828 1
1052 0
1054 2
17442 3
17446 1
9257 0
17450 1
9261 0
9262 2
1071 1
9264 1
17458 2
1077 2
9270 2
5641 0
9272 3
9274 2
1083 0
17468 1
17469 0
17470 0
1089 3
17474 2
17476 0
1094 3
9287 0
17480 2
1098 2
1100 0
17485 0
8220 0
17487 2
17488 2
9297 0
17491 2
17492 1
17493 0
17494 2
9307 2
9308 1
1118 2
2917 0
9312 2
9313 0
17506 2
9316 0
17509 2
9319 2
17512 1
9321 0
11111 3
17516 2
17518 0
1135 2
17520 1
1137 0
1138 2
17523 2
1141 1
9336 2
9337 3
17532 2
9341 2
1150 2
9344 1
17539 3
1156 3
5654 2
17542 1
193 1
9352 1
17549 1
17550 2
17551 2
1168 3
9362 0
9364 2
15214 1
1174 2
17559 2
1177 2
17562 1
17563 2
17564 2
17565 0
1183 0
17570 2
17571 1
17572 2
1189 2
17574 1
1191 3
17576 1
17577 1
17578 2
199 1
1196 2
9389 0
1200 0
2686 1
17586 2
1203 2
9396 1
9397 2
9398 1
9402 2
17595 2
9404 0
202 2
17598 2
16680 1
1217 2
1218 2
17603 3
17604 0
1221 2
17607 2
9418 1
17612 2
9421 2
2936 0
17618 2
9427 2
9428 2
16590 3
1238 2
1241 2
427 2
1245 0
1246 3
17631 0
17633 3
1251 1
9446 1
17639 1
17640 1
17641 1
17642 1
17959 2
8402 2
3588 0
7037 1
1264 3
1576 1
17650 1
9459 2
17652 1
9461 2
17654 3
9044 0
9465 1
9467 2
17660 2
9470 2
17663 1
17664 0
9473 1
17666 2
1283 2
1284 1
9477 2
17670 0
9481 2
17674 2
1291 0
12504 0
1298 2
9491 0
9492 2
17685 2
9494 1
12505 1
1304 2
17689 2
9499 2
17692 3
17693 3
17695 2
17697 0
17699 2
1319 0
1321 2
1322 2
17707 2
1324 2
17710 2
8413 2
17713 0
1330 0
1331 1
9065 2
317 2
17719 1
17721 2
1338 1
9531 2
1340 2
1341 2
17973 2
1700 2
15243 1
9540 2
9543 2
17737 2
1354 1
1355 1
2500 2
45 1
17743 2
9554 2
1363 2
10411 2
1366 0
9562 2
17755 0
17756 0
17757 1
1375 2
1377 2
1380 0
17767 1
17768 2
9578 1
1387 1
16485 0
9583 2
8424 2
1395 1
9588 2
9590 2
17783 2
9592 1
17785 0
17786 2
17787 3
9597 2
1408 0
17984 0
17794 1
17795 1
7062 0
9606 1
1601 1
1416 3
1418 0
9611 2
16267 2
1422 2
9615 2
9616 0
17810 1
17811 1
17813 1
9623 2
9626 2
17819 2
1436 1
9630 2
17989 1
1440 2
4483 0
17828 3
9637 1
9639 2
5571 1
17835 2
12869 2
7069 0
9648 2
17992 2
1458 2
17843 2
2410 2
17847 1
1465 2
17850 1
9659 1
17852 2
2231 2
1470 2
1473 1
17858 0
1611 3
9669 2
1478 1
9671 1
9673 1
1482 1
1483 2
9676 2
7074 2
9678 3
1613 2
1488 1
17875 0
9684 1
1614 1
18326 0
17879 0
17880 0
9691 3
9692 2
17887 2
17893 0
9702 2
17895 0
9705 0
17900 2
1523 0
9719 1
17236 3
9812 0
9722 2
9724 1
9726 2
256 1
1538 2
17924 0
17925 0
1542 2
18281 0
9740 2
9741 2
17934 2
17935 1
17937 2
17939 0
9493 1
7086 0
1558 3
2234 2
17944 1
1561 2
1562 0
7087 1
17948 2
17949 2
17952 2
17955 2
17956 2
17957 0
1575 1
9768 2
17961 0
9770 1
17964 0
9773 2
17966 1
1583 2
1586 2
9781 1
1590 2
1591 1
17976 0
17979 2
1596 2
17982 2
9791 2
9792 2
17985 2
9795 0
9796 0
1605 0
1608 1
9801 2
1610 1
17995 2
17997 3
17998 2
18001 2
1618 1
9811 0
18004 2
11677 2
1622 2
11193 0
18008 1
9817 2
12013 2
9821 2
11511 1
1634 2
9829 2
1639 2
1640 2
1641 2
9838 1
18032 0
4371 2
1652 2
1653 2
9833 2
1656 3
1658 3
15295 2
9852 0
1661 1
1662 2
1664 1
9857 0
1666 2
1668 2
1670 0
1671 1
18056 0
18057 2
1674 2
9868 1
1677 0
18062 2
9872 1
6057 2
18066 1
1646 0
9879 0
9882 1
1691 2
1693 2
1694 2
1695 2
9889 0
9891 3
18084 0
1701 2
1702 2
1703 1
18088 2
18091 2
9902 0
1711 2
1712 1
18098 2
1715 0
1716 1
1717 2
1719 2
9916 1
3018 2
18110 1
9845 1
9886 0
8480 1
18114 2
18118 1
1736 0
18121 1
1738 2
18123 2
18126 0
9936 1
1746 2
16675 0
1748 0
1750 1
1751 2
13946 0
18142 1
1760 0
18146 0
18148 0
1765 1
9958 0
1767 2
1769 2
18154 1
18155 1
18156 1
18157 2
18158 0
1775 0
8788 2
18161 1
18163 0
10541 2
9854 1
18166 0
18167 1
3028 2
1786 1
1788 2
9982 1
1791 3
18176 2
18178 1
1798 1
1800 0
300 2
9995 2
9999 2
10000 0
1809 2
18199 2
18200 2
18201 1
18202 1
18203 2
18204 2
3034 2
18207 2
10016 1
10019 3
18212 1
18214 2
18216 2
18217 0
10026 2
10027 2
1837 2
10030 2
10031 2
18224 0
18225 2
10034 1
12595 2
10036 2
11230 2
10038 2
1847 0
18232 2
18233 2
18234 2
18235 2
1852 1
10046 2
10048 2
10049 2
1858 1
10053 1
18246 2
18247 2
10056 2
1866 2
12599 2
13288 2
18254 2
18259 1
18264 1
10077 1
9610 2
18271 0
10080 2
1889 2
1890 0
18275 1
18276 0
15334 1
18279 1
10088 1
1897 3
18282 1
11239 2
18284 1
18287 1
1904 2
10099 2
18292 0
18293 0
2381 2
1911 0
10104 1
10105 0
319 2
1918 2
7214 2
1920 2
1921 2
18306 2
1923 2
1924 2
5782 0
18310 3
8513 0
18312 1
1929 0
10123 2
10125 1
18320 0
10129 2
10130 2
18324 2
10134 0
1943 0
9612 0
10139 2
1949 2
1952 1
18337 0
10149 1
10151 3
18344 2
1961 2
1962 3
4423 2
18348 1
1965 2
18352 1
10165 3
10166 2
1975 1
1978 0
1979 1
18366 2
10175 0
13705 0
10177 2
10179 0
18372 1
3885 2
1990 3
18375 1
1992 2
8524 2
7977 1
18383 2
18384 2
5795 3
10196 1
2006 1
18393 2
18394 2
18395 1
9887 3
18397 1
10207 2
10208 2
18402 0
18404 2
10213 2
4596 1
338 1
7165 0
10226 1
18419 1
3732 0
15358 2
18424 1
4436 2
2043 1
10236 1
10237 0
4437 3
18434 3
2052 2
15562 0
2057 2
18442 1
18443 2
18446 2
10256 0
10257 2
15363 2
10260 1
10261 2
2072 2
2073 2
10267 0
10268 1
10269 0
18464 0
18465 1
18467 0
10276 2
18470 1
10279 2
18472 0
10281 2
2091 2
5810 0
10286 1
18479 0
10288 1
2098 2
18483 2
2102 2
18487 2
2104 3
10298 2
18491 0
3082 2
10304 3
2113 2
10306 1
2116 2
10309 3
10311 2
2120 2
2121 0
10314 0
10316 2
10317 1
2126 0
2127 0
2128 1
2129 1
18514 1
18515 2
10324 1
2133 1
10327 1
2137 2
2138 2
3087 2
10332 1
16741 2
2144 2
18529 0
10340 3
358 1
18534 2
2152 2
10345 2
18538 2
15893 0
890 1
10351 2
2160 1
2164 2
10358 2
16745 0
2169 0
1727 0
10366 2
7189 2
2176 2
2362 2
178 0
618 1
2183 2
18568 0
2185 2
18570 2
18571 1
10380 1
2189 0
14803 2
2191 1
10384 0
18579 2
2196 0
2198 1
10391 1
10392 2
2202 2
15386 2
16713 0
2207 1
2209 0
18594 2
10403 0
2212 1
10407 2
18600 2
10410 2
5831 0
10412 2
12658 2
18607 1
2225 1
10420 2
10422 2
10423 0
18616 1
10426 1
2235 2
10429 2
10430 0
16817 1
9349 2
10434 2
18628 2
18629 2
18632 2
18633 0
12663 2
18636 2
18637 1
2254 2
2256 0
18642 2
2260 2
2261 1
3108 2
2266 0
18651 1
18079 2
10462 0
10464 1
2273 1
2275 2
2276 0
2278 2
18663 3
2280 1
18665 2
10475 1
2284 2
2285 2
2286 2
76 2
10482 0
10484 2
10485 1
10486 2
16716 0
2297 2
2298 1
18688 1
384 1
10498 2
2307 2
2309 2
18694 2
2311 0
10505 2
288 3
10510 0
18704 1
18706 2
10515 0
2324 2
10517 1
18710 2
10521 2
18714 1
10523 2
2333 2
18719 0
10530 1
18724 0
10533 2
10534 2
18729 0
17536 2
18733 2
18734 2
18735 0
2353 1
1758 3
2358 1
2359 3
18746 2
2364 2
7221 0
2368 1
2369 0
18754 2
10563 2
2373 1
13718 2
18759 1
18760 3
2378 1
16446 0
10573 1
18769 0
2387 2
10580 0
2389 2
10582 1
2392 2
2393 3
2395 0
10589 2
10590 2
10592 2
10594 2
2404 1
18150 2
18790 0
8809 0
80 1
10601 1
10602 2
2412 0
10605 1
10607 1
10609 0
10611 0
10612 2
18806 2
18809 2
2426 1
2427 2
18812 2
10621 2
10622 2
18815 2
10624 0
16983 0
10628 2
2437 1
81 0
2440 2
1772 0
10634 1
16791 2
10636 1
10637 0
18832 1
12696 1
18834 1
2452 2
18837 2
18839 2
7236 2
2458 0
18844 1
2462 2
18847 3
2465 1
10660 2
18853 2
2470 2
2472 2
412 0
2475 1
16722 2
18861 2
2478 3
2482 2
10676 0
10679 2
18164 1
2490 2
2491 0
15434 2
2494 0
17541 1
10689 3
2498 2
10692 1
1782 1
2503 0
10697 0
1783 1
2508 0
10701 2
10702 2
8611 2
2516 2
2517 0
10710 2
10711 2
8612 0
10714 1
16178 1
10716 1
2525 1
2527 1
2531 1
4518 1
10726 2
2535 2
10729 1
423 2
16997 2
2544 0
4520 0
2546 2
2547 1
903 0
1790 2
10742 2
2551 0
3156 0
10746 0
10749 1
2558 1
10753 2
10754 2
2563 2
10757 2
2566 3
10761 0
2571 1
8269 0
10771 1
10773 1
10774 1
9906 2
10777 1
2586 1
10779 3
10780 0
2589 0
10782 0
10783 3
10784 0
10785 2
10789 2
2599 2
10792 0
2603 2
18363 1
10798 0
10802 0
435 1
10805 0
10001 0
2615 2
2616 1
10809 1
10812 1
2621 1
10814 1
2624 2
6634 0
2627 2
10822 1
2631 1
10825 0
2634 2
10828 1
10831 2
2640 2
10837 2
2646 2
10839 0
10841 3
4538 2
2654 2
2655 2
10850 1
4539 1
10852 2
10853 2
18193 1
10861 2
10863 0
10864 2
10865 1
10866 0
446 2
18294 1
10877 0
10878 2
10880 2
10881 2
2690 0
10884 0
10887 2
2272 0
2703 0
1181 3
10897 3
10898 0
2707 0
10901 2
1817 1
2712 0
10906 2
2715 2
16730 0
10911 2
10913 3
2722 1
1819 0
10916 2
10918 2
7183 0
2731 3
2733 2
2736 0
2738 3
11379 3
2742 2
4553 2
2744 0
2746 0
2747 2
10940 2
10942 0
2751 0
2753 2
2754 2
2755 0
2756 2
2757 0
2758 2
2762 2
3191 2
2764 3
2767 1
2769 0
1827 2
2778 2
16847 0
10973 2
2782 1
2783 3
8276 1
16848 2
2791 2
2792 2
2794 3
2795 0
10988 0
2797 3
10991 1
10992 2
2801 2
10994 1
2803 2
2806 3
2807 3
11391 0
11004 2
18218 2
2817 0
1835 1
2824 2
11017 0
2826 2
7732 1
15491 1
1838 2
8665 2
9369 3
11034 2
11036 2
8666 2
11038 2
11041 2
11042 2
4571 0
11045 2
2854 1
1841 2
11048 0
11050 1
11051 3
11053 2
11055 2
11056 0
11059 0
478 1
11401 0
11065 2
2874 0
2878 3
1845 0
2880 2
11073 1
2882 2
2883 0
2884 0
18230 0
11078 2
11079 2
11082 2
2891 2
2894 3
8675 2
11093 0
11094 1
2903 2
11097 1
17789 1
11100 0
2909 1
2910 1
2911 2
11109 2
2919 0
16464 1
2925 2
11118 0
2927 2
2930 0
2934 0
16873 1
11128 2
11129 2
11132 2
2944 2
11137 2
17556 2
11139 1
1857 2
2952 2
11148 2
11149 0
2959 2
11152 2
11162 2
2973 2
2975 1
11169 3
3227 3
2983 2
2984 2
2985 2
11180 0
4594 1
11421 2
2992 2
2009 0
2995 2
2951 2
11191 2
3000 2
3001 2
11194 2
18250 2
8693 2
11201 0
16886 2
15521 2
11209 2
1737 1
9375 0
2010 1
3025 1
3026 3
11220 1
3030 1
3033 0
11226 2
3036 0
3038 1
3039 1
3040 2
3042 2
13550 1
3238 2
11238 2
3047 0
3048 3
3049 2
12797 1
5203 2
3058 1
14163 0
3060 1
102 1
3070 2
512 1
3074 1
11267 2
3076 2
3079 2
11272 2
3081 2
11274 2
14167 0
7341 0
921 2
11285 0
3095 0
11288 0
3100 0
11293 2
3102 2
11295 2
3104 0
3105 1
3107 2
11300 2
3110 2
3114 3
11307 2
9651 1
9186 2
18269 2
11312 2
11313 1
3124 2
3125 0
3252 3
3131 0
14016 3
11327 2
11328 2
1888 2
3141 2
11334 2
11335 2
11336 2
16908 1
3146 0
11339 2
11340 2
11343 2
11344 2
5531 3
10083 2
11348 1
8718 2
11350 1
11354 2
11450 2
10471 1
3171 2
11364 1
3177 3
3178 1
3181 3
15549 1
13745 2
3187 2
10089 2
3193 1
3195 2
11388 1
3199 3
3200 0
11393 2
11395 0
11397 2
3206 2
3207 2
3208 2
3209 2
4744 1
3214 1
3215 2
3216 2
11409 1
3218 3
15555 1
3220 1
11414 1
3225 2
10095 2
1744 2
18111 1
3230 1
3231 1
11425 2
16923 2
3236 0
3237 1
11430 0
3239 0
11433 2
11434 2
11435 2
3244 0
3246 2
10201 1
11444 2
3253 1
3254 1
3255 1
3258 2
11451 1
11452 2
3261 1
3263 2
16928 2
11458 2
11459 0
3268 2
11461 1
3270 1
8737 2
11464 2
9929 2
17567 3
11471 2
3282 0
8739 3
7374 3
3286 1
3287 2
3288 2
548 1
3291 2
11484 1
11487 0
5838 2
11491 0
3303 1
3305 1
7093 0
551 1
11502 2
11504 3
3313 2
3314 3
11508 2
3318 0
553 1
3320 2
15572 1
11514 2
3323 2
3324 2
11518 2
3327 0
3330 1
11523 1
11525 1
6017 2
11532 2
3347 0
11540 2
3349 2
3350 2
6931 2
3353 1
3354 2
559 0
3358 0
3359 3
11554 1
3363 1
6022 2
11559 2
11562 1
3371 0
3373 3
12649 1
3375 2
11570 3
3380 1
3381 1
11574 2
4660 2
11579 2
3389 2
3393 1
3394 2
3395 1
11588 1
566 3
3399 0
3400 0
14025 1
8759 1
3406 1
1401 2
7395 1
11232 0
3414 0
14571 2
11612 3
3422 1
11615 1
3424 3
3427 2
11620 1
3429 2
3434 1
3435 3
3438 0
12861 2
3440 1
3443 0
11636 1
574 0
3446 2
11497 0
3448 2
3449 2
3454 0
11648 1
15595 1
11652 2
11653 0
11654 0
3463 2
11661 2
3470 1
7405 2
3478 2
11672 2
3483 1
3485 1
11678 0
8773 2
7408 2
3490 2
11683 0
11684 2
3495 2
8775 0
3501 1
3502 2
10141 0
3504 2
3505 0
11699 1
11704 2
11707 2
296 0
11709 1
117 0
3521 2
3524 0
588 1
3118 0
11724 2
8781 3
17303 0
11734 1
11738 1
16975 1
3548 3
11742 0
11743 1
11744 2
17849 2
3556 0
3557 2
3119 2
3564 3
3566 1
11761 1
8787 2
11764 2
11766 0
11767 1
11768 2
3577 0
11771 1
3581 0
3582 2
11776 2
3585 2
11779 0
11780 3
1964 2
11786 1
3595 0
3599 1
3602 0
6062 3
11798 2
601 1
11800 2
3612 0
10826 0
11808 1
7389 2
3619 2
3621 2
666 0
11815 1
3628 0
16989 1
11825 2
3634 3
11827 0
11831 1
11833 1
11836 0
11837 0
11838 2
11841 2
3651 0
3652 0
18358 3
3655 1
5850 2
11849 0
3658 2
11851 1
3660 3
16994 2
11856 3
3666 0
11861 1
3670 0
11864 2
3674 2
3675 1
3676 2
3678 2
4709 1
11873 1
11874 1
10171 0
11876 1
11877 2
11878 1
11880 1
11881 1
4498 2
11885 0
11887 2
3696 0
11889 1
10321 0
3702 2
12905 3
3704 1
3706 2
3709 2
3710 0
11904 1
3713 2
3715 1
3717 2
3397 0
3719 2
11912 2
11913 1
15639 1
3727 2
3730 2
3731 1
11924 3
622 0
15641 0
1988 2
8815 2
5580 1
3741 2
17008 2
5853 2
3747 1
11941 2
11944 2
13764 2
18376 2
13282 2
627 1
3766 3
1762 0
11963 2
3772 1
18052 0
8309 2
3777 2
3779 1
3784 2
3786 0
4727 1
3788 2
4728 2
14286 1
11990 1
4729 2
3800 2
3801 3
6946 2
11997 0
11999 2
3809 0
8827 2
12006 0
127 1
3821 2
3822 3
17581 1
3834 2
12028 0
12029 0
9675 1
12032 2
12037 2
3849 0
16495 1
11565 1
18132 1
12053 1
3862 2
12055 2
12057 1
11567 0
3869 0
3876 2
4742 1
3879 2
3880 0
12073 1
3882 1
12077 2
3887 2
1202 1
3889 2
12082 0
12083 2
6110 0
12086 1
4745 1
3897 0
650 1
11573 2
12100 2
3382 0
12102 0
12104 2
12105 2
12109 2
12110 2
12113 2
17038 1
12118 2
7481 1
4768 2
3932 3
12126 2
3935 0
7496 0
15134 1
3387 1
657 3
12136 2
12137 2
12139 2
16771 0
12141 1
3950 0
12144 1
12152 1
12154 0
12157 3
12159 0
3973 1
3976 2
12170 2
663 2
12173 0
12175 2
3984 1
3985 2
3986 0
7491 2
3989 2
3990 0
12184 2
3994 0
638 0
12188 2
3997 2
3998 0
3999 0
8810 2
4003 1
4006 2
6129 2
4009 3
4010 2
12206 1
4017 2
12210 2
4019 1
4766 1
4027 0
10229 1
12225 2
12228 1
4038 0
1771 1
12233 0
4042 2
6135 2
4046 1
12243 2
12244 2
1226 1
4772 0
4058 2
4059 3
12252 2
4062 1
12257 0
12258 2
18427 3
12261 1
12266 2
12268 2
15957 0
4080 3
680 0
4085 1
4087 0
2047 2
4093 1
4096 0
4779 1
4102 3
4103 2
12972 2
4106 2
12300 2
14867 0
12306 2
4118 2
15705 1
12312 0
12314 2
4124 2
4126 0
10503 2
18141 0
4131 0
12324 2
14323 2
3420 2
12333 1
4143 0
4146 0
4148 1
4151 2
12344 2
4153 2
12346 0
12348 1
12349 1
12351 2
12353 0
4162 0
12355 1
4164 0
7916 2
18415 2
12360 1
7231 0
17136 0
4173 2
4176 3
12370 2
12372 0
4184 2
12377 2
12379 1
4191 2
4192 2
4195 1
12388 2
12389 2
12390 2
12392 1
4201 2
4205 2
4797 2
15143 2
4210 3
4214 0
7529 2
16285 0
4221 2
12417 2
4228 1
12421 0
12422 2
12424 2
12426 0
4235 2
4802 1
12431 3
12432 2
10264 0
4242 0
17872 0
4245 2
18457 1
4248 0
4249 1
3439 0
6961 1
4256 2
12450 0
12451 1
4262 2
12456 1
12459 1
15730 1
6416 3
16509 1
12464 0
12465 1
4277 2
713 0
12472 1
12473 1
12476 2
8906 2
12478 0
12481 0
11638 2
12486 2
12487 0
12488 0
4298 0
11639 1
4300 0
4302 1
12495 2
12496 1
4305 1
12498 2
2083 2
12500 2
4309 2
12502 2
11641 2
4312 2
4313 2
4319 0
12512 1
12513 2
4322 1
4323 2
4324 2
4325 2
4327 1
12521 2
2087 2
12524 1
4333 2
4335 2
4336 0
4337 2
4338 1
12531 0
4341 1
4342 2
12536 1
12537 3
12539 2
4349 2
4351 1
12544 0
4354 2
4355 2
4359 2
6419 2
12553 2
12554 3
17111 2
15421 0
12558 0
4367 3
4369 2
12563 2
4374 2
12567 1
8329 0
12569 1
4378 0
4379 2
4380 2
4383 2
4384 2
12578 0
12579 0
4389 2
4390 1
3965 2
12588 2
12589 1
4399 1
12592 2
4402 1
2099 2
8200 0
14604 2
15753 0
4408 2
4409 1
4414 2
12613 1
4422 2
12615 2
4425 2
12968 1
12850 2
17122 0
12622 1
12623 0
12624 2
10296 1
4435 1
12628 1
15758 2
6883 3
4439 2
12632 1
740 2
12635 0
12636 0
12638 2
4448 1
4449 2
12642 0
12643 1
742 0
12647 1
4457 2
4458 2
12652 2
15762 2
4463 1
4464 2
12657 2
4466 2
12660 2
4471 1
4472 2
12665 1
12667 0
12668 2
746 2
4480 1
12674 3
4843 2
4484 1
4485 2
12678 1
4487 2
12681 0
4490 1
16833 2
12684 1
14402 0
12686 2
17133 0
8462 0
3480 2
12690 0
4501 0
12695 3
4504 2
18500 2
4507 1
4509 1
4510 1
4511 1
12704 1
12705 2
12709 0
12710 1
4519 0
12712 3
15772 2
9425 1
12715 2
4524 1
12717 1
4527 1
4528 2
4529 2
8947 1
4532 1
4534 1
12727 1
4536 0
4537 2
12730 1
12731 0
12732 1
12734 0
12737 1
12739 2
12741 1
12742 1
12745 2
12747 2
5213 0
4557 1
4559 3
12754 2
12757 2
303 2
12759 1
4569 0
12763 2
12764 0
12765 2
4574 3
12767 3
12769 2
14337 1
4581 1
12774 1
14417 0
12778 0
4590 0
4591 0
4593 2
12786 0
4595 1
12788 2
12790 0
12792 1
2132 0
12794 3
12795 0
4605 2
15429 2
4609 1
4610 1
11460 0
12809 1
12813 2
4622 2
12815 3
4624 1
14424 1
4626 2
12820 2
12821 0
4630 0
4632 2
4633 2
12828 0
4637 1
11696 2
12836 3
12839 0
12840 1
12841 1
12842 2
775 2
4652 3
4653 0
12847 2
4656 1
4658 2
4659 2
12852 2
4662 0
4665 2
4669 2
12862 2
4671 0
12865 2
4674 1
4677 1
12870 1
14433 2
12872 2
12874 1
4684 0
4688 1
5323 2
4694 1
4697 1
2149 2
4706 0
7611 1
4708 1
10342 2
12902 1
4712 2
4713 0
4714 1
12907 0
12908 0
12909 2
18144 2
4721 2
4723 0
4726 1
12919 1
12920 1
4884 0
4730 1
4733 2
4734 2
17173 1
4736 2
12930 2
2150 2
12932 1
4741 1
12934 0
12433 2
9978 2
12940 0
4753 2
12946 1
4755 1
4758 0
12953 2
6255 2
4764 0
12957 1
12958 0
12960 2
12961 2
12963 1
12964 2
5269 0
4776 2
12971 1
4780 0
12975 1
4784 1
15816 2
12981 1
4792 2
12986 2
12989 2
8992 3
12994 1
4803 3
4805 1
4806 1
4807 1
4808 1
4809 2
4811 3
13004 2
4813 1
4814 2
4815 2
4816 1
13010 0
13014 2
4826 1
4827 1
6266 2
4830 0
13023 2
13024 2
13027 0
13028 0
4837 2
4838 0
4839 0
8999 0
4845 2
6269 1
13041 2
13042 2
13043 2
4852 0
13045 1
4856 1
11732 0
13051 2
4860 2
13053 0
4863 1
4866 0
4867 0
13060 0
9034 0
10369 2
4874 2
9164 0
4877 2
4878 0
13074 0
13075 2
13076 3
13077 2
13078 0
4887 1
11845 2
4892 0
13087 0
4896 3
4897 2
4899 1
4900 0
13096 2
13097 2
436 2
4908 1
4909 0
4911 2
13107 0
4916 2
13110 1
13112 1
13108 0
13114 2
4929 0
9555 1
4931 2
7802 0
4934 1
18572 0
13133 2
13135 2
4944 0
4920 0
15843 0
4948 2
15986 1
13142 1
4952 2
13147 1
13148 2
4958 2
4959 0
13153 2
9019 1
13160 1
4971 2
13164 2
15714 1
16618 2
13168 2
13169 1
4978 1
4979 1
2979 2
13173 2
8622 2
4985 1
4986 2
658 0
13182 0
166 1
13184 1
13185 1
4995 1
13189 0
11756 0
13195 0
13196 0
5005 3
5008 0
13201 2
13123 2
13204 2
13205 2
13207 1
13208 2
13209 2
13210 2
5021 2
13214 1
9029 0
13216 0
13220 2
5030 2
5031 3
5032 0
5035 2
8351 1
5037 2
2350 2
5044 2
13237 1
5046 2
9033 1
3572 1
13245 2
5054 1
5058 2
5060 3
10401 2
13256 1
13259 2
12171 2
13261 2
13262 2
845 1
5072 3
13267 2
5077 1
13270 3
1834 0
13275 2
13276 2
13277 2
13278 2
13279 2
5088 1
13136 2
5090 3
13283 2
13284 0
13286 3
13287 2
5096 1
13289 2
13290 1
5100 2
13295 1
12445 2
13297 0
851 0
13300 2
13301 2
5113 2
13307 1
9045 2
13312 2
5121 2
5122 2
18603 0
13317 0
5126 0
13320 2
18604 2
13322 2
11218 1
13324 2
13329 2
5138 0
13331 2
13332 2
4573 1
13334 0
13337 2
2899 2
10537 2
13342 2
416 0
717 0
5156 0
13349 0
5158 0
4956 0
13355 2
6173 0
5165 0
5167 1
13360 2
13363 2
13364 3
862 0
13366 0
13371 3
13373 2
5185 0
5186 0
13379 0
6963 2
18614 2
5191 2
18615 1
5196 2
5197 3
13390 2
13395 2
13399 2
5209 2
6859 1
5211 2
13405 2
5214 2
10427 1
13413 2
13414 2
13415 0
5224 0
5226 1
13419 1
13420 3
5230 0
13424 2
16814 2
13435 2
5244 0
5247 2
5248 0
5249 2
5251 2
5255 0
13448 0
15895 0
13292 0
5358 1
13458 0
5267 0
13461 0
13464 3
17263 0
13474 0
5283 2
5285 2
5288 1
7708 1
5291 0
5292 2
13485 2
13489 0
10542 2
5301 0
13495 0
13497 1
5306 1
2086 0
13500 0
14538 2
4981 2
13504 2
7712 2
13506 1
2251 2
7542 2
13510 3
17635 0
13512 1
5321 3
5322 2
13515 1
7714 0
13518 2
13520 2
10543 2
11811 2
1672 3
5336 1
5340 2
13178 0
13534 1
13535 2
5345 2
15910 1
5351 0
5352 1
17276 0
13547 2
13549 2
6725 0
13551 2
13552 2
5361 2
5362 2
5363 3
4990 2
13559 2
5368 0
5373 1
5374 1
14549 2
5376 2
9088 3
5378 2
5379 1
5380 1
13573 2
5382 0
15916 0
13578 2
5389 2
13586 0
13587 2
13590 2
5399 3
13593 1
13595 0
13596 2
4997 2
13600 1
13602 2
13603 0
13605 2
13607 2
13608 2
18652 2
13610 1
5419 2
11826 2
5422 2
9455 1
4545 0
13621 2
13624 1
5433 0
13626 3
6367 2
5436 3
5437 2
13631 2
5441 2
5443 2
5444 2
13638 2
13640 1
13642 1
13197 0
5457 2
13650 3
13651 0
5463 1
5464 2
5465 2
13658 2
13659 1
7738 2
13667 0
18662 2
17297 0
13672 2
5481 0
13674 0
5483 1
13676 0
914 1
5486 2
15632 2
5488 0
18664 0
5490 1
5491 2
5495 3
5496 2
5498 2
5501 1
5502 1
13695 2
5504 0
11640 2
5506 2
13699 0
5508 2
13701 3
13702 2
13704 2
5513 2
13707 2
13710 2
13711 2
13713 2
5524 2
13717 2
5526 0
7549 2
13723 2
13727 1
14576 0
5539 1
13732 2
5541 2
5542 2
13741 2
5552 1
5553 2
5556 1
13750 2
5560 1
13754 2
5564 1
13757 0
13758 0
5567 2
13760 2
5024 2
17113 1
5572 3
13765 0
5574 2
5576 1
13769 0
5579 2
13772 2
5581 2
5583 2
10488 2
5586 0
13781 1
13782 2
13786 0
18682 1
13790 1
1823 2
5602 2
5603 0
13796 0
5607 1
5608 1
5609 2
5612 2
5618 0
5619 1
13815 0
1551 2
5630 2
5631 0
5332 2
8439 2
5637 1
13830 0
5639 2
9132 2
13834 2
13836 2
18690 1
8917 1
5652 0
13846 2
5655 2
5656 0
5657 1
5658 3
4280 1
13852 2
17328 0
12640 1
5670 1
5672 3
5674 1
13867 2
5680 1
9139 2
5684 3
5686 2
13879 2
5690 1
13884 2
5698 2
13897 0
3682 2
5712 0
13906 1
2318 0
16830 1
5720 2
13913 0
5724 0
13920 2
13921 1
13922 1
13557 0
13925 0
13927 1
13928 1
1282 0
5742 1
5747 0
5749 1
18708 2
5754 2
17104 0
13952 1
11103 0
5763 2
10518 2
13959 1
5769 0
5771 1
8549 0
13250 2
5777 2
4284 1
13974 1
6587 1
13978 2
5787 0
10522 1
13982 0
13984 0
5793 1
13986 2
18715 3
12259 2
13993 2
13995 2
13997 0
5806 0
18717 2
5808 2
14002 0
14007 1
14009 2
5819 1
5822 1
5823 2
5824 2
5826 0
14019 2
5828 0
14022 2
14023 1
5832 0
10287 2
3703 2
5377 2
14029 2
14030 2
5841 1
14036 1
5845 0
14042 2
5851 3
14045 0
5854 2
14050 1
5859 2
5860 2
2342 2
5863 2
5868 2
14062 3
5872 0
14066 3
14067 0
11902 2
5879 2
5881 2
14074 3
14077 3
14078 1
3712 2
14083 3
14084 1
5894 0
11905 3
5898 0
5901 1
5903 2
14096 1
14098 2
5907 2
14100 0
5909 3
5913 1
14107 0
5916 1
14640 0
5922 0
17770 3
14116 1
5925 2
14120 2
14121 3
5930 2
5931 2
4523 2
5935 0
14128 2
14133 2
4835 1
5945 2
14139 1
5108 1
14144 2
16011 1
17552 1
5957 1
5961 2
10551 2
14157 2
5969 3
13565 2
8704 0
14166 2
5975 3
14170 1
14171 0
10554 2
5982 2
5983 0
15062 1
14180 1
5989 2
7825 0
5993 3
14186 2
14192 2
6001 0
6002 1
14195 2
6004 0
14199 1
14201 0
8929 2
6012 0
6013 2
10560 0
6018 1
14212 2
6021 2
14214 2
14216 2
9196 0
6026 2
14219 0
14221 0
14222 0
14224 1
2371 2
14232 2
14233 0
14234 0
10294 1
6044 3
6045 1
14238 1
14242 0
14243 1
6053 1
14246 2
12713 2
3740 0
14251 0
14254 2
14255 0
14257 1
14258 2
6068 2
14262 2
6071 2
14264 2
6073 2
10568 1
14274 2
14275 1
14277 2
6087 3
6094 2
14287 1
6097 3
6100 2
14293 0
6102 2
14296 2
14302 2
1840 2
14307 2
2463 3
14309 0
2385 2
14312 2
6122 2
6126 2
7569 2
7848 2
14322 2
18771 2
1022 2
14327 2
2388 2
14331 2
6140 2
6142 2
6143 3
6144 1
6145 2
14662 2
13313 2
6154 2
6156 0
18208 1
6158 2
6159 2
14353 0
13315 0
6164 2
14357 2
14360 1
6169 2
7855 3
14364 1
14365 3
6174 2
6176 1
6177 1
14372 0
11225 0
6182 0
6183 2
6185 2
14380 0
6493 2
14384 0
10299 2
14386 2
6196 2
14389 2
14390 0
6753 0
14392 2
6201 2
14394 2
6203 2
6204 2
14397 0
6206 2
12209 2
9754 2
14403 0
6497 0
14408 2
5132 2
14413 2
14415 1
5115 1
6225 2
6227 2
14420 2
9230 0
6231 2
6232 2
18788 1
7866 2
14430 3
9232 2
6243 0
14437 2
5137 1
6250 2
6251 2
14444 2
6253 2
16061 1
6256 2
16062 2
9483 3
14458 2
17121 2
18794 0
6270 2
14463 1
14464 3
14467 1
10604 3
6282 2
14476 0
2413 2
6290 0
15863 2
5145 2
14489 1
14491 1
14494 0
6304 1
14501 0
14503 2
14505 2
14510 2
14511 0
14512 1
14513 2
10363 0
6324 1
8593 0
4461 0
6330 2
6331 2
6332 2
2497 0
6336 2
3787 2
14533 2
14535 1
15045 2
6346 2
6519 2
6349 2
6350 2
14544 2
14546 0
6355 3
6357 2
14669 2
14552 2
13348 1
14556 2
10032 1
6368 2
6370 2
18811 1
6373 1
6374 1
11985 0
6378 1
6379 1
6380 0
7890 2
6384 0
6386 1
6387 2
14580 3
18814 2
16517 1
14583 0
6393 2
14586 2
6396 0
6398 3
14591 2
6400 2
6403 3
6407 2
14603 2
6412 2
6413 1
14607 2
14608 2
14610 0
14611 1
6422 1
6423 3
6424 0
18820 2
6426 1
6427 2
6429 1
14624 1
14625 2
6434 3
14627 2
14631 2
6440 1
16092 2
10035 2
14636 2
6445 1
6446 2
6448 1
10632 1
6451 2
6453 3
6455 1
6456 1
14649 2
14650 1
14651 2
5173 2
6464 0
6466 2
6467 2
9217 2
6762 1
6470 3
14666 2
4580 1
14671 0
6480 2
14673 2
2398 1
6488 2
14682 2
14685 0
16583 2
6495 0
2448 2
14690 2
5179 0
6500 3
6501 0
6504 2
5181 0
1035 2
6514 1
10037 2
14710 2
16105 0
6520 0
6522 2
6523 2
14724 2
18221 2
6534 0
4582 2
14730 1
14731 2
14732 2
14734 0
16109 2
14737 2
14742 2
9284 0
14748 0
10650 2
14751 2
4310 0
6563 3
14756 0
6566 1
14760 1
14761 1
14762 0
14765 0
6575 2
6576 2
6577 1
14770 1
6583 2
6584 2
14779 2
6588 1
16550 1
14782 2
6591 2
6593 2
15768 1
6595 0
6597 1
14791 2
6600 0
6603 1
6604 2
14800 2
1438 1
5063 2
14804 2
14805 2
6614 2
6616 1
6617 2
11337 3
6619 2
6621 2
6624 2
14817 2
14821 2
18497 0
6631 2
6632 2
14826 2
14829 2
14830 2
16125 2
6641 0
8323 1
1107 1
16126 0
6646 1
6647 2
6648 2
9300 1
14842 2
6651 1
14844 2
6653 1
9496 2
14849 2
6658 1
1110 2
6662 2
14859 1
14860 2
14863 1
6675 3
6676 0
10670 1
6679 2
14873 2
14874 2
14875 2
14876 2
208 2
14878 2
6687 2
6692 2
14886 1
14887 0
6697 2
6699 1
14892 1
6701 1
6702 1
6703 1
6704 1
6705 0
14899 1
6708 1
6709 0
14902 2
14903 2
14904 2
14905 2
6715 2
14909 1
6719 1
17504 2
16957 2
6723 1
2406 1
18773 3
6727 2
7589 0
6732 2
14925 2
14929 1
5219 1
6740 1
18228 2
6747 2
14945 1
6754 0
14947 1
6756 1
14949 0
14950 2
6759 2
14780 2
14954 2
1627 0
14137 2
17824 0
14960 2
9320 2
9037 2
6775 0
6777 0
14972 2
6786 1
6787 0
6788 1
14981 1
6791 2
6792 0
6794 2
6795 2
6796 0
14989 0
6798 1
14991 2
6801 1
7123 2
14996 2
6807 2
15000 0
6809 0
15002 0
15004 2
6813 1
197 2
15009 2
6823 0
6824 0
15017 1
15020 0
6830 2
6833 1
6835 1
6836 1
18649 0
6838 1
6839 3
18504 1
15034 2
6843 2
6845 0
15038 2
15039 2
15042 2
6851 1
6853 0
11165 0
15048 2
10700 2
15051 2
6860 1
6861 0
6862 3
15055 2
6865 0
6866 2
8412 1
2510 0
18505 2
6871 0
15066 2
15067 2
15068 2
15069 2
15070 2
13521 0
6881 2
15075 2
15077 0
6886 2
6887 1
15080 2
6892 2
15085 2
15087 2
6896 1
6898 1
6899 1
15093 3
15094 2
15095 1
6904 0
6612 2
14924 1
15102 1
15103 1
6912 2
15105 1
15107 1
1842 1
15109 1
6918 2
15111 3
15114 2
6923 0
15116 2
6927 2
6930 1
15123 1
15124 3
6933 3
6936 1
15129 1
6939 2
6941 0
6942 1
15135 2
15137 3
15138 0
6947 3
15140 0
15141 1
6950 0
6951 0
15144 0
15145 0
9351 3
15148 2
6957 1
6958 2
17544 2
15155 0
15157 2
6966 0
15162 1
15165 0
15167 2
6980 1
6982 0
15175 1
15176 1
6986 2
6988 0
12235 0
6993 2
15186 1
6995 2
9266 3
15189 0
6998 2
17691 2
15193 1
15194 2
7006 2
7008 2
7009 2
15202 2
15204 2
15207 3
7016 2
15209 1
7018 1
15212 3
7022 3
7023 1
15217 2
15220 2
7031 1
15225 1
15226 2
9594 2
15228 0
15229 2
13055 1
15233 2
7043 2
15241 2
7050 1
1175 2
7052 1
15245 2
10467 2
7055 1
7056 2
15249 2
7059 2
7060 0
15254 3
15255 0
9237 2
15261 2
7070 2
15264 2
15266 1
13467 2
7076 1
7077 2
1180 1
15277 1
15278 3
15279 2
15281 2
15541 2
15286 1
15287 2
7096 2
10740 1
7098 2
920 2
7103 2
7105 1
7108 1
14838 1
7114 2
7116 1
1186 0
15310 1
7120 2
7121 2
1187 2
15316 1
15317 1
15318 2
6594 3
7129 2
7130 0
15323 2
15324 1
7133 2
7136 0
15329 2
8940 2
7139 0
15333 2
7142 1
15339 3
14845 0
8967 1
16605 2
7160 3
7164 2
9386 2
7166 3
1195 0
13484 0
15371 2
15374 0
15375 1
15376 3
7185 2
7186 3
10755 0
15381 2
15383 2
7193 1
7194 2
15389 2
7204 0
7206 2
15400 2
1166 2
15402 2
7212 2
15405 2
15406 2
15409 2
15413 2
15417 2
15419 2
7228 1
7229 0
7230 2
17589 0
7232 1
10741 1
7235 2
15428 2
1206 2
15431 2
7242 0
7243 2
7244 0
7246 2
15439 1
15440 1
7250 2
12131 3
15445 2
3242 3
7260 2
7264 2
15457 2
15461 0
15462 3
15468 0
15471 1
15473 0
7283 0
15477 2
15478 2
8041 0
8426 2
15482 1
15486 2
7295 2
15488 3
7298 0
3947 0
7300 2
15496 0
7306 2
15500 2
9410 2
15502 1
15503 2
15504 0
15505 0
15509 1
2585 0
15513 0
15517 1
16240 1
15522 1
6683 2
7332 2
15525 2
10337 2
17975 2
16884 1
7141 0
15537 0
15539 0
7349 2
15543 1
18707 1
17610 2
15550 0
7362 1
7363 0
15558 1
7367 2
7370 3
7372 2
15565 1
15566 0
15567 1
3960 2
15571 0
7380 0
15574 0
15576 1
7386 1
15579 2
3962 0
7390 0
7391 1
15584 2
14227 1
15588 1
15589 2
1233 1
7403 1
15596 3
9426 2
7407 2
15600 2
7409 1
15602 2
15603 1
7413 1
15606 2
14889 0
15608 1
1236 1
15614 0
15616 0
15617 2
15625 1
15628 3
7440 2
13528 2
15636 2
14894 2
15638 2
7447 2
7449 2
7450 2
17706 1
7452 2
7453 1
7459 2
15652 1
7461 1
15654 2
15655 2
15657 2
15661 1
7474 2
14979 3
15669 1
15670 3
7479 0
15672 1
14900 0
15676 0
3978 2
7488 2
7489 2
3979 1
15688 0
2159 3
15693 0
15695 0
6712 2
15699 1
7510 0
7513 2
15706 1
7516 2
15710 3
6797 2
15713 2
7522 2
15715 2
15717 0
7528 3
15721 2
15722 2
15726 1
7538 3
7541 1
15734 2
7543 2
7545 1
15738 2
7548 2
15741 1
16277 2
15746 0
7555 0
15748 2
15749 1
7559 2
15752 1
7561 2
15755 0
7566 2
15759 3
15761 2
7570 2
10819 2
15765 2
7576 2
15769 2
15771 0
7580 2
8090 2
15775 0
15776 2
15778 0
12714 1
15781 1
15782 1
7591 3
7593 2
15787 3
15788 1
1266 0
7599 2
15792 2
12190 0
15798 1
7608 0
9460 2
16287 0
7612 1
15805 2
7615 2
7617 1
7618 0
15811 2
7620 2
7621 0
15814 1
7624 3
15817 2
15818 2
7627 0
15822 0
15824 2
7634 2
2639 0
15837 0
7646 2
7649 2
15842 0
7651 2
15844 2
15850 2
15851 1
15852 2
8146 2
15855 1
7665 0
11074 2
17662 2
7670 3
16297 0
5943 0
7676 0
12202 2
15871 1
15873 0
13129 2
15875 1
11167 1
15877 0
15878 2
13569 2
7688 2
7689 2
15883 0
7692 2
7693 2
7695 2
15890 2
7699 2
7701 0
7702 2
7703 3
13572 2
15898 2
7707 2
4621 2
15901 1
15902 1
5381 2
15904 2
8112 2
15906 2
14073 0
15908 1
7718 2
9053 2
7721 2
15915 1
7724 3
7726 0
7728 2
15921 2
15924 1
15926 0
13577 1
7737 1
17170 3
7742 1
4021 1
7747 2
7751 2
15951 0
15954 1
7765 2
7766 1
15959 1
2660 1
15962 0
7771 2
7772 1
15965 3
7778 0
7780 0
2714 0
7783 0
15977 0
15978 3
15979 1
15980 2
7789 2
7790 1
7791 1
15984 0
8170 2
7794 2
1299 1
7796 3
17684 2
15994 2
7805 2
15999 1
16000 2
5562 1
16002 2
16003 2
16005 1
4033 2
16010 0
7819 3
6765 0
16017 2
16018 1
16021 0
16023 1
16026 2
16027 1
16033 3
8990 2
16035 3
16036 1
16037 1
16040 2
16047 3
16049 1
16050 3
16053 1
7862 2
16056 1
7865 2
16058 0
9503 2
16060 2
7869 2
7870 3
16064 2
16065 0
16066 1
7875 1
16068 2
16069 2
9505 2
16073 1
16075 1
16076 2
16079 2
16081 2
16082 2
7893 2
16086 0
7898 0
7900 2
7901 0
7902 0
7906 2
7908 0
16279 0
8145 1
7912 0
1900 2
16108 2
7917 2
16110 2
7921 3
16085 0
16115 2
16116 1
16117 2
16123 1
7932 2
8993 0
7934 2
7936 2
16129 1
16130 0
1323 0
9600 1
17708 2
16138 2
7947 2
14978 3
16143 2
12248 2
7955 2
4057 2
7960 0
7961 2
8415 1
16161 2
7970 1
12251 2
7974 0
7976 0
16348 2
17178 2
14983 2
4963 3
16173 3
2175 1
7984 3
7986 2
6267 2
7989 2
16186 2
7995 2
7996 2
14986 0
7998 3
2994 1
16195 2
16196 1
16197 0
16198 0
8009 2
1085 0
8014 2
16207 0
8017 3
16211 2
8021 0
8022 0
13625 0
16220 2
16223 2
567 2
16232 0
13628 1
16234 2
16235 1
8044 1
16238 3
8048 3
10899 3
8054 2
8055 1
8059 3
4074 1
10907 1
16261 1
8070 0
16263 2
16264 3
16265 1
16266 2
8075 2
8076 2
8082 0
8085 2
9110 2
16281 1
542 2
8091 3
6810 1
8095 3
16288 1
16290 0
16291 2
8101 1
8103 2
8104 2
8105 2
16301 1
16304 2
8115 2
16309 1
8119 0
16313 2
8124 0
16317 0
16318 0
16319 0
8128 2
16321 0
16325 0
16327 1
15001 1
16331 1
8142 3
16336 3
16337 2
16338 2
8148 0
8150 0
16343 1
8154 3
16347 2
8156 1
16350 2
8159 3
16356 0
8166 2
8168 2
8188 2
16362 2
1362 0
16367 2
8179 2
16382 1
8182 2
16376 2
16379 2
16380 0
16381 1
8190 2
8191 0
