8192 2
16386 2
16389 0
8198 2
16393 2
16394 1
3001 2
16402 1
8211 0
16405 2
8216 0
8219 2
16412 0
16413 2
16414 2
16417 0
8226 2
5467 0
8228 2
8229 1
41 0
16429 2
16430 2
16432 0
8241 2
16438 3
8247 1
16441 2
17759 1
16445 2
62 2
66 1
8260 0
69 1
16454 3
71 1
16456 2
73 2
74 0
8269 0
16463 0
8275 2
8276 1
16469 1
88 2
89 1
16477 2
15232 1
17765 1
8288 2
16481 1
16484 1
105 0
1383 2
108 2
16494 0
16495 1
112 3
116 3
8310 2
120 3
8313 2
122 3
16509 1
16513 1
8322 2
16516 1
133 2
8326 2
15041 2
16522 1
16523 2
141 1
8334 0
16527 2
144 2
8337 0
8338 2
148 1
150 2
151 1
8344 1
153 1
16538 0
16539 0
8348 2
157 0
16543 2
16545 2
162 2
8355 0
15123 1
16550 1
1393 2
173 2
8368 1
177 1
178 0
8371 2
183 2
186 2
15050 2
190 3
191 0
192 2
8385 0
15051 2
16580 0
16583 2
200 0
8393 2
202 2
16591 2
8400 0
8401 2
16594 2
5497 2
8408 2
218 3
8412 1
223 2
16612 1
16613 2
16614 0
10961 0
16616 1
16618 2
16620 3
16621 0
8430 2
8432 1
16625 0
16626 2
11240 3
246 0
16425 0
16632 2
8441 2
250 1
251 1
16637 3
8447 0
8449 2
13102 1
16646 1
8455 0
8458 1
8460 2
8461 3
271 2
279 0
280 3
8473 2
9605 1
16672 0
291 1
8486 2
16433 2
8488 2
16681 1
16682 0
16684 2
16686 1
16687 1
8496 2
305 2
8499 2
8506 1
8507 2
16700 2
16702 3
319 2
16704 3
16705 1
323 0
324 1
8517 1
16710 3
16711 0
8525 2
16718 1
16719 2
4152 2
338 1
16725 1
342 2
16727 1
16728 1
18015 2
9615 2
349 1
16736 0
16737 2
8548 2
8549 0
16742 1
16743 2
360 2
362 1
6887 1
16748 0
366 2
16752 2
6888 3
5195 2
8563 2
8564 2
16757 0
374 2
16759 1
8568 0
8570 1
16765 2
8574 0
384 1
16770 1
387 0
388 1
8581 0
16774 1
393 2
396 1
16450 0
1377 2
16784 2
8593 0
8594 1
16789 3
8599 0
409 0
410 2
16800 3
8609 2
8611 2
420 1
8613 2
423 2
8620 2
8621 0
16814 2
16815 2
8625 2
438 0
16457 2
440 1
16827 2
8266 2
8638 1
6901 0
16832 0
9632 1
450 1
8644 2
454 2
455 1
13927 1
8655 2
464 2
16850 3
16851 2
16854 2
16857 1
8666 2
475 1
16862 1
16865 0
8674 0
8675 2
17830 3
16873 1
8683 1
8684 1
16878 0
8687 2
12371 2
8693 2
16886 2
13737 2
4180 0
506 1
16891 3
508 0
16896 1
16898 2
16900 2
517 0
8711 0
8714 1
16907 0
16909 1
533 0
16918 0
16919 1
8728 2
538 0
16923 2
8732 1
542 2
16927 1
16928 2
16929 2
8738 0
8739 3
16932 3
16937 2
8746 2
16939 1
16940 2
4383 2
16946 2
8756 2
16949 0
567 2
8761 1
8762 1
572 0
574 0
8769 1
8771 3
583 1
8776 1
585 2
8780 1
8781 3
591 1
16976 1
16977 0
595 1
16980 2
8789 2
16982 0
1465 2
16984 1
8794 1
6927 2
8796 0
13754 2
606 0
16991 3
8800 1
8802 1
611 1
8805 2
17001 0
17002 1
8811 1
8812 2
621 2
8814 2
8815 2
17008 2
17011 0
17012 3
17013 2
8822 2
17015 0
632 0
8825 1
13759 0
636 2
17022 0
17023 1
17024 2
13760 2
8834 2
8299 1
8841 2
17034 0
651 0
17036 2
15128 0
17042 2
661 1
663 2
664 0
17049 1
8858 2
17053 2
670 2
17055 2
672 0
674 0
17059 0
676 2
17061 2
17062 0
679 0
8872 2
17066 2
8875 2
17068 3
8877 1
17072 2
8881 2
1844 2
2846 2
18030 2
17081 0
699 3
17085 0
17089 0
17090 3
707 0
17092 1
8902 2
17095 0
712 2
17097 2
8906 2
17099 2
716 1
6946 2
8911 1
17104 0
725 1
16505 0
17112 0
730 2
13775 3
8925 2
17119 0
8930 2
741 2
17126 2
743 0
744 2
17131 1
8941 2
750 2
8943 1
17137 2
17138 1
8947 1
17140 0
17141 2
17143 1
8952 2
8953 1
763 0
8956 2
17151 2
17153 0
17154 0
8963 2
8964 2
13782 2
774 1
17159 3
8968 0
17163 0
780 2
782 3
17167 2
17168 2
17170 3
787 2
8980 1
8981 2
790 2
17176 2
8985 0
794 2
795 2
17180 2
17181 2
8990 2
8991 2
8992 3
17185 0
17188 2
16518 2
17191 0
17193 2
810 0
1118 2
17197 0
9008 0
6963 2
17205 1
9014 3
9015 0
3115 3
9019 1
9023 2
9024 2
17217 2
8331 2
9029 0
17225 0
17226 0
17227 1
844 2
17229 3
9040 1
17233 2
17235 0
852 2
9045 2
9046 1
17239 1
856 0
859 2
17244 0
861 2
862 0
9055 0
16528 1
869 0
17255 0
873 1
874 3
9067 2
17260 2
17262 0
879 2
17265 2
882 0
9075 2
884 1
885 1
9078 0
17271 2
888 2
8340 2
9082 2
892 2
894 2
9087 3
9088 3
2880 2
9091 3
900 1
901 1
903 0
907 1
17292 1
2882 2
17294 0
9106 0
17300 1
9109 3
17302 2
919 0
921 2
17308 2
9117 2
17310 1
9123 2
932 3
934 0
9129 2
17324 2
16541 0
9136 2
6984 1
947 2
9140 2
17333 2
9142 0
952 1
961 1
11463 1
9157 3
17351 1
16755 2
9162 1
16546 0
17360 2
12451 1
17913 2
9177 1
8489 0
17376 0
17379 2
17381 2
9196 0
17391 0
17392 2
9201 0
1010 1
17395 2
17396 2
18310 3
9209 1
17402 1
9212 1
9216 0
9218 2
17411 1
1028 1
2902 1
1032 1
1035 2
1036 0
1037 3
8365 1
1040 0
4399 1
9236 1
4270 0
17430 2
15193 1
17433 1
18584 1
1051 1
9245 2
9246 0
17440 2
9249 0
9250 2
1589 3
8369 0
9262 2
1071 1
9265 1
9270 2
9274 2
9275 2
17469 0
9280 1
17476 0
17477 1
9287 0
17480 2
1098 2
8375 0
9292 1
17486 0
9296 3
9297 0
17491 2
1108 2
1110 2
9304 2
9307 2
9308 1
9310 0
2917 0
17504 2
17505 0
17506 2
9316 0
17509 2
9318 0
17937 2
17512 1
9322 1
8900 2
17520 1
1137 0
1138 2
17523 2
9333 3
9335 1
1144 2
8383 2
17532 2
1150 2
9343 2
17538 1
17539 3
17541 1
17542 1
17543 0
17544 2
1164 1
17549 1
17550 2
17553 2
17554 2
17556 2
1173 2
1174 2
17559 2
17560 1
1177 2
1180 1
1181 3
9374 1
9377 2
17570 2
17947 1
1189 2
9382 1
17575 1
17577 1
9389 0
17582 0
1203 2
9396 1
9397 2
1206 2
17593 2
9402 2
1211 3
1215 1
9409 1
17603 3
17607 2
3314 3
1226 1
1227 0
17612 2
17613 0
9424 1
2936 0
9426 2
9427 2
9428 2
9429 1
9430 0
1239 0
1245 0
7952 0
18045 0
9441 2
1251 1
17637 0
9446 1
17640 1
9449 0
17642 1
1259 1
8402 2
17648 0
5672 3
1266 0
9459 2
17652 1
9461 2
17654 3
1273 2
17660 2
1277 1
17663 1
9473 1
17666 2
9476 2
17669 2
17670 0
9479 2
9481 2
1290 1
9484 1
1295 1
1300 3
9493 1
17686 2
17687 1
17688 0
17689 2
1306 3
1309 2
9503 2
9507 0
17702 2
1322 2
17707 2
9518 2
1331 1
1334 2
17719 1
1336 2
1338 1
9531 2
1340 2
1341 2
17726 2
1343 2
9536 0
17729 1
9540 2
17737 2
17738 0
1355 1
1357 2
17744 1
9554 2
9555 1
9556 2
9557 1
9561 1
9562 2
17755 0
17756 0
17757 1
9566 0
1375 2
9569 2
17762 2
1381 2
17767 1
17769 0
9578 1
1387 1
9582 2
232 1
9586 3
17785 0
1402 1
9595 2
9596 0
9597 2
9598 2
1407 2
1408 0
9601 2
17797 3
9606 1
1415 2
1423 2
9618 0
9621 1
17814 2
9624 1
9625 0
9626 2
17819 2
17821 2
1439 2
1440 2
1441 1
9635 2
9636 2
9637 1
1446 2
9639 2
9642 0
9645 2
9646 1
2973 2
9648 2
9651 1
1460 3
1464 2
9657 0
17850 1
17851 1
17852 2
9661 1
1473 1
1474 2
1611 3
9669 2
9673 1
1482 1
8439 2
1486 0
1487 0
1488 1
2979 2
4345 2
9690 2
9692 2
9694 0
9697 3
17892 0
9052 1
17900 2
253 2
9715 2
9719 1
9720 1
9812 0
9722 2
9724 1
4961 1
9730 0
17924 0
1542 2
9735 0
1548 2
9741 2
17934 2
17935 1
13912 1
4355 2
15278 3
9817 2
1561 2
1562 0
15279 2
17948 2
9759 0
18723 1
17957 0
2138 2
9770 1
17964 0
9773 2
1583 2
17968 0
9778 0
17973 2
9782 2
1591 1
9784 2
17977 2
17979 2
1596 2
1597 1
9792 2
17985 2
1605 0
9798 0
1608 1
17995 2
17996 1
1613 2
1614 1
17999 0
1616 0
3000 2
18004 2
9815 2
18009 1
1630 1
9823 0
9828 1
9829 2
1640 2
1641 2
9834 3
18027 2
1646 0
9840 0
18033 0
9842 1
12563 2
1652 2
1653 2
1655 2
18041 0
1658 3
9852 0
1661 1
9854 1
1664 1
1666 2
1668 2
1671 1
18057 2
1674 2
9867 0
18062 2
9873 2
18066 1
9838 1
9878 3
4377 3
9882 1
1693 2
1695 2
1696 2
18032 0
18082 0
1699 1
18084 0
1702 2
1703 1
9897 1
9899 1
9902 0
1711 2
1712 1
1713 0
1714 0
9907 2
1716 1
1717 2
18036 2
1722 0
287 2
18110 1
9921 3
7115 0
9929 2
1738 2
1741 3
18126 0
16489 3
18134 2
18135 2
1756 0
1757 1
1758 3
1759 2
1764 2
1768 1
9963 0
18156 1
9967 1
296 0
18164 1
1662 2
1783 1
1786 1
1788 2
9981 2
1790 2
18175 1
18178 1
1795 0
17245 1
18184 1
1805 3
18190 1
1809 2
18194 3
18196 1
18197 0
18199 2
18201 1
18203 2
18204 2
3034 2
10699 1
18207 2
1826 2
1827 2
1828 2
18214 2
10024 0
1834 0
1836 1
1837 2
10030 2
1839 2
18224 0
1841 2
1842 1
307 0
18228 2
18229 1
18230 0
1847 0
18232 2
10043 1
18236 3
10046 2
1856 2
1857 2
18243 0
1861 0
1862 3
18247 2
10056 2
18250 2
10060 2
18254 2
18259 1
18264 1
18268 1
15333 2
10080 2
18275 1
10084 1
10085 1
18279 1
10088 1
18282 1
10156 1
18284 1
18286 2
10095 2
1905 0
10099 2
1909 0
1911 0
10105 0
1917 0
1918 2
1920 2
1921 2
18306 2
1924 2
10118 2
18312 1
18315 3
10125 1
18319 0
18320 0
18321 2
8515 2
10132 1
1944 0
10137 2
1946 0
1947 1
10140 2
18337 0
10146 2
10151 3
18344 2
10155 2
1964 2
18349 1
1968 0
1969 0
1971 2
10164 2
18358 3
1978 0
1979 1
18366 2
1983 2
1988 2
18375 1
1992 2
18378 1
18379 1
1996 2
1997 3
18384 2
18385 1
18387 2
334 3
2006 1
10201 1
2010 1
18397 1
18399 1
10208 2
10209 0
18404 2
10220 0
18414 3
18415 2
10225 0
18420 2
18421 3
18424 1
10233 1
18426 1
2043 1
18428 2
8797 3
2047 2
18434 3
18091 2
5251 2
2053 0
2054 3
10247 1
18442 1
10652 1
18446 2
10256 0
18452 2
10262 3
9889 0
17527 0
18463 0
2083 2
18471 2
18475 0
10285 1
8541 2
10290 0
18483 2
10294 1
10295 0
18100 1
10298 2
10299 2
10301 2
2112 2
2113 2
10306 1
2116 2
10310 1
10311 2
18505 2
10316 2
10317 1
2126 0
18511 3
2128 1
10321 0
10322 0
2132 0
10325 1
10326 0
10329 1
10330 3
10332 1
10333 1
10335 2
2145 2
18530 0
18534 2
359 3
18540 0
18541 0
2158 1
10351 2
2163 1
1726 2
10364 2
18558 0
2176 2
10372 1
11286 2
1729 1
18568 0
10377 2
10380 1
18575 3
12654 0
10391 1
2200 1
2201 2
18586 2
18589 1
2207 1
10401 2
18594 2
10712 2
18597 3
18598 2
10407 2
2218 1
18604 2
10413 0
2224 3
18609 0
18611 1
10420 2
10421 2
18614 2
18615 1
18616 1
18617 1
2235 2
10428 0
18621 0
2238 2
10432 2
620 3
2243 2
18629 2
2248 2
12663 2
2252 1
18638 0
18639 1
10448 3
16760 0
18644 2
10453 2
18647 2
2265 2
18651 1
2268 2
2273 1
10467 2
18661 1
2278 2
10471 1
18664 0
18665 2
2283 2
2284 2
18669 1
10479 2
18675 0
10484 2
13545 3
10486 2
18679 3
18680 0
2297 2
18682 1
16989 1
2303 0
2305 0
2306 1
18691 1
18693 2
18694 2
2311 0
10504 0
10507 2
10510 0
10511 0
18704 1
10513 0
18706 2
18707 1
2324 2
10517 1
10518 2
2327 1
12676 3
10522 1
18715 3
14042 2
10527 3
3120 0
2338 2
14043 0
18724 0
18725 1
2346 0
18734 2
18141 0
2353 1
2355 2
2356 2
18142 1
2358 1
18743 0
18746 2
18143 1
2364 2
18749 1
7221 0
2368 1
10563 2
10564 2
13718 2
18760 3
2378 1
10573 1
2382 0
10575 1
18768 0
18771 2
10580 0
18083 1
10583 2
18776 3
10591 2
10592 2
10595 2
18790 0
10599 0
10602 2
16786 1
10607 1
10609 0
10611 0
2424 3
2426 1
2427 2
7173 1
18813 1
14811 2
18815 2
10624 0
18817 2
2434 2
18819 0
2436 0
2437 1
2438 2
2440 2
14060 2
10634 1
10637 0
2449 2
2450 2
2452 2
18839 2
18840 2
2460 0
10653 1
10660 2
18853 2
9969 2
2472 2
10668 2
18861 2
10670 1
2479 0
10672 2
2483 1
10676 0
2487 2
1780 0
8539 1
2491 0
12728 2
2496 1
2498 2
2500 2
2503 0
18167 1
10700 2
10702 2
2512 0
2517 0
10711 2
2520 2
8612 0
10714 1
2524 1
2527 1
2528 0
3152 3
2536 0
10734 1
1789 2
2544 0
12712 3
2546 2
2549 2
12713 2
2555 1
2556 1
10749 1
11349 0
2560 1
10755 0
2565 0
2566 3
428 2
2571 1
12717 1
10771 1
2580 2
10773 1
10774 1
9906 2
10778 0
2587 1
10780 0
2591 0
2594 2
2597 0
10790 0
2599 2
10796 2
10798 0
10799 1
10800 0
2609 0
10803 3
2615 2
10809 1
2619 2
10814 1
2624 2
2625 0
2627 2
10820 3
10822 1
10824 0
2633 2
10831 2
2640 2
2641 1
2642 0
10835 0
10838 1
10841 3
2650 1
10843 1
10845 2
2654 2
2655 2
10849 0
10851 1
10855 1
2664 0
10866 0
10867 1
10868 0
10869 1
10870 2
10882 0
10886 0
10887 2
2702 2
10895 1
10896 1
10897 3
10898 0
10901 2
10905 2
10906 2
2715 2
2716 1
10911 2
15639 1
10913 3
2722 1
2723 2
2724 1
10919 0
2729 1
2731 3
2735 1
2736 0
12744 0
2738 3
2739 2
2741 2
1823 2
2748 3
10947 1
2758 2
2759 2
2762 2
3191 2
2764 3
10018 0
2766 0
2769 0
10019 3
2772 2
6639 2
2777 1
2779 2
2785 2
2788 0
2791 2
2794 3
466 3
10991 1
10994 1
467 1
10998 0
2807 3
11004 2
3266 0
5931 2
470 1
11015 2
2825 2
2826 2
2833 0
2835 2
1838 2
8665 2
2840 0
11035 0
2845 1
11038 2
2847 1
11040 3
10032 1
2851 1
11045 2
2854 1
18225 2
11052 0
10034 1
2863 0
11057 2
11058 2
11061 0
2873 0
11072 1
11074 2
11403 2
11078 2
2551 0
11082 2
2893 0
11086 1
483 2
11094 1
2904 1
15503 2
11100 0
2909 1
2910 1
16191 1
2914 1
11109 2
97 0
1852 1
4583 1
2928 1
2930 0
11124 2
11128 2
11129 2
11131 1
2944 2
10048 2
11138 2
11139 1
11140 1
11141 0
2952 2
11145 2
371 0
8009 2
11159 3
11165 0
15102 1
11171 2
11172 1
11173 1
11175 1
2984 2
11181 1
11182 2
2992 2
2995 2
11191 2
11192 2
11193 0
11194 2
11423 0
11196 0
1866 2
11557 2
3014 0
9349 2
11214 2
11215 1
3024 3
11220 1
11222 0
11224 2
11225 0
11226 2
3040 2
3041 1
3042 2
11236 1
11238 2
11239 2
3048 3
3049 2
3050 0
3052 1
3057 0
11254 2
11433 2
3064 1
3065 1
11258 3
11434 2
3072 0
11435 2
3076 2
11273 3
10741 1
3086 0
3088 0
3094 2
8708 2
15106 1
3101 0
3103 0
3104 0
3105 1
3110 2
11307 2
3116 0
11312 2
11315 0
3128 3
16906 1
11327 2
11329 2
11330 1
523 0
3141 2
11334 2
11336 2
12813 2
11344 2
11346 2
3157 0
11351 0
12787 2
11354 2
3165 1
11367 0
3177 3
11371 2
11379 3
11383 1
3193 1
9108 2
3199 3
11393 2
11397 2
11398 2
3207 2
11400 0
8727 0
11404 1
3213 0
3215 2
3216 2
11414 1
3223 2
3224 3
3227 3
3231 1
11425 2
11426 3
3235 1
11428 3
3237 1
11430 0
11431 2
11432 0
3241 1
3242 3
3243 1
3250 2
17534 2
16926 2
11449 1
11450 2
11451 1
11453 2
18293 0
11457 2
11458 2
3270 1
8737 2
11467 1
11468 0
16930 2
3279 2
3280 2
11473 1
3285 1
3286 1
1913 2
3288 2
548 1
11484 1
11487 0
3296 0
3298 1
3305 1
3309 1
3310 2
3313 2
11506 1
3315 2
11508 2
11510 2
8745 1
3320 2
3321 1
11514 2
3323 2
11521 1
3330 1
3332 1
10113 2
11479 3
11532 2
11538 1
11544 2
3355 1
3359 3
11554 1
3363 1
14214 2
18696 3
3368 1
11565 1
15581 1
11568 2
3377 2
3379 1
3380 1
3381 1
3382 0
16948 0
3386 3
3387 1
3389 2
3390 0
12853 2
11584 3
3393 1
11586 0
3395 1
3404 1
3406 1
14221 0
3410 2
3411 0
16953 1
11608 2
11613 1
3422 1
11615 1
3424 3
3425 2
11619 1
11620 1
11621 0
1937 1
3435 3
3440 1
11633 0
11634 2
3446 2
11639 1
11640 2
3449 2
3451 1
11647 1
11648 1
3458 3
3460 2
3461 0
577 1
11658 0
11659 2
9352 1
12866 2
11662 2
9390 1
3479 2
11674 0
15599 0
11677 2
11678 0
11679 1
3490 2
11684 2
3495 2
8775 0
7410 2
3502 2
3503 2
3506 0
15603 1
12873 1
3515 1
3520 2
3521 2
14808 2
11717 2
3529 0
3531 0
11724 2
18394 2
11731 2
11732 0
11734 1
3543 0
11741 1
11742 0
11743 1
11744 2
11752 0
11756 0
11761 1
11764 2
11766 0
11769 1
12667 0
11773 2
3584 1
3585 2
11779 0
3588 0
3589 1
15617 2
18348 1
11786 1
3595 0
1965 2
3601 3
3605 1
11800 2
11808 1
3621 2
666 0
11815 1
11821 1
11822 0
605 3
11824 1
3634 3
18355 3
3638 2
11831 1
1972 0
11840 0
11841 2
3650 2
11844 2
3654 0
3655 1
11849 0
3658 2
11851 1
11854 0
11856 3
11857 0
3666 0
3670 0
3671 2
12900 1
3674 2
3679 2
11874 1
3683 1
3685 2
11878 1
3688 1
11884 2
11887 2
3696 0
14035 3
3703 2
3706 2
11900 2
618 1
11902 2
15637 2
17309 0
3721 2
11915 0
3727 2
3730 2
3731 1
3733 0
3734 2
11927 0
397 3
3740 0
3745 2
11547 2
1991 2
11955 0
11957 0
15647 1
3772 1
629 1
11968 1
3777 2
3778 0
4726 1
11974 0
3784 2
3785 3
3789 0
10189 1
8824 0
11987 3
4729 2
11999 2
13937 1
3810 2
8827 2
3814 1
3816 2
17020 3
12011 3
12013 2
3822 3
12925 1
2855 2
8830 0
12023 1
6100 2
8832 2
12037 2
8835 1
12053 1
2009 0
12058 2
13495 0
12065 0
3874 3
3876 2
12069 1
3880 0
12076 2
3885 2
3887 2
15667 2
3895 0
12094 2
11573 2
12097 1
4063 2
12100 2
18401 1
12108 2
12109 2
12110 2
12111 2
12114 0
3925 3
3928 2
12123 0
12127 2
3936 1
12132 0
4753 2
12136 2
3950 0
12154 0
3963 2
12156 3
12157 3
3968 3
12170 2
12173 0
3983 2
3985 2
12180 1
12184 2
12188 2
3997 2
12191 0
6407 2
4001 1
4003 1
12197 3
4006 2
12202 2
4011 2
4013 2
12206 1
4765 1
4019 1
8862 2
4024 1
12223 1
17056 2
4035 0
12230 1
1771 1
14327 2
4044 2
9465 1
4050 1
18425 0
12250 2
4059 3
12252 2
12253 0
12255 1
12257 0
12258 2
12259 2
12265 1
12266 2
8871 2
12268 2
12272 2
4081 1
12274 0
4087 0
4089 1
14335 2
4098 1
17067 1
4107 2
12300 2
3416 0
12306 2
17595 2
4118 2
2052 2
12316 2
4126 0
12319 2
688 0
12324 2
12326 2
12327 2
4137 2
12330 1
12331 2
6152 3
4148 1
11614 1
12342 2
4151 2
12344 2
12348 1
4164 0
12361 2
4173 2
12366 2
3427 2
12372 0
14350 1
12375 1
12376 2
12377 2
4187 3
4795 3
12391 1
12393 1
12990 3
4220 2
4221 2
12416 1
4225 2
4227 2
12420 2
12423 2
12424 2
12425 1
12426 0
4235 2
4237 0
4238 0
12431 3
12436 2
7534 2
2073 2
12440 2
4249 1
4252 0
12445 2
12446 0
4255 0
4256 2
12449 2
4259 2
4262 2
12457 2
12459 1
12461 2
12462 2
12465 1
9144 3
6689 2
12470 2
4280 1
4281 0
10271 0
12486 2
12487 0
1234 1
4300 0
4302 1
12496 1
12503 0
9418 1
12506 1
4318 2
8912 3
4323 2
4325 2
12521 2
4331 1
15741 1
4336 0
4338 1
12533 2
4342 2
12537 3
4348 2
4352 3
4354 2
2091 2
12549 2
4359 2
12554 3
727 2
11650 2
2093 0
4370 1
4371 2
4374 2
12568 2
5874 2
12570 3
10287 2
4380 2
12573 0
11653 0
4385 1
12579 0
4389 2
4390 1
12584 2
18482 0
12591 1
4405 2
4407 0
4408 2
12603 3
3466 2
12606 1
6197 1
12615 2
12616 0
4427 1
11661 2
4434 1
4436 2
4438 3
13028 0
7567 2
12638 2
4450 1
18524 1
742 0
12646 3
7569 2
12648 2
4458 2
12651 0
4462 2
12656 0
12657 2
12660 2
12662 1
4471 1
12664 1
12666 0
4475 0
12668 2
4842 1
8939 2
4484 1
14401 0
4490 1
4491 1
4497 0
4498 2
12692 2
4501 0
4505 0
12700 1
12702 2
4511 1
13287 2
139 3
12711 2
4520 0
4521 1
12714 1
12715 2
4524 1
4525 1
12718 1
3485 1
4529 2
755 2
4532 1
12725 0
12727 1
4536 0
4537 2
12730 1
4539 1
4540 1
4541 0
12734 0
4544 1
4527 1
10123 2
18155 1
4552 1
12747 2
4557 1
4559 3
12754 2
15779 0
4566 2
12759 1
4568 0
3492 0
4570 1
4571 0
12765 2
4574 3
15781 1
17147 0
4580 1
12774 1
12775 0
764 2
12778 0
7591 3
12781 3
12783 1
12786 0
4595 1
4596 1
12790 0
12792 1
767 2
12796 0
4605 2
4608 0
12804 1
4613 0
12811 2
4620 0
4621 2
3501 1
4624 1
16452 1
4626 2
849 2
12824 3
12828 0
4637 1
12841 1
12843 1
4652 3
12847 2
4656 1
12849 0
4658 2
4659 2
12852 2
6238 0
4662 0
4666 0
4668 2
12861 2
12862 2
4671 0
4672 2
4674 1
12871 0
12872 2
17164 1
12874 1
4683 0
2146 3
4686 2
12977 2
4699 1
4703 3
4705 1
15803 0
4708 1
4709 1
12904 2
12905 3
12906 2
1286 2
4717 0
12913 2
4723 0
4724 2
12918 0
12919 1
12920 1
12921 2
4733 2
11712 2
12930 2
12931 0
12932 1
4741 1
4742 1
4744 1
4748 1
12945 2
12946 1
4755 1
4757 2
5614 0
12957 1
4766 1
4767 1
12960 2
4773 2
12966 3
16253 2
4776 2
4777 1
12971 1
12972 2
4784 1
7624 3
18547 0
4788 3
12981 1
4790 1
11721 1
4792 2
12986 2
12987 1
4798 0
800 2
12994 1
4803 3
4807 1
4808 1
4809 2
4811 3
13004 2
4813 1
4814 2
4816 1
13010 0
4819 1
4820 2
13014 2
4823 2
13016 2
4827 1
4831 1
4833 3
13027 0
4836 0
13029 3
4839 0
13034 0
4844 1
4848 1
10366 2
4855 2
13050 2
4860 2
4863 1
4866 0
13801 0
13060 0
4870 0
4871 0
4872 2
4877 2
4878 0
13076 3
13077 2
8346 1
13083 2
4897 2
4901 0
13097 2
4906 3
18567 3
4909 0
1800 0
12958 0
2184 3
13107 0
13110 1
2185 2
4924 2
4927 2
4929 0
13123 2
4934 1
13128 1
4937 2
13134 1
13135 2
13136 2
13142 1
13147 1
13150 3
13153 2
17211 1
13156 0
4973 0
4974 0
4979 1
13172 0
4981 2
4982 1
4986 2
4989 0
832 2
4997 2
14351 3
3564 3
2199 2
13196 0
13199 1
13200 0
13201 2
4931 2
13207 1
13208 2
13209 2
13210 2
5021 2
5030 2
5031 3
13225 2
5037 2
13230 2
13233 1
15859 1
13237 1
13129 2
13246 2
5063 2
13259 2
13262 2
845 1
5073 3
5077 1
13271 1
5082 2
13275 2
13276 2
13277 2
5090 3
3579 1
5095 2
13290 1
13293 1
13295 1
13296 1
13297 0
13298 1
851 0
13301 2
5110 1
13303 2
5113 2
5115 1
13308 1
17237 2
5121 2
13314 0
13319 0
13320 2
10412 2
13323 2
5132 2
5137 1
5138 0
13331 2
13332 2
5141 0
13334 0
5143 1
13337 2
11781 1
5152 2
5157 2
13351 2
13353 0
13356 2
5167 1
13360 2
13363 2
13366 0
13368 1
863 0
13373 2
5182 0
13376 3
5186 0
13381 0
5191 2
13387 1
5196 2
5197 3
5200 0
5201 1
13394 0
13396 0
13399 2
5210 3
5214 2
4538 2
13413 2
5222 0
5224 0
2236 2
13418 1
13419 1
13421 0
13423 0
13424 2
1538 2
13427 2
9065 2
5243 2
5244 0
5246 0
5247 2
875 2
13444 1
5255 0
13448 0
876 3
17633 3
2630 1
13453 1
5264 3
13458 0
13460 0
5272 0
5277 0
8632 2
13477 2
5289 0
12724 1
5292 2
5293 2
18632 2
883 1
13493 2
5302 0
5303 0
5307 0
13501 1
13503 2
5312 0
13511 2
13513 0
5322 2
5323 2
15906 2
5329 0
5336 1
5339 1
13532 0
5345 2
18641 2
5352 1
17276 0
12999 1
13181 1
5362 2
13557 0
5367 2
13561 1
895 1
5374 1
2261 1
13568 3
17280 1
13570 3
13571 2
13572 2
5381 2
13577 1
5389 2
13583 2
13587 2
13588 2
13590 2
18649 0
9092 0
13596 2
5406 0
9093 1
1697 0
13603 0
13604 0
13605 2
5414 1
13607 2
13608 2
5417 3
5418 1
5419 2
13612 2
5421 2
5422 2
5423 0
5424 0
13193 2
13624 1
13626 3
13627 2
13628 1
5437 2
13631 2
5440 0
13195 0
5445 0
13638 2
9100 2
9638 3
13646 1
13647 2
5457 2
910 1
13654 3
5463 1
5464 2
13659 1
5469 1
13664 0
5475 0
5477 0
5478 0
13671 1
5481 0
18663 3
13677 0
5486 2
2280 1
5490 1
5494 3
5496 2
13689 0
5502 1
13695 2
13696 2
13702 2
5513 2
5515 1
17096 1
11842 0
13710 2
5526 0
7549 2
13723 2
13727 1
13734 1
5545 1
7751 2
5551 1
13746 0
10483 0
5556 1
9118 2
13750 2
2292 0
5562 1
13756 2
13758 0
5567 2
5568 3
5571 1
5576 1
13769 0
5579 2
5580 1
5581 2
5583 2
5587 1
5588 3
13781 1
5590 3
5595 0
1401 2
13791 2
13793 0
5602 2
5603 0
13796 0
5606 0
5608 1
5609 2
5612 2
14917 1
13807 0
13808 2
17645 0
17321 2
5626 3
5628 1
5630 2
5632 1
13828 1
5637 1
5638 0
5639 2
5641 0
13834 2
5643 3
14918 3
13838 1
13229 2
13841 0
5652 0
5655 2
5657 1
5666 0
10502 2
5670 1
9137 2
13864 2
6257 1
13867 2
5676 1
5680 1
13873 2
17331 1
5685 2
13878 1
5691 2
13283 2
5698 2
13891 1
13893 1
6412 2
13899 0
13900 0
13902 0
17336 2
13908 1
2318 0
5720 2
13913 0
18703 2
11877 2
5729 0
13922 1
1009 1
18705 2
10011 1
13933 0
7829 1
11880 1
10515 0
5054 1
10516 3
13959 1
13960 3
5780 1
7790 1
13974 1
18714 1
13984 0
13986 2
10523 2
5798 2
13995 2
13997 0
5376 2
5810 0
5811 2
14004 3
14007 1
5819 1
5828 0
5829 1
5831 0
10568 1
14029 2
14030 2
5841 1
5843 2
14036 1
5845 0
14040 1
14041 2
5850 2
5851 3
14045 0
5858 2
5859 2
5860 2
5862 2
5868 2
14066 3
14067 0
5879 2
16017 2
5881 2
7807 2
5888 2
14084 1
5893 1
5894 0
14095 2
5904 2
5908 1
14103 1
14107 0
6448 1
5922 0
14116 1
5925 2
14120 2
14123 1
14126 2
14128 2
14129 1
14130 1
10547 2
14133 2
16679 1
7817 1
14137 2
14138 1
14139 1
14140 2
14141 2
2357 2
5958 2
14157 2
5971 2
14170 1
14171 0
14172 1
2362 2
5982 2
14177 2
14180 1
5989 2
14879 2
14185 1
9474 1
5995 1
14189 0
14191 2
14192 2
1018 1
14194 2
6003 1
6013 2
6015 0
14208 0
10560 0
6018 1
14212 2
6022 2
14216 2
14219 0
6029 2
14222 0
14224 1
14226 2
14234 0
6045 1
14238 1
6048 1
14241 2
14243 1
14244 2
6053 1
14246 2
14247 0
6057 2
14251 0
14252 0
14253 2
14254 2
14664 1
14258 2
6068 2
6069 1
14262 2
14267 1
14269 0
14271 0
6080 1
14274 2
14275 1
14277 2
14280 0
14285 0
6094 2
14287 1
14288 0
3747 1
14292 0
6104 2
2383 1
9210 1
14306 1
6115 3
6119 1
6120 2
6123 2
14319 0
14320 2
14321 2
14322 2
14323 2
6135 2
6136 2
6137 1
14330 0
6139 0
6140 2
10581 0
6145 2
17117 1
3755 3
14344 0
6153 0
6154 2
14348 2
14349 1
6158 2
6159 2
9219 1
6164 2
14360 1
14364 1
14365 3
9221 1
6177 1
14376 2
14377 1
6188 2
14383 0
14385 1
6196 2
14389 2
14390 0
6200 1
6201 2
14394 2
6203 2
6204 2
6206 2
6207 2
6209 2
14403 0
14404 1
14405 1
14412 2
14413 2
14420 2
6231 2
6232 2
14425 2
6235 2
16058 0
14430 3
6240 0
17424 1
14437 2
14439 2
6251 2
16061 1
14449 2
16848 2
6266 2
14459 0
6270 2
6274 3
14467 1
14470 3
14480 0
5145 2
14488 3
14489 1
14491 1
14496 0
14498 2
14501 0
14502 1
14504 2
2606 3
6315 0
14510 2
13031 1
6331 2
6332 2
14527 3
14533 2
17441 2
14538 2
2388 2
6349 2
6355 3
6356 1
6357 2
2121 0
6360 3
14553 1
13349 0
14560 1
6370 2
10619 0
14564 0
14565 1
14566 3
14569 0
14571 2
6380 0
2429 1
14576 0
6389 1
6390 2
6392 0
6393 2
14586 2
6398 3
14596 1
14599 3
14604 2
6413 1
6416 3
6418 0
14611 1
14612 0
6422 1
6424 0
10628 2
17455 0
6429 1
12762 3
14625 2
14629 1
6438 0
14631 2
14632 2
6441 0
6442 1
6443 2
6445 1
16093 2
14640 0
10632 1
5171 1
14644 1
14647 2
14651 2
14730 1
6466 2
6468 1
6472 0
7906 2
14671 0
14677 2
14679 0
6488 2
14682 2
14685 0
12006 0
6504 2
8172 1
6507 2
6514 1
6521 0
6523 2
14724 2
4582 2
8936 1
17174 2
14732 2
3821 2
10648 2
6553 0
14748 0
14749 2
14751 2
14753 2
14761 1
6573 0
6575 2
6576 2
6577 1
14773 0
14777 2
14779 2
14781 0
14782 2
6594 3
14787 0
14789 2
14791 2
14793 1
6603 1
6605 0
6221 1
14800 2
14801 1
14957 1
14804 2
14805 2
17951 2
14809 2
6619 2
6621 2
6624 2
13431 2
14822 0
6631 2
6632 2
535 0
6636 1
14829 2
7586 3
14832 0
14834 1
1107 1
6646 1
14840 1
9300 1
14846 1
14848 1
14849 2
14851 2
6660 0
4245 2
6662 2
6667 0
6671 3
6679 2
14873 2
6683 2
14876 2
14878 2
6687 2
14880 2
14881 1
17499 2
6692 2
14885 1
14886 1
6697 2
6702 1
6704 1
14899 1
6708 1
6709 0
14902 2
14904 2
6714 0
14908 1
6719 1
14913 2
6723 1
14916 0
6725 0
1700 2
11065 2
14928 2
6740 1
6751 0
14945 1
13414 2
14950 2
14953 3
14954 2
6764 2
6765 0
6770 2
5225 3
14972 2
6782 1
14978 3
6787 0
6788 1
8955 1
10319 3
14987 3
6796 0
14989 0
14990 2
13047 0
14992 0
6803 1
14996 2
6806 0
15001 1
6810 1
15004 2
15005 1
6815 0
6816 1
15009 2
15011 0
17685 2
15017 1
16157 2
6833 1
6837 1
6839 3
6842 3
15035 3
6845 0
6848 0
6849 0
15042 2
6851 1
6853 0
15047 0
6858 2
6859 1
6860 1
15053 2
15054 2
14797 1
6867 1
15060 3
6869 1
15062 1
6871 0
15064 0
15066 2
15067 2
15068 2
15070 2
15071 0
15072 0
6608 2
15074 0
6884 0
6886 2
6609 0
15080 2
12055 2
15087 2
6898 1
14803 2
15093 3
15095 1
6904 0
6910 2
15103 1
6914 2
15107 1
6916 0
15109 1
15111 3
18329 1
15116 2
15117 2
15119 0
6616 1
6930 1
1155 0
15124 3
6933 3
6617 2
6936 1
6941 0
15134 1
15135 2
15136 1
15137 3
15138 0
6947 3
6948 0
15141 1
15144 0
15145 0
6954 3
15149 0
8415 1
6961 1
6962 2
15155 0
15157 2
15160 1
15162 1
15166 0
6976 2
15508 0
6980 1
6982 0
15176 1
15177 2
6989 1
9357 1
15184 0
15189 0
15191 2
7001 0
15194 2
15195 2
7004 2
7006 2
7008 2
7010 1
7018 1
7023 1
15217 2
15220 2
7031 1
15225 1
15226 2
15227 3
15228 0
7040 0
7044 3
17558 1
7051 1
7052 1
15245 2
7055 1
7056 2
15249 2
15250 3
15252 1
7062 0
17561 2
7064 2
8004 2
15258 1
7067 0
15261 2
7070 2
15264 2
15266 1
13329 2
15270 0
9372 1
7082 0
15275 1
7085 0
6237 0
7087 1
7088 0
15282 2
15284 1
16201 1
15289 3
7101 1
7103 2
15296 2
7105 1
16203 0
15301 2
15303 2
10743 1
7116 1
9378 2
17695 2
7122 2
1187 2
15316 1
15318 2
7129 2
7130 0
5285 2
7136 0
15329 2
17574 1
7143 0
7146 1
7155 2
7158 2
15356 1
784 0
15362 2
1057 0
7181 0
15374 0
17581 1
15376 3
2563 2
9241 2
7189 2
7194 2
3240 2
266 2
7205 1
4483 0
7208 2
7209 2
12788 2
7214 2
15413 2
7222 0
15417 2
786 0
7228 1
2150 2
7231 0
15426 1
15428 2
7238 2
7241 1
7242 0
7243 2
7246 2
15440 1
15442 0
7256 2
7260 2
7264 2
13499 1
15460 0
7271 1
5122 2
15473 0
15474 0
15479 0
15480 1
15484 1
15488 3
15491 1
15496 0
4335 2
15505 0
7316 2
15509 1
15513 0
15514 0
15520 0
15522 1
15526 1
7337 0
9415 1
15532 3
15533 2
14429 1
2231 2
5321 3
15544 1
10783 3
17610 2
15552 1
15553 0
15556 1
7367 2
15562 0
15563 0
7372 2
15565 1
7374 3
9421 2
15569 0
15570 0
7379 2
15577 3
7386 1
15579 2
7611 1
10789 2
15584 2
17616 0
15589 2
7405 2
7407 2
15600 2
7409 1
15602 2
1235 2
15604 2
7413 1
7415 2
17620 0
15610 0
7419 0
15613 1
15616 0
7425 3
7426 0
15620 1
15621 2
15625 1
15627 1
15628 3
7440 2
13528 2
7442 2
14894 2
7446 2
7447 2
7448 2
7449 2
7450 2
16615 0
7459 2
7460 2
15653 0
15654 2
14433 2
15656 0
15657 2
15661 1
7473 1
7475 0
15669 1
15670 3
7481 1
8978 1
15675 2
15676 0
3978 2
15679 0
7488 2
7489 2
7491 2
7495 0
7069 0
5978 0
15695 0
7505 2
7506 2
15701 0
7510 0
15706 1
15707 1
7516 2
15710 3
15712 0
15713 2
15714 1
15715 2
15716 0
17638 0
15719 1
15721 2
15722 2
15726 1
15728 1
7538 3
7540 0
7541 1
15254 3
15735 0
7544 2
15738 2
1258 0
15744 2
15746 0
7555 0
15748 2
15749 1
15752 1
7561 2
15755 0
7566 2
15759 3
15760 0
15761 2
7570 2
15764 0
15769 2
13551 2
7580 2
15775 0
15778 0
7587 0
7589 0
15782 1
15783 2
7592 2
15788 1
17650 1
15790 0
15794 1
15798 1
10825 0
17984 0
15802 3
3999 0
15805 2
7616 2
7618 0
15813 0
15816 2
15825 0
15827 3
15829 0
17657 0
7640 3
7642 2
7643 0
7647 0
7649 2
15842 0
15847 1
18218 2
15852 2
7663 2
4074 1
2643 1
7677 3
15870 1
15871 1
15872 3
15873 0
15876 0
15877 0
15878 2
13569 2
15882 0
15259 0
7693 2
7695 2
15889 1
7699 2
15892 1
7701 0
15895 0
15898 2
15902 1
9477 2
15904 2
7714 0
9478 2
15911 3
15913 2
15916 0
15079 3
15931 0
17674 2
15938 0
7747 2
7748 2
6753 0
15953 1
15954 1
15957 0
7766 1
15959 1
15962 0
15963 2
7772 1
15970 3
7780 0
7782 1
15977 0
15978 3
2663 1
15980 2
7789 2
15982 2
15983 2
15984 0
7795 0
15988 1
15991 0
15993 1
15999 1
16000 2
16003 2
16004 0
16009 0
16010 0
16014 2
16015 1
1304 2
16021 0
7831 1
13438 1
7838 2
16032 1
16034 2
16036 1
16040 2
16041 1
16043 2
16045 3
16046 0
16050 3
16052 0
16056 1
7866 2
7867 1
16060 2
7869 2
16064 2
16066 1
16331 1
16069 2
6809 0
7884 2
7890 2
5411 2
7895 1
16088 1
7897 2
16091 2
7900 2
7901 0
16096 2
16098 0
7910 3
16104 0
16110 2
16112 0
16114 2
16115 2
16117 2
7927 1
16120 1
7931 0
7932 2
17706 1
7937 0
16130 0
7939 2
16132 0
16133 1
16134 0
16135 2
7945 2
16138 2
7947 2
16143 2
16144 0
16145 0
7954 0
16156 2
4058 2
16159 0
7974 0
7975 2
7976 0
16176 0
7986 2
6267 2
16180 0
16186 2
16187 1
6794 2
7998 3
926 3
8001 1
16196 1
17718 1
14988 1
9527 1
16205 3
16207 0
8018 3
16211 2
8020 2
16213 0
8022 0
16217 2
16220 2
8029 3
16223 2
8033 3
16227 1
10419 0
8166 2
16232 0
16235 1
16238 3
13629 1
16243 1
10801 2
16245 1
17727 1
8061 0
16254 2
10907 1
16261 1
8072 1
16265 1
16266 2
8725 1
16275 0
269 0
16277 2
16279 0
16282 1
8092 3
2714 0
16288 1
17182 1
16291 2
16292 0
8101 1
8102 1
5564 1
8110 2
8119 0
16314 0
16316 1
8127 0
16324 0
16325 0
8134 3
16327 1
12279 2
16337 2
10915 2
8149 2
8151 2
8156 1
8159 3
16352 0
8162 0
8164 0
8165 2
16358 2
8168 2
8170 2
16364 0
16366 0
16372 1
545 2
8182 2
8184 2
16379 2
16380 0
8190 2
