16385 2
16386 2
16387 2
8198 2
8200 0
16394 1
16395 0
16396 1
10366 2
10925 1
16401 2
16402 1
21 0
16406 0
7093 0
8218 3
16412 0
16415 2
33 0
5467 0
16420 2
37 0
17756 0
16428 0
8237 2
11731 2
8241 2
16436 1
16441 2
1375 2
8202 0
16447 2
66 1
16452 1
16456 2
73 2
74 0
16459 2
8269 0
16397 1
8186 2
5731 2
8276 1
16470 1
87 3
88 2
16477 2
16478 1
13915 3
2747 2
16484 1
16485 0
8295 2
16489 3
17767 1
109 3
113 2
114 0
115 1
10915 2
1385 3
8312 1
122 3
123 0
16509 1
16513 1
8322 2
16516 1
16517 1
8326 2
136 0
16522 1
139 3
16524 1
12876 2
144 2
8338 2
15043 2
148 1
151 1
153 1
8347 3
157 0
6853 0
8353 1
162 2
163 2
8356 3
16550 1
169 1
8363 1
8364 2
16557 2
15827 3
8367 0
8368 1
177 1
16562 2
179 3
180 3
181 1
183 2
17780 1
10099 2
8382 0
8385 0
15051 2
197 2
8391 2
200 0
8393 2
202 2
16590 3
15053 2
8401 2
8402 2
16595 3
16597 0
8406 1
8407 2
16600 1
218 3
219 0
8412 1
8413 2
8415 1
224 2
16611 0
16612 1
16614 0
16615 0
233 2
16619 0
236 0
8430 2
241 0
8434 0
8435 3
16628 0
633 2
246 0
8233 1
2772 2
250 1
16636 2
16637 3
6869 1
16640 1
1408 0
16643 2
16644 2
261 2
16646 1
8455 0
12332 2
8461 3
16429 2
16657 1
274 2
277 1
279 0
283 3
284 1
8477 0
286 1
287 2
8480 1
289 2
8483 0
8484 3
1414 2
8486 2
16433 2
8488 2
16682 0
299 1
9830 2
8496 2
8497 1
16690 2
16693 1
312 1
16699 0
16700 2
16701 2
16702 3
319 2
8513 0
16706 1
323 0
324 1
15073 1
947 2
16716 0
334 3
16719 2
8530 3
340 1
16725 1
16730 0
8539 1
16732 1
16733 2
350 0
8545 0
8549 0
358 1
16743 2
16744 2
8553 2
8555 2
8560 1
15080 2
8563 2
8564 2
16757 0
376 2
8570 1
379 0
16765 2
384 1
387 0
8581 0
390 1
391 3
8585 1
8588 1
16781 0
16784 2
16785 3
16786 1
405 0
16790 1
8599 0
8600 1
8601 2
410 2
8604 2
416 0
8609 2
8610 1
419 0
420 1
8613 2
13969 2
16807 1
8617 0
426 1
16811 2
8621 0
16814 2
8625 2
16818 0
16821 1
8631 1
16824 0
2804 2
1924 2
16827 2
444 2
8266 2
446 2
16831 1
8640 0
16833 2
8642 0
8643 1
16836 1
16837 1
454 2
16839 0
16841 2
16843 3
460 0
461 2
16846 1
8655 2
8658 0
16851 2
16852 1
16853 0
16854 2
8664 1
8665 2
8666 2
11187 0
16862 1
16864 2
16865 0
8674 0
8675 2
16869 0
488 2
491 0
8684 1
496 2
16881 1
8690 1
16884 1
15102 1
502 2
504 3
7109 0
508 0
16893 2
16894 0
1258 0
512 1
517 0
16905 1
8714 1
8279 2
524 2
525 0
526 0
8719 3
528 2
529 2
16914 1
8726 2
8727 0
13384 2
537 3
538 0
8731 0
8732 1
541 2
16926 2
8735 1
16928 2
545 2
16930 2
8739 3
548 1
18015 2
16934 1
551 1
16937 2
554 2
16939 1
556 1
1458 2
558 1
8751 2
4383 2
562 3
8756 2
8286 2
8758 2
567 2
8761 1
8762 1
16956 1
573 1
8766 2
8767 0
576 2
579 0
16965 0
8775 0
8776 1
8778 1
8780 1
8782 0
591 1
592 1
8786 1
595 1
596 1
597 1
13753 1
16984 1
100 2
8794 1
16989 1
8293 1
8800 1
609 2
8802 1
8803 0
8805 2
8806 0
8809 0
7369 0
8812 2
621 2
8814 2
8815 2
8816 0
12392 1
4658 2
629 1
8822 2
8297 2
8825 1
8827 2
636 2
17021 0
8830 0
8831 0
8832 2
642 1
8835 1
644 1
8837 0
17030 1
647 0
8840 1
8841 2
17035 2
17036 2
654 0
17042 2
17043 0
661 1
8855 1
664 0
17049 1
666 0
17051 1
17052 2
669 2
8862 2
1477 1
674 0
675 0
17060 3
8869 2
17062 0
17063 1
680 0
8877 1
8880 0
5576 1
17074 1
17075 0
2846 2
695 3
8888 3
17081 0
17085 0
702 1
8309 2
8897 2
8898 1
17091 0
8900 2
8902 2
712 2
17097 2
17098 2
17099 2
10935 0
6947 3
8916 2
8917 1
17111 2
8921 2
730 2
732 1
8927 3
1488 1
17126 2
744 2
8937 0
746 2
748 2
8481 0
8942 1
8944 1
754 2
8948 2
17141 2
17143 1
17144 3
8953 1
762 1
8955 1
764 2
17149 3
17151 2
17152 1
17154 0
8963 2
5590 3
774 1
17159 3
8968 0
780 2
782 3
17167 2
17168 2
786 0
787 2
17173 1
790 2
8984 1
8985 0
10392 2
2863 0
17882 0
8990 2
133 2
8992 3
2864 2
5595 0
134 0
17191 0
17194 2
1118 2
813 1
814 2
7534 2
1343 2
17206 1
17207 3
825 2
9018 2
17211 1
8330 2
17214 0
9023 2
9024 2
17218 1
8331 2
17220 1
837 0
5601 1
17224 3
17225 0
844 2
845 1
9038 2
17231 0
17233 2
17235 0
9045 2
856 0
858 1
17244 0
861 2
862 0
9057 1
868 3
17409 1
18037 1
874 3
875 2
876 3
877 3
17262 0
17263 0
17264 0
17265 2
882 0
147 0
884 1
9078 0
17271 2
888 2
889 0
9082 2
891 1
892 2
894 2
895 1
17280 1
17281 0
9090 1
9092 0
17285 0
9094 0
903 0
907 1
9100 2
17293 0
910 1
9103 2
17297 0
916 0
917 1
8345 3
9112 2
921 2
17307 2
17308 2
7123 2
17311 2
8981 2
931 3
932 3
933 1
17318 2
936 3
9129 2
17322 2
17323 0
17324 2
9136 2
17329 3
17331 1
9140 2
952 1
953 2
17338 1
17339 1
959 2
9153 2
17350 0
969 1
970 0
9164 0
17358 1
2893 0
17360 2
9169 0
9173 2
8899 0
17368 1
17372 3
16127 3
17376 0
17379 2
17381 2
14524 1
1002 0
1006 0
9199 0
9201 0
1010 1
17395 2
17396 2
8361 2
9209 1
17403 1
9213 3
9214 3
1023 2
9216 0
1025 2
1026 2
1027 0
1028 1
17414 0
9225 0
17419 1
9228 2
17421 1
9230 0
173 2
17426 2
17427 3
332 2
17429 0
8954 2
17432 2
17434 0
17435 3
13829 0
9249 0
9250 2
1542 2
1063 2
9256 1
17450 1
178 0
9262 2
1071 1
1945 2
17457 0
8371 2
1077 2
9270 2
1080 1
9274 2
17469 0
17470 0
9279 2
17472 0
1089 3
9282 3
9283 1
17477 1
9286 0
9287 0
17480 2
17484 0
9741 2
12472 1
1107 1
9300 1
9301 0
17494 2
9304 2
15157 2
9307 2
9308 1
9309 1
9310 0
11109 2
9312 2
17505 0
1123 0
9316 0
17509 2
17937 2
17512 1
17513 2
17514 2
17516 2
5650 0
1134 0
1135 2
17520 1
1138 2
9332 2
190 3
17526 0
17530 1
17532 2
9341 2
1150 2
9343 2
1152 0
1154 2
9347 1
1156 3
17541 1
17542 1
17544 2
17545 1
1163 2
17549 1
1166 2
17553 2
195 2
17556 2
11379 3
1174 2
17559 2
17560 1
17563 2
1181 3
9375 0
17570 2
9379 1
9380 1
17574 1
9383 0
9756 0
17578 2
15861 1
9389 0
9390 1
17583 3
9392 0
1203 2
4950 2
9397 2
9398 1
201 1
9400 0
17593 2
1210 3
17595 2
1212 3
9405 2
17598 2
9407 0
9412 1
9416 1
1225 2
17610 2
1227 0
17612 2
17613 0
12316 2
17616 0
2936 0
9426 2
9427 2
17620 0
4302 1
1238 2
1239 0
17625 1
1242 3
427 2
5497 2
17632 1
1249 0
1251 1
17637 0
17638 0
17639 1
9448 0
17641 1
9450 3
1260 0
17645 0
1262 2
15229 2
1264 3
17649 1
17650 1
17651 0
9460 2
9461 2
17654 3
9463 2
1273 2
17660 2
13866 0
17663 1
588 1
17665 2
9474 1
1579 2
9477 2
17670 0
1287 1
9480 2
17674 2
1292 2
1300 3
9493 1
9494 1
17687 1
17689 2
1306 3
1583 2
17692 3
9501 0
17695 2
17696 1
8227 2
1314 1
1317 3
17702 2
17703 2
1323 0
1324 2
17710 2
17711 1
7682 2
1331 1
317 2
17719 1
1338 1
1339 3
9532 3
17725 0
17726 2
9781 1
9536 0
16608 0
9541 1
17737 2
15289 3
1355 1
1356 3
1357 2
1358 2
1359 1
9555 1
9557 1
1366 0
17752 1
1370 2
17755 0
1372 1
17757 1
9593 2
11193 0
9569 2
1378 3
17766 0
1383 2
17769 0
9578 1
1387 1
1389 3
17981 1
17776 3
1396 2
9590 2
9592 1
17785 0
1402 1
17787 3
18323 0
9597 2
9599 0
17792 0
17795 1
9604 2
9606 1
1601 1
9608 1
16620 3
9610 2
9611 2
1422 2
9615 2
9618 0
1428 0
17813 1
10686 0
9626 2
17820 0
9629 1
3992 3
1605 0
1440 2
1442 2
1444 2
9637 1
1446 2
9639 2
11505 2
9645 2
7069 0
9648 2
9650 2
17843 2
1462 1
1463 1
5777 2
244 3
17850 1
17851 1
17852 2
2231 2
17855 2
1473 1
17858 0
17995 2
10464 1
9669 2
9673 1
1482 1
9675 1
9676 2
9677 1
1486 0
1613 2
9680 0
9681 2
1493 0
17879 0
1496 1
9690 2
9691 3
9692 2
17885 0
9694 0
9697 3
6003 1
4347 3
17895 0
9052 1
14139 1
9706 1
10416 1
9708 2
9709 2
18004 2
1533 0
9730 0
1539 2
17924 0
17925 0
17926 0
1548 2
1549 0
17934 2
1551 2
9745 0
1559 0
17944 1
1561 2
7087 1
17948 2
17949 2
15055 2
1568 3
9761 1
17955 2
17956 2
17958 2
17959 2
1576 1
9770 1
17963 1
17964 0
9773 2
9774 2
9775 0
9779 0
1589 3
1591 1
9784 2
17977 2
17979 2
1596 2
1597 1
9791 2
9792 2
17985 2
17986 0
9796 0
17989 1
1608 1
9801 2
599 0
1611 3
9826 2
17999 0
1616 0
9810 2
9811 0
9812 0
3001 2
18008 1
9828 1
271 2
9820 0
1630 1
1631 1
14503 2
1634 2
1636 0
9829 2
1638 0
1640 2
1641 2
18027 2
18028 1
16658 0
1646 0
9839 0
18032 0
18033 0
18035 1
1652 2
1653 2
1655 2
9849 0
7103 2
1660 1
1661 1
1662 2
1663 2
9856 1
9858 0
9835 2
18052 0
1671 1
18056 0
9865 3
1674 2
1677 0
18062 2
18063 1
18065 0
18067 0
9876 0
1690 0
15070 2
18076 0
1693 2
18078 2
18079 2
1696 2
1697 0
9890 0
9891 3
9892 0
18085 1
1702 2
1703 1
1705 0
18091 2
1709 0
1712 1
9906 2
1715 0
1717 2
9911 2
1720 0
9915 2
18110 1
9845 1
18112 3
9921 3
1732 2
1734 1
9927 2
1736 0
15308 1
18122 1
18039 1
1740 0
18126 0
18127 0
1746 2
9940 2
15310 1
1750 1
5753 0
292 0
18138 2
1755 1
1695 2
1757 1
18142 1
18143 1
1760 0
15312 3
9955 0
1764 2
9960 0
1769 2
18155 1
18156 1
1773 1
18045 0
8788 2
296 0
1779 0
1781 1
18166 0
18167 1
1784 1
7124 0
1789 2
1790 2
18175 1
18178 1
18186 2
1807 0
1808 2
1809 2
10002 3
10003 1
10005 3
10010 0
1819 0
7130 0
18207 2
18209 0
10018 0
10020 3
18218 2
18219 0
1836 1
18221 2
1838 2
1839 2
10032 1
18225 2
10034 1
18227 2
18228 2
10039 2
18232 2
10041 2
1852 1
10045 1
10047 1
1858 1
10051 1
1860 2
1861 0
18247 2
10056 2
18249 3
18250 2
1867 1
18252 1
1872 0
18257 0
10066 3
18261 1
10071 1
18264 1
18269 2
10078 2
7141 0
10080 2
5776 2
18274 3
18275 1
18276 0
3013 1
18279 1
10089 2
10090 0
3047 0
18284 1
18287 1
10096 0
1905 0
1907 0
10100 2
1909 0
1911 0
18297 0
18298 2
18301 2
1918 2
1920 2
6065 2
18306 2
1155 0
13974 1
18310 3
16705 1
18312 1
7148 0
10123 2
1933 2
10129 2
16707 0
1942 0
18328 1
10137 2
10138 3
18331 1
15344 3
10146 2
11249 3
18340 2
10149 1
1958 0
10151 3
18344 2
1961 2
10155 2
18348 1
1965 2
18351 0
18352 1
1969 0
10162 0
1971 2
9886 0
18358 3
1979 1
18366 2
1983 2
18368 2
11254 2
7704 1
1992 2
11579 2
17635 0
1998 3
2000 3
18385 1
2002 0
13987 2
2004 0
2006 1
18391 0
2008 2
2009 0
9887 3
2016 0
18401 1
18404 2
2025 1
18411 3
338 1
18414 3
2032 0
18419 1
4714 1
18421 3
2038 0
18426 1
2043 1
10239 2
18434 3
18438 1
2057 2
18446 2
18449 1
18455 2
2072 2
2073 2
2074 1
10267 0
10268 1
18462 3
10271 0
18464 0
18096 2
2083 2
18472 0
10281 2
10282 2
2091 2
2093 0
10286 1
10287 2
2097 3
2098 2
2099 2
18484 2
10294 1
2104 3
10299 2
10300 2
10301 2
18494 1
2113 2
10306 1
18499 1
2116 2
10311 2
10312 2
2121 0
1719 2
2124 2
10317 1
10319 3
2128 1
18104 0
2130 1
18515 2
2132 0
18517 0
10328 2
2137 2
2138 2
10332 1
10335 2
10337 2
18530 0
10340 3
16742 1
18534 2
617 0
2152 2
18538 2
2157 0
10352 1
2162 3
2163 1
10357 1
10358 2
16763 3
10363 0
10365 2
18558 0
2175 1
2176 2
2177 1
18349 1
10380 1
10382 2
18575 3
3619 2
10386 1
2196 0
10391 1
18584 1
2207 1
2208 3
2209 0
18594 2
18595 2
2212 1
10407 2
18600 2
18604 2
2221 0
2222 2
2223 2
2224 3
10417 3
10419 0
18612 1
2229 2
18614 2
18615 1
18618 2
2235 2
10440 2
2237 3
2238 2
18626 3
18627 0
18628 2
2245 1
2247 1
18632 2
10441 2
18634 1
2251 2
18637 1
2254 2
2256 0
12664 1
2258 2
3107 2
18644 2
2261 1
2262 0
2263 2
10456 1
18649 0
2266 0
10461 2
10462 0
10463 2
2272 0
18657 1
10467 2
2276 0
9081 2
2278 2
10471 1
2280 1
10475 1
10476 3
14034 0
2287 2
2288 2
10483 0
2292 0
10485 1
10486 2
18682 1
2299 2
18685 0
10498 2
18691 1
18692 2
9942 2
10502 2
2311 0
10505 2
18698 0
18701 2
18704 1
18706 2
18707 1
2324 2
10517 1
18710 2
14041 2
10521 2
10522 1
18715 3
10716 1
9946 2
10527 3
18723 1
2340 3
18725 1
2343 1
11262 2
18732 2
10542 2
18141 0
18739 0
1758 3
18743 0
2362 2
2364 2
2365 3
18750 1
18751 3
18755 3
9953 0
2376 3
2377 0
10573 1
10574 2
2383 1
2385 2
18770 0
18771 2
18772 1
10581 0
10583 2
2392 2
10585 0
4495 1
15901 1
10589 2
10590 2
2400 2
18790 0
10599 0
18792 2
10602 2
8594 1
10606 1
10607 1
10609 0
2418 3
10611 0
18804 2
2421 1
2422 1
16993 2
2424 3
2425 1
2427 2
18812 2
18813 1
18814 2
2432 3
10625 1
2434 2
2435 0
2436 0
10629 3
18824 3
2441 2
10637 0
10640 3
18833 0
18835 0
2452 2
18837 2
18839 2
10648 2
7236 2
2458 0
18844 1
2463 3
10657 0
2467 0
10660 2
2469 0
2470 2
14065 0
2472 2
11335 2
2478 3
10672 2
2485 0
10678 2
10679 2
2491 0
2494 0
11339 2
2501 1
2502 1
2503 0
15436 1
10698 2
10700 2
10702 2
2513 1
10706 1
8611 2
2516 2
10710 2
18169 1
10712 2
2522 3
10715 1
13723 2
2525 1
11268 2
421 0
2528 0
2530 0
2531 1
10724 0
12710 1
2534 1
357 0
10729 1
423 2
2542 1
2544 0
2545 3
2546 2
2547 1
2549 2
2552 1
2553 1
2556 1
10749 1
11349 0
10753 2
10754 2
10755 0
10756 3
2565 0
2566 3
2569 2
10767 0
10769 0
10771 1
2580 2
10773 1
10774 1
10778 0
4527 1
10780 0
3162 1
10783 3
10784 0
10785 2
9088 3
11355 3
2599 2
2600 2
2601 1
2603 2
10796 2
10798 0
10799 1
10803 3
2612 2
10001 0
2615 2
10809 1
10812 1
10814 1
2624 2
14733 1
2626 0
2627 2
10822 1
2631 1
10825 0
2634 2
4535 3
10828 1
10830 1
10831 2
2640 2
2642 0
3172 2
10843 1
6837 1
4538 2
2654 2
2655 2
2657 0
12731 0
18193 1
10856 2
2665 1
9636 2
4273 0
10868 0
10869 1
2678 3
10873 0
8639 0
14101 0
2688 1
10883 2
10884 0
4545 0
10890 3
2699 1
450 1
2702 2
10897 3
2706 2
2707 0
2710 3
10903 2
10905 2
10906 2
10907 1
10913 3
18203 2
2724 1
2729 1
2730 1
2731 3
10924 1
2733 2
10928 3
2739 2
10933 0
2742 2
4553 2
2746 0
1823 2
2748 3
10942 0
2756 2
10953 0
2762 2
11383 1
2766 0
2769 0
10964 0
14803 2
11822 0
10972 0
638 0
10978 0
17640 1
10981 0
10982 0
2791 2
4001 1
2794 3
2797 3
10990 0
10991 1
2801 2
2803 2
10996 1
10998 0
2807 3
11000 1
11003 0
11004 2
10166 2
469 1
15488 3
11010 3
1835 1
2822 0
2825 2
12759 1
5772 0
16856 2
2840 0
11034 2
11035 0
2844 0
11038 2
11042 2
2851 1
11045 2
2854 1
1841 2
16860 0
2858 1
11051 3
11053 2
4573 1
11056 0
11065 2
2874 0
11072 1
2882 2
2883 0
2884 0
11077 1
11078 2
481 1
2889 1
11082 2
2891 2
11085 2
11086 1
2898 2
11097 1
11100 0
2909 1
2910 1
2911 2
3216 2
11106 1
11107 1
2916 3
2917 0
11111 3
11112 1
11113 3
2922 1
11116 0
2925 2
11118 0
2928 1
12776 2
2931 2
11127 1
11128 2
2939 2
11132 2
2942 2
11136 2
11137 2
11138 2
2950 2
2953 2
11149 0
11640 2
2962 0
11155 0
11156 2
2968 2
7322 0
2975 1
11175 1
2984 2
2986 0
10055 2
2988 0
11184 1
2995 2
15921 2
1865 0
3000 2
12788 2
11194 2
11195 3
11197 3
11198 3
501 1
11200 1
11202 0
18251 2
1335 2
16886 2
9840 0
3016 1
7330 0
11215 1
12792 1
3235 1
11220 1
3030 1
3031 1
11225 0
11226 2
16890 3
11429 0
3040 2
1465 2
12795 0
11239 2
3048 3
3049 2
11246 3
12797 1
3056 2
3057 0
3058 1
510 2
12377 2
11433 2
11434 2
3070 2
3072 0
3073 1
3074 1
3243 1
3076 2
3082 2
14167 0
11276 1
11278 1
3087 2
1880 1
3094 2
11289 0
14170 1
3102 2
11295 2
3104 0
3105 1
11299 1
11300 2
3110 2
11305 2
3114 3
11307 2
3123 3
11317 3
4617 2
3253 1
1888 2
11334 2
3143 2
11336 2
11338 2
3147 2
923 1
12813 2
11344 2
11345 1
11346 2
10083 2
3157 0
11350 1
11354 2
3163 2
11358 0
3169 3
11363 2
11364 1
11365 1
3177 3
3178 1
10087 3
3186 1
12819 1
15550 0
11382 2
3191 2
3194 2
1898 3
11393 2
11397 2
11398 2
3207 2
17487 2
11403 2
3213 0
3215 2
11408 2
12824 3
11411 2
3222 1
14191 2
12842 2
3230 1
3231 1
11424 3
11425 2
16923 2
11428 3
3237 1
11430 0
3239 0
3241 1
3242 3
11435 2
3244 0
15560 0
3250 2
3251 0
542 2
11446 1
3255 1
11451 1
3261 1
3263 2
11457 2
11458 2
3268 2
11461 1
3270 1
3271 2
11467 1
3278 3
11471 2
11473 1
9111 2
10105 0
3288 2
8740 2
3290 3
3293 3
3294 0
18386 1
9657 0
13476 3
3303 1
11496 3
3305 1
12757 2
3309 1
14205 3
11504 3
12840 1
11508 2
3320 2
11513 3
13204 2
3323 2
8746 2
11518 2
3327 0
7203 2
11522 2
8747 2
3333 1
11528 1
8748 3
16753 2
3351 3
3352 1
3353 1
9659 1
3358 0
560 1
11554 1
14214 2
3366 0
11561 2
11562 1
10119 1
11565 1
3375 2
11570 3
3379 1
3380 1
7390 0
11575 0
11577 1
11578 1
3387 1
16949 0
11584 3
3393 1
3394 2
3395 1
2532 0
16950 2
15585 1
11599 1
3408 1
3411 0
14571 2
18390 0
11612 3
3422 1
11615 1
11620 1
3430 3
3434 1
11495 3
11635 0
11636 1
3448 2
11641 2
3451 1
3452 0
13754 2
11648 1
3457 0
11650 2
11653 0
11654 0
11658 0
12866 2
3470 1
3473 0
11666 2
8771 3
3478 2
3479 2
11672 2
11674 0
11678 0
3488 2
3489 3
15026 1
11684 2
9118 2
3495 2
583 1
3501 1
3503 2
3504 2
11697 0
11698 3
8573 1
3512 1
3515 1
11709 1
3521 2
3523 2
14241 2
16972 1
663 2
14575 3
11729 1
3539 0
11732 0
11733 3
3664 2
7483 0
11738 1
3548 3
11741 1
17648 0
11747 2
14247 0
3564 3
10523 2
3572 1
3573 0
11766 0
16980 2
11519 0
11773 2
11774 1
4693 2
3585 2
1756 0
1964 2
11786 1
11787 1
11789 2
11790 3
3599 1
3602 0
3603 2
11808 1
3618 0
4699 1
3621 2
3622 2
11815 1
11820 3
11821 1
3630 2
605 3
11824 1
11826 2
16677 2
11831 1
11832 1
11833 1
11836 0
11838 2
1973 0
11840 0
11841 2
11843 2
3652 0
11845 2
3655 1
11848 2
15628 3
11850 3
11851 1
3660 3
3661 2
11856 3
11857 0
3666 0
16995 1
3668 0
3670 0
3671 2
11864 2
3673 1
3674 2
3675 1
11852 1
11873 1
11874 1
11877 2
11879 2
3689 1
11882 3
11884 2
7442 2
11886 2
11887 2
11893 2
3702 2
12905 3
3704 1
3705 0
3706 2
14271 0
11900 2
17002 1
11904 1
11913 1
3722 0
15639 1
3727 2
3730 2
11923 3
3732 0
622 0
3734 2
3737 0
3740 0
11934 0
3747 1
15946 0
11943 0
11952 2
18376 2
11958 0
4724 2
3770 2
3772 1
3773 2
11971 0
3781 1
3784 2
11977 0
16579 0
3789 0
11988 0
3797 2
11990 1
1763 0
11997 0
11999 2
3808 2
3809 0
3811 2
7462 1
12006 0
2582 2
3821 2
3822 3
8829 3
12018 0
12019 0
17022 0
3830 0
12025 0
3682 2
12037 2
3855 0
401 2
3858 0
3859 0
12055 2
12058 2
3869 0
3876 2
646 3
15665 1
3880 0
3881 0
12077 2
3887 2
12081 3
12082 0
15667 2
3892 2
12091 2
3901 0
3381 1
14304 0
12098 1
12099 1
12100 2
12103 3
14042 2
12106 2
12109 2
12110 2
12111 2
18134 2
6115 3
3924 3
12119 3
3928 2
12122 3
3932 3
3386 3
12126 2
3935 0
3936 1
12129 1
15134 1
12131 3
11811 2
12136 2
3945 0
3947 0
658 0
12142 2
18357 2
12144 1
12145 1
12152 1
12154 0
14314 2
132 2
3971 1
3973 1
5100 2
3975 0
3976 2
12170 2
3979 1
12172 1
11586 0
12174 3
3984 1
3985 2
3986 0
11587 2
12181 1
12184 2
11588 1
12188 2
8858 2
3998 0
12193 0
8810 2
17539 3
8860 1
12202 2
4011 2
4017 2
12210 2
2035 2
12212 1
4766 1
4024 1
18420 2
17055 2
4029 2
12223 1
4768 2
4036 1
17321 2
12232 2
12235 0
4044 2
8866 0
12238 3
12240 1
4052 1
12248 2
4057 2
4058 2
15138 0
12252 2
4061 0
4063 2
4064 3
12257 0
12259 2
14320 2
12262 2
7505 2
12264 1
12266 2
12267 0
12269 3
12270 2
4079 0
12272 2
8872 2
12274 0
12277 0
4087 0
4090 1
14335 2
4092 0
4093 1
4094 3
12287 0
12291 3
4103 2
4107 2
15958 3
10242 1
4781 1
4113 1
12306 2
4115 0
12314 2
4124 2
15706 1
4126 0
12319 2
10503 2
12322 2
12324 2
12325 0
2047 2
12330 1
12331 2
4140 0
4141 0
4143 0
12338 3
4148 1
12344 2
12346 0
15711 2
12348 1
12349 1
12351 2
12352 1
5340 2
4164 0
12357 3
12141 1
12360 1
4169 3
4170 1
12364 3
4173 2
4175 2
4176 3
4177 2
12371 2
12372 0
4793 1
3428 1
4187 3
7525 3
12389 2
4198 0
4200 3
4201 2
12394 0
4205 2
12399 2
4211 3
4798 0
7529 2
12408 0
12409 0
12410 2
4220 2
4221 2
4222 2
4225 2
6346 2
4227 2
4229 1
12424 2
12426 0
12427 2
17090 3
12431 3
4241 0
12435 2
4244 2
4245 2
12438 0
18457 1
12440 2
4249 1
14362 1
17054 1
12448 1
4257 2
15963 2
12451 1
4262 2
12455 3
4264 1
12457 2
4807 1
4268 3
4269 0
4270 0
14365 3
12465 1
12466 1
4277 2
12470 2
13001 1
4280 1
3444 2
4282 0
18463 0
8906 2
12480 2
14368 2
961 1
4291 0
12486 2
12487 0
12488 0
11327 2
4301 1
12494 2
12495 2
12496 1
7544 2
18467 0
4235 2
4309 2
12502 2
12503 0
4815 2
12509 2
4319 0
12512 1
12513 2
12515 3
3690 2
4327 1
12521 2
4335 2
4338 1
12531 0
12532 2
4341 1
4342 2
12539 2
3456 0
4354 2
1236 1
4359 2
4360 1
12554 3
4366 3
12559 1
4368 1
4372 2
12565 3
13017 1
12568 2
4379 2
4380 2
12573 0
12575 0
4385 1
12578 0
12579 0
17604 0
4389 2
4390 1
12584 2
18482 0
12577 1
15752 1
18483 2
12597 1
4407 0
12600 1
12603 3
12605 2
12606 1
18282 1
12609 3
16929 2
12615 2
12616 0
4427 1
12622 1
12623 0
6200 1
12626 2
12627 0
4436 2
4438 3
4439 2
12632 1
4445 0
12638 2
4837 2
18491 0
12644 3
7569 2
12648 2
4457 2
4459 2
12652 2
4461 0
18493 2
12657 2
4466 2
12660 2
4470 1
4471 1
4472 2
4475 0
12671 0
4482 1
12675 3
4484 1
4485 2
10305 2
12681 0
4491 1
13503 2
12686 2
749 0
4497 0
14403 0
12692 2
4501 0
4508 2
12701 3
4511 1
4514 2
4517 1
4518 1
4519 0
4520 0
12713 2
12714 1
696 3
12717 1
15773 2
2120 2
12723 0
4532 1
12727 1
4536 0
4537 2
12730 1
4539 1
12734 0
4853 0
12737 1
12738 0
12739 2
12740 0
10316 2
4557 1
12750 2
4559 3
4561 3
12754 2
12755 0
4565 1
4566 2
9523 0
3492 0
4570 1
4571 0
12765 2
4574 3
7589 0
2880 2
4580 1
4581 1
4582 2
4583 1
4584 0
8956 2
4590 0
4592 0
6227 2
4596 1
12790 0
7593 2
10568 1
10324 1
767 2
4605 2
12799 0
8960 0
4610 1
4611 2
12806 0
13057 2
12809 1
12811 2
4620 0
8962 3
11693 0
18520 1
4626 2
771 1
12820 2
4629 0
4630 0
4631 0
4632 2
4633 2
12828 0
4637 1
12830 3
17157 0
12832 1
4642 0
12836 3
4648 1
4650 2
12843 1
12844 3
4653 0
12847 2
4656 1
12850 2
12852 2
12853 2
4662 0
4667 2
12861 2
12862 2
4671 0
4672 2
4674 1
12867 1
7606 0
12870 1
6241 1
12872 2
12874 1
4684 0
12877 2
4686 2
4688 1
4690 0
12884 1
12885 1
4832 2
4696 1
12891 2
4705 1
4707 2
4709 1
4710 1
4712 2
4713 0
12906 2
4717 0
4719 0
4721 2
4722 0
12915 0
12916 1
4726 1
12919 1
12920 1
4729 2
4730 1
12923 3
4732 0
4733 2
4734 2
4735 3
12928 1
12930 2
2150 2
12932 1
4741 1
12934 0
4744 1
4745 1
4753 2
12946 1
4755 1
15580 2
12951 0
12954 0
6011 2
4764 0
12958 0
4767 1
12960 2
4770 2
4771 2
4773 2
12968 1
4777 1
2614 1
12973 3
17181 2
4784 1
4785 0
10355 1
12981 1
4792 2
12985 0
12986 2
4795 3
12988 1
12990 3
12994 1
4803 3
4805 1
12999 1
4808 1
4809 2
13002 1
4811 3
13004 2
4813 1
4814 2
13007 1
4816 1
4817 2
13010 0
13015 1
4824 2
3960 2
4826 1
4827 1
4829 0
4831 1
13024 2
2171 0
4836 0
13029 3
4838 0
4839 0
4840 0
4843 2
13036 1
15826 3
4848 1
13041 2
13042 2
13043 2
9634 1
4854 0
15983 2
4860 2
13053 0
4863 1
13056 0
4865 1
4866 0
13801 0
13060 0
10369 2
13064 3
4874 2
5345 2
4878 0
9005 3
4881 1
13074 0
13076 3
13077 2
4888 2
13529 1
13103 3
16672 0
13088 1
4897 2
4898 2
12711 2
4903 3
4906 3
4908 1
4910 0
4911 2
4913 3
13106 2
13107 0
13108 0
13110 1
4920 0
820 2
13116 0
4926 1
4927 2
4929 0
13127 2
13128 1
4937 2
13136 2
7651 2
4948 2
13142 1
4952 2
2191 1
17210 2
13150 3
13153 2
4962 0
9019 1
13156 0
4965 0
13160 1
13164 2
15714 1
4974 0
4979 1
9022 3
13175 2
13176 0
4986 2
13181 1
4990 2
17216 1
13188 0
4997 2
5001 2
13195 0
13196 0
5006 1
13200 0
13201 2
17219 1
5012 0
13208 2
13209 2
13210 2
17273 2
13214 1
13215 3
5030 2
13345 3
8351 1
5037 2
13230 2
5046 2
9033 1
2407 1
5053 0
5054 1
13247 2
13249 3
18355 3
714 1
13259 2
13260 3
6306 1
17229 3
13266 1
13267 2
5076 1
5077 1
13270 3
5079 3
13275 2
13276 2
5085 1
5088 1
13281 0
13283 2
15364 2
5095 2
2079 3
13290 1
13291 2
13292 0
13293 1
13295 1
5104 0
13297 0
13300 2
5109 1
13302 1
13303 2
13140 3
13307 1
17237 2
13312 2
5122 2
13317 0
13320 2
5130 1
5131 2
13324 2
5133 3
10727 2
13329 2
5138 0
13331 2
13332 2
5143 1
5144 2
12871 0
1889 2
5150 0
5152 2
9446 1
5154 2
5155 0
13348 1
13349 0
5158 0
18609 0
13352 0
860 3
13354 1
13355 2
5167 1
13360 2
5169 1
15175 1
5171 1
9054 0
5174 1
10420 2
13371 3
13373 2
5186 0
13381 0
5191 2
5192 3
13385 1
10423 0
5196 2
5197 3
13390 2
10291 1
5201 1
13394 0
13396 0
13399 2
5211 2
1944 0
2234 2
5214 2
13157 2
5216 0
13410 1
13413 2
13414 2
2236 2
13419 1
13420 3
5230 0
13423 0
1538 2
13427 2
5239 0
5243 2
5244 0
1726 2
13438 1
5247 2
5903 2
5249 2
13442 2
5251 2
5253 3
5255 0
13449 2
17633 3
2630 1
5265 2
13458 0
5268 1
9070 2
879 2
5276 2
5277 0
13470 3
15899 1
5284 0
13477 2
8905 2
5292 2
5293 2
13486 1
13487 1
13489 0
9075 2
5301 0
13496 2
13497 1
5306 1
13499 1
13501 1
13502 3
4981 2
13504 2
5314 1
5318 0
13511 2
13513 0
5322 2
13519 2
13520 2
13523 1
5332 2
13271 1
5335 1
5336 1
17657 0
13532 0
18727 3
5348 3
13542 0
13545 3
7719 1
13551 2
5361 2
5362 2
18643 2
5368 0
2260 2
5372 2
5373 1
5374 1
13567 3
13568 3
896 0
5378 2
13572 2
13573 2
13577 1
13578 2
13580 2
5389 2
13583 2
2264 2
13586 0
13589 0
5399 3
745 1
5405 2
9093 1
13602 2
13605 2
5415 0
13608 2
13610 1
9095 2
5421 2
5422 2
2269 0
5424 0
5425 0
13621 2
5431 0
5433 0
13627 2
5436 3
5437 2
5440 0
5441 2
13634 2
5444 2
13638 2
13639 3
17292 1
13647 2
13650 3
16003 2
13198 1
5463 1
13656 1
5465 2
13659 1
5469 1
18661 1
5008 0
13666 0
9184 2
5478 0
5481 0
13675 1
13676 0
5488 0
10472 1
13685 1
5495 3
5496 2
13689 0
5499 2
5502 1
13695 2
13696 2
13697 2
5506 2
13699 0
5508 2
13705 0
13707 2
13710 2
18669 1
5520 0
5524 2
12459 1
13718 2
9113 0
13720 2
17642 1
2639 0
10479 2
13726 2
13727 1
5539 1
13732 2
5545 1
13741 2
5552 1
5553 2
18675 0
17310 1
13750 2
13751 1
6388 3
5562 1
5023 3
13756 2
3658 2
5567 2
5568 3
5569 1
5570 3
5573 0
13768 3
13769 0
5579 2
5580 1
5581 2
5583 2
14584 0
5587 1
5588 3
13781 1
13782 2
13783 2
5593 0
13787 2
1401 2
13790 1
13793 0
5602 2
5606 0
5609 2
5612 2
5615 3
3667 2
187 1
5623 0
13817 1
17001 0
5628 1
5630 2
13823 1
5632 1
13828 1
5637 1
13830 0
5036 3
13834 2
2306 1
13229 2
5649 1
13842 0
2307 2
13845 1
5654 2
5658 3
5664 2
13858 0
13859 0
5670 1
13864 2
5674 1
13867 2
13871 1
5682 3
9139 2
5684 3
5686 2
5687 2
13883 0
13888 0
5699 0
13900 0
13901 2
17336 2
5719 1
5720 2
5721 3
13914 3
9465 1
13921 1
13922 1
7283 0
5732 0
13926 3
13927 1
13928 1
3687 0
14610 0
5743 1
13288 2
2323 0
11881 1
18708 2
13949 3
5758 2
16896 1
13954 1
5057 3
1283 2
5769 0
5770 0
13964 3
13966 3
15314 0
13968 0
14616 0
5780 1
11922 1
13975 1
13978 2
5787 0
5791 1
5795 3
13989 0
5798 2
5800 1
13997 0
18717 2
14000 2
14001 2
5810 0
5811 2
14004 3
5814 2
14007 1
5818 2
14623 0
5822 1
5823 2
5824 2
14017 3
14022 2
5831 0
3703 2
5841 1
11924 3
5843 2
14036 1
5845 0
4595 1
14040 1
5849 0
5850 2
5853 2
5854 2
5858 2
5859 2
5860 2
14059 1
5868 2
14062 3
14064 0
6440 1
14066 3
14068 0
5879 2
5881 2
14074 3
14077 3
17365 0
983 0
5901 1
14095 2
5907 2
5909 3
1785 2
16291 2
5921 1
5925 2
5929 1
14122 3
5931 2
14125 2
5935 0
14128 2
10547 2
14132 3
14133 2
14136 2
14137 2
14138 1
11769 1
10549 0
14144 2
14145 2
5381 2
5961 2
14155 3
14156 1
14157 2
5968 2
14648 0
5972 3
5975 3
5976 3
5978 0
14171 0
10554 2
5982 2
14651 2
14180 1
5989 2
5992 1
18748 2
14187 0
14188 2
14189 0
14190 2
5999 2
14193 0
14194 2
3731 1
6201 2
14199 1
14201 0
14202 3
2367 0
6012 0
6013 2
6018 1
6019 1
14212 2
6022 2
14216 2
6025 2
14219 0
14221 0
14224 1
14228 0
17390 1
6039 2
14234 0
17391 0
6044 3
6045 1
14238 1
14240 1
13296 1
7122 2
6053 1
14246 2
6055 1
6057 2
14253 2
18760 3
6066 3
14259 1
6068 2
14261 0
14267 1
13023 2
13301 2
6080 1
14274 2
6084 1
14277 2
14280 0
18479 0
14283 1
14285 0
6094 2
14287 1
14288 0
6097 3
6100 2
14294 0
6103 2
10575 1
14302 2
6112 0
5115 1
6116 0
14313 2
6122 2
6123 2
14317 0
14319 0
6128 2
7848 2
14322 2
14323 2
6135 2
6136 2
6137 1
14330 0
14331 2
6140 2
14333 3
6142 2
6143 3
14336 1
14337 1
6151 2
6152 3
14345 3
6154 2
14347 2
6156 0
9218 2
6158 2
6159 2
14352 2
14355 2
14357 2
14360 1
6169 2
6170 3
14364 1
6173 0
6174 2
14367 1
6176 1
14369 2
1030 2
14374 0
14376 2
17499 2
17664 0
14383 0
14385 1
14386 2
14387 2
14389 2
17417 1
14392 2
14393 2
6204 2
6205 2
6206 2
6207 2
6209 2
1035 2
17597 1
4844 1
14408 2
5132 2
1037 3
14417 0
14419 3
14420 2
14422 3
6231 2
14425 2
6235 2
6236 0
6237 0
14431 1
14432 3
14433 2
6243 0
2406 1
6248 2
6250 2
6251 2
14444 2
6253 2
14446 0
4019 1
6260 1
14453 0
14454 2
14458 2
6267 2
14463 1
6274 3
14467 1
6277 2
6279 2
15212 3
6282 2
6284 0
14477 0
6286 3
18797 2
13336 0
14484 3
4679 0
14489 1
14490 2
18799 3
1050 1
14494 0
14498 2
6307 1
14501 0
18801 2
210 2
14509 2
6318 0
6319 1
14513 2
6322 3
6324 1
3785 3
6330 2
6331 2
6332 2
6336 2
14529 0
17669 2
14533 2
16518 2
14538 2
6519 2
6349 2
6350 2
14546 0
6355 3
6356 1
14549 2
6360 3
5156 0
11123 2
6364 1
315 1
6367 2
14562 1
14563 1
14564 0
14566 3
6375 2
14569 0
13351 2
6380 0
6381 1
6383 1
14576 0
17448 1
14580 3
6389 1
14583 0
6392 0
14586 2
6395 1
16307 0
14591 2
14596 1
2433 1
6409 1
14604 2
14607 2
6416 3
7896 0
6418 0
14611 1
6424 0
14724 2
17455 0
6428 1
6429 1
6431 1
214 0
14625 2
14626 1
6436 1
14631 2
14632 2
14633 0
6445 1
6446 2
14639 0
6448 1
10632 1
14642 2
13363 2
6452 1
6456 1
16095 1
9269 2
6465 0
6467 2
9217 2
13366 0
14664 1
6475 0
16137 1
14669 2
6479 0
6481 2
14677 2
14678 0
9263 1
14681 2
14682 2
6495 0
6500 3
6505 0
6506 2
10855 1
14704 0
7912 0
14710 2
10027 2
6522 2
6529 0
6532 1
6534 0
14728 3
14731 2
17474 2
12013 2
14737 2
18767 0
14740 3
6553 0
14746 2
10650 2
14751 2
6562 0
14755 1
14756 0
6565 0
14761 1
6575 2
14768 0
6577 1
6578 2
6579 2
14775 1
6584 2
14777 2
14778 2
14779 2
6588 1
14781 0
14782 2
2129 1
14791 2
14792 2
9292 1
6602 0
6603 1
6604 2
14797 1
6606 2
6563 3
14804 2
14805 2
3833 0
6616 1
14811 2
6621 2
18853 2
14816 1
17133 0
14821 2
9768 2
10663 3
14829 2
14830 2
7933 2
14832 0
6641 0
6642 3
17491 2
14838 1
6647 2
14843 3
6653 1
14846 1
6660 0
2333 2
6668 0
14865 0
10315 0
14868 2
6679 2
14873 2
6683 2
14877 2
14878 2
1115 1
6692 2
14886 1
6697 2
6699 1
6701 1
6702 1
6703 1
14896 0
14899 1
6708 1
6709 0
14903 2
6712 2
14905 2
6715 2
6718 2
6719 1
6723 1
14916 0
6725 0
14920 0
14921 1
6730 1
6734 3
14927 1
6737 1
6744 1
1124 2
6747 2
2227 2
14942 3
14945 1
14947 1
14949 0
14950 2
14951 2
14953 3
14957 1
6767 2
16147 3
7410 2
14966 0
6775 0
14968 2
14971 0
14972 2
9322 1
14975 1
6787 0
6788 1
14983 2
6796 0
6798 1
1133 2
14992 0
6802 3
6803 1
14996 2
6806 0
6809 0
6810 1
17519 2
15004 2
15005 1
4864 3
6815 0
15008 2
15009 2
15011 0
6820 1
15230 2
16594 2
15017 1
500 2
15022 2
6834 0
6835 1
6836 1
17140 0
6838 1
15039 2
15041 2
15042 2
6851 1
6852 0
15045 2
6854 1
6855 1
6856 1
6858 2
6859 1
6860 1
6861 0
6862 3
6863 0
15057 0
6866 2
15061 0
482 1
6871 0
12068 0
15067 2
15068 2
15069 2
6878 0
12069 1
15072 0
6881 2
6882 3
15075 2
6885 1
15078 2
6887 1
6888 3
15084 3
15085 2
15086 2
1149 0
6898 1
15091 1
16626 2
15093 3
15095 1
15096 3
6905 1
6908 2
15101 1
6910 2
15103 1
15105 1
15106 1
15107 1
15109 1
15110 1
15112 1
6922 1
15116 2
15119 0
6930 1
15123 1
15124 3
6933 3
2413 2
6936 1
6937 0
6939 2
10714 1
6942 1
15135 2
15137 3
6946 2
6619 2
6948 0
15141 1
15143 2
15144 0
15145 0
15148 2
6957 1
6958 2
6961 1
6962 2
6965 2
15158 0
15160 1
15162 1
15165 0
15167 2
15169 3
15170 1
15174 2
11962 0
6984 1
15177 2
15179 2
6989 1
1051 1
6993 2
15186 1
6998 2
15193 1
7004 2
7006 2
7008 2
15201 3
15202 2
7016 2
7018 1
6631 2
7020 2
7021 3
7023 1
7024 2
15217 2
7026 0
15220 2
15221 0
14504 2
15225 1
15226 2
15227 3
7037 1
7038 0
15231 0
7042 0
7044 3
15237 2
12097 1
15240 0
15241 2
18511 3
7052 1
7056 2
15249 2
15250 3
16741 2
10734 1
7062 0
7065 3
17966 1
9237 2
15261 2
7070 2
15264 2
15266 1
7075 3
7076 1
15269 1
15270 0
10737 3
16041 1
16057 1
15525 2
15275 1
7084 1
7085 0
15279 2
7088 0
15282 2
16523 2
8009 2
5419 2
7098 2
7099 3
7102 2
10741 1
15296 2
7105 1
13330 0
8011 1
7108 1
15301 2
7112 1
7113 1
7116 1
16331 1
7120 2
2692 0
1187 2
15316 1
15317 1
15319 0
7129 2
13058 0
15324 1
15328 3
7139 0
15333 2
7142 1
7143 0
7145 2
15339 3
15340 3
7149 1
14845 0
8967 1
7154 1
17069 3
17577 1
7160 3
7164 2
7166 3
1195 0
7172 0
7249 2
7181 0
15374 0
13485 2
15376 3
2563 2
17582 0
10605 1
3930 0
17584 3
1058 2
7205 1
15398 0
5297 0
7208 2
7212 2
7214 2
15409 2
15413 2
7222 0
7225 0
12127 2
7228 1
7229 0
7230 2
15428 2
7239 1
7240 3
7242 0
7243 2
7244 0
7246 2
15439 1
15440 1
17592 3
7250 2
15444 2
15445 2
7255 2
7256 2
7260 2
18384 2
7264 2
1211 3
15461 0
12361 2
17973 2
15471 1
15473 0
15475 0
12137 2
6676 0
15482 1
17599 1
15485 3
15487 3
7296 0
15490 1
15491 1
7300 2
15493 2
15496 0
15497 0
15498 0
15503 2
3950 0
15510 2
15513 0
15514 0
2586 1
15520 0
3952 2
15522 1
2587 1
13510 3
15526 1
15531 0
15533 2
17609 1
7358 0
15552 1
7363 0
15556 1
7365 0
7367 2
2973 2
15561 1
7372 2
15565 1
7374 3
15567 1
15568 3
15569 0
7379 2
7380 0
15574 0
11724 2
14884 2
7386 1
7388 2
15582 0
7391 1
15584 2
5328 0
15593 0
15600 2
7409 1
15602 2
15604 2
7413 1
7415 2
9428 2
15617 2
7436 1
7440 2
15634 0
15635 1
2606 3
7447 2
7448 2
7452 2
7453 1
8069 2
6704 1
15650 0
15652 1
15654 2
15657 2
15658 2
8072 1
15666 1
6707 1
15669 1
15670 3
15672 1
15674 2
15675 2
15676 0
3978 2
7487 1
7488 2
7489 2
7491 2
15684 0
7493 2
7495 0
4323 2
10807 0
15696 0
14904 2
7506 2
15699 1
15701 0
2617 1
15704 0
7514 1
15707 1
7516 2
11707 2
1253 0
15713 2
7522 2
15717 0
15719 1
15721 2
15726 1
7535 0
15728 1
7537 2
15736 1
15741 1
15744 2
15747 1
7556 0
7557 2
7559 2
7560 3
7561 2
7565 1
15758 2
7567 2
15761 2
10819 2
15764 0
15765 2
7866 2
15772 2
7581 0
15775 0
7585 2
13346 2
15781 1
15785 0
7594 3
15788 1
1266 0
7599 2
15793 0
15794 1
9459 2
15798 1
16090 1
17652 1
15802 3
15805 2
15807 2
7616 2
7618 0
15812 2
9462 2
15815 1
15816 2
7626 2
7627 0
4002 1
7634 2
10580 0
7639 2
15834 1
7643 0
7645 0
7649 2
15842 0
15843 0
1276 0
15852 2
7661 0
7662 0
15856 0
651 0
7672 3
7675 0
15871 1
15872 3
7681 0
15874 3
7683 2
15877 0
15878 2
7691 1
17666 2
7694 1
7696 0
14936 0
7699 2
7700 2
15894 1
15896 1
15898 2
7707 2
4621 2
7709 3
15902 1
15903 2
2779 2
1286 2
15910 1
15911 3
7720 0
7721 2
7722 3
7728 2
1288 2
15922 2
15923 1
7732 1
4020 1
7738 2
17182 1
15932 0
1290 1
7744 3
7745 1
2440 2
7747 2
7748 2
10849 0
9484 1
7754 1
8119 0
7766 1
15959 1
15962 0
7771 2
7783 0
15977 0
15979 1
7789 2
7790 1
7791 1
15984 0
7795 0
7796 3
10857 0
17684 2
7802 0
15995 2
15996 0
7806 1
15999 1
16000 2
7811 0
7812 0
7814 1
12327 2
7819 3
7820 2
16013 0
16014 2
13592 2
16082 2
16025 1
7837 3
16325 0
7843 1
16036 1
16038 2
16039 2
16040 2
9500 0
16049 1
16050 3
16056 1
7865 2
16058 0
18811 1
16060 2
16061 1
16064 2
16066 1
7875 1
16069 2
9505 2
16073 1
14967 0
4627 3
16081 2
7890 2
2681 0
16088 1
7897 2
7898 0
16091 2
7902 0
7903 3
16630 3
7906 2
9265 1
7910 3
7911 2
16104 0
13607 2
16108 2
7083 3
16110 2
16112 0
16113 2
16115 2
16116 1
16117 2
7927 1
16125 2
7934 2
7935 2
7936 2
16129 1
17707 2
16132 0
16133 1
16134 0
7943 2
7944 2
7945 2
16138 2
7947 2
7949 2
16143 2
14979 3
9518 2
7958 2
7960 0
7961 2
16157 2
7968 0
13616 2
7970 1
7974 0
7975 2
7978 0
10887 2
7986 2
17715 0
7990 3
7998 3
16191 1
8001 1
16195 2
16196 1
16198 0
8007 3
16201 1
8010 1
16203 0
16204 1
8014 2
16207 0
10894 3
8022 0
16220 2
8029 3
16224 2
8033 3
16226 0
9531 2
16228 3
16235 1
8044 1
16238 3
8048 3
16241 0
16242 1
16245 1
8054 2
18057 2
16251 2
8170 2
16254 2
1344 0
16261 1
16263 2
16264 3
16265 1
16266 2
8075 2
16271 2
8082 0
16279 0
2997 1
8090 2
16283 0
2714 0
8095 3
16288 1
8098 1
2715 2
16292 0
8101 1
16294 3
9492 2
18819 0
16301 1
16302 1
8115 2
8116 2
8117 2
1353 0
16312 2
16316 1
16318 0
16373 1
16321 0
17739 1
16324 0
8133 1
15001 1
8137 2
12279 2
2723 2
8148 0
8149 2
16342 2
10916 2
8154 3
8155 1
16348 2
16349 1
16350 2
8162 0
16356 0
8728 2
18821 2
16361 2
16362 2
9833 2
8172 1
16366 0
16367 2
1363 2
16382 1
16376 2
9547 3
16379 2
16380 0
16381 1
8190 2
16383 1
