8192 2
16385 2
16386 2
8196 1
8198 2
16393 2
16396 1
16397 1
2733 2
16404 3
16405 2
16388 2
16411 1
16412 0
8221 0
16414 2
16415 2
16420 2
37 0
8231 2
8232 0
17756 0
16429 2
16430 2
8240 0
16433 2
16438 3
8201 2
8250 1
16443 2
16445 2
62 2
66 1
16452 1
1377 2
16456 2
73 2
74 0
16460 2
8269 0
16463 0
80 1
8276 1
16469 1
88 2
16473 0
8286 2
12551 2
97 0
16484 1
16485 0
8295 2
8296 2
105 0
12603 3
17767 1
108 2
4114 1
111 3
114 0
16501 1
16502 0
120 3
122 3
16507 1
16509 1
16511 0
8320 0
8321 3
16514 2
13675 1
16516 1
133 2
16519 0
16521 0
16522 1
16523 2
8333 2
8335 0
144 2
8337 0
147 0
148 1
149 0
16534 0
151 1
1096 1
8734 0
16539 0
16540 2
157 0
158 3
8353 1
163 2
8358 0
170 0
8363 1
173 2
8368 1
177 1
178 0
8371 2
185 2
186 2
187 1
16572 3
191 0
16577 0
6859 1
16581 1
198 0
16583 2
200 0
8393 2
16586 2
8396 0
16590 3
208 2
209 2
210 2
16596 3
8406 1
8407 2
16374 0
15055 2
8412 1
8413 2
8415 1
17787 3
228 2
16613 2
16614 0
16615 0
16618 2
8427 2
8430 2
9597 2
16624 2
16424 1
8434 0
8435 3
16628 0
8437 3
246 0
16633 0
16636 2
16638 0
8447 0
16640 1
8449 2
16644 2
261 2
16646 1
8455 0
16648 0
16650 0
8459 2
8460 2
270 0
16657 1
16658 0
8468 0
8469 2
8470 1
16663 2
8473 2
8474 3
284 1
16669 0
286 1
287 2
8480 1
555 2
8482 0
8483 0
8484 3
8485 2
8486 2
8241 2
296 0
297 2
299 1
16686 1
6877 0
305 2
6284 0
16691 2
312 1
12340 3
315 1
16701 2
319 2
16705 1
16707 0
324 1
6881 2
16713 0
332 2
16718 1
16719 2
16720 2
16721 1
16722 2
15075 2
8536 1
18015 2
8539 1
16732 1
16733 2
16734 1
354 2
16740 0
8549 0
16742 1
8551 0
360 2
15079 3
16748 0
365 2
366 2
16753 2
5195 2
8564 2
373 2
16759 1
376 2
8570 1
16765 2
384 1
8577 1
8578 2
16771 0
16773 2
390 1
392 1
15084 3
8588 1
397 3
398 0
8593 0
8594 1
405 0
16790 1
8599 0
16792 0
8601 2
410 2
411 2
8604 2
416 0
8609 2
8611 2
420 1
17131 1
16807 1
16808 1
8617 0
426 1
16811 2
16814 2
8625 2
16818 0
8628 1
8629 1
438 0
16457 2
16824 0
8633 0
1439 2
444 2
8266 2
16831 1
448 3
16833 2
16834 1
16836 1
6902 0
454 2
455 1
16841 2
8651 0
461 2
16846 1
464 2
16851 2
468 0
16854 2
8666 2
476 2
8671 3
16865 0
482 1
483 2
16868 2
485 2
16871 0
488 2
16876 3
8686 3
8690 1
8691 2
500 2
15102 1
16886 2
16889 2
8698 1
509 3
8702 2
16896 1
16897 2
8715 0
16908 1
6914 2
8723 1
535 0
538 0
16923 2
8732 1
16925 2
16926 2
16928 2
16929 2
546 1
8739 3
548 1
549 2
551 1
8744 2
8746 2
16939 1
16940 2
17842 2
16946 2
563 2
8758 2
8759 1
8761 1
8762 1
573 1
8767 0
576 2
579 0
16964 2
8773 2
583 1
16969 1
586 3
16971 1
588 1
16975 1
592 1
8785 0
8786 1
595 1
596 1
2532 0
16982 0
8791 2
8793 1
17189 3
5562 1
8799 2
8800 1
16993 2
8803 0
16997 2
8806 0
617 0
17002 1
8812 2
621 2
622 0
8815 2
8817 1
17010 1
6931 2
8822 2
17021 0
17022 0
13933 0
8832 2
641 0
17027 2
17028 0
8837 0
17030 1
8841 2
8843 2
17036 2
654 0
657 3
17042 2
662 0
17049 1
8858 2
8860 1
8862 2
8863 3
673 2
674 0
15131 1
676 2
17061 2
680 0
17065 0
17066 2
8877 1
17078 2
9673 1
17081 0
8890 0
700 2
17087 0
17089 0
8898 1
17091 0
8902 2
6945 0
17096 1
17097 2
714 1
17099 2
7116 1
717 0
8910 2
720 3
8914 2
8917 1
17110 0
17112 0
730 2
17115 2
17118 2
17119 0
17121 2
8930 2
8932 0
11046 2
742 0
743 0
8936 1
8938 2
8939 2
8940 2
749 0
17134 1
8943 1
7390 0
17137 2
754 2
8947 1
756 0
17142 0
15145 0
760 1
8953 1
762 1
8955 1
17151 2
768 0
17153 0
8962 3
8963 2
5590 3
8967 1
17160 0
17161 2
8971 2
780 2
8322 2
17167 2
17168 2
786 0
787 2
790 2
8984 1
17180 2
8989 1
798 2
8991 2
800 2
8993 0
802 1
17188 2
8997 0
806 1
6961 1
9001 0
17194 2
811 0
816 0
17201 1
17202 0
1502 0
17206 1
17207 3
825 2
17211 1
8330 2
15157 2
8331 2
17220 1
9029 0
2210 2
17226 0
844 2
845 1
17231 0
5211 2
851 0
9044 0
9045 2
2873 0
17242 2
16527 2
860 3
861 2
9054 0
9055 0
9057 1
9058 3
4241 0
9065 2
17258 2
9067 2
17260 2
17262 0
879 2
17265 2
9075 2
884 1
9079 1
889 0
9082 2
17275 0
17276 0
9086 1
895 1
17280 1
17281 0
898 2
900 1
17285 0
9095 2
9100 2
910 1
912 3
913 2
9106 0
17300 1
17302 2
920 2
9113 0
17307 2
17308 2
17313 2
9123 2
9124 1
9125 2
9127 2
936 3
9129 2
9132 2
16541 0
9136 2
17329 3
9139 2
951 0
952 1
957 2
961 1
9154 2
9157 3
9719 1
2893 0
17360 2
9169 0
8355 0
17368 1
17371 0
17376 0
9186 2
17379 2
16550 1
263 2
1002 0
4263 2
17388 2
17917 1
9201 0
1010 1
17395 2
9204 0
1534 0
17399 2
9209 1
9210 1
17403 1
9212 1
1021 0
17407 2
9216 0
1025 2
1026 2
1028 1
15190 0
17414 0
307 0
1037 3
12461 2
17426 2
9237 2
17430 2
17431 3
9241 2
1052 0
17440 2
9249 0
12465 1
17450 1
1543 1
581 1
1071 1
9264 1
9265 1
9270 2
9272 3
9274 2
17467 2
1085 0
9278 1
15200 0
17474 2
1094 3
15201 3
17480 2
13836 2
1098 2
17485 0
17487 2
1107 1
17492 1
8377 1
9304 2
17495 1
9307 2
9308 1
18859 1
9310 0
1119 2
9312 2
18354 0
17507 2
17509 2
9318 0
9319 2
17512 1
9321 0
17514 2
17516 2
17517 1
1135 2
1137 0
1138 2
14768 0
17526 0
17530 1
17532 2
1149 0
1150 2
9343 2
17536 2
17538 1
17539 3
17542 1
9352 1
1163 2
9358 1
17551 2
1168 3
17553 2
16579 0
16133 1
1174 2
1175 2
1177 2
1180 1
1562 0
197 2
17568 0
9377 2
17570 2
1187 2
17574 1
17576 1
17577 1
17578 2
9389 0
9390 1
1200 0
17585 3
9397 2
17590 2
17591 1
9401 0
17594 1
17595 2
202 2
9408 0
9409 1
1218 2
17603 3
9412 1
17606 1
17607 2
5769 0
17610 2
1227 0
17612 2
9421 2
9425 1
8737 2
9427 2
1236 1
1241 2
16681 1
1251 1
1253 0
9446 1
8401 2
17640 1
17641 1
17642 1
8498 3
16594 2
9455 1
11226 2
17649 1
17650 1
17652 1
9461 2
1272 3
17657 0
1275 0
17660 2
17664 0
9473 1
17666 2
13867 2
9476 2
17669 2
17670 0
9479 2
8499 2
17674 2
9486 3
1299 1
9492 2
9494 1
16601 1
17689 2
17691 2
1309 2
17695 2
1312 0
9338 2
17698 0
8411 1
9510 0
1319 0
220 2
1322 2
17707 2
1324 2
17712 1
17713 0
1330 0
1331 1
1334 2
17719 1
1336 2
17721 2
1338 1
9531 2
1340 2
1341 2
17726 2
17727 1
1344 0
17729 1
1349 0
1353 0
1355 1
17740 3
9549 2
1359 1
12775 0
9555 1
9556 2
9558 1
17753 0
9563 0
1372 1
1375 2
9569 2
17762 2
17764 2
1381 2
9866 0
1383 2
9578 1
9580 1
1597 1
1393 2
9588 2
5502 1
17849 2
9592 1
17785 0
9791 2
1405 2
865 1
17792 0
9601 2
9604 2
17797 3
9606 1
1415 2
17800 2
17802 1
9611 2
16687 1
16175 3
17814 2
9626 2
1436 1
3992 3
17989 1
1440 2
17828 3
9637 1
1446 2
9639 2
9640 2
9642 0
17835 2
9645 2
7069 0
9650 2
17843 2
1460 3
9657 0
17851 1
1468 2
9661 1
17858 0
11233 1
9669 2
17780 1
1482 1
9676 2
1486 0
1488 1
9681 2
1614 1
17879 0
17880 0
9690 2
9691 3
9693 1
9694 0
17887 2
17893 0
17895 0
17896 1
14139 1
9810 2
1523 0
17910 0
17911 0
17236 3
17913 2
9722 2
1533 0
17918 0
1538 2
17925 0
1542 2
9346 2
1544 1
1548 2
1554 2
4355 2
17940 0
1558 3
1559 0
17944 1
1561 2
9754 2
7087 1
1564 1
17952 2
1576 1
9770 1
9771 1
9773 2
17966 1
1583 2
17968 0
1586 2
17972 0
9781 1
1591 1
9785 2
9786 0
17979 2
1596 2
12554 3
1599 0
9792 2
17985 2
9794 0
1605 0
1608 1
15287 2
1634 2
17998 2
1615 2
1616 0
11192 2
1618 1
9811 0
9812 0
3001 2
1627 0
1630 1
1631 1
9826 2
1635 2
9829 2
9831 2
1640 2
10403 0
1643 1
9838 1
873 1
18032 0
18033 0
9843 0
1652 2
1653 2
18038 2
1655 2
18041 0
1658 3
1661 1
9854 1
1663 2
611 1
1666 2
18052 0
1671 1
18056 0
1673 2
1674 2
1676 1
1677 0
18062 2
1679 0
9873 2
9878 3
13532 0
18076 0
16666 1
9886 0
1695 2
1696 2
9840 0
18082 0
1699 1
9892 0
1702 2
1703 1
18091 2
1711 2
18096 2
18097 1
18098 2
1715 0
1716 1
1718 2
18104 0
1721 2
1722 0
18110 1
1727 0
1729 1
1732 2
289 2
18121 1
1738 2
1740 0
18128 0
1746 2
12579 0
18133 2
18134 2
17789 1
18138 2
18139 1
18140 0
1758 3
18143 1
18144 2
18148 0
18149 1
18150 2
11217 2
9960 0
1769 2
18155 1
18156 1
7122 2
18158 0
18159 2
8488 2
1779 0
18164 1
1662 2
18166 0
18167 1
15316 1
9978 2
9855 0
18173 2
1790 2
16677 2
18048 2
18178 1
18186 2
9995 2
9998 0
9999 2
10000 0
4152 2
1817 1
18203 2
1821 1
18207 2
5789 0
1826 2
10019 3
18214 2
1832 1
18217 0
18218 2
1835 1
1837 2
16488 2
1839 2
1425 2
18225 2
10035 2
1844 2
10037 2
10038 2
18057 2
18232 2
17852 2
18234 2
10043 1
1852 1
10045 1
10047 1
6177 1
11232 0
10053 1
10054 1
18247 2
1867 1
1868 3
1869 0
1872 0
18261 1
16697 2
18264 1
18267 2
18269 2
9610 2
1887 2
1888 2
18275 1
10084 1
1894 2
18279 1
10090 0
11239 2
10092 1
1902 1
10099 2
18293 0
609 2
16976 1
1918 2
1919 2
1921 2
18306 2
1924 2
1686 2
18310 3
1927 3
18312 1
1929 0
18319 0
18320 0
18321 2
10130 2
18326 0
18329 1
10143 1
11249 3
18344 2
1961 2
1964 2
1965 2
18077 0
18353 0
1970 0
18355 3
18078 2
18358 3
18360 2
7158 2
1978 0
18079 2
2248 2
18366 2
10177 2
1988 2
3885 2
1992 2
18377 0
18378 1
18379 1
9890 0
10190 0
18383 2
18385 1
2002 0
18387 2
18390 0
18391 0
9887 3
18397 1
10207 2
18404 2
10213 2
2331 3
10220 0
4434 1
18414 3
10225 0
18419 1
18420 2
18421 3
18426 1
2043 1
68 2
10161 3
5803 1
18436 2
18437 0
2061 3
18446 2
10257 2
10260 1
2069 3
18455 2
2072 2
18457 1
18095 0
2077 2
10270 3
10272 2
2083 2
18471 2
10280 2
10281 2
10282 2
18475 0
10286 1
10288 1
18483 2
10298 2
18491 0
10301 2
10304 3
10305 2
10306 1
2116 2
10309 3
10310 1
10311 2
18504 1
2121 0
10316 2
10317 1
2126 0
18511 3
2128 1
2129 1
18516 2
18517 0
10329 1
2138 2
10332 1
10335 2
358 1
2150 2
18535 1
2153 2
16743 2
10349 1
10351 2
10355 1
1726 2
2166 1
2167 0
2169 0
10365 2
18558 0
2176 2
18564 0
18567 3
2185 2
18570 2
10380 1
2191 1
10386 1
18579 2
2196 0
8558 2
2198 1
10392 2
2201 2
18586 2
18587 3
18590 0
10401 2
18594 2
2211 0
18598 2
10407 2
18603 0
18604 2
10413 0
2222 2
712 2
10419 0
2228 0
18615 1
9071 0
347 3
2236 2
2238 2
16757 0
2243 2
18628 2
10440 2
18633 0
12663 2
10444 0
2254 2
18640 1
16760 0
2258 2
2261 1
2262 0
2263 2
18648 2
18649 0
14031 0
18652 2
10467 2
894 2
2278 2
10471 1
2280 1
18666 2
10475 1
2284 2
10477 2
8805 2
18675 0
10484 2
10485 1
18678 0
15401 0
18680 0
18682 1
16382 1
8260 0
10498 2
18692 2
18693 2
10502 2
10505 2
10509 0
18704 1
5580 1
18707 1
2324 2
10517 1
18710 2
18714 1
10523 2
2333 2
18719 0
18723 1
10533 2
18726 1
2343 1
18729 0
18734 2
5853 2
10545 1
2355 2
2356 2
18142 1
18743 0
2362 2
18747 1
2364 2
2365 3
10559 2
2368 1
1760 0
10563 2
10564 2
18759 1
10568 1
2377 0
10573 1
2385 2
18770 0
18771 2
2388 2
10589 2
18785 3
2402 0
10599 0
18792 2
10602 2
4498 2
10607 1
10609 0
10612 2
18807 2
18809 2
2426 1
18811 1
10620 0
18814 2
18815 2
10624 0
2433 1
10628 2
2438 2
10632 1
16791 2
10636 1
10640 3
18833 0
2450 2
2452 2
2453 0
18839 2
10648 2
18841 2
10650 2
2460 0
10653 1
18847 3
2467 0
10660 2
2469 0
2472 2
16796 3
15431 2
18861 2
2482 2
18163 0
2484 0
2485 0
2486 2
10681 0
2491 0
8608 1
2498 2
2500 2
2502 1
2503 0
10696 2
4381 1
5879 2
17723 1
16803 1
10709 2
5881 2
10712 2
10714 1
84 3
11344 2
5186 0
10724 0
12905 3
2536 0
423 2
15633 0
3154 3
2543 0
2545 3
2546 2
2549 2
12713 2
12714 1
2558 1
18176 2
10755 0
2565 0
2568 0
2569 2
12717 1
10770 1
10771 1
10773 1
10774 1
2585 0
10778 0
10779 3
12634 0
10781 2
2590 2
10783 3
10784 0
359 3
2599 2
10792 0
2609 0
10805 0
2615 2
10809 1
10810 1
10811 2
10813 0
2624 2
10817 1
10819 2
10822 1
6907 2
4535 3
10829 0
10830 1
2640 2
10833 2
2646 2
12729 0
10843 1
2654 2
2655 2
10849 0
2658 2
16827 2
10853 2
10855 1
10856 2
12732 1
10860 1
10861 2
10864 2
10865 1
10868 0
10870 2
10873 0
10877 0
10878 2
8640 0
10882 0
10883 2
10884 0
10887 2
12738 0
2702 2
10895 1
10896 1
2705 0
2706 2
2707 0
10900 1
18201 1
10905 2
2714 0
2715 2
9347 1
10913 3
10915 2
10916 2
2728 3
2729 1
2731 3
10924 1
10925 1
13730 1
12744 0
2738 3
2739 2
10184 0
10933 0
16731 0
1823 2
10942 0
2751 0
10945 2
2756 2
10954 0
2764 3
2769 0
1827 2
2776 0
10972 0
10973 2
2783 3
2784 0
8656 0
8420 2
2791 2
10985 0
2794 3
2795 0
2528 0
2797 3
10991 1
10994 1
10998 0
2807 3
11004 2
10027 2
2820 3
2822 0
11015 2
2824 2
11017 0
17552 1
2833 0
2835 2
2840 0
11034 2
10031 2
11036 2
12762 3
11038 2
2847 1
13461 0
1840 2
2851 1
11044 1
11045 2
2854 1
8438 2
11051 3
11053 2
2863 0
11057 2
11059 0
2868 1
3209 2
11065 2
15498 0
2879 2
2880 2
11073 1
2882 2
2883 0
2884 0
11078 2
15099 1
11080 2
2892 2
11085 2
2898 2
8675 2
2900 1
11097 1
2907 2
11100 0
2909 1
2910 1
2911 2
12372 0
11106 1
11107 1
11109 2
18853 2
11111 3
2921 2
2923 1
2925 2
11118 0
2927 2
2928 1
2930 0
11124 2
11128 2
2939 2
11132 2
15509 1
2944 2
2946 2
11414 1
1857 2
11145 2
11149 0
2960 0
2962 0
11155 0
11159 3
11162 2
2972 2
2975 1
11171 2
1862 3
11176 1
2985 2
2987 0
2988 0
11183 2
2992 2
2995 2
2951 2
3000 2
11193 0
11194 2
3010 3
3011 2
11205 0
3016 1
1737 1
3023 0
3025 1
11220 1
11221 2
3030 1
11224 2
11428 3
3034 2
11429 0
3040 2
3041 1
3042 2
11238 2
3047 0
3048 3
3049 2
3051 0
3053 2
3056 2
3057 0
3241 1
27 0
3070 2
3071 1
3073 1
3074 1
11267 2
11273 3
11274 2
5978 0
3104 0
3105 1
14171 0
11300 2
11303 0
3114 3
11307 2
3118 0
3119 2
11312 2
11315 0
3125 0
3126 0
4617 2
11320 0
3129 3
3135 2
3136 1
11329 2
3138 1
4658 2
3141 2
11334 2
11335 2
11336 2
8968 0
3152 3
11346 2
10083 2
3156 0
11349 0
11356 2
14181 1
3168 3
3171 2
11365 1
11369 2
11371 2
3185 0
11379 3
11382 2
3191 2
11384 2
18282 1
11391 0
3200 0
11397 2
11398 2
18284 1
11402 0
11403 2
3266 0
3215 2
3216 2
15555 1
3222 1
3223 2
11417 2
3231 1
11425 2
3236 0
3237 1
11430 0
3239 0
4636 0
3242 3
3271 2
3246 2
11441 3
3251 0
3252 3
3253 1
11446 1
3273 0
3257 3
11450 2
11451 1
3261 1
3263 2
11457 2
11458 2
3268 2
11461 1
3270 1
545 2
11465 3
3274 1
11467 1
11468 0
8738 0
11469 2
3280 2
11476 0
3286 1
11479 3
3288 2
11481 3
3291 2
3296 0
3298 1
11491 0
3305 1
3306 0
3310 2
11504 3
3313 2
11508 2
11510 2
3320 2
11514 2
3324 2
3325 0
3327 0
3328 1
12843 1
3334 1
11528 1
16941 0
11540 2
3349 2
11543 2
11544 2
3353 1
3354 2
11547 2
3358 0
3359 3
11553 2
11554 1
13807 0
15115 3
11562 1
11565 1
3375 2
11568 2
3378 1
3380 1
11573 2
11574 2
14217 2
4660 2
11579 2
3389 2
12853 2
3393 1
3394 2
3396 0
16950 2
3399 0
17844 0
11599 1
3408 1
4664 0
3410 2
3413 2
3414 0
3416 0
11609 2
3419 2
3420 2
11613 1
11614 1
3423 1
3425 2
11618 1
11620 1
11622 0
16481 1
5297 0
3435 3
3440 1
11636 1
11638 2
11639 1
7207 0
3451 1
3661 2
1206 2
11648 1
11652 2
3461 0
3463 2
11656 2
11662 2
8771 3
11672 2
11674 0
11677 2
16965 0
3488 2
15600 2
3490 2
11683 0
11684 2
3495 2
8775 0
3500 2
3501 1
11696 2
3506 0
3508 0
3509 2
8573 1
11705 0
3515 1
3516 3
11709 1
11710 1
17263 0
3521 2
587 1
11717 2
8028 3
8780 1
3530 0
11724 2
11732 0
11733 3
11738 1
591 1
11741 1
11742 0
11745 2
3557 2
1755 1
16977 0
11754 0
11755 1
3564 3
3567 2
3568 0
3577 0
11771 1
11773 2
3585 2
3586 0
3588 0
18349 1
3601 3
1211 3
3606 3
601 1
11800 2
3612 0
11805 0
3616 3
10283 2
11811 2
3621 2
11815 1
10486 2
11821 1
3630 2
605 3
11826 2
1971 2
13760 2
11831 1
11832 1
11833 1
11834 2
16991 3
11836 0
11839 3
11841 2
11842 0
11843 2
3652 0
3655 1
11853 1
11856 3
3665 0
3667 2
3671 2
11864 2
3679 2
11873 1
11874 1
11875 0
11877 2
11878 1
7441 0
3688 1
3689 1
3690 2
11884 2
15634 0
11886 2
11887 2
3696 0
3699 1
11893 2
8809 0
3348 2
3706 2
11899 2
12906 2
11902 2
11905 3
3714 3
11909 2
3719 2
11035 0
3727 2
3730 2
11924 3
8814 2
11926 0
11927 0
11928 0
3740 0
3745 2
11941 2
12913 2
11944 2
7452 2
7453 1
18376 2
3763 2
3764 1
3768 0
3769 2
11963 2
3772 1
3774 3
3775 2
3777 2
3778 0
3779 1
15649 3
11976 0
11978 0
3787 2
4728 2
11989 0
11990 1
12921 2
17441 2
7460 2
11997 0
15653 0
3809 0
3810 2
12006 0
10193 0
3819 0
3820 1
3821 2
638 0
12023 1
12025 0
3834 2
2037 0
12029 0
12032 2
17024 2
12034 1
10198 0
12041 1
12046 0
8835 1
3862 2
6759 2
3865 0
12059 0
3869 0
12062 2
12065 0
3876 2
12069 1
3879 2
3880 0
12073 1
12074 2
12076 2
11570 3
3887 2
3892 2
6110 0
17033 2
12089 1
3901 0
3381 1
651 0
12100 2
7478 1
12104 2
12106 2
12110 2
9405 2
14307 2
3926 0
3928 2
12126 2
2021 0
12944 2
12133 0
12134 2
12136 2
3945 0
12138 1
3947 0
3952 2
12145 1
3958 2
12152 1
12154 0
3963 2
12158 2
12159 0
3968 3
7489 2
12171 2
11586 0
3983 2
4497 0
3985 2
12180 1
3989 2
12184 2
3996 3
12191 0
12192 0
6128 2
12197 3
4006 2
5589 3
4013 2
4014 2
12208 2
12210 2
4020 1
4766 1
12214 2
4027 0
4029 2
4030 1
12223 1
15761 2
9574 1
16774 1
12235 0
12243 2
12244 2
4055 1
4058 2
12252 2
4063 2
12259 2
12260 1
12262 2
3409 0
4074 1
12268 2
12270 2
12272 2
11047 2
4087 0
2591 0
6143 3
8874 3
9378 2
12292 2
4102 3
682 0
4107 2
12300 2
12306 2
4119 2
4120 0
12314 2
4783 0
4124 2
15706 1
4229 1
4131 0
12324 2
15708 2
12331 2
14344 0
4148 1
3422 1
4151 2
12344 2
4153 2
12346 0
12349 1
8049 0
12353 0
12139 2
4169 3
4171 1
4173 2
12366 2
4176 3
4177 2
12370 2
139 3
4793 1
12376 2
12960 2
4196 3
4197 2
4201 2
4205 2
12405 2
12408 0
4221 2
4222 2
10261 2
4225 2
4228 1
12421 0
12424 2
12428 3
706 2
12433 2
12434 2
12435 2
4245 2
4249 1
12442 0
4256 2
12449 2
4259 2
12998 1
4262 2
15729 1
4267 1
7538 3
4270 0
10269 0
12464 0
8904 1
15304 2
6174 2
12470 2
713 0
12473 1
17055 2
8906 2
715 2
4292 0
3446 2
12486 2
12487 0
12488 0
9090 1
4302 1
12495 2
12496 1
12501 2
4312 2
12505 1
4320 2
4322 1
4323 2
12521 2
4335 2
4336 0
18472 0
4338 1
4340 0
12533 2
4342 2
4345 2
12539 2
12544 0
15744 2
4354 2
2091 2
4359 2
12552 2
4362 0
4365 2
4368 1
12562 3
4374 2
6847 0
4378 0
4380 2
12573 0
4383 2
12577 1
13019 2
4389 2
16786 1
12592 2
4402 1
2099 2
12596 2
4405 2
12599 2
12601 0
4831 1
4414 2
12611 2
15423 0
4427 1
4430 1
12623 0
12626 2
4436 2
4438 3
4439 2
12632 1
4442 2
12635 0
12636 0
12638 2
12639 0
12641 0
10299 2
12647 1
4456 3
4457 2
12652 2
4462 2
2109 0
12657 2
4467 0
12662 1
4471 1
14879 2
4475 0
4477 0
12671 0
11612 3
4483 0
4484 1
12678 1
12686 2
8941 2
3480 2
12690 0
4501 0
10308 0
12698 2
4511 1
4848 1
4514 2
12710 1
12711 2
12712 3
4521 1
4522 1
14286 1
17138 1
4528 2
4529 2
755 2
4532 1
12727 1
4536 0
4537 2
4538 2
4540 1
12733 1
12737 1
4546 1
12739 2
4552 1
4553 2
12747 2
4557 1
8952 2
14882 2
12759 1
4568 0
4570 1
4571 0
12765 2
4575 2
12769 2
12771 1
4582 2
4583 1
4584 0
4586 1
12780 1
4590 0
4592 0
12786 0
12788 2
4597 0
12790 0
4599 1
2132 0
12794 3
13055 1
4605 2
6850 1
4609 1
3499 0
7596 1
12811 2
12813 2
4622 2
4626 2
12820 2
4630 0
4632 2
12828 0
427 2
12832 1
4641 2
4643 1
4645 0
4648 1
12841 1
4650 2
17159 3
4653 0
4654 1
12847 2
4656 1
12849 0
12850 2
12852 2
4661 0
4662 0
12856 2
4666 0
10342 2
12861 2
4671 0
12865 2
4674 1
12870 1
12872 2
17164 1
12874 1
4683 0
4690 0
12884 1
4696 1
4697 1
4699 1
4704 1
4705 1
4708 1
4709 1
4710 1
12904 2
4713 0
18706 2
12907 0
4717 0
12910 2
4721 2
4726 1
12919 1
12920 1
4729 2
4733 2
4734 2
12928 1
12930 2
12932 1
4742 1
15809 1
4745 1
12941 1
4752 1
12946 1
11715 0
12951 0
12954 0
4764 0
12958 0
4768 2
12961 2
12962 0
12963 1
4776 2
12971 1
12972 2
17181 2
4786 3
18547 0
12981 1
4790 1
5615 3
4792 2
12985 0
4805 1
4806 1
4807 1
4808 1
13001 1
4811 3
13004 2
4813 1
4815 2
13009 2
4818 0
13013 1
13014 2
13015 1
13017 1
4826 1
4827 1
4830 0
13023 2
13024 2
13026 1
13028 0
13030 2
4839 0
4840 0
4843 2
4844 1
10527 3
13041 2
13042 2
13043 2
13045 1
4855 2
4856 1
15983 2
4860 2
810 0
4863 1
13056 0
4865 1
4866 0
4871 0
13064 3
4877 2
13075 2
4884 0
10372 1
4892 0
8619 3
4896 3
13093 1
13096 2
2183 2
4908 1
4911 2
13107 0
4916 2
10377 2
13108 0
13114 2
14474 3
4926 1
4927 2
4929 0
4931 2
4933 0
4934 1
13128 1
4937 2
9015 0
13133 2
4942 0
13136 2
13137 2
8348 2
4948 2
13142 1
17209 1
13145 1
13148 2
13150 3
4961 1
9019 1
13157 2
17268 1
13160 1
4971 2
15714 1
13170 0
2195 1
4980 1
18715 3
4986 2
4987 0
166 1
13184 1
13185 1
4997 2
13190 3
13195 0
13196 0
5005 3
17219 1
6168 1
13208 2
13209 2
13210 2
5020 2
5021 2
837 0
5024 2
5030 2
13225 2
5035 2
13229 2
13230 2
5039 0
5044 2
2206 0
5046 2
13129 2
5051 3
13244 2
13245 2
5054 1
13248 1
5057 3
5063 2
5064 2
13259 2
14498 2
13262 2
9037 2
5072 3
13266 1
13267 2
13271 1
13273 1
5082 2
13275 2
13276 2
14501 0
13282 2
13283 2
13290 1
13292 0
13138 0
13295 1
13297 0
13298 1
5108 1
13301 2
13303 2
13304 2
852 2
13310 1
5121 2
5122 2
13317 0
13320 2
5129 2
17239 1
13324 2
14509 2
5137 1
5138 0
13331 2
13332 2
10264 0
5143 1
13337 2
13339 3
13348 1
5157 2
13351 2
17244 0
4809 2
13355 2
17245 1
13360 2
15880 1
13363 2
13364 3
13366 0
6324 1
17247 2
5181 0
5182 0
5185 0
13378 2
5187 0
13380 2
5190 2
5191 2
5192 3
5193 2
2231 2
5196 2
5197 3
5201 1
13394 0
5203 2
5205 0
8084 1
11791 3
2234 2
5214 2
5216 0
12176 1
13413 2
13414 2
5229 2
13431 2
2239 2
5244 0
874 3
13438 1
5247 2
5248 0
13442 2
13541 2
13448 0
12763 2
13458 0
13459 0
9364 2
9070 2
13464 3
13466 1
13467 2
7706 1
5278 3
13471 1
8632 2
13477 2
2631 1
5293 2
13487 1
18632 2
13494 3
10441 2
13496 2
13497 1
13499 1
11808 1
5314 1
1290 1
1268 0
13510 3
13511 2
13512 1
18636 2
5322 2
13520 2
3619 2
1672 3
5336 1
5340 2
5345 2
5348 3
5349 2
10449 2
13544 2
13545 3
5361 2
13551 2
13552 2
13553 0
13556 0
13557 0
5368 0
5372 2
5373 1
5374 1
13568 3
13569 2
13570 3
17637 0
13572 2
5381 2
5382 0
7724 3
13578 2
13580 2
5389 2
13586 0
13587 2
9092 0
9093 1
5408 1
13602 2
2267 1
13605 2
13607 2
13610 1
903 0
7730 1
5422 2
13616 2
13625 0
13626 3
5436 3
13629 1
13631 2
13632 2
5441 2
5445 0
13638 2
13640 1
17292 1
18659 1
17294 0
5463 1
13656 1
9529 0
5469 1
5471 0
4001 1
5477 0
5478 0
13672 2
3644 1
13674 0
10893 1
13676 0
5486 2
5494 3
13687 2
5497 2
13694 1
13695 2
13697 2
13900 0
918 0
13702 2
13703 1
13708 3
13710 2
5519 1
13717 2
13720 2
13722 3
13723 2
5536 2
6384 0
5538 0
9115 1
13732 2
9116 1
13742 2
13747 1
5556 1
13753 1
13754 2
5567 2
5568 3
13216 0
13764 2
5573 0
7005 2
5579 2
13772 2
5581 2
5582 1
5583 2
5587 1
5588 3
13781 1
13782 2
13784 1
933 1
5603 0
5606 0
13799 2
5609 2
13803 0
5612 2
18685 0
13812 0
5623 0
5624 2
17001 0
5627 1
5628 1
5630 2
13824 0
13227 2
13828 1
15958 3
5639 2
5641 0
13834 2
5644 3
3672 1
5653 1
13846 2
13847 0
5657 1
5663 2
5666 0
5670 1
945 3
5672 3
5673 3
5675 1
17331 1
5684 3
13878 1
13879 2
4281 0
13884 2
13892 3
5708 0
13901 2
16557 2
5714 0
13908 1
10556 0
7780 0
5722 0
13915 3
5724 0
13918 1
13922 1
13924 0
13927 1
7556 0
10514 2
5745 2
13246 2
18708 2
2325 0
5761 1
12968 1
13959 1
13961 0
13963 3
13965 0
5776 2
5777 2
5778 0
9467 2
13978 2
5787 0
13981 3
13982 0
13984 0
5795 3
5798 2
5800 1
13993 2
13995 2
13996 1
13997 0
5807 1
5808 2
13256 1
5810 0
5812 0
5814 2
5819 1
5826 0
5067 2
5828 0
5831 0
14024 0
3703 2
14028 1
14029 2
5839 2
5841 1
14036 1
14040 1
14042 2
5851 3
14045 0
17715 0
976 0
5860 2
14053 2
195 2
5865 1
5868 2
5876 0
10537 2
14073 0
17381 2
14077 3
5886 2
14082 1
14084 1
5893 1
14086 1
5895 2
5896 2
14090 2
5903 2
5904 2
14101 0
14103 1
5913 1
14107 0
5925 2
5927 3
14120 2
5930 2
14123 1
13123 2
14126 2
14127 2
14128 2
17170 3
14133 2
16679 1
14137 2
14138 1
13279 2
14144 2
9184 2
14147 2
14151 2
5961 2
5966 2
5967 3
5968 2
5091 2
14164 2
5975 3
14170 1
5979 0
5980 3
5982 2
5983 0
5986 1
14180 1
5989 2
4291 0
18748 2
10838 1
14189 0
14190 2
14194 2
14196 0
6011 2
6012 0
14208 0
10560 0
6018 1
6019 1
14212 2
6022 2
18753 0
14216 2
6025 2
14218 0
14219 0
14221 0
14222 0
14226 2
6035 0
14232 2
1007 0
14238 1
6053 1
14246 2
14247 0
6057 2
6059 1
14252 0
14254 2
14256 1
10319 3
6071 2
16569 0
14269 0
14274 2
1186 0
6088 0
9207 0
6094 2
14287 1
6097 3
14292 0
6101 0
14294 0
6104 2
6107 2
14302 2
6112 0
6115 3
14309 0
6481 2
14312 2
2386 2
17405 2
14320 2
14321 2
14322 2
14323 2
6132 2
14327 2
6140 2
14335 2
6145 2
6150 0
6151 2
6152 3
6154 2
9218 2
4078 1
6164 2
14360 1
6169 2
14362 1
14363 1
14365 3
14366 0
14367 1
14369 2
14373 1
6183 2
14376 2
14377 1
6187 2
14380 0
14382 2
14383 0
14385 1
14386 2
14387 2
6196 2
14389 2
14392 2
6201 2
14394 2
6206 2
6211 0
13573 2
14405 1
14408 2
14417 0
6227 2
14420 2
6231 2
14427 2
7866 2
14431 1
6240 0
14433 2
14437 2
13329 2
14442 1
6251 2
14449 2
6260 1
6265 3
14461 0
6270 2
14466 0
6282 2
14476 0
6286 3
10605 1
14482 2
16067 2
16626 2
750 2
14496 0
6306 1
6309 0
14502 1
14504 2
6315 0
6317 2
14510 2
14513 2
6515 2
15759 3
6330 2
6331 2
6332 2
14525 1
11979 0
14533 2
14535 1
14538 2
6348 3
6349 2
14544 2
14546 0
6355 3
6357 2
6359 2
6363 2
6367 2
6523 2
7571 1
6374 1
18812 2
14571 2
6383 1
14576 0
6385 2
14580 3
14581 1
14583 0
14584 0
6393 2
14590 1
14592 2
14604 2
14607 2
14608 2
3800 2
6424 0
14617 2
6429 1
14623 0
14626 1
14627 2
14628 0
14631 2
6441 0
6443 2
6445 1
6446 2
6448 1
6451 2
14651 2
6462 0
1579 2
6466 2
14662 2
14663 2
14664 1
2444 1
14666 2
6476 0
14671 0
6480 2
14673 2
14674 2
14677 2
6488 2
14682 2
6493 2
6495 0
17947 1
6497 0
14690 2
5179 0
6500 3
6501 0
2449 2
6504 2
6505 0
6506 2
14699 0
13373 2
7912 0
14706 0
14707 0
14710 2
6520 0
6522 2
14715 2
14717 1
17948 2
6527 1
14724 2
6534 0
7037 1
6536 0
2455 2
14732 2
14733 1
14734 0
18840 2
6553 0
14748 0
2458 0
14751 2
14752 2
16113 2
14761 1
9287 0
6576 2
6577 1
14772 1
14778 2
6588 1
6594 3
14787 0
14789 2
14791 2
6600 0
14793 1
6604 2
14798 2
14804 2
14805 2
6614 2
6616 1
14809 2
6619 2
6622 0
6623 0
6630 3
6631 2
14825 2
6634 0
14829 2
6639 2
14832 0
17491 2
14837 0
6647 2
9300 1
14847 0
14849 2
14851 2
6662 2
3841 2
14859 1
6668 0
14865 0
6674 1
14868 2
6679 2
14872 2
14874 2
14876 2
14877 2
14878 2
12037 2
6689 2
6690 1
17499 2
14884 2
14886 1
14887 0
6697 2
6701 1
6702 1
13405 2
6705 0
14899 1
14900 0
6709 0
14902 2
14904 2
6714 0
6715 2
14910 0
18869 0
14913 2
14914 2
6724 2
6725 0
6726 2
14921 1
14924 1
5218 0
6734 3
5407 1
14929 1
6740 1
14934 2
14935 2
6747 2
14943 1
6752 2
14945 1
14947 1
14949 0
14950 2
13864 2
6763 0
16146 2
6770 2
14965 0
6775 0
6787 0
14981 1
10689 3
6793 0
6794 2
12055 2
6796 0
14989 0
14990 2
6799 2
6801 1
11956 0
14996 2
6806 0
17139 0
15001 1
6810 1
6811 1
15004 2
6813 1
6597 1
15008 2
15009 2
15014 0
6823 0
15017 1
6828 1
6830 2
6834 0
6837 1
14685 0
6839 3
6841 2
15034 2
15035 3
15039 2
6848 0
15042 2
6851 1
6856 1
6857 1
15051 2
6860 1
6862 3
6863 0
6872 2
6873 0
15067 2
6876 2
15069 2
15071 0
15073 1
15074 0
229 3
6887 1
15080 2
6892 2
15085 2
9341 2
6896 1
15091 1
15092 1
15093 3
15094 2
6904 0
6612 2
1151 1
6908 2
6910 2
2517 0
6913 0
15106 1
15107 1
6916 0
15109 1
15111 3
6920 2
6923 0
15116 2
15117 2
15119 0
14808 2
15122 2
15123 1
15124 3
6936 1
15129 1
6939 2
2522 3
15135 2
15137 3
6946 2
14811 2
15140 0
15141 1
6950 0
15143 2
15144 0
6953 2
6956 0
6958 2
17544 2
6965 2
6967 2
15160 1
15165 0
3893 0
6977 0
15170 1
9355 3
6980 1
6982 0
15177 2
15180 1
6991 0
6993 2
15188 0
15189 0
6998 2
15191 2
15193 1
15194 2
7004 2
15197 2
7006 2
7008 2
7009 2
15205 0
15206 0
1465 2
7016 2
15209 1
7018 1
7023 1
7024 2
15217 2
7026 0
7028 3
15225 1
7035 0
15229 2
7038 0
7039 1
7042 0
2539 2
7044 3
15237 2
15241 2
15243 1
7052 1
15245 2
7055 1
7056 2
7057 0
7060 0
7061 2
7062 0
156 0
7068 1
15261 2
7070 2
15264 2
15266 1
15267 1
15276 2
15279 2
15283 0
8009 2
7097 2
7098 2
15292 1
7103 2
15296 2
7105 1
7109 0
7110 2
15303 2
7112 1
15305 2
7114 2
7115 0
15308 1
7117 2
7118 1
7120 2
15314 0
17571 1
10330 3
7125 0
15319 0
7129 2
7130 0
7132 0
18241 0
15329 2
7138 0
7139 0
15333 2
7142 1
7143 0
1192 2
7155 2
7157 2
15350 0
7160 3
7163 2
7164 2
3430 3
7166 3
7167 0
15362 2
15364 2
7181 0
15374 0
15375 1
15376 3
7185 2
7186 3
2563 2
7188 2
15381 2
7194 2
15395 0
7205 1
13489 0
15400 2
7209 2
15405 2
7214 2
15413 2
15417 2
7227 2
7228 1
7230 2
7231 0
15426 1
15429 2
7239 1
15432 1
7241 1
7246 2
15439 1
15440 1
1210 3
7264 2
15457 2
9403 1
15461 0
7271 1
15471 1
15473 0
15474 0
7283 0
7293 0
15487 3
15488 3
17600 1
15491 1
2582 2
15496 0
7306 2
15500 2
15503 2
15504 0
15505 0
15506 1
9411 2
8046 0
15510 2
15511 0
15513 0
15514 0
15518 0
15520 0
15521 2
7332 2
15525 2
7335 0
7337 0
15531 0
10782 0
2427 2
15550 0
15552 1
15553 0
7363 0
15558 1
15560 0
15565 1
7374 3
15572 1
6692 2
7388 2
15581 1
15582 0
15588 1
15589 2
15593 0
7403 1
7405 2
16253 2
7408 2
15602 2
15603 1
15606 2
14889 0
15611 3
11431 2
15616 0
15621 2
7430 3
15627 1
7440 2
13528 2
7442 2
14894 2
7446 2
7447 2
15641 0
7450 2
15644 1
15645 3
104 0
8069 2
7457 0
15650 0
15652 1
7461 1
15654 2
15656 0
15657 2
15659 1
15666 1
15667 2
14979 3
15669 1
15670 3
7481 1
8978 1
7483 0
15676 0
15677 1
15679 0
7488 2
15681 1
15682 3
7491 2
15684 0
7493 2
7500 2
15693 0
15695 0
6712 2
9443 2
13990 0
15704 0
7514 1
7516 2
15710 3
15711 2
15712 0
15713 2
7522 2
15717 0
15718 0
15719 1
15721 2
15722 2
15723 0
7532 2
15726 1
7535 0
15728 1
9448 0
15730 1
7540 0
1257 0
7544 2
7545 1
15740 1
15741 1
12181 1
7552 2
15748 2
15749 1
7558 0
7561 2
15758 2
17645 0
15760 0
1343 2
2627 2
15765 2
7575 2
7576 2
7578 1
7580 2
8090 2
15774 0
15775 0
15776 2
9527 1
15779 0
15781 1
9457 2
7593 2
15786 0
15787 3
15788 1
4033 2
15793 0
15794 1
16286 0
15798 1
9460 2
7611 1
15805 2
7615 2
16288 1
10827 0
15812 2
15813 0
15814 1
15815 1
7624 3
15818 2
7627 0
7629 0
15823 0
9464 0
7634 2
15827 3
15830 3
1273 2
7640 3
17708 2
15837 0
15838 1
15840 1
7649 2
15842 0
15843 0
15845 2
2641 1
15853 1
15854 1
15855 1
7665 0
801 2
15871 1
5376 2
15877 0
7687 1
7688 2
7690 2
7691 1
7693 2
7694 1
7695 2
7699 2
7702 2
15895 0
15898 2
7709 3
15902 1
9477 2
7715 0
15908 1
7717 3
15911 3
15913 2
15916 0
15919 0
15922 2
15923 1
7738 2
18534 2
7747 2
7751 2
6532 1
16625 0
10850 1
7766 1
15959 1
15962 0
7771 2
15971 2
15972 0
15973 2
7783 0
15977 0
2663 1
7789 2
15982 2
7791 1
15984 0
7793 3
7794 2
7796 3
15992 0
7802 0
7805 2
15999 1
16000 2
10080 2
16002 2
16003 2
17686 2
16321 0
7816 0
16010 0
16014 2
7825 0
16018 1
16021 0
16023 1
16030 2
7839 2
16032 1
16034 2
16035 3
16036 1
16037 1
2673 1
7848 2
16043 2
16045 3
16048 1
16049 1
16050 3
16052 0
7862 2
16055 1
16056 1
7865 2
16058 0
9503 2
16060 2
16061 1
16063 1
16064 2
16066 1
7875 1
16068 2
7878 0
17697 0
6809 0
16073 1
7882 1
16079 2
16081 2
7890 2
16088 1
7897 2
7898 0
16091 2
7900 2
7901 0
7903 3
16096 2
17702 2
16104 0
16106 2
7916 2
8146 2
7921 3
16114 2
16115 2
16117 2
7931 0
16144 0
7933 2
16127 3
7936 2
7939 2
7940 0
7941 0
7945 2
16138 2
7947 2
16143 2
7952 0
7954 0
7955 2
16150 2
7960 0
7961 2
7963 2
16156 2
16161 2
7970 1
7974 0
7975 2
7976 0
14983 2
7983 0
16176 0
7986 2
9523 0
7988 2
16183 2
17511 1
16187 1
16189 0
16192 0
8004 2
16197 0
16198 0
16200 0
16201 1
16202 0
16203 0
16204 1
16207 0
8017 3
16212 2
8022 0
8996 2
16217 2
16218 2
14991 2
16220 2
8029 3
16223 2
16224 2
16226 0
1339 3
16228 3
10906 2
14993 0
8041 0
16234 2
16238 3
5437 2
3814 1
16244 1
8054 2
16251 2
8061 0
9536 0
10907 1
16261 1
8072 1
16265 1
16266 2
8076 2
8082 0
16276 1
16277 2
16279 0
16282 1
16909 1
16285 0
11999 2
8095 3
8096 2
16290 0
16291 2
16292 0
16294 3
16295 1
8105 2
16301 1
16304 2
16305 0
8115 2
18001 2
17737 2
6817 1
6815 0
16316 1
5946 0
16318 0
6816 1
16325 0
16327 1
12279 2
16333 1
16337 2
16338 2
2723 2
8148 0
8149 2
8151 2
8156 1
16350 2
8162 0
12283 0
16356 0
8165 2
16358 2
8168 2
8169 2
1363 2
8179 2
16372 1
16373 1
8182 2
16376 2
8186 2
16379 2
16380 0
16381 1
8190 2
8191 0
