41 0
62 2
65 1
66 1
68 2
69 1
70 0
73 2
74 0
88 2
89 1
90 1
104 0
107 2
111 3
113 2
116 3
122 3
126 2
133 2
139 3
141 1
144 2
147 0
148 1
151 1
157 0
158 3
163 2
166 1
173 2
177 1
178 0
183 2
186 2
190 3
195 2
197 2
200 0
201 1
202 2
204 1
206 3
208 2
209 2
215 1
218 3
223 2
228 2
233 2
234 2
240 1
241 0
248 1
256 1
261 2
263 2
264 0
266 2
269 0
271 2
274 2
276 3
279 0
280 3
283 3
287 2
289 2
291 1
297 2
303 2
305 2
308 2
310 2
315 1
316 0
317 2
319 2
320 3
323 0
324 1
326 1
334 3
338 1
339 3
342 2
344 2
346 3
347 3
348 1
350 0
353 2
354 2
357 0
358 1
359 3
360 2
365 2
366 2
367 0
368 0
374 2
376 2
379 0
383 0
384 1
387 0
391 3
394 2
397 3
410 2
412 0
416 0
420 1
423 2
424 0
427 2
433 2
436 2
438 0
440 1
442 1
444 2
446 2
448 3
450 1
454 2
455 1
456 1
464 2
466 3
467 1
468 0
477 2
483 2
491 0
498 0
500 2
505 3
508 0
509 3
510 2
517 0
523 0
524 2
528 2
530 2
533 0
538 0
541 2
542 2
543 2
545 2
546 1
547 1
548 1
549 2
551 1
553 1
554 2
556 1
558 1
563 2
564 1
565 1
571 1
573 1
576 2
577 1
581 1
583 1
585 2
591 1
596 1
597 1
601 1
606 0
609 2
611 1
614 2
616 3
617 0
618 1
619 2
620 3
628 0
629 1
630 0
633 2
636 2
638 0
643 2
651 0
654 0
657 3
664 0
665 1
666 0
673 2
674 0
675 0
681 3
688 0
699 3
700 2
702 1
712 2
714 1
716 1
721 0
730 2
737 2
738 2
744 2
746 2
749 0
756 0
762 1
763 0
764 2
766 1
771 1
773 2
774 1
780 2
786 0
787 2
790 2
795 2
802 1
803 2
808 2
820 2
829 1
832 2
844 2
850 1
853 0
854 0
856 0
860 3
861 2
862 0
864 2
868 3
873 1
874 3
876 3
879 2
882 0
883 1
884 1
887 2
888 2
889 0
892 2
894 2
896 0
903 0
910 1
911 2
916 0
918 0
920 2
926 3
931 3
932 3
936 3
945 3
947 2
951 0
952 1
953 2
959 2
961 1
1003 0
1009 1
1010 1
1011 3
1018 1
1027 0
1028 1
1035 2
1037 3
1038 0
1045 1
1048 3
1051 1
1052 0
1054 2
1058 2
1067 2
1071 1
1081 0
1082 2
1088 0
1096 1
1107 1
1108 2
1110 2
1111 2
1115 1
1133 2
1137 0
1138 2
1141 1
1144 2
1147 2
1150 2
1152 0
1157 1
1174 2
1175 2
1178 0
1180 1
1181 3
1186 0
1187 2
1189 2
1192 2
1195 0
1217 2
1218 2
1225 2
1226 1
1234 1
1240 0
1245 0
1248 0
1251 1
1255 0
1259 1
1266 0
1273 2
1281 0
1282 0
1283 2
1286 2
1290 1
1291 0
1293 3
1298 2
1299 1
1304 2
1313 3
1314 1
1316 3
1321 2
1322 2
1323 0
1324 2
1329 3
1331 1
1336 2
1338 1
1340 2
1341 2
1343 2
1349 0
1353 0
1354 1
1355 1
1359 1
1363 2
1364 3
1365 0
1366 0
1370 2
1371 0
1375 2
1377 2
1378 3
1381 2
1383 2
1385 3
1387 1
1396 2
1401 2
1402 1
1408 0
1415 2
1416 3
1418 0
1422 2
1425 2
1428 0
1436 1
1440 2
1442 2
1444 2
1445 2
1446 2
1456 0
1458 2
1460 3
1461 2
1464 2
1465 2
1468 2
1470 2
1471 1
1473 1
1475 1
1476 1
1482 1
1484 0
1485 3
1486 0
1488 1
1493 0
1496 1
1509 2
1531 0
1534 0
1539 2
1540 1
1542 2
1543 1
1559 0
1567 2
1576 1
1583 2
1591 1
1596 2
1597 1
1600 2
1601 1
1602 3
1603 2
1605 0
1608 1
1610 1
1614 1
1624 2
1626 2
1627 0
1630 1
1635 2
1638 0
1640 2
1646 0
1652 2
1653 2
1659 0
1660 1
1661 1
1662 2
1665 0
1666 2
1667 1
1671 1
1673 2
1674 2
1677 0
1697 0
1700 2
1701 2
1702 2
1703 1
1709 0
1711 2
1712 1
1714 0
1716 1
1717 2
1721 2
1726 2
1727 0
1729 1
1740 0
1741 3
1746 2
1748 0
1749 0
1753 3
1757 1
1761 0
1764 2
1769 2
1771 1
1772 0
1779 0
1780 0
1784 1
1790 2
1791 3
1792 0
1793 0
1798 1
1800 0
1803 0
1804 1
1809 2
1812 3
1815 2
1819 0
1820 3
1821 1
1823 2
1827 2
1828 2
1830 0
1833 0
1834 0
1835 1
1836 1
1837 2
1839 2
1841 2
1843 0
1844 2
1847 0
1852 1
1857 2
1858 1
1862 3
1866 2
1872 0
1878 0
1880 1
1882 0
1887 2
1899 0
1900 2
1904 2
1909 0
1911 0
1913 2
1917 0
1918 2
1919 2
1920 2
1921 2
1924 2
1925 3
1927 3
1932 0
1944 0
1960 1
1961 2
1962 3
1964 2
1965 2
1968 0
1969 0
1970 0
1971 2
1978 0
1979 1
1980 0
1988 2
1991 2
1992 2
2006 1
2007 1
2009 0
2010 1
2025 1
2028 0
2043 1
2052 2
2061 3
2062 2
2069 3
2072 2
2073 2
2075 0
2076 2
2077 2
2086 0
2089 1
2091 2
2098 2
2099 2
2100 0
2109 0
2112 2
2113 2
2116 2
2118 1
2121 0
2124 2
2128 1
2132 0
2134 2
2138 2
2140 0
2144 2
2146 3
2149 2
2150 2
2157 0
2158 1
2159 3
2163 1
2164 2
2170 1
2176 2
2177 1
2180 2
2184 3
2185 2
2188 2
2195 1
2196 0
2198 1
2199 2
2201 2
2207 1
2212 1
2213 1
2214 1
2222 2
2227 2
2228 0
2235 2
2236 2
2246 3
2251 2
2252 1
2254 2
2260 2
2261 1
2265 2
2268 2
2269 0
2272 0
2275 2
2276 0
2278 2
2279 3
2280 1
2283 2
2287 2
2297 2
2304 0
2307 2
2311 0
2315 2
2320 0
2323 0
2324 2
2330 0
2333 2
2340 3
2352 3
2353 1
2355 2
2359 3
2360 2
2362 2
2364 2
2368 1
2369 0
2376 3
2377 0
2383 1
2385 2
2388 2
2389 2
2392 2
2393 3
2398 1
2400 2
2408 0
2410 2
2421 1
2424 3
2426 1
2427 2
2430 2
2434 2
2436 0
2440 2
2443 0
2450 2
2452 2
2458 0
2460 0
2463 3
2464 1
2465 1
2466 0
2467 0
2469 0
2470 2
2472 2
2475 1
2484 0
2485 0
2486 2
2487 2
2491 0
2493 0
2496 1
2498 2
2499 3
2503 0
2505 3
2507 1
2517 0
2525 1
2528 0
2530 0
2532 0
2534 1
2544 0
2545 3
2546 2
2547 1
2549 2
2556 1
2558 1
2563 2
2565 0
2572 0
2574 0
2576 0
2580 2
2589 0
2591 0
2595 2
2599 2
2600 2
2603 2
2606 3
2609 0
2610 3
2612 2
2613 1
2615 2
2625 0
2631 1
2633 2
2634 2
2638 0
2639 0
2640 2
2641 1
2643 1
2646 2
2653 3
2654 2
2655 2
2664 0
2665 1
2666 0
2672 2
2691 0
2706 2
2714 0
2715 2
2716 1
2722 1
2724 1
2728 3
2729 1
2735 1
2738 3
2739 2
2741 2
2746 0
2747 2
2751 0
2752 0
2756 2
2758 2
2762 2
2764 3
2769 0
2774 0
2778 2
2783 3
2784 0
2788 0
2790 1
2791 2
2794 3
2798 0
2801 2
2803 2
2804 2
2807 3
2817 0
2818 0
2821 1
2831 3
2834 1
2835 2
2846 2
2847 1
2850 2
2851 1
2854 1
2856 2
2859 1
2863 0
2865 3
2868 1
2874 0
2876 3
2880 2
2882 2
2883 0
2884 0
2886 0
2898 2
2899 2
2904 1
2909 1
2910 1
2911 2
2917 0
2919 0
2921 2
2922 1
2925 2
2928 1
2931 2
2934 0
2938 2
2942 2
2944 2
2963 3
2973 2
2977 0
2980 0
2982 3
2983 2
2986 0
2988 0
2992 2
2993 1
2994 1
2995 2
3000 2
3001 2
3012 2
3016 1
3018 2
3029 1
3034 2
3035 3
3040 2
3041 1
3043 3
3047 0
3048 3
3049 2
3052 1
3053 2
3056 2
3059 0
3063 0
3069 0
3071 1
3072 0
3074 1
3076 2
3079 2
3080 2
3082 2
3087 2
3093 3
3094 2
3098 1
3103 0
3104 0
3105 1
3107 2
3110 2
3118 0
3119 2
3122 3
3124 2
3128 3
3129 3
3135 2
3138 1
3139 0
3141 2
3145 3
3147 2
3152 3
3154 3
3157 0
3160 0
3167 1
3174 2
3182 3
3183 2
3185 0
3191 2
3205 1
3206 2
3207 2
3213 0
3215 2
3216 2
3220 1
3222 1
3230 1
3231 1
3236 0
3237 1
3240 2
3242 3
3243 1
3244 0
3249 1
3250 2
3251 0
3252 3
3253 1
3255 1
3257 3
3258 2
3260 0
3261 1
3263 2
3268 2
3269 3
3270 1
3274 1
3280 2
3285 1
3286 1
3287 2
3291 2
3294 0
3296 0
3298 1
3303 1
3305 1
3306 0
3308 0
3310 2
3312 0
3313 2
3315 2
3320 2
3321 1
3323 2
3325 0
3327 0
3330 1
3333 1
3341 0
3344 1
3348 2
3354 2
3357 1
3358 0
3359 3
3361 0
3363 1
3368 1
3373 3
3375 2
3380 1
3387 1
3389 2
3397 0
3399 0
3419 2
3422 1
3424 3
3425 2
3427 2
3428 1
3434 1
3435 3
3440 1
3448 2
3449 2
3458 3
3461 0
3472 2
3479 2
3482 2
3487 0
3488 2
3490 2
3492 0
3499 0
3501 1
3502 2
3503 2
3505 0
3513 3
3516 3
3520 2
3521 2
3524 0
3527 2
3557 2
3563 1
3564 3
3568 0
3572 1
3580 0
3583 2
3585 2
3586 0
3589 1
3595 0
3603 2
3611 3
3616 3
3618 0
3619 2
3621 2
3634 3
3652 0
3655 1
3658 2
3659 0
3661 2
3662 0
3663 0
3665 0
3666 0
3669 0
3671 2
3674 2
3676 2
3677 2
3678 2
3679 2
3682 2
3683 1
3685 2
3689 1
3694 1
3696 0
3701 2
3702 2
3703 2
3704 1
3709 2
3710 0
3712 2
3713 2
3715 1
3717 2
3719 2
3721 2
3727 2
3730 2
3731 1
3733 0
3738 1
3740 0
3747 1
3764 1
3768 0
3769 2
3778 0
3782 2
3784 2
3787 2
3788 2
3791 2
3792 0
3801 3
3805 2
3808 2
3811 2
3812 3
3813 0
3814 1
3815 1
3820 1
3821 2
3822 3
3834 2
3841 2
3842 0
3862 2
3873 0
3876 2
3879 2
3880 0
3881 0
3887 2
3901 0
3912 1
3936 1
3952 2
3961 0
3962 0
3963 2
3965 2
3967 3
3968 3
3978 2
3979 1
3983 2
3984 1
3985 2
3994 0
3995 1
3997 2
3999 0
4000 0
4001 1
4003 1
4006 2
4009 3
4010 2
4011 2
4014 2
4019 1
4020 1
4024 1
4034 2
4037 3
4044 2
4050 1
4057 2
4058 2
4063 2
4064 3
4074 1
4079 0
4080 3
4087 0
4088 0
4089 1
4097 0
4098 1
4102 3
4107 2
4112 0
4114 1
4118 2
4123 1
4124 2
4126 0
4134 0
4137 2
4140 0
4143 0
4144 0
4148 1
4151 2
4161 0
4164 0
4170 1
4173 2
4176 3
4177 2
4180 0
4182 3
4187 3
4191 2
4192 2
4195 1
4200 3
4201 2
4202 1
4204 0
4205 2
4206 3
4209 3
4210 3
4211 3
4212 0
4214 0
4216 3
4219 0
4220 2
4221 2
4222 2
4225 2
4226 0
4227 2
4230 0
4237 0
4244 2
4245 2
4249 1
4250 1
4254 3
4256 2
4257 2
4261 2
4262 2
4270 0
4273 0
4296 0
4297 0
4302 1
4310 0
4313 2
4318 2
4320 2
4322 1
4323 2
4325 2
4326 0
4327 1
4331 1
4332 2
4333 2
4335 2
4336 0
4337 2
4341 1
4342 2
4349 2
4354 2
4359 2
4362 0
4363 2
4364 2
4365 2
4366 3
4370 1
4371 2
4372 2
4374 2
4377 3
4378 0
4379 2
4380 2
4381 1
4383 2
4389 2
4390 1
4393 3
4402 1
4407 0
4410 0
4414 2
4418 0
4422 2
4423 2
4425 2
4428 1
4433 1
4434 1
4436 2
4438 3
4441 1
4442 2
4447 3
4448 1
4458 2
4459 2
4462 2
4465 0
4466 2
4467 0
4471 1
4475 0
4483 0
4487 2
4490 1
4491 1
4493 2
4495 1
4497 0
4498 2
4501 0
4503 2
4508 2
4510 1
4511 1
4512 0
4514 2
4515 2
4516 0
4518 1
4520 0
4523 2
4524 1
4527 1
4528 2
4529 2
4531 1
4532 1
4534 1
4535 3
4536 0
4537 2
4538 2
4539 1
4540 1
4542 1
4544 1
4552 1
4553 2
4557 1
4566 2
4568 0
4570 1
4571 0
4572 0
4573 1
4576 3
4577 2
4579 3
4580 1
4581 1
4582 2
4583 1
4584 0
4593 2
4596 1
4597 0
4605 2
4609 1
4620 0
4621 2
4625 2
4626 2
4627 3
4630 0
4631 0
4632 2
4636 0
4642 0
4648 1
4650 2
4651 0
4653 0
4654 1
4656 1
4658 2
4659 2
4661 0
4662 0
4672 2
4674 1
4675 1
4678 1
4683 0
4685 0
4688 1
4695 2
4698 2
4699 1
4705 1
4708 1
4709 1
4712 2
4713 0
4716 3
4721 2
4723 0
4724 2
4726 1
4728 2
4729 2
4733 2
4736 2
4740 0
4744 1
4745 1
4748 1
4752 1
4757 2
4764 0
4765 1
4766 1
4768 2
4772 0
4773 2
4776 2
4780 0
4781 1
4786 3
4788 3
4789 3
4790 1
4794 2
4795 3
4802 1
4804 2
4806 1
4807 1
4808 1
4809 2
4811 3
4813 1
4814 2
4815 2
4817 2
4819 1
4823 2
4826 1
4827 1
4829 0
4831 1
4832 2
4837 2
4839 0
4843 2
4844 1
4848 1
4853 0
4854 0
4855 2
4856 1
4858 1
4863 1
4864 3
4866 0
4869 1
4874 2
4875 0
4878 0
4884 0
4890 2
4896 3
4898 2
4902 0
4906 3
4910 0
4911 2
4913 3
4916 2
4926 1
4929 0
4930 2
4931 2
4935 0
4936 0
4937 2
4942 0
4944 0
4948 2
4952 2
4955 0
4961 1
4965 0
4974 0
4975 0
4981 2
4982 1
4985 1
4986 2
4987 0
4990 2
4992 1
4994 1
4997 2
4998 3
5005 3
5011 3
5014 0
5024 2
5025 2
5030 2
5031 3
5034 3
5035 2
5038 0
5039 0
5046 2
5049 3
5054 1
5061 3
5063 2
5064 2
5067 2
5071 3
5072 3
5076 1
5081 0
5085 1
5086 1
5087 1
5090 3
5091 2
5093 2
5095 2
5099 1
5100 2
5102 2
5113 2
5115 1
5116 3
5121 2
5123 2
5144 2
5155 0
5156 0
5162 2
5171 1
5180 0
5184 3
5185 0
5186 0
5187 0
5188 1
5195 2
5196 2
5201 1
5206 1
5208 1
5211 2
5212 1
5214 2
5216 0
5217 0
5222 0
5229 2
5238 3
5242 2
5244 0
5247 2
5248 0
5262 0
5264 3
5265 2
5268 1
5272 0
5273 0
5275 1
5276 2
5277 0
5283 2
5284 0
5285 2
5290 3
5293 2
5294 2
5297 0
5299 0
5306 1
5307 0
5317 0
5318 0
5320 0
5322 2
5336 1
5337 1
5340 2
5345 2
5349 2
5351 0
5352 1
5357 1
5358 1
5362 2
5369 2
5371 1
5374 1
5378 2
5386 1
5389 2
5404 2
5405 2
5406 0
5407 1
5408 1
5410 2
5415 0
5421 2
5422 2
5423 0
5424 0
5430 0
5432 0
5434 3
5435 0
5436 3
5437 2
5440 0
5444 2
5446 1
5457 2
5459 3
5465 2
5469 1
5476 0
5477 0
5478 0
5481 0
5490 1
5491 2
5496 2
5497 2
5506 2
5513 2
5519 1
5521 2
5524 2
5526 0
5528 0
5538 0
5539 1
5541 2
5545 1
5548 2
5549 3
5552 1
5553 2
5555 3
5556 1
5561 2
5562 1
5564 1
5567 2
5568 3
5571 1
5574 2
5576 1
5579 2
5580 1
5581 2
5582 1
5583 2
5587 1
5588 3
5589 3
5590 3
5600 0
5603 0
5612 2
5613 1
5619 1
5626 3
5630 2
5632 1
5637 1
5639 2
5641 0
5642 0
5644 3
5649 1
5650 0
5651 0
5654 2
5656 0
5658 3
5659 0
5664 2
5670 1
5673 3
5674 1
5675 1
5680 1
5683 1
5684 3
5686 2
5687 2
5698 2
5699 0
5705 3
5712 0
5714 0
5716 0
5718 0
5719 1
5722 0
5724 0
5732 0
5736 2
5742 1
5743 1
5745 2
5747 0
5751 2
5761 1
5765 2
5780 1
5785 2
5787 0
5793 1
5795 3
5798 2
5800 1
5804 1
5806 0
5807 1
5810 0
5811 2
5812 0
5814 2
5823 2
5824 2
5828 0
5833 3
5836 1
5838 2
5840 0
5841 1
5845 0
5847 0
5850 2
5851 3
5853 2
5858 2
5860 2
5861 1
5863 2
5868 2
5869 2
5873 1
5879 2
5882 1
5884 0
5886 2
5893 1
5894 0
5901 1
5903 2
5909 3
5912 2
5913 1
5916 1
5917 3
5919 1
5921 1
5922 0
5925 2
5926 0
5928 2
5930 2
5937 0
5943 0
5944 1
5945 2
5946 0
5948 2
5951 0
5953 2
5965 2
5968 2
5971 2
5980 3
5982 2
5983 0
5984 1
5990 0
5998 3
5999 2
6000 0
6011 2
6013 2
6015 0
6018 1
6020 1
6022 2
6024 2
6025 2
6028 0
6044 3
6047 2
6053 1
6055 1
6056 2
6057 2
6060 0
6062 3
6067 2
6069 1
6073 2
6094 2
6098 0
6100 2
6102 2
6103 2
6107 2
6108 2
6109 1
6110 0
6111 1
6115 3
6119 1
6121 3
6122 2
6127 0
6128 2
6131 0
6132 2
6135 2
6136 2
6137 1
6140 2
6145 2
6146 3
6150 0
6151 2
6152 3
6153 0
6154 2
6156 0
6158 2
6164 2
6167 1
6172 0
6174 2
6175 1
6176 1
6177 1
6182 0
6184 0
6196 2
6200 1
6201 2
6203 2
6206 2
6207 2
6209 2
6211 0
6213 2
6221 1
6222 0
6231 2
6235 2
6241 1
6251 2
6253 2
6255 2
6257 1
6266 2
6267 2
6268 0
6269 1
6272 3
6277 2
6286 3
6303 3
6304 1
6307 1
6309 0
6313 0
6315 0
6325 1
6330 2
6332 2
6336 2
6346 2
6349 2
6350 2
6355 3
6356 1
6357 2
6360 3
6363 2
6364 1
6368 2
6370 2
6371 0
6379 1
6380 0
6381 1
6383 1
6384 0
6385 2
6386 1
6387 2
6389 1
6392 0
6393 2
6400 2
6407 2
6409 1
6411 1
6416 3
6418 0
6419 2
6422 1
6424 0
6426 1
6427 2
6429 1
6442 1
6446 2
6448 1
6451 2
6452 1
6456 1
6465 0
6467 2
6475 0
6478 3
6479 0
6480 2
6481 2
6488 2
6494 0
6495 0
6497 0
6499 2
6502 2
6503 2
6504 2
6505 0
6511 3
6512 0
6513 0
6516 3
6521 0
6522 2
6527 1
6553 0
6563 3
6569 3
6575 2
6576 2
6577 1
6583 2
6590 0
6591 2
6592 3
6593 2
6594 3
6597 1
6600 0
6603 1
6608 2
6610 3
6616 1
6617 2
6619 2
6621 2
6622 0
6624 2
6631 2
6646 1
6647 2
6653 1
6657 1
6658 1
6662 2
6673 1
6679 2
6683 2
6687 2
6690 1
6691 1
6692 2
6695 3
6697 2
6701 1
6702 1
6703 1
6704 1
6707 1
6709 0
6710 1
6712 2
6713 0
6715 2
6718 2
6723 1
6724 2
6725 0
6733 0
6734 3
6736 0
6737 1
6744 1
6747 2
6748 2
6751 0
6754 0
6760 0
6770 2
6773 1
6786 1
6787 0
6791 2
6794 2
6795 2
6801 1
6803 1
6804 0
6806 0
6807 2
6809 0
6810 1
6829 1
6843 2
6845 0
6846 3
6849 0
6850 1
6851 1
6853 0
6855 1
6857 1
6860 1
6862 3
6866 2
6869 1
6871 0
6879 2
6880 1
6881 2
6886 2
6887 1
6892 2
6898 1
6902 0
6907 2
6910 2
6911 1
6912 2
6913 0
6915 1
6917 2
6918 2
6922 1
6926 3
6928 1
6931 2
6933 3
6937 0
6939 2
6941 0
6943 2
6946 2
6947 3
6953 2
6957 1
6958 2
6959 0
6961 1
6965 2
6968 0
6980 1
6986 2
6989 1
6993 2
6998 2
7004 2
7006 2
7008 2
7010 1
7015 2
7018 1
7019 2
7020 2
7023 1
7024 2
7025 2
7026 0
7031 1
7038 0
7040 0
7044 3
7045 2
7051 1
7052 1
7055 1
7056 2
7060 0
7061 2
7062 0
7064 2
7069 0
7073 2
7074 2
7076 1
7079 3
7085 0
7086 0
7087 1
7088 0
7094 2
7098 2
7102 2
7104 0
7105 1
7109 0
7112 1
7113 1
7114 2
7116 1
7120 2
7121 2
7122 2
7123 2
7129 2
7130 0
7133 2
7134 1
7136 0
7139 0
7142 1
7148 0
7151 0
7155 2
7158 2
7160 3
7164 2
7165 0
7166 3
7186 3
7188 2
7189 2
7194 2
7203 2
7205 1
7210 3
7213 0
7214 2
7216 2
7221 0
7227 2
7228 1
7232 1
7235 2
7241 1
7242 0
7244 0
7246 2
7249 2
7253 0
7260 2
7264 2
7265 1
7282 2
7295 2
7306 2
7315 0
7323 0
7332 2
7337 0
7367 2
7372 2
7374 3
7380 0
7381 0
7386 1
7388 2
7391 1
7405 2
7407 2
7409 1
7410 2
7436 1
7440 2
7447 2
7448 2
7450 2
7452 2
7453 1
7457 0
7459 2
7460 2
7461 1
7467 2
7473 1
7481 1
7487 1
7488 2
7489 2
7490 3
7491 2
7493 2
7497 2
7499 3
7505 2
7506 2
7509 0
7510 0
7515 3
7516 2
7522 2
7524 3
7529 2
7532 2
7534 2
7538 3
7545 1
7552 2
7557 2
7561 2
7564 2
7566 2
7569 2
7576 2
7579 1
7580 2
7583 3
7586 3
7589 0
7594 3
7598 2
7612 1
7613 0
7618 0
7624 3
7626 2
7631 0
7634 2
7640 3
7641 0
7642 2
7643 0
7649 2
7651 2
7659 1
7661 0
7662 0
7663 2
7664 3
7675 0
7676 0
7687 1
7691 1
7693 2
7695 2
7699 2
7701 0
7703 3
7707 2
7709 3
7712 2
7715 0
7718 2
7720 0
7724 3
7726 0
7732 1
7734 2
7743 2
7745 1
7746 2
7747 2
7751 2
7753 3
7754 1
7758 1
7766 1
7773 0
7778 0
7781 2
7783 0
7784 0
7787 1
7789 2
7793 3
7794 2
7796 3
7800 0
7802 0
7812 0
7814 1
7815 2
7817 1
7819 3
7820 2
7838 2
7841 3
7848 2
7858 2
7867 1
7869 2
7870 3
7871 0
7878 0
7883 0
7884 2
7887 0
7888 0
7890 2
7894 2
7896 0
7897 2
7898 0
7900 2
7901 0
7905 0
7906 2
7909 2
7910 3
7912 0
7913 1
7919 0
7927 1
7929 3
7932 2
7933 2
7934 2
7936 2
7937 0
7945 2
7947 2
7952 0
7954 0
7957 0
7961 2
7962 0
7963 2
7966 1
7967 3
7968 0
7970 1
7972 2
7974 0
7975 2
7986 2
7996 2
7997 2
7998 3
7999 2
8001 1
8007 3
8009 2
8021 0
8022 0
8028 3
8029 3
8033 3
8042 0
8044 1
8046 0
8059 3
8060 0
8069 2
8076 2
8079 0
8080 0
8083 0
8084 1
8087 0
8088 0
8094 0
8095 3
8101 1
8104 2
8105 2
8110 2
8113 3
8115 2
8116 2
8119 0
8121 0
8129 2
8133 1
8137 2
8138 3
8142 3
8144 1
8150 0
8154 3
8155 1
8159 3
8168 2
8170 2
8172 1
8179 2
8181 3
8182 2
8184 2
8190 2
8194 1
8195 0
8198 2
8199 0
8200 0
8212 0
8219 2
8220 0
8226 2
8227 2
8228 2
8229 1
8232 0
8236 3
8237 2
8241 2
8248 3
8250 1
8254 3
8258 0
8262 2
8264 0
8266 2
8276 1
8278 2
8285 1
8288 2
8289 2
8293 1
8296 2
8298 0
8300 2
8302 2
8304 0
8309 2
8310 2
8329 0
8330 2
8331 2
8333 2
8337 0
8344 1
8345 3
8346 1
8349 2
8351 1
8353 1
8355 0
8356 3
8360 2
8365 1
8371 2
8375 0
8377 1
8379 1
8381 1
8383 2
8386 2
8392 2
8393 2
8401 2
8402 2
8407 2
8412 1
8413 2
8418 2
8428 0
8430 2
8432 1
8441 2
8444 0
8447 0
8449 2
8454 0
8455 0
8458 1
8468 0
8473 2
8474 3
8480 1
8481 0
8484 3
8485 2
8486 2
8488 2
8495 2
8496 2
8502 1
8506 1
8507 2
8513 0
8514 1
8517 1
8524 2
8526 2
8531 1
8539 1
8543 3
8544 3
8548 2
8549 0
8554 3
8555 2
8559 3
8562 1
8564 2
8570 1
8571 0
8577 1
8580 0
8581 0
8583 3
8585 1
8586 0
8593 0
8594 1
8599 0
8601 2
8602 1
8603 1
8604 2
8605 1
8608 1
8609 2
8611 2
8617 0
8619 3
8621 0
8628 1
8634 2
8651 0
8656 0
8657 2
8658 0
8664 1
8665 2
8675 2
8679 2
8684 1
8693 2
8697 0
8702 2
8704 0
8710 3
8718 2
8719 3
8720 1
8721 2
8724 1
8725 1
8731 0
8732 1
8734 0
8735 1
8738 0
8739 3
8746 2
8747 2
8757 2
8758 2
8761 1
8762 1
8763 0
8771 3
8775 0
8778 1
8780 1
8781 3
8785 0
8786 1
8788 2
8791 2
8793 1
8796 0
8800 1
8802 1
8803 0
8806 0
8808 0
8809 0
8811 1
8814 2
8824 0
8830 0
8835 1
8841 2
8842 2
8843 2
8845 0
8847 3
8849 2
8855 1
8858 2
8859 1
8862 2
8863 3
8865 3
8874 3
8877 1
8890 0
8898 1
8904 1
8906 2
8910 2
8912 3
8914 2
8916 2
8919 2
8920 1
8921 2
8932 0
8935 2
8937 0
8938 2
8939 2
8942 1
8943 1
8944 1
8952 2
8953 1
8955 1
8956 2
8963 2
8967 1
8968 0
8970 2
8971 2
8974 2
8975 2
8976 2
8978 1
8986 2
8988 3
8989 1
8990 2
8991 2
8992 3
8995 2
8996 2
8997 0
9000 1
9019 1
9023 2
9028 0
9029 0
9033 1
9034 0
9045 2
9046 1
9052 1
9054 0
9055 0
9063 1
9065 2
9067 2
9070 2
9075 2
9076 0
9081 2
9082 2
9088 3
9091 3
9092 0
9093 1
9095 2
9098 2
9109 3
9110 2
9111 2
9112 2
9113 0
9117 2
9129 2
9130 3
9132 2
9136 2
9138 0
9140 2
9142 0
9144 3
9145 0
9147 1
9157 3
9158 3
9162 1
9173 2
9178 1
9182 0
9184 2
9201 0
9209 1
9216 0
9218 2
9226 3
9230 0
9232 2
9237 2
9238 0
9241 2
9249 0
9250 2
9254 1
9261 0
9262 2
9264 1
9265 1
9266 3
9267 0
9270 2
9274 2
9275 2
9280 1
9284 0
9286 0
9287 0
9290 3
9292 1
9296 3
9297 0
9300 1
9301 0
9304 2
9307 2
9308 1
9310 0
9312 2
9313 0
9314 0
9316 0
9318 0
9319 2
9330 0
9332 2
9333 3
9351 3
9352 1
9356 3
9357 1
9358 1
9367 0
9375 0
9383 0
9386 2
9390 1
9396 1
9397 2
9398 1
9405 2
9406 3
9409 1
9411 2
9412 1
9413 0
9414 0
9418 1
9421 2
9425 1
9427 2
9428 2
9437 0
9443 2
9446 1
9447 1
9448 0
9450 3
9453 3
9460 2
9461 2
9465 1
9467 2
9470 2
9473 1
9477 2
9483 3
9484 1
9486 3
9492 2
9499 2
9503 2
9507 0
9523 0
9528 1
9531 2
9533 2
9536 0
9538 0
9554 2
9555 1
9556 2
9558 1
9560 3
9563 0
9575 1
9578 1
9580 1
9583 2
9585 0
9587 1
9588 2
9590 2
9592 1
9593 2
9596 0
9597 2
9598 2
9599 0
9600 1
9601 2
9603 1
9606 1
9611 2
9615 2
9618 0
9620 2
9621 1
9623 2
9624 1
9625 0
9629 1
9631 1
9632 1
9635 2
9636 2
9637 1
9638 3
9642 0
9645 2
9646 1
9657 0
9659 1
9662 2
9663 2
9665 2
9669 2
9671 1
9672 1
9673 1
9675 1
9676 2
9681 2
9684 1
9690 2
9691 3
9693 1
9694 0
9702 2
9704 3
9706 1
9707 1
9711 0
9722 2
9724 1
9730 0
9741 2
9742 1
9754 2
9761 1
9762 3
9763 1
9765 0
9768 2
9770 1
9773 2
9781 1
9784 2
9785 2
9788 0
9791 2
9792 2
9805 0
9810 2
9811 0
9812 0
9815 2
9816 2
9820 0
9828 1
9829 2
9834 3
9835 2
9838 1
9843 0
9845 1
9852 0
9854 1
9855 0
9857 0
9860 1
9865 3
9868 1
9870 0
9873 2
9878 3
9886 0
9899 1
9901 2
9903 1
9907 2
9914 3
9916 1
9922 1
9923 0
9925 2
9927 2
9929 2
9944 0
9946 2
9967 1
9969 2
9972 0
9981 2
9982 1
9995 2
9999 2
10000 0
10005 3
10006 0
10012 1
10027 2
10030 2
10032 1
10035 2
10038 2
10043 1
10047 1
10048 2
10051 1
10053 1
10056 2
10066 3
10080 2
10083 2
10088 1
10089 2
10090 0
10095 2
10099 2
10104 1
10105 0
10106 2
10119 1
10120 1
10123 2
10125 1
10127 1
10132 1
10139 2
10140 2
10143 1
10146 2
10149 1
10155 2
10156 1
10166 2
10189 1
10190 0
10196 1
10201 1
10207 2
10212 0
10213 2
10214 0
10220 0
10242 1
10247 1
10253 2
10254 2
10261 2
10264 0
10268 1
10269 0
10270 3
10271 0
10280 2
10281 2
10282 2
10283 2
10285 1
10288 1
10291 1
10292 3
10296 1
10299 2
10302 0
10305 2
10306 1
10309 3
10310 1
10311 2
10315 0
10316 2
10317 1
10319 3
10327 1
10332 1
10333 1
10335 2
10337 2
10340 3
10342 2
10345 2
10346 3
10349 1
10358 2
10361 0
10366 2
10369 2
10371 2
10372 1
10380 1
10384 0
10386 1
10390 0
10391 1
10392 2
10401 2
10403 0
10406 0
10407 2
10410 2
10412 2
10413 0
10415 2
10420 2
10421 2
10422 2
10426 1
10427 1
10428 0
10434 2
10448 3
10453 2
10456 1
10458 1
10461 2
10462 0
10463 2
10464 1
10467 2
10471 1
10475 1
10478 2
10479 2
10483 0
10484 2
10486 2
10488 2
10498 2
10502 2
10505 2
10507 2
10509 0
10510 0
10516 3
10517 1
10521 2
10522 1
10523 2
10527 3
10530 1
10533 2
10534 2
10535 2
10536 1
10537 2
10542 2
10551 2
10558 0
10563 2
10564 2
10565 2
10572 3
10573 1
10575 1
10580 0
10583 2
10586 0
10589 2
10592 2
10599 0
10604 3
10605 1
10607 1
10609 0
10610 0
10611 0
10612 2
10620 0
10621 2
10624 0
10628 2
10632 1
10635 0
10636 1
10641 1
10648 2
10649 2
10658 2
10660 2
10668 2
10670 1
10674 1
10676 0
10678 2
10679 2
10685 0
10692 1
10698 2
10700 2
10702 2
10709 2
10711 2
10712 2
10714 1
10719 0
10724 0
10727 2
10729 1
10734 1
10738 2
10739 3
10741 1
10747 3
10749 1
10750 2
10752 2
10753 2
10755 0
10767 0
10769 0
10771 1
10772 3
10773 1
10774 1
10780 0
10781 2
10783 3
10790 0
10791 1
10798 0
10801 2
10802 0
10804 1
10809 1
10812 1
10814 1
10816 0
10818 0
10820 3
10822 1
10825 0
10828 1
10830 1
10831 2
10837 2
10850 1
10851 1
10852 2
10853 2
10857 0
10861 2
10863 0
10867 1
10869 1
10872 1
10873 0
10877 0
10879 2
10880 2
10881 2
10882 0
10884 0
10887 2
10893 1
10897 3
10899 3
10901 2
10906 2
10907 1
10910 1
10911 2
10913 3
10916 2
10942 0
10945 2
10973 2
10991 1
10992 2
10993 3
10996 1
11002 3
11003 0
11004 2
11005 1
11011 0
11012 2
11014 3
11015 2
11016 0
11020 2
11035 0
11036 2
11038 2
11041 2
11043 0
11045 2
11052 0
11053 2
11055 2
11056 0
11057 2
11062 0
11063 0
11065 2
11072 1
11073 1
11074 2
11078 2
11081 1
11082 2
11085 2
11086 1
11092 3
11093 0
11095 2
11097 1
11102 3
11109 2
11110 3
11112 1
11113 3
11118 0
11125 1
11128 2
11129 2
11135 0
11137 2
11138 2
11139 1
11140 1
11143 1
11144 1
11145 2
11149 0
11151 1
11152 2
11155 0
11172 1
11174 0
11183 2
11191 2
11194 2
11196 0
11202 0
11207 3
11208 1
11215 1
11217 2
11220 1
11226 2
11229 2
11230 2
11237 2
11239 2
11240 3
11242 1
11243 2
11254 2
11268 2
11273 3
11286 2
11288 0
11292 0
11295 2
11302 0
11307 2
11310 1
11312 2
11315 0
11320 0
11323 2
11327 2
11329 2
11330 1
11334 2
11335 2
11336 2
11337 3
11338 2
11340 2
11341 1
11344 2
11345 1
11346 2
11348 1
11350 1
11351 0
11353 1
11367 0
11370 1
11371 2
11372 0
11379 3
11382 2
11383 1
11393 2
11397 2
11398 2
11400 0
11401 0
11402 0
11403 2
11404 1
11405 0
11406 3
11409 1
11414 1
11421 2
11424 3
11425 2
11426 3
11428 3
11429 0
11430 0
11433 2
11434 2
11435 2
11438 2
11439 0
11441 3
11444 2
11449 1
11450 2
11451 1
11452 2
11454 0
11457 2
11461 1
11463 1
11464 2
11465 3
11467 1
11468 0
11484 1
11487 0
11488 1
11503 0
11504 3
11510 2
11512 2
11514 2
11521 1
11529 2
11530 1
11532 2
11540 2
11547 2
11549 3
11554 1
11559 2
11563 1
11565 1
11568 2
11570 3
11573 2
11584 3
11586 0
11593 3
11613 1
11615 1
11619 1
11622 0
11626 0
11629 0
11633 0
11637 1
11639 1
11640 2
11641 2
11644 1
11647 1
11653 0
11660 1
11662 2
11663 0
11664 1
11672 2
11677 2
11678 0
11684 2
11685 3
11705 0
11713 2
11715 0
11721 1
11724 2
11732 0
11738 1
11741 1
11744 2
11745 2
11747 2
11748 0
11752 0
11755 1
11758 2
11760 2
11764 2
11769 1
11773 2
11776 2
11779 0
11788 2
11792 2
11795 3
11798 2
11800 2
11806 2
11808 1
11811 2
11815 1
11817 0
11821 1
11822 0
11823 1
11824 1
11825 2
11826 2
11827 0
11831 1
11833 1
11834 2
11836 0
11838 2
11841 2
11842 0
11843 2
11844 2
11845 2
11848 2
11849 0
11850 3
11851 1
11853 1
11856 3
11857 0
11860 1
11871 2
11873 1
11874 1
11875 0
11877 2
11880 1
11881 1
11884 2
11887 2
11897 0
11900 2
11905 3
11914 1
11915 0
11916 0
11926 0
11927 0
11936 0
11941 2
11944 2
11957 0
11978 0
11990 1
11999 2
12006 0
12011 3
12013 2
12032 2
12037 2
12040 0
12042 2
12058 2
12061 3
12062 2
12065 0
12066 0
12069 1
12076 2
12077 2
12084 1
12086 1
12087 0
12091 2
12100 2
12101 1
12102 0
12106 2
12109 2
12110 2
12126 2
12128 1
12134 2
12136 2
12137 2
12139 2
12141 1
12145 1
12149 1
12154 0
12157 3
12158 2
12161 3
12167 1
12170 2
12173 0
12175 2
12176 1
12177 3
12181 1
12184 2
12189 0
12190 0
12191 0
12197 3
12202 2
12206 1
12209 2
12210 2
12212 1
12221 0
12222 2
12223 1
12235 0
12252 2
12258 2
12259 2
12262 2
12264 1
12265 1
12268 2
12270 2
12271 0
12272 2
12279 2
12284 0
12292 2
12300 2
12304 0
12305 1
12306 2
12310 2
12313 2
12314 2
12316 2
12323 3
12324 2
12325 0
12327 2
12330 1
12331 2
12333 1
12342 2
12344 2
12346 0
12348 1
12355 1
12356 0
12363 3
12364 3
12366 2
12370 2
12372 0
12376 2
12377 2
12384 1
12387 2
12389 2
12390 2
12392 1
12393 1
12399 2
12408 0
12412 2
12414 2
12415 0
12417 2
12422 2
12423 2
12426 0
12429 0
12430 1
12431 3
12433 2
12434 2
12435 2
12436 2
12440 2
12444 3
12462 2
12465 1
12466 1
12470 2
12476 2
12477 3
12478 0
12486 2
12487 0
12494 2
12495 2
12496 1
12502 2
12503 0
12504 0
12509 2
12511 0
12512 1
12521 2
12524 1
12533 2
12541 1
12551 2
12552 2
12554 3
12563 2
12567 1
12569 1
12571 1
12573 0
12574 3
12578 0
12584 2
12592 2
12594 1
12599 2
12600 1
12601 0
12609 3
12615 2
12620 3
12621 1
12622 1
12623 0
12624 2
12626 2
12632 1
12638 2
12639 0
12641 0
12643 1
12647 1
12648 2
12651 0
12652 2
12657 2
12658 2
12660 2
12663 2
12668 2
12674 3
12686 2
12695 3
12696 1
12698 2
12702 2
12703 3
12710 1
12711 2
12712 3
12713 2
12715 2
12717 1
12726 0
12727 1
12729 0
12730 1
12731 0
12732 1
12733 1
12737 1
12739 2
12744 0
12748 2
12752 0
12755 0
12757 2
12761 2
12763 2
12765 2
12767 3
12778 0
12780 1
12782 0
12783 1
12786 0
12788 2
12790 0
12792 1
12793 2
12795 0
12796 0
12799 0
12802 1
12803 1
12807 3
12811 2
12813 2
12820 2
12828 0
12841 1
12843 1
12847 2
12850 2
12852 2
12853 2
12856 2
12861 2
12862 2
12866 2
12868 2
12869 2
12870 1
12872 2
12873 1
12874 1
12896 0
12903 3
12906 2
12907 0
12916 1
12918 0
12919 1
12925 1
12928 1
12929 0
12930 2
12934 0
12938 0
12941 1
12943 2
12945 2
12946 1
12949 2
12951 0
12954 0
12957 1
12958 0
12960 2
12961 2
12963 1
12964 2
12966 3
12971 1
12972 2
12981 1
12983 2
12986 2
12988 1
12990 3
12994 1
12998 1
12999 1
13002 1
13004 2
13010 0
13014 2
13019 2
13023 2
13024 2
13027 0
13029 3
13030 2
13032 1
13037 1
13043 2
13045 1
13047 0
13051 2
13053 0
13054 1
13056 0
13057 2
13059 3
13060 0
13074 0
13077 2
13078 0
13080 1
13090 2
13092 1
13093 1
13096 2
13097 2
13102 1
13107 0
13108 0
13110 1
13112 1
13113 0
13125 1
13127 2
13128 1
13133 2
13136 2
13142 1
13143 0
13144 1
13145 1
13147 1
13148 2
13150 3
13153 2
13154 2
13156 0
13158 1
13159 3
13160 1
13164 2
13165 1
13168 2
13169 1
13178 0
13184 1
13191 0
13196 0
13201 2
13202 1
13204 2
13208 2
13210 2
13215 3
13222 3
13224 3
13225 2
13229 2
13230 2
13237 1
13244 2
13245 2
13248 1
13249 3
13256 1
13257 2
13259 2
13260 3
13261 2
13262 2
13266 1
13267 2
13270 3
13271 1
13272 0
13278 2
13280 1
13282 2
13283 2
13285 2
13286 3
13287 2
13289 2
13292 0
13293 1
13295 1
13296 1
13298 1
13301 2
13302 1
13303 2
13305 2
13307 1
13310 1
13311 2
13312 2
13313 2
13315 0
13317 0
13322 2
13324 2
13329 2
13332 2
13334 0
13337 2
13348 1
13350 0
13351 2
13352 0
13353 0
13354 1
13355 2
13356 2
13358 1
13360 2
13363 2
13366 0
13373 2
13376 3
13378 2
13379 0
13384 2
13387 1
13390 2
13394 0
13395 2
13407 0
13410 1
13413 2
13415 0
13418 1
13419 1
13420 3
13421 0
13428 3
13431 2
13437 1
13457 0
13458 0
13467 2
13477 2
13479 2
13481 2
13482 3
13484 0
13489 0
13496 2
13499 1
13500 0
13501 1
13503 2
13511 2
13512 1
13513 0
13514 2
13515 1
13516 1
13517 0
13518 2
13520 2
13521 0
13522 0
13523 1
13532 0
13533 1
13534 1
13539 1
13542 0
13545 3
13547 2
13549 2
13551 2
13563 2
13565 2
13569 2
13570 3
13571 2
13572 2
13577 1
13578 2
13580 2
13583 2
13586 0
13587 2
13589 0
13592 2
13599 0
13602 2
13603 0
13605 2
13607 2
13608 2
13610 1
13614 2
13616 2
13621 2
13624 1
13626 3
13627 2
13638 2
13640 1
13647 2
13650 3
13654 3
13656 1
13657 0
13659 1
13666 0
13676 0
13680 0
13685 1
13687 2
13695 2
13697 2
13698 1
13700 0
13704 2
13710 2
13718 2
13723 2
13724 3
13727 1
13732 2
13734 1
13741 2
13746 0
13750 2
13753 1
13754 2
13759 0
13762 1
13764 2
13769 0
13772 2
13780 1
13782 2
13786 0
13787 2
13789 3
13791 2
13814 3
13817 1
13818 3
13825 0
13827 0
13828 1
13830 0
13834 2
13836 2
13838 1
13843 0
13844 3
13845 1
13851 0
13864 2
13865 2
13867 2
13872 1
13873 2
13879 2
13892 3
13895 0
13896 0
13897 0
13899 0
13900 0
13915 3
13917 2
13919 3
13921 1
13925 0
13927 1
13928 1
13934 3
13941 0
13943 2
13951 3
13952 1
13954 1
13959 1
13969 2
13974 1
13978 2
13981 3
13986 2
13988 0
13989 0
13991 1
13993 2
13996 1
13997 0
14001 2
14004 3
14007 1
14011 3
14013 1
14022 2
14029 2
14031 0
14035 3
14036 1
14038 2
14064 0
14066 3
14068 0
14073 0
14077 3
14084 1
14085 3
14087 3
14091 0
14095 2
14098 2
14099 1
14100 0
14103 1
14121 3
14123 1
14127 2
14128 2
14130 1
14131 1
14133 2
14137 2
14138 1
14139 1
14140 2
14144 2
14145 2
14147 2
14168 1
14171 0
14172 1
14177 2
14180 1
14181 1
14189 0
14190 2
14191 2
14194 2
14197 3
14201 0
14208 0
14212 2
14218 0
14219 0
14221 0
14222 0
14224 1
14228 0
14233 0
14234 0
14239 0
14240 1
14241 2
14243 1
14254 2
14259 1
14261 0
14262 2
14265 2
14266 0
14268 2
14273 1
14274 2
14275 1
14277 2
14278 2
14280 0
14282 1
14283 1
14287 1
14296 2
14302 2
14304 0
14307 2
14312 2
14313 2
14314 2
14316 2
14317 0
14320 2
14322 2
14331 2
14334 0
14336 1
14337 1
14340 0
14346 1
14349 1
14351 3
14355 2
14357 2
14360 1
14362 1
14364 1
14365 3
14374 0
14375 0
14380 0
14382 2
14386 2
14389 2
14390 0
14391 0
14392 2
14393 2
14394 2
14401 0
14404 1
14408 2
14410 2
14412 2
14413 2
14417 0
14420 2
14430 3
14431 1
14432 3
14433 2
14437 2
14439 2
14449 2
14453 0
14455 0
14458 2
14463 1
14474 3
14482 2
14486 0
14488 3
14494 0
14501 0
14503 2
14504 2
14509 2
14510 2
14511 0
14512 1
14513 2
14529 0
14533 2
14538 2
14546 0
14552 2
14556 2
14561 3
14562 1
14563 1
14565 1
14566 3
14571 2
14572 0
14576 0
14579 0
14584 0
14586 2
14595 1
14596 1
14597 1
14600 2
14604 2
14608 2
14611 1
14623 0
14624 1
14625 2
14626 1
14627 2
14631 2
14632 2
14633 0
14635 0
14642 2
14648 0
14650 1
14651 2
14655 3
14663 2
14664 1
14666 2
14672 1
14673 2
14676 0
14680 2
14682 2
14690 2
14710 2
14716 1
14721 0
14722 2
14724 2
14725 0
14728 3
14731 2
14737 2
14738 3
14742 2
14743 2
14748 0
14751 2
14761 1
14773 0
14777 2
14779 2
14781 0
14787 0
14789 2
14791 2
14792 2
14793 1
14803 2
14804 2
14805 2
14807 2
14809 2
14811 2
14817 2
14823 3
14829 2
14830 2
14832 0
14834 1
14837 0
14843 3
14845 0
14847 0
14848 1
14849 2
14850 2
14851 2
14858 2
14860 2
14863 1
14864 2
14865 0
14868 2
14873 2
14874 2
14876 2
14877 2
14878 2
14879 2
14880 2
14881 1
14884 2
14886 1
14887 0
14888 2
14894 2
14896 0
14899 1
14903 2
14904 2
14908 1
14911 0
14913 2
14916 0
14920 0
14921 1
14924 1
14929 1
14934 2
14935 2
14936 0
14941 1
14945 1
14947 1
14951 2
14955 2
14957 1
14965 0
14967 0
14972 2
14973 2
14983 2
14984 0
14985 1
14987 3
14988 1
14989 0
14993 0
14996 2
15001 1
15004 2
15005 1
15008 2
15009 2
15011 0
15021 2
15022 2
15027 1
15034 2
15035 3
15039 2
15040 1
15042 2
15043 2
15046 1
15047 0
15051 2
15053 2
15055 2
15062 1
15066 2
15067 2
15068 2
15069 2
15070 2
15071 0
15072 0
15074 0
15075 2
15078 2
15079 3
15080 2
15083 0
15084 3
15085 2
15093 3
15094 2
15095 1
15102 1
15103 1
15105 1
15106 1
15107 1
15109 1
15111 3
15114 2
15115 3
15116 2
15117 2
15118 1
15119 0
15123 1
15124 3
15128 0
15132 1
15135 2
15138 0
15139 2
15140 0
15141 1
15143 2
15144 0
15145 0
15157 2
15160 1
15162 1
15165 0
15167 2
15172 2
15179 2
15180 1
15188 0
15189 0
15190 0
15194 2
15201 3
15202 2
15206 0
15209 1
15212 3
15213 0
15217 2
15220 2
15225 1
15227 3
15228 0
15229 2
15231 0
15236 0
15241 2
15244 0
15245 2
15250 3
15261 2
15264 2
15265 1
15266 1
15267 1
15276 2
15277 1
15278 3
15279 2
15284 1
15286 1
15287 2
15289 3
15296 2
15301 2
15304 2
15307 2
15308 1
15309 1
15310 1
15312 3
15316 1
15318 2
15321 1
15333 2
15342 0
15345 0
15350 0
15355 2
15358 2
15365 1
15374 0
15375 1
15376 3
15377 2
15384 0
15386 2
15404 0
15405 2
15406 2
15409 2
15411 0
15413 2
15414 3
15417 2
15424 0
15428 2
15430 1
15434 2
15436 1
15438 0
15439 1
15440 1
15457 2
15461 0
15467 0
15471 1
15473 0
15477 2
15478 2
15480 1
15488 3
15491 1
15493 2
15495 1
15496 0
15499 2
15500 2
15502 1
15503 2
15504 0
15505 0
15506 1
15509 1
15510 2
15513 0
15514 0
15518 0
15520 0
15521 2
15522 1
15525 2
15531 0
15532 3
15534 0
15535 3
15550 0
15552 1
15553 0
15555 1
15558 1
15560 0
15562 0
15565 1
15566 0
15572 1
15576 1
15578 0
15579 2
15582 0
15584 2
15588 1
15589 2
15593 0
15596 3
15600 2
15602 2
15606 2
15607 1
15614 0
15616 0
15617 2
15620 1
15628 3
15633 0
15634 0
15635 1
15636 2
15638 2
15639 1
15641 0
15645 3
15650 0
15652 1
15654 2
15657 2
15658 2
15661 1
15662 0
15664 1
15667 2
15668 1
15669 1
15670 3
15673 3
15674 2
15675 2
15676 0
15678 2
15679 0
15695 0
15699 1
15701 0
15704 0
15706 1
15707 1
15708 2
15710 3
15711 2
15713 2
15714 1
15716 0
15717 0
15718 0
15721 2
15722 2
15723 0
15724 0
15726 1
15727 0
15729 1
15734 2
15735 0
15741 1
15745 2
15746 0
15749 1
15750 0
15752 1
15756 1
15758 2
15761 2
15762 2
15764 0
15765 2
15766 1
15767 1
15768 1
15772 2
15775 0
15776 2
15778 0
15781 1
15782 1
15785 0
15786 0
15788 1
15790 0
15792 2
15794 1
15798 1
15802 3
15805 2
15810 0
15812 2
15816 2
15818 2
15820 1
15823 0
15825 0
15830 3
15834 1
15837 0
15840 1
15842 0
15844 2
15847 1
15850 2
15852 2
15855 1
15863 2
15866 1
15867 2
15868 2
15871 1
15877 0
15882 0
15883 0
15886 0
15892 1
15894 1
15895 0
15898 2
15899 1
15900 2
15902 1
15910 1
15911 3
15915 1
15919 0
15921 2
15925 2
15931 0
15940 0
15941 0
15953 1
15958 3
15959 1
15962 0
15963 2
15967 0
15974 1
15977 0
15978 3
15981 0
15983 2
15984 0
15986 1
15988 1
15993 1
15999 1
16000 2
16002 2
16006 1
16011 1
16015 1
16017 2
16026 2
16027 1
16033 3
16034 2
16035 3
16036 1
16037 1
16039 2
16040 2
16041 1
16043 2
16045 3
16046 0
16048 1
16049 1
16050 3
16051 0
16053 1
16054 1
16056 1
16057 1
16058 0
16061 1
16064 2
16066 1
16069 2
16073 1
16076 2
16079 2
16082 2
16087 2
16088 1
16090 1
16091 2
16092 2
16096 2
16104 0
16106 2
16108 2
16109 2
16110 2
16113 2
16115 2
16116 1
16117 2
16118 1
16120 1
16125 2
16127 3
16129 1
16131 1
16137 1
16138 2
16139 2
16140 3
16143 2
16144 0
16148 2
16150 2
16156 2
16157 2
16160 0
16164 1
16169 2
16173 3
16179 3
16184 2
16191 1
16192 0
16196 1
16198 0
16201 1
16203 0
16204 1
16207 0
16214 2
16217 2
16220 2
16224 2
16227 1
16232 0
16234 2
16238 3
16245 1
16250 2
16254 2
16261 1
16263 2
16264 3
16265 1
16266 2
16276 1
16277 2
16278 2
16279 0
16283 0
16285 0
16287 0
16288 1
16290 0
16291 2
16292 0
16294 3
16301 1
16304 2
16307 0
16319 0
16321 0
16325 0
16327 1
16330 3
16331 1
16332 2
16340 0
16341 0
16343 1
16344 2
16356 0
16358 2
16361 2
16366 0
16367 2
16372 1
16374 0
16376 2
16379 2
16380 0
16382 1
16384 0
16385 2
16386 2
16393 2
16396 1
16400 1
16407 0
16409 0
16412 0
16415 2
16418 0
16421 3
16425 0
16428 0
16430 2
16432 0
16433 2
16437 1
16438 3
16443 2
16445 2
16446 0
16451 0
16452 1
16454 3
16455 2
16456 2
16457 2
16459 2
16461 2
16466 1
16468 2
16469 1
16471 2
16477 2
16478 1
16481 1
16482 0
16484 1
16492 0
16505 0
16508 1
16509 1
16511 0
16515 2
16519 0
16522 1
16524 1
16525 0
16527 2
16528 1
16538 0
16543 2
16546 0
16548 0
16550 1
16555 3
16562 2
16569 0
16572 3
16581 1
16583 2
16586 2
16589 3
16590 3
16591 2
16594 2
16605 2
16608 0
16612 1
16614 0
16615 0
16618 2
16620 3
16623 3
16626 2
16632 2
16634 3
16636 2
16640 1
16645 1
16646 1
16657 1
16658 0
16669 0
16671 1
16672 0
16675 0
16679 1
16683 2
16689 1
16691 2
16693 1
16704 3
16719 2
16725 1
16726 0
16731 0
16732 1
16733 2
16734 1
16737 2
16740 0
16741 2
16742 1
16743 2
16745 0
16752 2
16753 2
16755 2
16758 3
16759 1
16761 1
16765 2
16768 2
16773 2
16774 1
16779 2
16784 2
16789 3
16792 0
16794 3
16799 1
16805 0
16807 1
16808 1
16811 2
16814 2
16815 2
16818 0
16819 2
16821 1
16823 0
16824 0
16833 2
16839 0
16841 2
16851 2
16854 2
16856 2
16860 0
16861 1
16865 0
16871 0
16872 1
16876 3
16878 0
16880 0
16884 1
16886 2
16889 2
16893 2
16896 1
16902 2
16904 3
16905 1
16908 1
16914 1
16923 2
16926 2
16929 2
16930 2
16934 1
16937 2
16938 0
16939 1
16946 2
16949 0
16950 2
16953 1
16956 1
16965 0
16973 0
16976 1
16977 0
16980 2
16986 0
16989 1
16990 2
16991 3
16994 2
16995 1
17002 1
17008 2
17012 3
17017 0
17021 0
17022 0
17027 2
17028 0
17036 2
17037 2
17043 0
17048 3
17049 1
17050 1
17052 2
17054 1
17055 2
17057 0
17061 2
17064 3
17065 0
17066 2
17068 3
17069 3
17073 2
17074 1
17075 0
17078 2
17085 0
17086 3
17090 3
17091 0
17093 1
17096 1
17097 2
17099 2
17104 0
17110 0
17111 2
17113 1
17118 2
17119 0
17121 2
17127 0
17131 1
17134 1
17135 2
17137 2
17138 1
17140 0
17142 0
17143 1
17144 3
17145 1
17151 2
17152 1
17154 0
17156 2
17157 0
17159 3
17161 2
17164 1
17168 2
17169 0
17173 1
17178 2
17180 2
17181 2
17182 1
17188 2
17189 3
17190 1
17194 2
17195 0
17197 0
17202 0
17206 1
17207 3
17211 1
17213 0
17218 1
17220 1
17226 0
17229 3
17233 2
17235 0
17236 3
17239 1
17242 2
17244 0
17245 1
17251 1
17252 2
17257 0
17260 2
17262 0
17265 2
17268 1
17273 2
17275 0
17276 0
17280 1
17284 0
17285 0
17287 1
17290 2
17292 1
17293 0
17296 3
17297 0
17302 2
17303 0
17304 2
17307 2
17310 1
17311 2
17313 2
17322 2
17323 0
17324 2
17327 1
17329 3
17330 3
17336 2
17339 1
17340 0
17345 0
17346 0
17347 0
17348 0
17349 0
17350 0
17356 2
17358 1
17359 0
17361 3
17364 2
17368 1
17371 0
17376 0
17379 2
17381 2
17391 0
17395 2
17399 2
17402 1
17403 1
17404 1
17407 2
17409 1
17411 1
17412 3
17414 0
17418 0
17421 1
17422 2
17431 3
17432 2
17435 3
17440 2
17441 2
17450 1
17455 0
17463 1
17468 1
17469 0
17470 0
17472 0
17474 2
17475 0
17476 0
17477 1
17480 2
17488 2
17492 1
17495 1
17500 2
17503 2
17504 2
17505 0
17506 2
17509 2
17510 2
17512 1
17522 0
17524 2
17527 0
17532 2
17533 3
17536 2
17537 0
17539 3
17541 1
17542 1
17544 2
17546 2
17548 1
17549 1
17550 2
17552 1
17553 2
17554 2
17555 3
17556 2
17558 1
17564 2
17570 2
17574 1
17575 1
17576 1
17577 1
17579 3
17581 1
17586 2
17587 0
17589 0
17590 2
17593 2
17595 2
17599 1
17602 0
17603 3
17604 0
17605 1
17607 2
17609 1
17610 2
17612 2
17613 0
17616 0
17620 0
17626 1
17628 2
17632 1
17633 3
17635 0
17636 1
17637 0
17639 1
17640 1
17641 1
17642 1
17645 0
17649 1
17650 1
17652 1
17654 3
17657 0
17659 2
17660 2
17662 2
17663 1
17664 0
17665 2
17666 2
17669 2
17670 0
17683 0
17687 1
17689 2
17690 1
17692 3
17695 2
17697 0
17698 0
17699 2
17700 1
17703 2
17710 2
17713 0
17714 3
17715 0
17719 1
17724 0
17725 0
17726 2
17727 1
17735 2
17737 2
17740 3
17743 2
17744 1
17748 1
17755 0
17756 0
17757 1
17759 1
17762 2
17765 1
17767 1
17777 0
17792 0
17795 1
17797 3
17819 2
17820 0
17822 3
17827 1
17828 3
17830 3
17839 0
17846 0
17849 2
17850 1
17851 1
17852 2
17862 1
17867 0
17872 0
17887 2
17889 0
17891 0
17895 0
17896 1
17900 2
17913 2
17917 1
17921 0
17924 0
17932 0
17934 2
17936 0
17941 1
17944 1
17945 2
17949 2
17952 2
17953 0
17955 2
17956 2
17968 0
17969 0
17972 0
17977 2
17979 2
17980 0
17985 2
17987 0
17989 1
17996 1
17997 3
17998 2
17999 0
18011 2
18012 3
18014 3
18015 2
18027 2
18028 1
18032 0
18036 2
18038 2
18042 3
18052 0
18055 2
18056 0
18057 2
18062 2
18066 1
18067 0
18076 0
18078 2
18079 2
18081 2
18082 0
18083 1
18088 2
18089 1
18091 2
18096 2
18098 2
18100 1
18110 1
18112 3
18121 1
18123 2
18126 0
18130 1
18133 2
18134 2
18135 2
18141 0
18142 1
18148 0
18150 2
18154 1
18155 1
18156 1
18157 2
18161 1
18162 0
18163 0
18166 0
18167 1
18169 1
18175 1
18183 0
18190 1
18191 2
18194 3
18195 1
18196 1
18197 0
18199 2
18201 1
18203 2
18207 2
18209 0
18216 2
18218 2
18221 2
18224 0
18225 2
18227 2
18230 0
18232 2
18233 2
18234 2
18236 3
18237 1
18241 0
18243 0
18247 2
18250 2
18251 2
18252 1
18254 2
18264 1
18269 2
18275 1
18279 1
18282 1
18284 1
18287 1
18290 0
18293 0
18298 2
18306 2
18309 1
18310 3
18312 1
18319 0
18320 0
18324 2
18326 0
18334 1
18337 0
18344 2
18348 1
18352 1
18355 3
18358 3
18361 3
18363 1
18366 2
18382 1
18383 2
18384 2
18387 2
18399 1
18400 0
18401 1
18402 0
18409 3
18414 3
18415 2
18419 1
18420 2
18421 3
18422 3
18424 1
18426 1
18432 1
18434 3
18437 0
18439 2
18443 2
18446 2
18455 2
18457 1
18461 0
18463 0
18468 0
18475 0
18483 2
18491 0
18499 1
18500 2
18502 3
18511 3
18517 0
18523 0
18530 0
18534 2
18538 2
18539 2
18541 0
18542 0
18543 0
18544 0
18564 0
18565 2
18567 3
18579 2
18580 2
18590 0
18594 2
18596 1
18597 3
18600 2
18604 2
18605 2
18609 0
18614 2
18615 1
18620 2
18626 3
18631 0
18632 2
18635 1
18636 2
18640 1
18641 2
18644 2
18649 0
18651 1
18654 0
18665 2
18681 2
18682 1
18688 1
18689 2
18690 1
18692 2
18701 2
18704 1
18706 2
18707 1
18708 2
18709 3
18714 1
18715 3
18723 1
18724 0
18725 1
18726 1
18746 2
18747 1
18748 2
18752 0
18753 0
18759 1
18771 2
18773 3
18779 0
18784 1
18790 0
18791 1
18792 2
18805 3
18806 2
18812 2
18814 2
18815 2
18817 2
18819 0
18820 2
18824 3
18833 0
18834 1
18835 0
18839 2
18840 2
18844 1
18851 3
18853 2
18861 2
