16384 0
8192 2
16386 2
10352 1
16393 2
16394 1
14239 0
16396 1
16399 2
8210 0
546 1
16404 3
16405 2
16406 0
3437 0
1964 2
8219 2
14731 2
16413 2
16414 2
16415 2
32 0
8226 2
9563 0
16421 3
16422 2
8231 2
5184 3
8233 1
16429 2
16430 2
17757 1
1307 0
8241 2
8242 1
8244 3
8247 1
16441 2
8250 1
16443 2
16445 2
16446 0
65 1
66 1
8259 2
16452 1
69 1
16454 3
16455 2
8264 0
73 2
74 0
75 2
76 2
16461 2
8270 0
79 3
8272 2
82 3
84 3
16469 1
8278 2
8279 2
14185 1
90 1
8283 1
16477 2
2458 0
1381 2
12551 2
16482 0
16484 1
16485 0
8295 2
8297 2
106 1
17767 1
16492 0
16494 0
6845 0
8304 0
113 2
3277 0
116 3
119 1
8312 1
8313 2
122 3
16509 1
126 2
8213 1
8320 0
16513 1
133 2
134 0
16519 0
136 0
16521 0
16522 1
8331 2
16524 1
16527 2
144 2
145 2
8338 2
6851 1
148 1
150 2
151 1
8344 1
154 0
8347 3
16540 2
157 0
158 3
8351 1
16544 3
16545 2
8354 1
8355 0
8356 3
16549 2
8358 0
16412 0
170 0
16555 3
172 0
8365 1
8366 1
8368 1
177 1
178 0
8371 2
16564 1
8375 0
8376 3
187 1
16572 3
14022 2
8383 2
8385 0
16580 0
16581 1
198 0
16583 2
200 0
201 1
202 2
14392 2
8397 2
206 3
16592 1
209 2
8402 2
8403 3
212 0
16598 2
8407 2
4132 0
13919 3
6863 0
220 2
16605 2
8415 1
8416 0
8419 0
16612 1
229 3
16614 0
16615 0
232 1
8425 3
8426 2
16619 0
16620 3
8430 2
16623 3
8432 1
16625 0
8434 0
8435 3
16628 0
8737 2
246 0
16631 0
16632 2
249 2
9599 0
16636 2
254 0
8447 0
16640 1
8449 2
16644 2
261 2
16646 1
263 2
16648 0
16650 0
8460 2
269 0
8462 0
271 2
13699 0
8468 0
884 1
280 3
8474 3
283 3
284 1
8479 0
16672 0
289 2
16675 0
1414 2
8486 2
16433 2
8488 2
15068 2
299 1
16684 2
10973 2
8496 2
8497 1
8498 3
16691 2
6878 0
310 2
17801 2
111 3
16697 2
8506 1
315 1
18014 3
16701 2
319 2
320 3
16705 1
8514 1
16707 0
324 1
12342 2
6881 2
16713 0
16714 0
16439 1
332 2
333 0
16718 1
16719 2
16720 2
16721 1
16722 2
15075 2
340 1
8533 3
8249 2
344 2
1648 1
16730 0
8539 1
16732 1
16733 2
16734 1
8543 3
1386 3
353 2
8546 2
357 0
358 1
359 3
8553 2
362 1
6887 1
8561 0
16260 1
371 0
8564 2
373 2
374 2
16759 1
376 2
377 0
378 3
8571 0
16764 3
16765 2
383 0
384 1
8578 2
387 0
8580 0
5526 0
390 1
16449 2
16776 0
8585 1
394 2
396 1
8786 1
400 0
8593 0
8594 1
16789 3
16790 1
8599 0
16792 0
8601 2
410 2
16796 3
17818 2
416 0
8609 2
8610 1
8611 2
420 1
8613 2
12987 1
423 2
424 0
427 2
8621 0
16814 2
287 2
16456 2
16818 0
435 1
438 0
8631 1
8632 2
16825 1
722 0
16827 2
444 2
16829 1
446 2
448 3
9632 1
8642 0
16835 0
8644 2
15094 2
16838 2
455 1
16841 2
8650 1
461 2
8654 0
4173 2
464 2
16849 0
8658 0
16851 2
16852 1
16854 2
16856 2
17828 3
16858 0
16463 0
16860 0
8672 0
481 1
16866 1
8675 2
13734 1
16870 2
16871 0
16876 3
16466 1
8686 3
9878 3
8691 2
500 2
6910 2
16886 2
8695 3
504 3
8276 1
16891 3
508 0
509 3
8702 2
8704 0
16897 2
8746 2
18839 2
8709 1
16902 2
15279 2
522 3
8715 0
16908 1
16909 1
5347 2
658 0
528 2
8721 2
16914 1
16930 2
533 0
8726 2
535 0
8728 2
538 0
16923 2
8732 1
16925 2
16926 2
16928 2
16929 2
8738 0
8739 3
548 1
551 1
8744 2
16937 2
16938 0
16939 1
16940 2
16941 0
559 0
2824 2
16946 2
8755 0
564 1
565 1
8758 2
8759 1
9095 2
8761 1
8762 1
8763 0
16956 1
573 1
574 0
8767 0
577 1
16965 0
16966 2
583 1
8776 1
8777 0
12243 2
8780 1
16973 0
8782 0
10658 2
16976 1
16977 0
2903 2
12387 2
8788 2
9657 0
8794 1
603 1
8796 0
5562 1
606 0
16991 3
16992 2
16993 2
11477 2
17851 1
8804 1
8805 2
8806 0
8807 2
617 0
618 1
8811 1
620 3
621 2
8814 2
8816 0
8817 1
6931 2
17012 3
629 1
630 0
632 0
634 0
13759 0
636 2
17021 0
17022 0
17023 1
641 0
16491 3
17028 0
8837 0
17030 1
17031 2
8841 2
8842 2
651 0
17036 2
8845 0
654 0
657 3
17042 2
9667 3
661 1
663 2
664 0
17049 1
666 0
8303 2
8860 1
669 2
8862 2
17055 2
8865 3
674 0
676 2
17061 2
17062 0
679 0
680 0
681 3
17066 2
8875 2
114 0
8881 2
17074 1
17076 1
2846 2
17078 2
17079 2
8697 0
17084 1
17087 0
339 3
17089 0
8898 1
11134 1
8902 2
17095 0
8904 1
8905 2
8906 2
17099 2
6946 2
8911 1
721 0
8914 2
8917 1
17110 0
8919 2
8921 2
730 2
17115 2
732 1
733 1
17118 2
17119 0
8929 2
17797 3
8932 0
17125 2
742 0
313 1
744 2
745 1
746 2
17131 1
17133 0
17134 1
751 3
17136 0
754 2
5587 1
757 2
17142 0
605 3
8952 2
15301 2
17147 0
10391 1
17151 2
17153 0
17154 0
771 1
8964 2
773 2
8967 1
17160 0
17162 0
779 0
780 2
8974 2
8975 2
17168 2
785 2
786 0
787 2
788 2
17173 1
790 2
17175 3
794 2
17179 1
17181 2
8990 2
16517 1
17184 1
9821 2
8995 2
17188 2
17189 3
17191 0
9003 2
17196 1
814 2
9011 2
1343 2
9015 0
15132 1
9018 2
9019 1
8330 2
9022 3
17215 0
832 2
17217 2
17218 1
17219 1
17220 1
837 0
8719 3
2210 2
17225 0
9034 0
844 2
17229 3
846 0
4237 0
17233 2
17759 1
17235 0
852 2
9045 2
17238 1
856 0
17241 1
858 1
860 3
861 2
862 0
9055 0
17248 1
9058 3
9059 0
8485 2
17409 1
871 0
873 1
17260 2
17262 0
879 2
17265 2
883 1
17268 1
17269 1
9705 0
888 2
18070 0
9082 2
17276 0
9086 1
895 1
17280 1
17281 0
898 2
9091 3
900 1
17285 0
903 0
9098 2
17291 2
17292 1
2882 2
910 1
17295 0
17296 3
17297 0
17299 0
17300 1
9110 2
9111 2
17304 2
17308 2
926 3
17311 2
17313 2
930 0
16539 0
9124 1
934 0
17319 0
936 3
9129 2
938 1
17324 2
17325 1
9135 1
9136 2
9137 2
9138 0
9139 2
13153 2
9142 0
9143 1
952 1
953 2
17339 1
17341 0
17342 2
9151 0
17344 0
961 1
9155 2
9157 3
9158 3
8353 1
9232 2
9162 1
15308 1
16546 0
11354 2
9169 0
163 2
17367 1
17368 1
9177 1
17372 3
13744 1
17376 0
9186 2
17379 2
552 1
16550 1
9190 0
11089 2
1002 0
5353 3
17391 0
9201 0
1010 1
17395 2
17396 2
13822 1
12457 2
9209 1
17402 1
1019 0
17404 1
1022 2
9215 0
9216 0
1025 2
9218 2
1028 1
9221 1
1031 3
9224 1
1034 2
1035 2
9228 2
9229 1
1038 0
9231 2
17424 1
17426 2
9236 1
1045 1
7001 0
9240 0
17434 0
17435 3
9247 0
17440 2
9249 0
17442 3
5218 0
9256 1
9257 0
17450 1
1067 2
9262 2
1071 1
9264 1
9265 1
9269 2
9270 2
17463 1
1080 1
9274 2
17468 1
1085 0
17472 0
1089 3
17474 2
17475 0
17476 0
9286 0
9287 0
17480 2
1098 2
183 2
15202 2
17488 2
9299 3
9301 0
1111 2
17496 3
17499 2
9308 1
37 0
2917 0
9312 2
9314 0
9316 0
17509 2
9318 0
18041 0
17512 1
17513 2
9322 1
9323 0
17516 2
9325 0
1135 2
7130 0
1137 0
1138 2
12313 2
1141 1
9338 2
191 0
17532 2
17533 3
1151 1
17536 2
17029 0
9346 2
1156 3
17541 1
17542 1
12481 0
17544 2
9353 0
1163 2
9356 3
9357 1
17550 2
15213 0
17552 1
17553 2
17554 2
17555 3
17556 2
1173 2
1174 2
17559 2
17560 1
1177 2
17563 2
1180 1
1181 3
197 2
17568 0
16679 1
17570 2
9379 1
17572 2
17574 1
17575 1
1192 2
17948 2
8391 2
8955 1
9389 0
17582 0
1200 0
8392 2
9397 2
8769 1
8393 2
17592 3
17593 2
9402 2
1211 3
15316 1
12490 3
17600 1
1217 2
1218 2
9411 2
9412 1
17605 1
9414 0
9415 1
17609 1
9418 1
15223 0
17612 2
17613 0
12316 2
17616 0
9425 1
9427 2
17620 0
16590 3
1239 0
1240 0
9433 2
1242 3
12556 0
17628 2
16681 1
17632 1
1249 0
1250 0
17635 0
1252 1
17638 0
17639 1
17640 1
1257 0
17642 1
17645 0
9455 1
1264 3
17649 1
17650 1
17652 1
9461 2
17654 3
9463 2
1272 3
1273 2
17659 2
1276 0
17662 2
17663 1
588 1
9473 1
17666 2
17667 3
9476 2
9477 2
17670 0
9479 2
1288 2
1290 1
9484 1
1293 3
1294 2
1295 1
17682 0
9491 0
9492 2
1301 2
9494 1
17687 1
1304 2
17689 2
17967 1
17692 3
218 3
9503 2
1313 3
1314 1
9507 0
17700 1
1321 2
17707 2
1324 2
17710 2
17713 0
1330 0
1331 1
9046 1
17719 1
1338 1
17723 1
9532 3
17725 0
17726 2
17727 1
17728 0
17729 1
7137 0
1351 2
17737 2
1355 1
9548 0
9555 1
12866 2
15246 0
1366 0
17753 0
9562 2
17755 0
17756 0
1373 3
1375 2
9569 2
17762 2
17764 2
230 0
17045 0
1383 2
17768 2
17769 0
9578 1
9579 2
9580 1
1410 2
1391 0
9584 0
9585 0
17779 2
17781 3
9590 2
9591 0
9592 1
17785 0
9594 2
9596 0
9597 2
1407 2
1408 0
9601 2
17794 1
9604 2
9605 1
9606 1
1415 2
17800 2
8428 0
9610 2
9611 2
1423 2
9616 0
1425 2
1426 0
1603 2
17813 1
9623 2
9796 0
9626 2
1436 1
1437 3
17822 3
1605 0
1440 2
17825 1
9634 1
1444 2
9637 1
9638 3
9639 2
9642 0
17835 2
9645 2
6595 0
9648 2
17992 2
1458 2
9651 1
1460 3
1461 2
17846 0
13897 0
9656 1
1465 2
1467 0
17852 2
1471 1
1473 1
1474 2
1475 1
9668 1
9669 2
10142 2
9672 1
1612 3
1482 1
9676 2
9677 1
9678 3
1613 2
1488 1
9682 1
17875 0
9685 2
1494 3
17879 0
1496 1
9690 2
9691 3
9693 1
9694 0
13689 0
9808 2
10143 1
7078 3
9702 2
17895 0
17896 1
8444 0
9707 1
2213 1
9711 0
17236 3
8507 2
9722 2
9724 1
9726 2
1538 2
16418 0
17924 0
17925 0
9736 1
1546 0
1547 2
1550 3
7085 0
1553 1
1554 2
15278 3
9817 2
17944 1
1561 2
1562 0
17947 1
1564 1
8453 3
17952 2
9761 1
9762 3
17956 2
17957 0
17958 2
17959 2
9768 2
17961 0
9770 1
8455 0
17964 0
9773 2
1583 2
17969 0
9600 1
2995 2
9781 1
9782 2
1591 1
9784 2
17977 2
9786 0
17979 2
1596 2
17983 3
9792 2
17985 2
1602 3
17987 0
6600 0
17989 1
1608 1
9801 2
1610 1
17996 1
8237 2
1614 1
17999 0
18000 0
18001 2
9811 0
9812 0
13641 2
1622 2
11193 0
18008 1
9828 1
12559 1
9820 0
18013 0
1630 1
18015 2
9826 2
1636 0
9829 2
18022 1
9832 0
1641 2
1643 1
18028 1
12562 3
9838 1
18032 0
1640 2
12563 2
1652 2
1653 2
18038 2
1655 2
9849 0
15295 2
9852 0
1661 1
1662 2
1663 2
611 1
9857 0
1666 2
13772 2
18052 0
1671 1
18056 0
18057 2
1674 2
1975 1
1677 0
18062 2
3962 0
9873 2
18066 1
9876 0
1646 0
1686 2
9882 1
5743 1
18076 0
16666 1
1694 2
18079 2
3821 2
18081 2
12571 1
9892 0
1701 2
1702 2
1703 1
9899 1
9900 2
1709 0
14787 0
1711 2
17591 1
18098 2
1716 1
9910 0
1719 2
18104 0
1721 2
15333 2
1725 2
18110 1
18111 1
9886 0
1729 1
9922 1
1734 1
16673 1
9929 2
1738 2
18123 2
1740 0
7640 3
18126 0
1048 3
1746 2
8483 0
1748 0
18133 2
1750 1
1751 2
18138 2
1756 0
18141 0
18142 1
293 0
1760 0
1763 0
1764 2
1765 1
9958 0
17244 0
1769 2
18155 1
18156 1
18157 2
9967 1
296 0
7123 2
18164 1
9854 1
18167 1
1785 2
1786 1
7970 1
9981 2
1790 2
18175 1
18178 1
15318 2
17245 1
1800 0
18186 2
15319 0
18050 3
208 2
9999 2
10003 1
18197 0
12881 0
18199 2
18200 2
10009 0
10011 1
18204 2
3034 2
10014 1
18207 2
16688 2
3334 1
1827 2
1828 2
18214 2
305 2
18216 2
18217 0
18218 2
1835 1
1836 1
18221 2
1838 2
1839 2
18224 0
18225 2
10036 2
10037 2
10038 2
9865 3
1848 3
18233 2
18234 2
10043 1
1852 1
10046 2
12597 1
10048 2
1858 1
18059 1
1861 0
1862 3
18247 2
10056 2
10057 0
18250 2
10059 2
1868 3
1872 0
10071 1
1880 1
1881 0
1882 0
17143 1
18271 0
1888 2
1889 2
18274 3
18275 1
10084 1
18277 0
12233 0
18279 1
10088 1
10089 2
10090 0
11239 2
18284 1
17525 1
18287 1
3048 3
10099 2
5519 1
1909 0
1911 0
10104 1
10105 0
1917 0
1918 2
1920 2
1921 2
18306 2
1924 2
3423 1
10119 1
18312 1
18316 1
10126 3
10127 1
18321 2
18324 2
1944 0
12612 3
18281 0
18334 1
8517 1
18337 0
6505 0
18340 2
4422 2
1958 0
18344 2
1961 2
1962 3
10155 2
18348 1
1965 2
1970 0
18355 3
10164 2
1973 0
18358 3
4425 2
18361 3
919 0
1695 2
18615 1
18366 2
18367 0
1987 1
18372 1
6922 1
1990 3
18375 1
18376 2
8524 2
10186 2
3063 0
10189 1
10190 0
18383 2
18384 2
18385 1
2002 0
2005 1
2006 1
10200 2
18084 0
9887 3
18397 1
18399 1
18401 1
18404 2
5798 2
10214 0
2024 2
2028 0
338 1
18414 3
16980 2
10226 1
18419 1
18420 2
18421 3
18422 3
18424 1
10233 1
18426 1
2043 1
18428 2
8797 3
2047 2
3887 2
18434 3
5803 1
2052 2
18437 0
10248 2
1708 3
18442 1
9343 2
2061 3
10254 2
10257 2
10260 1
2069 3
6724 2
2072 2
2075 0
2524 1
2077 2
10270 3
10271 0
18464 0
1712 1
2083 2
18468 0
2086 0
18471 2
18472 0
18475 0
2093 0
10287 2
10288 1
2098 2
18483 2
10292 3
2101 1
10294 1
10295 0
5812 0
2525 1
18491 0
10301 2
18496 0
10305 2
10306 1
2116 2
18502 3
10311 2
18504 1
2121 0
10315 0
10316 2
10317 1
2126 0
2127 0
2128 1
10322 0
18515 2
10324 1
10325 1
18519 3
10328 2
18521 0
2138 2
10331 0
10332 1
10335 2
10337 2
2146 3
18534 2
10344 1
16743 2
18540 0
18541 0
18542 0
10351 2
18544 0
18547 0
2164 2
72 1
17254 1
2171 0
2173 1
10366 2
2176 2
14257 1
12279 2
10371 2
10372 1
18567 3
18568 0
18569 1
10379 2
18572 0
18114 2
10382 2
12348 1
10384 0
9893 3
2194 3
18579 2
2196 0
10390 0
2199 2
18584 1
2201 2
18589 1
2206 0
2207 1
5529 1
10401 2
18594 2
2211 0
10404 2
18597 3
18598 2
18600 2
18603 0
10412 2
10413 0
2223 2
7132 0
10419 0
18614 2
2231 2
18616 1
10426 1
2235 2
2236 2
18122 1
8565 3
9349 2
18626 3
10435 2
8258 0
18629 2
18631 0
18632 2
18633 0
18637 1
2254 2
10448 3
15236 0
2259 1
18644 2
14030 2
16761 1
18649 0
18651 1
10461 2
10462 0
10463 2
10464 1
2273 1
10467 2
18662 2
18663 3
18664 0
18666 2
10475 1
18669 1
2288 2
18673 0
10483 0
18676 2
2938 2
10486 2
14261 0
18682 1
8144 1
10493 0
18689 2
10498 2
3115 3
2309 2
18694 2
18696 3
2313 1
10510 0
18704 1
18706 2
18708 2
10517 1
10518 2
5849 0
18714 1
10523 2
10525 0
18718 1
10527 3
10528 3
2338 2
18724 0
10533 2
2343 1
10537 2
8583 3
12626 2
18734 2
10543 2
9080 0
1758 3
2358 1
18746 2
18747 1
18748 2
15413 2
2368 1
10561 2
18754 2
10563 2
10564 2
10565 2
10568 1
2377 0
10573 1
2382 0
10575 1
2385 2
18771 2
2388 2
18773 3
10583 2
18776 3
2393 3
10589 2
2398 1
2399 1
10592 2
18785 3
18150 2
18790 0
10599 0
2409 2
18794 0
10604 3
2413 2
10607 1
2417 1
10611 0
10612 2
2421 1
18806 2
18807 2
2424 3
12083 2
2426 1
10619 0
10620 0
18813 1
14811 2
405 0
2434 2
18819 0
10628 2
18821 2
2438 2
10632 1
2441 2
9845 1
2443 0
11330 1
18830 0
1773 1
18833 0
3082 2
7235 2
2452 2
18838 0
2455 2
15903 2
18841 2
10650 2
10993 3
8602 1
2463 3
2466 0
10660 2
18853 2
5873 1
2472 2
8604 2
2475 1
10670 1
2479 0
10672 2
2482 2
14067 0
10676 0
2485 0
2487 2
2491 0
2493 0
2494 0
18165 0
2496 1
8608 1
2498 2
2500 2
2501 1
2503 0
10696 2
10449 2
10701 2
10702 2
2512 0
11146 3
4515 2
2516 2
2517 0
16804 3
10714 1
10716 1
9978 2
2527 1
2528 0
10722 2
10724 0
4518 1
2534 1
2535 2
16724 2
16807 1
2540 1
10733 0
10734 1
10735 3
4520 0
2546 2
2547 1
10740 1
10741 1
10742 2
2551 0
10744 3
10745 0
2555 1
10748 2
10749 1
2558 1
10753 2
16811 2
2565 0
10759 3
15034 2
10761 0
2571 1
2578 1
10771 1
10773 1
10774 1
2583 3
10776 1
10778 0
2587 1
2589 0
2590 2
10783 3
10785 2
2594 2
2595 2
10789 2
2599 2
2602 3
2603 2
10796 2
434 1
2606 3
10799 1
10800 0
2269 0
2611 1
3633 1
2615 2
10809 1
4341 1
10812 1
10814 1
10817 1
2626 0
2627 2
10820 3
18091 2
2630 1
10824 0
10825 0
2634 2
16823 0
10831 2
2640 2
16824 0
10835 0
2646 2
12729 0
2648 3
16616 1
2650 1
10845 2
2654 2
2655 2
15566 0
2657 0
14093 1
4539 1
10852 2
10854 0
17001 0
18365 1
10860 1
10862 0
10863 0
10864 2
10865 1
9982 1
10867 1
8638 1
10870 2
345 3
10878 2
10880 2
10881 2
9364 2
10884 0
17002 1
1815 2
10893 1
10895 1
2707 0
10900 1
10901 2
14002 0
16836 1
2714 0
2715 2
10908 0
10911 2
10913 3
2722 1
1819 0
10916 2
454 2
10919 0
2731 3
18640 1
2733 2
8747 2
8424 2
12744 0
2739 2
2741 2
2742 2
12745 2
2744 0
16731 0
1823 2
2748 3
11821 1
10942 0
2751 0
2752 0
2754 2
2757 0
2759 2
2762 2
2764 3
2769 0
462 3
2778 2
2779 2
1164 1
638 0
10974 3
2783 3
16848 2
2788 0
2791 2
2794 3
2797 3
2798 0
10991 1
2801 2
10994 1
2804 2
15486 2
2807 3
11002 3
11003 0
11004 2
5930 2
2814 0
1299 1
10522 1
10027 2
470 1
11015 2
11016 0
2825 2
2826 2
11020 2
6368 2
2834 1
2839 2
2840 0
11034 2
11035 0
11038 2
3205 1
3873 0
1840 2
11042 2
2851 1
2852 1
11045 2
2854 1
1841 2
2856 2
2857 1
11053 2
11055 2
11056 0
2865 3
11058 2
2867 1
6915 1
11065 2
2874 0
2879 2
2880 2
11074 2
2883 0
2884 0
1187 2
11078 2
16865 0
11082 2
1847 0
2892 2
2893 0
11087 2
18232 2
11090 0
12771 1
11093 0
11094 1
1849 0
2904 1
11097 1
15503 2
2909 1
2910 1
2911 2
12372 0
11107 1
11109 2
11112 1
2925 2
11118 0
2927 2
11120 0
2930 0
643 2
11125 1
11126 1
11128 2
17641 1
13464 3
10047 1
11132 2
2941 3
2942 2
2944 2
13737 2
17351 1
11140 1
11142 1
2951 2
2952 2
8684 1
9100 2
11152 2
2963 3
11156 2
11159 3
11164 0
2973 2
10053 1
2977 0
11171 2
2980 0
18246 2
11174 0
2985 2
10055 2
2988 0
2991 2
2992 2
3377 2
11187 0
3000 2
3001 2
11194 2
11196 0
1866 2
15103 1
11202 0
11203 1
3012 2
3014 0
3016 1
3021 2
11214 2
11215 1
11218 1
11220 1
505 3
11224 2
11225 0
11226 2
14243 1
11229 2
11230 2
11231 0
3040 2
3042 2
11236 1
11238 2
3047 0
11240 3
3049 2
3050 0
9376 0
3052 1
17014 1
12797 1
3056 2
3057 0
3058 1
3060 1
7337 0
3064 1
3065 1
9333 3
4607 1
3070 2
3072 0
3074 1
11267 2
3079 2
11273 3
11274 2
14167 0
18264 1
2285 2
11438 2
3094 2
11289 0
3099 0
3102 2
11295 2
11299 1
3110 2
13197 0
11305 2
3114 3
11307 2
3117 3
11312 2
3122 3
3123 3
11245 3
11321 1
16471 2
1468 2
3132 1
10080 2
17315 1
523 0
4658 2
11333 0
11334 2
11335 2
524 2
3149 3
17290 2
525 0
11344 2
3154 3
10083 2
11348 1
11349 0
11350 1
11351 0
5988 0
3162 1
12815 3
11356 2
3169 3
11362 3
11364 1
11366 0
3175 3
11371 2
530 2
3182 3
3183 2
14233 0
12819 1
3188 2
3191 2
17837 1
3197 0
3198 0
11391 0
11393 2
11397 2
11398 2
1900 2
8727 0
3212 1
11458 2
3215 2
11408 2
11409 1
3267 0
5998 3
11414 1
17838 3
5999 2
11421 2
3230 1
3231 1
11424 3
11425 2
11426 3
9673 1
3236 0
3237 1
11430 0
11431 2
3242 3
11463 1
3246 2
2563 2
11441 3
3250 2
11444 2
3253 1
3256 3
3258 2
11451 1
3261 1
11454 0
3263 2
3264 0
11457 2
3266 0
3275 1
3268 2
11461 1
3270 1
545 2
11465 3
3274 1
11467 1
11469 2
3279 2
3280 2
11473 1
547 1
3285 1
11478 3
1913 2
3288 2
13879 2
11484 1
3294 0
11487 0
3296 0
3305 1
3306 0
12839 0
15475 0
11502 2
11503 0
11504 3
12840 1
11506 1
3319 1
3320 2
7380 0
11514 2
3323 2
554 2
11519 0
3329 0
3330 1
11523 1
3286 1
16205 3
18305 0
11529 2
11531 1
11532 2
6060 0
3347 0
11540 2
3353 1
3354 2
3357 1
3358 0
3359 3
11553 2
11554 1
3363 1
6022 2
6386 1
3370 1
1927 3
3373 3
3375 2
2641 1
3378 1
3380 1
15661 1
3382 0
6025 2
11577 1
3386 3
11579 2
11581 2
8757 2
11584 3
11586 0
11588 1
17571 1
3399 0
1932 0
1477 1
567 2
897 1
3406 1
11599 1
3410 2
11603 3
3412 2
3414 0
3415 1
3416 0
18319 0
3422 1
11615 1
17935 1
16955 0
11620 1
11622 0
3431 1
3434 1
3435 3
11629 0
3440 1
11633 0
11634 2
11636 1
3446 2
11640 2
11641 2
575 1
3452 0
3455 3
3456 0
11649 2
11652 2
11653 0
11654 0
3463 2
3466 2
9352 1
11661 2
3470 1
11666 2
3389 2
3479 2
3480 2
11674 0
7407 2
3485 1
11678 0
581 1
3489 3
11684 2
3495 2
389 1
11690 0
8775 0
3501 1
3503 2
3504 2
11698 3
15603 1
3509 2
11703 1
3512 1
12392 1
6047 2
3516 3
3517 1
3520 2
3521 2
11715 0
11717 2
1660 1
3529 0
15607 1
11724 2
12877 2
16663 2
11731 2
11732 0
11733 3
7483 0
11738 1
11739 1
11740 1
11741 1
11742 0
10149 1
11744 2
17849 2
11746 2
11747 2
11748 0
3557 2
11751 1
11755 1
3564 3
11757 3
3566 1
11760 2
3572 1
3573 0
11766 0
11769 1
10032 1
3579 1
11773 2
11774 1
8889 2
3584 1
3585 2
392 1
11779 0
3588 0
3589 1
11785 0
11791 3
3601 3
11756 0
11795 3
3605 1
3606 3
11800 2
11802 0
1115 1
11806 2
11808 1
16760 0
8795 3
3621 2
11815 1
10163 2
11818 0
6066 3
11822 0
11823 1
11824 1
11825 2
11826 2
11827 0
11828 1
3637 2
11831 1
11833 1
5373 1
3644 1
11839 3
11840 0
8800 1
3653 2
4705 1
11849 0
3658 2
11851 1
16994 2
11854 0
11855 0
11857 0
3666 0
8803 0
3669 0
3671 2
11864 2
3674 2
3675 1
3677 2
11870 3
3679 2
15632 2
11874 1
18363 1
3685 2
11878 1
3688 1
3689 1
4711 1
11884 2
7442 2
3694 1
11887 2
3696 0
17581 1
3702 2
3703 2
11897 0
4714 1
11902 2
9398 1
11904 1
11905 3
11913 1
11914 1
11915 0
11919 3
11920 0
3730 2
11923 3
11924 3
12910 2
1988 2
3738 1
3740 0
670 2
14277 2
624 2
3747 1
3748 3
11941 2
4721 2
3752 3
1991 2
7453 1
11952 2
1992 2
11957 0
10185 0
7390 0
3769 2
3770 2
11963 2
3777 2
3778 0
3779 1
4763 2
3781 1
3784 2
3786 0
15129 1
3789 0
1997 3
3792 0
12920 1
3795 3
18382 1
3798 2
3800 2
11997 0
7461 1
3809 0
3811 2
3812 3
3813 0
12006 0
3815 1
3816 2
12924 2
12013 2
5590 3
12925 1
8830 0
3369 2
3834 2
8831 0
12032 2
4736 2
12037 2
1219 0
16495 1
6888 3
11565 1
8835 1
3129 3
10201 1
12060 2
6106 0
5754 2
18678 0
12066 0
3876 2
12069 1
8858 2
3879 2
3880 0
3881 0
12074 2
12076 2
12077 2
12079 3
3889 2
12082 0
15667 2
12089 1
3901 0
12097 1
12098 1
14265 2
12100 2
12102 0
12103 3
2099 2
12940 0
12106 2
12110 2
18134 2
3921 2
12114 0
6115 3
3925 3
10212 0
4751 0
12126 2
10213 2
12128 1
3387 1
12132 0
13535 2
17041 1
12136 2
12138 1
3947 0
4754 2
3950 0
15677 1
12145 1
3958 2
12154 0
7487 1
3965 2
12158 2
3967 3
3968 3
3392 1
3970 3
3971 1
12165 1
3974 3
7489 2
10220 0
12170 2
8855 1
12172 1
3983 2
3984 1
3985 2
12181 1
12183 2
12184 2
3396 0
12187 2
12188 2
3997 2
3998 0
3999 0
4001 1
8810 2
17048 3
12197 3
4006 2
12202 2
4011 2
12206 1
12957 1
4016 1
12209 2
2035 2
12212 1
4766 1
15957 0
4024 1
1225 2
4027 0
4029 2
4030 1
4033 2
4037 3
12230 1
4039 2
12232 2
13884 2
12235 0
4049 1
4050 1
12963 1
12244 2
4053 1
3681 1
1226 1
12249 1
4058 2
4059 3
6409 1
4061 0
12257 0
4066 1
12259 2
4069 3
12262 2
15697 0
12264 1
12265 1
4074 1
8319 0
12268 2
12269 3
12270 2
4079 0
12272 2
12274 0
3411 0
12278 1
4087 0
4089 1
14335 2
12286 1
17067 1
4103 2
12972 2
12139 2
12300 2
12304 0
15704 0
12306 2
18435 1
12308 2
4118 2
12312 0
18436 2
12314 2
4124 2
4126 0
12319 2
4131 0
12324 2
12327 2
4137 2
4138 3
12331 2
4140 0
4142 0
4143 0
11614 1
138 2
12343 1
12344 2
12346 0
7519 3
4156 0
17077 3
12354 2
18443 2
4164 0
12141 1
4169 3
4248 0
7522 2
12366 2
4176 3
4177 2
11619 1
4180 0
18446 2
12375 1
412 0
12379 1
12380 0
4189 0
12382 3
7525 3
4192 2
4195 1
3430 3
12390 2
2065 0
4200 3
4201 2
4202 1
4203 1
4205 2
12402 1
12403 2
12405 2
4214 0
12408 0
4217 3
12410 2
4220 2
4221 2
3141 2
10261 2
4225 2
5195 2
4227 2
4230 0
16586 2
12424 2
12426 0
9771 1
12429 0
4238 0
12431 3
12432 2
12433 2
4245 2
16781 0
4249 1
7535 0
4252 0
12445 2
18850 1
4255 0
12448 1
12451 1
17094 1
4262 2
14364 1
13781 1
12999 1
7538 3
4270 0
10269 0
13000 2
12466 1
4276 2
17097 2
714 1
8326 2
6176 1
11638 2
12486 2
12487 0
4297 0
4298 0
4299 3
12492 2
4301 1
4302 1
717 0
12496 1
4305 1
12499 1
4621 2
12503 0
10276 2
4314 1
13007 1
4316 1
15738 2
4318 2
4319 0
12513 2
4323 2
4325 2
4327 1
4328 3
12521 2
9385 3
4331 1
4333 2
12526 1
4335 2
4337 2
12530 1
8293 1
4340 0
18148 0
4342 2
12535 2
4344 3
12539 2
12541 1
12543 2
4353 2
4354 2
4355 2
12548 0
4359 2
12554 3
1509 2
4364 2
4365 2
4367 3
16785 3
4370 1
4371 2
4374 2
12567 1
15748 2
4379 2
12573 0
4383 2
4385 1
13019 2
12580 2
4389 2
4390 1
14385 1
12584 2
12588 2
18482 0
9631 1
12592 2
12594 1
12595 2
4405 2
4407 0
12603 3
11658 0
4418 0
12611 2
147 0
6576 2
12615 2
12617 2
12618 1
12619 1
12620 3
12621 1
11877 2
693 2
4434 1
10786 2
12628 1
11662 2
4438 3
15969 0
12632 1
11059 0
2330 0
12635 0
13001 1
12637 1
12638 2
741 2
12643 1
4452 3
12645 0
5331 3
7569 2
12648 2
6695 3
4458 2
4839 0
12652 2
12654 0
2109 0
466 3
4467 0
12662 1
4471 1
2331 3
18293 0
4475 0
1697 0
8938 2
12672 3
2112 2
4483 0
4485 2
12678 1
18497 0
4491 1
4493 2
12686 2
12905 3
4497 0
4498 2
4501 0
12695 3
4504 2
12698 2
17135 2
12700 1
3482 2
4511 1
4512 0
3483 1
4517 1
10516 3
4519 0
12712 3
4521 1
4523 2
4524 1
12717 1
4526 2
4527 1
4528 2
4529 2
17336 2
4532 1
12727 1
4536 0
4537 2
4538 2
15775 0
12732 1
4541 0
10244 3
4544 1
12737 1
4546 1
12739 2
16791 2
4550 0
12743 0
4552 1
4553 2
12746 1
12747 2
12748 2
4557 1
12750 2
12752 0
12755 0
12960 2
10318 1
4568 0
3492 0
4570 1
4571 0
12765 2
4575 2
12768 0
12769 2
11041 2
4579 3
4580 1
4581 1
12774 1
4583 1
4584 0
12778 0
4588 0
12781 3
4590 0
4593 2
12786 0
4595 1
12788 2
4597 0
12790 0
4599 1
12792 1
2132 0
13055 1
4604 2
4605 2
12799 0
4608 0
4609 1
4610 1
12803 1
12804 1
12805 1
4617 2
12811 2
4620 0
12813 2
4622 2
4623 2
4626 2
4627 3
12820 2
7598 2
849 2
4632 2
4868 0
12826 2
12828 0
4637 1
11696 2
4645 0
12157 3
4648 1
12841 1
12843 1
12844 3
4653 0
4654 1
12847 2
4656 1
776 3
12850 2
4659 2
12852 2
4661 0
4662 0
4664 0
4667 2
10342 2
12861 2
12862 2
4671 0
4674 1
12870 1
2145 2
12872 2
12873 1
12874 1
8612 0
9742 1
4685 0
4686 2
4688 1
4689 0
12882 2
12704 1
12884 1
17887 2
4695 2
4696 1
4698 2
17167 2
8976 2
12898 1
11707 2
4709 1
4710 1
4794 2
4713 0
12906 2
14439 2
17170 3
5067 2
4719 0
2152 2
17171 3
4726 1
12919 1
4728 2
4729 2
12923 3
4732 0
4733 2
4885 1
12928 1
5886 2
12930 2
18144 2
12933 0
4742 1
4744 1
4745 1
13749 0
4748 1
12941 1
12943 2
4752 1
4753 2
12946 1
4755 1
4758 0
12953 2
12954 0
12955 2
12956 2
17178 2
12958 0
15813 0
4768 2
12961 2
4771 2
12964 2
4773 2
6257 1
12968 1
4777 1
4780 0
12973 3
3978 2
4786 3
2163 1
4788 3
12981 1
4790 1
12985 0
12986 2
4795 3
4796 2
12989 2
2214 1
12991 0
12992 0
4896 3
11723 0
12998 1
4807 1
4808 1
3532 2
4811 3
4812 1
4813 1
4814 2
4815 2
4816 1
4817 2
4822 0
13017 1
4826 1
4827 1
6266 2
13023 2
13024 2
18710 2
13028 0
13030 2
13031 1
12709 0
807 2
4844 1
13037 1
10365 2
4848 1
13096 2
13042 2
13043 2
13045 1
4855 2
4856 1
13050 2
4862 1
4863 1
4865 1
4866 0
13060 0
4869 1
13064 3
4908 1
13067 3
4877 2
4878 0
4881 1
13075 2
501 1
13102 1
13078 0
4892 0
8619 3
4894 0
13088 1
4897 2
13092 1
4901 0
13094 3
4904 0
13100 1
14348 2
4911 2
13107 0
4916 2
4918 2
10377 2
4920 0
13108 0
13114 2
4924 2
14474 3
1255 0
4929 0
4931 2
7802 0
4934 1
13127 2
4256 2
5953 2
13134 1
13135 2
13138 0
4947 0
13143 0
13147 1
17210 2
13150 3
4959 0
4961 1
17211 1
13156 0
13159 3
13160 1
14350 1
15847 1
13164 2
4973 0
4974 0
17213 0
13168 2
4979 1
13172 0
13173 2
13174 0
18580 2
4986 2
4989 0
4992 1
4997 2
13190 3
13191 0
13193 2
13195 0
712 2
5005 3
2200 1
13202 1
3252 3
13206 1
13208 2
13209 2
7663 2
13214 1
3568 0
5026 2
13220 2
5030 2
5034 3
5037 2
13230 2
5039 0
5040 0
13233 1
8549 0
5043 2
13237 1
6379 1
17506 2
13240 2
5051 3
13244 2
17226 0
5054 1
17899 0
13249 3
13250 2
16808 1
18128 0
4508 2
5063 2
5064 2
13257 2
13259 2
13260 3
6306 1
13262 2
9037 2
5072 3
8625 2
13266 1
13267 2
5076 1
13270 3
13271 1
13272 0
2212 1
6177 1
5086 1
10405 2
13281 0
13282 2
5091 2
13285 2
5095 2
12909 2
11183 2
5099 1
13293 1
13295 1
851 0
13300 2
13301 2
5110 1
13303 2
5113 2
13307 1
5116 3
17237 2
13313 2
13314 0
13316 0
854 0
13320 2
18604 2
13324 2
18605 2
13329 2
13331 2
13332 2
13333 1
13334 0
5144 2
17242 2
13345 3
5156 0
1196 2
18609 0
13352 0
13353 0
4809 2
5167 1
13360 2
5171 1
5173 2
13366 0
5179 0
5180 0
5183 3
13376 3
5185 0
5186 0
5187 0
6963 2
5189 3
5191 2
5192 3
10423 0
5196 2
5197 3
5198 2
173 2
13394 0
13395 2
13396 0
5206 1
13399 2
5208 1
5211 2
2234 2
5214 2
5216 0
13410 1
10427 1
13413 2
13414 2
13418 1
13419 1
5231 2
5232 3
5654 2
2239 2
5244 0
5247 2
5249 2
13443 1
13444 1
9995 2
13449 2
3581 0
13453 1
13455 3
5264 3
13457 0
13458 0
9070 2
8873 2
5272 0
5273 0
13466 1
17263 0
5277 0
5278 3
6750 2
5283 2
13477 2
13482 3
12724 1
13484 0
5295 1
13489 0
5298 1
7504 3
13493 2
13494 3
13496 2
13497 1
5306 1
13499 1
13500 0
4981 2
5312 0
5313 2
2272 0
5317 0
5318 0
13511 2
13512 1
5321 3
5322 2
7815 2
13519 2
13520 2
5329 0
3619 2
5336 1
5337 1
13532 0
5342 0
8634 2
5345 2
16272 0
7543 2
15910 1
13542 0
5351 0
892 2
13551 2
13552 2
5361 2
5362 2
5363 3
13556 0
5367 2
5368 0
5372 2
13565 2
5374 1
5375 2
5376 2
9088 3
5378 2
7723 2
13572 2
5381 2
9089 2
13577 1
13578 2
5389 2
5168 1
13583 2
13586 0
13587 2
3630 2
5399 3
9092 0
2362 2
13596 2
5405 2
5406 0
7545 1
13602 2
13603 0
13604 0
13607 2
453 1
5419 2
5421 2
5422 2
5423 0
5424 0
13618 1
18654 0
13622 2
13626 3
6367 2
5436 3
5437 2
5438 0
13631 2
5440 0
5441 2
16548 0
5444 2
5445 0
13638 2
5448 0
13196 0
14059 1
5453 2
13646 1
13647 2
2091 2
13650 3
14563 1
5460 2
5461 2
13659 1
13660 3
5469 1
12730 1
5476 0
2278 2
5478 0
13673 2
13675 1
13676 0
5485 0
5486 2
13680 0
13681 3
5490 1
5011 3
5921 1
4019 1
5496 2
5497 2
13691 2
5502 1
13695 2
13696 2
13697 2
5506 2
5507 0
5508 2
13702 2
5513 2
5514 0
13707 2
10822 1
13710 2
13711 2
13713 2
16949 0
8640 0
13718 2
13720 2
13721 1
13723 2
13727 1
13728 3
5539 1
13732 2
5542 2
5545 1
7751 2
5548 2
13741 2
5552 1
5553 2
13746 0
18675 0
5556 1
17310 1
13750 2
2292 0
13754 2
5564 1
13757 0
13758 0
5567 2
5568 3
5571 1
5572 3
13765 0
5574 2
5576 1
13769 0
5579 2
5580 1
5581 2
5583 2
5586 0
9123 2
5588 3
5589 3
13782 2
13783 2
16553 1
13787 2
13788 3
13789 3
13790 1
5600 0
5601 1
5603 0
13222 3
5607 1
6925 0
13949 3
13803 0
7762 1
13806 1
12462 2
5619 1
5623 0
5624 2
13817 1
5626 3
3506 0
5630 2
13823 1
13827 0
13828 1
5639 2
5641 0
13834 2
5648 1
18691 1
5653 1
13846 2
5655 2
5657 1
943 0
13852 2
5661 1
5666 0
13859 0
5668 2
5670 1
13864 2
13867 2
17330 3
5680 1
13873 2
5682 3
947 2
5684 3
5685 2
13878 1
10505 2
5692 3
5697 2
5698 2
13892 3
13893 1
13895 0
6412 2
13898 3
13899 0
5712 0
16557 2
5714 0
3683 1
13908 1
2318 0
5718 0
13912 1
14989 0
5727 0
2320 0
5731 2
5732 0
13926 3
13927 1
13928 1
17005 1
13933 0
5742 1
13245 2
11880 1
5747 0
911 2
5751 2
2324 2
13946 0
10319 3
15978 3
5758 2
13951 3
5761 1
5765 2
13959 1
13960 3
5769 0
13964 3
13965 0
13966 3
5777 2
10798 0
6425 3
5785 2
13978 2
5787 0
13981 3
5794 1
18715 3
13990 0
13995 2
13997 0
2333 2
5808 2
13256 1
5810 0
5811 2
14004 3
5814 2
14007 1
10832 0
14009 2
5818 2
5822 1
14015 0
5826 0
16288 1
3312 0
5830 2
5831 0
5836 1
14029 2
5838 2
5839 2
5843 2
14036 1
5845 0
14041 2
14042 2
5851 3
14045 0
18725 1
11379 3
5860 2
5862 2
10841 3
18727 3
5869 2
14062 3
14064 0
14065 0
5874 2
5875 2
5879 2
15999 1
14077 3
14078 1
16024 1
14635 0
14084 1
14085 3
5894 0
5896 2
14090 2
1833 0
5902 0
5904 2
9176 2
14098 2
5909 3
14103 1
5913 1
5915 3
14109 3
5920 2
14113 3
5922 0
5923 3
5925 2
2353 1
14120 2
14122 3
14123 1
14125 2
8441 2
5937 0
14132 3
14133 2
5943 0
14136 2
14138 1
14139 1
14140 2
14142 3
14144 2
9184 2
5957 1
5960 3
5961 2
5962 3
14157 2
13283 2
4836 0
14166 2
5975 3
3727 2
5980 3
10554 2
5982 2
17381 2
14177 2
5987 1
14180 1
18203 2
2364 2
14186 2
14189 0
14190 2
5928 2
14192 2
14194 2
3731 1
14199 1
9911 2
10559 2
6013 2
2928 1
6018 1
14212 2
6021 2
14214 2
15749 1
14217 2
6026 2
14219 0
4459 2
14221 0
14222 0
14224 1
7832 3
14226 2
2371 2
14228 0
18756 2
14234 0
6044 3
6045 1
2373 1
14242 0
6051 2
5265 2
6053 1
14246 2
12713 2
6057 2
14251 0
14252 0
14254 2
6065 2
14258 2
6067 2
3742 2
14262 2
14264 2
6073 2
6074 1
14270 0
6080 1
2020 3
14274 2
14275 1
13302 1
14278 2
6089 3
14282 1
17399 2
14285 0
6094 2
14287 1
14293 0
14294 0
6103 2
6104 2
17934 2
6108 2
14302 2
14305 0
6114 3
14307 2
4427 1
2113 2
6119 1
6120 2
6122 2
3751 1
14319 0
6128 2
6129 2
14322 2
14323 2
6132 2
6134 1
6135 2
6136 2
10580 0
14330 0
6139 0
6140 2
6141 2
14334 0
6143 3
6144 1
14337 1
6146 3
14341 1
6151 2
6152 3
6153 0
6154 2
14347 2
6156 0
6157 0
6158 2
6159 2
14117 2
14360 1
6169 2
14362 1
6172 0
14365 3
6174 2
6175 1
14368 2
14369 2
6180 3
14373 1
6182 0
7857 0
6187 2
14380 0
17416 1
14386 2
14389 2
14391 0
6200 1
6201 2
14394 2
6203 2
6206 2
6207 2
17419 1
13573 2
6213 2
14408 2
14409 2
14412 2
14414 2
17421 1
3768 0
14418 0
14420 2
6229 1
14422 3
12371 2
6232 2
6235 2
14428 3
6237 0
14431 1
14433 2
6243 0
5137 1
14440 0
6250 2
6251 2
14444 2
6253 2
16061 1
2936 0
14453 0
14454 2
14455 0
6265 3
14458 2
6267 2
10602 2
6270 2
14464 3
14465 1
2391 0
14468 3
6277 2
14470 3
6282 2
17432 2
14482 2
14486 0
16626 2
14489 1
14491 1
6301 3
6304 1
14498 2
11836 0
14501 0
14502 1
14503 2
14504 2
6315 0
6316 2
14509 2
6318 0
6319 1
16072 0
10849 0
14521 3
6330 2
6331 2
6332 2
6335 0
6340 2
14533 2
14535 1
10304 3
14538 2
11608 2
6349 2
14546 0
6356 1
6357 2
6360 3
6363 2
10618 2
17445 2
14560 1
14561 3
14562 1
18811 1
14565 1
14566 3
14571 2
6380 0
6381 1
6383 1
6384 0
6385 2
14578 1
7891 2
14580 3
14581 1
1065 2
6393 2
14586 2
14591 2
486 2
6411 1
14604 2
10626 1
6414 2
14608 2
6418 0
14611 1
6422 1
7897 2
6424 0
5931 2
6426 1
6427 2
6428 1
6429 1
6430 0
14623 0
214 0
14625 2
14627 2
6436 1
6534 0
14631 2
6440 1
14633 0
6442 1
6443 2
6445 1
6446 2
14640 0
2440 2
14642 2
14647 2
16309 1
14650 1
14651 2
6462 0
6464 0
6465 0
6466 2
10635 0
6470 3
12001 0
7408 2
14666 2
7906 2
10637 0
6480 2
13582 0
14676 0
14677 2
14679 0
6488 2
14682 2
6492 3
1082 2
6495 0
6497 0
6500 3
3814 1
6504 2
1084 0
6507 2
18834 1
7912 0
6514 1
2451 2
6519 2
6520 0
6522 2
14715 2
1581 1
14718 2
6527 1
9280 1
14724 2
14742 2
14726 1
4582 2
14730 1
17174 2
14732 2
5499 2
1036 0
16109 2
14736 2
14738 3
14740 3
17676 0
12679 2
14749 2
14750 2
13381 0
4310 0
6563 3
14756 0
1094 3
7921 3
14761 1
16040 2
6573 0
6575 2
14768 0
6577 1
9054 0
3031 1
4038 0
14777 2
14779 2
9290 3
16847 0
6592 3
6593 2
14786 0
13387 1
14789 2
14791 2
14792 2
8991 2
6603 1
14796 2
6605 0
14798 2
14800 2
7585 2
14803 2
14804 2
14805 2
14808 2
6617 2
6619 2
15657 2
7931 0
6631 2
6633 0
14828 0
14829 2
7933 2
14832 0
6641 0
6642 3
5203 2
6646 1
6647 2
6648 2
14842 2
6653 1
1109 3
14849 2
6662 2
14858 2
17495 1
14860 2
14863 1
9304 2
6674 1
14868 2
14870 3
6679 2
14873 2
14874 2
6683 2
14876 2
14877 2
14878 2
14880 2
6689 2
6690 1
9307 2
6692 2
14885 1
14886 1
14887 0
14888 2
6697 2
6698 1
14892 1
6702 1
6703 1
6704 1
14899 1
6708 1
6709 0
14904 2
6713 0
6714 0
6715 2
13317 0
14909 1
14911 0
14913 2
14914 2
6723 1
14916 0
6725 0
6726 2
7589 0
10679 2
6732 2
6733 0
14928 2
6737 1
5219 1
14934 2
6744 1
14884 2
6747 2
6748 2
14942 3
6751 0
6752 2
14945 1
14947 1
5222 0
14951 2
14952 1
8954 2
14954 2
9319 2
1589 3
14959 0
9320 2
10591 2
6771 3
6772 1
18229 1
14966 0
14972 2
14973 2
6782 1
7957 0
9756 0
6787 0
6788 1
14982 3
14785 2
14984 0
6794 2
14987 3
14988 1
6797 2
13575 0
13047 0
6801 1
6803 1
14996 2
15000 0
15001 1
6810 1
15004 2
6813 1
14957 1
6816 1
6820 1
3869 0
6833 1
6836 1
6837 1
6838 1
6840 2
6842 3
15035 3
14259 1
15037 1
15039 2
12266 2
15042 2
15043 2
15044 1
6853 0
15046 1
6855 1
6856 1
6604 2
16085 0
6859 1
6860 1
15053 2
15055 2
6865 0
6866 2
6868 1
6869 1
18505 2
6871 0
6872 2
6873 0
15067 2
6876 2
15069 2
15070 2
15072 0
6608 2
15074 0
1147 2
7867 1
15079 3
15080 2
6890 1
6892 2
15085 2
15087 2
15093 3
6902 0
15096 3
6905 1
6231 2
6907 2
6908 2
15102 1
10709 2
6912 2
6914 2
15107 1
6916 0
15109 1
15110 1
15111 3
6920 2
15114 2
6923 0
17538 1
6926 3
15119 0
15120 0
6930 1
15123 1
15124 3
6933 3
15126 1
14809 2
6936 1
6937 0
6939 2
6940 0
6942 1
15135 2
15136 1
15137 3
15138 0
6947 3
15140 0
15141 1
15142 0
15143 2
15145 0
6957 1
6958 2
15151 3
6961 1
15155 0
15157 2
6967 2
15160 1
15162 1
6971 1
15165 0
2103 2
6976 2
6978 0
15172 2
15175 1
6984 1
17548 1
15179 2
8939 2
6989 1
15182 0
17549 1
15184 0
6994 1
15189 0
6998 2
3897 0
17691 2
2532 0
15194 2
7005 2
7006 2
4411 3
7012 0
7036 1
3107 2
7016 2
7018 1
15212 3
7021 3
15214 1
7023 1
7024 2
9363 1
15220 2
7031 1
15225 1
15228 0
15229 2
7038 0
15231 0
7040 0
17980 0
7044 3
7045 2
15241 2
18511 3
7052 1
15245 2
4872 2
14965 0
7056 2
15249 2
17693 3
15253 2
17561 2
12770 1
15258 1
15259 0
7068 1
15261 2
15264 2
15266 1
7076 1
15269 1
15270 0
7079 3
15273 0
15277 1
7086 0
7087 1
7088 0
15281 2
15284 1
16201 1
7096 2
15289 3
7098 2
920 2
7103 2
15296 2
7105 1
7109 0
7110 2
15303 2
15304 2
15305 2
7114 2
15307 2
7116 1
9378 2
7118 1
15311 2
7120 2
7121 2
7122 2
15315 2
7124 0
15317 1
7126 0
6594 3
5121 2
15324 1
7134 1
7136 0
15329 2
7139 0
7141 0
16687 1
7143 0
2556 1
7148 0
1329 3
15344 3
17576 1
7158 2
17577 1
7160 3
7164 2
3239 0
7166 3
16213 0
15364 2
15365 1
15368 3
5292 2
15373 3
15374 0
15375 1
15376 3
7185 2
10755 0
7188 2
7189 2
15387 2
15388 0
7200 1
9486 3
7205 1
6241 1
15400 2
15401 0
15404 0
7214 2
15409 2
7218 3
7219 3
7221 0
15414 3
7225 0
7227 2
7228 1
2150 2
7230 2
9788 0
15426 1
6667 0
15428 2
15429 2
7238 2
7240 3
15433 1
7243 2
7244 0
7246 2
15439 1
15440 1
9400 0
15442 0
15443 0
15444 2
15448 2
3515 1
15457 2
4304 2
5307 0
15461 0
15462 3
7271 1
17893 0
17597 1
15473 0
7282 2
7283 0
15478 2
15480 1
6676 0
13503 2
15485 3
15215 0
15487 3
15488 3
15490 1
15491 1
15494 3
9409 1
15497 0
7306 2
7307 0
15500 2
10609 0
15504 0
15505 0
17603 3
7316 2
15509 1
15513 0
15514 0
11155 0
2586 1
6759 2
15519 1
16338 2
15521 2
15522 1
7332 2
15527 1
15528 0
15529 0
11881 1
16884 1
15539 0
7349 2
13513 0
15546 0
2591 0
10422 2
15549 1
7358 0
16245 1
15552 1
15554 2
7363 0
15558 1
15561 1
15562 0
15565 1
7374 3
15568 3
15572 1
15574 0
15577 3
7386 1
7388 2
15581 1
15582 0
2597 0
15584 2
16613 2
15588 1
15589 2
10791 1
15596 3
7405 2
15599 0
15600 2
17889 0
15602 2
1235 2
7413 1
4884 0
7415 2
15608 1
9428 2
15610 0
15614 0
15616 0
15617 2
7593 2
15619 0
7430 3
15627 1
7440 2
15633 0
15634 0
16693 1
15637 2
15638 2
7447 2
7448 2
15641 0
7450 2
7452 2
15645 3
3973 1
15649 3
15650 0
15653 0
15654 2
15656 0
5340 2
15658 2
7467 2
10802 0
9437 0
7472 3
15665 1
7474 2
7475 0
15669 1
15670 3
7481 1
7482 0
15675 2
15676 0
8074 2
14901 0
7488 2
15681 1
7491 2
15684 0
7495 0
4116 0
10807 0
15694 1
15695 0
15696 0
6712 2
1251 1
17708 2
7512 0
15706 1
15707 1
7516 2
15711 2
15713 2
15714 1
15716 0
15717 0
15718 0
7527 3
15721 2
15722 2
9447 1
15725 0
15726 1
15727 0
1032 1
15729 1
15730 1
7616 2
15734 2
13545 3
15736 1
15737 0
7546 2
15741 1
3989 2
15744 2
15746 0
7555 0
7556 0
7557 2
7561 2
8087 0
7565 1
15758 2
7567 2
15761 2
15764 0
15765 2
15768 1
2628 1
7823 2
15773 2
14917 1
15777 2
15781 1
15783 2
15785 0
15787 3
14983 2
1266 0
15790 0
15791 2
139 3
15794 1
7603 2
15798 1
10996 1
12191 0
7612 1
11671 0
15809 1
7618 0
14923 0
7620 2
7621 0
15815 1
15817 2
7626 2
13559 2
3327 0
15823 0
15825 0
15827 3
15832 0
16292 0
800 2
7649 2
9467 2
15844 2
1073 3
7655 3
17660 2
7658 0
7659 1
15852 2
15853 1
15855 1
7665 0
14931 1
15862 2
15863 2
15864 0
15866 1
15867 2
7676 0
7677 3
15871 1
15872 3
15873 0
7682 2
15877 0
7688 2
7690 2
7691 1
7693 2
7695 2
15890 2
1283 2
15892 1
7702 2
15895 0
7705 0
15898 2
15900 2
15902 1
17669 2
15904 2
7714 0
15908 1
7718 2
15911 3
7721 2
8986 2
17782 2
7726 0
7728 2
8115 2
7732 1
15925 2
7737 1
15931 0
7740 0
17674 2
16079 2
7743 2
7746 2
7747 2
17479 0
6753 0
7753 3
7754 1
15951 0
15954 1
9533 2
7766 1
15959 1
15962 0
7772 1
15968 3
12534 0
7778 0
12229 2
7781 2
7783 0
15976 0
15977 0
14171 0
15979 1
7789 2
12221 0
15984 0
1385 3
7795 0
7796 3
15993 1
15994 2
15996 0
15997 1
7807 2
16000 2
7809 3
16002 2
16003 2
16006 1
12225 2
1624 2
16009 0
16010 0
7819 3
16015 1
5716 0
16017 2
16018 1
11701 2
7831 1
16082 2
16026 2
7838 2
7839 2
16032 1
7841 3
7843 1
16036 1
16037 1
16038 2
7848 2
16041 1
16043 2
7852 3
1309 2
16049 1
16050 3
2675 3
7863 1
16056 1
7865 2
16058 0
17695 2
16060 2
7869 2
1353 0
16063 1
16064 2
7875 1
16068 2
16069 2
7878 0
6809 0
16073 1
7882 1
7884 2
15306 1
7887 0
7888 0
16081 2
7890 2
17699 2
13629 1
14237 0
16087 2
16088 1
16089 3
7898 0
7900 2
16093 2
7902 0
8992 3
7905 0
16098 0
16104 0
14128 2
7917 2
16110 2
16113 2
16114 2
16115 2
16116 1
14974 1
16118 1
7927 1
16120 1
7929 3
16122 1
16123 1
7932 2
13610 1
16341 0
1323 0
16133 1
16134 0
7945 2
7946 3
7947 2
7949 2
762 1
16143 2
16144 0
16145 0
16146 2
14979 3
16148 2
9518 2
7959 2
7960 0
7962 0
16156 2
16157 2
16158 3
7967 3
7968 0
16162 3
7974 0
7975 2
12252 2
16170 1
16171 0
16176 0
7986 2
17715 0
16180 0
17511 1
16186 2
16187 1
7997 2
7998 3
8002 2
5430 0
10905 2
6796 0
16203 0
12258 2
8014 2
16207 0
8017 3
8018 3
12733 1
8020 2
8021 0
8022 0
8996 2
8024 0
16220 2
8029 3
16223 2
16226 0
13627 2
16228 3
16232 0
1340 2
16234 2
16235 1
16238 3
1341 2
16240 1
16243 1
16244 1
9534 0
8054 2
16247 0
3044 2
8059 3
8061 0
8062 3
8064 1
16259 1
10907 1
16261 1
16263 2
16264 3
16265 1
16266 2
8725 1
16269 2
8079 0
8080 0
8082 0
16275 0
16277 2
16279 0
16371 2
8096 2
16289 1
16291 2
8100 3
8101 1
16297 0
17735 2
18276 0
16301 1
16302 1
16304 2
13640 1
16307 0
8116 2
8117 2
8119 0
16314 0
16316 1
5946 0
16319 0
16321 0
16324 0
16325 0
12711 2
16327 1
17740 3
16330 3
16331 1
16332 2
16336 3
8146 2
8149 2
8150 0
2724 1
8154 3
8156 1
16353 2
8162 0
16355 1
16356 0
8165 2
8167 0
16380 0
1363 2
16366 0
16367 2
8179 2
8190 2
8182 2
16376 2
1364 3
8186 2
8188 2
16381 1
16382 1
