8192 2
0 0
16386 2
2731 3
8196 1
13912 1
16393 2
13655 1
16396 1
10366 2
3001 2
8211 0
16404 3
8213 1
16406 0
17753 0
27 0
16412 0
8221 0
16414 2
16415 2
16418 0
8227 2
8228 2
16422 2
6833 1
8232 0
3328 1
16429 2
16430 2
8240 0
8241 2
8244 3
16438 3
8247 1
16440 2
8250 1
16443 2
16445 2
62 2
15029 1
66 1
16452 1
16456 2
8265 0
74 0
8268 2
8269 0
8270 0
79 3
8272 2
16465 1
8276 1
16469 1
8278 2
88 2
1380 0
6842 3
16478 1
97 0
16482 0
2747 2
16484 1
104 0
105 0
106 1
17767 1
108 2
110 0
16495 1
8304 0
13672 2
8309 2
120 3
122 3
8317 1
126 2
16511 0
8320 0
8322 2
8323 1
133 2
8326 2
16519 0
18008 1
16522 1
8331 2
1473 1
16527 2
144 2
145 2
8338 2
6851 1
149 0
8343 1
8345 3
2460 0
13749 0
8348 2
157 0
16542 0
16543 2
8353 1
162 2
16411 1
8356 3
8357 0
8358 0
8361 2
170 0
171 2
173 2
177 1
178 0
8371 2
183 2
187 1
16572 3
8381 1
8382 0
383 0
16579 0
16581 1
8392 2
201 1
202 2
203 0
204 1
16590 3
16591 2
208 2
8401 2
16594 2
16419 1
15054 2
8406 1
215 1
218 3
219 0
16605 2
8415 1
16647 0
225 0
8418 2
8419 0
16612 1
16614 0
16616 1
8426 2
16620 3
8430 2
1405 2
240 1
16625 0
16626 2
8435 3
8737 2
8438 2
16631 0
16636 2
254 0
16640 1
260 2
261 2
16646 1
5505 0
266 2
2191 1
8462 0
8237 2
12986 2
8473 2
8474 3
287 2
8481 0
8483 0
293 0
8486 2
16433 2
8488 2
297 2
16682 0
299 1
300 2
16686 1
8496 2
6878 0
312 1
16697 2
8506 1
317 2
8510 2
319 2
8513 0
7649 2
8517 1
16710 3
16714 0
8524 2
8525 2
8526 2
16719 2
16720 2
338 1
16723 3
16724 2
16725 1
8538 1
8539 1
16732 1
16734 1
353 2
8548 2
357 0
16742 1
360 2
8553 2
365 2
366 2
8559 3
16753 2
371 0
8564 2
374 2
16760 0
16761 1
16762 0
8571 0
4377 3
16765 2
8575 3
384 1
16770 1
387 0
5526 0
16775 1
394 2
396 1
8258 0
400 0
16785 3
16786 1
407 2
13107 0
410 2
8603 1
8604 2
416 0
8609 2
8610 1
419 0
8612 0
8613 2
16806 1
423 2
424 0
8617 0
16811 2
8620 2
8621 0
8622 2
8625 2
16818 0
435 1
16821 1
438 0
73 2
8632 2
446 2
16833 2
450 1
8644 2
8645 0
454 2
455 1
12563 2
16841 2
459 0
461 2
8654 0
16461 2
464 2
466 3
16851 2
5404 2
16854 2
16856 2
8665 2
9563 0
16860 0
477 2
16865 0
483 2
484 0
9638 3
16870 2
16873 1
16876 3
8688 2
16884 1
16885 0
16886 2
13737 2
504 3
8697 0
8698 1
16891 3
508 0
16893 2
1258 0
512 1
16897 2
8746 2
2150 2
16384 0
8711 0
8715 0
524 2
16909 1
5549 3
528 2
533 0
534 2
535 0
8728 2
2820 3
538 0
16923 2
8732 1
16926 2
16928 2
545 2
546 1
13930 1
551 1
552 1
16937 2
16938 0
16939 1
8752 2
14476 0
13747 1
16948 0
565 1
16950 2
567 2
568 0
8761 1
8762 1
8763 0
16956 1
573 1
575 1
577 1
16962 2
579 0
10533 2
8773 2
16966 2
583 1
8777 0
16970 2
591 1
592 1
12387 2
16980 2
17849 2
16984 1
16985 1
16986 0
603 1
8796 0
16989 1
16992 2
609 2
8802 1
611 1
8804 1
8805 2
8806 0
8807 2
8808 0
617 0
17002 1
17003 0
8812 2
621 2
8814 2
628 0
13759 0
8828 1
17022 0
17024 2
17025 0
642 1
8835 1
17028 0
8837 0
17031 2
8841 2
650 1
17035 2
17036 2
654 0
5187 0
17041 1
8850 0
662 0
17049 1
8858 2
17052 2
8862 2
17055 2
8864 2
674 0
676 2
17061 2
17062 0
17067 1
17068 3
4210 3
17072 2
18572 0
17077 3
15135 2
8892 1
17085 0
702 1
17089 0
8899 0
708 2
17093 1
8902 2
5580 1
714 1
17099 2
717 0
13773 0
8912 3
17105 0
2851 1
8917 1
17111 2
17755 0
17115 2
17118 2
17121 2
738 2
8932 0
15142 0
17126 2
743 0
8936 1
8937 0
746 2
8939 2
749 0
18574 2
8943 1
752 3
17137 2
17138 1
756 0
12414 2
760 1
8953 1
762 1
17148 1
17149 3
766 1
767 2
17152 1
8962 3
8963 2
774 1
8967 1
8968 0
17161 2
17162 0
17163 0
780 2
17167 2
786 0
787 2
788 2
17173 1
790 2
8984 1
8985 0
8986 2
11055 2
601 1
797 1
6846 3
8992 3
8993 0
802 1
17188 2
16518 2
806 1
17191 0
17192 0
17194 2
811 0
9009 2
9011 2
821 1
2755 0
17207 3
825 2
829 1
9022 3
9023 2
17220 1
6029 2
841 1
844 2
9037 2
17233 2
9042 2
17235 0
17237 2
17238 1
17239 1
856 0
17241 1
858 1
8335 0
861 2
862 0
9055 0
865 1
17252 2
9061 1
12433 2
873 1
874 3
875 2
17260 2
17262 0
879 2
147 0
884 1
7940 0
9079 1
888 2
889 0
9082 2
891 1
9084 1
895 1
17280 1
17283 0
900 1
9093 1
903 0
904 1
9708 2
151 1
11074 2
910 1
911 2
17296 3
9106 0
17300 1
9109 3
17302 2
9111 2
920 2
9113 0
5615 3
17308 2
9118 2
17313 2
17315 1
932 3
9127 2
622 0
9129 2
17322 2
17325 1
1370 2
8349 2
9136 2
17331 1
9142 0
15177 2
17336 2
9145 0
8351 1
17340 0
959 2
961 1
9155 2
9156 1
17351 1
17737 2
9164 0
16546 0
8355 0
17365 0
17368 1
17376 0
9186 2
17379 2
17381 2
5628 1
1003 0
17391 0
9201 0
17395 2
17396 2
17399 2
9209 1
17402 1
9727 0
1020 0
9214 3
9216 0
1025 2
9218 2
1028 1
9223 1
1032 1
9228 2
1037 3
1038 0
9232 2
9234 2
9236 1
4270 0
17430 2
9240 0
17435 3
17437 0
1056 0
9250 2
1063 2
9256 1
10401 2
17450 1
9259 3
9262 2
1071 1
9265 1
9267 0
9270 2
17463 1
9274 2
1088 0
17474 2
17476 0
17477 1
9287 0
17480 2
13836 2
1098 2
1100 0
17487 2
9297 0
1107 1
9301 0
1111 2
9306 0
17499 2
9308 1
12474 0
2917 0
17504 2
17505 0
18354 0
1124 2
17509 2
9318 0
17512 1
17513 2
9323 0
17518 0
1135 2
7130 0
1137 0
9330 0
17523 2
12313 2
9336 2
8767 0
17532 2
17533 3
1150 2
5653 1
17541 1
9350 2
17544 2
4403 2
1163 2
17549 1
17550 2
17552 1
17553 2
8387 1
17556 2
1174 2
1175 2
1177 2
1178 0
17564 2
9373 3
197 2
17568 0
17570 2
1187 2
17574 1
8991 2
1192 2
9385 3
9386 2
1195 0
9388 2
17581 1
9390 1
1200 0
200 0
9396 1
9397 2
17593 2
9402 2
1211 3
1217 2
1218 2
9411 2
1222 0
17610 2
1227 0
17612 2
9421 2
1233 1
9427 2
9429 1
1239 0
1241 2
8399 0
1245 0
17631 0
1249 0
1250 0
1251 1
1252 1
17637 0
1255 0
17641 1
17642 1
17645 0
1262 2
1264 3
17649 1
1266 0
12499 1
9461 2
9462 2
9463 2
1273 2
15231 0
17660 2
9770 1
17663 1
17664 0
9473 1
17666 2
5675 1
1284 1
214 0
17670 0
17672 0
2225 1
9482 0
8407 2
17676 0
9486 3
15235 1
9492 2
17686 2
17687 1
1304 2
17689 2
11622 0
17691 2
17692 3
17693 3
17695 2
17696 1
1313 3
17698 0
17700 1
1319 0
1322 2
17707 2
1324 2
17710 2
8413 2
17712 1
1331 1
9527 1
1338 1
15593 0
1340 2
1341 2
17726 2
1343 2
1344 0
12512 1
1346 2
1353 0
17975 2
9548 0
9549 2
1359 1
1360 1
1366 0
17977 2
228 2
9562 2
1371 0
17756 0
17758 0
1375 2
1377 2
17762 2
9787 3
17764 2
230 0
17766 0
1383 2
17768 2
1385 3
9578 1
1387 1
9580 1
2846 2
1391 0
17781 3
9590 2
17783 2
7060 0
9594 2
9597 2
9599 0
1408 0
1409 0
17797 3
1414 2
9610 2
9611 2
9615 2
1425 2
17811 1
1428 0
9623 2
17819 2
1436 1
3992 3
1439 2
1440 2
16624 2
9635 2
1444 2
9637 1
15051 2
9639 2
9642 0
16540 2
1452 1
9645 2
15261 2
1458 2
9651 1
1460 3
17847 1
9656 1
9657 0
7702 2
17851 1
1468 2
9661 1
1470 2
17855 2
17856 0
17857 0
17858 0
9669 2
17862 1
9672 1
9673 1
1482 1
8439 2
9676 2
15266 1
9678 3
9679 1
1488 1
9681 2
9683 0
1614 1
9688 3
9690 2
9691 3
9692 2
9693 1
9694 0
17887 2
17889 0
12285 0
10143 1
9702 2
17895 0
17896 1
11303 0
17899 0
17900 2
9711 0
1521 3
1524 1
16638 0
15273 0
10212 0
9724 1
9726 2
4961 1
17921 0
1538 2
17924 0
1542 2
1544 1
12546 0
17934 2
1551 2
17937 2
17940 0
17941 1
1558 3
9754 2
7087 1
17949 2
17952 2
17955 2
17956 2
17957 0
17959 2
9768 2
1577 3
17962 1
12551 2
9773 2
17966 1
1583 2
1586 2
17971 2
9781 1
1591 1
9784 2
9785 2
17979 2
1596 2
1597 1
9792 2
17985 2
17986 0
17987 0
17989 1
5729 0
1608 1
15602 2
17995 2
17996 1
1613 2
17998 2
9601 2
1619 2
9812 0
1622 2
11193 0
9816 2
5222 0
18012 3
18014 3
18015 2
1632 1
1634 2
9829 2
1640 2
9835 2
18028 1
1645 0
1646 0
9840 0
1651 2
1652 2
9845 1
1655 2
9849 0
1659 0
9852 0
1661 1
9854 1
7867 1
1643 1
18052 0
1670 0
1671 1
18056 0
18057 2
1674 2
15877 0
1677 0
18062 2
1679 0
9873 2
9874 0
18067 0
9876 0
9838 1
9878 3
1687 2
5239 0
18076 0
16666 1
18078 2
1695 2
18032 0
9890 0
18084 0
1701 2
1703 1
18088 2
1706 0
18091 2
1711 2
1712 1
1713 0
9906 2
9907 2
1716 1
1717 2
9911 2
1721 2
1722 0
8479 0
10423 0
1726 2
18037 1
9923 0
1732 2
9929 2
18122 1
18123 2
18126 0
18130 1
18132 1
18133 2
9942 2
1753 3
1755 1
18142 1
18143 1
18144 2
15312 3
1763 0
1764 2
1765 1
18150 2
1767 2
1769 2
1771 1
18156 1
7424 3
1775 0
8788 2
18162 0
1779 0
1662 2
18166 0
1783 1
1784 1
9978 2
1788 2
9981 2
9982 1
1791 3
18178 1
18183 0
1800 0
18186 2
9995 2
9998 0
1807 0
18194 3
10003 1
10004 2
18197 0
15321 1
18201 1
10010 0
10011 1
18204 2
1821 1
10014 1
1823 2
1826 2
18212 1
18214 2
1833 0
10026 2
1837 2
17515 3
10032 1
18225 2
10034 1
12595 2
10036 2
18230 0
1847 0
18232 2
18233 2
18234 2
1852 1
10045 1
10046 2
10047 1
10048 2
18241 0
1758 3
18243 0
10053 1
10054 1
18247 2
10056 2
10057 0
8791 2
12610 0
18254 2
1872 0
8504 0
18259 1
18264 1
11236 1
1882 0
18269 2
16652 0
10080 2
10083 2
18279 1
10088 1
10089 2
18282 1
11239 2
10092 1
9065 2
10096 0
1907 0
18292 0
1911 0
18296 0
10105 0
1917 0
1918 2
18306 2
1923 2
1924 2
1686 2
15067 2
18312 1
18314 2
18315 3
10125 1
16880 0
12611 2
18329 1
8960 0
18337 0
18340 2
10149 1
1958 0
1962 3
10155 2
1964 2
1965 2
18351 0
10161 3
1970 0
1971 2
1972 0
9886 0
18358 3
1976 1
18363 1
18366 2
7157 2
18368 2
18372 1
1990 3
1992 2
332 2
18379 1
10188 0
10189 1
18383 2
12622 1
18390 0
10200 2
9892 0
2010 1
10208 2
18401 1
2020 3
13990 0
10214 0
2024 2
15356 1
10218 2
10220 0
18413 3
18414 3
18418 1
18419 1
18420 2
18421 3
10198 0
12628 1
18426 1
2043 1
10236 1
10237 0
18432 1
18434 3
10244 3
18437 0
10434 2
18442 1
18443 2
2061 3
2067 2
18452 2
2072 2
2073 2
5251 2
9903 1
10268 1
2077 2
18464 0
18096 2
2083 2
18469 2
2086 0
14001 2
10281 2
10282 2
2091 2
2097 3
18483 2
18484 2
2101 1
10294 1
10295 0
10298 2
10299 2
18493 2
17657 0
2113 2
2114 0
10307 0
18500 2
10309 3
18502 3
18503 3
2121 0
16983 0
10317 1
10319 3
2128 1
2132 0
18517 0
2134 2
4981 2
2138 2
18523 0
10332 1
10335 2
18528 0
1378 3
18534 2
10345 2
2157 0
18542 0
10351 2
18547 0
2164 2
18110 1
10358 2
3407 0
2169 0
5823 2
11645 1
2173 1
18558 0
2175 1
2176 2
10369 2
18564 0
10373 2
2183 2
18569 1
10379 2
2188 2
10382 2
10383 0
2193 0
10386 1
2196 0
12654 0
10390 0
2199 2
2201 2
18588 2
2206 0
2209 0
18594 2
2211 0
10406 0
10407 2
18600 2
10410 2
18603 0
10412 2
18605 2
10414 1
2223 2
18608 0
18609 0
2227 2
10422 2
2231 2
10426 1
2235 2
18620 2
1738 2
2238 2
10432 2
10433 2
18626 3
2243 2
18628 2
18632 2
18634 1
12663 2
10444 0
2254 2
14029 2
2256 0
376 2
2258 2
11299 1
18644 2
2261 1
10454 0
18647 2
2264 2
18649 0
10458 1
2268 2
10462 0
2273 1
18661 1
2278 2
10471 1
10472 1
10475 1
2285 2
2287 2
10483 0
10484 2
10485 1
10486 2
18680 0
2297 2
18682 1
18683 1
18685 0
18688 1
10498 2
18692 2
18134 2
10502 2
10505 2
10507 2
18701 2
10510 0
6071 2
10514 2
2323 0
2324 2
10517 1
10518 2
10519 0
18714 1
10523 2
14042 2
10527 3
2338 2
18723 1
18725 1
2342 2
18727 3
10537 2
2346 0
12679 2
18732 2
18733 2
2356 2
2357 2
18743 0
11636 1
2362 2
18747 1
2364 2
10559 2
2368 1
2369 0
10562 1
2371 2
10564 2
2377 0
614 2
10573 1
18766 2
16781 0
2385 2
2386 2
18771 2
2388 2
10582 1
12891 2
2392 2
10585 0
10589 2
2398 1
18149 1
2400 2
10594 2
9958 0
18790 0
10599 0
18792 2
10602 2
2412 0
2414 2
10607 1
10609 0
10610 0
10612 2
10613 1
2422 1
18153 0
18809 2
2426 1
18811 1
18812 2
10621 2
18814 2
2431 0
10624 0
2433 1
18155 1
10628 2
10631 2
2440 2
1772 0
10634 1
2443 0
3138 1
10640 3
2452 2
14062 3
18839 2
10648 2
10650 2
10652 1
16794 3
10657 0
10660 2
2469 0
10662 2
10663 3
2472 2
16796 3
18859 1
16722 2
18861 2
10670 1
10672 2
10675 2
10681 0
2491 0
11267 2
2498 2
2500 2
1782 1
2503 0
2505 3
10701 2
10702 2
18360 2
2516 2
10709 2
10712 2
16804 3
10714 1
10715 1
1786 1
11268 2
2527 1
12710 1
2535 2
10729 1
2539 2
1789 2
2544 0
16808 1
2546 2
2547 1
2549 2
10742 2
2551 0
10745 0
10746 0
2555 1
10749 1
10752 2
10753 2
10755 0
2565 0
2569 2
10767 0
10771 1
16814 2
10774 1
10776 1
10777 1
10780 0
2589 0
10783 3
10784 0
2593 2
9088 3
12723 0
2599 2
2600 2
10798 0
10800 0
10801 2
10802 0
2611 1
2612 2
10805 0
10806 2
2615 2
10808 3
10809 1
10810 1
2621 1
2624 2
2626 0
1803 0
2628 1
10822 1
2631 1
10825 0
2634 2
10828 1
2637 0
17273 2
2640 2
10835 0
2646 2
9999 2
2653 3
2654 2
2655 2
2657 0
10850 1
10852 2
2663 1
2667 0
10861 2
10863 0
14383 0
2677 2
810 0
10873 0
10878 2
5909 3
10884 0
15911 3
10890 3
1815 2
8642 0
2702 2
10895 1
10896 1
10901 2
10905 2
10906 2
2715 2
18202 1
2718 2
10911 2
6910 2
2722 1
18203 2
10916 2
17276 0
2730 1
16839 0
18640 1
2735 1
2738 3
2739 2
18207 2
18840 2
2750 1
2751 0
10945 2
2754 2
16843 3
2757 0
14113 3
2762 2
2765 2
2774 0
10020 3
2778 2
16847 0
10973 2
2782 1
2783 3
2791 2
2793 0
2795 0
2797 3
2798 0
2799 3
2801 2
10994 1
10998 0
2807 3
11002 3
11004 2
18218 2
11012 2
470 1
11016 0
2825 2
11026 0
11035 0
2844 0
11038 2
15916 0
11040 3
18224 0
11042 2
12763 2
11045 2
2854 1
13734 1
11048 0
11050 1
2859 1
11052 0
11053 2
12765 2
11056 0
11057 2
11059 0
11063 0
11065 2
2874 0
12767 3
7306 2
2879 2
2882 2
2883 0
2884 0
11077 1
11078 2
11079 2
11081 1
11082 2
2892 2
11087 2
2898 2
2901 0
11094 1
11097 1
2908 0
5946 0
2910 1
16869 0
11109 2
12645 0
2922 1
11115 2
11118 0
2930 0
2934 0
11128 2
11129 2
11131 1
11132 2
11136 2
11139 1
11140 1
11141 0
1857 2
2952 2
11146 3
2955 0
16550 1
11149 0
11155 0
11159 3
917 1
2973 2
18245 0
2977 0
2979 2
11173 1
2983 2
2984 2
11177 0
2986 0
10055 2
2992 2
2009 0
2997 1
13466 1
5961 2
3000 2
500 2
11194 2
18250 2
13329 2
11199 3
11201 0
3023 0
11216 1
11218 1
11220 1
3030 1
3033 0
11226 2
11230 2
3039 1
3040 2
1465 2
3044 2
11430 0
3047 0
3048 3
11243 2
3052 1
11245 3
3056 2
3058 1
3063 0
1466 2
16896 1
3074 1
11435 2
3076 2
3078 1
3079 2
3080 2
11273 3
3082 2
14167 0
11276 1
11277 0
3086 0
14168 1
3098 1
3099 0
3102 2
11295 2
3104 0
14171 0
11300 2
3110 2
9378 2
3114 3
11313 1
10326 0
11317 3
3126 0
3129 3
11330 1
3141 2
11334 2
11335 2
11336 2
3145 3
11343 2
11346 2
18275 1
3156 0
11350 1
3160 0
3168 3
11364 1
11366 0
3175 3
11369 2
11017 0
15549 1
3186 1
11379 3
18281 0
2858 1
10090 0
8017 3
11391 0
11392 0
11393 2
11397 2
11398 2
11457 2
2749 3
3213 0
16201 1
3215 2
8730 2
11423 0
11424 3
11425 2
3236 0
3237 1
3238 2
3239 0
11433 2
3242 3
3271 2
3246 2
11440 0
3249 1
3250 2
3251 0
11444 2
3253 1
11447 0
11450 2
11451 1
3261 1
3263 2
8292 2
11458 2
11459 0
3268 2
11461 1
3270 1
11463 1
3272 0
3273 0
11467 1
17567 3
16930 2
12657 2
3281 3
3282 0
3283 0
3286 1
1913 2
3288 2
11481 3
3290 3
3291 2
11484 1
3294 0
3296 0
3305 1
11499 0
11502 2
3311 1
11504 3
3313 2
3314 3
3315 2
3316 0
3320 2
11513 3
3323 2
554 2
3327 0
11520 0
555 2
11528 1
2863 0
11532 2
6018 1
3342 1
3348 2
3349 2
11543 2
3352 1
3354 2
9659 1
3358 0
8568 0
11554 1
11555 1
1926 3
12849 0
3369 2
11565 1
3374 1
3375 2
3378 1
8755 0
3380 1
11575 0
9660 2
8757 2
3393 1
1204 0
3396 0
12854 0
15585 1
3400 0
1933 2
14298 1
13207 1
11232 0
11608 2
3419 2
11613 1
3422 1
11615 1
3425 2
3427 2
11620 1
11621 0
3430 3
3431 1
3433 3
3439 0
3440 1
3444 2
11639 1
11640 2
3451 1
11644 1
12390 2
3458 3
15595 1
8769 1
1605 0
3466 2
9352 1
4674 1
3470 1
8771 3
11668 2
10137 2
3482 2
15599 0
3485 1
11678 0
16965 0
8775 0
3501 1
3504 2
11703 1
12462 2
11705 0
3515 1
11708 0
3520 2
3521 2
3525 0
3529 0
3532 2
11512 2
11731 2
11732 0
11738 1
11741 1
6053 1
16976 1
11746 2
11747 2
3557 2
11751 1
11752 0
6055 1
3564 3
3566 1
3567 2
3568 0
8787 2
3572 1
15653 0
11766 0
14249 0
3577 0
11773 2
3584 1
3585 2
11779 0
11781 1
3595 0
11788 2
3599 1
3603 2
8793 1
11800 2
11802 0
3611 3
6064 2
3619 2
3621 2
11821 1
605 3
3632 0
3636 3
11831 1
17852 2
11836 0
11838 2
11840 0
11841 2
11842 0
11843 2
3652 0
11845 2
3655 1
11849 0
3658 2
11851 1
3661 2
11857 0
3669 0
3671 2
5589 3
3674 2
3675 1
11870 3
16997 2
11873 1
11874 1
11875 0
3685 2
11878 1
11880 1
11884 2
11887 2
11891 3
3702 2
8809 0
3705 0
3706 2
3709 2
11902 2
11903 3
3713 2
3717 2
11913 1
11916 0
3727 2
3730 2
11923 3
11925 3
11926 0
11927 0
11928 0
11931 1
3740 0
3125 0
3745 2
3747 1
11941 2
3750 1
12913 2
11944 2
15644 1
3754 2
11952 2
3764 1
3768 0
11963 2
3773 2
3777 2
3778 0
3779 1
3784 2
13765 0
3790 2
3791 2
3792 0
4728 2
12921 2
3800 2
11998 2
11999 2
3809 0
3810 2
3811 2
3812 3
7462 1
3815 1
2582 2
12013 2
12925 1
3830 0
12023 1
12928 1
12034 1
12037 2
6354 0
17027 2
12053 1
3862 2
10201 1
7221 0
4741 1
3876 2
3879 2
3880 0
12073 1
1493 0
12077 2
3887 2
3889 2
15667 2
12087 0
3897 0
3899 2
3901 0
3903 2
12097 1
12098 1
12100 2
12103 3
12104 2
15406 2
12110 2
6409 1
18404 2
12127 2
4752 1
3387 1
4753 2
12136 2
12139 2
658 0
2025 1
3960 2
11043 0
12154 0
12156 3
1281 0
12159 0
3968 3
12161 3
12170 2
12172 1
12173 0
3983 2
12176 1
3985 2
12178 0
11587 2
3989 2
12184 2
3994 0
3995 1
666 0
12190 0
4001 1
4002 1
4009 3
12202 2
4011 2
4013 2
12206 1
4017 2
12210 2
12211 2
12212 1
4766 1
12214 2
4024 1
4027 0
12223 1
4033 2
4034 2
4035 0
4037 3
4038 0
4042 2
6135 2
12238 3
4048 0
12243 2
4057 2
4058 2
12251 2
12252 2
4061 0
12255 1
12257 0
4066 1
12259 2
12260 1
12262 2
12266 2
12268 2
4079 0
12272 2
4085 1
13775 3
4087 0
15139 2
14335 2
12284 0
4093 1
17867 0
11605 1
4096 0
4102 3
15903 2
4107 2
4781 1
12306 2
12309 0
4118 2
2052 2
12314 2
4124 2
4126 0
8048 3
12324 2
12977 2
4137 2
4138 3
12332 2
14344 0
4148 1
169 1
12344 2
12346 0
4156 0
12349 1
12351 2
4161 0
12354 2
4164 0
12360 1
7522 2
12366 2
4176 3
4177 2
4181 0
4184 2
4187 3
4189 0
15717 0
4195 1
4197 2
4198 0
12392 1
4201 2
4202 1
7527 3
12402 1
12406 2
12408 0
10260 1
12411 2
4221 2
4222 2
4225 2
12421 0
8897 2
12424 2
12425 1
12426 0
12429 0
4238 0
4239 0
4241 0
17091 0
4245 2
4249 1
4250 1
4251 2
4254 3
4256 2
17094 1
4262 2
12456 1
12459 1
12461 2
17268 1
16509 1
12464 0
12465 1
12466 1
4277 2
12470 2
13001 1
12472 1
12473 1
4282 0
8906 2
12480 2
12481 0
4291 0
8599 0
15734 2
12486 2
12487 0
4812 1
4298 0
4301 1
12494 2
12496 1
4305 1
12498 2
4307 2
4308 2
12501 2
4310 0
12504 0
4313 2
12506 1
12509 2
4318 2
4319 0
4320 2
12514 0
4323 2
4325 2
4327 1
4328 3
12521 2
12526 1
4335 2
4337 2
12530 1
4819 1
4340 0
18148 0
4342 2
12536 1
12539 2
4348 2
8601 2
4354 2
18475 0
4822 0
4359 2
6419 2
12554 3
4363 2
4365 2
12558 0
13016 2
4370 1
4371 2
6965 2
4374 2
12568 2
7556 0
15967 0
12571 1
4380 2
12573 0
4383 2
12578 0
12579 0
12580 2
4390 1
4391 2
3463 2
12592 2
12594 1
10291 1
4404 0
8330 2
15753 0
6197 1
5057 3
16929 2
12695 3
12613 1
4422 2
4423 2
12617 2
4426 0
420 1
4428 1
4430 1
11661 2
12626 2
4436 2
12630 2
4836 0
4442 2
12636 0
12638 2
741 2
4449 2
18491 0
8934 1
4457 2
17127 0
4462 2
2109 0
744 2
4466 2
12660 2
15970 3
4471 1
4475 0
12668 2
4477 0
4480 1
12674 3
4483 0
4484 1
4485 2
8104 2
4491 1
12684 1
4493 2
12686 2
4495 1
4497 0
4498 2
14403 0
4501 0
15769 2
4505 0
12698 2
4510 1
4511 1
16517 1
12705 2
3483 1
4517 1
4518 1
12711 2
4520 0
4522 1
12717 1
4527 1
4528 2
4851 2
4532 1
12727 1
4536 0
4537 2
12730 1
4539 1
12732 1
10314 0
12734 0
12737 1
12739 2
12744 0
13047 0
12748 2
4557 1
4559 3
6222 0
4566 2
12759 1
4568 0
4570 1
18511 3
4573 1
4574 3
15781 1
4580 1
4581 1
4582 2
4583 1
4586 1
4589 2
4594 1
4595 1
12788 2
12790 0
12792 1
10324 1
12795 0
4605 2
6850 1
1790 2
12802 1
12805 1
12806 0
10792 0
14611 1
4617 2
12811 2
4620 0
4621 2
4625 2
4626 2
4867 0
4630 0
4632 2
12826 2
4635 1
12828 0
10330 3
4641 2
4642 0
4643 1
4645 0
12840 1
12842 2
4652 3
4653 0
4654 1
4656 1
13064 3
4658 2
4659 2
12852 2
4662 0
4663 0
2221 0
4667 2
12861 2
12862 2
16125 2
4672 2
12865 2
12866 2
4675 1
12869 2
12870 1
4679 0
12872 2
12874 1
12431 3
17980 0
4688 1
5323 2
4699 1
12896 0
4706 0
4707 2
4709 1
4710 1
12904 2
3516 3
12906 2
12907 0
12908 0
8978 1
12910 2
4721 2
5340 2
4726 1
12919 1
12920 1
4729 2
12923 3
4733 2
4736 2
12930 2
12933 0
12937 0
4748 1
2613 1
12944 2
17176 2
12955 2
12957 1
12958 0
4767 1
4768 2
12961 2
12962 0
12963 1
12966 3
8877 1
12970 2
4779 1
12972 2
12973 3
4784 1
4785 0
4786 3
6259 0
17195 0
12981 1
18163 0
10356 1
4794 2
12987 1
12989 2
4799 1
17184 1
12994 1
4807 1
4808 1
4809 2
13002 1
4811 3
13004 2
4813 1
4814 2
17891 0
13011 0
4820 2
13014 2
4824 2
4826 1
4827 1
6266 2
4831 1
4833 3
13027 0
13028 0
4837 2
4839 0
4840 0
4841 2
16528 1
14461 0
13041 2
13043 2
4853 0
4855 2
13051 2
13053 0
13055 1
13056 0
4866 0
9003 2
13060 0
4871 0
4872 2
4875 0
4878 0
13074 0
13075 2
4884 0
13077 2
4887 1
13080 1
10372 1
8619 3
2181 1
4897 2
4898 2
4900 0
4901 0
17054 1
18567 3
13100 1
13106 2
17203 2
13108 0
13110 1
13112 1
13114 2
6282 2
4927 2
4929 0
4930 2
18571 1
4934 1
13127 2
13129 2
4938 0
9015 0
13133 2
13136 2
4920 0
13138 0
13139 0
4948 2
12417 2
4952 2
13147 1
13150 3
4959 0
4960 0
13153 2
13290 1
13156 0
13157 2
13159 3
13163 0
2194 3
13168 2
13169 1
13172 0
13173 2
13174 0
4984 2
4986 2
13182 0
2197 3
13184 1
4993 2
11755 1
4997 2
13192 2
5001 2
13195 0
13196 0
13198 1
5007 1
6689 2
13123 2
5012 0
13205 2
10393 1
13208 2
13209 2
13210 2
5021 2
13214 1
1531 0
5025 2
16807 1
5030 2
5031 3
13227 2
5037 2
5039 0
13233 1
13237 1
4937 2
13240 2
5049 3
13244 2
13245 2
13246 2
13249 3
13250 2
8079 0
5063 2
13256 1
9036 3
13259 2
6306 1
13262 2
16946 2
14899 1
13266 1
5076 1
13270 3
13272 0
5081 0
5082 2
13276 2
13277 2
14501 0
13281 0
13282 2
5091 2
13284 0
2909 1
5095 2
15868 2
5098 0
13292 0
13293 1
13295 1
13297 0
5108 1
5109 1
13302 1
13303 2
13304 2
5115 1
12991 0
13310 1
13311 2
5121 2
5122 2
5123 2
13317 0
13320 2
18604 2
5130 1
13324 2
10413 0
13144 1
5138 0
13331 2
13332 2
2222 2
13334 0
9049 2
5146 0
13339 3
13340 2
5150 0
5151 0
13348 1
13351 2
13352 0
13353 0
5162 2
13358 1
17245 1
13360 2
13363 2
8545 0
5173 2
13366 0
5176 1
13370 0
5179 0
5181 0
5182 0
13376 3
5185 0
5186 0
11787 1
18614 2
5191 2
5192 3
6174 2
18615 1
5196 2
5197 3
13394 0
13399 2
5209 2
5214 2
13413 2
13414 2
2236 2
5226 1
13427 2
5237 0
17257 0
5244 0
13442 2
13443 1
5253 3
13449 2
13453 1
5265 2
13458 0
13459 0
9070 2
5272 0
5274 0
15997 1
5289 0
8905 2
5292 2
5293 2
13489 0
13497 1
5306 1
5307 0
6346 2
13503 2
5313 2
5318 0
13511 2
13512 1
13513 0
5322 2
17271 2
15906 2
13518 2
13520 2
5329 0
13525 2
4542 1
5336 1
13529 1
8725 1
13532 0
890 1
13534 1
5345 2
5349 2
13542 0
5352 1
892 2
13547 2
5357 1
12999 1
13551 2
13552 2
13556 0
5365 3
13559 2
13560 0
9087 3
13565 2
5374 1
5375 2
5376 2
896 0
5378 2
10380 1
5382 0
13577 1
13578 2
5387 2
5389 2
13585 2
13586 0
13587 2
13588 2
13589 0
3453 2
5401 2
13595 0
13596 2
13599 0
13602 2
13604 0
1040 0
13607 2
13608 2
5422 2
13616 2
17288 1
15924 1
13626 3
5436 3
5437 2
13630 0
13631 2
5440 0
5443 2
5444 2
13638 2
5447 0
13640 1
13641 2
13650 3
13651 0
16243 1
9102 1
5463 1
5464 2
5465 2
13659 1
5469 1
5477 0
5478 0
13671 1
1819 0
5481 0
13674 0
5483 1
13676 0
5486 2
5490 1
5494 3
5496 2
5497 2
11367 0
5502 1
13695 2
5504 0
13697 2
5513 2
5514 0
13707 2
13708 3
13710 2
5519 1
13712 0
17304 2
13714 1
5524 2
17440 2
13718 2
921 2
13723 2
13727 1
13729 1
5538 0
5539 1
13732 2
5542 2
5545 1
13741 2
13742 2
6387 2
16279 0
17310 1
5561 2
13754 2
18349 1
13758 0
5567 2
5568 3
8096 2
5572 3
5573 0
13769 0
13772 2
5581 2
5583 2
5585 3
5586 0
5587 1
13781 1
10489 0
13784 1
5594 2
5595 0
13790 1
5603 0
13796 0
5607 1
13803 0
5612 2
13807 0
5618 0
13812 0
13820 1
5630 2
11861 1
5632 1
13827 0
5637 1
13830 0
5639 2
13834 2
5643 3
5644 3
13229 2
5650 0
13843 0
13845 1
9312 2
5664 2
7771 2
5668 2
5670 1
13864 2
5674 1
13867 2
13873 2
5684 3
5685 2
13879 2
5690 1
5691 2
13884 2
2099 2
5698 2
2315 2
13892 3
5047 0
5708 0
7778 0
952 1
13906 1
5716 0
5720 2
9465 1
13919 3
13920 2
13921 1
13922 1
5731 2
13925 0
13927 1
5736 2
1282 0
13933 0
18707 1
5054 1
5751 2
18708 2
5758 2
5763 2
5765 2
13959 1
13964 3
13965 0
13968 0
5777 2
5780 1
5782 0
11877 2
13978 2
5787 0
13981 3
5791 1
5795 3
13988 0
5798 2
13993 2
13995 2
13997 0
5806 0
13999 1
5064 2
5810 0
5811 2
5814 2
5818 2
5819 1
9741 2
14014 0
14015 0
14022 2
14625 2
5832 0
5837 0
5839 2
5841 1
14034 0
14036 1
5845 0
11897 0
14040 1
5850 2
5853 2
14047 1
5858 2
5859 2
5860 2
14053 2
5865 1
5866 3
5870 0
5871 3
5872 0
18706 2
14066 3
14068 0
5878 0
5879 2
5881 2
5884 0
5888 2
14084 1
14085 3
5894 0
11905 3
14095 2
742 0
5907 2
14101 0
14103 1
18746 2
11909 2
5921 1
5922 0
10563 2
14128 2
14130 1
14132 3
14133 2
5943 0
5945 2
14138 1
14139 1
14144 2
9184 2
14150 1
801 2
5966 2
10428 0
5972 3
8655 2
5975 3
5976 3
5978 0
5979 0
5980 3
14186 2
5982 2
14177 2
14180 1
13286 3
9474 1
4677 1
5998 3
14191 2
6000 0
6001 0
14194 2
9478 2
14198 3
17225 0
6013 2
6015 0
6016 2
14209 0
14210 2
14211 0
14212 2
6022 2
6023 1
3183 2
14218 0
14219 0
14221 0
14222 0
18755 3
14233 0
14234 0
6044 3
6045 1
6047 2
14240 1
14662 2
6054 2
14247 0
6057 2
6058 0
14251 0
6060 0
14256 1
14258 2
14259 1
14262 2
14263 2
6073 2
14266 0
14267 1
13301 2
14274 2
14275 1
7841 3
14284 1
14285 0
6094 2
14287 1
6100 2
14293 0
14297 2
6106 0
10575 1
14302 2
6114 3
17403 1
14673 2
14313 2
17935 1
6123 2
14316 2
18770 0
14320 2
6129 2
14322 2
14323 2
6132 2
6133 1
14327 2
6136 2
14331 2
6140 2
6143 3
6145 2
6151 2
6152 3
6153 0
6154 2
14347 2
6156 0
3751 1
14350 1
6159 2
6164 2
14357 2
14360 1
6169 2
14362 1
14363 1
14364 1
14366 0
5125 0
6176 1
14369 2
14372 0
14373 1
6182 0
6184 0
6187 2
14380 0
6191 1
14385 1
6196 2
14389 2
6200 1
6201 2
6205 2
6206 2
6207 2
2116 2
12209 2
6211 0
14405 1
14407 1
14408 2
17665 2
14690 2
207 2
9229 1
14417 0
6231 2
14427 2
18645 0
14430 3
14431 1
14433 2
1026 2
16059 0
14439 2
6251 2
6253 2
6255 2
2936 0
481 1
14455 0
14458 2
6267 2
6269 1
5141 0
6276 1
1046 2
2333 2
15212 3
14474 3
6284 0
14477 0
1048 3
14482 2
16067 2
6295 3
14488 3
14490 2
14494 0
14498 2
1051 1
6309 0
14502 1
6513 0
14504 2
14505 2
6314 3
6315 0
14512 1
10849 0
6330 2
6331 2
6332 2
6333 1
6336 2
14529 0
17500 2
17669 2
14533 2
14535 1
14538 2
2939 2
14540 1
6349 2
14544 2
14546 0
6355 3
6357 2
5156 0
6363 2
6365 0
14561 3
2427 2
6373 1
6374 1
1576 1
14571 2
6380 0
6381 1
6384 0
6386 1
14579 0
14580 3
14583 0
14586 2
6398 3
14592 2
1067 2
6407 2
486 2
6410 3
14604 2
6413 1
14608 2
6418 0
18819 0
1070 1
6424 0
14724 2
9263 1
6428 1
6429 1
6433 1
14629 1
6441 0
6442 1
6443 2
6445 1
6448 1
10632 1
14642 2
5171 1
14647 2
6456 1
14649 2
14651 2
8944 1
6462 0
14655 3
6465 0
14661 2
6470 3
6472 0
6473 2
14666 2
1079 2
14671 0
6480 2
6481 2
14674 2
14675 2
6488 2
14681 2
8945 2
14685 0
6495 0
2944 2
6500 3
5672 3
6505 0
8400 0
7912 0
6514 1
18662 2
6519 2
6521 0
6522 2
6523 2
14717 1
6527 1
8923 2
14728 3
14730 1
14731 2
3821 2
14736 2
14737 2
18767 0
13379 0
8827 2
6553 0
2458 0
14750 2
6563 3
14756 0
6566 1
8402 2
14761 1
6575 2
6576 2
6577 1
14770 1
14772 1
14779 2
14781 0
14782 2
6593 2
14787 0
14789 2
14791 2
6600 0
14793 1
6603 1
6604 2
6221 1
6608 2
14802 2
14755 1
14804 2
6616 1
18852 0
6619 2
6620 2
6880 1
6427 2
16123 1
14820 2
14821 2
6630 3
6631 2
6634 0
14828 0
14829 2
7791 1
14832 0
10664 1
6642 3
6646 1
6647 2
6648 2
1858 1
14845 0
14849 2
2475 1
6662 2
17495 1
3842 0
6671 3
14865 0
6676 0
14869 1
6679 2
14873 2
14877 2
14878 2
14879 2
14768 0
9307 2
6692 2
6695 3
6697 2
14890 0
6699 1
6702 1
6703 1
6707 1
6708 1
6709 0
16137 1
14904 2
10915 2
6718 2
1120 3
14914 2
6723 1
6724 2
6725 0
9313 0
14920 0
6730 1
14924 1
14925 2
14928 2
14929 1
6740 1
9316 0
6747 2
14941 1
14942 3
6753 0
14947 1
6757 0
14951 2
6760 0
14954 2
14955 2
6768 0
6769 0
6770 2
6772 1
14966 0
14969 3
14972 2
6781 3
4863 1
6787 0
6788 1
14983 2
6794 2
16151 1
14988 1
14989 0
8105 2
14996 2
15000 0
6809 0
6810 1
15004 2
15005 1
4864 3
6597 1
12502 2
15009 2
15011 0
5137 1
15014 0
15017 1
15021 2
6830 2
14792 2
1139 3
6837 1
6838 1
6839 3
15034 2
15035 3
15038 2
15039 2
15042 2
15043 2
15044 1
15045 2
6855 1
6859 1
6860 1
6861 0
6862 3
15055 2
6866 2
6867 1
6871 0
6872 2
12068 0
6874 1
6875 1
15068 2
15069 2
15070 2
15071 0
15072 0
6881 2
15074 0
15075 2
1593 2
6890 1
16167 0
15084 3
15085 2
6894 0
14803 2
6900 1
15093 3
6904 0
6905 1
15102 1
15103 1
15105 1
15106 1
15107 1
15109 1
6918 2
6920 2
6923 0
15119 0
4465 0
2520 2
6930 1
15123 1
15124 3
6933 3
6942 1
6943 2
16598 2
15137 3
6946 2
14811 2
15140 0
15141 1
6950 0
15144 0
15145 0
6958 2
14616 0
6961 1
6963 2
6964 1
15157 2
5257 0
15160 1
1323 0
15162 1
7989 2
6976 2
15169 3
6982 0
210 2
15184 0
7001 0
15194 2
7004 2
7006 2
15204 2
7013 0
7018 1
7020 2
15214 1
7023 1
7024 2
15220 2
4302 1
15223 0
15225 1
15227 3
14826 2
7038 0
7039 1
209 2
7043 2
7044 3
7045 2
15241 2
7052 1
15245 2
15246 0
7055 1
7056 2
15250 3
16741 2
7064 2
7069 0
15264 2
7074 2
7075 3
7076 1
1180 1
7085 0
15279 2
7088 0
15284 1
8009 2
1183 0
15292 1
15293 0
7102 2
10741 1
15296 2
13330 0
15299 0
7108 1
2550 3
7116 1
1186 0
7120 2
7121 2
15314 0
7123 2
15316 1
15319 0
7129 2
13058 0
16207 0
15324 1
15329 2
7139 0
15333 2
7142 1
7143 0
7146 1
15342 0
7151 0
7155 2
15349 1
17577 1
15355 2
7164 2
17578 2
7166 3
17595 2
15371 2
7181 0
15374 0
15375 1
7184 0
15378 0
14851 2
7188 2
15381 2
15384 0
6158 2
7194 2
15387 2
18516 2
11488 1
15396 2
7205 1
7206 2
15400 2
7210 3
15405 2
7214 2
15409 2
15413 2
7222 0
15417 2
15419 2
7229 0
15424 0
15426 1
7235 2
15428 2
15429 2
15431 2
241 0
7244 0
7245 0
15438 0
15440 1
430 0
7254 1
9401 0
7256 2
7260 2
15457 2
13499 1
15460 0
15462 3
6673 1
18246 2
15478 2
15485 3
10773 1
15488 3
15490 1
15491 1
15493 2
15494 3
15496 0
15497 0
15498 0
15500 2
15503 2
15505 0
15506 1
7315 0
4519 0
15509 1
15510 2
15511 0
15513 0
15514 0
15516 2
12733 1
15521 2
15522 1
11428 3
7332 2
15525 2
15527 1
7336 0
7337 0
15531 0
15539 0
4609 1
15545 3
2591 0
9418 1
15552 1
15248 1
7363 0
7367 2
15562 0
7372 2
15565 1
7374 3
17613 0
7379 2
7380 0
11724 2
7386 1
15582 0
7391 1
246 0
7395 1
4338 1
15594 3
7403 1
7405 2
7407 2
15600 2
7409 1
7410 2
15603 1
15604 2
7413 1
17432 2
15610 0
7419 0
15616 0
15617 2
15628 3
15629 1
7440 2
6128 2
15634 0
15636 2
7447 2
7450 2
7452 2
13530 0
7454 1
8069 2
7458 1
7459 2
7460 2
7461 1
15654 2
15655 2
9523 0
15658 2
15661 1
7475 0
15669 1
15670 3
7480 1
7481 1
15674 2
7483 0
14901 0
2563 2
7489 2
7491 2
16362 2
15798 1
14903 2
7504 3
9443 2
2617 1
15704 0
15706 1
15707 1
7516 2
11707 2
15711 2
15712 0
15713 2
15714 1
7525 3
15718 0
15719 1
15721 2
15722 2
17639 1
7532 2
7538 3
7541 1
7542 2
16618 2
7547 1
7548 2
15741 1
15744 2
15745 2
15746 0
15748 2
15749 1
4616 0
14913 2
7561 2
15755 0
7564 2
15758 2
9453 3
15761 2
15762 2
7571 1
15764 0
15765 2
7575 2
14916 0
7583 3
15776 2
5360 1
15779 0
7589 0
9457 2
7594 3
15787 3
15788 1
17650 1
15794 1
17651 0
7606 0
2633 2
15802 3
7612 1
7617 1
7618 0
17654 3
7622 0
11165 0
15817 2
15818 2
15822 0
6733 0
15824 2
15825 0
15826 3
7639 2
7640 3
6736 0
15845 2
7655 3
15850 2
8103 2
15852 2
5373 1
7665 0
15858 0
15863 2
14932 2
7676 0
4010 2
15871 1
15873 0
10838 1
7687 1
15880 1
15882 0
15883 0
7693 2
7694 1
7695 2
7699 2
15892 1
7701 0
15894 1
15895 0
7705 0
15898 2
15899 1
7708 1
7709 3
15902 1
9477 2
7712 2
14945 1
15908 1
18806 2
8113 3
7724 3
15920 1
15921 2
4019 1
7732 1
7733 3
15927 0
7740 0
1290 1
7747 2
7748 2
7751 2
7753 3
16311 2
2658 2
7760 3
15954 1
15958 3
15959 1
15962 0
15963 2
15966 2
14949 0
5564 1
15971 2
7781 2
7783 0
15978 3
7789 2
15983 2
15984 0
14952 1
7795 0
15993 1
7802 0
15995 2
7805 2
15999 1
16000 2
5562 1
16002 2
16003 2
9494 1
10363 0
7819 3
16015 1
16018 1
16023 1
16029 0
16325 0
14960 2
7844 0
16037 1
16038 2
16041 1
1309 2
16049 1
16053 1
16056 1
16057 1
16058 0
9503 2
16060 2
16061 1
7871 0
16064 2
16066 1
7875 1
16068 2
16069 2
7878 0
16073 1
1314 1
16078 1
808 2
16081 2
7890 2
7891 2
4046 1
16088 1
7898 0
16091 2
8145 1
16104 0
16106 2
16108 2
7917 2
16110 2
16113 2
16115 2
16117 2
7929 3
10879 2
7933 2
7935 2
16129 1
7939 2
16132 0
16134 0
7945 2
16139 2
16143 2
16145 0
16146 2
16150 2
12249 1
7962 0
16156 2
12250 2
7970 1
7974 0
7975 2
6791 2
16173 3
7982 1
16176 0
7986 2
16179 3
16181 1
16182 1
16183 2
16184 2
16186 2
7996 2
7998 3
16192 0
8001 1
8004 2
16197 0
11871 2
16200 0
6796 0
16202 0
17719 1
12258 2
8014 2
6797 2
16209 2
16211 2
9045 2
8022 0
8164 0
16220 2
16223 2
16224 2
16231 1
16232 0
16235 1
6802 3
16238 3
16240 1
16241 0
8051 0
8054 2
16361 2
16248 2
8059 3
16252 1
4074 1
8062 3
8066 2
10907 1
16261 1
8072 1
16265 1
16266 2
8075 2
8076 2
16271 2
16272 0
17727 1
8082 0
16276 1
16277 2
16278 2
8087 0
16281 1
16282 1
12271 0
16284 3
2714 0
8095 3
16288 1
16291 2
16292 0
16295 1
7362 1
16297 0
16301 1
5448 0
8115 2
8116 2
8119 0
8121 0
16318 0
13364 3
8454 0
1355 1
16374 0
10913 3
15001 1
8143 0
16337 2
8146 2
16339 0
8148 0
16341 0
8150 0
8152 3
2724 1
8154 3
16347 2
8156 1
8162 0
16356 0
8165 2
8168 2
4092 0
8170 2
8173 0
16367 2
8179 2
16372 1
8182 2
16376 2
16379 2
16380 0
16381 1
8190 2
