8192 2
0 0
7365 0
16387 2
8196 1
16389 0
8198 2
16393 2
8203 0
16396 1
16397 1
16402 1
8211 0
16404 3
16405 2
8219 2
16412 0
9562 2
16414 2
16415 2
35 0
8228 2
37 0
16424 1
8234 2
6834 0
16430 2
16431 2
16432 0
16433 2
16438 3
17759 1
16445 2
62 2
2741 2
66 1
16452 1
69 1
8262 2
16455 2
16456 2
73 2
8266 2
75 2
79 3
80 1
84 3
16469 1
16471 2
8283 1
93 3
16478 1
5477 0
7802 0
16484 1
16485 0
8294 2
8295 2
17767 1
8210 0
16495 1
112 3
16501 1
12279 2
120 3
122 3
16509 1
21 0
8320 0
8324 0
133 2
16519 0
16521 0
8330 2
8331 2
8333 2
16527 2
144 2
8338 2
8339 0
8340 2
16533 1
151 1
8345 3
8346 1
16539 0
16540 2
16542 0
16543 2
16544 3
8353 1
16546 0
163 2
8356 3
15046 1
16550 1
9585 0
8361 2
16555 3
8364 2
173 2
1965 2
8368 1
178 0
8371 2
8222 2
183 2
8377 1
16572 3
190 3
8385 0
8386 2
196 0
197 2
16583 2
8392 2
202 2
16587 0
16590 3
15053 2
208 2
16595 3
215 1
216 1
16602 1
8412 1
8413 2
8415 1
16612 1
553 1
16615 0
16616 1
16618 2
8427 2
8430 2
8435 3
244 3
8437 3
8438 2
16631 0
10964 0
250 1
16636 2
12330 1
254 0
8447 0
16640 1
16644 2
16646 1
263 2
266 2
16652 0
271 2
16659 0
16663 2
8473 2
283 3
16668 1
16669 0
16670 0
287 2
16672 0
48 1
8483 0
9606 1
8486 2
8241 2
8488 2
16681 1
16684 2
10973 2
8496 2
305 2
8498 3
16691 2
309 0
16697 2
8507 2
16701 2
319 2
15072 0
16708 0
7103 2
330 0
16715 0
8524 2
333 0
334 3
16719 2
16721 1
338 1
342 2
344 2
8539 1
16733 2
16737 2
3285 1
16740 0
16741 2
16743 2
360 2
16745 0
15079 3
367 0
16752 2
8561 0
16755 2
8564 2
375 0
8568 0
8570 1
166 1
16765 2
383 0
384 1
8578 2
387 0
5526 0
390 1
392 1
8585 1
394 2
396 1
16781 0
1377 2
8592 2
8593 0
16786 1
405 0
16794 3
411 2
8604 2
8608 1
8609 2
5531 3
420 1
423 2
424 0
16811 2
8621 0
16814 2
16815 2
8625 2
10380 1
16819 2
439 3
8632 2
442 1
16827 2
446 2
447 0
8640 0
450 1
8643 1
16836 1
16837 1
454 2
455 1
16841 2
8655 2
464 2
16849 0
16850 3
16851 2
16854 2
15232 1
8664 1
8665 2
8666 2
16864 2
8673 1
8675 2
485 2
8679 2
488 2
16873 1
1447 3
16876 3
16884 1
6910 2
16886 2
503 3
8276 1
506 1
508 0
8704 0
8708 2
16902 2
6913 0
16905 1
8714 1
524 2
16909 1
3018 2
8722 3
8723 1
9646 1
535 0
536 3
537 3
538 0
8731 0
8732 1
16926 2
543 2
16928 2
545 2
16930 2
8739 3
548 1
549 2
16935 2
16937 2
554 2
16939 1
16477 2
8756 2
8758 2
567 2
568 0
8761 1
571 1
8764 1
573 1
8766 2
8767 0
16960 1
8769 1
16386 2
8771 3
581 1
16966 2
583 1
588 1
8781 3
8782 0
591 1
16976 1
8786 1
16980 2
8789 2
17849 2
601 1
8794 1
8795 3
605 3
606 0
8293 1
16992 2
16993 2
8802 1
611 1
8805 2
8806 0
1468 2
618 1
8811 1
17005 1
8814 2
623 2
4200 3
15123 1
17012 3
17854 0
17014 1
632 0
8825 1
13759 0
17022 0
17023 1
17024 2
643 2
17028 0
646 3
17031 2
8841 2
17034 0
8843 2
652 2
8845 0
654 0
8849 2
658 0
660 2
661 1
8855 1
664 0
17049 1
17050 1
667 2
8862 2
17055 2
674 0
1659 0
17061 2
17062 0
680 0
17065 0
17066 2
8875 2
17071 2
17074 1
17075 0
12571 1
17081 0
17083 1
8892 1
296 0
8897 2
17090 3
8904 1
17097 2
714 1
17099 2
15138 0
8480 1
8912 3
9439 2
2851 1
8916 2
9678 3
8920 1
8921 2
730 2
17115 2
297 2
17119 0
737 2
738 2
17125 2
17126 2
8935 2
744 2
17129 1
8938 2
17131 1
8940 2
8941 2
4221 2
752 3
17137 2
17138 1
755 2
18847 3
15145 0
8953 1
762 1
8955 1
764 2
5589 3
17152 1
8962 3
8963 2
2460 0
774 1
775 2
8971 2
8974 2
8975 2
17168 2
8978 1
787 2
17173 1
790 2
17175 3
17176 2
8986 2
795 2
17180 2
8989 1
8990 2
8991 2
17184 1
11056 0
802 1
17187 2
8997 0
17191 0
808 2
17193 2
6028 0
17195 0
17199 2
9008 0
9009 2
17205 1
17206 1
17207 3
825 2
9018 2
17211 1
16522 1
16095 1
17218 1
139 3
17220 1
837 0
17224 3
1119 2
17227 1
17228 0
845 1
17231 0
17232 1
6968 0
850 1
17235 0
17236 3
9045 2
17238 1
17239 1
856 0
9051 1
17244 0
861 2
862 0
863 0
17251 1
17252 2
17256 2
876 3
17262 0
879 2
17265 2
883 1
17268 1
9079 1
888 2
575 1
9082 2
17275 0
892 2
894 2
9088 3
17283 0
9092 0
17285 0
902 1
903 0
17288 1
17290 2
9099 0
9100 2
6978 0
910 1
911 2
17297 0
17299 0
916 0
17302 2
9111 2
921 2
17308 2
12172 1
17311 2
17313 2
932 3
17318 2
936 3
9129 2
17322 2
17323 0
17324 2
17325 1
9134 0
17327 1
17331 1
17333 2
9142 0
17336 2
9145 0
17339 1
11082 2
961 1
9155 2
9156 1
9157 3
17351 1
17352 0
970 0
162 2
17360 2
9169 0
4259 2
17364 2
9173 2
17366 0
17379 2
17381 2
1002 0
1006 0
17391 0
9200 0
9201 0
17395 2
17399 2
1020 0
9214 3
1023 2
9216 0
9219 1
1028 1
9221 1
17414 0
1035 2
17421 1
9230 0
8365 1
9236 1
17432 2
17433 1
1051 1
1052 0
9247 0
17440 2
17441 2
9250 2
17926 0
9254 1
1063 2
9257 0
17450 1
1067 2
9262 2
17455 0
9264 1
17457 0
5495 3
1077 2
9270 2
17463 1
9274 2
17469 0
17470 0
9279 2
17472 0
1089 3
9282 3
17476 0
17477 1
9287 0
17480 2
1098 2
9292 1
1101 1
1102 0
17487 2
17488 2
9297 0
1107 1
9300 1
17493 0
185 2
9304 2
9305 1
1114 1
9308 1
9310 0
2917 0
17504 2
9313 0
17506 2
17507 2
17509 2
9318 0
9320 2
9321 0
9322 1
17516 2
1135 2
1137 0
17522 0
9332 2
11840 0
9336 2
1147 2
9341 2
1150 2
1151 1
17536 2
17539 3
1156 3
13846 2
17542 1
17544 2
17549 1
17550 2
17553 2
9362 0
9363 1
17556 2
17503 2
1175 2
17560 1
15215 0
17564 2
9375 0
17570 2
17571 1
17574 1
9383 0
17577 1
9386 2
12487 0
17581 1
9390 1
1567 2
4536 0
9397 2
17590 2
17593 2
17594 1
17595 2
16680 1
17084 1
1217 2
1218 2
17603 3
17604 0
9415 1
1224 1
17609 1
17610 2
9420 1
9421 2
9422 0
11128 2
9426 2
9427 2
9428 2
1239 0
1246 3
17631 0
1251 1
9446 1
17639 1
17640 1
17641 1
17642 1
9451 0
9452 2
9455 1
17649 1
17650 1
1267 3
1268 0
9461 2
17654 3
1273 2
1274 0
9467 2
17660 2
9317 0
1281 0
17666 2
4310 0
9478 2
9479 2
17672 0
1290 1
12503 0
1295 1
17682 0
17683 0
9492 2
17687 1
17688 0
17689 2
17691 2
17692 3
17693 3
9503 2
9505 2
17698 0
17702 2
1319 0
220 2
1322 2
17707 2
17710 2
16411 1
1331 1
1337 0
1338 1
9531 2
1340 2
1341 2
17726 2
17727 1
1344 0
1353 0
1354 1
17739 1
9549 2
1359 1
17744 1
1362 0
9555 1
9557 1
9558 1
17752 1
17753 0
17754 2
17755 0
17756 0
17757 1
9566 0
1375 2
17761 0
500 2
1380 0
1383 2
9578 1
2962 0
1390 2
9584 0
17777 0
17907 0
9587 1
1396 2
9592 1
17785 0
17786 2
9597 2
1409 0
1410 2
1414 2
1415 2
17801 2
7063 0
9615 2
9616 0
16687 1
9625 0
4335 2
1436 1
9630 2
1439 2
1440 2
1441 1
1442 2
9635 2
9636 2
9637 1
9639 2
7068 1
17836 0
9645 2
1454 2
17839 0
9648 2
17841 1
1460 3
1463 1
1465 2
1466 2
17852 2
1470 2
1473 1
17858 0
246 0
9673 1
1482 1
1483 2
9676 2
1486 0
9805 0
1488 1
17879 0
17885 0
17887 2
17893 0
17895 0
9706 1
1523 0
16638 0
9719 1
9720 1
9722 2
17919 0
1538 2
17924 0
17925 0
1542 2
9735 0
1544 1
1546 0
1548 2
12546 0
17934 2
17936 0
9745 0
17944 1
1561 2
9754 2
7087 1
17951 2
15280 1
17955 2
9764 0
9765 0
17959 2
9768 2
1579 2
17964 0
9773 2
17966 1
9781 1
9782 2
1591 1
9784 2
17977 2
1594 1
17979 2
1596 2
1597 1
9791 2
1600 2
17985 2
1608 1
15602 2
599 0
17996 1
9826 2
9812 0
9814 0
11193 0
9817 2
1630 1
1631 1
1634 2
18020 0
9829 2
9830 2
1640 2
18028 1
1646 0
18032 0
5736 2
18036 2
18037 1
17513 2
9849 0
9593 2
15295 2
9852 0
1661 1
9854 1
18048 2
9857 0
1666 2
1667 1
1669 1
1671 1
9865 3
1674 2
9868 1
1677 0
18062 2
9873 2
18067 0
9876 0
18030 2
9882 1
9886 0
7109 0
9891 3
18085 1
1702 2
1703 1
9897 1
1708 3
8477 0
18097 1
18098 2
9907 2
18100 1
18104 0
18109 2
18110 1
1729 1
18114 2
18118 1
9927 2
18121 1
17243 1
18123 2
18126 0
291 1
7118 1
1750 1
1657 2
9944 0
18141 0
18142 1
1759 2
1760 0
9953 0
1762 0
9955 0
18148 0
9958 0
1767 2
1660 1
18154 1
18155 1
18156 1
18159 2
18161 1
7123 2
1423 2
1662 2
15758 2
16699 0
7104 0
1788 2
9981 2
9982 1
18175 1
18176 2
1664 1
8959 0
18186 2
9995 2
4540 1
9998 0
10000 0
10001 0
18196 1
10426 1
18201 1
10010 0
18203 2
11226 2
18207 2
1826 2
10019 3
18212 1
1830 0
1832 1
18217 0
18218 2
1835 1
18221 2
10031 2
10032 1
18225 2
10034 1
10035 2
10036 2
10037 2
10038 2
1847 0
18232 2
18233 2
18234 2
1852 1
10046 2
8501 0
10048 2
7136 0
1858 1
14792 2
1861 0
10054 1
10056 2
1866 2
11234 1
18259 1
10869 1
18264 1
10074 2
1887 2
10080 2
10082 3
18275 1
12724 1
18279 1
10088 1
18282 1
11239 2
18284 1
18286 2
18287 1
18290 0
10099 2
18292 0
10102 0
1911 0
10105 0
18301 2
1918 2
1924 2
18310 3
18312 1
10123 2
18316 1
10125 1
18320 0
10129 2
10130 2
18323 0
18324 2
1944 0
18329 1
10139 2
10140 2
1949 2
10147 3
18340 2
18344 2
10155 2
1964 2
3058 1
13981 3
18354 0
18355 3
18358 3
1978 0
1979 1
18364 1
18366 2
10175 0
1991 2
1992 2
18381 1
18383 2
1699 1
2005 1
2006 1
2010 1
18399 1
2016 0
18401 1
18404 2
2025 1
2027 0
11797 2
18414 3
18419 1
18420 2
2038 0
18424 1
4436 2
18426 1
8797 3
2047 2
18434 3
10244 3
18437 0
10247 1
18443 2
18444 0
2061 3
10254 2
2069 3
2072 2
18457 1
2076 2
10269 0
18463 0
18465 1
16731 0
18470 1
18472 0
10281 2
2091 2
10285 1
10287 2
2097 3
18483 2
2100 0
2101 1
2102 2
10295 0
10296 1
10298 2
10299 2
10304 3
10305 2
10306 1
18499 1
2116 2
10309 3
10311 2
2120 2
2121 0
10317 1
10319 3
2128 1
2130 1
10324 1
11278 1
10327 1
8548 2
10330 3
10331 0
10332 1
10333 1
8549 0
5819 1
10340 3
18534 2
2151 0
2158 1
18543 0
1726 2
2166 1
8553 2
14015 0
10364 2
2176 2
10369 2
10372 1
18567 3
18568 0
18572 0
2189 0
10383 0
10384 0
3619 2
10386 1
18579 2
2196 0
2199 2
18584 1
18586 2
2207 1
2208 3
10401 2
18594 2
10404 2
2213 1
10406 0
10407 2
18601 0
10410 2
18604 2
2221 0
2222 2
11293 2
10417 3
2227 2
10422 2
18615 1
18291 0
2234 2
3103 0
2236 2
2237 3
2238 2
2243 2
2245 1
2248 2
18634 1
4471 1
2254 2
18639 1
10451 1
2261 1
2263 2
18649 0
18650 1
18652 2
3076 2
2272 0
18660 1
18662 2
18663 3
2280 1
18665 2
10475 1
2284 2
5307 0
10483 0
10484 2
349 1
10488 2
2297 2
2298 1
18683 1
18685 0
2303 0
10498 2
18134 2
10502 2
2311 0
10505 2
7442 2
1751 2
10510 0
10513 0
18706 2
4483 0
2324 2
10517 1
18710 2
10521 2
10522 1
18715 3
10524 2
2333 2
18719 0
18723 1
16774 1
18726 1
2346 0
10542 2
14045 0
10544 0
2353 1
2356 2
2358 1
18743 0
2362 2
2364 2
2365 3
10559 2
2368 1
10561 2
2371 2
10564 2
18760 3
2377 0
2378 1
10172 2
2381 2
2382 0
10575 1
2386 2
18771 2
2388 2
18083 1
10583 2
2392 2
1764 2
15901 1
10589 2
18785 3
18150 2
18792 2
18794 0
1444 2
10604 3
10605 1
10607 1
10609 0
10612 2
10613 1
1769 2
2426 1
2427 2
7173 1
2430 2
2433 1
2440 2
10634 1
18830 0
18839 2
18840 2
7236 2
10652 1
410 2
10655 0
10657 0
10659 3
10660 2
2469 0
10663 3
2472 2
2475 1
10670 1
18163 0
2487 2
2490 2
2491 0
10686 0
17541 1
16800 3
2500 2
2501 1
2503 0
18167 1
10700 2
10701 2
10702 2
2517 0
10714 1
2524 1
2525 1
2527 1
2529 0
2530 0
2531 1
4518 1
12711 2
10734 1
1789 2
2544 0
12712 3
2546 2
2547 1
1790 2
10742 2
2551 0
2558 1
10755 0
617 0
2565 0
2566 3
2568 0
10761 0
2571 1
1144 2
10771 1
2580 2
10773 1
10774 1
10776 1
2587 1
10780 0
2589 0
2591 0
2593 2
2595 2
2601 1
10796 2
2606 3
10799 1
10802 0
10804 1
2613 1
2614 1
2615 2
10809 1
10810 1
10812 1
2621 1
2622 1
4533 0
2625 0
2627 2
10822 1
10825 0
2634 2
4535 3
2639 0
2640 2
440 1
2642 0
10835 0
10837 2
10838 1
10841 3
2650 1
14095 2
2653 3
2654 2
2655 2
1725 2
10851 1
10852 2
10857 0
10860 1
10862 0
1180 1
10867 1
10868 0
2677 2
10873 0
10881 2
2692 0
10893 1
2702 2
10895 1
2705 0
14257 1
10901 2
10903 2
10905 2
2714 0
2715 2
18202 1
2718 2
10913 3
2724 1
11693 0
2731 3
10925 1
2735 1
2738 3
2739 2
10933 0
10935 0
1823 2
2751 0
10945 2
2758 2
2762 2
16186 2
2764 3
2769 0
1827 2
2772 2
2777 1
2778 2
2781 0
2783 3
2785 2
2787 0
10981 0
10982 0
2791 2
2794 3
2797 3
2798 0
10991 1
18216 2
10994 1
10996 1
2807 3
14278 2
11003 0
7296 0
11010 3
11015 2
11016 0
2825 2
2826 2
2549 2
11020 2
15491 1
11034 2
11035 0
11036 2
2845 1
11038 2
15493 2
18224 0
17695 2
12763 2
11044 1
11045 2
2854 1
11047 2
3207 2
11052 0
11053 2
11055 2
1601 1
11059 0
11065 2
2874 0
11070 0
18229 1
2880 2
2882 2
11077 1
11078 2
16865 0
10189 1
2891 2
11087 2
11089 2
11092 3
11094 1
11095 2
2904 1
2909 1
2911 2
11106 1
2915 2
11109 2
11111 3
2921 2
2922 1
11115 2
2924 0
2925 2
11118 0
2928 1
11122 0
11125 1
11127 1
2936 0
2938 2
10047 1
14828 0
3221 1
11139 1
11140 1
11143 1
10050 1
8009 2
11154 0
15513 0
11162 2
2973 2
10053 1
347 3
18246 2
11174 0
11175 1
16823 0
2988 0
11183 2
2992 2
1864 1
2995 2
3000 2
3001 2
11196 0
3005 0
3012 2
1737 1
7330 0
11220 1
3030 1
505 3
3032 2
3033 0
3034 2
3036 0
11232 0
11233 1
3042 2
11236 1
3238 2
11238 2
3047 0
3048 3
3049 2
3056 2
3730 2
17287 1
7337 0
10004 2
5012 0
3074 1
11268 2
3079 2
11272 2
11273 3
3082 2
3086 0
3101 0
3102 2
17042 2
3104 0
3105 1
11300 2
3110 2
3114 3
11307 2
11317 3
8713 1
11323 2
16906 1
11327 2
11330 1
9379 1
11334 2
11335 2
11336 2
16908 1
3378 1
11346 2
11349 0
3165 1
11363 2
13199 1
11367 0
11368 0
3178 1
11371 2
3181 3
3185 0
3186 1
7358 0
14042 2
3195 2
14186 2
11393 2
11395 0
11397 2
3265 0
11403 2
3213 0
3215 2
3216 2
8728 2
18734 2
7363 0
3220 1
11413 3
11414 1
3223 2
2835 2
3225 2
3227 3
3229 1
11423 0
11428 3
3237 1
11430 0
3241 1
3245 1
3249 1
3250 2
3251 0
11444 2
542 2
3254 1
11449 1
11451 1
3274 1
11454 0
3263 2
3264 0
11457 2
3268 2
11461 1
3270 1
3272 0
11465 3
9929 2
11468 0
3278 3
11473 1
547 1
15566 0
3286 1
6009 3
11481 3
3291 2
3294 0
731 0
3296 0
9657 0
11491 0
3281 3
11496 3
3305 1
551 1
11502 2
3311 1
12840 1
3314 3
11508 2
1747 0
8745 1
11512 2
11513 3
3323 2
3327 0
3328 1
11522 2
4651 0
3333 1
11529 2
3287 2
11532 2
3341 0
2859 1
3352 1
6020 1
3355 1
3357 1
3358 0
3359 3
3360 1
11554 1
3363 1
11562 1
11565 1
11570 3
3380 1
3381 1
11577 1
5841 1
3387 1
3388 1
3393 1
11586 0
3395 1
3396 0
11590 0
18517 0
3404 1
1933 2
3409 0
2914 1
16953 1
3416 0
3419 2
11613 1
3422 1
3423 1
3424 3
11618 1
3427 2
11622 0
16481 1
572 0
3434 1
3435 3
8765 0
11633 0
3444 2
3446 2
15593 0
11640 2
11641 2
16959 2
13754 2
3461 0
3463 2
3466 2
9352 1
3470 1
11663 0
18328 1
3310 2
3479 2
11672 2
3482 2
3485 1
11678 0
3487 0
3488 2
15600 2
3491 2
3492 0
11686 0
3313 2
8775 0
3501 1
3503 2
3505 0
13829 0
3509 2
3515 1
3516 3
11709 1
3520 2
3521 2
14029 2
11716 1
8780 1
11724 2
3320 2
3539 0
17303 0
7483 0
11738 1
16975 1
3548 3
11741 1
592 1
3557 2
5574 2
3564 3
11761 1
3572 1
11766 0
11769 1
11773 2
3582 2
17850 1
7425 3
10156 1
3595 0
15941 0
18349 1
3601 3
3605 1
11798 2
11800 2
11804 1
11808 1
603 1
3621 2
11815 1
3627 0
11821 1
16989 1
11824 1
3634 3
11828 1
3638 2
11831 1
11833 1
16991 3
11837 0
11838 2
3648 0
11841 2
11842 0
11844 2
11845 2
3654 0
8801 0
11849 0
9669 2
11851 1
3660 3
3661 2
11856 3
11857 0
8803 0
11860 1
3671 2
3674 2
3675 1
11870 3
11871 2
11873 1
11874 1
18363 1
11876 1
12902 1
11878 1
11880 1
11881 1
11884 2
11885 0
11887 2
11893 2
3702 2
4713 0
11896 1
11897 0
3706 2
1983 2
17002 1
11904 1
3713 2
11906 1
11913 1
4771 2
3727 2
11922 1
11924 3
622 0
3734 2
3353 1
3740 0
3741 2
17037 2
3747 1
11941 2
11943 0
11944 2
15645 3
3762 1
11550 1
3766 3
11962 0
11963 2
11971 0
630 0
18675 0
3785 3
12919 1
15129 1
3790 2
3791 2
4728 2
11989 0
4729 2
14287 1
11997 0
11999 2
3808 2
4764 0
2753 2
3814 1
3815 1
12013 2
15301 2
12018 0
12019 0
12023 1
3833 0
3840 0
3841 2
12034 1
12037 2
7766 1
4738 0
3373 3
3858 0
9403 1
3862 2
3869 0
3876 2
17030 1
3879 2
3880 0
647 0
12076 2
12077 2
3887 2
3892 2
12086 1
12089 1
12097 1
12098 1
12100 2
12103 3
12104 2
12106 2
12107 0
12110 2
12111 2
12113 2
12114 0
6115 3
10212 0
12123 0
3932 3
7482 0
12126 2
12131 3
17041 1
12136 2
12137 2
12139 2
3949 0
3950 0
3952 2
12145 1
3954 1
3955 0
12152 1
12153 1
12158 2
3967 3
3975 0
12170 2
5588 3
3983 2
3985 2
9680 0
3990 0
12184 2
3679 2
13772 2
8858 2
4001 1
4009 3
4010 2
4013 2
12206 1
12207 2
4017 2
4019 1
12212 1
12958 0
12214 2
4027 0
8863 3
12223 1
4032 1
4768 2
12227 0
4036 1
12229 2
4039 2
12235 0
4049 1
4050 1
4051 1
4052 1
4053 1
4055 1
4057 2
4058 2
4059 3
12252 2
6138 0
4063 2
12256 3
12257 0
12259 2
12260 1
12261 1
12265 1
12266 2
12272 2
4081 1
4086 2
4087 0
4088 0
6143 3
12285 0
12298 2
12300 2
15704 0
4114 1
4117 3
2052 2
12314 2
4124 2
4126 0
4130 2
12324 2
15708 2
4138 3
12344 2
12348 1
12354 2
4164 0
4167 2
7231 0
17922 0
4173 2
4175 2
11619 1
12372 0
18446 2
12377 2
12379 1
4189 0
12384 1
4199 0
12392 1
4201 2
7527 3
4209 3
4212 0
12405 2
4217 3
12411 2
12413 1
14357 2
17089 0
12424 2
12426 0
12429 0
4239 0
12432 2
12433 2
4245 2
12438 0
2073 2
4248 0
4249 1
4256 2
12449 2
12451 1
4262 2
4264 1
12459 1
12461 2
4270 0
6173 0
12465 1
11599 1
12470 2
4284 1
8906 2
12486 2
3689 1
1234 1
4301 1
12496 1
3448 2
12498 2
12499 1
12500 2
12501 2
12502 2
18147 1
12504 0
4314 1
13007 1
12509 2
4318 2
17104 0
4322 1
4323 2
4325 2
17602 0
12521 2
4331 1
15741 1
4336 0
12530 1
4342 2
12536 1
4345 2
12539 2
12541 1
725 1
4354 2
4355 2
4359 2
6188 2
12558 0
4367 3
4368 1
4370 1
12563 2
4374 2
12567 1
4379 2
4380 2
12573 0
4383 2
4827 1
4391 2
12588 2
4399 1
2099 2
4407 0
12603 3
11658 0
10293 1
12611 2
12613 1
12615 2
4121 0
12618 1
11626 0
12623 0
15696 0
14392 2
12628 1
4437 3
12630 2
4442 2
7567 2
4445 0
12638 2
741 2
12643 1
12645 0
15761 2
4458 2
13614 2
4462 2
4464 2
12657 2
4467 0
12660 2
12663 2
4473 1
12666 0
4482 1
8939 2
4485 2
2113 2
13036 1
3685 2
4496 1
4497 0
4498 2
12691 0
12692 2
4501 0
4503 2
12698 2
4507 1
4508 2
4509 1
12796 0
4511 1
17136 0
4517 1
12710 1
8945 2
4520 0
12713 2
12714 1
12715 2
4524 1
12720 1
4532 1
12725 0
4534 1
12727 1
12728 2
4537 2
12730 1
12731 0
12732 1
12734 0
4545 0
12738 0
12739 2
4552 1
12747 2
4557 1
4564 1
4565 1
12762 3
4571 0
4573 1
4574 3
15781 1
12771 1
4582 2
4583 1
17652 1
12780 1
4590 0
12783 1
4593 2
12786 0
4595 1
12788 2
12790 0
12794 3
12795 0
4604 2
4605 2
12799 0
4609 1
3499 0
12804 1
12809 1
4623 2
4626 2
4627 3
4630 0
849 2
2138 2
4639 2
6235 2
4648 1
12842 2
12843 1
4654 1
12847 2
4656 1
4658 2
12852 2
12853 2
14431 1
12861 2
12862 2
4671 0
4672 2
4674 1
12868 2
12869 2
12870 1
12872 2
12874 1
12876 2
4685 0
4688 1
12885 1
4694 1
4698 2
17167 2
4705 1
4709 1
4710 1
4712 2
12905 3
12906 2
4716 3
786 0
7613 0
12913 2
4722 0
4724 2
4726 1
4727 1
12920 1
12921 2
12361 2
4733 2
13077 2
4736 2
12930 2
4741 1
4744 1
4752 1
4753 2
12956 2
4765 1
4766 1
12960 2
12961 2
12963 1
7524 3
12971 1
4781 1
17181 2
4784 1
15816 2
4786 3
12981 1
4793 1
12986 2
4796 2
12989 2
12990 3
15981 0
4801 1
4803 3
4805 1
12998 1
4807 1
4808 1
4809 2
4811 3
13004 2
4813 1
4814 2
4815 2
4817 2
4819 1
13012 1
13014 2
13015 1
13016 2
13017 1
4826 1
13019 2
4829 0
4830 0
13023 2
4832 2
4835 1
13030 2
4840 0
4844 1
6269 1
4848 1
13041 2
13043 2
13045 1
4858 1
13051 2
13053 0
4863 1
13056 0
4865 1
13060 0
13064 3
4875 0
4878 0
13076 3
13102 1
4887 1
4888 2
4896 3
4897 2
4898 2
4902 0
4906 3
4910 0
13103 3
13107 0
4918 2
13112 1
13114 2
4924 2
6282 2
4926 1
4929 0
13122 1
13123 2
4932 0
9014 3
13128 1
13129 2
13134 1
4945 3
8348 2
13139 0
4948 2
13143 0
4952 2
13147 1
4956 0
4961 1
13156 0
13157 2
13158 1
4979 1
4980 1
4981 2
13174 0
13176 0
4986 2
4989 0
13183 0
4993 2
4997 2
13192 2
712 2
5005 3
15853 1
13200 0
10392 2
13202 1
4931 2
13204 2
13207 1
13210 2
13125 1
5024 2
5025 2
13221 3
5030 2
13225 2
5035 2
13229 2
13230 2
13237 1
5046 2
13239 0
11764 2
13244 2
5053 0
13246 2
5058 2
844 2
13259 2
2210 2
9037 2
13266 1
13270 3
13271 1
8898 1
13276 2
5085 1
5086 1
13279 2
5088 1
13281 0
7675 0
13286 3
5095 2
5096 1
13290 1
13293 1
13295 1
13297 0
13301 2
13303 2
13304 2
5118 0
17237 2
13313 2
5122 2
5123 2
13317 0
13319 0
13320 2
10412 2
13322 2
13324 2
13329 2
13332 2
5141 0
5143 1
5144 2
13339 3
13345 3
5155 0
13348 1
13349 0
5158 0
18609 0
13352 0
13353 0
13355 2
5165 0
17245 1
13360 2
5171 1
13366 0
13371 3
13376 3
5185 0
13378 2
5187 0
13380 2
13153 2
5192 3
5194 2
12448 1
13390 2
13392 0
13395 2
13399 2
5208 1
3599 1
13405 2
5214 2
4538 2
5217 0
13412 0
13414 2
5225 3
5242 2
5244 0
5247 2
5249 2
13455 3
13458 0
13459 0
13460 0
5269 0
5272 0
17263 0
13470 3
13477 2
5286 2
5287 2
18475 0
5291 0
13565 2
13487 1
5297 0
10619 0
5303 0
884 1
5306 1
7711 0
13173 2
5317 0
13512 1
5321 3
13516 1
13520 2
9080 0
11811 2
17273 2
5336 1
13532 0
5345 2
5349 2
13543 0
13544 2
13545 3
13549 2
5358 1
13551 2
5361 2
13557 0
5368 0
13561 1
5371 1
5372 2
5373 1
5374 1
13568 3
17280 1
5378 2
13572 2
5381 2
13578 2
13580 2
13583 2
13586 0
13587 2
13588 2
13599 0
13600 1
13602 2
13603 0
13604 0
13607 2
13608 2
13610 1
9095 2
5422 2
5425 0
14638 1
13621 2
13622 2
5431 0
13624 1
3636 3
5435 0
5436 3
5437 2
5444 2
5445 0
13638 2
17292 1
6370 2
4546 1
13650 3
5463 1
13659 1
13662 0
14565 1
13667 0
5476 0
2278 2
5478 0
9457 2
13676 0
13677 0
5486 2
5490 1
4820 2
13685 1
13687 2
13689 0
13691 2
5502 1
13695 2
13697 2
2283 2
13701 3
14572 0
919 0
13708 3
8367 0
13710 2
5524 2
13718 2
13720 2
13721 1
13723 2
13727 1
6384 0
5539 1
3655 1
5549 3
5551 1
13744 1
5553 2
5555 3
17310 1
3657 0
5560 1
5562 1
15946 0
5567 2
5573 0
13766 0
5576 1
13769 0
5578 3
5580 1
5581 2
5583 2
14916 0
5587 1
13780 1
13781 1
13782 2
13783 2
5592 3
13786 0
18682 1
13790 1
5603 0
13796 0
9734 0
13806 1
5619 1
5620 0
18687 0
5628 1
5632 1
5637 1
5638 0
13834 2
13836 2
5645 0
13842 0
5654 2
5657 1
5661 1
15737 0
13858 0
5670 1
5672 3
13866 0
13867 2
5684 3
5686 2
13879 2
13883 0
13884 2
13283 2
13888 0
5698 2
7282 2
13900 0
15970 3
952 1
13917 2
11877 2
13920 2
5729 0
13922 1
5731 2
13927 1
13928 1
5743 1
13938 2
5747 0
5054 1
5751 2
5753 0
15423 0
13951 3
13954 1
13959 1
5769 0
5772 0
13967 1
13968 0
13978 2
18714 1
10523 2
5798 2
13991 1
5800 1
13993 2
13995 2
18717 2
5809 2
5810 0
5811 2
5812 0
5814 2
10527 3
9162 1
4831 1
5823 2
5824 2
14019 2
7798 1
14022 2
14028 1
5837 0
5840 0
14033 1
14036 1
5845 0
5850 2
5851 3
5853 2
18725 1
14050 1
5860 2
2342 2
5862 2
5868 2
5869 2
14062 3
3709 2
14065 0
14067 0
14068 0
5879 2
14074 3
530 2
14078 1
3712 2
5894 0
5903 2
2350 2
14103 1
5913 1
5916 1
16291 2
5921 1
5922 0
14116 1
9199 0
14120 2
7815 2
14128 2
14130 1
14131 1
14133 2
5943 0
14137 2
14138 1
14139 1
7563 2
14144 2
5953 2
5958 2
14151 2
8109 2
6456 1
5971 2
14929 1
5975 3
14168 1
5978 0
5980 3
18746 2
5982 2
5984 1
14177 2
5987 1
14180 1
5989 2
8110 2
9474 1
14189 0
5998 3
14192 2
6002 1
6004 0
14199 1
14201 0
14202 3
6011 2
6013 2
6015 0
6017 2
6018 1
14212 2
6021 2
6022 2
14216 2
6026 2
14219 0
14220 1
14221 0
14222 0
8657 2
14227 1
17390 1
14234 0
10294 1
6045 1
14238 1
6053 1
6055 1
6057 2
14250 2
14253 2
14254 2
14256 1
10568 1
14258 2
14259 1
14263 2
6073 2
14268 2
14274 2
9477 2
14277 2
6086 3
14280 0
5111 3
10573 1
14289 1
6098 0
6100 2
14293 0
6104 2
6105 1
6108 2
14302 2
6112 0
14307 2
2463 3
14317 0
6126 2
6127 0
6128 2
14322 2
14323 2
6132 2
6135 2
6136 2
10580 0
14330 0
6139 0
6140 2
14335 2
6144 1
6151 2
6154 2
6156 0
14349 1
6159 2
14353 0
6164 2
6165 0
14360 1
6169 2
6170 3
14364 1
14365 3
6174 2
6175 1
6176 1
6182 0
14378 0
14380 0
14382 2
6191 1
14384 0
14385 1
14386 2
6196 2
14390 0
6200 1
6201 2
6203 2
6205 2
6206 2
6207 2
14403 0
14405 1
14407 1
14408 2
6222 0
6227 2
14420 2
14427 2
6236 0
7866 2
14430 3
10042 0
14433 2
14439 2
6250 2
6251 2
6260 1
14458 2
7871 0
10602 2
6270 2
14467 1
14990 2
7873 1
14474 3
6284 0
14477 0
6286 3
14486 0
14489 1
14490 2
14491 1
6306 1
14502 1
14503 2
14504 2
6315 0
6318 0
6324 1
10849 0
6330 2
6332 2
14525 1
14531 0
5121 2
14533 2
16076 2
6348 3
6349 2
14546 0
6356 1
14550 1
6359 2
6363 2
6368 2
14562 1
14563 1
14564 0
18755 3
7120 2
6378 1
6379 1
6380 0
6381 1
14576 0
6388 3
6390 2
6393 2
14586 2
3797 2
14592 2
7894 2
6407 2
6408 0
6410 3
6411 1
6417 0
6418 0
6419 2
6422 1
6423 3
6424 0
6426 1
1071 1
6428 1
6429 1
14623 0
6439 2
14632 2
14633 0
6443 2
6445 1
12918 0
3805 2
6453 3
14646 1
14647 2
14648 0
14651 2
5125 0
6467 2
5174 1
14663 2
14664 1
6473 2
14666 2
9271 0
7072 0
6478 3
6480 2
14673 2
14674 2
14676 0
6488 2
14681 2
6494 0
6497 0
14690 2
6504 2
6506 2
6507 2
16104 0
6519 2
6521 0
6522 2
6523 2
11674 0
14721 0
14724 2
13311 2
14728 3
2455 2
5186 0
3821 2
10648 2
14743 2
6553 0
14751 2
1828 2
6562 0
6563 3
7921 3
14761 1
5191 2
16956 1
14765 0
8227 2
6575 2
6583 2
14778 2
14779 2
9290 3
6593 2
6594 3
14787 0
14789 2
14791 2
6600 0
14793 1
14794 0
14795 1
6605 0
14802 2
6616 1
6617 2
14811 2
6621 2
6624 2
6625 2
14821 2
6630 3
6631 2
14824 3
14825 2
6636 1
14834 1
6646 1
14845 0
767 2
12032 2
14859 1
6668 0
14865 0
6674 1
6675 3
17953 0
6679 2
14873 2
14875 2
14876 2
14878 2
14879 2
14880 2
14881 1
14883 1
6692 2
14886 1
6697 2
14892 1
6702 1
6703 1
6704 1
6705 0
14899 1
6708 1
6709 0
14902 2
14903 2
14904 2
18227 2
6715 2
14908 1
16138 2
8407 2
14913 2
6723 1
6724 2
14928 2
6737 1
14935 2
6747 2
6751 0
14945 1
14949 0
13864 2
14954 2
14956 0
14957 1
17512 1
14964 0
14965 0
14967 0
14971 0
14972 2
14978 3
6787 0
6788 1
6789 0
14984 0
14985 1
6794 2
14988 1
6797 2
6798 1
6799 2
14993 0
6595 0
14996 2
6809 0
6810 1
15004 2
15005 1
6816 1
15009 2
15010 1
6820 1
15017 1
6828 1
15021 2
6833 1
4699 1
6836 1
6839 3
15034 2
6845 0
15039 2
15041 2
15042 2
6851 1
6853 0
6854 1
6856 1
6858 2
6859 1
6860 1
6861 0
6862 3
15055 2
6865 0
6866 2
6869 1
18505 2
6871 0
15067 2
15068 2
15070 2
6880 1
6881 2
15074 0
15077 0
6886 2
6887 1
6889 3
6892 2
15085 2
6896 1
6898 1
6901 0
15094 2
15095 1
9343 2
15102 1
15103 1
15104 1
15105 1
15106 1
15107 1
15109 1
15111 3
6920 2
6923 0
15116 2
6926 3
3885 2
15120 0
6929 2
6930 1
9347 1
6933 3
15126 1
14809 2
15128 0
6937 0
6939 2
15132 1
2522 3
6942 1
15135 2
15136 1
15137 3
6946 2
15139 2
15140 0
15141 1
6953 2
15148 2
16178 1
6958 2
6211 0
15157 2
15158 0
15160 1
6969 0
15165 0
6977 0
15170 1
15172 2
15175 1
6984 1
15177 2
15180 1
6989 1
15182 0
6993 2
9358 1
6998 2
15194 2
15195 2
7005 2
7006 2
3468 0
7008 2
7009 2
15204 2
15209 1
7018 1
15212 3
7023 1
7024 2
15220 2
15221 0
15225 1
9594 2
15228 0
15231 0
7040 0
7044 3
7045 2
15241 2
7052 1
15245 2
7056 2
15249 2
15250 3
15252 1
15254 3
15255 0
7065 3
15258 1
10358 2
15261 2
15264 2
15265 1
15266 1
15268 0
7077 2
7080 0
7081 0
15275 1
15276 2
10738 2
15278 3
15279 2
7088 0
3912 1
15282 2
15284 1
15287 2
7097 2
7099 3
7102 2
10741 1
15296 2
7105 1
15298 1
14838 1
15308 1
15310 1
15312 3
7121 2
7122 2
1187 2
15316 1
15317 1
15318 2
7129 2
7130 0
16207 0
7057 0
15329 2
7139 0
15333 2
7143 0
7145 2
15339 3
7149 1
15344 3
15345 0
7154 1
7155 2
9385 3
15355 2
7164 2
17578 2
7166 3
7169 1
15363 2
15365 1
15372 0
15375 1
7188 2
7189 2
7194 2
7203 2
15398 0
7208 2
7214 2
7215 2
15417 2
7227 2
7228 1
12243 2
17589 0
15428 2
15429 2
15430 1
15431 2
14860 2
7243 2
7245 0
7246 2
15440 1
15442 0
16227 1
9159 0
15448 2
15457 2
1211 3
15461 0
15471 1
15472 2
15473 0
15474 0
15478 2
15480 1
15486 2
15488 3
3947 0
2582 2
15494 3
7306 2
14871 0
9410 2
15503 2
15505 0
15506 1
7315 0
7316 2
15509 1
15510 2
6681 3
9412 1
7322 0
7327 0
15522 1
15523 0
7332 2
7335 0
17975 2
15530 0
15533 2
15535 3
9416 1
15539 0
15541 2
15544 1
17234 3
15550 0
15552 1
15555 1
15557 1
15559 3
15560 0
15562 0
7372 2
15565 1
7374 3
3960 2
6691 1
15574 0
7386 1
15579 2
7388 2
7390 0
7391 1
7393 0
4338 1
15594 3
15596 3
7405 2
7407 2
17159 3
7410 2
15603 1
7413 1
10793 0
1236 1
7419 0
15616 0
15617 2
15621 2
15625 1
7434 2
17623 1
15628 3
7440 2
15633 0
15634 0
15635 1
10798 0
7447 2
7450 2
17706 1
7453 1
15650 0
15652 1
15653 0
15654 2
15657 2
15659 1
15666 1
15667 2
15669 1
7481 1
15674 2
15675 2
15676 0
3978 2
14901 0
7488 2
7489 2
522 3
15684 0
7497 2
7500 2
7504 3
9443 2
7509 0
7512 0
15706 1
15707 1
7516 2
15711 2
15713 2
7522 2
15716 0
15717 0
15718 0
15719 1
15721 2
15722 2
5351 0
7533 0
15726 1
5352 1
7538 3
15731 1
7542 2
15735 0
7545 1
15738 2
7549 2
7552 2
7555 0
15748 2
15749 1
15752 1
1260 0
15754 0
15755 0
7566 2
15759 3
7569 2
10819 2
15764 0
15765 2
7576 2
15769 2
15770 2
15775 0
15776 2
3253 1
7587 0
15780 0
7589 0
7591 3
7594 3
15788 1
1266 0
3997 2
15792 2
17651 0
15796 3
15798 1
7608 0
15801 0
15803 0
10826 0
7615 2
7618 0
15815 1
7624 3
15818 2
7627 0
15820 1
7630 0
15825 0
15827 3
15830 3
9465 1
10620 0
18690 1
10831 2
15840 1
7649 2
15843 0
15847 1
15852 2
7661 0
15855 1
7665 0
15859 1
15861 1
15866 1
15867 2
7676 0
15870 1
15871 1
7681 0
15876 0
9473 1
7688 2
7693 2
7694 1
7695 2
12635 0
7701 0
15895 0
15896 1
7705 0
15898 2
15900 2
7709 3
17669 2
7715 0
15908 1
7717 3
7719 1
15915 1
15921 2
7730 1
16307 0
763 0
7734 2
706 2
17170 3
15932 0
4021 1
7747 2
15940 0
4022 0
7751 2
7754 1
15951 0
15954 1
9533 2
15958 3
15962 0
15963 2
7778 0
7779 2
15972 0
7783 0
7784 0
15980 2
7789 2
15982 2
15988 1
15990 2
15991 0
15994 2
7803 0
15997 1
7806 1
15999 1
16000 2
16002 2
16003 2
7812 0
12225 2
7817 1
16011 1
7820 2
1304 2
4035 0
16021 0
16026 2
16032 1
16034 2
1307 0
16036 1
16040 2
16041 1
16046 0
16047 3
16049 1
16050 3
16053 1
16056 1
11173 1
16058 0
7867 1
16060 2
16061 1
16063 1
16064 2
16065 0
7875 1
16068 2
16069 2
16072 0
16073 1
7884 2
7887 0
16081 2
7890 2
16086 0
2681 0
16088 1
7897 2
7900 2
7901 0
8992 3
7908 0
7912 0
16108 2
16110 2
16113 2
16115 2
16117 2
16122 1
16125 2
7934 2
16127 3
7937 0
7939 2
7943 2
16136 1
7945 2
7946 3
16143 2
16144 0
7954 0
7957 0
7960 0
7963 2
16156 2
12250 2
16158 3
16159 0
7968 0
7970 1
12251 2
16164 1
7974 0
12253 0
16176 0
6792 0
7986 2
16180 0
7989 2
7994 0
16188 3
7997 2
8003 2
16196 1
17179 1
16201 1
16202 0
16204 1
8014 2
14989 0
8017 3
8021 0
9529 0
16220 2
8032 3
16225 3
1339 3
8036 1
16232 0
16235 1
12765 2
16240 1
8168 2
16244 1
8054 2
6804 0
16260 1
16261 1
10692 1
8072 1
16265 1
16266 2
8075 2
8076 2
8082 0
8084 1
16279 0
16283 0
16285 0
16288 1
8098 1
10907 1
16292 0
16295 1
16301 1
16302 1
16304 2
15273 0
8115 2
17737 2
8124 0
16319 0
16321 0
16324 0
16330 3
16331 1
8143 0
16336 3
16337 2
16341 0
8151 2
8156 1
16355 1
16356 0
16358 2
16360 1
8170 2
16364 0
9554 2
16366 0
16367 2
8178 0
1363 2
16372 1
8182 2
16376 2
16377 1
16379 2
16380 0
8190 2
16383 1
