16385 2
16386 2
16387 2
8197 2
8199 0
16393 2
16394 1
8203 0
16396 1
16398 0
8210 0
8212 0
12657 2
16411 1
16412 0
1370 2
16414 2
16415 2
8224 1
8226 2
5467 0
8228 2
8229 1
16425 0
8234 2
8237 2
8238 0
16432 0
16433 2
8247 1
8250 1
1375 2
16445 2
16446 0
65 1
16451 0
16452 1
71 1
74 0
16459 2
1378 3
8270 0
81 0
16468 2
8278 2
88 2
16476 2
8285 1
16478 1
1381 2
16484 1
8293 1
102 1
8295 2
8296 2
106 1
8299 1
16492 0
16494 0
111 3
112 3
8305 0
17189 3
13673 2
16505 0
122 3
6847 0
16509 1
8319 0
8320 0
16515 2
16516 1
133 2
16519 0
16522 1
8331 2
16525 0
16527 2
144 2
8337 0
8338 2
15043 2
148 1
151 1
8346 1
16540 2
16541 0
158 3
16543 2
161 0
8354 1
8355 0
8358 0
12316 2
170 0
8364 2
16558 2
175 3
177 1
178 0
8371 2
180 3
8373 2
8374 2
183 2
16568 1
8377 1
8379 1
11463 1
191 0
195 2
16580 0
197 2
8391 2
8392 2
8393 2
202 2
16590 3
2765 2
208 2
209 2
16594 2
8403 3
8407 2
16601 1
218 3
219 0
8412 1
8413 2
223 2
8418 2
8420 2
16613 2
16614 0
232 1
8425 3
9555 1
8427 2
8428 0
17193 2
8430 2
1405 2
240 1
16625 0
16626 2
244 3
8437 3
246 0
16632 2
8441 2
8444 0
12330 1
8447 0
16640 1
17792 0
16644 2
16645 1
16646 1
263 2
12332 2
16650 0
8459 2
8460 2
8461 3
271 2
16658 0
8468 0
16430 2
16663 2
280 3
8473 2
8474 3
8477 0
8478 0
287 2
8480 1
16673 1
8483 0
8484 3
8485 2
8486 2
8241 2
8488 2
16681 1
16683 2
16684 2
16686 1
8496 2
12230 1
8502 1
312 1
313 1
16698 0
315 1
8510 2
319 2
320 3
8513 0
16706 1
16707 0
324 1
8517 1
16710 3
16712 0
330 0
16439 1
332 2
334 3
16719 2
16720 2
16721 1
339 3
8533 3
342 2
8535 2
16730 0
8539 1
349 1
8543 3
8545 0
16740 0
8549 0
16742 1
359 3
360 2
16745 0
362 1
17810 1
8558 2
16752 2
8561 0
5195 2
8564 2
62 2
10985 0
8568 0
378 3
8571 0
16765 2
384 1
385 2
16771 0
388 1
8581 0
16774 1
3494 2
6892 2
394 2
16779 2
397 3
8591 3
16784 2
8593 0
8594 1
15060 3
8598 0
8599 0
410 2
8604 2
8608 1
8609 2
8610 1
8611 2
420 1
421 0
2623 0
423 2
8616 2
1436 1
427 2
16812 2
8621 0
16814 2
1437 3
16818 0
435 1
16821 1
8630 2
439 3
10653 1
11896 1
8634 2
444 2
8266 2
446 2
8639 0
16832 0
16833 2
16837 1
454 2
16839 0
456 1
16841 2
458 3
8653 1
462 3
16847 0
6689 2
8658 0
16852 1
16853 0
470 1
471 0
16856 2
8665 2
16860 0
8669 2
16865 0
8674 0
15099 1
13734 1
16872 1
16873 1
9639 2
8686 3
8687 2
8688 2
16881 1
499 3
500 2
15102 1
16886 2
5745 2
504 3
505 3
509 3
8702 2
8704 0
16897 2
12565 3
517 0
16902 2
16905 1
8714 1
8715 0
524 2
11010 3
8718 2
8719 3
9292 1
16914 1
532 3
533 0
16918 0
535 0
8731 0
8732 1
542 2
16927 1
16928 2
545 2
16930 2
548 1
8741 0
8742 1
551 1
8744 2
553 1
8746 2
555 2
8748 3
8750 2
562 3
563 2
8756 2
8758 2
568 0
8761 1
8762 1
16956 1
574 0
8767 0
8769 1
16964 2
581 1
583 1
8776 1
585 2
586 3
587 1
588 1
8781 3
15117 2
16976 1
595 1
16980 2
597 1
9657 0
603 1
5562 1
606 0
16485 0
16992 2
16993 2
8802 1
8804 1
8805 2
8807 2
617 0
17002 1
8811 1
622 0
17007 0
8816 0
104 0
6931 2
17013 2
630 0
8827 2
636 2
17021 0
17022 0
639 0
8832 2
641 0
8835 1
17028 0
8837 0
1473 1
8841 2
651 0
17036 2
17037 2
654 0
9569 2
657 3
17042 2
8852 0
661 1
10479 2
8855 1
664 0
17049 1
17050 1
8860 1
17053 2
8862 2
17055 2
8864 2
673 2
8866 0
17059 0
676 2
17061 2
17062 0
8871 2
17066 2
8875 2
8877 1
17070 3
688 0
17073 2
17074 1
17075 0
17079 2
8890 0
700 2
17085 0
702 1
704 0
705 0
8898 1
9675 1
8900 2
17094 1
11041 2
712 2
17097 2
8906 2
17099 2
716 1
15138 0
719 3
720 3
17105 0
8914 2
8916 2
725 1
727 2
17112 0
8921 2
730 2
17115 2
732 1
17117 1
17119 0
17120 2
17121 2
4219 0
742 0
8935 2
744 2
8938 2
17131 1
8941 2
17134 1
751 3
8945 2
755 2
17140 0
757 2
6953 2
8953 1
763 0
764 2
17149 3
766 1
17151 2
8960 0
11051 3
5590 3
774 1
17159 3
776 3
17161 2
496 2
17163 0
780 2
17128 3
17167 2
784 0
786 0
787 2
8981 2
790 2
8985 0
8986 2
17180 2
17181 2
798 2
8991 2
17184 1
801 2
803 2
8996 2
12422 2
17190 1
17191 0
9000 1
9001 0
17197 0
17202 0
9011 2
17205 1
6964 1
9018 2
17211 1
8330 2
6965 2
832 2
9025 2
17218 1
139 3
17220 1
841 1
17226 0
17227 1
844 2
845 1
7715 0
17233 2
851 0
852 2
4238 0
854 0
17239 1
856 0
17242 2
17244 0
861 2
862 0
17247 2
18305 0
16528 1
9059 0
17252 2
9067 2
17260 2
17262 0
17263 0
17265 2
882 0
883 1
17268 1
5609 2
888 2
889 0
9082 2
9089 2
9093 1
9095 2
17291 2
17292 1
17293 0
910 1
17296 3
9105 0
914 1
17300 1
918 0
9113 0
9115 1
17308 2
17309 0
17310 1
17311 2
17313 2
16125 2
9124 1
17319 0
9129 2
2352 3
157 0
10397 0
17329 3
947 2
15580 2
9141 1
9142 0
952 1
17339 1
14409 2
17343 0
960 2
961 1
17590 2
9157 3
9158 3
17351 1
10125 1
6988 0
9164 0
15181 1
17360 2
9307 2
9173 2
17367 1
17368 1
9178 1
6991 0
17376 0
17379 2
17381 2
9190 0
1003 0
1004 0
17391 0
17392 2
9201 0
13127 2
17395 2
17396 2
18310 3
17399 2
9209 1
10945 2
1019 0
9212 1
17406 2
9216 0
17409 1
9218 2
9219 1
1028 1
9221 1
17414 0
9226 3
6608 2
1037 3
9230 0
9231 2
1040 0
4399 1
17426 2
9237 2
1046 2
17431 3
17432 2
1049 1
1051 1
5100 2
13674 0
4535 3
17440 2
9249 0
9250 2
9734 0
9254 1
10401 2
17450 1
1067 2
16592 1
9262 2
2909 1
8219 2
9265 1
9269 2
9270 2
1081 0
9274 2
1084 0
17469 0
17470 0
9280 1
17474 2
17475 0
17476 0
17477 1
9286 0
9287 0
17480 2
9289 3
1098 2
8375 0
1100 0
17485 0
17487 2
9296 3
9297 0
1107 1
17492 1
17493 0
9302 2
17495 1
9304 2
17497 3
17499 2
9308 1
16404 3
7045 2
9312 2
187 1
17509 2
9319 2
17512 1
9322 1
17515 3
18611 1
1133 2
1137 0
9858 0
1144 2
17529 1
17532 2
9341 2
5221 0
17541 1
9350 2
17543 0
17544 2
9353 0
1163 2
9356 3
17549 1
9358 1
17551 2
17553 2
9362 0
1173 2
9366 1
17559 2
17560 1
1177 2
1178 0
17564 2
1181 3
9375 0
17568 0
1186 0
1187 2
17572 2
1189 2
17574 1
9383 0
9384 3
17577 1
17578 2
16583 2
4312 2
17581 1
9390 1
1200 0
200 0
9397 2
1206 2
201 1
17593 2
9402 2
17596 1
1213 1
16680 1
1218 2
9413 0
9414 0
17953 0
9416 1
17609 1
17612 2
17613 0
17616 0
8737 2
9427 2
17620 0
206 3
12495 2
17628 2
7952 0
1249 0
9443 2
9446 1
17639 1
17640 1
17641 1
17642 1
9451 0
18591 1
9453 3
1262 2
17649 1
17650 1
9459 2
17652 1
9461 2
17654 3
5673 3
17657 0
17660 2
17665 2
17666 2
9477 2
17670 0
17672 0
17673 2
17674 2
1291 0
9486 3
1296 3
6317 2
17682 0
1299 1
9492 2
9493 1
17686 2
17687 1
9496 2
17689 2
1306 3
1307 0
9500 0
17693 3
17695 2
17696 1
1313 3
1314 1
17700 1
17702 2
1321 2
1322 2
17707 2
9517 3
17710 2
17712 1
1331 1
9527 1
1337 0
1338 1
9531 2
1340 2
10683 3
17726 2
17727 1
17737 2
1354 1
1355 1
17740 3
9549 2
1359 1
17744 1
1363 2
1364 3
1365 0
1366 0
17753 0
9562 2
9563 0
17756 0
4428 1
9566 0
17759 1
7056 2
17762 2
6047 2
230 0
9574 1
1383 2
1385 3
9578 1
1387 1
9580 1
17774 1
1391 0
16616 1
9588 2
9589 1
11776 2
9592 1
9594 2
17789 1
9598 2
1408 0
17794 1
17795 1
9604 2
17797 3
9606 1
1415 2
17800 2
236 0
1418 0
9611 2
9612 0
11273 3
9618 0
1428 0
17813 1
9623 2
1432 0
17820 0
17821 2
17822 3
17989 1
9632 1
1441 1
1442 2
15259 0
17828 3
9637 1
9638 3
4337 2
1448 1
1449 2
9642 0
1451 0
15261 2
1608 1
1458 2
17843 2
1460 3
17847 1
9656 1
17849 2
17850 1
17851 1
17852 2
9661 1
9662 2
9664 1
9665 2
1611 3
1476 1
9669 2
1478 1
9671 1
9673 1
1482 1
17867 0
9676 2
1485 3
9678 3
1488 1
16880 0
6869 1
2979 2
9684 1
9597 2
9690 2
9691 3
9692 2
9693 1
9694 0
9697 3
17893 0
9702 2
17896 1
16636 2
11175 1
596 1
9715 2
9812 0
9722 2
9724 1
17959 2
9728 0
1538 2
1540 1
1542 2
9735 0
16691 2
1546 0
17932 0
15600 2
17934 2
17935 1
13912 1
14904 2
17939 0
14413 2
1558 3
1559 0
17944 1
1562 0
7087 1
1564 1
17952 2
2992 2
9763 1
17956 2
16965 0
1575 1
1576 1
17961 0
9770 1
17964 0
17966 1
1583 2
17968 0
9777 0
9781 1
1591 1
1592 3
17979 2
9788 0
266 2
9792 2
1601 1
17986 0
9795 0
326 1
1605 0
17992 2
15602 2
17995 2
10692 1
17997 3
17998 2
1616 0
18001 2
9810 2
18004 2
11677 2
1622 2
11193 0
18008 1
9817 2
18011 2
9820 0
18014 3
18015 2
9826 2
18020 0
9829 2
1640 2
9835 2
18028 1
1645 0
9838 1
9839 0
18032 0
18033 0
9843 0
1652 2
18037 1
1655 2
1656 3
11557 2
1660 1
1661 1
1662 2
9855 0
18048 2
18050 3
1669 1
1670 0
14141 2
18056 0
9865 3
1674 2
9868 1
1677 0
18062 2
18067 0
9876 0
1685 2
9878 3
9879 0
1690 0
13935 1
18076 0
9885 1
9886 0
18079 2
9891 3
1702 2
1703 1
18088 2
9897 1
18091 2
9901 2
18096 2
1713 0
18098 2
1716 1
1717 2
1718 2
7695 2
1722 0
4383 2
1724 2
1725 2
1726 2
9845 1
18114 2
9923 0
1732 2
289 2
18121 1
1738 2
18123 2
8514 1
6059 1
4387 3
1748 0
1749 0
9942 2
1753 3
6605 0
11215 1
18142 1
18143 1
18146 0
1763 0
18148 0
18149 1
18593 2
1767 2
9960 0
1769 2
18155 1
18156 1
18157 2
8788 2
296 0
18162 0
9854 1
18166 0
1783 1
1788 2
9981 2
9982 1
1791 3
1664 1
13378 2
18179 1
1800 0
1666 2
1809 2
18194 3
18197 0
11225 0
18201 1
10011 1
1820 3
3034 2
18207 2
18210 0
1827 2
10020 3
18214 2
15324 1
1834 0
1835 1
10028 1
18221 2
1839 2
18224 0
1841 2
10034 1
10035 2
18228 2
18229 1
10038 2
1847 0
10040 3
10042 0
10043 1
1852 1
9866 0
10047 1
10048 2
1857 2
1858 1
1859 0
1860 2
310 2
18246 2
18247 2
18248 2
18250 2
18251 2
10060 2
15330 0
18254 2
1872 0
18259 1
18264 1
1960 1
10077 1
10080 2
10083 2
18276 0
18278 1
18279 1
10088 1
10089 2
18282 1
11239 2
1900 2
10096 0
3048 3
10099 2
1909 0
18294 1
1911 0
10104 1
1913 2
1916 3
10109 0
1918 2
1920 2
10113 2
18306 2
1923 2
1924 2
1925 3
1926 3
1927 3
18312 1
1929 0
18314 2
1933 2
18320 0
18321 2
323 0
5632 1
10134 0
1944 0
18329 1
1946 0
18332 3
10146 2
11249 3
9875 3
10149 1
10151 3
18344 2
1961 2
1962 3
18347 2
10156 1
1965 2
18077 0
1968 0
1970 0
18078 2
18358 3
12617 2
1976 1
18361 3
1978 0
18363 1
18366 2
9768 2
12619 1
1992 2
16716 0
18379 1
1377 2
10190 0
10191 3
18384 2
3064 1
18386 1
18083 1
2004 0
8526 2
10201 1
2010 1
9887 3
18397 1
10207 2
10209 0
18402 0
18404 2
9894 1
4433 1
2024 2
18411 3
10220 0
18413 3
18414 3
18415 2
10225 0
18419 1
18420 2
18421 3
18424 1
18426 1
2043 1
18428 2
2047 2
18434 3
10244 3
16726 0
10246 3
18439 2
16708 0
2061 3
2065 0
10260 1
2069 3
2072 2
2073 2
1160 0
2075 0
2076 2
10269 0
10270 3
2079 3
18465 1
2083 2
10276 2
18470 1
10279 2
10280 2
2089 1
18475 0
2093 0
10286 1
2096 1
2097 3
10290 0
18483 2
18484 2
10294 1
18487 2
18100 1
10298 2
18491 0
10301 2
12413 1
2259 1
10305 2
10306 1
2116 2
10311 2
2120 2
10316 2
10317 1
18511 3
2128 1
10321 0
10323 3
10324 1
18517 0
2134 2
18521 0
2138 2
18523 0
10332 1
18525 0
10335 2
2145 2
18530 0
9915 2
10340 3
2150 2
10344 1
10345 2
18538 2
16743 2
18540 0
2157 0
2158 1
10351 2
6073 2
2162 3
2163 1
18110 1
10358 2
8553 2
7188 2
10363 0
8939 2
10366 2
2176 2
18564 0
18567 3
18569 1
18570 2
18572 0
2189 0
18574 2
2191 1
10384 0
18579 2
2196 0
18581 2
4029 2
2199 2
2200 1
2202 2
2801 2
18589 1
2207 1
2209 0
2210 2
18597 3
18598 2
10407 2
18600 2
17955 2
18604 2
10413 0
2222 2
4270 0
2225 1
2227 2
18612 1
10421 2
18615 1
10426 1
2235 2
2236 2
18621 0
2238 2
18628 2
18629 2
2247 1
18632 2
18633 0
8531 1
12663 2
2252 1
2254 2
18640 1
10449 2
18642 2
3107 2
18644 2
10453 2
10454 0
18647 2
18648 2
18649 0
4167 2
2267 1
2268 2
2269 0
10462 0
10463 2
10464 1
10467 2
2278 2
10471 1
2280 1
18665 2
18666 2
10475 1
2284 2
10477 2
10478 2
2287 2
18675 0
2292 0
10485 1
10486 2
10487 0
10488 2
10490 1
4479 2
2303 0
16768 2
10498 2
10499 3
199 1
10502 2
2311 0
10505 2
10507 2
10510 0
18703 2
18704 1
10513 0
2323 0
2324 2
10517 1
1714 0
11854 0
9352 1
10523 2
2333 2
10527 3
2338 2
18723 1
18724 0
10533 2
18726 1
10535 2
10536 1
2345 1
2346 0
18733 2
18734 2
14045 0
18736 1
2353 1
15411 0
10548 1
1758 3
18742 0
18743 0
2360 2
2362 2
2364 2
10559 2
2368 1
18753 0
18754 2
10567 1
18760 3
10652 1
10572 3
9954 0
10575 1
2385 2
18771 2
18772 1
18773 3
18774 3
18776 3
1764 2
18778 0
10589 2
7172 0
8592 2
10594 2
10595 2
2404 1
18790 0
10599 0
18792 2
13992 0
10607 1
10609 0
2418 3
10612 2
13655 1
18809 2
2426 1
3135 2
10620 0
18813 1
18814 2
2432 3
2434 2
1771 1
10628 2
2437 1
18824 3
10634 1
12695 3
2444 1
15426 1
18830 0
18831 2
18832 1
2449 2
2450 2
2451 2
2452 2
18839 2
18840 2
18841 2
10650 2
14063 1
18844 1
8602 1
2462 2
18847 3
2467 0
10660 2
2469 0
2470 2
876 3
2472 2
16796 3
2475 1
10668 2
10670 1
2479 0
10672 2
15432 1
2483 1
2484 0
10679 2
2491 0
7242 0
1174 2
2499 3
2500 2
2503 0
10699 1
10702 2
15437 1
2514 1
18360 2
10709 2
10714 1
10715 1
2524 1
2525 1
2527 1
2534 1
10727 2
2536 0
16807 1
11346 2
10734 1
18173 2
2544 0
2545 3
2546 2
10741 1
12713 2
10744 3
2553 1
10746 0
2555 1
2556 1
10749 1
10750 2
3157 0
10752 2
10753 2
10755 0
2566 3
156 0
428 2
10766 0
2578 1
10771 1
2580 2
14816 1
2582 2
9906 2
2586 1
2587 1
10780 0
10179 0
2591 0
2593 2
10786 2
2595 2
14086 1
2599 2
10793 0
10798 0
10799 1
10800 0
10802 0
8627 0
3633 1
2615 2
10808 3
10809 1
2621 1
2622 1
437 2
17985 2
2627 2
438 0
10822 1
2631 1
2633 2
2634 2
8631 1
10830 1
2639 0
2640 2
440 1
10834 0
10837 2
2646 2
16455 2
5903 2
12730 1
2654 2
2655 2
10851 1
10853 2
10854 0
10855 1
10856 2
10857 0
9636 2
10862 0
2671 0
2673 1
2674 0
4999 1
10873 0
10876 0
10879 2
10881 2
2691 0
10884 0
15170 1
10895 1
10896 1
10899 3
2709 0
10904 3
10905 2
10906 2
2715 2
2718 2
10911 2
10913 3
10915 2
10916 2
10012 1
2731 3
10924 1
2733 2
8747 2
2735 1
916 0
2751 0
2753 2
5820 1
2758 2
17644 1
2762 2
11383 1
1826 2
2766 0
2767 1
10961 0
10391 1
16846 1
15368 3
2776 0
18212 1
2778 2
8655 2
638 0
10974 3
2783 3
2785 2
2786 0
2788 0
2789 0
2791 2
2793 0
2795 0
2798 0
10991 1
10992 2
10993 3
2803 2
2804 2
2807 3
8004 2
7295 2
11004 2
11148 2
455 1
10522 1
11012 2
16854 2
11015 2
11016 0
1836 1
11026 0
2835 2
2839 2
11034 2
5935 0
2844 0
11037 1
11038 2
11040 3
10032 1
2851 1
11044 1
11045 2
2854 1
18225 2
2856 2
2859 1
11052 0
8929 2
11058 2
11059 0
2868 1
11065 2
2874 0
4575 2
2876 3
2879 2
2880 2
11073 1
2882 2
2883 0
2884 0
2885 2
11078 2
11082 2
2893 0
2894 3
18232 2
12771 1
11092 3
2901 0
2904 1
11097 1
18234 2
2915 2
2917 0
11110 3
2919 0
11114 3
11118 0
2927 2
2928 1
2931 2
11125 1
2934 0
2935 2
11128 2
11129 2
2938 2
2939 2
11132 2
11133 0
2944 2
1856 2
11138 2
18613 3
11142 1
18241 0
2952 2
11145 2
11146 3
16550 1
2957 0
9373 3
2962 0
2963 3
16878 0
2968 2
11162 2
2973 2
10053 1
2977 0
11171 2
2980 0
11173 1
2982 3
2983 2
2984 2
2985 2
2987 0
2988 0
11181 1
11183 2
11184 1
10056 2
2995 2
2998 0
11191 2
3000 2
3001 2
11194 2
3004 0
8693 2
3012 2
11205 0
3016 1
11214 2
3023 0
3025 1
11220 1
3029 1
3031 1
3033 0
11226 2
3035 3
12279 2
11229 2
11230 2
11429 0
3040 2
11234 1
11236 1
3047 0
11240 3
3049 2
11243 2
17014 1
12797 1
3056 2
3057 0
3059 0
3060 1
510 2
11254 2
3241 1
11256 0
3065 1
3066 0
11259 2
11261 3
14014 0
11265 3
3074 1
11267 2
3076 2
3080 2
3081 2
3082 2
3087 2
3093 3
11286 2
11288 0
3100 0
11293 2
3103 0
3104 0
3105 1
14171 0
18107 3
3110 2
11641 2
11307 2
11312 2
3122 3
10326 0
3129 3
14175 0
11327 2
1888 2
11330 1
3141 2
11334 2
11335 2
11336 2
3145 3
11343 2
11344 2
375 0
3154 3
18275 1
5015 3
11349 0
11350 1
3160 0
11354 2
11358 0
528 2
3170 3
11363 2
11367 0
11368 0
3177 3
3178 1
11371 2
18655 2
8613 2
3186 1
11379 3
3188 2
6380 0
3191 2
12569 1
3194 2
3195 2
11393 2
13200 0
11395 0
11397 2
11398 2
11457 2
4713 0
18284 1
11402 0
11403 2
11404 1
3215 2
3216 2
4632 2
7363 0
3220 1
11414 1
3223 2
11417 2
3229 1
3230 1
3231 1
11425 2
11426 3
11428 3
3237 1
11430 0
3239 0
11432 0
11433 2
7367 2
3244 0
3247 2
11441 3
3251 0
3252 3
3253 1
543 2
3260 0
3261 1
11454 0
3263 2
3265 0
11458 2
11461 1
3270 1
16929 2
11465 3
3274 1
11468 0
3277 0
3279 2
3280 2
3281 3
3282 0
3283 0
3285 1
3286 1
10105 0
3288 2
3290 3
11487 0
3296 0
3299 0
3303 1
3305 1
1259 1
16935 2
11503 0
11504 3
3313 2
11508 2
11510 2
16607 1
3320 2
7380 0
11516 1
554 2
11518 2
3327 0
3328 1
3330 1
11523 1
3333 1
6017 2
11530 1
11532 2
6018 1
879 2
3348 2
3349 2
13205 2
3354 2
3358 0
11553 2
11554 1
6022 2
11559 2
3368 1
3369 2
11562 1
10119 1
11565 1
3375 2
12843 1
3380 1
3381 1
3382 0
11575 0
11577 1
3386 3
11579 2
3390 0
11584 3
11586 0
11587 2
3396 0
16950 2
113 2
17844 0
3406 1
11599 1
1750 1
3409 0
3411 0
3412 2
11607 2
8697 0
3417 3
11613 1
3422 1
3423 1
3424 3
11617 1
12859 1
8777 0
11621 0
3430 3
3431 1
3432 1
3433 3
3434 1
3435 3
3436 1
3438 0
3440 1
11633 0
4670 2
11638 2
299 1
11640 2
3449 2
4752 1
3453 2
3455 3
3457 0
11652 2
9117 2
3466 2
11659 2
3468 0
3469 1
11662 2
3472 2
18328 1
483 2
3479 2
3480 2
11674 0
11675 3
3485 1
11679 1
3489 3
11682 2
3491 2
11684 2
4678 1
11686 0
8775 0
3501 1
17029 0
3505 0
3508 0
4754 2
8573 1
3512 1
12392 1
11707 2
11709 1
3520 2
3523 2
11716 1
3527 2
8780 1
3530 0
11724 2
17645 0
11731 2
11732 0
11738 1
591 1
11742 0
11743 1
16612 1
592 1
15611 3
12881 0
3564 3
11761 1
3572 1
11766 0
11769 1
11519 0
3580 0
11773 2
3584 1
3585 2
11779 0
3588 0
11786 1
3595 0
11788 2
18349 1
11792 2
11793 1
11794 3
11795 3
13759 0
11800 2
15620 1
3611 3
393 2
3621 2
11815 1
5849 0
11820 3
18354 0
3630 2
605 3
11824 1
11825 2
6067 2
11828 1
3637 2
11831 1
11833 1
3643 0
3644 1
9123 2
11838 2
11839 3
11841 2
11844 2
3655 1
11849 0
3659 0
17307 2
2261 1
13055 1
11857 0
18281 0
3670 0
11863 1
11864 2
3673 1
18608 0
4709 1
11874 1
1979 1
11877 2
8426 2
3687 0
11880 1
11884 2
3694 1
11887 2
11889 1
3702 2
8809 0
3704 1
11540 2
3706 2
108 2
11900 2
618 1
11902 2
11905 3
11907 2
9681 2
11035 0
11913 1
3722 0
11916 0
3727 2
3730 2
3731 1
3732 0
8814 2
11926 0
3740 0
3747 1
8817 1
3752 3
5035 2
11950 0
7453 1
18376 2
1993 2
3768 0
3770 2
3771 0
17038 1
3775 2
3777 2
8822 2
3782 2
7457 0
16220 2
3789 0
3792 0
4728 2
3797 2
11990 1
3801 3
18383 2
3805 2
15653 0
3809 0
3813 0
12006 0
8828 1
3819 0
3821 2
2855 2
400 0
8830 0
12023 1
3834 2
8831 0
16174 3
12032 2
12928 1
3842 0
18677 0
12037 2
12040 0
17027 2
2009 0
1444 2
12059 0
4766 1
3871 0
12065 0
12066 0
3876 2
8858 2
3879 2
3880 0
12076 2
11570 3
3887 2
3889 2
12082 0
12083 2
12084 1
12086 1
8734 0
12089 1
12091 2
3901 0
12097 1
12098 1
12100 2
18401 1
12104 2
12106 2
12110 2
12112 2
9405 2
12117 0
5859 2
12120 0
2020 3
3932 3
12126 2
3935 0
1222 0
17589 0
15675 2
12135 0
12136 2
12138 1
12139 2
658 0
3950 0
18357 2
3952 2
12145 1
4755 1
14313 2
12153 1
12154 0
14314 2
12158 2
3967 3
3968 3
12162 1
3973 1
3974 3
14320 2
2028 0
12170 2
3979 1
12173 0
3985 2
3986 0
3395 1
3988 0
12181 1
3992 3
12187 2
572 0
3997 2
12191 0
4000 0
4001 1
4003 1
4006 2
4009 3
12202 2
4011 2
12206 1
12208 2
15688 0
12210 2
4019 1
12212 1
4021 1
4024 1
12218 2
671 1
12221 0
12223 1
4768 2
4037 3
4038 0
12232 2
4042 2
4044 2
674 0
4047 1
4050 1
12243 2
6137 1
4058 2
12251 2
12252 2
12253 0
4063 2
4066 1
12259 2
4069 3
12262 2
12264 1
17048 3
679 0
12268 2
12269 3
12270 2
12271 0
12272 2
4776 2
3682 2
4086 2
4087 0
4090 1
14335 2
12284 0
12285 0
12286 1
12289 1
1773 1
4102 3
4103 2
4106 2
12300 2
4114 1
4115 0
1282 0
2052 2
12314 2
4124 2
4126 0
12319 2
8880 0
12323 3
12324 2
4134 0
8881 2
4137 2
4138 3
4140 0
4141 0
4143 0
4146 0
4148 1
4149 0
12342 2
4151 2
12344 2
4153 2
12346 0
11615 1
12348 1
12349 1
12141 1
12361 2
12363 3
12364 3
15714 1
12366 2
4176 3
11619 1
11620 1
17496 3
12390 2
4200 3
4201 2
4205 2
4206 3
4210 3
12409 0
12411 2
12412 2
4221 2
12414 2
4225 2
4227 2
4230 0
8897 2
12424 2
12426 0
17090 3
12430 1
4239 0
12434 2
707 0
4245 2
18457 1
16781 0
4249 1
4254 3
4256 2
12451 1
8902 2
4262 2
4263 2
4265 3
12459 1
4269 0
12462 2
16919 1
6174 2
12470 2
6175 1
12476 2
714 1
12484 2
12486 2
12487 0
4297 0
2777 1
4301 1
4302 1
717 0
12496 1
15736 1
4306 3
18467 0
12503 0
12504 0
4314 1
12509 2
4318 2
7236 2
12513 2
4322 1
4323 2
2086 0
4326 0
4327 1
4328 3
4335 2
2088 2
12532 2
4341 1
4342 2
10281 2
4344 3
12539 2
12543 2
4352 3
12545 3
4354 2
2091 2
4359 2
6188 2
12554 3
4363 2
12559 1
4370 1
4371 2
2094 1
4374 2
17113 1
4377 3
12571 1
4380 2
12573 0
12574 3
12575 0
9740 2
4385 1
4386 3
4827 1
4389 2
4390 1
4391 2
12584 2
14050 1
419 0
12590 3
733 1
12594 1
2099 2
12596 2
10785 2
4407 0
4411 3
4413 3
5057 3
12611 2
4423 2
5103 1
4425 2
4427 1
12620 3
12622 1
11661 2
12624 2
14392 2
12626 2
4436 2
4439 2
4836 0
4442 2
12635 0
4445 0
12638 2
4447 3
4448 1
7568 2
10299 2
12645 0
15761 2
4457 2
12651 0
12652 2
4461 0
4462 2
2109 0
12656 0
4465 0
4467 0
12660 2
10302 0
4471 1
17924 0
4475 0
12668 2
746 2
4478 2
12671 0
12672 3
4482 1
4483 0
4484 1
4485 2
18497 0
4491 1
4493 2
11672 2
4498 2
4501 0
4503 2
12696 1
12698 2
8943 1
4511 1
12704 1
12705 2
4514 2
4518 1
4520 0
4521 1
12715 2
12717 1
4526 2
4527 1
4528 2
4529 2
17336 2
4532 1
4533 0
12727 1
4536 0
4537 2
4538 2
4539 1
12732 1
12733 1
12737 1
12739 2
13046 0
15777 2
4552 1
12745 2
12747 2
4557 1
1468 2
4559 3
4560 0
12754 2
4566 2
12761 2
4571 0
4572 0
12765 2
4574 3
12767 3
17147 0
4580 1
4581 1
4582 2
4583 1
12778 0
12782 0
4593 2
12786 0
4595 1
12788 2
12790 0
4599 1
2132 0
12795 0
4605 2
4608 0
1790 2
4610 1
12804 1
12805 1
4614 0
13057 2
12810 0
4620 0
4621 2
12815 3
8963 2
12821 0
4630 0
12824 3
4868 0
12826 2
4637 1
4642 0
10331 0
17067 1
11697 0
12840 1
12842 2
4651 0
4652 3
4653 0
4654 1
12847 2
4656 1
12849 0
4658 2
4659 2
12852 2
4661 0
4662 0
4665 2
14431 1
4668 2
12861 2
12862 2
4671 0
12865 2
4674 1
12867 1
12868 2
12870 1
6241 1
12872 2
4682 2
18705 2
4686 2
4688 1
6796 0
12882 2
12885 1
4698 2
12891 2
12896 0
12898 1
4707 2
18534 2
4710 1
4712 2
12905 3
12907 0
8978 1
12910 2
4719 0
4721 2
12914 2
4723 0
5340 2
4726 1
12919 1
12920 1
4729 2
12924 2
4733 2
4736 2
5886 2
12930 2
4741 1
4744 1
4745 1
4748 1
12941 1
18541 0
7556 0
12945 2
12946 1
11715 0
12950 0
12951 0
132 2
12954 0
4763 2
12956 2
4523 2
12958 0
12960 2
12961 2
4772 0
12968 1
12971 1
12972 2
4781 1
4783 0
4784 1
12977 2
12981 1
4790 1
12986 2
4796 2
15818 2
8992 3
12994 1
4805 1
4807 1
4808 1
13001 1
13004 2
4813 1
4814 2
4815 2
4816 1
13011 0
13013 1
4822 0
4824 2
17188 2
4826 1
13019 2
4829 0
4830 0
4831 1
13028 0
13030 2
4839 0
4840 0
6306 1
13035 1
4844 1
4845 2
4848 1
13041 2
13042 2
13043 2
4853 0
4854 0
4855 2
4856 1
4863 1
13056 0
14464 3
4866 0
13059 3
13060 0
13062 0
4872 2
4874 2
4875 0
15438 0
4878 0
4881 1
13076 3
13077 2
13078 0
4887 1
8619 3
6277 2
13088 1
4897 2
13090 2
4900 0
4901 0
13094 3
4906 3
2183 2
4908 1
4910 0
4911 2
13107 0
4916 2
13110 1
13112 1
7647 0
13116 0
4929 0
4930 2
4918 2
4934 1
15841 2
6284 0
10530 1
13134 1
13135 2
13136 2
13146 0
18575 3
13148 2
13150 3
4961 1
4962 0
9019 1
4964 0
13157 2
11751 1
13168 2
4979 1
4981 2
8622 2
18580 2
4986 2
4989 0
4990 2
4993 2
4997 2
17217 2
5001 2
13194 0
13195 0
13196 0
5005 3
5008 0
13202 1
5011 3
7662 0
13207 1
13208 2
1258 0
13210 2
5020 2
5021 2
13214 1
13215 3
5024 2
5025 2
5026 2
5030 2
5033 3
4935 0
2315 2
5039 0
13233 1
5047 0
13240 2
5049 3
5051 3
13244 2
13245 2
5054 1
13249 3
5380 1
13253 2
5063 2
13256 1
9036 3
13259 2
13260 3
18594 2
5072 3
13266 1
13267 2
5082 2
13275 2
13276 2
5086 1
14501 0
5088 1
13281 0
13283 2
13284 0
13287 2
12909 2
13289 2
13292 0
13295 1
13297 0
5108 1
13301 2
5110 1
13307 1
5116 3
13311 2
13313 2
5123 2
13317 0
13320 2
10412 2
5132 2
2221 0
13329 2
13332 2
5141 0
13334 0
11780 3
6319 1
858 1
18175 1
2224 3
5154 2
17084 1
13348 1
13349 0
13350 0
13352 0
860 3
5167 1
13360 2
5171 1
13364 3
4958 2
13366 0
13367 3
13368 1
10420 2
13371 3
13373 2
8927 3
5185 0
5186 0
5187 0
18147 1
13153 2
12448 1
5196 2
5197 3
13390 2
1071 1
5200 0
5201 1
13394 0
5203 2
13396 0
5206 1
5208 1
5211 2
5212 1
2234 2
5214 2
5217 0
5218 0
13413 2
13414 2
13415 0
13418 1
14983 2
13510 3
13423 0
13424 2
5233 2
5239 0
5241 2
5244 0
7701 0
5248 0
5249 2
13442 2
5251 2
5253 3
16238 3
15895 0
2630 1
10268 1
5265 2
13458 0
9070 2
13464 3
16090 1
5275 1
5276 2
13471 1
13474 0
8632 2
5285 2
5290 3
5292 2
5293 2
5294 2
2248 2
13490 1
13494 3
13497 1
5306 1
13499 1
13500 0
13503 2
11808 1
5318 0
4379 2
13513 0
3996 3
5323 2
13517 0
5326 0
13519 2
13520 2
5329 0
5331 3
4985 1
5336 1
15908 1
13532 0
13178 0
13535 2
5345 2
10783 3
5349 2
13544 2
5353 3
15911 3
10450 2
5358 1
13551 2
13552 2
13129 2
13559 2
5372 2
13565 2
5374 1
13567 3
5376 2
5378 2
13572 2
13185 1
13576 1
13578 2
2263 2
13580 2
5389 2
5390 0
11821 1
10456 1
13586 0
13587 2
13588 2
13589 0
2265 2
5401 2
5404 2
5405 2
5406 0
5408 1
5410 2
18651 1
13605 2
13607 2
13608 2
13610 1
903 0
13616 2
11827 0
5431 0
13625 0
13626 3
13627 2
5436 3
5437 2
5440 0
5441 2
13634 2
5444 2
5446 1
5448 0
13641 2
11111 3
14028 1
5453 2
13646 1
13647 2
12184 2
5461 2
5463 1
13659 1
5469 1
13662 0
912 3
18662 2
5478 0
17297 0
5481 0
6412 2
5485 0
5486 2
13679 2
13680 0
18664 0
5490 1
5491 2
5496 2
13689 0
13690 2
13695 2
13696 2
15277 1
13699 0
5508 2
9110 2
5513 2
5514 0
5515 1
13710 2
5520 0
13713 2
13718 2
13723 2
5018 1
1548 2
13727 1
5538 0
5539 1
5541 2
5542 2
5545 1
7751 2
6386 1
17472 0
12866 2
13747 1
5556 1
13750 2
5561 2
13754 2
5564 1
5567 2
5568 3
5571 1
5573 0
3660 3
5579 2
5580 1
5581 2
5583 2
6392 0
5587 1
13781 1
13782 2
5591 2
18682 1
5607 1
13801 0
5612 2
5619 1
13818 3
5630 2
13823 1
5643 3
13827 0
13828 1
13830 0
5639 2
5641 0
3671 2
18690 1
8917 1
13843 0
5652 0
5653 1
13846 2
5655 2
5657 1
5658 3
4402 1
5664 2
7771 2
5668 2
5670 1
13864 2
13865 2
5674 1
13867 2
5680 1
5682 3
17331 1
5685 2
5686 2
5687 2
5691 2
12192 0
5705 3
13900 0
13901 2
13902 0
9144 3
11875 0
5716 0
13909 2
5719 1
5720 2
13913 0
13915 3
6912 2
13919 3
13921 1
13925 0
13927 1
13928 1
13930 1
5821 2
5743 1
3688 1
5748 0
13941 0
14376 2
15423 0
18709 3
9152 2
13954 1
5765 2
13959 1
13961 0
5771 1
6466 2
13965 0
5776 2
5777 2
5780 1
7790 1
13978 2
5787 0
18714 1
13982 0
5793 1
18715 3
10267 0
5800 1
5803 1
5804 1
13997 0
5806 0
13999 1
14000 2
5809 2
5810 0
5811 2
5814 2
14007 1
5819 1
14012 1
14013 1
5822 1
5823 2
17442 3
5828 0
3312 0
5831 0
15707 1
3703 2
5836 1
14029 2
5838 2
10560 0
5841 1
5843 2
14036 1
5847 0
14041 2
14042 2
14043 0
5853 2
18725 1
5858 2
5105 0
5860 2
10288 1
5869 2
5870 0
15997 1
4643 1
14066 3
14067 0
14069 0
5879 2
5884 0
14077 3
14078 1
17365 0
6443 2
14084 1
5894 0
13017 1
9184 2
14093 1
14095 2
5904 2
10542 2
14103 1
5913 1
5916 1
14109 3
5921 1
5922 0
5925 2
14118 0
5928 2
5930 2
16811 2
14124 0
14125 2
14126 2
14127 2
14128 2
5937 0
14133 2
3721 2
14138 1
14139 1
11914 1
14142 3
10549 0
10291 1
14151 2
2359 3
14157 2
12763 2
14163 0
2381 2
18748 2
5978 0
5979 0
5982 2
5983 0
14177 2
5987 1
14180 1
5989 2
18203 2
14185 1
14186 2
5095 2
14189 0
14191 2
6000 0
14194 2
14195 2
14198 3
6011 2
2321 0
6013 2
6015 0
14208 0
14209 0
14210 2
14211 0
14212 2
6021 2
14214 2
6024 2
6025 2
14218 0
14219 0
14221 0
14222 0
14224 1
7832 3
14227 1
14228 0
14233 0
14234 0
4020 1
6044 3
6045 1
14239 0
14240 1
14242 0
6051 2
14245 1
6055 1
6057 2
14251 0
14254 2
6064 2
6472 0
6066 3
14259 1
7567 2
14262 2
14265 2
14267 1
13023 2
13302 1
14278 2
4355 2
14287 1
14294 0
17401 3
14296 2
16036 1
14298 1
6108 2
14302 2
14307 2
14309 0
6119 1
6121 3
6122 2
6205 2
6128 2
14322 2
14323 2
6132 2
14509 2
14327 2
14329 3
14330 0
6140 2
2389 2
15753 0
6146 3
14339 3
6150 0
6151 2
6152 3
14345 3
6154 2
14347 2
14349 1
6158 2
6159 2
2392 2
17411 1
6164 2
2393 3
14360 1
6169 2
14364 1
6173 0
3206 2
14367 1
6176 1
6177 1
18482 0
6184 0
6187 2
14380 0
16050 3
14382 2
14384 0
14385 1
14386 2
14387 2
6196 2
2398 1
14391 0
6200 1
6201 2
14394 2
6204 2
14397 0
6206 2
14403 0
6213 2
14408 2
13324 2
14410 2
2402 0
6222 0
9229 1
5115 1
6225 2
14420 2
10573 1
6231 2
9482 0
14428 3
7866 2
14430 3
5936 0
14433 2
6243 0
5137 1
6251 2
14444 2
4027 0
14446 0
7869 2
6256 2
14449 2
17063 1
6260 1
9108 2
14458 2
6267 2
6268 0
14461 0
6270 2
14463 1
6272 3
14467 1
17430 2
6282 2
14476 0
6286 3
9211 2
7875 1
17433 1
14489 1
14491 1
6304 1
14498 2
6309 0
14503 2
14504 2
14505 2
6315 0
16997 2
14511 0
3784 2
6515 2
1054 2
14519 0
6330 2
6331 2
6332 2
6335 0
6336 2
10031 2
5121 2
14533 2
17441 2
14538 2
2388 2
6349 2
14545 3
6355 3
6356 1
6357 2
6359 2
5156 0
6363 2
18819 0
17445 2
14560 1
14561 3
14562 1
2427 2
14564 0
14565 1
16026 2
18812 2
6759 2
14572 0
14578 1
6387 2
14581 1
9257 0
14584 0
6393 2
6398 3
14591 2
6407 2
6408 0
6409 1
6410 3
1850 2
14604 2
14605 0
17453 1
7896 0
6418 0
14611 1
6424 0
2436 0
6426 1
6427 2
6429 1
13518 2
14623 0
14624 1
14625 2
16581 1
14627 2
6439 2
14632 2
14635 0
6445 1
6446 2
16093 2
6448 1
2440 2
14642 2
6451 2
6452 1
6454 0
14648 0
14649 2
14651 2
5125 0
6462 0
6465 0
14658 1
14662 2
14663 2
14664 1
6473 2
14666 2
6475 0
6476 0
16098 0
6480 2
14674 2
14675 2
10638 1
14679 0
6488 2
14682 2
5179 0
14693 3
6502 2
6505 0
6506 2
8400 0
18493 2
16038 2
6514 1
18835 0
9045 2
6522 2
6523 2
14716 1
14717 1
14720 0
1088 0
13593 1
14724 2
14730 1
14731 2
9282 3
14734 0
12013 2
10648 2
8432 1
14742 2
14745 3
6553 0
2458 0
14756 0
13844 3
7921 3
8402 2
14761 1
6575 2
14768 0
6577 1
6580 0
1353 0
6585 1
14779 2
6588 1
14782 2
6591 2
14787 0
14791 2
14792 2
14793 1
14795 1
6604 2
14797 1
14800 2
14803 2
14804 2
14805 2
6614 2
6616 1
14809 2
14811 2
10586 0
6624 2
6625 2
16123 1
14821 2
6631 2
14825 2
7933 2
6646 1
9300 1
14843 3
6652 3
6653 1
14849 2
14851 2
17494 2
12034 1
6671 3
6673 1
6674 1
6676 0
294 3
6679 2
6681 3
14874 2
14875 2
14877 2
14878 2
6687 2
14680 2
6576 2
6690 1
14883 1
6692 2
14886 1
6695 3
14888 2
6697 2
14892 1
6701 1
6702 1
6704 1
6705 0
14899 1
6709 0
14902 2
6712 2
6713 0
6715 2
12647 1
14914 2
6723 1
14916 0
6725 0
14920 0
7589 0
6730 1
14924 1
6733 0
14929 1
6738 0
6740 1
14934 2
6747 2
6748 2
6751 0
14945 1
14947 1
14951 2
14952 1
14953 3
6762 1
6764 2
6767 2
9320 2
6770 2
6771 3
6772 1
14965 0
6774 0
14967 0
771 1
14972 2
14973 2
6787 0
6788 1
14981 1
6791 2
10319 3
14988 1
14989 0
14992 0
6802 3
6809 0
6810 1
6811 1
15004 2
17412 3
6815 0
6816 1
6817 1
11411 2
15017 1
6828 1
6833 1
6836 1
6838 1
6839 3
6840 2
9775 0
6842 3
15035 3
6845 0
15039 2
6848 0
15042 2
6851 1
15044 1
6853 0
6855 1
6856 1
6857 1
6858 2
6859 1
6860 1
8139 1
15055 2
6867 1
6868 1
15061 0
15062 1
6874 1
15067 2
15068 2
15069 2
15071 0
15072 0
6881 2
15074 0
6884 0
15077 0
15078 2
17960 0
15080 2
6890 1
15084 3
15085 2
15086 2
15087 2
6898 1
15093 3
15095 1
6905 1
6907 2
6908 2
15101 1
6910 2
2517 0
15104 1
15105 1
15106 1
15107 1
6916 0
15109 1
9232 2
15112 1
6922 1
6925 0
6926 3
15120 0
14808 2
6930 1
15123 1
15124 3
6933 3
15128 0
6939 2
15132 1
6941 0
6942 1
15135 2
15136 1
15137 3
6946 2
6619 2
15140 0
15141 1
15143 2
15144 0
15145 0
1159 2
6957 1
8415 1
15151 3
6961 1
15155 0
15156 3
15157 2
2283 2
15160 1
15162 1
18759 1
1596 2
6977 0
6978 0
884 1
14417 0
6986 2
15180 1
6989 1
9357 1
6993 2
15186 1
15189 0
15191 2
15192 0
7004 2
1597 1
7006 2
7008 2
15202 2
15204 2
10726 2
7017 1
7018 1
15212 3
17554 2
1052 0
15215 0
7024 2
15217 2
185 2
15225 1
15226 2
15227 3
15228 0
15229 2
7038 0
7039 1
15232 1
7044 3
15237 2
15239 2
15242 0
15243 1
7052 1
7053 1
7094 2
5272 0
15250 3
15251 3
7065 3
5418 1
7068 1
7069 0
15264 2
15266 1
15270 0
10737 3
15273 0
15525 2
17421 1
7085 0
15279 2
15280 1
7089 2
17996 1
15283 0
15284 1
7093 0
15286 1
8009 2
7096 2
11693 0
12595 2
16267 2
7103 2
15296 2
7105 1
15304 2
15305 2
7114 2
15307 2
7116 1
7117 2
11477 2
7120 2
7121 2
7122 2
7123 2
15316 1
8014 2
15318 2
6603 1
7132 0
4963 3
13477 2
7136 0
14908 1
7138 0
7139 0
15333 2
17669 2
3921 2
11149 0
7145 2
15339 3
8967 1
7155 2
2558 1
7158 2
7160 3
16212 2
7164 2
7166 3
7169 1
15362 2
15364 2
7176 1
7179 3
15374 0
15375 1
15376 3
15377 2
2563 2
15380 1
512 1
16290 0
7194 2
13333 1
7205 1
7206 2
7209 2
15404 0
15405 2
7214 2
15409 2
7219 3
15413 2
15414 3
15417 2
7226 0
7227 2
7228 1
7229 0
7231 0
3936 1
11152 2
7235 2
15428 2
9398 1
7238 2
7239 1
7240 3
15244 0
15051 2
7246 2
15440 1
15443 0
15445 2
15448 2
8036 1
7260 2
15461 0
15463 0
15471 1
15473 0
2152 2
9407 0
15484 1
16234 2
15486 2
10773 1
15490 1
10774 1
15496 0
14871 0
15500 2
15503 2
15506 1
15509 1
15510 2
15511 0
15513 0
15514 0
7323 0
15517 1
15518 0
15522 1
6683 2
17606 1
15529 0
15533 2
15534 0
13512 1
15541 2
1225 2
7337 0
14879 2
5322 2
15550 0
15552 1
15555 1
15557 1
15558 1
15559 3
15560 0
15561 1
15565 1
7374 3
9421 2
15570 0
15572 1
7381 0
15574 0
7388 2
15581 1
10789 2
15584 2
9424 1
15588 1
15589 2
13737 2
15593 0
15594 3
7405 2
7407 2
7408 2
7410 2
13523 1
7413 1
15607 1
1236 1
15610 0
7419 0
7421 0
15616 0
15617 2
2975 1
15621 2
15625 1
7434 2
7440 2
15634 0
15638 2
7447 2
7448 2
7451 2
7452 2
15645 3
15647 1
15649 3
7461 1
15654 2
15655 2
15657 2
15658 2
7467 2
15661 1
16264 3
10803 3
15668 1
15670 3
15671 0
15672 1
7481 1
15674 2
7483 0
15676 0
14901 0
7488 2
7489 2
7490 3
7491 2
7495 0
7496 0
7497 2
10807 0
15693 0
15695 0
2616 1
1251 1
15701 0
7510 0
15705 1
7515 3
7516 2
15713 2
7522 2
18057 2
7524 3
15717 0
16704 3
15719 1
15721 2
15722 2
15726 1
5352 1
7538 3
15731 1
11435 2
15734 2
1257 0
7544 2
7547 1
15741 1
15744 2
15745 2
15746 0
7555 0
15748 2
15749 1
7561 2
16279 0
7565 1
15758 2
15759 3
15760 0
7569 2
15765 2
7575 2
7576 2
7578 1
5531 3
7581 0
7585 2
7072 0
15781 1
9457 2
7593 2
15787 3
15788 1
15794 1
16620 3
15798 1
10825 0
7608 0
15801 0
7611 1
7612 1
10826 0
7615 2
7616 2
8096 2
7618 0
9462 2
7626 2
5367 2
15820 1
15821 1
15824 2
15825 0
15827 3
15830 3
9465 1
8100 3
15834 1
7643 0
15837 0
13908 1
15839 1
15840 1
7649 2
7651 2
16294 3
15847 1
9468 0
7658 0
15852 2
7661 0
13308 1
7663 2
15857 0
15859 1
7670 3
15863 2
8398 1
7675 0
7676 0
7677 3
15871 1
7683 2
15877 0
15878 2
1281 0
16971 1
15883 0
7693 2
16301 1
7696 0
7699 2
4014 2
16896 1
7703 3
15897 0
15898 2
7707 2
7709 3
15902 1
15903 2
7714 0
10843 1
7716 0
15909 0
7718 2
4017 2
15916 0
16624 2
7726 0
2653 3
7728 2
7732 1
15925 2
9481 2
15929 1
15930 2
1290 1
7747 2
6753 0
7752 1
7753 3
7757 0
7758 1
6755 3
13582 0
7766 1
804 3
15962 0
15963 2
7772 1
7773 0
7774 1
15969 0
7778 0
7779 2
15972 0
7781 2
7783 0
15977 0
15979 1
15980 2
7789 2
15982 2
15983 2
7794 2
7796 3
8126 0
2665 1
7802 0
16319 0
14954 2
15999 1
16000 2
16002 2
16003 2
16005 1
16008 0
7817 1
16010 0
7819 3
16015 1
16018 1
16020 1
7831 1
16024 1
7020 2
16027 1
7837 3
7838 2
16032 1
7841 3
16034 2
7843 1
7844 0
16628 0
7846 3
16039 2
7848 2
16041 1
7852 3
10866 0
16046 0
16049 1
7858 2
14963 3
16052 0
16056 1
16058 0
16059 0
16061 1
7870 3
16063 1
16064 2
7874 0
16067 2
16068 2
16073 1
7882 1
808 2
6776 2
16082 2
7891 2
16088 1
7897 2
7898 0
16091 2
7900 2
853 0
7906 2
7910 3
7912 0
16106 2
16108 2
7917 2
7918 0
7919 0
16112 0
16113 2
16115 2
16117 2
7927 1
8696 2
16122 1
7931 0
7932 2
8993 0
16126 0
8149 2
16129 1
16133 1
16134 0
7943 2
7945 2
16138 2
7947 2
16141 1
16143 2
16144 0
7954 0
14979 3
7956 2
16150 2
16151 1
16152 1
16157 2
7966 1
16160 0
7975 2
7976 0
16169 2
18134 2
5226 1
7982 1
4061 0
7986 2
9558 1
7989 2
16182 1
16183 2
15308 1
8995 2
16186 2
12255 1
7996 2
6794 2
16191 1
16192 0
8002 2
16196 1
16197 0
16200 0
16201 1
16202 0
16203 0
16206 0
16207 0
12001 0
8020 2
11451 1
8022 0
8024 0
8028 3
16224 2
8033 3
16228 3
8038 1
13628 1
8042 0
8044 1
8046 0
1341 2
16240 1
3814 1
8051 0
16244 1
8054 2
16250 2
8059 3
8061 0
16908 1
13638 2
10907 1
16261 1
13633 0
9816 2
16265 1
16266 2
8075 2
8079 0
8080 0
8082 0
16277 2
15001 1
18000 0
16281 1
16284 3
2714 0
16288 1
9929 2
16291 2
16292 0
8101 1
8102 1
4081 1
8105 2
8108 2
8109 2
8110 2
16306 1
8119 0
16316 1
16318 0
8127 0
8128 2
15008 2
16325 0
11729 1
15009 2
8727 0
16331 1
8142 3
8143 0
16336 3
16338 2
8148 0
16341 0
16342 2
16343 1
16344 2
2724 1
8154 3
17743 2
8156 1
16350 2
8160 0
8164 0
8167 0
16360 1
16361 2
8170 2
16364 0
8173 0
16367 2
8178 0
8179 2
16372 1
8182 2
2258 2
16376 2
16379 2
16380 0
8190 2
9557 1
