8192 2
16385 2
16386 2
16387 2
4 0
16393 2
8202 0
8203 0
18095 0
8211 0
16404 3
16388 2
16412 0
8223 0
16417 0
16418 0
8227 2
37 0
40 0
16425 0
3328 1
16429 2
8238 0
16431 2
8241 2
52 1
16438 3
16439 1
56 0
8250 1
16445 2
62 2
10933 0
66 1
16452 1
69 1
16454 3
16456 2
73 2
74 0
16459 2
8269 0
16462 0
16464 1
81 0
17131 1
16471 2
88 2
8285 1
1381 2
97 0
98 2
16484 1
9574 1
102 1
8295 2
16488 2
1383 2
16492 0
114 0
115 1
117 0
120 3
122 3
123 0
16508 1
16509 1
16512 1
129 3
5483 1
16517 1
8327 3
16804 3
16521 0
16522 1
8331 2
6850 1
8335 0
145 2
8338 2
147 0
148 1
150 2
151 1
153 1
16538 0
16540 2
157 0
158 3
8351 1
16544 3
8353 1
8356 3
8357 0
8358 0
16553 1
16555 3
16557 2
8366 1
175 3
8368 1
177 1
178 0
8371 2
8372 3
16568 1
185 2
186 2
16415 2
16572 3
2762 2
190 3
191 0
16577 0
16580 0
16581 1
33 0
8392 2
8393 2
202 2
16590 3
8401 2
16594 2
212 0
214 0
8407 2
218 3
6863 0
8412 1
8417 3
16612 1
16613 2
16614 0
232 1
233 2
8428 0
16621 0
8430 2
17789 1
8432 1
16625 0
16626 2
244 3
246 0
16631 0
8440 1
16633 0
8443 3
16636 2
16638 0
16640 1
8449 2
8450 1
16644 2
261 2
16646 1
264 0
16650 0
16652 0
8462 0
45 1
16657 1
8466 0
281 3
8474 3
285 1
16670 0
287 2
8480 1
8481 0
8483 0
8485 2
8486 2
16433 2
8488 2
15068 2
299 1
2781 0
8496 2
15714 1
16691 2
1584 2
310 2
11457 2
313 1
315 1
16701 2
8510 2
319 2
8513 0
8514 1
323 0
324 1
8517 1
16712 0
332 2
8525 2
16718 1
16719 2
8528 1
16721 1
16725 1
8535 2
344 2
8539 1
16732 1
349 1
16734 1
16736 0
353 2
8546 2
4203 1
8549 0
358 1
359 3
360 2
8553 2
362 1
16748 0
366 2
8560 1
8562 1
371 0
8564 2
16446 0
374 2
375 0
16760 0
379 0
16765 2
383 0
384 1
16772 1
8581 0
390 1
12353 0
16776 0
394 2
16780 0
397 3
400 0
15289 3
8594 1
8596 0
405 0
16790 1
8599 0
409 0
410 2
412 0
8609 2
8610 1
8611 2
420 1
421 0
423 2
8616 2
1436 1
8619 3
428 2
8621 0
16814 2
9059 0
16818 0
435 1
436 2
8629 1
8631 1
8632 2
8633 0
444 2
8266 2
446 2
8640 0
9632 1
450 1
451 1
8644 2
454 2
455 1
16841 2
8651 0
460 0
8654 0
16847 0
464 2
16850 3
16851 2
8270 0
16854 2
16928 2
8664 1
1444 2
16860 0
16862 1
8671 3
16865 0
8675 2
9638 3
488 2
16874 0
16881 1
16882 3
8691 2
500 2
8693 2
16886 2
503 3
8696 2
8697 0
508 0
16894 0
8703 3
16896 1
16897 2
8708 2
8710 3
15105 1
8713 1
8714 1
8715 0
524 2
528 2
530 2
532 3
8725 1
6441 0
8729 1
538 0
8731 0
8732 1
16926 2
8736 1
545 2
16930 2
8739 3
548 1
16935 2
8744 2
553 1
8746 2
16939 1
558 1
16477 2
8752 2
16946 2
13747 1
8757 2
16950 2
8761 1
571 1
8765 0
575 1
16960 1
577 1
579 0
8772 0
581 1
583 1
584 2
585 2
586 3
16972 1
8782 0
591 1
16976 1
16977 0
8786 1
595 1
596 1
17849 2
4196 3
8794 1
603 1
17850 1
606 0
608 0
609 2
9659 1
8804 1
8805 2
8806 0
17000 1
8809 0
618 1
17003 0
8812 2
8813 1
8814 2
104 0
15123 1
17012 3
17013 2
17014 1
8824 0
17017 0
8826 0
5567 2
8829 3
8830 0
641 0
642 1
8835 1
17028 0
17029 0
17030 1
5477 0
8841 2
8842 2
2839 2
8845 0
654 0
657 3
17042 2
17044 0
664 0
17049 1
8858 2
667 2
8860 1
669 2
8862 2
17055 2
672 0
673 2
674 0
6939 2
8868 2
10861 2
679 0
680 0
8873 2
17066 2
17067 1
17071 2
8880 0
17077 3
17079 2
17083 1
18499 1
17086 3
8895 3
704 0
1660 1
8899 0
17094 1
17095 0
712 2
713 0
714 1
17099 2
15138 0
8911 1
8912 3
8312 1
8917 1
17110 0
17111 2
8921 2
730 2
17118 2
17121 2
8935 2
744 2
8939 2
17132 1
749 0
16699 0
751 3
8945 2
17139 0
17140 0
17142 0
760 1
8953 1
762 1
8955 1
764 2
766 1
17153 0
771 1
17157 0
774 1
17159 3
776 3
2208 3
780 2
8974 2
8975 2
17168 2
786 0
787 2
8980 1
17173 1
790 2
17178 2
795 2
17180 2
17181 2
8990 2
8991 2
8992 3
801 2
802 1
17187 2
8996 2
845 1
17191 0
808 2
17193 2
17194 2
135 1
17199 2
136 0
17202 0
820 2
17205 1
17206 1
9015 0
825 2
9019 1
8330 2
9023 2
139 3
17220 1
837 0
5601 1
17225 0
17227 1
844 2
9037 2
17232 1
17235 0
5352 1
856 0
17242 2
17243 1
17244 0
17245 1
862 0
9055 0
17249 0
17251 1
8337 0
873 1
874 3
9067 2
9068 0
17261 0
17262 0
879 2
17264 0
17265 2
17266 0
17267 0
17268 1
885 1
5485 0
888 2
9082 2
892 2
894 2
17280 1
9089 2
17283 0
9094 0
903 0
9098 2
17291 2
910 1
9709 2
17299 0
17300 1
3934 0
15172 2
17306 2
923 1
17308 2
928 1
2486 2
9129 2
9130 3
4807 1
17324 2
17327 1
9136 2
10099 2
9138 0
9139 2
16542 0
6851 1
952 1
16543 2
17340 0
17341 0
12448 1
11463 1
17347 0
964 3
9157 3
9158 3
17352 0
969 1
15308 1
17358 1
16672 0
17360 2
9169 0
3033 0
17364 2
9173 2
17368 1
987 1
17376 0
17379 2
16550 1
17383 3
1002 0
18497 0
1006 0
17391 0
17392 2
9201 0
17395 2
17399 2
9209 1
9211 2
1023 2
9216 0
1028 1
13825 0
9225 0
1034 2
1035 2
9229 1
1038 0
9231 2
1040 0
17425 0
12462 2
1046 2
17431 3
17432 2
8491 3
1050 1
16559 0
1052 0
17440 2
17442 3
9252 2
9734 0
1063 2
9257 0
17450 1
17927 0
1071 1
9269 2
9270 2
5641 0
9272 3
16564 1
9274 2
9275 2
17468 1
17469 0
17472 0
17476 0
17477 1
9287 0
17480 2
17487 2
9296 3
9297 0
1107 1
9300 1
9301 0
17495 1
9304 2
9305 1
17498 1
17499 2
9308 1
9310 0
9311 2
9312 2
17506 2
1123 0
17509 2
9318 0
9319 2
17512 1
17516 2
9325 0
17518 0
1137 0
9330 0
17523 2
9332 2
17526 0
1144 2
17533 3
17534 2
17536 2
1154 2
10404 2
13846 2
9352 1
17545 1
9355 3
17548 1
1166 2
17551 2
17552 1
17553 2
9362 0
9363 1
17556 2
1174 2
1175 2
1177 2
15215 0
17564 2
9373 3
17567 3
17568 0
17570 2
1187 2
17574 1
17576 1
17577 1
17578 2
1195 0
1200 0
200 0
9396 1
9397 2
1206 2
17591 1
17593 2
9402 2
9403 1
17596 1
17597 1
1217 2
9411 2
9412 1
9761 1
1225 2
17610 2
1227 0
17612 2
17613 0
9425 1
11225 0
9427 2
9428 2
206 3
9430 0
15225 1
1240 0
17626 1
1246 3
1249 0
1250 0
1251 1
17637 0
9446 1
17639 1
860 3
1257 0
17642 1
9451 0
1260 0
9453 3
17649 1
17650 1
9459 2
17652 1
9461 2
17654 3
17657 0
9466 0
17659 2
17660 2
1277 1
17662 2
17663 1
17664 0
9473 1
9474 1
1283 2
1284 1
9477 2
17670 0
9479 2
17672 0
9481 2
17675 2
9484 1
9486 3
17680 0
1299 1
9492 2
9493 1
9494 1
1303 1
1304 2
17689 2
17691 2
9500 0
9503 2
1313 3
7701 0
1319 0
1320 1
1321 2
1962 3
1324 2
17710 2
17711 1
17712 1
9523 0
9065 2
317 2
17719 1
1338 1
9531 2
1340 2
1341 2
17726 2
1343 2
9540 2
9543 2
17736 0
17737 2
1355 1
17740 3
6319 1
1359 1
15321 1
9555 1
9556 2
9557 1
17752 1
1370 2
9563 0
17756 0
17757 1
9566 0
1375 2
1377 2
17762 2
8502 1
230 0
17766 0
17767 1
9578 1
9580 1
1389 3
1392 1
16616 1
9592 1
9593 2
1402 1
9596 0
9597 2
9599 0
1408 0
9792 2
17794 1
17795 1
15254 3
1414 2
17985 2
236 0
9610 2
9611 2
1421 0
1425 2
9619 0
9796 0
17819 2
17820 0
1605 0
1440 2
16624 2
9634 1
17828 3
9637 1
1446 2
9639 2
17832 3
17835 2
9646 1
15261 2
9649 1
17842 2
1460 3
1461 2
9656 1
9657 0
1466 2
2975 1
17852 2
17856 0
15264 2
1474 2
9667 3
9668 1
9669 2
1479 3
9673 1
1482 1
9676 2
9678 3
1613 2
1488 1
9681 2
17875 0
17876 0
17998 2
17879 0
1496 1
9689 0
9690 2
9691 3
9693 1
9694 0
17888 0
17895 0
17896 1
8444 0
9706 1
9707 1
18002 0
1524 1
254 0
9724 1
1533 0
1538 2
17924 0
17925 0
1542 2
9735 0
1544 1
1545 2
1546 0
1548 2
17934 2
15277 1
1556 1
17941 1
1559 0
17944 1
1561 2
1562 0
15279 2
1564 1
17949 2
12549 2
16759 1
11184 1
17957 0
17958 2
1575 1
9768 2
9770 1
4359 2
17964 0
9773 2
17967 1
17968 0
17971 2
1588 0
9781 1
1591 1
17977 2
1594 1
17979 2
1596 2
1597 1
1598 0
9791 2
1600 2
1601 1
17987 0
6600 0
17989 1
1608 1
9801 2
17997 3
1614 1
17999 0
18001 2
9810 2
9811 0
9812 0
3001 2
829 1
9820 0
9821 2
18014 3
18015 2
1634 2
18020 0
9829 2
18022 1
18023 3
1641 2
18028 1
274 2
9838 1
9839 0
18032 0
12563 2
18038 2
1655 2
1657 2
9850 0
18044 0
1661 1
9854 1
8237 2
9858 0
18056 0
18057 2
1674 2
1677 0
18062 2
18065 0
9874 0
18067 0
9876 0
4377 3
5743 1
4378 0
9886 0
7109 0
9840 0
9890 0
1486 0
9892 0
1702 2
1703 1
18089 1
18091 2
1709 0
1711 2
18098 2
1715 0
1716 1
1717 2
16424 1
18104 0
1721 2
1723 1
9916 1
18110 1
288 3
9922 1
1732 2
9927 2
1736 0
9929 2
1738 2
1740 0
12578 0
18128 0
18130 1
1748 0
18133 2
18134 2
1753 3
1755 1
1695 2
18142 1
18143 1
18144 2
1761 0
1763 0
18148 0
448 3
18150 2
1767 2
10970 0
1769 2
1771 1
18156 1
1773 1
7424 3
1775 0
296 0
1779 0
1662 2
18166 0
9976 2
18169 1
17797 3
1789 2
1790 2
18175 1
18178 1
1795 0
3030 1
4697 1
18185 0
1803 0
9998 0
9999 2
10000 0
3032 2
18194 3
10006 0
18199 2
14245 1
18202 1
18203 2
1820 3
3034 2
18207 2
10018 0
10019 3
10020 3
18216 2
18218 2
1835 1
1837 2
5795 3
18224 0
18225 2
10035 2
10036 2
3038 1
10038 2
1847 0
18232 2
12596 2
10043 1
1852 1
10045 1
10048 2
11232 0
1858 1
18243 0
10053 1
18246 2
18247 2
10056 2
8791 2
18256 0
18261 1
16697 2
18264 1
1882 0
10077 1
1888 2
18275 1
18277 0
18279 1
10088 1
11239 2
18284 1
18066 1
18286 2
10095 2
336 0
1905 0
18291 0
18292 0
10102 0
10105 0
882 0
1918 2
1920 2
1921 2
18306 2
1923 2
1924 2
18310 3
10119 1
18312 1
18314 2
5247 2
1932 0
10125 1
10126 3
10129 2
18324 2
1944 0
1946 0
1949 2
18334 1
16709 1
18344 2
10154 0
1964 2
18349 1
1966 0
14250 2
1969 0
1973 0
18358 3
1975 1
1976 1
1978 0
1979 1
18366 2
15069 2
10179 0
18372 1
15350 0
18374 1
1992 2
16716 0
18379 1
18380 0
1997 3
18383 2
11256 0
5687 2
12622 1
2006 1
11257 1
10200 2
18393 2
9887 3
18397 1
18398 0
18400 0
18401 1
18404 2
2021 0
2025 1
18413 3
18414 3
10225 0
18419 1
18420 2
18421 3
6211 0
18424 1
4436 2
18426 1
2043 1
10237 0
8797 3
2047 2
10241 1
5803 1
2052 2
18437 0
2061 3
18446 2
10261 2
2072 2
18457 1
2074 1
9903 1
10269 0
10270 3
2083 2
10276 2
10279 2
18472 0
10281 2
10282 2
2091 2
9906 2
2094 1
16733 2
15368 3
18483 2
10293 1
2102 2
10296 1
10298 2
18491 0
2112 2
10305 2
2114 0
2115 1
2116 2
10309 3
2118 1
10311 2
10312 2
2121 0
8254 3
10316 2
10317 1
18511 3
2128 1
2130 1
10324 1
10327 1
18520 1
10329 1
2138 2
10332 1
10333 1
10335 2
2145 2
5819 1
16742 1
18534 2
2154 0
16743 2
2157 0
18542 0
18543 0
18544 0
16744 2
2163 1
1726 2
10358 2
12649 1
10361 0
2170 1
18558 0
2176 2
10369 2
2179 2
10372 1
2181 1
4437 3
2183 2
10384 0
18577 0
14019 2
2196 0
10389 0
2199 2
2202 2
18587 3
2207 1
18592 0
12656 0
18594 2
2212 1
18598 2
10407 2
18600 2
18604 2
2222 2
10416 1
10421 2
18614 2
18615 1
10426 1
18619 2
2236 2
14259 1
18623 0
2240 2
18628 2
2246 3
18632 2
17260 2
12663 2
2254 2
14029 2
18640 1
11299 1
2262 0
2264 2
2266 0
10463 2
2273 1
10467 2
18661 1
2278 2
18663 3
18664 0
18665 2
2283 2
10479 2
10483 0
10485 1
10486 2
10488 2
18681 2
18682 1
2303 0
2304 0
18353 0
18690 1
1750 1
10502 2
10505 2
18699 0
4662 0
10511 0
2320 0
18706 2
10515 0
2324 2
10517 1
18710 2
18714 1
10523 2
10525 0
10527 3
10528 3
18724 0
18725 1
2342 2
2343 1
8583 3
18734 2
14045 0
2353 1
18739 0
1758 3
18082 0
2362 2
18747 1
2364 2
18750 1
2368 1
1760 0
10563 2
17182 1
2373 1
9953 0
18760 3
2377 0
10573 1
10574 2
10575 1
2385 2
18771 2
2388 2
18775 1
18776 3
2393 3
10586 0
18779 0
10592 2
8592 2
2402 0
10595 2
2404 1
18790 0
8593 0
2408 0
10602 2
10604 3
2413 2
2414 2
10607 1
2417 1
10613 1
18153 0
10616 1
18809 2
2426 1
2427 2
10621 2
18814 2
16789 3
18819 0
2436 0
2440 2
10634 1
18830 0
18831 2
10640 3
18836 1
2453 0
18838 0
18839 2
10648 2
2458 0
8602 1
2464 1
10660 2
2469 0
2470 2
2472 2
2475 1
18861 2
10677 3
10678 2
10679 2
10686 0
10689 3
2503 0
10700 2
2510 0
2514 1
10709 2
902 1
1785 2
10712 2
2521 3
10714 1
6910 2
11268 2
2528 0
10722 2
10724 0
12710 1
10726 2
10727 2
10729 1
16807 1
9981 2
10737 3
2546 2
9982 1
2551 0
10745 0
1791 3
2556 1
2557 0
3157 0
10753 2
10755 0
2565 0
2566 3
4525 1
10768 1
2578 1
10771 1
2580 2
8622 2
10774 1
17544 2
10779 3
10780 0
10782 0
10783 3
10784 0
10785 2
9088 3
2595 2
2597 0
2599 2
2600 2
10793 0
2371 2
2603 2
2605 0
2606 3
10800 0
10802 0
8627 0
3633 1
2615 2
2616 1
10809 1
10810 1
2620 0
10817 1
2626 0
10819 2
10820 3
10822 1
10825 0
4535 3
10831 2
2642 0
10837 2
8817 1
10841 3
2653 3
2655 2
10849 0
10852 2
10853 2
2664 0
2665 1
2669 1
10863 0
5907 2
10869 1
10871 2
10873 0
10876 0
5909 3
2688 1
10881 2
2690 0
10884 0
17002 1
10891 0
2703 0
1181 3
2707 0
10900 1
18201 1
10904 3
10905 2
2714 0
2715 2
10908 0
10010 0
10913 3
2722 1
10915 2
2724 1
4550 0
10919 0
2729 1
1371 0
16839 0
2732 0
16185 1
2735 1
2738 3
2739 2
2741 2
2742 2
2744 0
2746 0
10941 0
2750 1
2751 0
2752 0
2754 2
10954 0
3191 2
2764 3
10957 0
2767 1
2768 1
2769 0
2772 2
2775 1
2776 0
2778 2
8655 2
10972 0
10973 2
2783 3
2785 2
2787 0
2788 0
2789 0
2791 2
2792 2
2794 3
10991 1
2801 2
10994 1
15486 2
10998 0
2807 3
11004 2
9184 2
11014 3
11015 2
11016 0
2825 2
2833 0
15491 1
8665 2
11034 2
2845 1
11038 2
3205 1
2851 1
11045 2
2854 1
4572 0
2859 1
11053 2
2863 0
11057 2
11059 0
2868 1
11065 2
12767 3
10037 2
2880 2
2882 2
2884 0
1846 0
11078 2
8673 1
3212 1
10039 2
2893 0
2898 2
11091 3
11097 1
2909 1
2910 1
2912 1
2914 1
2917 0
11111 3
11112 1
2922 1
2924 0
11118 0
11119 1
2928 1
2930 0
2933 0
11126 1
11128 2
916 0
2939 2
11132 2
11134 1
3221 1
2944 2
11139 1
11141 0
11142 1
2952 2
16738 1
11150 2
11152 2
11155 0
2971 0
11164 0
2973 2
1861 0
2979 2
1862 3
2982 3
11177 0
2986 0
10055 2
2988 0
2992 2
11187 0
18376 2
2998 0
3000 2
11193 0
11194 2
11196 0
18250 2
501 1
11200 1
3010 3
11203 1
3013 1
3014 0
11207 3
3016 1
3018 2
3020 3
15522 1
3026 3
11220 1
3029 1
11222 0
16889 2
11224 2
15524 1
11226 2
3035 3
3037 0
11230 2
3040 2
1465 2
11430 0
3047 0
3048 3
3049 2
3052 1
14949 0
3061 0
3064 1
3065 1
11259 2
11262 2
512 1
3074 1
3076 2
11269 3
3079 2
11273 3
3082 2
11276 1
3086 0
3088 0
3070 2
12732 1
3100 0
11294 3
3104 0
3105 1
3107 2
11300 2
16902 2
3110 2
11305 2
14561 3
3251 0
3129 3
3135 2
18272 0
11330 1
11331 3
3141 2
11334 2
11335 2
11336 2
3145 3
3146 0
11343 2
11346 2
10083 2
11348 1
11349 0
11350 1
4531 1
16745 0
11364 1
11369 2
3178 1
11371 2
11372 0
16914 1
3182 3
11382 2
11383 1
8724 1
533 0
11392 0
11393 2
1899 0
11397 2
11398 2
3207 2
11403 2
11404 1
3214 1
3215 2
3216 2
11409 1
11413 3
11414 1
11420 0
3231 1
11425 2
11426 3
16923 2
3236 0
3237 1
3238 2
11432 0
3242 3
11435 2
3249 1
1907 0
3253 1
9418 1
11450 2
11451 1
3261 1
11454 0
3263 2
3265 0
11458 2
3267 0
3268 2
11461 1
3270 1
16929 2
3274 1
11467 1
3277 0
11471 2
3280 2
547 1
3286 1
3287 2
3288 2
3279 2
11484 1
3294 0
3295 0
3296 0
7376 0
17207 3
3303 1
3305 1
3310 2
12840 1
3314 3
11507 0
3318 0
3320 2
15572 1
11514 2
3327 0
11520 0
11521 1
3330 1
555 2
11525 1
11529 2
11530 1
11479 3
11532 2
3342 1
3347 0
3349 2
11543 2
3354 2
3358 0
11553 2
11554 1
3291 2
11558 3
3371 0
1476 1
11565 1
11567 0
3380 1
3381 1
6025 2
3387 1
15189 0
16949 0
18662 2
11586 0
18315 3
11588 1
3397 0
3402 3
3407 0
11604 1
3414 0
3416 0
3422 1
11615 1
3424 3
1205 1
11618 1
11620 1
16481 1
3435 3
3437 0
4669 2
7675 0
11633 0
11639 1
11641 2
3451 1
11649 2
11650 2
3460 2
3468 0
3470 1
11664 1
8771 3
11669 3
3479 2
11672 2
11674 0
15599 0
3485 1
3489 3
3491 2
11684 2
11685 3
3313 2
389 1
8775 0
3501 1
14237 0
10143 1
11708 0
11710 1
3520 2
3521 2
3525 0
8780 1
11724 2
11512 2
11732 0
11738 1
11740 1
11743 1
11744 2
11747 2
14590 1
11751 1
11752 0
6055 1
3564 3
11758 2
3568 0
11764 2
11766 0
11767 1
16980 2
11773 2
4693 2
3585 2
11779 0
10156 1
11786 1
3595 0
11789 2
17700 1
3607 0
11800 2
3333 1
11808 1
6064 2
3618 0
3619 2
3621 2
11815 1
11821 1
3630 2
11823 1
11825 2
3634 3
11827 0
11831 1
11833 1
11836 0
11838 2
11841 2
11842 0
11844 2
3654 0
3655 1
11849 0
11850 3
11852 1
11856 3
11857 0
3666 0
11859 1
3671 2
11864 2
3675 1
16997 2
11873 1
11874 1
3683 1
3684 3
11877 2
11878 1
11880 1
11884 2
11887 2
10174 1
12905 3
3705 0
11900 2
8810 2
3710 0
3712 2
6080 1
11907 2
11909 2
11910 0
11914 1
3727 2
11920 0
3730 2
3731 1
3732 0
3733 0
3740 0
3741 2
3745 2
3747 1
1990 3
3750 1
11943 0
11944 2
11950 0
14280 0
17011 0
18377 0
3770 2
11963 2
11968 1
3778 0
3361 0
3672 1
3785 3
3790 2
3792 0
12947 1
11989 0
12921 2
3801 3
11997 0
945 3
3811 2
7462 1
12006 0
2001 0
3816 2
12011 3
3820 1
12013 2
3822 3
17021 0
12016 0
12017 2
17022 0
12024 0
12025 0
3834 2
12029 0
4736 2
12041 1
12043 0
8834 2
12053 1
3862 2
12055 2
12057 1
3869 0
8837 0
12066 0
3876 2
12069 1
3879 2
3880 0
3881 0
12076 2
3885 2
16829 1
3887 2
3889 2
6110 0
12088 3
12089 1
3899 2
3901 0
12097 1
12100 2
4748 1
12109 2
12110 2
653 2
3921 2
3926 0
12120 0
12126 2
3936 1
2586 1
3940 0
17041 1
12136 2
12138 1
12139 2
3950 0
12143 3
12144 1
3955 0
12148 1
3960 2
12154 0
3965 2
12158 2
12159 0
12162 1
3972 0
3974 3
3393 1
3394 2
3984 1
3985 2
12178 0
3988 0
3989 2
12182 3
12184 2
3997 2
3998 0
3999 0
133 2
14320 2
12197 3
4006 2
4009 3
12202 2
4011 2
12206 1
4016 1
4019 1
4766 1
12193 0
4024 1
10228 0
12218 2
4027 0
12221 0
2037 0
8864 2
4034 2
4038 0
17057 0
4044 2
4050 1
12243 2
12244 2
9955 0
1226 1
17060 3
4058 2
12251 2
4061 0
12255 1
12256 3
12257 0
12258 2
12259 2
12260 1
12269 3
4078 1
4079 0
4080 3
17321 2
12277 0
4086 2
4087 0
4090 1
4092 0
12287 0
4097 0
12293 3
6145 2
4106 2
7511 0
12300 2
12304 0
12306 2
4116 0
12309 0
4121 0
12314 2
4124 2
12325 0
12327 2
7516 2
12330 1
12331 2
4142 0
4143 0
4144 0
14344 0
11614 1
12342 2
12343 1
12344 2
12348 1
12349 1
12981 1
12630 2
12354 2
4164 0
12360 1
4169 3
15958 3
4173 2
4175 2
5049 3
12372 0
6443 2
4182 3
15716 0
16645 1
4192 2
10778 0
12388 2
12390 2
4200 3
4201 2
3431 1
15249 2
4210 3
4211 3
702 1
6687 2
12411 2
12416 1
4225 2
12424 2
12425 1
12426 0
12427 2
4802 1
4238 0
4239 0
4241 0
17091 0
4245 2
2073 2
12440 2
4249 1
4250 1
4256 2
8902 2
4262 2
3441 1
6172 0
12459 1
4270 0
14365 3
12465 1
17097 2
2995 2
12481 0
961 1
4291 0
12487 0
4297 0
15735 0
12494 2
12495 2
12496 1
4308 2
4312 2
12506 1
4815 2
4316 1
4318 2
4319 0
4320 2
4323 2
4325 2
4327 1
12521 2
4335 2
4336 0
4337 2
4338 1
4340 0
4342 2
12536 1
4345 2
8328 0
12539 2
12540 0
12541 1
725 1
8601 2
4354 2
4355 2
13014 2
17603 3
12551 2
4365 2
4369 2
4370 1
7555 0
10286 1
4374 2
12568 2
7556 0
12570 3
12571 1
12573 0
7557 2
4386 3
12579 0
4388 0
12590 3
4399 1
4404 0
17059 0
12599 2
5745 2
4415 0
12609 3
4418 0
12613 1
12615 2
12616 0
9149 0
4426 0
4427 1
12620 3
4430 1
12623 0
14392 2
12626 2
4435 1
12628 1
16669 0
4438 3
12632 1
12635 0
12636 0
12637 1
12638 2
4448 1
4457 2
8059 3
12652 2
6205 2
4464 2
12657 2
4467 0
12662 1
4471 1
4475 0
12671 0
4482 1
12675 3
4484 1
4485 2
4487 2
4490 1
4491 1
10306 1
12686 2
4497 0
4498 2
14403 0
12692 2
17134 1
12695 3
10308 0
12698 2
4507 1
9324 1
7578 1
4510 1
4511 1
4516 0
4518 1
4520 0
4521 1
12714 1
4523 2
12717 1
4528 2
4529 2
12723 0
4532 1
4533 0
4534 1
12727 1
4536 0
4537 2
12730 1
4539 1
4540 1
12737 1
12739 2
12742 1
18155 1
12744 0
13245 2
13047 0
12752 0
12755 0
4566 2
12759 1
4570 1
12763 2
16519 0
12765 2
4574 3
7589 0
12768 0
4577 2
4578 2
4580 1
4581 1
17065 0
4588 0
4589 2
4590 0
4593 2
12786 0
4595 1
12788 2
12790 0
4599 1
12792 1
2132 0
12794 3
12795 0
4605 2
4608 0
4609 1
7131 0
4615 0
12811 2
4621 2
12815 3
6250 2
10328 2
4626 2
8963 2
4632 2
5337 1
4635 1
12828 0
10330 3
16794 3
4641 2
4642 0
4643 1
12157 3
4648 1
12842 2
12843 1
4653 0
4654 1
18525 0
4656 1
12849 0
4658 2
4659 2
12852 2
12854 0
4665 2
12861 2
12862 2
4672 2
12865 2
4674 1
12869 2
4678 1
10337 2
12872 2
12874 1
4685 0
4686 2
4688 1
4690 0
12884 1
12885 1
12888 2
429 3
4698 2
12891 2
4702 0
7611 1
4708 1
4709 1
4713 0
12906 2
12907 0
4716 3
17170 3
4722 0
4726 1
12919 1
4728 2
4729 2
4733 2
4735 3
12928 1
18635 1
12930 2
12931 0
4741 1
2340 3
4744 1
12938 0
108 2
18541 0
4752 1
12946 1
4755 1
4758 0
8069 2
4762 0
4763 2
4764 0
8986 2
12958 0
4767 1
4768 2
12961 2
12963 1
4772 0
18708 2
4776 2
12971 1
8989 1
4785 0
4786 3
18547 0
4789 3
4790 1
2323 0
12986 2
4796 2
12989 2
12990 3
4799 1
12994 1
4803 3
2166 1
8993 0
4808 1
4809 2
4811 3
13004 2
4813 1
4814 2
10834 0
4816 1
4817 2
4819 1
13013 1
4822 0
13016 2
13017 1
4826 1
4827 1
4831 1
4832 2
4833 3
13028 0
4839 0
4840 0
4844 1
4845 2
13039 0
13041 2
13043 2
4852 0
10366 2
4855 2
4856 1
13050 2
13054 1
4863 1
13056 0
4866 0
13060 0
4870 0
4871 0
4872 2
16781 0
4878 0
7640 3
13074 0
13078 0
4887 1
4893 1
4894 0
13087 0
4897 2
13090 2
4902 0
9009 2
4905 2
2891 2
18567 3
4910 0
7645 0
13104 3
13107 0
13108 0
13110 1
4916 2
13116 0
4929 0
4930 2
12712 3
13128 1
4937 2
13131 2
4944 0
4947 0
4948 2
13141 0
13143 0
13144 1
13145 1
13147 1
13148 2
4961 1
17211 1
13156 0
13157 2
13158 1
13159 3
13160 1
4971 2
13165 1
711 3
17213 0
13168 2
13173 2
13174 0
4986 2
17215 0
4989 0
3563 1
13188 0
4997 2
13190 3
13191 0
5001 2
13194 0
10391 1
13196 0
5005 3
13199 1
4931 2
13204 2
6168 1
13207 1
13208 2
13210 2
13213 0
13214 1
13215 3
11760 2
13220 2
5030 2
5031 3
5032 0
5037 2
5039 0
2350 2
13237 1
5046 2
3572 1
18591 1
13244 2
5053 0
5054 1
15582 0
13249 3
5060 3
5063 2
5064 2
13257 2
5067 2
13263 3
5072 3
13266 1
6307 1
13271 1
13272 0
18596 1
5082 2
13275 2
13276 2
13277 2
5087 1
5088 1
13281 0
5090 3
5091 2
13286 3
5095 2
13288 2
5100 2
5102 2
13295 1
13139 0
13300 2
13301 2
13303 2
5115 1
5121 2
5122 2
13315 0
13317 0
13320 2
10412 2
13323 2
13324 2
5137 1
5138 0
13332 2
14510 2
13334 0
5143 1
13339 3
13340 2
5150 0
5152 2
717 0
13348 1
13351 2
13352 0
13353 0
13355 2
13358 1
861 2
13360 2
5171 1
13364 3
13366 0
11629 0
13368 1
5177 3
13370 0
13371 3
13372 1
5182 0
13376 3
5186 0
5188 1
15994 2
5191 2
13384 2
5193 2
13386 1
5195 2
5196 2
5197 3
5200 0
13394 0
4963 3
5205 0
5211 2
5214 2
13407 0
12762 3
10427 1
13413 2
13414 2
14904 2
5225 3
13418 1
13419 1
8903 0
17257 0
5244 0
13438 1
13439 1
5248 0
13443 1
5253 3
5254 0
13449 2
8904 1
4973 0
5264 3
13458 0
13460 0
13461 0
15897 0
5272 0
5273 0
5279 1
5283 2
5284 0
13477 2
5290 3
5292 2
13565 2
13486 1
10542 2
13494 3
13495 0
5306 1
13500 0
13504 2
5313 2
2251 2
5317 0
5318 0
13512 1
5321 3
5322 2
13515 1
13516 1
13520 2
13521 0
13522 0
1672 3
15726 1
13526 1
5335 1
5336 1
8361 2
13530 0
13532 0
15909 0
5345 2
13542 0
13544 2
13545 3
13549 2
12999 1
13551 2
5361 2
5362 2
5363 3
13556 0
8139 1
5368 0
5373 1
5374 1
5375 2
5377 2
5378 2
13572 2
13573 2
17281 0
5384 0
13578 2
10456 1
13586 0
13595 0
5406 0
13189 0
13600 1
13602 2
13603 0
13604 0
13605 2
13607 2
13608 2
13610 1
9095 2
13612 2
5437 2
13616 2
5425 0
5431 0
13624 1
13625 0
13626 3
5435 0
5436 3
13629 1
13630 0
13631 2
5440 0
13195 0
5444 2
13638 2
5447 0
13640 1
5457 2
5459 3
5460 2
5461 2
5463 1
5465 2
3728 2
17640 1
10470 2
5478 0
13671 1
13672 2
5481 0
5482 0
13675 1
13676 0
13677 0
5486 2
13680 0
2280 1
5490 1
5494 3
5497 2
5498 2
16394 1
13697 2
13698 1
10475 1
13701 3
5511 0
6380 0
5514 0
13708 3
13710 2
5519 1
3457 0
15967 0
5526 0
9113 0
13723 2
13724 3
5018 1
13727 1
13005 1
5539 1
1821 1
13734 1
5548 2
5549 3
5021 2
5553 2
13746 0
18675 0
5556 1
13754 2
5564 1
13758 0
13759 0
5568 3
16825 1
13762 1
5571 1
5574 2
5576 1
2095 1
5579 2
5580 1
5581 2
5582 1
18680 0
5587 1
5588 3
5589 3
5590 3
5592 3
13788 3
13790 1
13793 0
5603 0
5606 0
5607 1
5612 2
8643 1
187 1
16786 1
1764 2
13817 1
5626 3
5627 1
17322 2
5630 2
18688 1
13828 1
5637 1
13830 0
5639 2
9132 2
13834 2
5644 3
7553 0
13841 0
5652 0
5654 2
13847 0
10554 2
7661 0
5664 2
13859 0
5670 1
17329 3
13864 2
13865 2
14919 1
13867 2
13872 1
5682 3
17331 1
13876 0
5685 2
13879 2
13881 0
5691 2
13892 3
9142 0
5702 0
13897 0
13900 0
3682 2
13902 0
13904 0
17336 2
638 0
5716 0
5718 0
10556 0
13915 3
13916 2
18704 1
5736 2
13934 3
13935 1
3688 1
18707 1
10516 3
5758 2
13951 3
5761 1
13954 1
10518 2
5766 2
5767 0
5769 0
13965 0
5774 0
5776 2
5777 2
5778 0
13971 3
13974 1
13978 2
5787 0
5789 0
18715 3
5797 0
5800 1
13993 2
10786 2
13995 2
5804 1
13997 0
13999 1
13256 1
5810 0
14003 2
5812 0
5814 2
17353 1
14011 3
14012 1
13560 0
5823 2
13259 2
5832 0
5833 3
3703 2
5837 0
10560 0
14036 1
5845 0
1239 0
14041 2
5851 3
5853 2
14048 1
5860 2
5862 2
5863 2
5865 1
14059 1
5868 2
16189 0
5871 3
5872 0
14065 0
14067 0
14068 0
5879 2
14073 0
17365 0
14083 3
14084 1
14085 3
5894 0
14087 3
14089 1
13569 2
7810 1
14094 1
17388 2
16003 2
5908 1
14101 0
14103 1
5913 1
10543 2
5921 1
5922 0
5925 2
5927 3
14120 2
14124 0
14126 2
14127 2
14128 2
14131 1
14134 0
14137 2
14138 1
14139 1
5953 2
14147 2
5957 1
13019 2
14156 1
13282 2
5967 3
6456 1
13283 2
18748 2
14171 0
18746 2
5982 2
17381 2
14177 2
14180 1
5990 0
14185 1
14190 2
14191 2
10558 0
14201 0
8929 2
6012 0
6013 2
6017 2
6018 1
14212 2
6021 2
6022 2
2369 0
13292 0
6026 2
14221 0
14224 1
14227 1
14228 0
10294 1
6044 3
6045 1
14239 0
6051 2
6053 1
14247 0
6057 2
6058 0
14254 2
14255 0
14256 1
6065 2
6066 3
1011 3
6071 2
5108 1
14267 1
14268 2
14272 0
14274 2
14275 1
14278 2
6087 3
6088 0
14281 2
14284 1
14285 0
6094 2
14287 1
14293 0
6103 2
6108 2
14302 2
14304 0
6115 3
6119 1
6122 2
3751 1
6128 2
14322 2
14323 2
6132 2
17935 1
6137 1
6141 2
14337 1
6148 0
6151 2
6152 3
6154 2
14347 2
6157 0
6158 2
14353 0
6164 2
14357 2
14359 1
14360 1
6169 2
14362 1
14363 1
14364 1
6173 0
6174 2
6175 1
6176 1
6177 1
6179 0
14372 0
14373 1
6182 0
14375 0
14377 1
6187 2
14380 0
6193 3
14386 2
6196 2
14389 2
6200 1
6201 2
14394 2
9226 3
6206 2
6207 2
14664 1
17419 1
14689 2
14409 2
14412 2
1037 3
9230 0
6231 2
6232 2
6235 2
6236 0
14430 3
14431 1
14433 2
7867 1
14438 0
13329 2
6248 2
17666 2
14444 2
13330 0
7869 2
6257 1
6259 0
14453 0
14454 2
14455 0
10352 1
14458 2
6267 2
6269 1
9756 0
13575 0
14467 1
6279 2
15212 3
14474 3
14477 0
6286 3
10605 1
14488 3
14489 1
14490 2
6302 0
14497 0
14498 2
14616 0
14501 0
10609 0
14504 2
14505 2
6315 0
6317 2
6318 0
483 2
14512 1
6322 3
15759 3
6332 2
6334 0
2421 1
14529 0
11395 0
14533 2
14537 0
14538 2
6349 2
6355 3
6360 3
17444 3
6363 2
13851 0
6369 1
1576 1
14571 2
14572 0
18813 1
14576 0
6385 2
6386 1
14583 0
6393 2
14586 2
14589 1
6398 3
14595 1
6407 2
17064 3
6410 3
6411 1
14604 2
14605 0
14607 2
14608 2
6418 0
14614 0
7897 2
6424 0
14724 2
6426 1
9263 1
6428 1
14624 1
14625 2
14627 2
14628 0
2942 2
6438 0
14631 2
6440 1
14633 0
14634 0
14635 0
6445 1
6446 2
6448 1
10632 1
6451 2
14644 1
14648 0
14650 1
4571 0
6465 0
14658 1
6468 1
14662 2
6472 0
17463 1
7906 2
6478 3
6479 0
6480 2
14673 2
14675 2
14676 0
6485 0
14679 0
6488 2
14682 2
16288 1
6493 2
6495 0
18832 1
14690 2
16856 2
14693 3
6503 2
14696 0
6505 0
14699 0
14707 0
6518 3
6520 0
14713 2
16584 0
6527 1
5184 3
16857 1
6532 1
6533 0
6534 0
6536 0
16683 2
14738 3
8827 2
6554 0
6558 0
13628 1
5674 1
6566 1
16113 2
14761 1
14766 1
6575 2
6576 2
1096 1
14773 0
6582 0
1353 0
1583 2
14781 0
6594 3
14787 0
14789 2
14791 2
14792 2
14793 1
14795 1
6604 2
14804 2
7929 3
6616 1
14809 2
14811 2
6621 2
6622 0
18853 2
14822 0
14823 3
14825 2
14828 0
14830 2
16125 2
14832 0
6647 2
14842 2
14845 0
14851 2
6662 2
14858 2
6667 0
7587 0
14863 1
14864 2
17953 0
14870 3
6679 2
14873 2
14874 2
14878 2
14879 2
14881 1
6690 1
6692 2
14885 1
14886 1
6695 3
6697 2
14890 0
6702 1
14899 1
6708 1
6709 0
6712 2
6719 1
14912 0
14913 2
6723 1
14916 0
6725 0
6727 2
14921 1
6732 2
12045 0
6737 1
14931 1
14777 2
6744 1
6747 2
14941 1
6752 2
14945 1
14947 1
5222 0
14952 1
6761 0
5408 1
6769 0
2494 0
14966 0
6775 0
6776 2
14969 3
14972 2
14974 1
14975 1
6784 3
6786 1
6787 0
6788 1
14981 1
6791 2
14985 1
6794 2
14987 3
6796 0
14989 0
6802 3
6803 1
9326 0
6807 2
6809 0
6810 1
6811 1
15004 2
4864 3
15008 2
6817 1
6818 2
6820 1
15017 1
12061 3
6833 1
6835 1
6839 3
6842 3
15035 3
15036 0
6845 0
6846 3
15039 2
15042 2
15043 2
6853 0
6854 1
6855 1
6857 1
6859 1
6860 1
15053 2
15054 2
15055 2
6867 1
6868 1
15061 0
6871 0
6874 1
15067 2
6876 2
6877 0
6878 0
6881 2
15074 0
6883 3
15078 2
15079 3
15080 2
6892 2
15085 2
15087 2
6898 1
1737 1
15093 3
15094 2
6907 2
6908 2
15102 1
2517 0
6913 0
15107 1
6916 0
15109 1
9232 2
15111 3
9866 0
6922 1
15116 2
15119 0
15122 2
6931 2
15124 3
6933 3
15126 1
6936 1
6937 0
15131 1
6942 1
15135 2
15136 1
15137 3
6946 2
6619 2
15140 0
15141 1
6951 0
15144 0
15145 0
7986 2
2525 1
6961 1
15155 0
6966 0
15160 1
15162 1
6971 1
6978 0
6980 1
15176 1
6989 1
15182 0
1051 1
17550 2
6998 2
15191 2
15192 0
15236 0
7004 2
7006 2
7008 2
15204 2
18237 1
7018 1
7020 2
15213 0
7022 3
7023 1
7024 2
6757 0
14013 1
15220 2
4302 1
7031 1
9364 2
1356 3
865 1
15229 2
15231 0
15232 1
15234 3
7044 3
7046 1
15241 2
7050 1
17559 2
7052 1
15246 0
7055 1
7056 2
13464 3
7059 2
16741 2
7062 0
7063 0
7065 3
7069 0
7070 2
7072 0
15265 1
15266 1
15267 1
15270 0
7079 3
7080 0
1180 1
15275 1
7085 0
15278 3
7087 1
15282 2
15284 1
7093 0
7094 2
15287 2
7096 2
7097 2
15295 2
15296 2
7105 1
4601 1
15301 2
15303 2
15307 2
7116 1
15310 1
7120 2
7123 2
15316 1
16305 0
7126 0
2553 1
13476 3
16207 0
15324 1
5285 2
15329 2
7139 0
7140 0
8017 3
7148 0
7149 1
7155 2
7158 2
7164 2
7166 3
7167 0
15363 2
7172 0
16214 2
7176 1
7181 0
15374 0
15375 1
15376 3
15378 0
15381 2
15384 0
15388 0
15395 0
15396 2
1331 1
7210 3
7214 2
15413 2
7222 0
15418 3
7228 1
7230 2
15423 0
7235 2
15428 2
15429 2
7238 2
7244 0
12130 2
15440 1
3515 1
7262 0
15457 2
15460 0
15461 0
15463 0
7273 2
9405 2
7280 0
15473 0
7283 0
15478 2
15479 0
7288 0
7294 0
7295 2
15488 3
5312 0
3947 0
7300 2
15493 2
15494 3
15496 0
14871 0
15500 2
7311 0
15505 0
15506 1
1219 0
15509 1
15510 2
15517 1
4651 0
7330 0
220 2
7332 2
7336 0
15529 0
15530 0
16884 1
7344 2
15537 0
15539 0
12433 2
13513 0
15544 1
15546 0
2591 0
18794 0
7358 0
15552 1
15248 1
7363 0
15558 1
9420 1
15565 1
7374 3
9421 2
15568 3
7379 2
7380 0
15574 0
7383 0
15578 0
15579 2
15580 2
7390 0
5156 0
15584 2
7394 2
7395 1
7397 0
15590 1
15593 0
15594 3
7405 2
7407 2
15600 2
15602 2
15606 2
17620 0
16341 0
15611 3
15614 0
15616 0
15617 2
15621 2
15627 1
15629 1
15630 1
7440 2
7442 2
7443 0
15637 2
15638 2
15639 1
15640 0
15641 0
7450 2
15645 3
15647 1
15649 3
7459 2
15653 0
15654 2
15658 2
8071 0
7473 1
1405 2
8705 0
15669 1
15670 3
15671 0
7481 1
15676 0
4898 2
7487 1
7488 2
7489 2
15684 0
15688 0
7497 2
15691 0
15693 0
12173 0
15697 0
15699 1
7510 0
15703 1
15704 0
15705 1
15706 1
15708 2
7522 2
15715 2
7524 3
15717 0
15718 0
15719 1
15722 2
9447 1
7532 2
7533 0
7534 2
7535 0
9448 0
7538 3
7543 2
15738 2
15740 1
15741 1
15742 1
15744 2
15745 2
8545 0
15748 2
15749 1
7559 2
7561 2
7566 2
7567 2
15760 0
15761 2
15764 0
15765 2
15768 1
15770 2
7581 0
15775 0
15778 0
15779 0
15781 1
15782 1
7591 3
7594 3
15787 3
7596 1
15789 0
7599 2
15792 2
15794 1
7603 2
8343 1
15798 1
17984 0
15801 0
15803 0
7612 1
15805 2
15806 0
15809 1
7618 0
15812 2
7622 0
4001 1
15817 2
15818 2
15825 0
7634 2
15827 3
7637 2
15832 0
2639 0
15836 0
15837 0
15840 1
7649 2
7651 2
7653 0
7657 2
15852 2
15853 1
7662 0
15855 1
15857 0
7667 1
9470 2
7670 3
15863 2
15864 0
15867 2
5811 2
15871 1
7681 0
7682 2
18348 1
15882 0
7693 2
7695 2
11713 2
7699 2
4348 2
15895 0
9476 2
15898 2
7709 3
15902 1
7715 0
15908 1
7717 3
7718 2
15911 3
7720 0
5167 1
15915 1
7724 3
7728 2
7729 0
7730 1
15923 1
7732 1
15925 2
7734 2
15927 0
7737 1
7739 0
7743 2
7747 2
7748 2
7751 2
7753 3
7754 1
10351 2
7759 1
15954 1
7766 1
15959 1
15962 0
7772 1
7775 0
15972 0
7781 2
7783 0
15977 0
15978 3
15979 1
7789 2
15986 1
7795 0
7796 3
15989 2
17172 1
7802 0
15997 1
15999 1
16000 2
10080 2
16002 2
7811 0
16006 1
7815 2
16008 0
16009 0
16010 0
7819 3
7823 2
17688 0
16018 1
16026 2
2671 0
16029 0
16030 2
16032 1
7841 3
16034 2
16036 1
16037 1
7846 3
16040 2
16045 3
7855 3
16048 1
16049 1
16050 3
1080 1
16056 1
7865 2
17695 2
16060 2
16061 1
16062 2
16064 2
7873 1
16066 1
7875 1
16068 2
16069 2
7878 0
16073 1
14967 0
7884 2
5410 2
16079 2
16081 2
7890 2
7891 2
16201 1
1316 3
16091 2
7900 2
7902 0
16096 2
7905 0
16098 0
7911 2
7912 0
16105 0
877 3
7916 2
16109 2
16110 2
7921 3
16115 2
16117 2
16121 1
7933 2
7935 2
7936 2
16130 0
1323 0
16132 0
7943 2
7945 2
16142 1
16143 2
10568 1
7957 0
4057 2
7960 0
17723 1
2693 2
7968 0
16161 2
6812 1
7974 0
14983 2
16173 3
16176 0
16178 1
16179 3
16183 2
17716 3
16186 2
7997 2
7998 3
8000 0
8001 1
8002 2
6795 2
16196 1
16197 0
8009 2
16203 0
16204 1
6797 2
16209 2
8020 2
8022 0
16220 2
8029 3
8033 3
16226 0
16227 1
8036 1
16231 1
16232 0
8041 0
16234 2
8044 1
16238 3
17725 0
16240 1
16241 0
8054 2
16250 2
17727 1
8061 0
16254 2
16255 0
16259 1
10907 1
16261 1
16263 2
16264 3
16265 1
16266 2
8075 2
8076 2
16269 2
16275 0
8084 1
16277 2
16279 0
16281 1
16285 0
16287 0
8096 2
12272 2
8098 1
16291 2
5998 3
16295 1
8105 2
16304 2
8113 3
16371 2
8119 0
8121 0
8123 0
8126 0
17739 1
2124 2
15001 1
8137 2
12279 2
8140 1
16333 1
8143 0
16336 3
16339 0
8149 2
8152 3
8154 3
8156 1
16349 1
10917 1
16356 0
16357 0
16359 1
16365 1
16366 0
16369 0
8179 2
16372 1
8182 2
16376 2
9438 1
16379 2
16380 0
16381 1
8190 2
