4 0
21 0
27 0
35 0
37 0
52 1
65 1
66 1
68 2
74 0
80 1
88 2
89 1
114 0
115 1
120 3
122 3
126 2
129 3
132 2
133 2
134 0
139 3
144 2
147 0
148 1
150 2
151 1
156 0
157 0
168 1
170 0
173 2
177 1
178 0
179 3
180 3
181 1
183 2
185 2
186 2
187 1
190 3
197 2
199 1
200 0
201 1
202 2
209 2
213 2
214 0
216 1
218 3
221 3
223 2
224 2
229 3
237 2
240 1
241 0
244 3
246 0
250 1
254 0
261 2
271 2
274 2
285 1
286 1
287 2
293 0
296 0
297 2
299 1
303 2
310 2
313 1
315 1
317 2
319 2
324 1
326 1
328 0
332 2
338 1
339 3
342 2
344 2
347 3
354 2
357 0
358 1
359 3
360 2
362 1
366 2
368 0
374 2
376 2
379 0
383 0
387 0
389 1
390 1
392 1
394 2
405 0
410 2
411 2
412 0
420 1
423 2
427 2
428 2
435 1
436 2
437 2
438 0
444 2
446 2
454 2
455 1
456 1
461 2
464 2
470 1
475 1
476 2
477 2
478 1
481 1
488 2
495 0
496 2
498 0
500 2
501 1
503 3
504 3
505 3
506 1
508 0
509 3
510 2
515 0
522 3
524 2
526 0
535 0
538 0
542 2
545 2
547 1
548 1
551 1
552 1
554 2
558 1
559 0
562 3
564 1
565 1
567 2
572 0
573 1
574 0
575 1
577 1
583 1
584 2
586 3
587 1
588 1
589 1
591 1
596 1
599 0
601 1
603 1
606 0
609 2
611 1
617 0
618 1
620 3
622 0
627 1
629 1
641 0
646 3
647 0
651 0
653 2
654 0
655 2
657 3
660 2
663 2
673 2
674 0
675 0
676 2
680 0
682 0
685 1
688 0
699 3
701 2
706 2
708 2
712 2
713 0
714 1
716 1
717 0
730 2
731 0
738 2
742 0
743 0
744 2
748 2
749 0
750 2
757 2
759 3
760 1
762 1
764 2
767 2
771 1
780 2
784 0
786 0
787 2
788 2
790 2
794 2
795 2
801 2
803 2
806 1
808 2
814 2
816 0
825 2
832 2
837 0
841 1
844 2
845 1
851 0
852 2
853 0
856 0
858 1
859 2
860 3
861 2
862 0
863 0
873 1
874 3
879 2
880 0
882 0
883 1
884 1
885 1
887 2
888 2
889 0
892 2
894 2
895 1
896 0
897 1
903 0
907 1
910 1
911 2
912 3
921 2
923 1
932 3
933 1
936 3
944 0
947 2
951 0
952 1
953 2
961 1
962 2
970 0
983 0
1002 0
1006 0
1009 1
1010 1
1022 2
1028 1
1032 1
1034 2
1037 3
1051 1
1054 2
1056 0
1057 0
1067 2
1071 1
1073 3
1075 0
1080 1
1081 0
1106 0
1110 2
1115 1
1118 2
1119 2
1124 2
1130 2
1149 0
1151 1
1153 0
1154 2
1156 3
1174 2
1177 2
1181 3
1187 2
1195 0
1196 2
1217 2
1218 2
1219 0
1221 2
1226 1
1237 2
1242 3
1250 0
1251 1
1253 0
1255 0
1259 1
1266 0
1271 0
1272 3
1273 2
1276 0
1277 1
1282 0
1286 2
1290 1
1291 0
1292 2
1295 1
1300 3
1306 3
1317 3
1322 2
1323 0
1324 2
1330 0
1331 1
1336 2
1338 1
1339 3
1340 2
1343 2
1344 0
1349 0
1353 0
1355 1
1359 1
1364 3
1365 0
1373 3
1375 2
1377 2
1383 2
1387 1
1391 0
1395 1
1396 2
1401 2
1410 2
1414 2
1415 2
1418 0
1422 2
1423 2
1428 0
1436 1
1439 2
1440 2
1442 2
1444 2
1446 2
1465 2
1468 2
1470 2
1474 2
1475 1
1477 1
1482 1
1483 2
1486 0
1488 1
1489 1
1493 0
1494 3
1523 0
1534 0
1538 2
1542 2
1545 2
1551 2
1554 2
1561 2
1562 0
1563 3
1564 1
1567 2
1581 1
1583 2
1588 0
1589 3
1591 1
1595 2
1596 2
1597 1
1600 2
1601 1
1605 0
1608 1
1610 1
1611 3
1615 2
1622 2
1627 0
1630 1
1632 1
1634 2
1635 2
1640 2
1641 2
1646 0
1653 2
1655 2
1659 0
1661 1
1662 2
1663 2
1666 2
1667 1
1668 2
1671 1
1672 3
1674 2
1685 2
1695 2
1697 0
1699 1
1700 2
1701 2
1702 2
1703 1
1709 0
1711 2
1712 1
1714 0
1717 2
1719 2
1727 0
1730 0
1732 2
1737 1
1738 2
1746 2
1747 0
1748 0
1749 0
1750 1
1754 1
1755 1
1756 0
1757 1
1758 3
1762 0
1763 0
1765 1
1768 1
1769 2
1771 1
1779 0
1780 0
1782 1
1789 2
1790 2
1791 3
1795 0
1800 0
1807 0
1809 2
1810 3
1812 3
1814 0
1817 1
1819 0
1823 2
1826 2
1827 2
1828 2
1830 0
1835 1
1836 1
1838 2
1839 2
1841 2
1848 3
1849 0
1852 1
1855 2
1858 1
1860 2
1864 1
1865 0
1868 3
1872 0
1888 2
1893 1
1897 3
1899 0
1902 1
1904 2
1905 0
1909 0
1911 0
1918 2
1920 2
1923 2
1924 2
1925 3
1927 3
1929 0
1937 1
1942 0
1944 0
1949 2
1951 1
1959 2
1960 1
1961 2
1962 3
1964 2
1965 2
1970 0
1972 0
1973 0
1975 1
1978 0
1979 1
1990 3
1992 2
2005 1
2006 1
2010 1
2011 1
2016 0
2024 2
2025 1
2027 0
2028 0
2035 2
2038 0
2043 1
2047 2
2052 2
2061 3
2067 2
2072 2
2075 0
2083 2
2086 0
2088 2
2091 2
2092 2
2093 0
2094 1
2097 3
2098 2
2099 2
2100 0
2102 2
2105 0
2109 0
2111 3
2112 2
2116 2
2120 2
2121 0
2126 0
2127 0
2128 1
2129 1
2132 0
2136 0
2138 2
2150 2
2152 2
2157 0
2158 1
2161 0
2164 2
2166 1
2176 2
2191 1
2196 0
2198 1
2199 2
2200 1
2201 2
2206 0
2207 1
2209 0
2210 2
2218 1
2222 2
2223 2
2224 3
2231 2
2236 2
2237 3
2238 2
2242 1
2254 2
2256 0
2258 2
2264 2
2268 2
2269 0
2272 0
2273 1
2276 0
2278 2
2280 1
2287 2
2292 0
2297 2
2306 1
2311 0
2315 2
2324 2
2327 1
2330 0
2331 3
2333 2
2338 2
2342 2
2343 1
2350 2
2352 3
2353 1
2355 2
2356 2
2360 2
2362 2
2364 2
2367 0
2368 1
2369 0
2377 0
2378 1
2381 2
2382 0
2383 1
2385 2
2388 2
2391 0
2393 3
2402 0
2403 1
2409 2
2417 1
2426 1
2427 2
2429 1
2430 2
2433 1
2434 2
2436 0
2437 1
2440 2
2443 0
2450 2
2452 2
2455 2
2458 0
2460 0
2469 0
2470 2
2472 2
2475 1
2485 0
2497 0
2500 2
2527 1
2529 0
2531 1
2532 0
2540 1
2544 0
2545 3
2549 2
2555 1
2556 1
2558 1
2563 2
2565 0
2568 0
2571 1
2576 0
2582 2
2593 2
2594 2
2595 2
2599 2
2600 2
2603 2
2606 3
2609 0
2612 2
2613 1
2615 2
2616 1
2621 1
2622 1
2624 2
2626 0
2627 2
2631 1
2634 2
2639 0
2641 1
2642 0
2654 2
2655 2
2660 1
2661 0
2663 1
2664 0
2672 2
2675 3
2681 0
2692 0
2705 0
2706 2
2707 0
2714 0
2715 2
2726 1
2729 1
2731 3
2732 0
2739 2
2741 2
2749 3
2751 0
2753 2
2755 0
2756 2
2758 2
2764 3
2765 2
2766 0
2767 1
2769 0
2778 2
2782 1
2788 0
2790 1
2791 2
2793 0
2794 3
2797 3
2801 2
2803 2
2807 3
2824 2
2833 0
2839 2
2847 1
2850 2
2851 1
2854 1
2858 1
2880 2
2882 2
2883 0
2884 0
2886 0
2891 2
2892 2
2893 0
2899 2
2900 1
2903 2
2909 1
2917 0
2919 0
2922 1
2928 1
2929 0
2930 0
2931 2
2935 2
2938 2
2944 2
2957 0
2960 0
2973 2
2975 1
2979 2
2984 2
2988 0
2992 2
2995 2
2997 1
3000 2
3001 2
3006 0
3010 3
3011 2
3016 1
3018 2
3023 0
3030 1
3032 2
3035 3
3039 1
3040 2
3044 2
3047 0
3048 3
3049 2
3051 0
3052 1
3056 2
3058 1
3060 1
3061 0
3064 1
3070 2
3074 1
3076 2
3079 2
3082 2
3088 0
3093 3
3094 2
3099 0
3100 0
3101 0
3104 0
3105 1
3107 2
3110 2
3112 1
3114 3
3129 3
3135 2
3141 2
3145 3
3160 0
3162 1
3167 1
3175 3
3178 1
3179 2
3182 3
3185 0
3186 1
3188 2
3191 2
3205 1
3207 2
3214 1
3215 2
3222 1
3224 3
3227 3
3231 1
3232 0
3235 1
3236 0
3238 2
3239 0
3242 3
3244 0
3249 1
3250 2
3251 0
3253 1
3260 0
3261 1
3263 2
3264 0
3265 0
3266 0
3268 2
3270 1
3274 1
3275 1
3280 2
3283 0
3286 1
3287 2
3288 2
3291 2
3296 0
3299 0
3310 2
3312 0
3313 2
3318 0
3320 2
3323 2
3328 1
3330 1
3333 1
3341 0
3347 0
3349 2
3352 1
3353 1
3354 2
3358 0
3359 3
3360 1
3361 0
3366 0
3375 2
3376 2
3378 1
3380 1
3381 1
3382 0
3386 3
3387 1
3393 1
3397 0
3399 0
3407 0
3413 2
3414 0
3422 1
3423 1
3424 3
3428 1
3434 1
3441 1
3444 2
3449 2
3456 0
3458 3
3461 0
3468 0
3471 2
3472 2
3473 0
3476 2
3479 2
3480 2
3485 1
3488 2
3489 3
3490 2
3492 0
3499 0
3501 1
3504 2
3508 0
3509 2
3515 1
3516 3
3520 2
3521 2
3523 2
3539 0
3541 1
3542 0
3548 3
3556 0
3557 2
3564 3
3572 1
3573 0
3584 1
3587 1
3588 0
3589 1
3599 1
3603 2
3606 3
3611 3
3618 0
3619 2
3621 2
3622 2
3628 0
3629 1
3634 3
3636 3
3646 0
3648 0
3649 2
3654 0
3655 1
3658 2
3659 0
3660 3
3661 2
3665 0
3666 0
3668 0
3670 0
3671 2
3672 1
3673 1
3674 2
3677 2
3679 2
3685 2
3688 1
3689 1
3694 1
3699 1
3702 2
3703 2
3706 2
3710 0
3712 2
3713 2
3714 3
3715 1
3717 2
3722 0
3727 2
3730 2
3731 1
3734 2
3740 0
3747 1
3750 1
3754 2
3768 0
3769 2
3770 2
3774 3
3775 2
3777 2
3781 1
3782 2
3784 2
3787 2
3789 0
3791 2
3792 0
3801 3
3805 2
3809 0
3811 2
3812 3
3813 0
3815 1
3816 2
3819 0
3821 2
3822 3
3833 0
3840 0
3855 0
3858 0
3869 0
3873 0
3876 2
3879 2
3880 0
3881 0
3885 2
3887 2
3889 2
3897 0
3901 0
3912 1
3921 2
3930 0
3932 3
3935 0
3940 0
3947 0
3950 0
3960 2
3963 2
3970 3
3985 2
3988 0
3994 0
3996 3
3997 2
3999 0
4001 1
4006 2
4009 3
4013 2
4017 2
4019 1
4022 0
4024 1
4029 2
4037 3
4038 0
4047 1
4050 1
4051 1
4053 1
4057 2
4058 2
4059 3
4063 2
4066 1
4069 3
4079 0
4086 2
4087 0
4089 1
4090 1
4092 0
4096 0
4098 1
4101 3
4107 2
4115 0
4116 0
4118 2
4119 2
4124 2
4126 0
4140 0
4142 0
4143 0
4144 0
4148 1
4151 2
4164 0
4173 2
4176 3
4180 0
4184 2
4189 0
4196 3
4197 2
4200 3
4201 2
4202 1
4204 0
4205 2
4206 3
4208 2
4210 3
4214 0
4217 3
4220 2
4221 2
4225 2
4227 2
4235 2
4239 0
4245 2
4249 1
4250 1
4252 0
4254 3
4256 2
4261 2
4262 2
4270 0
4273 0
4281 0
4297 0
4298 0
4302 1
4306 3
4308 2
4312 2
4314 1
4316 1
4318 2
4319 0
4321 3
4323 2
4325 2
4327 1
4331 1
4332 2
4335 2
4336 0
4340 0
4342 2
4344 3
4345 2
4347 3
4352 3
4354 2
4359 2
4362 0
4369 2
4370 1
4374 2
4375 3
4377 3
4378 0
4379 2
4380 2
4383 2
4385 1
4388 0
4389 2
4390 1
4391 2
4396 0
4397 2
4422 2
4428 1
4434 1
4436 2
4437 3
4438 3
4442 2
4445 0
4447 3
4450 1
4457 2
4458 2
4459 2
4462 2
4467 0
4471 1
4473 1
4475 0
4480 1
4482 1
4483 0
4484 1
4493 2
4496 1
4497 0
4501 0
4503 2
4505 0
4508 2
4509 1
4510 1
4511 1
4512 0
4513 0
4516 0
4517 1
4518 1
4520 0
4524 1
4525 1
4528 2
4529 2
4532 1
4533 0
4534 1
4535 3
4536 0
4537 2
4538 2
4539 1
4540 1
4545 0
4546 1
4550 0
4551 0
4557 1
4559 3
4560 0
4566 2
4568 0
4571 0
4572 0
4573 1
4574 3
4579 3
4580 1
4582 2
4583 1
4586 1
4590 0
4591 0
4593 2
4594 1
4595 1
4597 0
4601 1
4605 2
4609 1
4617 2
4620 0
4624 1
4626 2
4630 0
4632 2
4633 2
4636 0
4637 1
4643 1
4645 0
4647 0
4650 2
4651 0
4653 0
4654 1
4656 1
4657 1
4658 2
4659 2
4661 0
4662 0
4664 0
4669 2
4671 0
4672 2
4674 1
4677 1
4678 1
4683 0
4684 0
4685 0
4687 0
4688 1
4693 2
4697 1
4704 1
4705 1
4707 2
4708 1
4709 1
4711 1
4712 2
4714 1
4716 3
4717 0
4719 0
4723 0
4724 2
4726 1
4727 1
4729 2
4733 2
4736 2
4741 1
4744 1
4745 1
4752 1
4754 2
4761 0
4766 1
4767 1
4771 2
4772 0
4776 2
4784 1
4786 3
4793 1
4795 3
4803 3
4804 2
4807 1
4808 1
4809 2
4811 3
4813 1
4814 2
4815 2
4816 1
4822 0
4824 2
4826 1
4827 1
4831 1
4832 2
4833 3
4837 2
4838 0
4839 0
4841 2
4844 1
4848 1
4852 0
4853 0
4854 0
4855 2
4856 1
4863 1
4866 0
4870 0
4872 2
4874 2
4887 1
4897 2
4901 0
4902 0
4910 0
4911 2
4927 2
4929 0
4930 2
4931 2
4934 1
4936 0
4939 0
4944 0
4947 0
4950 2
4959 0
4960 0
4961 1
4964 0
4965 0
4971 2
4979 1
4980 1
4986 2
4990 2
4994 1
4995 1
4997 2
5001 2
5005 3
5012 0
5021 2
5025 2
5026 2
5030 2
5035 2
5037 2
5039 0
5043 2
5044 2
5047 0
5049 3
5051 3
5053 0
5054 1
5057 3
5072 3
5079 3
5082 2
5086 1
5090 3
5095 2
5102 2
5108 1
5109 1
5113 2
5115 1
5121 2
5123 2
5124 2
5132 2
5137 1
5143 1
5146 0
5151 0
5155 0
5156 0
5165 0
5171 1
5173 2
5183 3
5184 3
5186 0
5192 3
5196 2
5197 3
5198 2
5200 0
5201 1
5206 1
5208 1
5211 2
5217 0
5244 0
5247 2
5248 0
5249 2
5251 2
5253 3
5255 0
5265 2
5272 0
5278 3
5283 2
5284 0
5289 0
5290 3
5292 2
5293 2
5294 2
5295 1
5297 0
5298 1
5301 0
5306 1
5307 0
5314 1
5315 0
5317 0
5318 0
5322 2
5323 2
5329 0
5336 1
5337 1
5338 0
5340 2
5342 0
5345 2
5348 3
5351 0
5357 1
5358 1
5361 2
5365 3
5367 2
5368 0
5369 2
5372 2
5373 1
5374 1
5375 2
5376 2
5377 2
5378 2
5379 1
5380 1
5381 2
5387 2
5399 3
5405 2
5406 0
5411 2
5416 1
5419 2
5421 2
5422 2
5436 3
5437 2
5441 2
5444 2
5446 1
5447 0
5461 2
5463 1
5469 1
5477 0
5478 0
5486 2
5490 1
5495 3
5496 2
5497 2
5498 2
5502 1
5504 0
5507 0
5508 2
5513 2
5515 1
5520 0
5526 0
5529 1
5539 1
5550 2
5553 2
5556 1
5562 1
5564 1
5565 1
5567 2
5568 3
5569 1
5572 3
5573 0
5576 1
5579 2
5580 1
5581 2
5583 2
5587 1
5588 3
5589 3
5590 3
5595 0
5601 1
5606 0
5607 1
5608 1
5610 2
5611 1
5612 2
5613 1
5615 3
5618 0
5619 1
5623 0
5626 3
5627 1
5628 1
5630 2
5637 1
5638 0
5639 2
5641 0
5645 0
5646 2
5650 0
5652 0
5655 2
5657 1
5658 3
5661 1
5664 2
5666 0
5668 2
5670 1
5672 3
5673 3
5680 1
5685 2
5686 2
5687 2
5691 2
5698 2
5699 0
5714 0
5720 2
5736 2
5747 0
5751 2
5753 0
5758 2
5761 1
5763 2
5765 2
5769 0
5770 0
5771 1
5772 0
5776 2
5777 2
5785 2
5787 0
5793 1
5803 1
5804 1
5806 0
5808 2
5809 2
5810 0
5811 2
5812 0
5814 2
5818 2
5819 1
5820 1
5826 0
5830 2
5831 0
5832 0
5837 0
5839 2
5840 0
5841 1
5843 2
5845 0
5847 0
5851 3
5853 2
5857 1
5858 2
5859 2
5865 1
5868 2
5870 0
5871 3
5872 0
5873 1
5875 2
5879 2
5881 2
5893 1
5896 2
5899 2
5903 2
5907 2
5909 3
5913 1
5915 3
5916 1
5920 2
5921 1
5922 0
5925 2
5928 2
5930 2
5935 0
5946 0
5957 1
5967 3
5975 3
5978 0
5980 3
5982 2
5983 0
5989 2
5993 3
5998 3
5999 2
6004 0
6012 0
6013 2
6018 1
6019 1
6021 2
6022 2
6026 2
6044 3
6045 1
6053 1
6055 1
6060 0
6063 3
6067 2
6068 2
6069 1
6071 2
6074 1
6084 1
6094 2
6098 0
6099 1
6102 2
6104 2
6107 2
6112 0
6118 1
6119 1
6122 2
6127 0
6128 2
6129 2
6132 2
6135 2
6136 2
6137 1
6139 0
6140 2
6143 3
6150 0
6152 3
6153 0
6154 2
6156 0
6159 2
6161 1
6164 2
6169 2
6170 3
6173 0
6174 2
6176 1
6177 1
6182 0
6196 2
6200 1
6201 2
6203 2
6206 2
6209 2
6221 1
6228 2
6231 2
6241 1
6244 2
6248 2
6250 2
6251 2
6255 2
6267 2
6282 2
6284 0
6286 3
6304 1
6307 1
6309 0
6314 3
6315 0
6318 0
6324 1
6329 0
6330 2
6331 2
6332 2
6337 0
6346 2
6349 2
6350 2
6355 3
6356 1
6357 2
6359 2
6363 2
6367 2
6368 2
6373 1
6374 1
6378 1
6380 0
6381 1
6384 0
6385 2
6386 1
6387 2
6388 3
6391 3
6393 2
6396 0
6399 0
6409 1
6410 3
6411 1
6412 2
6418 0
6422 1
6424 0
6428 1
6432 2
6436 1
6439 2
6442 1
6445 1
6446 2
6448 1
6451 2
6454 0
6456 1
6462 0
6465 0
6466 2
6468 1
6472 0
6476 0
6479 0
6480 2
6481 2
6495 0
6497 0
6500 3
6503 2
6505 0
6506 2
6514 1
6521 0
6522 2
6534 0
6553 0
6562 0
6569 3
6575 2
6576 2
6577 1
6588 1
6595 0
6597 1
6603 1
6604 2
6612 2
6614 2
6616 1
6619 2
6621 2
6626 3
6642 3
6643 3
6646 1
6660 0
6674 1
6675 3
6679 2
6683 2
6687 2
6690 1
6691 1
6692 2
6695 3
6697 2
6699 1
6700 0
6701 1
6702 1
6703 1
6704 1
6708 1
6709 0
6712 2
6714 0
6715 2
6723 1
6724 2
6732 2
6733 0
6734 3
6740 1
6741 0
6744 1
6747 2
6751 0
6753 0
6760 0
6765 0
6770 2
6771 3
6782 1
6787 0
6788 1
6791 2
6793 0
6794 2
6796 0
6801 1
6804 0
6806 0
6809 0
6810 1
6812 1
6828 1
6830 2
6833 1
6835 1
6839 3
6841 2
6845 0
6846 3
6850 1
6851 1
6853 0
6855 1
6859 1
6860 1
6861 0
6865 0
6869 1
6871 0
6873 0
6876 2
6881 2
6882 3
6887 1
6890 1
6896 1
6898 1
6899 1
6901 0
6902 0
6905 1
6908 2
6910 2
6913 0
6920 2
6923 0
6925 0
6928 1
6933 3
6939 2
6941 0
6942 1
6943 2
6946 2
6947 3
6948 0
6950 0
6951 0
6958 2
6961 1
6963 2
6964 1
6965 2
6967 2
6968 0
6978 0
6980 1
6986 2
6991 0
6998 2
7002 2
7004 2
7006 2
7008 2
7010 1
7017 1
7018 1
7020 2
7022 3
7023 1
7024 2
7026 0
7035 0
7040 0
7044 3
7045 2
7050 1
7052 1
7055 1
7056 2
7058 3
7059 2
7060 0
7062 0
7065 3
7068 1
7069 0
7073 2
7074 2
7076 1
7079 3
7080 0
7082 0
7084 1
7085 0
7086 0
7087 1
7088 0
7090 3
7093 0
7097 2
7099 3
7100 0
7102 2
7109 0
7116 1
7120 2
7122 2
7123 2
7125 0
7129 2
7130 0
7139 0
7141 0
7142 1
7143 0
7148 0
7151 0
7158 2
7160 3
7164 2
7165 0
7166 3
7167 0
7179 3
7188 2
7194 2
7203 2
7205 1
7206 2
7207 0
7208 2
7219 3
7221 0
7228 1
7229 0
7230 2
7239 1
7240 3
7242 0
7244 0
7246 2
7260 2
7271 1
7283 0
7295 2
7296 0
7306 2
7322 0
7327 0
7332 2
7335 0
7336 0
7337 0
7358 0
7362 1
7365 0
7367 2
7374 3
7379 2
7381 0
7388 2
7390 0
7391 1
7393 0
7403 1
7405 2
7407 2
7408 2
7410 2
7413 1
7415 2
7421 0
7430 3
7440 2
7442 2
7447 2
7448 2
7450 2
7451 2
7453 1
7457 0
7459 2
7460 2
7463 0
7467 2
7469 2
7473 1
7475 0
7481 1
7487 1
7488 2
7489 2
7491 2
7494 1
7495 0
7504 3
7509 0
7510 0
7515 3
7516 2
7522 2
7528 3
7529 2
7532 2
7535 0
7538 3
7541 1
7548 2
7549 2
7555 0
7556 0
7557 2
7561 2
7566 2
7567 2
7578 1
7589 0
7591 3
7592 2
7593 2
7596 1
7599 2
7603 2
7606 0
7608 0
7609 2
7611 1
7612 1
7615 2
7617 1
7618 0
7623 1
7624 3
7639 2
7640 3
7641 0
7649 2
7651 2
7657 2
7658 0
7661 0
7667 1
7677 3
7681 0
7682 2
7688 2
7689 2
7691 1
7693 2
7694 1
7695 2
7696 0
7699 2
7704 1
7708 1
7709 3
7714 0
7715 0
7716 0
7720 0
7730 1
7734 2
7736 3
7747 2
7748 2
7751 2
7753 3
7758 1
7762 1
7765 2
7766 1
7772 1
7781 2
7789 2
7795 0
7796 3
7812 0
7817 1
7819 3
7820 2
7823 2
7825 0
7829 1
7831 1
7837 3
7848 2
7852 3
7854 2
7858 2
7860 0
7869 2
7870 3
7875 1
7878 0
7882 1
7890 2
7891 2
7894 2
7895 1
7897 2
7901 0
7902 0
7905 0
7906 2
7908 0
7909 2
7911 2
7912 0
7916 2
7927 1
7929 3
7931 0
7932 2
7934 2
7947 2
7949 2
7955 2
7960 0
7961 2
7963 2
7966 1
7970 1
7974 0
7975 2
7976 0
7982 1
7984 3
7986 2
7988 2
7998 3
7999 2
8009 2
8014 2
8017 3
8022 0
8028 3
8033 3
8038 1
8042 0
8054 2
8060 0
8064 1
8066 2
8069 2
8070 0
8075 2
8076 2
8082 0
8090 2
8096 2
8098 1
8101 1
8103 2
8115 2
8117 2
8137 2
8142 3
8144 1
8148 0
8149 2
8151 2
8152 3
8155 1
8156 1
8159 3
8162 0
8168 2
8169 2
8170 2
8173 0
8179 2
8182 2
8190 2
8192 2
8196 1
8201 2
8210 0
8211 0
8226 2
8227 2
8228 2
8233 1
8237 2
8241 2
8247 1
8250 1
8262 2
8266 2
8270 0
8274 0
8275 2
8279 2
8285 1
8288 2
8289 2
8295 2
8309 2
8322 2
8323 1
8325 2
8328 0
8330 2
8331 2
8334 0
8338 2
8344 1
8346 1
8353 1
8356 3
8358 0
8361 2
8367 0
8369 0
8370 0
8371 2
8375 0
8376 3
8385 0
8391 2
8393 2
8398 1
8400 0
8401 2
8402 2
8406 1
8407 2
8412 1
8413 2
8415 1
8418 2
8426 2
8430 2
8434 0
8435 3
8444 0
8447 0
8455 0
8461 3
8473 2
8477 0
8479 0
8480 1
8483 0
8485 2
8486 2
8488 2
8496 2
8497 1
8502 1
8510 2
8512 0
8513 0
8524 2
8525 2
8531 1
8539 1
8543 3
8544 3
8546 2
8549 0
8555 2
8560 1
8561 0
8564 2
8570 1
8571 0
8575 3
8577 1
8583 3
8585 1
8593 0
8594 1
8600 1
8602 1
8603 1
8604 2
8609 2
8610 1
8612 0
8616 2
8617 0
8619 3
8629 1
8630 2
8631 1
8632 2
8634 2
8638 1
8639 0
8640 0
8643 1
8655 2
8658 0
8660 3
8665 2
8671 3
8674 0
8675 2
8683 1
8686 3
8687 2
8691 2
8693 2
8697 0
8698 1
8709 1
8714 1
8715 0
8717 2
8718 2
8719 3
8720 1
8725 1
8727 0
8728 2
8729 1
8731 0
8732 1
8734 0
8737 2
8739 3
8741 0
8746 2
8747 2
8752 2
8756 2
8758 2
8759 1
8761 1
8762 1
8763 0
8764 1
8767 0
8769 1
8771 3
8772 0
8775 0
8780 1
8784 1
8791 2
8792 1
8796 0
8797 3
8799 2
8800 1
8802 1
8804 1
8805 2
8806 0
8808 0
8809 0
8811 1
8814 2
8827 2
8830 0
8831 0
8832 2
8835 1
8837 0
8841 2
8842 2
8848 0
8858 2
8860 1
8862 2
8863 3
8864 2
8869 2
8872 2
8873 2
8890 0
8898 1
8902 2
8903 0
8904 1
8905 2
8906 2
8910 2
8911 1
8913 1
8917 1
8919 2
8923 2
8927 3
8932 0
8937 0
8938 2
8939 2
8953 1
8956 2
8960 0
8963 2
8967 1
8968 0
8974 2
8981 2
8986 2
8990 2
8991 2
8992 3
8995 2
8996 2
8997 0
8999 0
9001 0
9009 2
9018 2
9019 1
9022 3
9023 2
9040 1
9042 2
9044 0
9045 2
9052 1
9054 0
9065 2
9067 2
9075 2
9077 1
9079 1
9081 2
9082 2
9087 3
9088 3
9092 0
9095 2
9099 0
9103 2
9109 3
9113 0
9118 2
9119 0
9123 2
9125 2
9127 2
9136 2
9138 0
9139 2
9142 0
9143 1
9147 1
9155 2
9157 3
9169 0
9173 2
9178 1
9182 0
9184 2
9199 0
9200 0
9209 1
9212 1
9216 0
9218 2
9223 1
9224 1
9230 0
9231 2
9234 2
9240 0
9241 2
9245 2
9249 0
9256 1
9257 0
9262 2
9263 1
9264 1
9265 1
9267 0
9270 2
9274 2
9275 2
9278 1
9283 1
9287 0
9292 1
9295 0
9299 3
9300 1
9301 0
9304 2
9307 2
9308 1
9311 2
9312 2
9314 0
9318 0
9320 2
9321 0
9322 1
9332 2
9336 2
9344 1
9347 1
9349 2
9352 1
9353 0
9355 3
9356 3
9363 1
9368 2
9372 1
9377 2
9382 1
9383 0
9386 2
9388 2
9389 0
9390 1
9396 1
9397 2
9402 2
9403 1
9409 1
9412 1
9415 1
9418 1
9421 2
9422 0
9425 1
9427 2
9428 2
9430 0
9439 2
9443 2
9447 1
9448 0
9451 0
9455 1
9457 2
9460 2
9461 2
9462 2
9465 1
9470 2
9473 1
9476 2
9477 2
9478 2
9479 2
9480 2
9481 2
9483 3
9484 1
9488 3
9491 0
9492 2
9494 1
9501 0
9503 2
9505 2
9528 1
9531 2
9532 3
9534 0
9536 0
9540 2
9543 2
9549 2
9554 2
9555 1
9556 2
9558 1
9569 2
9574 1
9575 1
9578 1
9580 1
9583 2
9588 2
9592 1
9594 2
9597 2
9599 0
9600 1
9604 2
9605 1
9606 1
9611 2
9619 0
9629 1
9637 1
9638 3
9639 2
9642 0
9645 2
9646 1
9648 2
9653 1
9657 0
9661 1
9662 2
9663 2
9669 2
9673 1
9675 1
9676 2
9677 1
9678 3
9679 1
9680 0
9681 2
9689 0
9690 2
9692 2
9694 0
9702 2
9707 1
9719 1
9722 2
9724 1
9726 2
9735 0
9736 1
9745 0
9754 2
9768 2
9770 1
9773 2
9778 0
9779 0
9781 1
9784 2
9792 2
9795 0
9810 2
9811 0
9816 2
9817 2
9820 0
9821 2
9826 2
9829 2
9831 2
9835 2
9839 0
9852 0
9854 1
9855 0
9856 1
9872 1
9874 0
9878 3
9882 1
9891 3
9893 3
9896 2
9899 1
9901 2
9906 2
9910 0
9921 3
9927 2
9936 1
9944 0
9981 2
9982 1
9995 2
9998 0
9999 2
10000 0
10001 0
10004 2
10006 0
10010 0
10011 1
10014 1
10020 3
10024 0
10026 2
10027 2
10030 2
10032 1
10036 2
10038 2
10039 2
10041 2
10043 1
10046 2
10048 2
10053 1
10055 2
10056 2
10059 2
10071 1
10078 2
10080 2
10083 2
10087 3
10088 1
10089 2
10099 2
10105 0
10106 2
10120 1
10123 2
10124 0
10125 1
10129 2
10137 2
10143 1
10151 3
10162 0
10166 2
10176 1
10184 0
10201 1
10207 2
10220 0
10222 2
10233 1
10236 1
10247 1
10260 1
10261 2
10268 1
10269 0
10279 2
10281 2
10282 2
10283 2
10286 1
10287 2
10288 1
10290 0
10291 1
10293 1
10294 1
10298 2
10299 2
10306 1
10308 0
10309 3
10310 1
10311 2
10312 2
10315 0
10316 2
10317 1
10318 1
10319 3
10324 1
10328 2
10332 1
10335 2
10337 2
10340 3
10342 2
10344 1
10351 2
10352 1
10358 2
10365 2
10366 2
10369 2
10372 1
10379 2
10384 0
10390 0
10391 1
10394 0
10401 2
10405 2
10407 2
10412 2
10413 0
10415 2
10417 3
10419 0
10422 2
10426 1
10427 1
10434 2
10440 2
10449 2
10462 0
10464 1
10472 1
10473 0
10475 1
10479 2
10483 0
10486 2
10488 2
10498 2
10499 3
10502 2
10504 0
10505 2
10509 0
10510 0
10517 1
10521 2
10522 1
10523 2
10527 3
10533 2
10535 2
10542 2
10543 2
10556 0
10559 2
10563 2
10564 2
10565 2
10572 3
10573 1
10574 2
10575 1
10580 0
10585 0
10589 2
10592 2
10599 0
10602 2
10603 1
10607 1
10609 0
10611 0
10612 2
10616 1
10618 2
10619 0
10620 0
10621 2
10624 0
10632 1
10634 1
10645 1
10648 2
10649 2
10650 2
10658 2
10660 2
10665 0
10668 2
10676 0
10677 3
10679 2
10688 0
10700 2
10702 2
10711 2
10714 1
10724 0
10734 1
10735 3
10736 0
10738 2
10740 1
10741 1
10743 1
10745 0
10749 1
10755 0
10757 2
10769 0
10771 1
10773 1
10774 1
10780 0
10783 3
10784 0
10789 2
10793 0
10796 2
10798 0
10799 1
10802 0
10803 3
10807 0
10809 1
10811 2
10813 0
10814 1
10816 0
10818 0
10820 3
10822 1
10824 0
10825 0
10829 0
10831 2
10838 1
10840 2
10841 3
10847 1
10849 0
10851 1
10852 2
10855 1
10856 2
10858 1
10863 0
10865 1
10868 0
10873 0
10876 0
10879 2
10881 2
10884 0
10887 2
10895 1
10897 3
10898 0
10901 2
10904 3
10906 2
10907 1
10911 2
10913 3
10915 2
10916 2
10919 0
10924 1
10925 1
10933 0
10935 0
10942 0
10945 2
10964 0
10973 2
10981 0
10982 0
10985 0
10988 0
10991 1
10997 0
11003 0
11004 2
11010 3
11012 2
11015 2
11020 2
11034 2
11035 0
11038 2
11045 2
11051 3
11056 0
11059 0
11062 0
11063 0
11065 2
11077 1
11078 2
11082 2
11086 1
11090 0
11091 3
11097 1
11100 0
11107 1
11109 2
11111 3
11112 1
11115 2
11116 0
11120 0
11121 0
11127 1
11128 2
11132 2
11133 0
11136 2
11138 2
11144 1
11145 2
11148 2
11149 0
11150 2
11151 1
11164 0
11169 3
11184 1
11187 0
11193 0
11194 2
11205 0
11214 2
11215 1
11218 1
11220 1
11222 0
11225 0
11226 2
11229 2
11230 2
11236 1
11239 2
11255 0
11259 2
11262 2
11267 2
11268 2
11285 0
11299 1
11305 2
11307 2
11310 1
11317 3
11323 2
11329 2
11335 2
11336 2
11338 2
11341 1
11343 2
11346 2
11349 0
11354 2
11355 3
11358 0
11364 1
11368 0
11379 3
11383 1
11388 1
11393 2
11397 2
11398 2
11403 2
11411 2
11414 1
11421 2
11425 2
11426 3
11428 3
11430 0
11431 2
11432 0
11433 2
11441 3
11444 2
11445 1
11451 1
11452 2
11453 2
11454 0
11457 2
11461 1
11463 1
11471 2
11477 2
11478 3
11479 3
11488 1
11491 0
11495 3
11496 3
11502 2
11504 3
11508 2
11513 3
11515 0
11518 2
11523 1
11531 1
11532 2
11540 2
11543 2
11544 2
11547 2
11554 1
11555 1
11559 2
11562 1
11565 1
11568 2
11573 2
11575 0
11577 1
11581 2
11586 0
11599 1
11612 3
11613 1
11615 1
11618 1
11619 1
11622 0
11629 0
11633 0
11640 2
11641 2
11653 0
11654 0
11656 2
11658 0
11659 2
11662 2
11671 0
11672 2
11674 0
11678 0
11693 0
11694 1
11703 1
11704 2
11712 2
11717 2
11724 2
11738 1
11739 1
11741 1
11742 0
11744 2
11745 2
11748 0
11752 0
11757 3
11758 2
11764 2
11766 0
11771 1
11773 2
11776 2
11781 1
11789 2
11794 3
11795 3
11798 2
11800 2
11806 2
11808 1
11815 1
11819 2
11820 3
11821 1
11823 1
11824 1
11826 2
11831 1
11833 1
11839 3
11840 0
11841 2
11842 0
11843 2
11849 0
11851 1
11854 0
11855 0
11857 0
11858 2
11864 2
11867 1
11874 1
11877 2
11878 1
11879 2
11880 1
11881 1
11882 3
11884 2
11887 2
11901 1
11902 2
11905 3
11910 0
11913 1
11914 1
11916 0
11922 1
11926 0
11934 0
11943 0
11944 2
11952 2
11958 0
11962 0
11963 2
11968 1
11971 0
11977 0
11988 0
11989 0
11997 0
11998 2
12006 0
12013 2
12019 0
12023 1
12032 2
12037 2
12040 0
12041 1
12053 1
12057 1
12065 0
12066 0
12068 0
12069 1
12073 1
12076 2
12083 2
12084 1
12089 1
12091 2
12097 1
12098 1
12100 2
12101 1
12102 0
12106 2
12109 2
12110 2
12125 0
12126 2
12127 2
12131 3
12135 0
12136 2
12137 2
12139 2
12145 1
12153 1
12154 0
12157 3
12165 1
12181 1
12184 2
12185 1
12191 0
12192 0
12202 2
12204 0
12206 1
12209 2
12210 2
12211 2
12212 1
12218 2
12221 0
12223 1
12229 2
12230 1
12232 2
12235 0
12240 1
12243 2
12244 2
12251 2
12252 2
12255 1
12257 0
12259 2
12260 1
12262 2
12265 1
12268 2
12270 2
12271 0
12272 2
12276 3
12278 1
12279 2
12285 0
12292 2
12295 2
12300 2
12306 2
12307 1
12309 0
12312 0
12314 2
12316 2
12324 2
12326 2
12327 2
12330 1
12331 2
12341 3
12342 2
12344 2
12353 0
12361 2
12363 3
12366 2
12375 1
12376 2
12384 1
12387 2
12390 2
12393 1
12405 2
12408 0
12412 2
12416 1
12417 2
12423 2
12424 2
12426 0
12427 2
12428 3
12429 0
12431 3
12433 2
12438 0
12440 2
12445 2
12446 0
12449 2
12450 0
12451 1
12455 3
12456 1
12459 1
12461 2
12462 2
12465 1
12466 1
12470 2
12473 1
12478 0
12481 0
12486 2
12487 0
12494 2
12496 1
12502 2
12509 2
12521 2
12530 1
12532 2
12533 2
12536 1
12539 2
12541 1
12549 2
12554 3
12556 0
12562 3
12563 2
12568 2
12570 3
12571 1
12573 0
12574 3
12575 0
12578 0
12584 2
12591 1
12595 2
12596 2
12597 1
12606 1
12611 2
12612 3
12613 1
12615 2
12617 2
12618 1
12620 3
12626 2
12635 0
12636 0
12638 2
12640 1
12643 1
12647 1
12649 1
12652 2
12654 0
12657 2
12663 2
12667 0
12668 2
12672 3
12674 3
12675 3
12679 2
12686 2
12690 0
12695 3
12697 0
12698 2
12705 2
12711 2
12712 3
12714 1
12717 1
12718 1
12724 1
12725 0
12726 0
12727 1
12728 2
12730 1
12731 0
12732 1
12734 0
12737 1
12739 2
12741 1
12748 2
12750 2
12757 2
12760 0
12765 2
12769 2
12780 1
12782 0
12783 1
12786 0
12790 0
12792 1
12794 3
12795 0
12797 1
12799 0
12803 1
12809 1
12811 2
12813 2
12819 1
12824 3
12828 0
12832 1
12839 0
12841 1
12842 2
12843 1
12844 3
12847 2
12852 2
12853 2
12856 2
12857 0
12858 0
12861 2
12862 2
12866 2
12868 2
12869 2
12870 1
12871 0
12872 2
12874 1
12875 0
12884 1
12888 2
12891 2
12893 0
12901 2
12904 2
12906 2
12909 2
12919 1
12920 1
12921 2
12924 2
12925 1
12929 0
12930 2
12934 0
12937 0
12938 0
12939 0
12945 2
12946 1
12949 2
12950 0
12957 1
12958 0
12960 2
12961 2
12963 1
12968 1
12977 2
12981 1
12984 2
12986 2
12987 1
12990 3
12998 1
12999 1
13004 2
13009 2
13010 0
13016 2
13017 1
13019 2
13021 0
13023 2
13026 1
13028 0
13029 3
13030 2
13031 1
13034 0
13035 1
13043 2
13045 1
13055 1
13056 0
13058 0
13059 3
13060 0
13064 3
13074 0
13076 3
13078 0
13096 2
13102 1
13106 2
13107 0
13108 0
13110 1
13112 1
13114 2
13121 0
13122 1
13128 1
13129 2
13133 2
13135 2
13137 2
13138 0
13142 1
13144 1
13146 0
13147 1
13150 3
13153 2
13156 0
13157 2
13159 3
13160 1
13168 2
13173 2
13176 0
13178 0
13181 1
13189 0
13190 3
13195 0
13196 0
13199 1
13202 1
13204 2
13207 1
13208 2
13209 2
13214 1
13216 0
13229 2
13233 1
13240 2
13245 2
13246 2
13249 3
13253 2
13256 1
13259 2
13260 3
13261 2
13264 0
13266 1
13271 1
13272 0
13275 2
13276 2
13283 2
13286 3
13287 2
13289 2
13290 1
13293 1
13295 1
13297 0
13298 1
13301 2
13302 1
13303 2
13307 1
13310 1
13316 0
13317 0
13319 0
13320 2
13322 2
13324 2
13329 2
13331 2
13332 2
13333 1
13340 2
13345 3
13348 1
13349 0
13353 0
13355 2
13356 2
13360 2
13363 2
13365 1
13366 0
13371 3
13376 3
13378 2
13383 2
13384 2
13385 1
13387 1
13394 0
13396 0
13397 0
13405 2
13407 0
13412 0
13414 2
13415 0
13419 1
13423 0
13427 2
13428 3
13431 2
13438 1
13446 3
13448 0
13453 1
13458 0
13459 0
13461 0
13464 3
13467 2
13473 3
13477 2
13481 2
13485 2
13489 0
13494 3
13495 0
13499 1
13500 0
13501 1
13503 2
13504 2
13512 1
13515 1
13520 2
13521 0
13523 1
13524 2
13532 0
13533 1
13535 2
13542 0
13544 2
13547 2
13549 2
13550 1
13551 2
13557 0
13559 2
13560 0
13565 2
13569 2
13570 3
13572 2
13578 2
13580 2
13583 2
13586 0
13587 2
13588 2
13590 2
13594 3
13599 0
13600 1
13602 2
13603 0
13605 2
13607 2
13608 2
13610 1
13615 1
13616 2
13626 3
13627 2
13628 1
13633 0
13638 2
13640 1
13655 1
13659 1
13660 3
13668 3
13670 2
13672 2
13675 1
13676 0
13677 0
13680 0
13691 2
13695 2
13697 2
13699 0
13704 2
13708 3
13710 2
13712 0
13718 2
13723 2
13727 1
13728 3
13729 1
13734 1
13736 0
13742 2
13744 1
13750 2
13751 1
13752 1
13754 2
13759 0
13769 0
13772 2
13780 1
13781 1
13782 2
13787 2
13788 3
13789 3
13793 0
13796 0
13801 0
13803 0
13806 1
13807 0
13808 2
13822 1
13828 1
13829 0
13834 2
13836 2
13838 1
13842 0
13843 0
13844 3
13845 1
13846 2
13852 2
13858 0
13864 2
13866 0
13867 2
13873 2
13878 1
13879 2
13883 0
13884 2
13888 0
13889 1
13897 0
13899 0
13900 0
13902 0
13912 1
13915 3
13921 1
13924 0
13925 0
13927 1
13933 0
13965 0
13968 0
13970 0
13978 2
13986 2
13988 0
13989 0
13990 0
13992 0
13993 2
13995 2
13997 0
13999 1
14001 2
14028 1
14029 2
14030 2
14034 0
14036 1
14042 2
14045 0
14046 0
14047 1
14050 1
14053 2
14060 2
14064 0
14066 3
14073 0
14077 3
14078 1
14084 1
14095 2
14096 1
14100 0
14103 1
14107 0
14117 2
14123 1
14125 2
14126 2
14129 1
14132 3
14133 2
14137 2
14138 1
14139 1
14157 2
14166 2
14171 0
14180 1
14185 1
14186 2
14188 2
14189 0
14190 2
14191 2
14194 2
14195 2
14198 3
14199 1
14202 3
14208 0
14209 0
14211 0
14212 2
14214 2
14217 2
14219 0
14221 0
14224 1
14226 2
14228 0
14233 0
14234 0
14237 0
14238 1
14239 0
14245 1
14249 0
14251 0
14252 0
14254 2
14257 1
14262 2
14263 2
14268 2
14269 0
14271 0
14272 0
14274 2
14275 1
14278 2
14281 2
14286 1
14287 1
14292 0
14293 0
14302 2
14305 0
14307 2
14317 0
14320 2
14321 2
14322 2
14323 2
14330 0
14331 2
14335 2
14336 1
14341 1
14343 2
14347 2
14349 1
14352 2
14353 0
14355 2
14357 2
14360 1
14364 1
14365 3
14367 1
14369 2
14374 0
14378 0
14379 3
14380 0
14382 2
14383 0
14385 1
14386 2
14387 2
14389 2
14390 0
14391 0
14392 2
14394 2
14407 1
14408 2
14409 2
14410 2
14412 2
14413 2
14414 2
14422 3
14425 2
14428 3
14430 3
14431 1
14433 2
14439 2
14444 2
14449 2
14451 0
14461 0
14464 3
14465 1
14479 0
14488 3
14489 1
14490 2
14492 0
14497 0
14498 2
14501 0
14502 1
14505 2
14512 1
14525 1
14533 2
14534 1
14545 3
14552 2
14565 1
14571 2
14572 0
14576 0
14584 0
14585 0
14586 2
14600 2
14603 2
14604 2
14610 0
14611 1
14616 0
14617 2
14623 0
14625 2
14631 2
14633 0
14635 0
14640 0
14642 2
14647 2
14648 0
14651 2
14657 0
14658 1
14662 2
14664 1
14666 2
14671 0
14676 0
14677 2
14681 2
14682 2
14690 2
14724 2
14731 2
14734 0
14736 2
14737 2
14738 3
14742 2
14746 2
14748 0
14750 2
14751 2
14761 1
14762 0
14765 0
14772 1
14773 0
14775 1
14779 2
14792 2
14793 1
14796 2
14797 1
14803 2
14804 2
14805 2
14809 2
14811 2
14812 3
14816 1
14817 2
14824 3
14825 2
14829 2
14832 0
14837 0
14838 1
14841 2
14846 1
14850 2
14851 2
14852 1
14857 0
14864 2
14865 0
14866 0
14867 0
14868 2
14872 2
14873 2
14874 2
14875 2
14876 2
14878 2
14881 1
14882 2
14884 2
14886 1
14888 2
14892 1
14899 1
14904 2
14908 1
14912 0
14913 2
14914 2
14916 0
14917 1
14920 0
14921 1
14924 1
14925 2
14932 2
14934 2
14942 3
14945 1
14950 2
14951 2
14952 1
14953 3
14955 2
14957 1
14967 0
14969 3
14970 0
14972 2
14983 2
14986 0
14987 3
14989 0
14992 0
14996 2
15001 1
15002 0
15004 2
15009 2
15011 0
15017 1
15035 3
15039 2
15041 2
15042 2
15047 0
15050 2
15051 2
15054 2
15055 2
15057 0
15064 0
15067 2
15068 2
15069 2
15070 2
15074 0
15075 2
15078 2
15079 3
15080 2
15085 2
15087 2
15093 3
15095 1
15102 1
15103 1
15104 1
15105 1
15106 1
15107 1
15109 1
15112 1
15119 0
15120 0
15122 2
15123 1
15124 3
15128 0
15131 1
15132 1
15135 2
15136 1
15137 3
15138 0
15140 0
15141 1
15144 0
15145 0
15155 0
15158 0
15160 1
15162 1
15172 2
15174 2
15186 1
15189 0
15192 0
15193 1
15194 2
15197 2
15212 3
15213 0
15215 0
15219 0
15220 2
15221 0
15223 0
15225 1
15226 2
15228 0
15231 0
15232 1
15233 2
15235 1
15236 0
15238 0
15240 0
15241 2
15242 0
15243 1
15244 0
15245 2
15250 3
15258 1
15259 0
15261 2
15264 2
15266 1
15270 0
15273 0
15277 1
15278 3
15279 2
15284 1
15289 3
15295 2
15296 2
15303 2
15304 2
15305 2
15306 1
15308 1
15316 1
15319 0
15321 1
15324 1
15329 2
15333 2
15340 3
15344 3
15345 0
15350 0
15351 1
15355 2
15358 2
15362 2
15364 2
15374 0
15375 1
15376 3
15378 0
15380 1
15387 2
15388 0
15398 0
15405 2
15413 2
15414 3
15423 0
15428 2
15429 2
15438 0
15440 1
15442 0
15445 2
15448 2
15457 2
15461 0
15462 3
15463 0
15467 0
15472 2
15473 0
15482 1
15485 3
15491 1
15496 0
15500 2
15503 2
15504 0
15505 0
15506 1
15508 0
15513 0
15517 1
15519 1
15521 2
15522 1
15523 0
15525 2
15526 1
15531 0
15533 2
15534 0
15546 0
15552 1
15555 1
15557 1
15558 1
15561 1
15562 0
15563 0
15565 1
15574 0
15577 3
15579 2
15582 0
15588 1
15589 2
15592 0
15593 0
15595 1
15600 2
15602 2
15603 1
15605 1
15606 2
15607 1
15610 0
15616 0
15617 2
15620 1
15627 1
15628 3
15632 2
15633 0
15634 0
15635 1
15638 2
15641 0
15645 3
15647 1
15652 1
15654 2
15656 0
15657 2
15658 2
15661 1
15665 1
15667 2
15669 1
15670 3
15671 0
15672 1
15676 0
15678 2
15688 0
15693 0
15695 0
15699 1
15701 0
15704 0
15705 1
15706 1
15707 1
15708 2
15713 2
15714 1
15717 0
15718 0
15721 2
15722 2
15725 0
15726 1
15727 0
15730 1
15734 2
15735 0
15738 2
15741 1
15744 2
15745 2
15746 0
15748 2
15749 1
15750 0
15752 1
15754 0
15757 2
15758 2
15759 3
15760 0
15761 2
15762 2
15763 1
15764 0
15765 2
15775 0
15776 2
15777 2
15778 0
15780 0
15781 1
15787 3
15788 1
15792 2
15793 0
15798 1
15801 0
15802 3
15805 2
15812 2
15815 1
15818 2
15820 1
15822 0
15824 2
15829 0
15832 0
15834 1
15839 1
15841 2
15842 0
15843 0
15845 2
15847 1
15852 2
15853 1
15855 1
15859 1
15862 2
15866 1
15870 1
15871 1
15873 0
15876 0
15877 0
15886 0
15895 0
15898 2
15906 2
15908 1
15909 0
15910 1
15911 3
15916 0
15920 1
15921 2
15932 0
15940 0
15941 0
15946 0
15951 0
15959 1
15961 1
15962 0
15963 2
15966 2
15967 0
15972 0
15973 2
15979 1
15983 2
15984 0
15990 2
15993 1
15994 2
15995 2
15999 1
16000 2
16003 2
16005 1
16008 0
16011 1
16014 2
16015 1
16018 1
16021 0
16023 1
16027 1
16032 1
16034 2
16036 1
16037 1
16039 2
16043 2
16045 3
16048 1
16049 1
16050 3
16051 0
16056 1
16057 1
16058 0
16061 1
16064 2
16066 1
16067 2
16068 2
16069 2
16073 1
16076 2
16079 2
16081 2
16088 1
16091 2
16093 2
16096 2
16104 0
16110 2
16112 0
16114 2
16115 2
16116 1
16117 2
16120 1
16123 1
16126 0
16127 3
16129 1
16134 0
16136 1
16142 1
16143 2
16145 0
16150 2
16151 1
16167 0
16176 0
16180 0
16181 1
16184 2
16185 1
16186 2
16187 1
16188 3
16192 0
16196 1
16200 0
16201 1
16202 0
16203 0
16207 0
16213 0
16217 2
16218 2
16220 2
16223 2
16228 3
16234 2
16235 1
16238 3
16240 1
16241 0
16244 1
16245 1
16252 1
16261 1
16263 2
16265 1
16266 2
16269 2
16271 2
16272 0
16277 2
16279 0
16282 1
16284 3
16285 0
16288 1
16290 0
16291 2
16292 0
16301 1
16304 2
16306 1
16307 0
16316 1
16317 0
16319 0
16321 0
16325 0
16332 2
16340 0
16344 2
16348 2
16352 0
16353 2
16356 0
16359 1
16361 2
16362 2
16365 1
16366 0
16369 0
16371 2
16372 1
16373 1
16374 0
16376 2
16379 2
16381 1
16386 2
16387 2
16393 2
16394 1
16404 3
16406 0
16407 0
16412 0
16414 2
16415 2
16417 0
16418 0
16420 2
16422 2
16423 0
16430 2
16433 2
16438 3
16443 2
16444 0
16445 2
16447 2
16451 0
16452 1
16456 2
16462 0
16463 0
16464 1
16466 1
16469 1
16472 1
16476 2
16477 2
16478 1
16481 1
16482 0
16484 1
16485 0
16489 3
16494 0
16495 1
16501 1
16505 0
16507 1
16509 1
16511 0
16513 1
16515 2
16517 1
16518 2
16519 0
16521 0
16522 1
16528 1
16538 0
16540 2
16542 0
16544 3
16550 1
16562 2
16569 0
16572 3
16581 1
16590 3
16594 2
16597 0
16600 1
16605 2
16608 0
16612 1
16613 2
16614 0
16615 0
16616 1
16620 3
16621 0
16624 2
16625 0
16626 2
16628 0
16629 0
16630 3
16631 0
16632 2
16636 2
16637 3
16640 1
16645 1
16646 1
16647 0
16650 0
16657 1
16658 0
16666 1
16669 0
16671 1
16672 0
16673 1
16677 2
16678 1
16679 1
16680 1
16682 0
16683 2
16684 2
16688 2
16691 2
16693 1
16694 1
16697 2
16700 2
16701 2
16707 0
16708 0
16711 0
16712 0
16713 0
16714 0
16715 0
16716 0
16719 2
16720 2
16721 1
16723 3
16726 0
16731 0
16732 1
16734 1
16736 0
16738 1
16740 0
16741 2
16742 1
16743 2
16744 2
16753 2
16757 0
16765 2
16768 2
16770 1
16772 1
16774 1
16776 0
16779 2
16786 1
16789 3
16790 1
16792 0
16794 3
16796 3
16806 1
16807 1
16808 1
16810 3
16814 2
16815 2
16818 0
16821 1
16824 0
16827 2
16829 1
16832 0
16833 2
16835 0
16836 1
16841 2
16843 3
16847 0
16848 2
16851 2
16852 1
16854 2
16858 0
16860 0
16862 1
16865 0
16868 2
16870 2
16871 0
16873 1
16874 0
16876 3
16878 0
16884 1
16885 0
16886 2
16888 1
16896 1
16897 2
16900 2
16905 1
16908 1
16909 1
16912 3
16919 1
16923 2
16926 2
16928 2
16929 2
16930 2
16937 2
16938 0
16939 1
16950 2
16956 1
16959 2
16961 3
16973 0
16975 1
16976 1
16980 2
16983 0
16984 1
16985 1
16989 1
16991 3
16992 2
16993 2
17002 1
17008 2
17014 1
17015 0
17019 1
17022 0
17024 2
17027 2
17030 1
17033 2
17034 0
17036 2
17041 1
17042 2
17043 0
17044 0
17048 3
17049 1
17055 2
17057 0
17059 0
17060 3
17061 2
17062 0
17065 0
17067 1
17068 3
17074 1
17076 1
17078 2
17083 1
17084 1
17085 0
17087 0
17089 0
17093 1
17094 1
17096 1
17097 2
17099 2
17101 3
17104 0
17105 0
17106 0
17113 1
17118 2
17119 0
17125 2
17126 2
17128 3
17131 1
17133 0
17134 1
17135 2
17138 1
17140 0
17141 2
17142 0
17144 3
17145 1
17149 3
17151 2
17153 0
17158 1
17159 3
17160 0
17164 1
17168 2
17170 3
17173 1
17179 1
17180 2
17182 1
17184 1
17185 0
17188 2
17189 3
17190 1
17193 2
17194 2
17195 0
17197 0
17199 2
17201 1
17206 1
17211 1
17216 1
17217 2
17218 1
17220 1
17226 0
17227 1
17228 0
17229 3
17231 0
17232 1
17233 2
17235 0
17239 1
17244 0
17245 1
17249 0
17252 2
17254 1
17255 0
17256 2
17260 2
17262 0
17264 0
17265 2
17267 0
17268 1
17269 1
17271 2
17276 0
17280 1
17281 0
17283 0
17288 1
17291 2
17292 1
17297 0
17300 1
17303 0
17304 2
17308 2
17310 1
17312 3
17313 2
17317 1
17321 2
17324 2
17328 0
17329 3
17331 1
17336 2
17338 1
17341 0
17347 0
17351 1
17356 2
17364 2
17365 0
17367 1
17368 1
17376 0
17379 2
17381 2
17384 0
17388 2
17390 1
17395 2
17404 1
17419 1
17430 2
17432 2
17440 2
17442 3
17446 1
17450 1
17457 0
17460 1
17469 0
17470 0
17474 2
17476 0
17477 1
17480 2
17484 0
17487 2
17492 1
17493 0
17499 2
17502 3
17505 0
17506 2
17509 2
17512 1
17514 2
17516 2
17520 1
17527 0
17530 1
17532 2
17534 2
17536 2
17538 1
17541 1
17542 1
17544 2
17546 2
17548 1
17549 1
17551 2
17552 1
17553 2
17554 2
17556 2
17560 1
17563 2
17569 2
17570 2
17571 1
17574 1
17575 1
17576 1
17577 1
17581 1
17584 3
17587 0
17589 0
17592 3
17598 2
17607 2
17609 1
17610 2
17612 2
17613 0
17616 0
17620 0
17631 0
17632 1
17636 1
17637 0
17639 1
17640 1
17641 1
17642 1
17644 1
17645 0
17646 0
17648 0
17649 1
17650 1
17651 0
17652 1
17654 3
17659 2
17660 2
17662 2
17663 1
17665 2
17666 2
17670 0
17672 0
17674 2
17682 0
17684 2
17688 0
17689 2
17691 2
17692 3
17695 2
17696 1
17697 0
17698 0
17699 2
17707 2
17713 0
17714 3
17719 1
17725 0
17726 2
17727 1
17729 1
17737 2
17738 0
17740 3
17741 2
17744 1
17755 0
17756 0
17757 1
17759 1
17762 2
17764 2
17767 1
17787 3
17789 1
17794 1
17795 1
17797 3
17809 0
17810 1
17811 1
17820 0
17822 3
17825 1
17827 1
17835 2
17837 1
17840 2
17849 2
17850 1
17851 1
17858 0
17872 0
17879 0
17885 0
17887 2
17888 0
17889 0
17895 0
17900 2
17913 2
17919 0
17922 0
17924 0
17925 0
17926 0
17940 0
17941 1
17942 0
17945 2
17947 1
17948 2
17949 2
17952 2
17953 0
17957 0
17959 2
17963 1
17966 1
17968 0
17971 2
17975 2
17977 2
17978 0
17979 2
17981 1
17983 3
17984 0
17985 2
17988 3
17989 1
17995 2
17996 1
18004 2
18008 1
18011 2
18013 0
18015 2
18020 0
18022 1
18027 2
18028 1
18032 0
18037 1
18041 0
18048 2
18052 0
18053 2
18055 2
18056 0
18057 2
18059 1
18062 2
18067 0
18069 0
18076 0
18082 0
18084 0
18091 2
18095 0
18096 2
18100 1
18104 0
18106 0
18108 0
18109 2
18110 1
18111 1
18114 2
18118 1
18126 0
18132 1
18133 2
18134 2
18139 1
18140 0
18141 0
18142 1
18143 1
18145 1
18150 2
18154 1
18156 1
18158 0
18161 1
18164 1
18165 0
18166 0
18167 1
18175 1
18178 1
18181 1
18186 2
18191 2
18194 3
18197 0
18200 2
18201 1
18203 2
18204 2
18207 2
18210 0
18212 1
18214 2
18217 0
18218 2
18221 2
18222 0
18225 2
18228 2
18231 0
18232 2
18234 2
18235 2
18237 1
18240 0
18241 0
18243 0
18247 2
18250 2
18252 1
18255 0
18257 0
18258 1
18259 1
18261 1
18264 1
18267 2
18268 1
18269 2
18271 0
18273 2
18274 3
18275 1
18277 0
18279 1
18282 1
18284 1
18292 0
18293 0
18297 0
18306 2
18309 1
18310 3
18312 1
18319 0
18320 0
18332 3
18334 1
18335 1
18340 2
18344 2
18349 1
18350 0
18354 0
18358 3
18362 3
18363 1
18366 2
18376 2
18379 1
18383 2
18384 2
18385 1
18386 1
18387 2
18390 0
18391 0
18397 1
18401 1
18404 2
18414 3
18419 1
18420 2
18421 3
18424 1
18426 1
18434 3
18436 2
18439 2
18443 2
18446 2
18451 0
18452 2
18457 1
18463 0
18464 0
18467 0
18469 2
18472 0
18475 0
18479 0
18482 0
18483 2
18486 3
18491 0
18493 2
18496 0
18497 0
18500 2
18511 3
18515 2
18517 0
18534 2
18538 2
18540 0
18541 0
18547 0
18563 0
18567 3
18568 0
18574 2
18575 3
18579 2
18584 1
18587 3
18589 1
18591 1
18592 0
18594 2
18604 2
18608 0
18609 0
18613 3
18614 2
18615 1
18620 2
18621 0
18626 3
18629 2
18630 0
18632 2
18633 0
18634 1
18640 1
18644 2
18647 2
18649 0
18650 1
18651 1
18662 2
18663 3
18664 0
18665 2
18673 0
18675 0
18677 0
18678 0
18682 1
18683 1
18685 0
18687 0
18689 2
18691 1
18692 2
18698 0
18701 2
18704 1
18706 2
18707 1
18709 3
18710 2
18714 1
18715 3
18719 0
18724 0
18725 1
18726 1
18727 3
18729 0
18732 2
18733 2
18734 2
18735 0
18737 2
18743 0
18746 2
18754 2
18757 0
18760 3
18766 2
18771 2
18773 3
18776 3
18778 0
18779 0
18784 1
18790 0
18792 2
18794 0
18801 2
18804 2
18811 1
18812 2
18814 2
18815 2
18832 1
18835 0
18838 0
18839 2
18841 2
18853 2
18859 1
18861 2
