0 0
16385 2
16386 2
16388 2
8198 2
2073 2
8200 0
2732 0
8202 0
16396 1
8194 1
6874 1
16400 1
8210 0
16404 3
8216 0
8217 0
8219 2
8220 0
8221 0
16414 2
16415 2
720 3
13659 1
8228 2
16421 3
16423 0
11458 2
41 0
8234 2
16428 0
8237 2
16430 2
16431 2
8240 0
8241 2
16434 2
16436 1
16393 2
16440 2
8250 1
16443 2
16445 2
16447 2
16449 2
66 1
8259 2
16452 1
69 1
16454 3
16455 2
16456 2
73 2
8266 2
16460 2
16461 2
16462 0
16397 1
8402 2
16466 1
8276 1
16469 1
16470 1
88 2
90 1
91 1
16476 2
16477 2
16478 1
16480 0
16481 1
13915 3
16484 1
8293 1
8294 2
16488 2
16489 3
8298 0
17767 1
108 2
16402 1
110 0
8303 2
112 3
113 2
8311 0
8312 1
16505 0
122 3
4256 2
16509 1
126 2
16511 0
128 1
129 3
16514 2
16515 2
8325 2
16518 2
8329 0
16522 1
139 3
16525 0
8334 0
8336 0
8338 2
15043 2
148 1
16533 1
150 2
151 1
8345 3
154 0
8347 3
16540 2
16541 0
16543 2
11785 0
8353 1
8354 1
163 2
16549 2
8358 0
9585 0
14256 1
16412 0
170 0
8363 1
173 2
8366 1
16559 0
8368 1
177 1
178 0
5491 2
180 3
183 2
16568 1
185 2
186 2
187 1
190 3
8383 2
16577 0
15051 2
16580 0
197 2
16583 2
200 0
201 1
202 2
16587 0
8396 0
8397 2
16590 3
6861 0
209 2
16594 2
8403 3
16596 3
16597 0
13689 0
1371 0
6863 0
8412 1
8413 2
8415 1
5499 2
16612 1
229 3
16614 0
16616 1
8425 3
16618 2
16620 3
8430 2
16623 3
8432 1
16625 0
8435 3
16628 0
8437 3
246 0
16632 2
8441 2
5191 2
5503 1
16636 2
8445 3
254 0
16640 1
13696 2
16643 2
15062 1
16646 1
263 2
8236 3
16650 0
8459 2
8460 2
8461 3
8462 0
16658 0
17795 1
8468 0
277 1
7553 0
8473 2
8477 0
9284 0
16432 0
291 1
16676 1
293 0
8486 2
16433 2
8488 2
297 2
8458 1
16684 2
9830 2
8494 0
303 2
8496 2
1416 3
309 0
8502 1
16695 2
16697 2
15071 0
16702 3
319 2
6880 1
16707 0
324 1
328 0
16713 0
8524 2
334 3
16719 2
16720 2
338 1
6883 3
340 1
8533 3
8535 2
346 3
8539 1
8541 2
8543 3
16736 0
16740 0
357 0
16742 1
16743 2
16744 2
8553 2
363 2
366 2
8559 3
16752 2
8561 0
8563 2
8564 2
16757 0
374 2
16759 1
16760 0
378 3
8571 0
380 1
16765 2
383 0
384 1
8578 2
387 0
1809 2
5526 0
16774 1
8583 3
8258 0
8592 2
401 2
16786 1
16789 3
407 2
16792 0
410 2
16796 3
8608 1
8609 2
17819 2
16804 3
16805 0
423 2
16808 1
8617 0
426 1
8619 3
428 2
8621 0
16814 2
1437 3
432 1
16817 1
434 1
16821 1
438 0
16823 0
8632 2
8634 2
444 2
74 0
446 2
16831 1
16485 0
16833 2
16835 0
8645 0
454 2
455 1
3492 0
16841 2
8650 1
16843 3
461 2
16846 1
16847 0
464 2
16851 2
468 0
469 1
8665 2
8667 2
16862 1
8671 3
16864 2
16865 0
482 1
8675 2
16871 0
488 2
8683 1
8684 1
289 2
8687 2
496 2
18020 0
8691 2
16884 1
6910 2
502 2
13737 2
504 3
4180 0
16890 3
8699 1
508 0
16894 0
8704 0
16898 2
515 0
16900 2
517 0
8710 3
8711 0
5200 0
16905 1
8714 1
8715 0
16908 1
16909 1
528 2
12376 2
16914 1
6915 1
1454 2
16918 0
8727 0
537 3
538 0
16923 2
8732 1
541 2
16926 2
6917 2
544 2
16929 2
16930 2
8739 3
548 1
550 1
551 1
8744 2
16937 2
16938 0
16939 1
8748 3
8749 2
558 1
559 0
16946 2
13747 1
16948 0
16949 0
566 3
8759 1
8762 1
16955 0
16956 1
573 1
8766 2
8767 0
577 1
8771 3
16965 0
8775 0
8777 0
8780 1
8781 3
591 1
16976 1
16977 0
16978 2
8787 2
16980 2
597 1
9657 0
8292 2
603 1
8796 0
13754 2
16990 2
8799 2
16992 2
8802 1
611 1
16997 2
614 2
11025 0
617 0
17002 1
8811 1
8812 2
621 2
8814 2
13757 0
17008 2
8817 1
17010 1
15123 1
17012 3
17013 2
8822 2
8824 0
8825 1
8826 0
5567 2
17020 3
17021 0
17022 0
8832 2
641 0
642 1
8835 1
17028 0
15200 0
17030 1
1473 1
8840 1
8841 2
6935 0
17036 2
8845 0
654 0
17786 2
657 3
17042 2
660 2
17046 1
8855 1
664 0
17049 1
8858 2
8860 1
8862 2
671 1
17057 0
674 0
6939 2
676 2
5574 2
9297 0
8871 2
8872 2
17065 0
17066 2
8875 2
17068 3
11037 1
688 0
17073 2
17075 0
2846 2
695 3
696 3
2847 1
17085 0
8898 1
17091 0
8902 2
8904 1
17097 2
8906 2
17099 2
717 0
17102 0
719 3
17104 0
721 0
8914 2
6947 3
725 1
728 3
8921 2
730 2
17115 2
17119 0
740 2
17125 2
17126 2
8935 2
744 2
17129 1
10084 1
17131 1
17133 0
17135 2
17136 0
8945 2
8947 1
756 0
17142 0
759 3
8952 2
17145 1
8954 2
8955 1
764 2
6879 2
766 1
17151 2
17152 1
17154 0
771 1
17156 2
13782 2
774 1
17159 3
17160 0
13378 2
780 2
8974 2
8975 2
17168 2
786 0
787 2
788 2
17173 1
790 2
4900 0
794 2
17180 2
17181 2
8990 2
8991 2
8992 3
2864 2
802 1
8995 2
17188 2
17191 0
808 2
17194 2
17197 0
6013 2
17202 0
6963 2
17205 1
17206 1
9015 0
9018 2
17211 1
828 3
17215 0
17218 1
16523 2
17220 1
9029 0
13208 2
17224 3
17225 0
17226 0
844 2
17229 3
17231 0
9040 1
17235 0
852 2
853 0
17239 1
856 0
858 1
17244 0
861 2
862 0
9055 0
17248 1
17249 0
868 3
5606 0
870 2
871 0
17256 2
873 1
874 3
9067 2
876 3
9070 2
879 2
17265 2
882 0
9076 0
9079 1
888 2
889 0
9082 2
17275 0
892 2
17277 1
894 2
895 1
17280 1
11072 1
9090 1
17283 0
900 1
901 1
902 1
903 0
17288 1
8343 1
17292 1
17294 0
9103 2
9104 2
9105 0
9106 0
17299 0
917 1
918 0
919 0
9112 2
9113 0
923 1
17308 2
9118 2
17313 2
9123 2
932 3
2886 0
936 3
12579 0
9130 3
17324 2
157 0
944 0
9137 2
9138 0
9139 2
9140 2
9141 1
9142 0
951 0
952 1
953 2
956 1
17342 2
961 1
9156 1
12549 2
17351 1
17352 0
17353 1
5623 0
17356 2
16546 0
17358 1
16672 0
976 0
9307 2
17364 2
17365 0
13817 1
17368 1
7125 0
17376 0
993 0
17378 3
17379 2
9188 1
17381 2
17388 2
17391 0
1010 1
17395 2
17396 2
10154 0
9207 0
17401 3
1019 0
1021 0
1023 2
9216 0
9217 2
9218 2
1028 1
1030 2
13825 0
9225 0
1034 2
1035 2
7945 2
1037 3
9230 0
1040 0
11096 2
9234 2
9236 1
12462 2
1048 3
9241 2
12310 2
17435 3
1052 0
7002 2
1054 2
1057 0
9250 2
17444 3
17766 0
4273 0
9256 1
1065 2
1067 2
8370 0
9262 2
17455 0
1544 1
133 2
9269 2
9270 2
1545 2
1080 1
8372 3
9274 2
17468 1
17469 0
9278 1
12584 2
17472 0
1089 3
9283 1
17476 0
17477 1
17479 0
17480 2
1098 2
1100 0
17485 0
17487 2
17488 2
12472 1
17491 2
1108 2
17493 0
4281 0
17496 3
1113 2
1115 1
9308 1
18859 1
9310 0
1119 2
17504 2
17505 0
17506 2
9316 0
17509 2
17512 1
9312 2
17514 2
17515 3
1133 2
17518 0
1137 0
1138 2
17524 2
9876 0
1144 2
17532 2
9343 2
17536 2
17537 0
1154 2
9349 2
17542 1
17543 0
17544 2
9353 0
1162 3
9355 3
17548 1
17549 1
17550 2
17552 1
17553 2
9362 0
17555 3
17556 2
15214 1
1174 2
17559 2
1177 2
17563 2
1180 1
9754 2
9374 1
1183 0
17568 0
2928 1
9378 2
1187 2
9380 1
1189 2
17574 1
17575 1
17576 1
17577 1
17578 2
1195 0
9388 2
9389 0
1200 0
17585 3
17586 2
1204 0
9397 2
17590 2
9400 0
17594 1
1213 1
1214 3
9408 0
9409 1
1218 2
203 0
9412 1
9415 1
1225 2
1226 1
7031 1
17612 2
9421 2
18590 0
9427 2
9428 2
8398 1
9430 0
1405 2
9433 2
6588 1
17628 2
9437 0
1246 3
17631 0
1251 1
9446 1
8401 2
17640 1
17641 1
17642 1
9451 0
17645 0
9454 2
9455 1
1264 3
9457 2
17650 1
12499 1
9460 2
9461 2
1270 0
13865 2
1273 2
7039 1
17660 2
5498 2
17663 1
9473 1
9474 1
6937 0
1284 1
9477 2
17670 0
9480 2
1290 1
8407 2
1292 2
2946 2
9486 3
9773 2
4312 2
1298 2
9491 0
9492 2
17685 2
9495 1
1304 2
17689 2
1306 3
17692 3
3044 2
9503 2
9507 0
9508 0
17706 1
17707 2
1586 2
17710 2
1328 0
17714 3
1331 1
9525 2
17719 1
1336 2
17721 2
1338 1
17723 1
1340 2
9533 2
17726 2
1343 2
1344 0
1590 2
17735 2
17737 2
17738 0
1355 1
9551 1
1409 0
9554 2
9555 1
9556 2
9558 1
1311 1
17756 0
17757 1
16613 2
15248 1
17762 2
17763 0
1381 2
9574 1
1383 2
1385 3
9578 1
4319 0
9580 1
1390 2
9789 1
17776 3
17777 0
9586 3
17782 2
233 2
9592 1
9593 2
9594 2
9595 2
9596 0
9597 2
865 1
1408 0
9601 2
1410 2
9603 1
9604 2
17797 3
9606 1
1415 2
9608 1
18869 0
17802 1
9611 2
9794 0
9615 2
9309 1
17811 1
17813 1
17814 2
9623 2
9625 0
18324 2
1435 0
1436 1
9629 1
9631 1
1440 2
4483 0
1444 2
9637 1
1446 2
9639 2
9642 0
17835 2
9645 2
9646 1
15261 2
17840 2
1460 3
17846 0
8232 0
9656 1
1465 2
17850 1
17851 1
17852 2
9663 2
9665 2
1474 2
13899 0
1477 1
9672 1
9673 1
1482 1
9676 2
8212 0
1486 0
13901 2
1488 1
9684 1
16633 0
15268 0
9690 2
9691 3
9694 0
17887 2
9702 2
17895 0
17896 1
17900 2
1619 2
16638 0
17910 0
17911 0
17913 2
8709 1
17917 1
1538 2
1539 2
17924 0
1622 2
1542 2
8449 2
9736 1
11180 0
13911 2
18055 2
15600 2
17935 1
1961 2
17940 0
1558 3
1559 0
17945 2
1562 0
7087 1
1564 1
17949 2
16645 1
17952 2
11184 1
17955 2
17957 0
17958 2
1575 1
9768 2
17961 0
9770 1
17964 0
1581 1
1583 2
17970 0
2995 2
17972 0
9781 1
9782 2
1591 1
9784 2
17979 2
1596 2
1597 1
9792 2
17985 2
17986 0
9795 0
17989 1
1608 1
10815 2
1610 1
17996 1
17997 3
18000 0
9810 2
9811 0
9812 0
1621 0
9814 0
11193 0
18009 1
4367 3
18012 3
15290 2
18014 3
18015 2
9826 2
1635 2
1636 0
9829 2
1638 0
1640 2
1641 2
9835 2
9837 3
9838 1
18032 0
9832 0
17687 1
1651 2
1652 2
1655 2
1656 3
1658 3
1659 0
1661 1
1662 2
1664 1
18050 3
14240 1
18052 0
9330 0
6885 1
1671 1
1672 3
9865 3
1674 2
18059 1
1676 1
18062 2
18063 1
18064 3
9873 2
18066 1
18068 1
9878 3
9882 1
1375 2
9886 0
7109 0
1696 2
1697 0
18082 0
1699 1
9892 0
1701 2
1702 2
1703 1
18088 2
18091 2
1708 3
9901 2
1711 2
1712 1
1713 0
9907 2
15305 2
13969 2
1722 0
9915 2
18109 2
18110 1
1729 1
1734 1
9927 2
15308 1
18122 1
18126 0
18127 0
8483 0
1750 1
1751 2
1753 3
11215 1
1695 2
18141 0
18142 1
9954 0
1764 2
18149 1
1767 2
1768 1
18153 0
18154 1
18155 1
1772 0
18157 2
7891 2
18161 1
1779 0
16681 1
6606 2
18169 1
7970 1
18174 2
1791 3
16972 1
1793 0
18178 1
18180 0
17245 1
1800 0
300 2
9995 2
13699 0
1666 2
9999 2
10001 0
18194 3
18196 1
11225 0
18200 2
18201 1
18203 2
3034 2
16973 0
1823 2
18208 1
16688 2
10018 0
1827 2
1828 2
18214 2
10024 0
9866 0
10026 2
1835 1
1836 1
1839 2
10032 1
18225 2
10034 1
10036 2
1845 0
1846 0
1673 2
18232 2
10041 2
18234 2
10043 1
1852 1
18237 1
1854 1
6177 1
1857 2
1858 1
9867 0
1860 2
1861 0
1862 3
7137 0
10056 2
1865 0
1866 2
10059 2
1868 3
18255 0
1872 0
18259 1
10071 1
18264 1
18265 1
1882 0
18269 2
7141 0
10080 2
18275 1
18276 0
18278 1
18279 1
10088 1
10089 2
18282 1
1899 0
18284 1
18287 1
5519 1
8510 2
18294 1
1911 0
18296 0
10105 0
10109 0
1918 2
1920 2
18306 2
1923 2
1924 2
10117 1
18310 3
18312 1
1322 2
7702 2
1932 0
10125 1
18319 0
10129 2
1938 3
1939 1
10132 1
10133 1
1944 0
18329 1
18074 3
18334 1
10143 1
18337 0
10149 1
10151 3
18344 2
18076 0
1962 3
12615 2
1964 2
1965 2
18352 1
1969 0
1970 0
1971 2
18078 2
18358 3
1976 1
884 1
18362 3
1979 1
1980 0
1982 0
18368 2
1987 1
1988 2
1990 3
1992 2
16716 0
1997 3
10190 0
18383 2
18384 2
6886 2
2002 0
5687 2
10196 1
18390 0
2008 2
10201 1
18397 1
13096 2
18401 1
10212 0
10213 2
10216 2
15356 1
10220 0
18414 3
6887 1
9896 2
10226 1
2035 2
18420 2
2037 0
17001 0
18424 1
10233 1
18426 1
2043 1
18428 2
16725 1
13995 2
2052 2
18437 0
18438 1
5804 1
18443 2
3396 0
2061 3
18446 2
10261 2
3076 2
5251 2
10267 0
2076 2
10269 0
10271 0
18464 0
2083 2
18468 0
2086 0
2089 1
10282 2
2091 2
2092 2
10285 1
2094 1
10287 2
2096 1
11272 2
18482 0
18483 2
10292 3
2101 1
3081 2
10296 1
10298 2
18491 0
2108 3
10301 2
10303 1
18496 0
10306 1
2115 1
2116 2
10310 1
10311 2
2121 0
10316 2
10317 1
2126 0
18511 3
2128 1
2129 1
14801 1
2132 0
2133 1
10327 1
8548 2
2138 2
15375 1
10332 1
10333 1
10335 2
18528 0
10337 2
10339 1
18534 2
2152 2
2153 2
18538 2
359 3
18541 0
18542 0
10351 2
18546 3
2164 2
10358 2
2167 0
10361 0
17254 1
2171 0
10365 2
18558 0
2175 1
2176 2
8555 2
2180 2
18567 3
2185 2
2252 1
13439 1
18572 0
2189 0
18574 2
10384 0
10386 1
18579 2
2196 0
4462 2
10391 1
18584 1
2201 2
18587 3
18589 1
2206 0
2208 3
2209 0
2210 2
10404 2
10405 2
10406 0
2215 1
18600 2
7166 3
2218 1
18604 2
10413 0
18608 0
18609 0
10419 0
2228 0
2229 2
10422 2
18615 1
10426 1
2235 2
10428 0
1738 2
2238 2
10433 2
18628 2
18632 2
18633 0
18634 1
2251 2
18636 2
2254 2
14029 2
18640 1
18641 2
2260 2
2262 0
18649 0
4167 2
2267 1
2268 2
10462 0
10463 2
2272 0
16539 0
10466 0
18659 1
18661 1
18662 2
13380 2
18664 0
18665 2
18301 2
2283 2
2288 2
2289 1
10483 0
10484 2
349 1
10488 2
2297 2
18682 1
2299 2
16382 1
18686 1
2303 0
18688 1
10498 2
2307 2
2308 3
18134 2
18694 2
2311 0
10505 2
10507 2
18701 2
10510 0
10511 0
18704 1
10513 0
18706 2
2323 0
18708 2
10517 1
18710 2
2327 1
388 1
18714 1
2331 3
4442 2
2333 2
10527 3
7216 2
10530 1
18724 0
18725 1
18726 1
2343 1
1756 0
3897 0
18734 2
5853 2
2352 3
2353 1
18739 0
2356 2
2357 2
18746 2
10555 0
2364 2
2368 1
14809 2
10563 2
10564 2
10567 1
10568 1
10569 3
2378 1
10572 3
10573 1
2382 0
10575 1
2385 2
18770 0
18771 2
10580 0
2389 2
12891 2
18148 0
10586 0
10589 2
8361 2
2403 1
18790 0
10599 0
2408 0
7228 1
2410 2
2412 0
8594 1
10606 1
10607 1
2417 1
18084 0
10612 2
18805 3
1769 2
2425 1
2426 1
7231 0
18812 2
10621 2
10622 2
2433 1
2434 2
18819 0
2436 0
16492 0
12180 1
2440 2
8599 0
2444 1
10637 0
1773 1
18833 0
2451 2
2452 2
18838 0
18839 2
10648 2
10650 2
10993 3
18844 1
2462 2
16176 0
18850 1
10659 3
10660 2
18853 2
10662 2
2471 3
10664 1
2475 1
18861 2
10672 2
10676 0
5811 2
2486 2
2487 2
2490 2
2491 0
17541 1
16800 3
2498 2
3147 2
2500 2
2503 0
1783 1
10700 2
2514 1
2515 0
2516 2
2517 0
5881 2
10712 2
8612 0
10714 1
11343 2
1175 2
2525 1
8813 1
2528 0
2530 0
2531 1
9086 1
10727 2
10729 1
12711 2
2540 1
2542 1
2199 2
2544 0
12712 3
2546 2
2547 1
2549 2
10743 1
10744 3
10745 0
2555 1
2556 1
10749 1
2558 1
10753 2
10754 2
10755 0
2571 1
2574 0
10767 0
2577 3
2578 1
10773 1
10774 1
10777 1
2586 1
8815 2
10780 0
10783 3
10784 0
2594 2
10788 1
10789 2
2599 2
18348 1
10796 2
2605 0
10798 0
10800 0
18184 1
10802 0
2612 2
2615 2
10809 1
10810 1
7055 1
2621 1
2622 1
8629 1
2624 2
2626 0
2627 2
10820 3
10822 1
2632 0
2634 2
10831 2
10832 0
12728 2
10838 1
11364 1
10845 2
2654 2
2655 2
10849 0
10850 1
4539 1
10853 2
10855 1
10856 2
12732 1
9636 2
10860 1
2670 1
10863 0
5907 2
10868 0
10869 1
10876 0
10878 2
14101 0
10882 0
2691 0
10887 2
7182 0
2699 1
10893 1
10894 3
2703 0
10899 3
2709 0
1817 1
10904 3
2714 0
2715 2
2717 0
2718 2
10911 2
10913 3
2722 1
2723 2
10916 2
10917 1
7183 0
17276 0
2730 1
16839 0
10924 1
10925 1
1821 1
2739 2
2741 2
2742 2
2744 0
2746 0
18207 2
10940 2
10941 0
2750 1
2751 0
2752 0
10945 2
2001 0
2756 2
2758 2
2762 2
2764 3
1826 2
2766 0
2768 1
2769 0
2772 2
2820 3
2776 0
2777 1
8655 2
10973 2
2783 3
16848 2
13196 0
2788 0
2791 2
2792 2
2793 0
2794 3
2799 3
10992 2
2801 2
17824 0
16733 2
2807 3
11002 3
11003 0
11004 2
2813 0
1694 2
2815 0
11011 0
11012 2
11016 0
10028 1
12642 0
2833 0
2835 2
2839 2
2840 0
15840 1
11034 2
2845 1
11038 2
3205 1
11041 2
17695 2
2851 1
11045 2
2854 1
2855 2
4572 0
11053 2
2863 0
11056 0
10427 1
11058 2
11059 0
18419 1
18228 2
2874 0
12767 3
15498 0
2880 2
2278 2
2882 2
2883 0
2884 0
18230 0
11078 2
481 1
7308 0
11082 2
2891 2
2893 0
2894 3
11087 2
483 2
11092 3
2901 0
11094 1
2903 2
2904 1
12772 0
2907 2
2909 1
2910 1
2911 2
2914 1
11109 2
11110 3
11112 1
12628 1
8679 2
12918 0
1853 1
11120 0
2930 0
15507 2
2933 0
2934 0
2935 2
11128 2
11129 2
13464 3
2939 2
11132 2
2942 2
2944 2
11138 2
11139 1
11140 1
11141 0
11143 1
2952 2
12780 1
11149 0
2962 0
2963 3
11159 3
2968 2
2971 0
11164 0
2973 2
2975 1
8828 1
11171 2
18246 2
2984 2
10055 2
2988 0
11181 1
2991 2
2992 2
2009 0
11187 0
15921 2
11191 2
3000 2
3001 2
11194 2
18250 2
11200 1
3010 3
11203 1
3012 2
11206 0
9840 0
3016 1
4192 2
1737 1
11214 2
5965 2
11220 1
3030 1
8697 0
11224 2
3033 0
11226 2
12279 2
11229 2
11230 2
11429 0
3040 2
3041 1
11236 1
11239 2
3048 3
3049 2
3050 0
3052 1
11245 3
12797 1
3056 2
3057 0
3058 1
3061 0
18651 1
7337 0
3648 0
11259 2
15105 1
3072 0
16896 1
3074 1
11435 2
11268 2
3080 2
11273 3
3082 2
3083 1
11276 1
11277 0
12105 2
14833 0
3093 3
17571 1
8708 2
3098 1
5978 0
3102 2
3103 0
3104 0
8014 2
16902 2
3110 2
3118 0
8560 1
3129 3
11323 2
11327 2
18272 0
14289 1
5560 1
3141 2
11334 2
3143 2
11336 2
524 2
15543 1
11340 2
525 0
11345 1
11346 2
10083 2
11348 1
3157 0
11350 1
14180 1
3162 1
16745 0
8720 1
15133 1
3172 2
18503 3
11368 0
3178 1
3179 2
3183 2
3185 0
3187 2
11454 0
11382 2
3191 2
3192 1
379 0
10090 0
533 0
11397 2
11398 2
11457 2
2749 3
11402 0
535 0
13442 2
3213 0
3215 2
3216 2
4632 2
15555 1
3221 1
6770 2
3225 2
10095 2
11421 2
3230 1
11424 3
11425 2
11426 3
12827 1
3236 0
3237 1
11430 0
11432 0
11433 2
3242 3
11463 1
3245 1
11438 2
266 2
11441 3
3250 2
3251 0
11444 2
3253 1
3254 1
11447 0
18292 0
11450 2
11451 1
3261 1
3262 1
3263 2
3264 0
3265 0
3266 0
3268 2
3270 1
545 2
3273 0
3274 1
11468 0
3280 2
3282 0
547 1
3286 1
18297 0
11480 0
3291 2
11484 1
3296 0
3298 1
8742 1
9930 3
17492 1
1917 0
3313 2
3315 2
553 1
3320 2
15572 1
3323 2
8746 2
11518 2
3327 0
18304 0
3330 1
4651 0
11530 1
3287 2
11532 2
3342 1
16941 0
15400 2
11540 2
11544 2
3353 1
3354 2
11547 2
9659 1
3359 3
12848 2
11554 1
3363 1
3658 2
11557 2
11559 2
15580 2
17262 0
11565 1
11568 2
3377 2
3380 1
3382 0
11575 0
3386 3
3387 1
11580 1
8757 2
3392 1
11586 0
3395 1
11588 1
8758 2
11592 0
3406 1
11599 1
11601 0
11604 1
3420 2
7715 0
3422 1
11615 1
3424 3
1205 1
3427 2
11620 1
11622 0
1937 1
8764 1
3435 3
11629 0
11631 2
3440 1
3441 1
3442 0
3443 0
574 0
11497 0
3448 2
3449 2
11648 1
11649 2
12663 2
11653 0
11654 0
3463 2
1605 0
3468 0
4674 1
11662 2
11666 2
3478 2
3479 2
3481 3
11674 0
3488 2
3489 3
3490 2
11683 0
11684 2
12870 1
3495 2
11690 0
583 1
3500 2
7410 2
3505 0
3509 2
3515 1
11709 1
7413 1
3520 2
3521 2
15606 2
588 1
18121 1
9392 0
11724 2
589 1
11512 2
11731 2
11732 0
3541 1
11738 1
16975 1
11742 0
11743 1
11744 2
17849 2
70 0
15037 1
11748 0
3557 2
11750 0
11754 0
3564 3
14576 0
7421 0
3568 0
13485 2
3573 0
11766 0
6057 2
3579 1
3580 0
11773 2
11776 2
3585 2
3586 0
11779 0
3588 0
4661 0
7425 3
10156 1
14372 0
3595 0
11788 2
3601 3
11794 3
11795 3
8480 1
11798 2
11800 2
120 3
11808 1
10486 2
3619 2
3621 2
3622 2
10161 3
11817 0
3628 0
11821 1
3630 2
18355 3
11828 1
8262 2
3638 2
11831 1
11833 1
16991 3
3644 1
11837 0
11838 2
11839 3
11840 0
11841 2
11842 0
11531 1
11844 2
10166 2
11849 0
9669 2
3659 0
3660 3
3661 2
11854 0
11856 3
11857 0
3666 0
3667 2
17755 0
3669 0
3670 0
3671 2
11864 2
3675 1
8805 2
11873 1
11874 1
3683 1
3684 3
11877 2
3687 0
11880 1
13489 0
11887 2
3696 0
12904 2
8317 1
18366 2
3702 2
4713 0
3706 2
4714 1
11902 2
6943 2
3714 3
4715 0
3397 0
8208 0
3720 1
11913 1
15639 1
3725 3
714 1
3727 2
3730 2
3731 1
11924 3
622 0
3734 2
7449 2
4719 0
3740 0
3741 2
3747 1
3748 3
11941 2
17310 1
11944 2
15128 0
15645 3
6088 0
11954 0
11955 0
11956 0
11957 0
18377 0
3769 2
11963 2
3772 1
18057 2
3774 3
3775 2
11968 1
3777 2
3781 1
11974 0
11976 0
3785 3
18381 1
4335 2
12921 2
3801 3
10191 3
3807 0
3810 2
3812 3
7462 1
12006 0
3815 1
636 2
3819 0
12013 2
12925 1
9129 2
3830 0
14292 0
12032 2
12037 2
2535 2
12040 0
12043 0
12053 1
3862 2
18393 2
12058 2
12061 3
12065 0
12066 0
3876 2
12934 0
3879 2
3880 0
12073 1
12076 2
12077 2
3887 2
14314 2
15667 2
3892 2
4494 0
3895 0
12089 1
3901 0
12098 1
651 0
12100 2
12102 0
12103 3
14042 2
652 2
12106 2
12109 2
12110 2
12112 2
3921 2
6115 3
12117 0
15138 0
18404 2
12123 0
12126 2
3935 0
12129 1
12136 2
12139 2
3950 0
12145 1
12149 1
18409 3
3960 2
12153 1
12154 0
3963 2
12157 3
12158 2
3967 3
12161 3
12162 1
12165 1
3975 0
18412 0
12170 2
3979 1
12172 1
15682 3
3982 0
3983 2
3984 1
3985 2
3988 0
12181 1
3992 3
12185 1
3994 0
12187 2
3996 3
12189 0
12190 0
12191 0
12192 0
4003 1
6129 2
16773 2
4009 3
12202 2
4011 2
4014 2
12207 2
3400 0
12211 2
12212 1
4766 1
8863 3
12221 0
4030 1
18421 3
4033 2
4038 0
673 2
12232 2
4042 2
12235 0
4050 1
675 0
12248 2
4058 2
4059 3
12252 2
12253 0
4062 1
4063 2
12257 0
12259 2
12260 1
8046 0
7505 2
4446 3
4074 1
12270 2
4079 0
12272 2
12274 0
1227 0
4087 0
12284 0
12285 0
12286 1
4095 0
12288 0
14321 2
4101 3
6145 2
4107 2
12300 2
12306 2
4116 0
4118 2
12312 0
12313 2
12314 2
17071 2
4124 2
15303 2
4126 0
12319 2
10503 2
4129 0
12324 2
12325 0
8881 2
15708 2
12330 1
12331 2
4141 0
4142 0
4143 0
4144 0
6152 3
4146 0
4148 1
11614 1
12342 2
12344 2
14050 1
15215 0
12348 1
14346 1
17077 3
12630 2
4164 0
3425 2
12361 2
4173 2
4175 2
12372 0
6443 2
4182 3
12375 1
4184 2
12377 2
4187 3
4191 2
12384 1
17052 2
12387 2
4197 2
12390 2
4199 0
4200 3
4201 2
4202 1
4209 3
4212 0
4221 2
4223 0
12416 1
4225 2
4226 0
4229 1
12424 2
12425 1
12426 0
17090 3
4238 0
12431 3
12433 2
12434 2
4245 2
12439 0
4249 1
4252 0
6961 1
12448 1
12450 0
12451 1
4806 1
4262 2
6172 0
12459 1
4270 0
12464 0
12465 1
6689 2
12470 2
12471 0
4280 1
12473 1
4282 0
17098 2
12478 0
4287 0
12480 2
4291 0
4293 1
12486 2
12487 0
4297 0
442 1
4302 1
12495 2
12496 1
11640 2
4307 2
4309 2
12502 2
12503 0
12504 0
4313 2
12506 1
4318 2
12511 0
4320 2
4321 3
12514 0
4323 2
12521 2
144 2
4331 1
4332 2
4333 2
15741 1
4337 2
4338 1
4340 0
12533 2
4342 2
10281 2
4345 2
12539 2
12541 1
4353 2
4354 2
4355 2
12548 0
13014 2
4359 2
12554 3
4363 2
12556 0
4365 2
2093 0
4368 1
17112 0
4370 1
4371 2
4374 2
12567 1
16394 1
4378 0
4380 2
12573 0
12574 3
12575 0
12577 1
4386 3
13019 2
4389 2
4392 1
4399 1
12592 2
11876 1
12594 1
12596 2
12600 1
12602 0
4411 3
5057 3
12611 2
4421 0
4423 2
12618 1
12619 1
4428 1
12622 1
14392 2
12626 2
4435 1
4436 2
4437 3
4438 3
14393 2
4441 1
12634 0
12636 0
12637 1
12638 2
4448 1
8331 2
12643 1
7831 1
742 0
7569 2
12648 2
4457 2
13031 1
12654 0
4463 1
4464 2
17128 3
12660 2
12662 1
4471 1
4473 1
12666 0
16243 1
12669 2
12671 0
12672 3
2112 2
8939 2
4484 1
4485 2
18797 2
4487 2
4241 0
12681 0
4490 1
4491 1
6969 0
12686 2
4495 1
15768 1
4498 2
6211 0
4501 0
12695 3
4504 2
10308 0
12698 2
4507 1
4508 2
4509 1
4511 1
4512 0
12705 2
4514 2
12709 0
4518 1
13041 2
4520 0
4521 1
12714 1
12715 2
4524 1
12717 1
4526 2
4527 1
12720 1
4529 2
4851 2
4532 1
4534 1
12727 1
4536 0
4537 2
12730 1
15775 0
4540 1
12734 0
13045 1
4544 1
12737 1
12738 0
12740 0
12743 0
12747 2
4557 1
12750 2
14413 2
13518 2
760 1
7982 1
12757 2
9523 0
4568 0
12761 2
4570 1
2127 0
12764 0
12765 2
15781 1
763 0
4580 1
4581 1
12774 1
4584 0
12778 0
13394 0
4588 0
12786 0
4595 1
12788 2
12790 0
4600 1
10324 1
12794 3
12795 0
4605 2
10325 1
8960 0
12802 1
4615 0
9196 0
4620 0
12813 2
4622 2
11693 0
4626 2
8963 2
4629 0
4630 0
12824 3
4635 1
12828 0
10330 3
10331 0
12839 0
12841 1
12843 1
4652 3
4653 0
12847 2
4656 1
4657 1
4658 2
4659 2
12852 2
12853 2
4662 0
12856 2
12859 1
12861 2
12862 2
4671 0
12866 2
12868 2
4678 1
6241 1
12872 2
12874 1
4683 0
12878 0
4688 1
12881 0
6430 0
12883 1
15525 2
2377 0
4698 2
4699 1
4700 0
12893 0
4705 1
4707 2
4708 1
4709 1
4712 2
12905 3
12906 2
12907 0
12908 0
7522 2
12910 2
15805 2
4721 2
4726 1
12919 1
4728 2
4729 2
4733 2
13077 2
12930 2
12932 1
4741 1
4742 1
18707 1
4745 1
12942 2
6253 2
4752 1
12945 2
12946 1
4755 1
4757 2
4761 0
6255 2
4764 0
12957 1
12958 0
4767 1
12960 2
4771 2
4773 2
4776 2
4777 1
12971 1
4781 1
8989 1
4784 1
4785 0
4788 3
12981 1
4792 2
4793 1
12987 1
4796 2
7626 2
12991 0
12992 0
4801 1
3531 0
4805 1
12998 1
4807 1
4808 1
13001 1
13002 1
4811 3
10253 2
4813 1
4814 2
4815 2
4817 2
13010 0
4819 1
13012 1
4822 0
4825 2
4826 1
4827 1
13020 0
4830 0
4831 1
4832 2
13027 0
13028 0
13030 2
4839 0
4840 0
16528 1
13037 1
13040 2
9000 1
13042 2
13043 2
4853 0
4854 0
13051 2
4860 2
13054 1
13055 1
13056 0
9982 1
4866 0
13059 3
13061 1
13062 0
162 2
4874 2
4877 2
4878 0
813 1
4882 1
13075 2
4885 1
10372 1
4892 0
14217 2
4898 2
13092 1
4901 0
13094 3
4904 0
4906 3
6710 1
4908 1
4909 0
4911 2
13107 0
4916 2
4917 0
13110 1
4920 0
13108 0
4924 2
13118 0
4927 2
4929 0
13122 1
13123 2
4932 0
9014 3
4935 0
14476 0
13131 2
7677 3
13133 2
13136 2
13112 1
4948 2
13143 0
13144 1
13145 1
13146 0
13147 1
13150 3
4959 0
4961 1
4962 0
9019 1
13159 3
13160 1
4974 0
5925 2
13169 1
4979 1
13532 0
13174 0
13175 2
18715 3
4986 2
4987 0
4990 2
13184 1
4993 2
13188 0
4997 2
1888 2
1803 0
13195 0
712 2
13198 1
13199 1
2200 1
13202 1
13204 2
5013 3
13207 1
1288 2
13209 2
13210 2
15855 1
5021 2
16534 0
13215 3
13216 0
16291 2
16807 1
5030 2
5035 2
5037 2
5043 2
5044 2
13237 1
5046 2
5047 0
13240 2
2623 0
13244 2
13245 2
5054 1
13248 1
18592 0
13250 2
10401 2
13256 1
13257 2
13259 2
13260 3
18594 2
845 1
5072 3
8625 2
13266 1
5076 1
5077 1
13271 1
15172 2
2212 1
5082 2
13275 2
13276 2
5086 1
5087 1
10535 2
13282 2
13283 2
18598 2
13287 2
5096 1
13290 1
10407 2
13292 0
13295 1
5105 0
13298 1
13301 2
13302 1
13303 2
13307 1
5116 3
10410 2
13310 1
13311 2
5121 2
5122 2
13315 0
13317 0
12173 0
10412 2
5131 2
7682 2
2221 0
13329 2
5138 0
3587 1
13332 2
13334 0
5146 0
13339 3
9145 0
5151 0
2224 3
13346 2
13348 1
13349 0
14513 2
860 3
5165 0
5166 1
5167 1
13360 2
5169 1
13363 2
13364 3
13366 0
13367 3
6608 2
13371 3
5180 0
5181 0
10421 2
5185 0
5186 0
5187 0
12175 2
5189 3
13153 2
5192 3
10423 0
5196 2
13390 2
1071 1
13392 0
5202 3
5211 2
5212 1
5213 0
5214 2
4538 2
5218 0
5219 1
13413 2
5222 0
2236 2
13418 1
13419 1
6333 1
5232 3
13427 2
13429 1
13431 2
5240 0
13433 2
13435 2
5244 0
14632 2
5250 1
13443 1
14905 2
13446 3
5255 0
5258 1
13451 1
5265 2
13458 0
5267 0
16815 2
8873 2
7705 0
5272 0
5273 0
10814 1
5277 0
5278 3
13474 0
13477 2
5286 2
13479 2
8905 2
14535 1
6309 0
5293 2
15901 1
9178 1
5297 0
5298 1
13494 3
17268 1
5306 1
13503 2
5312 0
5317 0
5318 0
13511 2
13512 1
13513 0
13514 2
16544 3
5326 0
13519 2
13520 2
13521 0
15907 1
5332 2
5335 1
5336 1
5337 1
5338 0
5339 1
5340 2
2702 2
5345 2
5348 3
13541 2
5351 0
13545 3
11815 1
13551 2
5361 2
14547 3
13557 0
13559 2
13561 1
9087 3
5372 2
13565 2
5374 1
13569 2
5378 2
13572 2
5381 2
9089 2
13578 2
898 2
14552 2
13586 0
13587 2
13588 2
11822 0
5398 0
5399 3
9092 0
11091 3
13596 2
17712 1
5406 0
9093 1
13602 2
13603 0
3999 0
13605 2
13607 2
13610 1
5419 2
5422 2
5423 0
13616 2
18457 1
13621 2
13622 2
13626 3
13627 2
5437 2
5438 0
13631 2
13634 2
5444 2
7734 2
13638 2
6369 1
13641 2
11911 0
13646 1
13647 2
12184 2
4237 0
910 1
5463 1
5465 2
13658 2
5467 0
5469 1
5477 0
5478 0
1819 0
5481 0
13674 0
13676 0
5485 0
5486 2
7741 0
13680 0
5490 1
13683 1
5494 3
5495 3
5496 2
5497 2
13690 2
13691 2
16679 1
14430 3
13695 2
5504 0
13697 2
13698 1
6379 1
13004 2
17302 2
13703 1
5513 2
13707 2
17096 1
15938 0
13710 2
13711 2
920 2
18733 2
13718 2
921 2
13720 2
5529 1
13723 2
13726 2
13727 1
9186 2
5538 0
13732 2
5545 1
5548 2
5550 2
5551 1
5552 1
5553 2
18675 0
16279 0
13749 0
5095 2
2640 2
5561 2
5562 1
5564 1
5565 1
13758 0
13759 0
5568 3
5024 2
18095 0
5573 0
13766 0
5025 2
5576 1
13769 0
5579 2
5580 1
5581 2
5583 2
13777 3
5587 1
5588 3
13781 1
5590 3
5593 0
13788 3
13791 2
3664 2
13795 1
7184 0
5609 2
5612 2
5613 1
13806 1
11371 2
5622 0
13815 0
3668 0
5626 3
5630 2
13823 1
13824 0
5633 3
5636 0
5637 1
13830 0
5639 2
3461 0
5641 0
13834 2
13836 2
18690 1
5646 2
5648 1
5653 1
13847 0
5656 0
5657 1
5658 3
943 0
7770 3
9136 2
5666 0
16261 1
5670 1
17329 3
5673 3
2371 2
13867 2
10009 0
13828 1
13872 1
947 2
5685 2
5686 2
13879 2
13884 2
5698 2
5699 0
13896 0
5706 0
17335 0
13900 0
3682 2
5712 0
5713 2
5716 0
5719 1
5720 2
13913 0
9465 1
5930 2
3685 2
13927 1
13930 1
16023 1
13933 0
5742 1
3688 1
14611 1
13941 0
5751 2
420 1
2324 2
12718 1
5758 2
2325 0
13952 1
4863 1
13954 1
5763 2
5767 0
5771 1
8549 0
2472 2
1601 1
5776 2
5777 2
5780 1
13975 1
13978 2
5787 0
5789 0
5791 1
5794 1
10523 2
5798 2
5800 1
13993 2
5803 1
13996 1
13997 0
13998 1
5807 1
5810 0
14003 2
14004 3
5813 2
5814 2
14007 1
14009 2
5818 2
14011 3
14014 0
5823 2
14017 3
5828 0
12532 2
5831 0
14025 1
14027 1
5836 1
5837 0
5839 2
5841 1
5843 2
14036 1
5845 0
14038 2
14041 2
5850 2
7802 0
8495 2
10533 2
5858 2
5859 2
5860 2
5862 2
5865 1
9313 0
5870 0
5871 3
14064 0
14065 0
14066 3
14067 0
14068 0
5879 2
14073 0
6442 1
9173 2
5888 2
14635 0
14084 1
5893 1
5894 0
14087 3
5896 2
14090 2
17367 1
14095 2
13272 0
18775 1
16003 2
5908 1
5909 3
14103 1
5913 1
11005 1
10543 2
5916 1
14109 3
803 2
14111 3
14640 0
5922 0
17414 0
1561 2
14117 2
5380 1
5927 3
5928 2
14122 3
1834 0
14127 2
14128 2
8932 0
17170 3
14133 2
14134 0
5943 0
14137 2
14138 1
14139 1
5948 2
14142 3
5951 0
14149 1
17061 2
16838 2
5961 2
14155 3
14157 2
18475 0
14166 2
14167 0
14168 1
14170 1
14171 0
13515 1
2362 2
5982 2
5983 0
14177 2
18175 1
14651 2
5988 0
5989 2
5655 2
14186 2
14187 0
14188 2
14189 0
14190 2
14191 2
749 0
14194 2
6004 0
14198 3
14200 3
11384 2
14202 3
6011 2
14205 3
7829 1
10560 0
6018 1
14212 2
6022 2
6025 2
6026 2
14219 0
14221 0
14222 0
7293 0
14224 1
14226 2
14227 1
7566 2
5111 3
14234 0
6044 3
6045 1
14239 0
6048 1
14242 0
6051 2
6053 1
14247 0
14249 0
6059 1
14252 0
14253 2
14254 2
14255 0
6064 2
14257 1
1011 3
6068 2
16030 2
14262 2
6071 2
6073 2
14266 0
9204 0
13023 2
14271 0
6080 1
14274 2
6087 3
14280 0
14282 1
17399 2
6094 2
14287 1
6097 3
6100 2
14293 0
14294 0
9209 1
6104 2
6107 2
17062 0
14302 2
6112 0
14305 0
14306 1
14307 2
14309 0
14310 3
6122 2
14317 0
13309 1
3752 3
14322 2
14323 2
6135 2
6136 2
2388 2
6138 0
6139 0
6140 2
1841 2
14335 2
14337 1
14341 1
14344 0
6154 2
14347 2
6156 0
6158 2
6159 2
14352 2
14680 2
12316 2
6164 2
14357 2
14359 1
14360 1
6169 2
14362 1
14364 1
14365 3
6174 2
14367 1
6176 1
14369 2
6179 0
6180 3
14373 1
6182 0
14375 0
6187 2
14380 0
3762 1
16517 1
14386 2
14387 2
6196 2
14389 2
14391 0
6200 1
6201 2
17418 0
6206 2
6207 2
17610 2
14403 0
6213 2
14408 2
6221 1
10300 2
14420 2
6231 2
6235 2
7866 2
7952 0
9755 0
14433 2
6243 0
14439 2
6248 2
17666 2
6251 2
14444 2
17426 2
6254 3
14447 0
6257 1
14453 0
6265 3
14458 2
7871 0
6269 1
14464 3
14465 1
6277 2
10604 3
6282 2
6284 0
10605 1
17336 2
6289 0
15863 2
14489 1
6298 1
14491 1
14940 0
14497 0
14498 2
1051 1
14501 0
14502 1
10609 0
14504 2
4029 2
6315 0
2938 2
14510 2
6319 1
14512 1
1847 0
10363 0
17609 1
4952 2
4575 2
6329 0
6330 2
6331 2
6332 2
14525 1
2393 3
6335 0
14530 0
14533 2
9249 0
14123 1
14538 2
6349 2
14546 0
6355 3
6356 1
14549 2
6360 3
3791 2
10618 2
6367 2
6368 2
3792 0
6370 2
10619 0
14564 0
17282 3
6378 1
14571 2
14572 0
16082 2
6384 0
6385 2
6386 1
6387 2
18814 2
9257 0
14718 2
6393 2
14586 2
6398 3
6400 2
14593 3
7020 2
6407 2
14604 2
14607 2
14608 2
6418 0
6419 2
14612 0
9761 1
6424 0
6425 3
6426 1
9263 1
6429 1
14622 2
14624 1
14627 2
14631 2
6440 1
14634 0
18218 2
2917 0
6446 2
4579 3
6448 1
10632 1
5171 1
14644 1
261 2
14646 1
14647 2
6456 1
14650 1
4571 0
14655 3
6466 2
6467 2
14661 2
14662 2
14664 1
14666 2
14668 0
14672 1
14673 2
14676 0
6488 2
14682 2
1082 2
3813 0
6497 0
14690 2
5179 0
6500 3
3814 1
10641 1
6504 2
6506 2
14699 0
13373 2
7912 0
14706 0
14707 0
17470 0
14710 2
13713 2
6520 0
6521 0
6522 2
6523 2
14716 1
14717 1
17948 2
6527 1
16857 1
14724 2
14726 1
6536 0
4582 2
14730 1
14731 2
14733 1
17403 1
14737 2
14742 2
14743 2
6553 0
14750 2
14751 2
14755 1
9143 1
14761 1
9287 0
6576 2
6577 1
14770 1
14777 2
14779 2
14780 2
10585 0
6592 3
14787 0
14789 2
14791 2
6600 0
14793 1
11131 1
14798 2
14800 2
6609 0
11404 1
5063 2
14804 2
14805 2
6614 2
6616 1
6617 2
6619 2
6620 2
6621 2
14405 1
14815 2
6625 2
6626 3
14820 2
2470 2
6630 3
14823 3
6632 2
14951 2
14828 0
14829 2
7933 2
6641 0
14835 0
6646 1
6647 2
6648 2
9300 1
14844 2
14845 0
14847 0
14848 1
14851 2
6662 2
1790 2
6665 3
14863 1
14864 2
9304 2
7860 0
14868 2
6679 2
14873 2
14874 2
6683 2
14876 2
14878 2
14879 2
4258 1
14768 0
6690 1
17499 2
6692 2
4027 0
14886 1
6695 3
6697 2
14892 1
6701 1
6702 1
6703 1
6707 1
6708 1
6709 0
14902 2
14903 2
14904 2
14120 2
17503 2
6718 2
6719 1
14912 0
1120 3
6722 2
6723 1
6724 2
6725 0
18773 3
6727 2
17682 0
6734 3
14927 1
6736 0
7950 0
14937 3
6747 2
6748 2
14943 1
14945 1
16818 0
2407 1
10045 1
4573 1
14952 1
14953 3
17565 0
14959 0
18427 3
6771 3
14965 0
14966 0
9418 1
14971 0
14972 2
14975 1
14978 3
6788 1
14981 1
14983 2
6792 0
10319 3
6796 0
14989 0
6798 1
14992 0
6595 0
14996 2
9326 0
6806 0
17139 0
15001 1
15002 0
15004 2
15005 1
6816 1
15009 2
6823 0
15017 1
15020 0
6829 1
6830 2
6834 0
17140 0
6838 1
6839 3
16049 1
15034 2
15035 3
6845 0
18777 3
6848 0
15042 2
6851 1
15044 1
6853 0
15048 2
2508 0
6859 1
6860 1
15053 2
6862 3
15055 2
6866 2
6867 1
9211 2
6869 1
18505 2
6871 0
12068 0
15066 2
15067 2
15068 2
15069 2
12069 1
15072 0
6881 2
15075 2
6884 0
7867 1
15078 2
15079 3
6888 3
6890 1
6892 2
15085 2
15086 2
15087 2
14803 2
6900 1
3881 0
6905 1
1151 1
6908 2
15101 1
15102 1
8959 0
6913 0
15107 1
6916 0
15109 1
10998 0
1153 0
6920 2
6921 0
6922 1
6923 0
6925 0
6926 3
15119 0
6928 1
6930 1
6931 2
15124 3
6933 3
10713 2
6936 1
15129 1
15131 1
6941 0
15134 1
15135 2
15137 3
6946 2
14811 2
15140 0
15141 1
6951 0
15144 0
15145 0
6955 0
4596 1
4690 0
9352 1
16179 3
6965 2
6967 2
15160 1
12084 1
15162 1
16125 2
9354 1
6102 2
15167 2
15170 1
6980 1
15177 2
6986 2
6989 1
6993 2
6994 1
6996 2
15189 0
3047 0
15191 2
15192 0
15193 1
15194 2
7004 2
15197 2
7006 2
7008 2
8144 1
153 1
7015 2
7018 1
15211 3
15212 3
7021 3
7022 3
7023 1
14824 3
7026 0
15219 0
15220 2
15223 0
15225 1
15228 0
7038 0
15231 0
15232 1
16192 0
7042 0
15236 0
17558 1
15238 0
15240 0
15241 2
9367 0
7052 1
15245 2
7054 1
18747 1
7056 2
15249 2
15250 3
7059 2
16741 2
15254 3
15255 0
8004 2
6639 2
15260 2
7069 0
15264 2
15265 1
15266 1
5275 1
7076 1
7077 2
15270 0
2545 3
15275 1
15276 2
7085 0
15279 2
7088 0
15283 0
15284 1
7093 0
15286 1
16201 1
15289 3
7098 2
10602 2
10741 1
9376 0
8011 1
14838 1
17569 2
15304 2
7113 1
7114 2
7116 1
1186 0
15311 2
7120 2
15314 0
7123 2
15316 1
15317 1
15318 2
14841 2
7129 2
8148 0
7134 1
9381 3
15329 2
7138 0
7139 0
15333 2
7142 1
13604 0
10748 2
2557 0
15342 0
6653 1
8967 1
1192 2
7155 2
15350 0
7164 2
15358 2
16213 0
7171 1
15368 3
7181 0
15374 0
17581 1
15376 3
15377 2
7186 3
2563 2
7188 2
7189 2
7194 2
5295 1
15390 0
13414 2
18516 2
7201 1
15395 0
7206 2
7207 0
7208 2
1202 1
7214 2
7878 0
17971 2
7219 3
15413 2
7222 0
7225 0
7227 2
15420 0
2150 2
7230 2
17589 0
15425 0
15428 2
9398 1
15433 1
7244 0
7246 2
15440 1
15444 2
13497 1
15448 2
5405 2
15457 2
15460 0
15461 0
10769 0
15472 2
15473 0
7282 2
212 0
15479 0
17155 1
8426 2
15485 3
15486 2
15487 3
15488 3
13504 2
15490 1
15491 1
15496 0
7306 2
15500 2
15503 2
15505 0
18247 2
7315 0
7316 2
15509 1
15511 0
7323 0
15517 1
15519 1
15521 2
15522 1
5154 2
7332 2
244 3
7336 0
17975 2
15530 0
15531 0
15533 2
15539 0
15540 2
7349 2
5321 3
1063 2
2591 0
5322 2
7363 0
7367 2
4636 0
15562 0
7372 2
15565 1
7374 3
3246 2
15570 0
6691 1
7380 0
15573 0
15574 0
14884 2
7388 2
15582 0
7391 1
15584 2
5328 0
8059 3
15589 2
15595 1
7405 2
7407 2
7408 2
15602 2
15603 1
15605 1
17432 2
10793 0
15608 1
13524 2
15612 1
15613 1
15614 0
1237 2
15616 0
15617 2
5123 2
1686 2
15627 1
7440 2
7441 0
15634 0
15635 1
2606 3
15638 2
7447 2
7448 2
7613 0
7450 2
15644 1
7453 1
3973 1
18053 2
1468 2
7461 1
15654 2
15655 2
15656 0
15657 2
15658 2
7467 2
15662 0
14899 1
15668 1
15669 1
15670 3
7479 0
15672 1
7481 1
15676 0
15677 1
14901 0
7488 2
7489 2
7490 3
7491 2
15684 0
7493 2
7496 0
7497 2
7500 2
15693 0
15694 1
15695 0
15696 0
6712 2
7506 2
15701 0
2617 1
15704 0
15706 1
15707 1
7516 2
15711 2
15714 1
15715 2
15716 0
15717 0
15719 1
9296 3
15721 2
17639 1
7532 2
15725 0
7534 2
15727 0
15728 1
9448 0
7541 1
1257 0
7544 2
7545 1
7547 1
15740 1
7549 2
15744 2
15745 2
15746 0
3252 3
15748 2
15749 1
7558 0
14913 2
15752 1
7561 2
13705 0
7563 2
15758 2
15759 3
15760 0
15761 2
15764 0
15765 2
7576 2
14916 0
15773 2
7583 3
15776 2
15778 0
7589 0
17649 1
8938 2
7593 2
15787 3
15788 1
1266 0
15790 0
16285 0
16061 1
10346 3
15798 1
17652 1
7611 1
7612 1
6730 1
15807 2
16288 1
7618 0
7621 0
15814 1
15818 2
7627 0
15820 1
15823 0
15825 0
15827 3
7636 0
17657 0
7640 3
7641 0
15834 1
7646 2
15839 1
17167 2
7649 2
15842 0
332 2
15847 1
15850 2
15852 2
15854 1
7663 2
15859 1
15862 2
8105 2
15864 0
15866 1
7676 0
801 2
15872 3
15874 3
15875 1
15877 0
15878 2
17665 2
7689 2
15882 0
15653 0
7693 2
7694 1
7695 2
15890 2
7699 2
15892 1
12206 1
15894 1
15895 0
12678 1
9476 2
15898 2
15899 1
7709 3
15902 1
17669 2
7714 0
17442 3
9478 2
15911 3
7721 2
8986 2
7724 3
16624 2
7726 0
2653 3
7728 2
17672 0
4019 1
7732 1
15926 0
7737 1
7738 2
15931 0
17674 2
7743 2
7746 2
7747 2
6753 0
8119 0
13581 0
10851 1
13185 1
17678 1
7766 1
15959 1
15962 0
15963 2
7772 1
15966 2
6757 0
15969 0
7778 0
7779 2
7780 0
15973 2
7783 0
10581 0
15978 3
15979 1
15980 2
7789 2
15983 2
15984 0
2664 0
7794 2
7795 0
7796 3
15989 2
15994 2
15997 1
7806 1
15999 1
16000 2
16002 2
7811 0
16005 1
11836 0
16008 0
11717 2
7819 3
16014 2
16015 1
7825 0
16018 1
6306 1
10862 0
9497 0
7832 3
543 2
16026 2
16027 1
13594 3
7838 2
16325 0
16034 2
7843 1
7844 0
16037 1
16041 1
16043 2
7852 3
16045 3
16046 0
7855 3
16048 1
7857 0
16050 3
16052 0
16053 1
4744 1
16058 0
16059 0
16060 2
7869 2
7870 3
16063 1
16064 2
7873 1
16066 1
16801 0
16073 1
7882 1
16075 1
16076 2
7887 0
10901 2
16081 2
7890 2
17699 2
13629 1
7895 1
16088 1
7897 2
16091 2
7900 2
16093 2
7903 3
16097 1
16098 0
6810 1
16104 0
16106 2
16110 2
4984 2
16115 2
16117 2
7927 1
16120 1
16340 0
16122 1
16123 1
7932 2
8993 0
16127 3
16129 1
1323 0
16132 0
16134 0
16136 1
16137 1
7947 2
16142 1
16143 2
16144 0
16145 0
16147 3
7956 2
13614 2
16151 1
7961 2
13615 1
16156 2
16157 2
16159 0
5424 0
16162 3
7973 0
7974 0
7976 0
16348 2
16251 2
7979 2
16173 3
16174 3
16175 3
7984 3
7986 2
17715 0
16180 0
16181 1
16183 2
15269 1
16186 2
7995 2
16188 3
6794 2
7998 3
16191 1
8000 0
8001 1
16196 1
16197 0
16198 0
8007 3
16200 0
8009 2
16202 0
1335 2
16204 1
16206 0
16207 0
8723 1
16210 3
17725 0
8022 0
8024 0
16217 2
1669 1
16220 2
8029 3
16223 2
8033 3
14327 2
9536 0
16228 3
8166 2
16232 0
9532 3
8044 1
16238 3
1341 2
16240 1
8051 0
16244 1
8054 2
12265 1
16248 2
8058 1
17727 1
8179 2
17728 0
12656 0
8069 2
16262 1
16263 2
8072 1
16265 1
16266 2
16276 1
16277 2
6809 0
10906 2
11999 2
5445 0
8096 2
10907 1
16292 0
5446 1
6812 1
8109 2
16304 2
6612 2
16306 1
8115 2
5619 1
1353 0
16312 2
8124 0
5946 0
8126 0
8128 2
16321 0
9547 3
8133 1
8135 3
16331 1
8140 1
16333 1
8142 3
16336 3
8145 1
8146 2
11893 2
8149 2
8152 3
2724 1
8154 3
1359 1
8156 1
16350 2
16356 0
8165 2
16358 2
8168 2
8169 2
8170 2
16366 0
16367 2
16368 1
16369 0
18167 1
1363 2
13093 1
8182 2
16375 0
16376 2
16379 2
16380 0
16381 1
8190 2
