16386 2
16389 0
10924 1
8202 0
13655 1
16396 1
16397 1
16 0
8209 0
8210 0
8211 0
16404 3
8214 1
1369 2
16408 0
16411 1
29 0
16415 2
32 0
8226 2
8229 1
16424 1
41 0
8236 3
45 1
16431 2
16433 2
16434 2
16442 2
16445 2
16446 0
65 1
66 1
8203 0
68 2
69 1
70 0
16456 2
73 2
74 0
76 2
16462 0
16469 1
87 3
88 2
8288 2
8289 2
98 2
6843 2
16484 1
13670 2
1383 2
8302 2
16495 1
112 3
8305 0
114 0
10915 2
13673 2
120 3
122 3
16509 1
8319 0
8320 0
129 3
132 2
133 2
16519 0
136 0
16522 1
139 3
15042 2
8335 0
8336 0
8337 0
6851 1
151 1
8344 1
156 0
6853 0
11462 0
8353 1
163 2
16549 2
16550 1
8363 1
173 2
177 1
178 0
16566 3
186 2
192 2
8385 0
16579 0
16580 0
16581 1
8391 2
8392 2
201 1
202 2
203 0
16589 3
16590 3
8400 0
209 2
16594 2
16597 0
214 0
8407 2
8413 2
37 0
8418 2
8419 0
16612 1
16613 2
230 0
16615 0
16616 1
233 2
8426 2
8428 0
1405 2
8432 1
16628 0
246 0
16631 0
16632 2
16633 0
16636 2
253 2
16638 0
16640 1
16643 2
16645 1
16646 1
263 2
264 0
266 2
8460 2
271 2
16658 0
16659 0
8468 0
8473 2
8478 0
287 2
16672 0
8482 0
8483 0
292 0
8485 2
16678 1
8488 2
8491 3
16686 1
16687 1
305 2
16691 2
16693 1
16694 1
16697 2
16650 0
8510 2
319 2
8512 0
8513 0
16706 1
8515 2
324 1
328 0
16713 0
16716 0
333 0
16719 2
16721 1
8530 3
16723 3
16725 1
344 2
8539 1
349 1
16734 1
8543 3
353 2
16740 0
8549 0
16742 1
359 3
360 2
9495 1
365 2
61 1
16753 2
11469 2
8564 2
16757 0
376 2
379 0
16765 2
8574 0
383 0
384 1
387 0
8580 0
394 2
8587 1
16781 0
400 0
405 0
2750 1
408 0
16452 1
410 2
16796 3
416 0
420 1
424 0
17820 0
8619 3
8621 0
16814 2
9629 1
8264 0
16818 0
8628 1
8629 1
8265 0
8632 2
16829 1
446 2
8640 0
16833 2
450 1
454 2
455 1
16460 2
16842 1
16843 3
461 2
16846 1
16847 0
8657 2
8659 0
16852 1
16854 2
8665 2
16860 0
16862 1
8671 3
16865 0
16866 1
8675 2
1446 2
16871 0
16873 1
16874 0
16878 0
8687 2
496 2
16884 1
8693 2
502 2
504 3
8697 0
16894 0
85 0
16897 2
16898 2
2150 2
521 0
8714 1
524 2
525 0
8719 3
528 2
16472 1
8725 1
538 0
8732 1
3564 3
16926 2
543 2
17476 0
16929 2
8739 3
16932 3
16935 2
16937 2
8746 2
16939 1
558 1
8756 2
8759 1
568 0
8761 1
16956 1
574 0
576 2
8771 3
16965 0
8775 0
584 2
8777 0
8780 1
8782 0
591 1
16977 0
8787 2
16980 2
8790 0
17849 2
16985 1
603 1
8796 0
16989 1
606 0
16485 0
8800 1
611 1
8804 1
8805 2
8807 2
8809 0
8810 2
17005 1
8814 2
623 2
8819 1
17013 2
17014 1
17015 0
633 2
8826 0
13759 0
17021 0
17022 0
8832 2
641 0
8837 0
17030 1
8841 2
8842 2
653 2
17041 1
658 0
17044 0
661 1
663 2
664 0
17049 1
8860 1
8862 2
17055 2
672 0
674 0
17059 0
8868 2
17061 2
17062 0
679 0
680 0
17065 0
17066 2
17067 1
685 1
17074 1
693 2
17079 2
6943 2
17085 0
8309 2
8898 1
8899 0
709 1
17094 1
8904 1
713 0
714 1
17099 2
17100 0
717 0
8911 1
17104 0
6947 3
730 2
17119 0
8929 2
17122 0
17125 2
8208 0
744 2
8938 2
8939 2
749 0
7390 0
17137 2
8946 0
13937 1
8952 2
17147 0
8956 2
8957 0
766 1
8959 0
8960 0
17153 0
773 2
774 1
844 2
779 0
17167 2
784 0
17169 0
786 0
787 2
790 2
17176 2
8986 2
17180 2
8991 2
8992 3
8993 0
8995 2
17188 2
8999 0
9000 1
17193 2
17202 0
11059 0
9694 0
825 2
9018 2
17211 1
829 1
6965 2
9024 2
9028 0
9029 0
17225 0
9034 0
17227 1
9036 3
17234 3
17235 0
9044 0
9046 1
856 0
18032 0
17242 2
16527 2
860 3
861 2
862 0
863 0
17249 0
9059 0
17252 2
17254 1
17255 0
873 1
9068 0
17262 0
879 2
880 0
882 0
883 1
888 2
889 0
9082 2
17275 0
17276 0
17279 0
9088 3
17281 0
9092 0
9095 2
17289 1
17290 2
8343 1
6978 0
910 1
9103 2
17297 0
9107 0
17300 1
9109 3
17302 2
920 2
921 2
17306 2
17308 2
9117 2
17310 1
17311 2
17317 1
12579 0
17323 0
9132 2
17325 1
9136 2
17336 2
953 2
17338 1
17343 0
961 1
17346 0
9155 2
17348 0
17350 0
17351 1
9162 1
17359 0
9169 0
8355 0
17365 0
17368 1
988 0
17376 0
9186 2
9188 1
17381 2
1002 0
9196 0
17391 0
9201 0
17395 2
17396 2
17399 2
9209 1
9210 1
9212 1
9216 0
1027 0
9224 1
7945 2
9229 1
1038 0
8365 1
1040 0
9234 2
9238 0
17431 3
14765 0
1051 1
17925 0
1057 0
5638 0
12465 1
9257 0
17450 1
9262 2
17455 0
9264 1
9269 2
9270 2
11103 0
1084 0
9277 0
9279 2
17472 0
1089 3
17474 2
1092 0
17477 1
9286 0
17480 2
1098 2
1100 0
17487 2
9297 0
1107 1
9300 1
9742 1
9307 2
9308 1
9310 0
11109 2
17504 2
9313 0
17506 2
9316 0
17509 2
9318 0
9319 2
9321 0
17138 1
3311 1
17520 1
1137 0
9336 2
17529 1
8740 2
17532 2
1150 2
9343 2
17541 1
193 1
9352 1
9353 0
9355 3
9357 1
17550 2
1173 2
1174 2
17563 2
17564 2
9376 0
17569 2
17570 2
9379 1
1189 2
17574 1
1192 2
17577 1
17578 2
16583 2
1196 2
17581 1
9392 0
200 0
9396 1
9397 2
9398 1
17593 2
17594 1
1211 3
1213 1
1218 2
9411 2
1221 2
9414 0
17609 1
17610 2
1227 0
17612 2
17613 0
1235 2
9428 2
17623 1
17625 1
1242 3
17628 2
17631 0
1249 0
1250 0
1251 1
1253 0
9446 1
17639 1
17641 1
17642 1
9452 2
17645 0
1262 2
2941 3
1264 3
17960 0
1266 0
17651 0
1268 0
9461 2
9462 2
17655 3
17657 0
17660 2
9770 1
17662 2
9471 2
17664 0
17665 2
17666 2
17668 0
8406 1
17670 0
1287 1
17228 0
9863 2
9486 3
1297 0
9491 0
9492 2
9494 1
1303 1
17689 2
1307 0
17695 2
1313 3
1314 1
9507 0
9508 0
1319 0
1321 2
1322 2
17707 2
17502 3
17711 1
9556 2
9523 0
17719 1
9528 1
1338 1
9531 2
1340 2
17725 0
17726 2
17727 1
1344 0
17737 2
17738 0
1355 1
9548 0
18867 0
1360 1
9555 1
1364 3
2958 2
1366 0
9785 2
17753 0
17755 0
17756 0
1375 2
1377 2
17762 2
16614 0
17767 1
1596 2
9578 1
1387 1
9580 1
17774 1
1391 0
17776 3
8424 2
17779 2
17780 1
9590 2
9592 1
9593 2
9595 2
9597 2
9599 0
1408 0
17793 1
17794 1
17795 1
9611 2
1420 0
9615 2
1425 2
9618 0
1430 0
9625 0
1436 1
13414 2
1438 1
17824 0
17827 1
1444 2
9637 1
9638 3
9639 2
9642 0
9645 2
17840 2
10523 2
17842 2
9651 1
1460 3
1464 2
9657 0
17852 2
17855 2
17858 0
9669 2
1478 1
15265 1
9673 1
1482 1
1483 2
1486 0
9679 1
1488 1
17878 0
17879 0
9690 2
1502 0
17893 0
9702 2
17895 0
17896 1
17899 0
9718 3
9720 1
9722 2
9724 1
17917 1
15054 2
12599 2
1538 2
17924 0
9814 0
1542 2
9735 0
1548 2
1549 0
17934 2
1551 2
4355 2
14413 2
1559 0
17944 1
1561 2
1562 0
7087 1
17948 2
17949 2
261 2
17952 2
14795 1
17959 2
14237 0
5508 2
12551 2
17964 0
14510 2
17968 0
2995 2
9781 1
9782 2
1591 1
17977 2
17979 2
17980 0
1597 1
9792 2
17985 2
1605 0
17992 2
17996 1
1613 2
1616 0
3000 2
9810 2
9812 0
1622 2
9817 2
9820 0
18013 0
18015 2
1636 0
1639 2
1640 2
1641 2
18027 2
18028 1
8466 0
9838 1
9839 0
9840 0
18033 0
12563 2
18036 2
1653 2
18038 2
18041 0
1661 1
1662 2
18052 0
1671 1
18056 0
9865 3
1674 2
9867 0
1677 0
18064 3
9873 2
9874 0
18067 0
9876 0
1685 2
9878 3
1694 2
1697 0
18082 0
18084 0
1703 1
18088 2
1707 0
9900 2
1711 2
1712 1
1717 2
18104 0
1721 2
9915 2
18108 0
18110 1
18111 1
18118 1
1736 0
18121 1
18122 1
1740 0
18126 0
1746 2
16675 0
18132 1
18133 2
1750 1
1751 2
18141 0
18142 1
18143 1
1760 0
18145 1
1762 0
1763 0
8486 2
9958 0
1767 2
1768 1
9961 0
1771 1
18156 1
8788 2
296 0
1779 0
18165 0
18166 0
7124 0
9981 2
1790 2
18178 1
3030 1
1803 0
1805 3
3032 2
18195 1
11225 0
18201 1
1819 0
10012 1
6880 1
10014 1
18207 2
10019 3
18214 2
18216 2
18218 2
10027 2
1836 1
18221 2
1839 2
18224 0
18225 2
10035 2
10036 2
10038 2
1847 0
18232 2
18233 2
10043 1
18236 3
9866 0
10047 1
1857 2
10053 1
18250 2
62 2
1872 0
18259 1
1878 0
18264 1
6882 3
1882 0
18269 2
1888 2
18275 1
18276 0
10088 1
10090 0
3047 0
18284 1
10096 0
1905 0
18291 0
1911 0
10105 0
1918 2
18304 0
6065 2
1924 2
1927 3
18312 1
1929 0
1932 0
10125 1
1934 0
18319 0
10129 2
16707 0
10132 1
1944 0
1945 2
1946 0
1947 1
10141 0
18334 1
10143 1
10146 2
10149 1
1960 1
10154 0
10156 1
1965 2
1968 0
18353 0
1970 0
1971 2
10164 2
1976 1
1978 0
18363 1
18615 1
18366 2
18367 0
18368 2
17962 1
10179 0
1988 2
1992 2
332 2
10189 1
18385 1
18387 2
10196 1
2006 1
2008 2
10201 1
18397 1
18400 0
18401 1
18404 2
10220 0
18414 3
18415 2
10225 0
18419 1
18420 2
18421 3
8524 2
18426 1
10237 0
2047 2
18434 3
2053 0
2054 3
4439 2
18446 2
10256 0
2065 0
1160 0
9903 1
2077 2
18463 0
347 3
2087 2
18472 0
2091 2
2092 2
10286 1
18479 0
2097 3
10291 1
2102 2
10295 0
2104 3
18491 0
10300 2
10302 0
10306 1
2116 2
14255 0
8545 0
2121 0
10316 2
10317 1
2126 0
10319 3
2128 1
2132 0
18517 0
10328 2
18521 0
10330 3
10331 0
10332 1
358 1
18534 2
2151 0
18538 2
16743 2
18540 0
18541 0
18543 0
18544 0
6073 2
18547 0
2166 1
2169 0
18558 0
2176 2
10372 1
2183 2
18574 2
10383 0
10386 1
18579 2
2196 0
10391 1
2200 1
18587 3
2207 1
18592 0
10401 2
2211 0
2212 1
18597 3
18598 2
18603 0
18604 2
10413 0
10416 1
18609 0
10419 0
10420 2
18614 2
2231 2
10426 1
2236 2
18628 2
2247 1
18632 2
2251 2
2254 2
14029 2
18640 1
10454 0
18649 0
18650 1
2267 1
10461 2
8219 2
10463 2
10464 1
10466 0
2276 0
18661 1
2278 2
2280 1
10473 0
2284 2
2285 2
18675 0
10486 2
18679 3
10488 2
10489 0
18682 1
2299 2
2304 0
10498 2
18692 2
18694 2
2311 0
10505 2
18698 0
10507 2
18700 2
10510 0
18704 1
18706 2
18707 1
2324 2
10517 1
10522 1
18715 3
10525 0
10527 3
10530 1
18724 0
18725 1
10535 2
10537 2
10541 2
18734 2
18737 2
18741 0
10551 2
2362 2
2364 2
16348 2
2367 0
10560 0
18754 2
2371 2
10564 2
7222 0
18759 1
2377 0
10573 1
2385 2
18771 2
2388 2
18776 3
10589 2
18785 3
10594 2
18150 2
10599 0
6354 0
5863 2
18797 2
2414 2
10607 1
10609 0
3081 2
1769 2
10616 1
2426 1
2427 2
10621 2
18815 2
10624 0
2433 1
2436 0
10630 2
10634 1
10635 0
2444 1
18831 2
16792 0
18835 0
14062 3
18839 2
10648 2
15428 2
18844 1
10657 0
2466 0
18852 0
2469 0
2472 2
8604 2
2475 1
10668 2
2478 3
2479 0
2483 1
8266 2
10680 1
10681 0
2490 2
2492 0
2493 0
2500 2
2505 3
10699 1
2510 0
2517 0
10712 2
10714 1
2525 1
2527 1
10727 2
6419 2
16997 2
9632 1
10740 1
2549 2
2552 1
10745 0
2556 1
10755 0
2566 3
2572 0
2575 0
7256 2
10771 1
10773 1
2585 0
18181 1
10784 0
10785 2
2595 2
10789 2
2599 2
10793 0
10796 2
10799 1
2609 0
10805 0
2615 2
10809 1
2620 0
10816 0
10819 2
10822 1
10825 0
2634 2
2640 2
10835 0
10838 1
2654 2
10847 1
10849 0
4539 1
10852 2
10001 0
2664 0
10858 1
10861 2
10863 0
5907 2
10869 1
10871 2
10873 0
6619 2
10878 2
10881 2
10882 0
10884 0
1815 2
10895 1
2705 0
10898 0
2707 0
1817 1
2712 0
10905 2
2715 2
10911 2
18203 2
2724 1
2729 1
16839 0
2732 0
8747 2
2735 1
2742 2
10942 0
2751 0
2752 0
2754 2
2755 0
2768 1
2769 0
2771 0
8654 0
2777 1
2778 2
10972 0
2784 0
10978 0
2787 0
7185 2
2791 2
10991 1
2801 2
16851 2
2804 2
10998 0
2807 3
11005 1
11011 0
2820 3
11015 2
11016 0
11017 0
2835 2
11034 2
10031 2
2844 0
11038 2
11397 2
10032 1
2851 1
2852 1
11045 2
2854 1
11048 0
2863 0
11056 0
18227 2
11401 0
11065 2
2874 0
11072 1
2882 2
2883 0
2884 0
11078 2
11082 2
2893 0
11087 2
11091 3
2900 1
2902 1
1849 0
11097 1
11098 0
2908 0
2909 1
2910 1
2911 2
2917 0
97 0
11112 1
11113 3
2925 2
11118 0
16737 2
11120 0
11128 2
2937 2
13464 3
11132 2
14828 0
2942 2
11136 2
11138 2
11139 1
11140 1
11148 2
11149 0
11150 2
2960 0
2961 0
2962 0
11155 0
11158 2
11159 3
2971 0
11164 0
2975 1
11171 2
2980 0
11175 1
11180 0
12786 0
2992 2
11187 0
2997 1
11191 2
11192 2
11193 0
11194 2
1866 2
3010 3
3013 1
3014 0
11215 1
11218 1
11220 1
11222 0
6102 2
3033 0
11226 2
3036 0
11230 2
3040 2
1465 2
11239 2
3048 3
3049 2
15527 1
3057 0
18651 1
3074 1
3076 2
3079 2
11272 2
11273 3
3094 2
3098 1
11293 2
3102 2
3110 2
3112 1
11307 2
3116 0
11315 0
3125 0
3129 3
11327 2
11330 1
11334 2
11335 2
11336 2
16908 1
11343 2
10083 2
5988 0
3162 1
11358 0
3171 2
11364 1
11366 0
11371 2
3181 3
3183 2
3185 0
3186 1
7358 0
3191 2
3198 0
11391 0
4471 1
3205 1
11398 2
11400 0
10092 1
11405 0
16201 1
3215 2
3222 1
11417 2
11423 0
6927 2
11425 2
11426 3
3235 1
3236 0
3237 1
11430 0
11432 0
4636 0
3242 3
3243 1
3244 0
4637 1
11441 3
3255 1
3258 2
11451 1
3261 1
11454 0
3263 2
3264 0
11457 2
11458 2
3268 2
11461 1
3270 1
11463 1
3272 0
9929 2
11467 1
11468 0
3277 0
3279 2
3280 2
3285 1
3286 1
18297 0
11480 0
11481 3
3291 2
3294 0
11487 0
11488 1
3298 1
11492 2
11497 0
11502 2
11503 0
15988 1
4648 1
3314 3
3320 2
11514 2
3325 0
11518 2
11521 1
11522 2
4651 0
11525 1
3288 2
2368 1
11540 2
6931 2
3358 0
3361 0
11554 1
3366 0
11565 1
3376 2
3377 2
3380 1
3381 1
11577 1
3387 1
3388 1
11586 0
3396 0
3404 1
6063 3
3406 1
1933 2
3409 0
9388 2
11608 2
3419 2
3422 1
3423 1
3425 2
11618 1
3427 2
11620 1
11622 0
3434 1
3440 1
11634 2
3449 2
11649 2
3458 3
3934 0
3468 0
12866 2
579 0
3478 2
3480 2
18665 2
3485 1
11678 0
3490 2
3313 2
583 1
3501 1
3503 2
3504 2
3509 2
3512 1
3515 1
3520 2
3521 2
3531 0
11724 2
11732 0
11734 1
11738 1
11739 1
11742 0
11743 1
11744 2
11745 2
11746 2
11747 2
11748 0
4483 0
3568 0
3572 1
11766 0
3576 0
11769 1
3580 0
11773 2
7116 1
3588 0
11781 1
1964 2
3595 0
11790 3
3602 0
11795 3
11800 2
11802 0
3611 3
11805 0
3333 1
11808 1
3619 2
3621 2
11815 1
11818 0
11821 1
605 3
11824 1
11825 2
11827 0
11831 1
11833 1
11836 0
11838 2
11839 3
11840 0
11842 0
11843 2
3652 0
3654 0
3655 1
11849 0
3658 2
3663 0
11856 3
3666 0
11859 1
3671 2
14809 2
3674 2
11871 2
15632 2
11874 1
11875 0
11877 2
11878 1
11880 1
11887 2
3696 0
3702 2
17001 0
11896 1
3706 2
11899 2
17002 1
11906 1
11911 0
11913 1
3727 2
11544 2
3730 2
3731 1
3733 0
15641 0
1761 0
3740 0
3745 2
3747 1
3751 1
7453 1
3766 3
3769 2
11855 0
15647 1
629 1
3778 0
3779 1
3781 1
3784 2
17584 3
3788 2
3790 2
3791 2
3792 0
12920 1
11990 1
11997 0
12005 0
12006 0
127 1
12013 2
4733 2
8830 0
15657 2
12028 0
12029 0
4736 2
12037 2
3849 0
12053 1
12057 1
3869 0
3876 2
12934 0
3879 2
3880 0
3887 2
3889 2
12082 0
12083 2
17042 2
12089 1
2208 3
17034 0
12100 2
12104 2
12109 2
12110 2
3921 2
12118 2
12120 0
10212 0
12126 2
3935 0
15134 1
7483 0
4753 2
12136 2
3947 0
3949 0
3950 0
12144 1
12145 1
12152 1
12154 0
7487 1
3965 2
3967 3
3968 3
4758 0
12173 0
3985 2
3990 0
12184 2
11588 1
3994 0
12188 2
12191 0
4001 1
4003 1
4011 2
12206 1
4015 1
12210 2
4019 1
12212 1
4766 1
4022 0
6135 2
4027 0
12220 1
4032 1
4033 2
12230 1
12235 0
12248 2
4058 2
8864 2
12252 2
4061 0
4063 2
12257 0
12262 2
4079 0
12272 2
4087 0
12281 0
4090 1
682 0
12288 0
10120 1
4106 2
16394 1
12300 2
12312 0
4124 2
4126 0
8048 3
4130 2
12324 2
12330 1
12331 2
4140 0
4142 0
4143 0
4144 0
14344 0
4151 2
12344 2
12346 0
11615 1
12348 1
14346 1
18443 2
4164 0
11617 1
12366 2
12377 2
412 0
12960 2
12384 1
17083 1
4197 2
4198 0
4200 3
4201 2
9960 0
12402 1
4212 0
12990 3
4214 0
12408 0
12410 2
4221 2
4222 2
4225 2
4228 1
12423 2
12425 1
12426 0
4238 0
4241 0
4245 2
12438 0
4248 0
4249 1
4256 2
2075 0
4260 2
4262 2
12455 3
12456 1
12457 2
4270 0
10269 0
712 2
12466 1
12473 1
12478 0
6176 1
4291 0
12486 2
12487 0
4296 0
4302 1
12495 2
4309 2
4310 0
12503 0
9418 1
4316 1
4320 2
14374 0
4328 3
12521 2
144 2
12526 1
4335 2
4337 2
4341 1
4342 2
12536 1
12539 2
12541 1
12546 0
18475 0
4822 0
4359 2
145 2
4363 2
4368 1
4369 2
4370 1
4371 2
4377 3
4380 2
12573 0
4827 1
4389 2
4390 1
12585 0
12591 1
3901 0
2099 2
12596 2
4407 0
12601 0
12603 3
12606 1
4418 0
12611 2
4422 2
12615 2
12621 1
12623 0
4433 1
13027 0
4436 2
4438 3
14393 2
12632 1
4442 2
12636 0
12638 2
12639 0
12640 1
12641 0
12642 0
12645 0
12646 3
12648 2
4457 2
12652 2
4461 0
12657 2
12660 2
12663 2
12665 1
12671 0
4480 1
17131 1
4484 1
4485 2
12681 0
4491 1
12686 2
4497 0
4498 2
4501 0
4504 2
4505 0
7578 1
4510 1
4511 1
4513 0
12711 2
12713 2
12715 2
754 2
4528 2
4529 2
4532 1
12726 0
12727 1
4536 0
4537 2
12730 1
12731 0
12732 1
4542 1
12737 1
12739 2
4552 1
12747 2
4557 1
4559 3
760 1
12754 2
4566 2
12760 0
4569 0
2127 0
12764 0
12765 2
7589 0
4581 1
9427 2
12775 0
4588 0
4589 2
4590 0
4592 0
4593 2
4594 1
4595 1
12788 2
4597 0
12790 0
4599 1
4601 1
12795 0
4605 2
12799 0
4609 1
4610 1
4613 0
4617 2
4620 0
4621 2
4622 2
4623 2
12819 1
4629 0
4632 2
12828 0
2138 2
12832 1
4643 1
12836 3
12839 0
12840 1
12841 1
12842 2
12843 1
4653 0
12847 2
4656 1
12849 0
4658 2
12852 2
4661 0
4662 0
12861 2
4673 0
4674 1
12869 2
6241 1
12872 2
4683 0
4688 1
4690 0
12883 1
4699 1
4705 1
7611 1
4708 1
4709 1
4710 1
4713 0
12906 2
12908 0
4721 2
4722 0
4726 1
12919 1
4728 2
4729 2
12925 1
12928 1
12929 0
12930 2
12932 1
12933 0
4742 1
4744 1
12941 1
2157 0
4752 1
12945 2
12946 1
12950 0
15812 2
12957 1
12958 0
4767 1
4768 2
12961 2
12963 1
12968 1
7623 1
12972 2
12975 1
4784 1
6259 0
12981 1
12985 0
4794 2
4796 2
4798 0
12991 0
4801 1
4805 1
4807 1
4808 1
4809 2
4811 3
4813 1
4814 2
4818 0
4819 1
13012 1
13014 2
8996 2
4826 1
13019 2
4830 0
4831 1
4832 2
4833 3
4835 1
4839 0
13032 1
13034 0
13036 1
13039 0
4848 1
808 2
13042 2
13043 2
4854 0
4856 1
13054 1
4863 1
4866 0
13060 0
4878 0
13075 2
13077 2
13078 0
4888 2
4897 2
4900 0
4903 3
18567 3
4909 0
13107 0
13112 1
13114 2
4926 1
4928 0
4929 0
13122 1
4931 2
13127 2
4937 2
4939 0
4942 0
13136 2
3688 1
13138 0
13141 0
13142 1
18714 1
13147 1
13148 2
4959 0
9019 1
13156 0
13157 2
13259 2
13172 0
4981 2
13174 0
13176 0
4985 1
4986 2
4989 0
13182 0
4993 2
4994 1
4995 1
4997 2
11599 1
13192 2
13193 2
13196 0
13200 0
10392 2
13202 1
5012 0
13207 1
13208 2
13209 2
13210 2
837 0
5026 2
5030 2
5032 0
5034 3
13229 2
5038 0
5039 0
5044 2
13244 2
13245 2
5054 1
13249 3
13250 2
13256 1
10807 0
5067 2
13260 3
13262 2
13263 3
8625 2
13266 1
6307 1
5076 1
13271 1
13272 0
12717 1
5082 2
13278 2
6309 0
5088 1
5089 1
5091 2
5095 2
13290 1
5099 1
13295 1
13297 0
13300 2
13301 2
13303 2
5115 1
13310 1
5121 2
5123 2
13319 0
10412 2
5131 2
5132 2
2353 1
6172 0
2221 0
13329 2
5138 0
13331 2
13332 2
13333 1
13334 0
5143 1
13336 0
2899 2
13339 3
5151 0
18608 0
5156 0
13351 2
13352 0
17244 0
13355 2
13356 2
5165 0
13358 1
17245 1
13360 2
5171 1
9054 0
5174 1
5179 0
13373 2
5182 0
5186 0
10422 2
5191 2
10423 0
5196 2
5197 3
5198 2
13394 0
5211 2
13405 2
5214 2
13407 0
5216 0
5217 0
11085 2
13418 1
13419 1
13421 0
5230 0
13424 2
5244 0
5247 2
13442 2
13443 1
5255 0
13449 2
13452 0
13453 1
13458 0
13459 0
5269 0
5272 0
13477 2
5287 2
5288 1
5292 2
5293 2
13487 1
13489 0
13493 2
13494 3
5303 0
5306 1
13499 1
5318 0
13513 0
5322 2
5326 0
13519 2
13520 2
9080 0
11811 2
5336 1
5339 1
5340 2
5341 1
13535 2
5345 2
13539 1
7718 2
5351 0
5357 1
13551 2
5360 1
13556 0
13557 0
5368 0
5369 2
895 1
5372 2
13565 2
5374 1
17280 1
5378 2
10074 2
9089 2
13578 2
13580 2
5389 2
13586 0
5399 3
13593 1
13594 3
11823 1
18729 0
13600 1
13603 0
3999 0
13607 2
5417 3
13610 1
903 0
13615 1
13616 2
13621 2
5001 2
5432 0
5433 0
5434 3
18655 2
13628 1
9098 2
5440 0
5444 2
13651 0
5463 1
5465 2
13659 1
5469 1
13666 0
13667 0
13668 3
5478 0
13671 1
5481 0
5484 2
5010 0
13680 0
3646 0
5494 3
5495 3
13689 0
5501 1
5502 1
13695 2
5506 2
13700 0
5513 2
13708 3
3650 2
13710 2
5524 2
18733 2
13720 2
13723 2
13727 1
6384 0
5539 1
13734 1
6385 2
13737 2
5553 2
5556 1
13751 1
13753 1
5564 1
13758 0
5567 2
5568 3
5573 0
5574 2
5576 1
13769 0
5580 1
5581 2
5583 2
13776 1
5587 1
13780 1
13783 2
5595 0
13788 3
5598 0
5600 0
13793 0
13796 0
5607 1
5608 1
5614 0
5619 1
5623 0
5630 2
13823 1
5632 1
13828 1
5637 1
13830 0
5639 2
5641 0
13834 2
5643 3
13841 0
5652 0
13846 2
5657 1
5666 0
13859 0
10502 2
5670 1
5672 3
5673 3
13867 2
5685 2
5698 2
13900 0
17648 0
13902 0
952 1
13906 1
13907 0
5716 0
13912 1
5724 0
5727 0
13924 0
2373 1
13930 1
13933 0
5053 0
5745 2
5747 0
5748 0
5751 2
13946 0
5761 1
5769 0
13965 0
13967 1
5776 2
5777 2
13978 2
5787 0
2330 0
5795 3
13990 0
13996 1
13997 0
2333 2
5808 2
5064 2
5810 0
5811 2
14009 2
5818 2
14014 0
14015 0
14019 2
5831 0
14028 1
5837 0
5838 2
14031 0
5841 1
14036 1
5849 0
5850 2
10777 1
5859 2
5860 2
14053 2
5073 3
5870 0
5874 2
5879 2
14074 3
15999 1
14634 0
17654 3
5891 0
14084 1
5894 0
14095 2
7811 0
14101 0
14103 1
14107 0
5921 1
5922 0
5925 2
5927 3
14120 2
5929 1
14124 0
14126 2
14127 2
14128 2
14129 1
14130 1
14133 2
14137 2
14138 1
14139 1
14140 2
13281 0
1835 1
5654 2
9473 1
14157 2
13283 2
5978 0
199 1
14651 2
14180 1
5989 2
14185 1
14186 2
14187 0
14189 0
14191 2
6004 0
7023 1
14199 1
2655 2
6013 2
1564 1
18752 0
6018 1
14212 2
6022 2
14221 0
14224 1
14228 0
14233 0
6045 1
14239 0
14240 1
14247 0
11932 0
14253 2
11672 2
6472 0
14259 1
14265 2
14267 1
14275 1
6084 1
6086 3
14280 0
6094 2
14292 0
14293 0
14294 0
6104 2
6106 0
6107 2
6112 0
13307 1
14312 2
17404 1
11943 0
14317 0
10024 0
14320 2
6129 2
14322 2
6132 2
14327 2
14329 3
14330 0
6140 2
14334 0
14335 2
14337 1
6149 0
6150 0
6151 2
6152 3
6154 2
14347 2
14348 2
6158 2
6159 2
6164 2
14360 1
6169 2
14364 1
6173 0
6174 2
6175 1
14368 2
6177 1
6179 0
6181 0
6182 0
14375 0
14378 0
6187 2
14380 0
6191 1
14386 2
6196 2
14391 0
6200 1
6201 2
6206 2
6209 2
14403 0
14405 1
14407 1
6221 1
14415 1
14417 0
6227 2
6231 2
14433 2
3771 0
6244 2
6251 2
14446 0
6257 1
14451 0
6505 0
14458 2
6267 2
14461 0
6270 2
14463 1
14467 1
6282 2
6283 1
6284 0
14482 2
16067 2
14486 0
14488 3
14494 0
17435 3
14501 0
14504 2
6314 3
6315 0
6318 0
14512 1
14515 3
6325 1
10612 2
6330 2
6332 2
14529 0
6340 2
14533 2
6346 2
6349 2
14546 0
6370 2
18811 1
14576 0
5160 0
6386 1
14579 0
14583 0
14584 0
6393 2
6398 3
14591 2
14599 3
14604 2
16088 1
14610 0
14611 1
6423 3
6424 0
6426 1
1071 1
14623 0
14625 2
14632 2
14633 0
6442 1
14635 0
6445 1
6446 2
14639 0
1734 1
6451 2
6453 3
6454 0
6455 1
14650 1
4571 0
6465 0
6466 2
6467 2
13366 0
14662 2
1852 1
14664 1
14666 2
6480 2
6481 2
14675 2
14676 0
14679 0
14682 2
4844 1
6495 0
6497 0
6504 2
17468 1
16104 0
13374 2
6522 2
6527 1
14724 2
14725 0
6534 0
4582 2
14730 1
14734 0
11129 2
6547 0
7918 0
18841 2
6553 0
14748 0
14749 2
14750 2
14753 2
14756 0
14761 1
14762 0
6573 0
6575 2
14768 0
6577 1
14773 0
14775 1
6584 2
14779 2
6588 1
14782 2
14787 0
6597 1
6600 0
6603 1
6605 0
14798 2
14800 2
6612 2
10660 2
14811 2
6622 0
14816 1
6630 3
14825 2
6636 1
14830 2
14832 0
14837 0
14838 1
6648 2
14842 2
6651 1
14844 2
14845 0
14851 2
14858 2
6668 0
6671 3
6676 0
6679 2
14876 2
14877 2
14878 2
14879 2
6576 2
17499 2
6692 2
14886 1
14887 0
6697 2
14892 1
6701 1
6702 1
5213 0
6704 1
14899 1
6708 1
6709 0
14902 2
6711 1
14904 2
14905 2
6714 0
14911 0
14912 0
9312 2
14914 2
6723 1
14916 0
6725 0
17505 0
14920 0
9314 0
6741 0
14936 0
1124 2
6747 2
14945 1
14949 0
6765 0
7410 2
14966 0
6775 0
6777 0
14971 0
14972 2
6782 1
9756 0
6787 0
14980 0
6794 2
6796 0
6797 2
5229 2
7960 0
14996 2
6806 0
6809 0
6810 1
15004 2
14789 2
15009 2
6823 0
15020 0
6833 1
6835 1
6836 1
6837 1
6839 3
6841 2
6842 3
15035 3
6845 0
15038 2
7593 2
6850 1
15043 2
15044 1
15045 2
15046 1
6855 1
6856 1
15051 2
6860 1
8139 1
15055 2
1144 2
15060 3
15062 1
6871 0
12068 0
15067 2
15068 2
6877 0
15070 2
15072 0
6881 2
15074 0
6886 2
6887 1
6890 1
16869 0
8140 1
15085 2
15093 3
6902 0
15099 1
6910 2
6912 2
15105 1
15107 1
15109 1
15110 1
6920 2
15116 2
15119 0
15120 0
6930 1
15123 1
6933 3
6617 2
6939 2
15133 1
6942 1
15135 2
15136 1
15137 3
6946 2
15139 2
6948 0
15141 1
15144 0
15145 0
17544 2
15157 2
6966 0
17545 1
15160 1
10719 0
15165 0
6976 2
15170 1
6980 1
210 2
6989 1
5961 2
15188 0
15190 0
15193 1
15194 2
7004 2
7006 2
7008 2
15204 2
15209 1
7018 1
15213 0
15215 0
15217 2
15219 0
15225 1
15228 0
7039 1
7040 0
14419 3
15235 1
7046 1
15240 0
15241 2
7051 1
7052 1
15245 2
15246 0
7055 1
15249 2
7059 2
7062 0
7065 3
15258 1
15259 0
7069 0
15264 2
7073 2
15266 1
7077 2
15270 0
7080 0
7082 0
15276 2
15279 2
15281 2
15284 1
15287 2
15293 0
10741 1
15296 2
15305 2
15308 1
15310 1
15314 0
7123 2
15316 1
7125 0
7129 2
7130 0
15323 2
7133 2
7136 0
15329 2
15330 0
7139 0
7141 0
7143 0
10748 2
7148 0
7160 3
15356 1
15363 2
13484 0
15374 0
3928 2
2563 2
7189 2
15383 2
15385 2
15389 2
7201 1
15395 0
7206 2
1331 1
7214 2
17971 2
7221 0
15414 3
7229 0
9788 0
8032 3
7235 2
11232 0
7238 2
15431 2
7246 2
15440 1
15444 2
15448 2
15455 0
7264 2
6243 0
15460 0
15461 0
17700 1
17973 2
15474 0
7283 0
7284 0
15478 2
15482 1
15488 3
15496 0
15498 0
15500 2
15503 2
15505 0
15506 1
15509 1
15510 2
15511 0
3952 2
15522 1
15525 2
7335 0
1608 1
7337 0
15532 3
15539 0
1225 2
1226 1
15550 0
15552 1
7363 0
15562 0
7372 2
15565 1
7374 3
9421 2
15569 0
15574 0
7383 0
15582 0
2597 0
7395 1
15589 2
7407 2
15600 2
15602 2
15603 1
7415 2
17620 0
7421 0
7422 0
15616 0
6700 0
15628 3
15630 1
7440 2
15633 0
14894 2
7446 2
7447 2
7449 2
7450 2
7452 2
15645 3
16261 1
15649 3
15653 0
15654 2
10801 2
13532 0
15658 2
15665 1
15669 1
15670 3
7481 1
7482 0
15675 2
15676 0
15679 0
7488 2
15681 1
15688 0
14903 2
10961 0
6712 2
9443 2
15701 0
15704 0
15705 1
15706 1
7516 2
15717 0
15721 2
15722 2
15723 0
7532 2
7533 0
15726 1
15727 0
1257 0
15736 1
15741 1
15744 2
15746 0
7555 0
7561 2
15757 2
15758 2
15759 3
15761 2
15764 0
15765 2
7575 2
15770 2
15771 0
1843 0
15773 2
15775 0
7585 2
15781 1
15782 1
3996 3
15786 0
15788 1
17650 1
15793 0
8237 2
7608 0
9460 2
15803 0
7612 1
7613 0
7618 0
7620 2
15813 0
15815 1
15820 1
15822 0
15825 0
7634 2
10580 0
15830 3
7640 3
15840 1
7649 2
15842 0
15843 0
15845 2
15851 1
15853 1
5373 1
15856 0
7665 0
1278 0
17663 1
15871 1
15877 0
5377 2
7689 2
15883 0
7693 2
7694 1
15889 1
15892 1
15893 0
15895 0
15898 2
15903 2
15904 2
7716 0
15909 0
15910 1
15911 3
7720 0
7580 2
15915 1
15916 0
15919 0
17672 0
12211 2
7734 2
15931 0
7743 2
7747 2
7753 3
15951 0
7765 2
7766 1
15961 1
15962 0
15963 2
7772 1
7773 0
7775 0
14989 0
7780 0
15973 2
7789 2
15984 0
10856 2
7795 0
7796 3
13353 0
15991 0
1300 3
15994 2
7807 2
16002 2
16003 2
7812 0
7819 3
16014 2
16015 1
16017 2
16021 0
16023 1
16026 2
2671 0
9499 2
16037 1
16038 2
16041 1
16046 0
7860 0
16056 1
7865 2
9503 2
16060 2
16061 1
16064 2
16065 0
16066 1
7875 1
6774 0
7879 0
16073 1
4354 2
1899 0
17698 0
16081 2
7890 2
7896 0
7897 2
7898 0
16091 2
7901 0
7902 0
16096 2
7905 0
16098 0
7912 0
16108 2
16109 2
16110 2
16113 2
16115 2
7924 3
16117 2
17706 1
16126 0
16129 1
5419 2
16132 0
7941 0
16134 0
16136 1
1324 2
16344 2
7957 0
16151 1
16152 1
10358 2
7968 0
7975 2
3266 0
7977 1
17178 2
7982 1
16176 0
7986 2
16179 3
16180 0
16182 1
16183 2
16186 2
16192 0
8001 1
8002 2
16196 1
8009 2
16202 0
16207 0
16213 0
8022 0
13626 3
16224 2
17723 1
16228 3
16235 1
8044 1
16238 3
5437 2
16240 1
16243 1
18057 2
8061 0
16255 0
8069 2
8071 0
16265 1
16266 2
16267 2
8082 0
16276 1
16278 2
16279 0
16282 1
8092 3
16285 0
16286 0
16288 1
10907 1
16295 1
16297 0
8108 2
8113 3
16306 1
16307 0
8119 0
16313 2
16314 0
6815 0
1354 1
8126 0
16321 0
8130 1
16325 0
8134 3
15001 1
16331 1
16332 2
16376 2
8146 2
16339 0
8148 0
8149 2
8152 3
8154 3
8156 1
8162 0
16356 0
8168 2
8170 2
8173 0
16372 1
8184 2
17748 1
8186 2
16379 2
16380 0
16381 1
8190 2
