8192 2
8194 1
16388 2
8201 2
16396 1
16397 1
15021 2
8210 0
8211 0
16404 3
16405 2
16406 0
1964 2
27 0
8220 0
16414 2
16415 2
32 0
8226 2
8227 2
8228 2
8229 1
8237 2
16430 2
8241 2
16437 1
16393 2
16443 2
16445 2
62 2
16449 2
66 1
16451 0
16452 1
16456 2
73 2
8266 2
76 2
16461 2
16466 1
84 3
16469 1
8279 2
88 2
8281 1
16399 2
8285 1
95 0
16484 1
8293 1
8294 2
8295 2
8296 2
17767 1
108 2
110 0
1913 2
8304 0
115 1
8309 2
8310 2
8312 1
8212 0
123 0
16509 1
126 2
16511 0
5483 1
132 2
133 2
134 0
2753 2
16520 2
13676 0
8330 2
8331 2
16524 1
16527 2
144 2
8337 0
6851 1
148 1
16533 1
16534 0
8343 1
8346 1
16540 2
8356 3
16550 1
8361 2
170 0
8363 1
8364 2
16558 2
8368 1
177 1
178 0
8371 2
9826 2
183 2
16568 1
16569 0
16572 3
15795 3
8383 2
200 0
201 1
202 2
13687 2
8400 0
209 2
210 2
212 0
17785 0
16601 1
8412 1
8413 2
223 2
8416 0
16611 0
16612 1
16613 2
16614 0
16616 1
8426 2
237 2
8430 2
1405 2
8432 1
16626 2
246 0
17244 0
16633 0
16636 2
16640 1
16642 0
16644 2
261 2
16646 1
8455 0
5239 0
8462 0
271 2
280 3
16666 1
8477 0
16671 1
16672 0
8481 0
15067 2
8485 2
8486 2
16433 2
8488 2
297 2
8490 0
8491 3
8496 2
16689 1
6284 0
308 2
16693 1
16695 2
16697 2
8506 1
16699 0
8510 2
319 2
8512 0
16705 1
16708 0
8517 1
326 1
2785 2
329 1
332 2
334 3
16719 2
339 3
16724 2
16725 1
16730 0
8539 1
16733 2
8544 3
16737 2
8546 2
16739 1
16740 0
8549 0
358 1
16743 2
360 2
8553 2
8555 2
8558 2
16752 2
8562 1
8564 2
16759 1
376 2
8570 1
379 0
16765 2
8574 0
383 0
8577 1
12223 1
390 1
392 1
394 2
16780 0
16781 0
8594 1
16790 1
8599 0
15562 0
8260 0
8602 1
8603 1
16796 3
416 0
8611 2
420 1
16807 1
428 2
16814 2
435 1
436 2
16821 1
438 0
16457 2
16824 0
8633 0
8634 2
1439 2
74 0
446 2
16833 2
451 1
8644 2
454 2
455 1
456 1
16841 2
16843 3
16846 1
8655 2
16848 2
466 3
16851 2
468 0
16854 2
8667 2
16860 0
8669 2
5541 2
16865 0
16870 2
489 3
16876 3
8687 2
498 0
500 2
501 1
16886 2
13737 2
8697 0
2199 2
1108 2
15020 0
517 0
16905 1
8714 1
16471 2
524 2
525 0
526 0
528 2
529 2
530 2
8723 1
8725 1
17134 1
16919 1
537 3
538 0
16923 2
8732 1
16925 2
16926 2
16928 2
545 2
16930 2
551 1
8744 2
16937 2
8747 2
16941 0
16477 2
560 1
10599 0
16946 2
563 2
16948 0
16950 2
8759 1
8761 1
16954 2
8764 1
573 1
574 0
575 1
8769 1
8771 3
16964 2
17789 1
8775 0
584 2
585 2
586 3
587 1
16972 1
8782 0
15117 2
16976 1
596 1
17849 2
13659 1
8796 0
5562 1
8800 1
8801 0
16994 2
611 1
8804 1
8805 2
8809 0
618 1
566 3
621 2
8814 2
8816 0
4200 3
628 0
629 1
17016 0
633 2
8826 0
17019 1
636 2
17021 0
17022 0
17024 2
641 0
8835 1
8837 0
17031 2
8841 2
8133 1
10660 2
653 2
654 0
8849 2
17042 2
660 2
8302 2
8855 1
664 0
17049 1
8858 2
17052 2
669 2
670 2
2750 1
8864 2
8865 3
674 0
17059 0
676 2
17061 2
17062 0
679 0
8873 2
8874 3
17067 1
17068 3
8877 1
688 0
17075 0
8884 2
6942 1
8887 3
6943 2
8892 1
701 2
702 1
704 0
8897 2
8898 1
8900 2
8902 2
8903 0
712 2
17097 2
17098 2
17099 2
717 0
13773 0
8912 3
8914 2
726 2
8919 2
8921 2
730 2
731 0
17118 2
14209 0
17872 0
8930 2
17124 0
17125 2
742 0
8938 2
17131 1
8940 2
8942 1
8317 1
17137 2
8946 0
8947 1
756 0
757 2
17145 1
8319 0
764 2
8959 0
8960 0
17154 0
8963 2
17156 2
775 2
17163 0
17164 1
17168 2
17169 0
786 0
787 2
8980 1
17173 1
790 2
792 0
8985 0
8986 2
797 1
8990 2
8325 2
800 2
8993 0
17187 2
17188 2
8997 0
8999 0
808 2
810 0
9005 3
816 0
17202 0
9011 2
820 2
821 1
17206 1
9015 0
17208 0
9018 2
17211 1
16522 1
832 2
17217 2
9575 1
17220 1
17889 0
17226 0
844 2
845 1
17231 0
17234 3
17235 0
852 2
9045 2
6969 0
7939 2
857 1
17242 2
17243 1
860 3
861 2
862 0
9055 0
9059 0
17252 2
145 2
873 1
8758 2
17260 2
17261 0
879 2
17265 2
17268 1
17271 2
888 2
8340 2
9082 2
17275 0
892 2
894 2
17281 0
898 2
9092 0
8342 2
9095 2
17288 1
17290 2
907 1
17292 1
910 1
911 2
916 0
9109 3
918 0
919 0
17304 2
923 1
9116 1
9578 1
17310 1
17311 2
17313 2
932 3
2886 0
9127 2
17321 2
17324 2
9136 2
9140 2
9141 1
9142 0
951 0
17336 2
9145 0
961 1
962 2
9155 2
9157 3
17351 1
9161 0
17359 0
17360 2
17364 2
9173 2
17367 1
9176 2
17371 0
17372 3
17376 0
17381 2
4263 2
17392 2
9201 0
1010 1
17395 2
9209 1
9212 1
17405 2
9214 3
9216 0
17409 1
9218 2
17411 1
17412 3
1030 2
1031 3
9229 1
9230 0
9231 2
9232 2
17426 2
17430 2
17432 2
9241 2
1050 1
1052 0
9245 2
9247 0
17440 2
17441 2
1058 2
17445 2
1063 2
17448 1
17450 1
9262 2
17455 0
9264 1
9269 2
9270 2
9271 0
9274 2
9275 2
17468 1
17469 0
17470 0
17472 0
17474 2
9283 1
17476 0
17477 1
17480 2
5644 3
9292 1
1102 0
17487 2
9296 3
9297 0
17491 2
9300 1
17493 0
17495 1
9304 2
17497 3
9307 2
9308 1
9310 0
2917 0
17504 2
9313 0
17506 2
9316 0
17509 2
9318 0
17512 1
9325 0
1135 2
856 0
1137 0
17523 2
1144 2
17529 1
9338 2
191 0
17532 2
1150 2
16538 0
17536 2
1154 2
17541 1
17543 0
17544 2
17548 1
17549 1
1168 3
17553 2
9363 1
1174 2
1175 2
17560 1
1177 2
7023 1
1180 1
1181 3
9374 1
17567 3
17568 0
9377 2
17570 2
17571 1
17574 1
9383 0
17576 1
17577 1
17578 2
1196 2
17581 1
9390 1
1200 0
17586 2
1204 0
1208 0
17593 2
17594 1
9408 0
1217 2
17602 0
9412 1
1225 2
17610 2
17612 2
9421 2
11128 2
9427 2
9428 2
1240 0
9433 2
9439 2
17632 1
1251 1
17637 0
9446 1
17639 1
9448 0
17641 1
17642 1
1259 1
17645 0
1262 2
1264 3
9457 2
17650 1
17652 1
9461 2
17654 3
17655 3
17657 0
17659 2
1277 1
17662 2
17664 0
9473 1
17666 2
1284 1
9477 2
1287 1
9480 2
17674 2
215 1
1292 2
15234 3
1294 2
12504 0
1298 2
1299 1
9492 2
17521 2
9496 2
17689 2
9499 2
17693 3
17694 0
9503 2
17697 0
17702 2
1322 2
11143 1
1324 2
1328 0
1331 1
17719 1
1336 2
1338 1
17723 1
1340 2
17726 2
17727 1
9536 0
9540 2
9543 2
1355 1
9548 0
16412 0
1359 1
17744 1
9555 1
228 2
17755 0
17756 0
17759 1
17762 2
1380 0
1381 2
9866 0
1383 2
17770 3
1387 1
1392 1
9588 2
1398 0
1401 2
17786 2
9595 2
9597 2
15253 2
1408 0
1409 0
1410 2
17795 1
12448 1
17800 2
17801 2
9610 2
9611 2
17804 2
9615 2
9616 0
9618 0
17811 1
9625 0
1437 3
17822 3
9631 1
4483 0
1444 2
9637 1
1446 2
9639 2
9642 0
17835 2
8434 0
17838 3
7069 0
9648 2
17992 2
17845 0
17846 0
1464 2
9657 0
1466 2
17851 1
17852 2
9661 1
17855 2
17857 0
9669 2
9670 0
9673 1
1482 1
1483 2
9676 2
9678 3
9805 0
1488 1
11412 0
9690 2
9691 3
9693 1
9694 0
17887 2
9697 3
1509 2
17895 0
9715 2
17913 2
9722 2
3057 0
17916 0
9726 2
17924 0
1542 2
9735 0
1545 2
1548 2
9741 2
17934 2
1551 2
17936 0
17944 1
9754 2
7087 1
17949 2
1567 2
17955 2
9765 0
15281 2
9768 2
18056 0
17964 0
1583 2
17968 0
17970 0
17971 2
17972 0
9781 1
1591 1
9784 2
17977 2
9786 0
17979 2
1596 2
1597 1
9792 2
17985 2
9794 0
17989 1
1606 1
1608 1
17996 1
1613 2
1614 1
1615 2
9812 0
1622 2
11193 0
9816 2
1627 0
1630 1
9824 3
1634 2
1635 2
1636 0
9833 2
18027 2
18032 0
18033 0
4371 2
18036 2
1653 2
1655 2
18041 0
1658 3
1659 0
1660 1
1661 1
9854 1
18048 2
18050 3
1671 1
1672 3
18057 2
1674 2
1676 1
1677 0
9873 2
18067 0
9876 0
1687 2
10149 1
9882 1
1691 2
18076 0
1693 2
18078 2
7109 0
18081 2
2475 1
16969 1
1703 1
18091 2
1708 3
18095 0
18098 2
9907 2
18100 1
18109 2
1726 2
9845 1
9886 0
18113 0
9922 1
1732 2
9927 2
5467 0
18121 1
1738 2
1740 0
1746 2
8483 0
18133 2
1750 1
1751 2
1753 3
18141 0
18142 1
1761 0
1762 0
1763 0
18148 0
1767 2
1768 1
1769 2
18155 1
18156 1
1773 1
8788 2
16680 1
1779 0
1662 2
1782 1
9981 2
18174 2
1792 0
18180 0
11222 0
1800 0
9995 2
18188 1
1666 2
18190 1
9999 2
10000 0
1809 2
18196 1
18201 1
18203 2
1821 1
18207 2
10019 3
18212 1
18214 2
18216 2
18217 0
18218 2
9863 2
1836 1
18221 2
10030 2
10031 2
10032 1
18225 2
10034 1
10035 2
18228 2
10038 2
10039 2
18232 2
10041 2
10042 0
1852 1
10045 1
10046 2
18240 0
10049 2
18243 0
10055 2
10056 2
18250 2
1867 1
1872 0
18261 1
9337 3
18264 1
1881 0
7141 0
10080 2
10081 3
18275 1
18276 0
18279 1
10089 2
18282 1
11239 2
18284 1
18287 1
10099 2
18294 1
10104 1
10105 0
18298 2
1918 2
1920 2
18306 2
1924 2
10118 2
321 3
18312 1
10123 2
18316 1
1933 2
10132 1
1942 0
1944 0
324 1
1946 0
18332 3
18337 0
10146 2
8518 0
1958 0
10151 3
18344 2
1961 2
10154 0
18348 1
1965 2
13981 3
1969 0
18354 0
1694 2
10166 2
16713 0
1978 0
18363 1
18615 1
1982 0
1983 2
10176 1
15350 0
1992 2
1993 2
1994 0
18381 1
18382 1
18383 2
18386 1
18387 2
10196 1
2005 1
18390 0
2009 0
18394 2
12342 2
18397 1
10207 2
18401 1
10212 0
10213 2
10222 2
18415 2
10225 0
18418 1
2035 2
18420 2
18426 1
18428 2
2047 2
2048 0
9899 1
10244 3
18437 0
18443 2
10253 2
18446 2
10256 0
18451 0
10260 1
10261 2
2072 2
2073 2
1711 2
10269 0
10270 3
10271 0
18467 0
2086 0
2088 2
10281 2
10282 2
2091 2
1979 1
349 1
18482 0
18483 2
18484 2
10299 2
10301 2
10305 2
2116 2
10311 2
2121 0
10317 1
10318 1
10319 3
2129 1
2130 1
10324 1
7182 0
18520 1
8548 2
2138 2
10332 1
16741 2
10337 2
396 1
16742 1
18534 2
617 0
10345 2
18538 2
18540 0
18541 0
18542 0
16744 2
18110 1
10358 2
10361 0
2170 1
2171 0
10366 2
2176 2
18566 2
2183 2
18568 0
10377 2
18572 0
18574 2
10384 0
10386 1
18579 2
18580 2
8802 1
10390 0
10391 1
2200 1
10394 0
18590 0
18591 1
10401 2
18594 2
2211 0
2212 1
18598 2
10407 2
10411 2
18604 2
18605 2
2222 2
2223 2
18609 0
10419 0
10420 2
2229 2
18614 2
2231 2
10426 1
18619 2
2236 2
2239 2
2243 2
18629 2
18630 0
2248 2
18633 0
18635 1
2252 1
18637 1
2254 2
18640 1
16760 0
18644 2
2803 2
2264 2
18649 0
10458 1
2267 1
18079 2
18654 0
10463 2
2273 1
10466 0
10467 2
18662 2
2279 3
10472 1
10478 2
10479 2
10484 2
18679 3
10488 2
18682 1
10715 1
2303 0
2304 0
10498 2
18692 2
4714 1
10502 2
18695 0
10505 2
10510 0
10511 0
18706 2
18707 1
2324 2
10517 1
10519 0
11854 0
10522 1
10523 2
10524 2
2333 2
2338 2
18724 0
18725 1
18726 1
16959 2
10537 2
10541 2
10542 2
10547 2
5854 2
10551 2
18746 2
2364 2
18749 1
18750 1
10559 2
10560 0
18753 0
18754 2
2371 2
10564 2
18757 0
18759 1
2377 0
18763 0
10573 1
10575 1
10576 2
2385 2
18771 2
4494 0
10582 1
2392 2
18778 0
18779 0
10589 2
10590 2
10591 2
2400 2
10594 2
18790 0
18791 1
2409 2
10602 2
10607 1
18801 2
10610 0
2421 1
10616 1
2426 1
11327 2
18813 1
2430 2
4501 0
18816 2
18819 0
2436 0
2437 1
6355 3
10632 1
2441 2
10634 1
10637 0
10640 3
16792 0
18835 0
18839 2
10648 2
7236 2
900 1
13928 1
18844 1
16794 3
8811 1
18852 0
18853 2
10663 3
2472 2
8604 2
15748 2
10668 2
18861 2
10672 2
18163 0
10676 0
10679 2
2491 0
10686 0
8608 1
2498 2
2500 2
2503 0
10696 2
2505 3
2514 1
2517 0
10712 2
10714 1
11343 2
2528 0
2529 0
10724 0
2534 1
10727 2
2536 0
423 2
10734 1
16997 2
2544 0
2546 2
2547 1
1790 2
2554 1
2556 1
10750 2
10754 2
10755 0
2565 0
2576 0
10771 1
2580 2
10773 1
2582 2
2583 3
10777 1
2586 1
10780 0
2591 0
10784 0
10793 0
18596 1
10796 2
10798 0
2608 1
8627 0
2612 2
2613 1
2615 2
10809 1
10810 1
437 2
1803 0
10822 1
2631 1
10825 0
10826 0
2637 0
2639 0
2640 2
10834 0
10837 2
10840 2
10846 2
2655 2
10852 2
10001 0
10857 0
2666 0
10860 1
2671 0
10864 2
2673 1
10868 0
10869 1
89 1
10871 2
10873 0
2688 1
10881 2
10884 0
4164 0
2702 2
10895 1
10898 0
8643 1
10901 2
2712 0
10906 2
10907 1
1727 0
6910 2
2722 1
10915 2
10916 2
16838 2
15473 0
2728 3
2738 3
2741 2
10942 0
10945 2
2754 2
2756 2
2758 2
2761 1
2769 0
2771 0
462 3
2775 1
2776 0
1828 2
2778 2
10973 2
464 2
2791 2
8658 0
10991 1
10992 2
2801 2
10994 1
467 1
10997 0
2807 3
13603 0
11004 2
11012 2
2822 0
11015 2
2825 2
2833 0
11395 0
2840 0
11035 0
2844 0
11038 2
3205 1
11040 3
2851 1
11045 2
2854 1
2855 2
2859 1
11053 2
12765 2
2865 3
11058 2
11059 0
11065 2
2880 2
2278 2
2882 2
2883 0
2884 0
1187 2
11078 2
11082 2
1847 0
2892 2
2901 0
11095 2
2904 1
11097 1
2909 1
2910 1
2911 2
11106 1
11109 2
11111 3
11112 1
2922 1
2924 0
11118 0
18237 1
2928 1
2930 0
11127 1
2936 0
2937 2
2939 2
11132 2
2942 2
11413 3
2944 2
2946 2
11139 1
11142 1
2951 2
2952 2
2955 0
11149 0
11150 2
2959 2
11155 0
2964 3
2968 2
2973 2
2975 1
2977 0
2980 0
2983 2
2984 2
2985 2
18247 2
2988 0
11183 2
2992 2
3000 2
3001 2
11194 2
3005 0
11201 0
18251 2
3012 2
3013 1
3014 0
15522 1
11214 2
11215 1
11218 1
11220 1
3030 1
3031 1
11225 0
11226 2
11230 2
11429 0
3041 1
3042 2
11236 1
3047 0
3049 2
3239 0
3052 1
3053 2
11246 3
11249 3
3058 1
11258 3
11259 2
11262 2
3073 1
3074 1
11267 2
11268 2
4610 1
3099 0
3100 0
3102 2
12805 1
3104 0
3105 1
11300 2
3110 2
11307 2
11312 2
5982 2
18193 1
3134 0
11445 1
18272 0
11330 1
3141 2
11334 2
11336 2
16908 1
11340 2
4621 2
11346 2
8718 2
11351 0
11354 2
11356 2
10471 1
11363 2
3172 2
8721 2
3178 1
11371 2
12381 0
11453 2
3185 0
3186 1
11379 3
3188 2
11382 2
1897 3
11388 1
533 0
3200 0
11393 2
1899 0
11397 2
11398 2
3207 2
3208 2
1900 2
3213 0
3215 2
3216 2
3220 1
3221 1
11414 1
3223 2
3230 1
3231 1
11425 2
3236 0
3237 1
11430 0
11431 2
3240 2
3241 1
3242 3
11435 2
11438 2
18291 0
3253 1
3254 1
11451 1
3261 1
3263 2
11457 2
3267 0
3268 2
11461 1
3270 1
11463 1
3272 0
3274 1
8738 0
3280 2
1473 1
11477 2
3286 1
3287 2
3288 2
11484 1
11487 0
3296 0
6011 2
3305 1
16935 2
3310 2
3313 2
3314 3
3318 0
3320 2
11514 2
3323 2
3324 2
11518 2
3328 1
3329 0
11522 2
6112 0
6017 2
5021 2
11529 2
11532 2
3341 0
11540 2
3349 2
3354 2
11547 2
15578 0
3358 0
11554 1
3369 2
6023 1
3375 2
11568 2
14216 2
3378 1
3380 1
3381 1
6932 0
1641 2
3387 1
11580 1
16171 0
3393 1
11587 2
3396 0
3397 0
3399 0
3400 0
10125 1
3409 0
3410 2
3411 0
11604 1
11605 1
3415 1
3416 0
8762 1
3422 1
3425 2
11619 1
11620 1
3430 3
16956 1
11626 0
11631 2
11639 1
11641 2
8767 0
11645 1
3460 2
11653 0
9117 2
11659 2
9352 1
11663 0
11614 1
11666 2
11668 2
3479 2
3480 2
11677 2
11678 0
11679 1
3488 2
11682 2
3492 0
3495 2
11690 0
3499 0
7410 2
6936 1
6045 1
11696 2
3505 0
8777 0
11707 2
3516 3
3520 2
11713 2
8780 1
11724 2
9665 2
11732 0
11738 1
591 1
14245 1
11744 2
11746 2
11747 2
3557 2
11751 1
11752 0
11755 1
3564 3
3571 2
3572 1
16980 2
11774 1
3586 0
8098 1
11521 1
10156 1
11786 1
3595 0
11789 2
18349 1
3602 0
3603 2
8480 1
13759 0
11805 0
3619 2
11815 1
11816 0
3628 0
11822 0
11823 1
11825 2
11826 2
11831 1
11833 1
11838 2
10165 3
11841 2
11842 0
11844 2
3654 0
609 2
11850 3
3659 0
17307 2
3661 2
3662 0
3663 0
11856 3
3665 0
3666 0
4707 2
3668 0
3671 2
5589 3
3676 2
3678 2
4709 1
11873 1
11874 1
3683 1
11879 2
11880 1
11885 0
3694 1
11887 2
3696 0
3699 1
3702 2
3703 2
11896 1
11897 0
3706 2
17002 1
11902 2
12907 0
11910 0
3719 2
11913 1
11915 0
4771 2
3727 2
3730 2
3731 1
11924 3
622 0
3734 2
3740 0
3747 1
11941 2
4721 2
3752 3
15645 3
10184 0
3768 0
3770 2
11963 2
3772 1
17013 2
3784 2
3788 2
3790 2
12573 0
3796 2
10190 0
11990 1
4729 2
3801 3
3805 2
3811 2
3813 0
12006 0
3815 1
11857 0
12029 0
2006 1
12040 0
4738 0
3862 2
4493 2
11567 0
7221 0
4766 1
4741 1
3876 2
3879 2
3880 0
12074 2
3887 2
12082 0
12083 2
12094 2
11573 2
12097 1
12098 1
12100 2
12101 1
12103 3
14042 2
12107 0
12109 2
12110 2
8845 0
12113 2
3923 0
12118 2
7481 1
18404 2
12125 0
17484 0
12136 2
12946 1
3950 0
6120 2
12148 1
3958 2
12154 0
3963 2
12157 3
12160 0
3973 1
12167 1
3979 1
10392 2
3983 2
3984 1
3985 2
3986 0
3395 1
3988 0
665 1
12184 2
3994 0
3995 1
666 0
3999 0
4001 1
4006 2
14321 2
4225 2
4009 3
12202 2
4011 2
4013 2
4017 2
18419 1
12212 1
8862 2
4022 0
12218 2
4027 0
6133 1
4034 2
18794 0
4038 0
673 2
3135 2
12235 0
4050 1
4051 1
1226 1
4058 2
15138 0
4061 0
4063 2
12256 3
12257 0
12259 2
12260 1
4069 3
7505 2
4074 1
12271 0
12272 2
4081 1
4084 1
4087 0
4088 0
17066 2
409 0
12289 1
4106 2
4113 1
12306 2
4115 0
4118 2
15140 0
12312 0
12314 2
4126 0
12319 2
12322 2
4137 2
12330 1
4140 0
12333 1
4143 0
12341 3
138 2
4151 2
12344 2
4153 2
12346 0
12348 1
693 2
4160 2
12353 0
6958 2
12356 0
12141 1
15714 1
4177 2
12372 0
10254 2
12376 2
12377 2
4794 2
12387 2
12391 1
12392 1
17084 1
4202 1
9960 0
17085 0
12403 2
4212 0
12408 0
16285 0
4220 2
4221 2
4224 0
12417 2
4228 1
12422 2
12424 2
12425 1
12426 0
12427 2
12430 1
10264 0
12435 2
18457 1
4249 1
4252 0
12446 0
4256 2
4258 1
12451 1
4261 2
4262 2
12455 3
4267 1
4268 3
18461 0
12465 1
12466 1
4277 2
12470 2
8905 2
4281 0
2079 3
4284 1
714 1
12486 2
12487 0
12488 0
4299 3
4301 1
4302 1
13005 1
2083 2
4310 0
12503 0
4312 2
4316 1
12509 2
4318 2
4319 0
4323 2
9964 0
12521 2
4331 1
12524 1
17106 0
4335 2
4336 0
10280 2
12530 1
12532 2
12533 2
4342 2
12539 2
12544 0
4354 2
4359 2
12553 2
4369 2
4370 1
12563 2
12565 3
4374 2
13017 1
4377 3
4378 0
12571 1
4380 2
11057 2
4383 2
4384 2
12578 0
4389 2
4390 1
12587 3
10291 1
4405 2
12599 2
16929 2
12615 2
4425 2
12618 1
4428 1
12622 1
12623 0
4436 2
16669 0
4438 3
12632 1
4442 2
12635 0
12638 2
12643 1
16515 2
12647 1
4457 2
4458 2
12652 2
2109 0
12657 2
12659 0
12660 2
12663 2
4472 2
4475 0
4478 2
12671 0
12672 3
4482 1
12675 3
4487 2
12680 0
12681 0
4491 1
12685 2
12686 2
4495 1
4498 2
12692 2
750 2
4503 2
12698 2
4511 1
16517 1
4513 0
4514 2
4515 2
4518 1
12711 2
4520 0
4522 1
12715 2
12717 1
4527 1
4529 2
4851 2
4532 1
4533 0
12727 1
4536 0
4537 2
12730 1
4539 1
12732 1
4542 1
4544 1
12739 2
4854 0
4553 2
12746 1
4855 2
8335 0
4557 1
12750 2
12754 2
12755 0
12757 2
12759 1
12760 0
11684 2
4570 1
4571 0
4573 1
4580 1
4582 2
4584 0
12778 0
4588 0
4589 2
4592 0
4593 2
12786 0
4595 1
4597 0
12790 0
12792 1
12793 2
13055 1
4604 2
4605 2
12802 1
4611 2
699 3
12811 2
12813 2
10328 2
4626 2
4630 0
4632 2
4633 2
4635 1
3504 2
4642 0
4645 0
12839 0
4648 1
4653 0
4654 1
12847 2
4656 1
4658 2
4659 2
12852 2
12853 2
4664 0
12861 2
12862 2
4671 0
12865 2
4674 1
12870 1
6241 1
780 2
4683 0
4684 0
4688 1
12881 0
6243 0
12884 1
13561 1
7609 2
4697 1
4698 2
12893 0
4704 1
3515 1
4708 1
2150 2
4712 2
12906 2
4715 0
12908 0
12913 2
4724 2
4726 1
4728 2
12921 2
4733 2
4736 2
12930 2
12933 0
12934 0
7617 1
3704 1
7618 0
4752 1
4754 2
4755 1
4764 0
12957 1
12958 0
4768 2
12961 2
12963 1
12964 2
4773 2
12968 1
4777 1
12971 1
4780 0
4781 1
8989 1
4786 3
12981 1
12984 2
2323 0
12986 2
12987 1
7626 2
12991 0
4801 1
12994 1
4803 3
4805 1
4807 1
13000 2
13002 1
4811 3
13004 2
4813 1
4816 1
13009 2
13010 0
13012 1
4822 0
4823 2
4825 2
4826 1
4827 1
13021 0
4830 0
17189 3
4833 3
10363 0
13028 0
13029 3
4839 0
13035 1
4844 1
4845 2
13040 2
13096 2
13043 2
13045 1
13046 0
13047 0
4856 1
13053 0
4863 1
13056 0
4866 0
4907 0
13060 0
17893 0
3633 1
4878 0
17197 0
4897 2
13090 2
4899 1
4900 0
13094 3
17054 1
4904 0
4905 2
2891 2
18567 3
4908 1
4911 2
13107 0
13112 1
13114 2
4929 0
13123 2
4932 0
7802 0
4934 1
13127 2
4937 2
10530 1
6285 0
8348 2
4948 2
13142 1
13146 0
13147 1
17210 2
13153 2
13154 2
9019 1
13156 0
13159 3
13163 0
4975 0
4979 1
13173 2
13174 0
13175 2
4985 1
4986 2
4987 0
4989 0
13183 0
9024 2
4994 1
4997 2
13195 0
13196 0
5005 3
13198 1
5007 1
18584 1
5012 0
2202 2
5022 3
5023 3
5025 2
5026 2
5030 2
713 0
5039 0
5047 0
2207 1
13245 2
5054 1
5057 3
4939 0
13256 1
13262 2
13266 1
5076 1
5077 1
13271 1
13273 1
13276 2
13280 1
13281 0
13282 2
13283 2
13285 2
13290 1
13292 0
5102 2
13295 1
5105 0
13298 1
13301 2
13303 2
13305 2
5115 1
13310 1
17237 2
5122 2
5123 2
13317 0
13320 2
10412 2
13322 2
5132 2
2221 0
13329 2
6318 0
13334 0
13336 0
13337 2
5146 0
13340 2
859 2
5156 0
13349 0
13353 0
13355 2
13356 2
13358 1
13360 2
7688 2
2227 2
9054 0
5176 1
13373 2
13374 2
13376 3
5185 0
5186 0
5187 0
13381 0
4961 1
5195 2
5196 2
13390 2
5200 0
5203 2
13397 0
13399 2
5211 2
5214 2
5217 0
5218 0
10427 1
13413 2
5222 0
13418 1
871 0
5229 2
5233 2
13431 2
5240 0
5242 2
5244 0
5247 2
18722 0
13449 2
13458 0
13459 0
13461 0
13464 3
5274 0
17263 0
5277 0
13470 3
3449 2
5284 0
13477 2
5293 2
5294 2
5297 0
5302 0
5306 1
13502 3
13503 2
5313 2
5315 0
5318 0
13512 1
13513 0
5322 2
13519 2
13520 2
13523 1
13524 2
13525 2
13526 1
13529 1
5338 0
5339 1
13532 0
13533 1
13535 2
5345 2
891 1
13542 0
13544 2
17276 0
13551 2
13552 2
9453 3
5366 0
5367 2
2260 2
4991 1
5372 2
13565 2
5374 1
5377 2
13572 2
5381 2
9089 2
13576 1
13577 1
13578 2
13580 2
5389 2
18648 2
13586 0
13588 2
13589 0
17284 0
13596 2
13602 2
18651 1
13607 2
5422 2
13621 2
13624 1
5436 3
5437 2
5440 0
9099 0
5444 2
13638 2
13647 2
17094 1
18659 1
5463 1
17295 0
5472 2
13666 0
5476 0
5477 0
5478 0
13673 2
13674 0
13675 1
5484 2
5486 2
13680 0
5490 1
5491 2
5493 2
5495 3
5496 2
5497 2
13695 2
13696 2
5506 2
5508 2
13702 2
13703 1
5515 1
17096 1
13710 2
920 2
5524 2
12459 1
13718 2
13720 2
7748 2
13722 3
13723 2
13727 1
6384 0
5539 1
13732 2
14369 2
5545 1
3655 1
5548 2
5549 3
5550 2
5551 1
13744 1
5553 2
5560 1
18676 2
13754 2
5564 1
13758 0
5567 2
5573 0
5574 2
5576 1
5580 1
5581 2
5583 2
13780 1
13781 1
5591 2
5593 0
5598 0
13796 0
5606 0
5607 1
5610 2
5612 2
13808 2
5619 1
5620 0
9129 2
5624 2
5630 2
13823 1
5632 1
13827 0
5637 1
5639 2
5641 0
13836 2
13841 0
13845 1
5654 2
5655 2
5664 2
5666 0
5669 1
5670 1
13867 2
13871 1
13872 1
13873 2
5684 3
5690 1
13884 2
5698 2
13892 3
13895 0
13896 0
13898 3
13899 0
7555 0
5712 0
952 1
5714 0
5716 0
5718 0
953 2
5720 2
14375 0
13920 2
2373 1
13927 1
5736 2
5737 0
13930 1
15194 2
13933 0
5747 0
7785 0
737 2
5758 2
13951 3
5776 2
13969 2
5780 1
5785 2
5787 0
18714 1
5793 1
18715 3
13990 0
13993 2
5802 0
5804 1
7794 2
10525 0
5809 2
5810 0
5814 2
475 1
5818 2
14623 0
5822 1
5824 2
5830 2
5836 1
14029 2
5839 2
5841 1
5843 2
14036 1
5845 0
5850 2
975 0
14045 0
14046 0
14049 1
5859 2
5864 0
14059 1
5869 2
5870 0
3709 2
14066 3
5875 2
14068 0
5879 2
5881 2
14075 0
5886 2
17365 0
14635 0
14084 1
5893 1
5894 0
5896 2
14090 2
14093 1
5903 2
5904 2
5907 2
14103 1
5913 1
5921 1
5922 0
5925 2
5926 0
14119 1
14120 2
11911 0
14125 2
14127 2
14128 2
5937 0
14130 1
2355 2
14133 2
5943 0
14136 2
14137 2
14138 1
14139 1
14142 3
5951 0
14144 2
5953 2
5960 3
5961 2
14157 2
14648 0
14168 1
5978 0
5980 3
2362 2
14174 1
5093 2
14180 1
14186 2
14188 2
14189 0
14190 2
14194 2
2367 0
12748 2
6013 2
2368 1
14212 2
6022 2
10561 2
6024 2
6028 0
14221 0
14224 1
14225 0
14226 2
14227 1
7566 2
6039 2
14232 2
5103 1
6044 3
14237 0
14239 0
14240 1
16027 1
6053 1
6056 2
6057 2
14251 0
14254 2
14256 1
6472 0
14258 2
14259 1
6068 2
6071 2
14266 0
14270 0
14273 1
14274 2
14280 0
6091 1
6093 0
6094 2
14287 1
14289 1
6102 2
2383 1
6108 2
14304 0
14312 2
14313 2
6122 2
14316 2
14317 0
6127 0
6128 2
11944 2
14322 2
17406 2
17935 1
14330 0
6139 0
6140 2
14335 2
15753 0
14337 1
6150 0
1025 2
14347 2
14349 1
6158 2
6159 2
14352 2
14353 0
14355 2
6164 2
14360 1
14364 1
10586 0
6174 2
6175 1
6177 1
6179 0
6181 0
6182 0
6183 2
6185 2
9223 1
14382 2
6191 1
14385 1
14386 2
2398 1
14392 2
6201 2
14394 2
6203 2
6206 2
6207 2
6209 2
14402 0
14403 0
14406 2
14409 2
14412 2
14413 2
6225 2
6227 2
14420 2
17422 2
1844 2
6232 2
14425 2
6235 2
6236 0
14431 1
6240 0
14433 2
3771 0
14437 2
5137 1
6248 2
6251 2
6253 2
14446 0
6255 2
6256 2
6257 1
14453 0
6267 2
6269 1
14467 1
14474 3
14476 0
14477 0
9484 1
14489 1
14490 2
18799 3
6304 1
14501 0
10609 0
5148 2
2418 3
14510 2
14519 0
6330 2
14524 1
14526 0
14533 2
9249 0
6349 2
2424 3
14546 0
5155 0
6356 1
14549 2
6359 2
13348 1
7887 0
14556 2
6365 0
6368 2
6370 2
6371 0
14564 0
14565 1
6380 0
6383 1
14576 0
6386 1
6393 2
14586 2
6395 1
14591 2
6404 0
14604 2
14607 2
6416 3
7896 0
14611 1
3487 0
6424 0
1071 1
6428 1
6429 1
18821 2
14627 2
6438 0
14633 0
14634 0
6443 2
14636 2
6445 1
2440 2
14642 2
5171 1
6455 1
6456 1
14650 1
14651 2
12763 2
1077 2
10581 0
14663 2
14664 1
6540 0
14666 2
6475 0
16137 1
14669 2
6478 3
14672 1
6485 0
14679 0
6489 0
14682 2
6493 2
6495 0
6497 0
14690 2
3814 1
18833 0
6504 2
6506 2
6507 2
5945 2
16104 0
6515 2
6520 0
6522 2
14721 0
14724 2
6535 0
14730 1
14731 2
14732 2
13378 2
17665 2
14737 2
14743 2
6553 0
14758 1
8402 2
14761 1
14762 0
6575 2
14768 0
6577 1
14772 1
6583 2
14779 2
14787 0
14789 2
6600 0
8991 2
6603 1
6604 2
6605 0
6612 2
14808 2
14809 2
6619 2
6621 2
6624 2
14821 2
14828 0
14829 2
7933 2
14832 0
6641 0
14834 1
13395 2
16126 0
6646 1
14841 2
14845 0
14847 0
14848 1
14849 2
14851 2
6662 2
14857 0
14858 2
14859 1
14864 2
6675 3
14868 2
14871 0
14873 2
14874 2
14875 2
14878 2
6687 2
6690 1
6692 2
14886 1
6697 2
6700 0
6702 1
6703 1
14899 1
6708 1
6709 0
6710 1
14903 2
14904 2
14906 2
8407 2
9312 2
6723 1
6725 0
6726 2
14920 0
14921 1
14924 1
14925 2
6747 2
14941 1
6752 2
14945 1
14947 1
6759 2
14952 1
14957 1
6767 2
14960 2
14966 0
6775 0
14971 0
14972 2
14979 3
6788 1
2497 0
14984 0
16521 0
14986 0
6796 0
14989 0
18230 0
14996 2
6806 0
6807 2
2136 0
6809 0
6810 1
15004 2
6597 1
15009 2
12059 0
6820 1
6823 0
15017 1
6828 1
6829 1
6831 0
6834 0
6836 1
6837 1
14793 1
15034 2
6845 0
15038 2
15039 2
15042 2
15043 2
15044 1
15046 1
6855 1
6856 1
15051 2
6860 1
15054 2
15055 2
15062 1
6871 0
6875 1
15068 2
15069 2
15070 2
6880 1
6881 2
15074 0
6886 2
15080 2
6890 1
6892 2
15085 2
15086 2
6896 1
6900 1
15093 3
15095 1
14804 2
6907 2
15102 1
15103 1
230 0
6915 1
15109 1
15110 1
15112 1
15116 2
9346 2
15119 0
6928 1
15123 1
15124 3
6933 3
15128 0
15129 1
14734 0
15134 1
15135 2
15137 3
6946 2
15139 2
6948 0
15141 1
6950 0
15145 0
15149 0
8415 1
6959 0
6961 1
6962 2
6963 2
1323 0
15162 1
15167 2
15170 1
15175 1
9356 3
8939 2
15181 1
15186 1
6995 2
15189 0
15191 2
7002 2
7006 2
7008 2
7009 2
16873 1
15204 2
15209 1
7018 1
15214 1
15215 0
7024 2
15217 2
15220 2
7029 0
15231 0
7042 0
7044 3
15238 0
15241 2
7052 1
15245 2
15246 0
7056 2
5272 0
7061 2
7063 0
7064 2
15260 2
15261 2
7070 2
15264 2
15266 1
7076 1
14833 0
15272 0
7085 0
15279 2
3912 1
14835 0
15284 1
15286 1
15288 3
9375 0
10741 1
15301 2
7110 2
15304 2
7113 1
15307 2
1186 0
7118 1
7120 2
7122 2
7123 2
15316 1
7125 0
15319 0
7129 2
7130 0
15323 2
7132 0
7133 2
5285 2
15328 3
15329 2
7139 0
7140 0
15333 2
7142 1
3921 2
7147 0
7148 0
6653 1
7154 1
15349 1
7158 2
7160 3
16212 2
7162 0
9386 2
15364 2
16214 2
15368 3
7180 2
15374 0
9389 0
15376 3
2563 2
7188 2
15381 2
15384 0
7194 2
9392 0
7205 1
7214 2
15413 2
7227 2
7228 1
7229 0
7230 2
15423 0
15425 0
15428 2
15432 1
7244 0
15440 1
15448 2
7264 2
15457 2
7271 1
15472 2
3944 0
10414 1
16234 2
15486 2
7295 2
15488 3
15491 1
15492 0
10774 1
9409 1
7306 2
6679 2
15500 2
1218 2
15503 2
15504 0
15509 1
17604 0
15515 0
10778 0
4795 3
15520 0
15521 2
7330 0
7332 2
3953 1
15529 0
15532 3
15537 0
17609 1
9418 1
7363 0
15558 1
7367 2
7370 3
7372 2
15565 1
7374 3
17613 0
15569 0
15570 0
7386 1
15579 2
7388 2
7611 1
15582 0
7391 1
15585 1
15588 1
15593 0
7405 2
7407 2
15602 2
15603 1
15614 0
15616 0
15617 2
15618 0
15620 1
15621 2
6794 2
18055 2
15628 3
7440 2
15633 0
15634 0
15638 2
7447 2
15640 0
7450 2
7453 1
4340 0
15654 2
15657 2
6707 1
15668 1
15670 3
15673 3
15674 2
15676 0
15677 1
7489 2
15684 0
14902 2
15695 0
7504 3
6712 2
7506 2
17635 0
7509 0
2617 1
15704 0
15706 1
7516 2
7522 2
7524 3
17638 0
15721 2
7532 2
7535 0
17640 1
7538 3
15735 0
15736 1
15737 0
15738 2
15741 1
8085 2
15746 0
15747 1
7556 0
14913 2
15752 1
7561 2
15754 0
7563 2
15757 2
15758 2
7567 2
7568 2
15761 2
2627 2
15764 0
15765 2
7580 2
15773 2
15775 0
15776 2
7585 2
15778 0
15781 1
15782 1
17649 1
7595 0
15788 1
1266 0
15791 2
15792 2
7603 2
15798 1
9460 2
15803 0
7612 1
7615 2
8096 2
15810 0
3076 2
7620 2
9462 2
7624 3
15818 2
4531 1
7634 2
16291 2
5369 2
15834 1
7645 0
7648 0
7649 2
7651 2
15844 2
15845 2
8507 2
7658 0
7661 0
15855 1
15856 0
7665 0
15862 2
10621 2
15867 2
7677 3
15871 1
7681 0
12203 2
13569 2
18491 0
7693 2
7695 2
15890 2
924 1
15892 1
7701 0
15894 1
15895 0
15897 0
15898 2
15899 1
7709 3
7715 0
7717 3
12209 2
7089 2
4019 1
7732 1
15936 2
7746 2
15940 0
7751 2
17676 0
7758 1
7759 1
7762 1
7766 1
11223 0
15962 0
15963 2
15966 2
15969 0
7778 0
15972 0
7783 0
7784 0
15977 0
2663 1
7789 2
15983 2
15984 0
7793 3
11989 0
7796 3
2665 1
15992 0
15993 1
15994 2
7803 0
10858 1
15999 1
16000 2
7815 2
2127 0
16014 2
7823 2
16017 2
16021 0
7832 3
16026 2
10863 0
16030 2
7839 2
16032 1
16034 2
16036 1
7848 2
16041 1
9501 0
16050 3
16056 1
17695 2
16060 2
16061 1
16062 2
7871 0
16064 2
7873 1
16066 1
16069 2
16073 1
14967 0
5410 2
16079 2
16081 2
7890 2
7891 2
7894 2
16087 2
16088 1
7897 2
7898 0
16091 2
7900 2
16093 2
7905 0
7906 2
16092 2
7911 2
7912 0
5415 0
16108 2
7921 3
16115 2
7927 1
7932 2
16125 2
7934 2
7935 2
16129 1
17707 2
16136 1
7945 2
16138 2
7947 2
13419 1
16143 2
16144 0
7955 2
7956 2
7957 0
16150 2
7959 2
16152 1
7963 2
3599 1
7966 1
3108 2
7968 0
7975 2
14983 2
7986 2
18815 2
6793 0
16185 1
16186 2
7997 2
16191 1
16192 0
8001 1
8004 2
16197 0
18505 2
13689 0
16200 0
8009 2
16202 0
16203 0
8014 2
16207 0
8020 2
8021 0
8022 0
16217 2
16224 2
8033 3
16226 0
9531 2
16231 1
8042 0
8044 1
16238 3
16240 1
16242 1
8054 2
16247 0
17999 0
1343 2
8060 0
8061 0
16255 0
8064 1
1344 0
16261 1
16263 2
16264 3
16265 1
8074 2
8075 2
16269 2
8079 0
16272 0
16277 2
16279 0
16281 1
2714 0
16288 1
13363 2
16290 0
2715 2
16292 0
5998 3
16294 3
8105 2
1351 2
16305 0
8115 2
8117 2
16311 2
8123 0
16317 0
16318 0
16319 0
8129 2
16324 0
8182 2
16326 2
16331 1
8144 1
16376 2
8148 0
8149 2
2724 1
8154 3
16347 2
17184 1
1360 1
8162 0
8165 2
8170 2
7869 2
16365 1
8177 0
1363 2
16374 0
8184 2
8186 2
16380 0
16381 1
8190 2
