8192 2
16391 1
13912 1
10924 1
8202 0
5463 1
16396 1
8212 0
16405 2
8214 1
16407 0
8219 2
16412 0
16413 2
16414 2
16415 2
16417 0
8226 2
35 0
16422 2
8233 1
8234 2
16429 2
4648 1
8241 2
2739 2
8244 3
16393 2
8248 3
16441 2
8250 1
16443 2
16394 1
8254 3
66 1
16452 1
69 1
8262 2
9569 2
8264 0
73 2
16458 2
75 2
16460 2
16461 2
16463 0
16466 1
8276 1
88 2
8282 2
16476 2
5477 0
16484 1
8293 1
102 1
105 0
108 2
16495 1
8304 0
116 3
10942 0
119 1
8312 1
16404 3
122 3
16507 1
17770 3
126 2
8320 0
16515 2
4118 2
135 1
16522 1
8331 2
16525 0
144 2
8337 0
8338 2
6851 1
16533 1
151 1
1096 1
16539 0
157 0
16542 0
8351 1
16544 3
16545 2
16546 0
8356 3
8220 0
173 2
8368 1
177 1
16562 2
8371 2
183 2
16568 1
185 2
189 3
13685 1
194 0
15051 2
8391 2
200 0
202 2
8397 2
8399 0
208 2
210 2
8403 3
213 2
16598 2
216 1
218 3
220 2
16605 2
8418 2
9595 2
228 2
6865 0
232 1
8426 2
4475 0
237 2
8430 2
16623 3
240 1
8434 0
244 3
246 0
16631 0
16638 0
8449 2
16643 2
16646 1
8455 0
271 2
16657 1
16663 2
8477 0
16671 1
555 2
8483 0
8484 3
1414 2
8486 2
16433 2
8488 2
297 2
299 1
17187 2
8495 2
8497 1
16693 1
310 2
8504 0
16697 2
8506 1
315 1
317 2
8510 2
319 2
8512 0
8514 1
324 1
16711 0
16712 0
9831 2
332 2
16718 1
16719 2
338 1
8535 2
346 3
16731 0
16732 1
16733 2
16738 1
358 1
359 3
16744 2
8553 2
8555 2
16752 2
371 0
8564 2
16446 0
378 3
379 0
16765 2
383 0
384 1
8578 2
388 1
5526 0
16774 1
8585 1
394 2
16780 0
397 3
398 0
8594 1
407 2
559 0
410 2
15087 2
8608 1
8609 2
8611 2
420 1
8613 2
16807 1
8616 2
427 2
428 2
16814 2
16815 2
16456 2
437 2
8632 2
442 1
16827 2
444 2
74 0
446 2
451 1
8645 0
454 2
1441 1
16841 2
461 2
464 2
16851 2
16852 1
16854 2
8664 1
16861 1
16865 0
8675 2
9638 3
8679 2
488 2
16873 1
16875 1
8684 1
496 2
500 2
501 1
502 2
16889 2
509 3
510 2
511 2
16896 1
517 0
16902 2
8715 0
524 2
8718 2
16911 0
528 2
529 2
8724 1
8728 2
8729 1
538 0
16923 2
8732 1
16926 2
543 2
16928 2
16929 2
16930 2
547 1
548 1
2822 0
13745 2
8744 2
16937 2
8746 2
16939 1
558 1
8751 2
563 2
8756 2
8759 1
8761 1
8762 1
16956 1
573 1
574 0
8767 0
577 1
8771 3
16965 0
583 1
585 2
586 3
587 1
591 1
16977 0
8786 1
4195 1
16980 2
8791 2
16985 1
8794 1
603 1
8796 0
8797 3
606 0
8800 1
8802 1
611 1
8805 2
17852 2
8810 2
619 2
8812 2
621 2
622 0
8815 2
4200 3
4658 2
629 1
8822 2
17018 0
8827 2
8828 1
17022 0
17023 1
8834 2
8835 1
17028 0
17030 1
647 0
8841 2
8842 2
17035 2
17036 2
17037 2
654 0
8848 0
17042 2
8855 1
8858 2
8303 2
17052 2
8862 2
8863 3
8864 2
673 2
676 2
17061 2
17062 0
679 0
17064 3
17066 2
8875 2
17070 3
688 0
697 0
6943 2
17085 0
17087 0
17088 0
1660 1
17091 0
8902 2
17096 1
714 1
17099 2
15138 0
8916 2
17112 0
8921 2
8922 1
17116 1
733 1
17118 2
8930 2
17123 2
17124 0
17126 2
8935 2
17129 1
8938 2
8939 2
749 0
750 2
17135 2
8945 2
8946 0
8947 1
17142 0
8953 1
762 1
8955 1
764 2
766 1
17151 2
17152 1
17153 0
17154 0
8963 2
773 2
17159 3
17211 1
8970 2
780 2
8974 2
17167 2
17168 2
787 2
17173 1
790 2
8986 2
17181 2
8991 2
8992 3
801 2
802 1
8995 2
804 3
806 1
8999 0
808 2
9001 0
17195 0
11462 0
17199 2
6963 2
17205 1
12848 2
825 2
9019 1
8330 2
9022 3
15157 2
17218 1
9028 0
2210 2
841 1
9034 0
844 2
9038 2
9039 1
849 2
17235 0
852 2
853 0
17238 1
17239 1
856 0
858 1
17244 0
861 2
862 0
17251 1
14954 2
9065 2
875 2
9068 0
17262 0
879 2
17265 2
883 1
17268 1
17271 2
889 0
9082 2
892 2
17280 1
17283 0
9092 0
17285 0
903 0
17292 1
17293 0
9103 2
17297 0
9108 2
9109 3
9112 2
17307 2
17308 2
17310 1
17313 2
17316 2
9129 2
17323 0
9033 1
8349 2
944 0
1668 2
17331 1
158 3
9142 0
9144 3
9147 1
961 1
17346 0
964 3
9162 1
15308 1
17360 2
17366 0
983 0
17368 1
9182 0
9184 2
17379 2
17381 2
6994 1
17390 1
17391 0
17392 2
9201 0
1010 1
17395 2
17396 2
1013 2
9209 1
1020 0
17409 1
1026 2
9219 1
1028 1
9221 1
15310 1
17419 1
9228 2
9230 0
8365 1
1040 0
9234 2
1045 1
17430 2
17431 3
17432 2
17433 1
1054 2
5637 1
17440 2
1058 2
9252 2
9257 0
1543 1
9261 0
9262 2
1071 1
9265 1
854 0
9270 2
9271 0
1080 1
9274 2
9275 2
17468 1
9277 0
17470 0
17474 2
17476 0
9286 0
17480 2
10675 2
17487 2
13919 3
1106 0
17491 2
9300 1
17493 0
17494 2
9304 2
771 1
17498 1
1115 1
9310 0
1119 2
9312 2
9316 0
17509 2
17510 2
17512 1
17514 2
17516 2
17517 1
1135 2
17520 1
1137 0
17522 0
1141 1
15209 1
8383 2
9341 2
1150 2
9343 2
17538 1
17541 1
17543 0
17544 2
17546 2
9357 1
17550 2
17551 2
1168 3
17553 2
17555 3
1173 2
1174 2
17559 2
1177 2
9373 3
9374 1
9375 0
17568 0
17570 2
17571 1
1189 2
17574 1
17577 1
16583 2
1196 2
9389 0
8392 2
1203 2
9397 2
9398 1
17591 1
17593 2
1213 1
9409 1
1218 2
17603 3
1221 2
1225 2
17610 2
9421 2
9426 2
9427 2
9428 2
12494 2
17631 0
9441 2
1251 1
17637 0
9446 1
1256 2
9449 0
17642 1
16594 2
1262 2
15229 2
17650 1
9459 2
9461 2
17654 3
1271 0
9465 1
17660 2
1277 1
9470 2
17663 1
17666 2
5675 1
1284 1
9477 2
17670 0
1290 1
9484 1
1297 0
1299 1
17684 2
9493 1
17686 2
1303 1
17688 0
17689 2
1307 0
1308 3
17695 2
17698 0
17699 2
1316 3
17702 2
17706 1
1324 2
1408 0
1331 1
17716 3
17719 1
1336 2
1338 1
1340 2
17725 0
17726 2
17727 1
17729 1
17730 1
7051 1
4682 2
1349 0
9543 2
1353 0
17738 0
1355 1
1356 3
1358 2
1359 1
9554 2
9555 1
17748 1
9558 1
17753 0
17756 0
17757 1
9566 0
1375 2
1377 2
17231 0
5691 2
17764 2
1381 2
9574 1
1383 2
17768 2
9578 1
9580 1
17774 1
17981 1
17779 2
9589 1
9590 2
17783 2
9592 1
9594 2
17787 3
9597 2
1407 2
9600 1
17984 0
9604 2
9606 1
1415 2
17801 2
9611 2
1420 0
17813 1
1430 0
18613 3
17818 2
1436 1
1437 3
1605 0
1440 2
8432 1
9637 1
1446 2
9639 2
9640 2
9642 0
17835 2
9645 2
1454 2
7069 0
17992 2
1458 2
17849 2
9658 2
17851 1
9660 2
1469 2
1471 1
1475 1
9669 2
17862 1
15265 1
1482 1
9676 2
15266 1
9679 1
9680 0
1496 1
9690 2
1615 2
9692 2
17885 0
9694 0
17887 2
2505 3
1509 2
9702 2
17895 0
17896 1
9706 1
9708 2
4349 2
1521 3
1524 1
9720 1
17913 2
9722 2
17919 0
6325 1
17922 0
1539 2
17926 0
9735 0
1544 1
17934 2
9745 0
17939 0
17940 0
17941 1
1561 2
9754 2
17948 2
17952 2
17955 2
17957 0
1575 1
9768 2
9770 1
263 2
17964 0
9773 2
17971 2
9781 1
17975 2
17977 2
17979 2
1596 2
9789 1
9791 2
9792 2
17985 2
6600 0
17989 1
1608 1
9801 2
1611 3
17996 1
1613 2
17999 0
11192 2
9810 2
9811 0
9812 0
1622 2
9815 2
9817 2
1630 1
18015 2
9829 2
18022 1
1639 2
1640 2
1641 2
1643 1
9838 1
18032 0
1652 2
1653 2
18044 0
1661 1
9854 1
1663 2
7104 0
1666 2
18052 0
1671 1
18056 0
18057 2
1674 2
1676 1
1677 0
18062 2
13933 0
18066 1
9875 3
1685 2
1687 2
1694 2
1695 2
1697 0
9894 1
1966 0
18088 2
9897 1
18091 2
9902 0
1711 2
1712 1
9906 2
1717 2
1719 2
9915 2
18111 1
1729 1
18114 2
9925 2
18118 1
9929 2
1738 2
13943 2
18126 0
1746 2
1747 0
1748 0
18133 2
1750 1
1751 2
9944 0
1754 1
1758 3
1759 2
1764 2
10346 3
1769 2
18155 1
18156 1
1773 1
18159 2
1662 2
1785 2
1786 1
9981 2
1790 2
18176 2
18178 1
18179 1
1800 0
18191 2
18194 3
18196 1
18201 1
18203 2
1821 1
10014 1
18207 2
1826 2
1827 2
18214 2
10023 3
18217 0
18218 2
1835 1
10028 1
10031 2
18224 0
18225 2
10035 2
18228 2
18229 1
1847 0
18232 2
1852 1
10045 1
11961 0
10047 1
1856 2
1857 2
1858 1
18243 0
10053 1
10054 1
18247 2
10056 2
18250 2
18261 1
10071 1
18264 1
18267 2
1887 2
10080 2
18275 1
10084 1
18279 1
10089 2
18282 1
3047 0
18284 1
18286 2
10095 2
11240 3
18290 0
10099 2
5519 1
18294 1
10104 1
1916 3
1918 2
18069 0
320 3
18306 2
1924 2
10118 2
1927 3
18312 1
1929 0
18315 3
10124 0
16706 1
18320 0
18321 2
18324 2
1947 1
10140 2
18334 1
15068 2
10149 1
10152 3
1961 2
10155 2
18348 1
1965 2
18350 0
1971 2
18357 2
18079 2
18366 2
18374 1
1992 2
10186 2
18383 2
18384 2
2006 1
18391 0
10201 1
18394 2
10208 2
18404 2
10213 2
10216 2
18409 3
2027 0
18413 3
6887 1
18419 1
18420 2
2038 0
10233 1
2043 1
2047 2
18434 3
2052 2
2054 3
18439 2
2057 2
2061 3
2065 0
2073 2
18095 0
10270 3
18465 1
347 3
10279 2
10281 2
2091 2
18483 2
2101 1
11273 3
2109 0
10304 3
10306 1
18499 1
2116 2
2121 0
2122 3
10316 2
10317 1
2126 0
10319 3
2128 1
2129 1
10322 0
10324 1
2137 2
2138 2
10332 1
10335 2
10337 2
10339 1
10340 3
2150 2
18538 2
18546 3
2164 2
10358 2
1727 0
2173 1
10366 2
15381 2
2176 2
10372 1
18567 3
2184 3
10380 1
18579 2
10389 0
2198 1
2199 2
18584 1
2201 2
2207 1
10401 2
18594 2
2212 1
18597 3
18598 2
2215 1
18603 0
10412 2
8563 2
2229 2
18614 2
18615 1
18616 1
2234 2
2236 2
18122 1
2240 2
10434 2
18628 2
2246 3
2248 2
2254 2
10448 3
2257 0
2259 1
18644 2
2261 1
10456 1
18649 0
18650 1
18651 1
10462 0
10463 2
10466 0
10467 2
2278 2
2281 2
18666 2
2286 2
2297 2
18682 1
1749 0
18688 1
16768 2
10498 2
18692 2
10505 2
9999 2
18701 2
18704 1
10514 2
9079 1
18708 2
10517 1
18710 2
2327 1
18714 1
18715 3
2333 2
10530 1
18723 1
2340 3
18727 3
12626 2
18733 2
18734 2
5853 2
18737 2
2356 2
18142 1
2358 1
2362 2
18143 1
2364 2
18749 1
18750 1
7221 0
2371 2
10565 2
10568 1
2381 2
2383 1
2386 2
18771 2
2388 2
10583 2
10586 0
2395 0
10589 2
18785 3
2403 1
18788 1
18790 0
18792 2
10604 3
10606 1
10607 1
10609 0
10612 2
2421 1
10616 1
18811 1
10620 0
10622 2
2433 1
2436 0
2437 1
10631 2
2440 2
10634 1
2444 1
10637 0
18830 0
18157 2
10640 3
2452 2
18839 2
10649 2
10650 2
18844 1
18851 3
18852 0
18853 2
10662 2
2472 2
4508 2
2483 1
2484 0
5811 2
2487 2
8539 1
18165 0
71 1
2503 0
10697 0
2514 1
10707 2
10709 2
10712 2
10714 1
10715 1
10716 1
2525 1
2527 1
2528 0
13996 1
10724 0
2536 0
2539 2
10732 3
16997 2
2544 0
4520 0
2546 2
10739 3
10741 1
10743 1
16811 2
2565 0
2569 2
2571 1
2572 0
10766 0
2578 1
10771 1
10773 1
2586 1
2587 1
2591 0
2595 2
10791 1
2600 2
10793 0
10796 2
2606 3
10799 1
2609 0
10802 0
2615 2
10808 3
10809 1
10812 1
10813 0
10814 1
16821 1
10817 1
10818 0
10820 3
7265 1
10825 0
2634 2
2640 2
2641 1
10841 3
2650 1
10843 1
10846 2
2655 2
10850 1
443 0
2660 1
10856 2
2665 1
10858 1
10860 1
2671 0
10867 1
10871 2
10873 0
10879 2
2688 1
10881 2
2690 0
2692 0
10886 0
2702 2
10898 0
8643 1
10900 1
10901 2
10902 1
1817 1
2714 0
2715 2
10911 2
10916 2
2730 1
18640 1
10925 1
3187 2
2744 0
10940 2
2750 1
2751 0
2752 0
10945 2
2754 2
2758 2
2762 2
2766 0
2769 0
2771 0
10964 0
10973 2
2782 1
2783 3
10981 0
2790 1
2791 2
2792 2
2793 0
10991 1
10992 2
10996 1
2807 3
11004 2
10026 2
4565 1
7296 0
2819 0
11012 2
2821 1
11014 3
11015 2
2825 2
2549 2
5933 2
2833 0
2836 1
2839 2
2840 0
11034 2
1839 2
11038 2
10032 1
2851 1
11045 2
2854 1
11051 3
2860 0
11056 0
1843 0
2868 1
7875 1
3209 2
11065 2
15498 0
2878 3
2880 2
2882 2
7461 1
11078 2
11081 1
11082 2
2892 2
11087 2
11089 2
2898 2
2900 1
2904 1
17789 1
2909 1
2915 2
2919 0
11112 1
18236 3
11114 3
11118 0
2927 2
2928 1
916 0
2939 2
11132 2
2942 2
2944 2
10048 2
11139 1
2950 2
2952 2
11148 2
11152 2
2962 0
2963 3
2968 2
11162 2
11164 0
2973 2
2975 1
15102 1
2979 2
9567 3
11174 0
2983 2
2992 2
2993 1
2995 2
11191 2
3000 2
11193 0
1866 2
3012 2
3013 1
11207 3
3016 1
11209 2
11214 2
11217 2
11220 1
3029 1
3030 1
3031 1
3034 2
3038 1
3040 2
3041 1
11239 2
3048 3
3049 2
11243 2
3052 1
3053 2
12799 0
3072 0
3074 1
3076 2
11272 2
3081 2
3087 2
3094 2
3098 1
3099 0
3100 0
11293 2
3102 2
3104 0
14171 0
11307 2
11312 2
3124 2
3125 0
3131 0
3132 1
11327 2
1888 2
3141 2
11334 2
11335 2
11336 2
8716 1
3146 0
11340 2
11343 2
10083 2
11350 1
11351 0
11353 1
11354 2
3165 1
11364 1
11452 2
11370 1
11379 3
3188 2
3191 2
4629 0
11393 2
11397 2
11398 2
11401 0
11402 0
3215 2
3216 2
11411 2
16279 0
1902 1
3222 1
11417 2
18287 1
3230 1
3231 1
11425 2
3237 1
11430 0
11431 2
3240 2
11435 2
3249 1
3253 1
3255 1
18292 0
11451 1
3260 0
3263 2
3264 0
11457 2
11458 2
3268 2
11461 1
3270 1
8737 2
3272 0
11465 3
11471 2
3280 2
3281 3
3285 1
11478 3
11479 3
3279 2
11484 1
9657 0
3305 1
551 1
3308 0
11502 2
11504 3
3313 2
3314 3
11508 2
3320 2
3322 3
11515 0
3324 2
16938 0
3327 0
3330 1
11523 1
3286 1
6018 1
3344 1
3349 2
15577 3
3354 2
11547 2
15578 0
3358 0
3361 0
11554 1
1926 3
3366 0
11559 2
11565 1
11567 0
11568 2
11570 3
3380 1
3382 0
11575 0
3387 1
3389 2
3395 1
3397 0
16951 2
11599 1
3417 3
3422 1
3423 1
3427 2
11620 1
3434 1
4669 2
3440 1
3441 1
11636 1
3447 2
11640 2
16959 2
11648 1
11652 2
3466 2
12866 2
11662 2
4480 1
11669 3
11670 3
3480 2
3482 2
11675 3
3485 1
15600 2
3491 2
11685 3
3495 2
3500 2
11693 0
11694 1
8300 2
3506 0
10142 2
11703 1
3515 1
11709 1
3520 2
3521 2
11715 0
11724 2
3535 3
3539 0
11732 0
11742 0
11743 1
11744 2
11745 2
3323 2
3557 2
11752 0
3564 3
3567 2
11760 2
13485 2
11764 2
11766 0
11767 1
3579 1
11773 2
17850 1
11776 2
3588 0
1964 2
11786 1
3595 0
11793 1
11795 3
3605 1
11800 2
3611 3
11804 1
11808 1
3621 2
3622 2
11815 1
3629 1
3630 2
11823 1
11824 1
3633 1
3634 3
3637 2
11831 1
11833 1
11834 2
11836 0
11838 2
11841 2
11842 0
11849 0
3658 2
3667 2
3674 2
3677 2
12901 2
11873 1
11874 1
3683 1
11877 2
11878 1
3687 0
3688 1
3689 1
11884 2
11887 2
3702 2
3703 2
3706 2
11899 2
17002 1
11902 2
11905 3
3715 1
12909 2
3730 2
3731 1
8814 2
3738 1
3740 0
670 2
9443 2
3747 1
11941 2
3751 1
11944 2
11549 3
11952 2
17011 0
3764 1
11958 0
3769 2
11962 0
11963 2
3772 1
3777 2
3778 0
3779 1
11975 1
3784 2
11977 0
3790 2
3792 0
12920 1
3796 2
12921 2
11557 2
17019 1
12011 3
3820 1
3821 2
3834 2
3840 0
3841 2
12037 2
12041 1
2007 1
3858 0
3862 2
12055 2
4740 0
3375 2
3376 2
3876 2
12069 1
3879 2
3885 2
3887 2
3889 2
12089 1
12095 0
12098 1
8843 2
12100 2
12102 0
12106 2
7479 0
12109 2
12110 2
2020 3
12126 2
12136 2
12138 1
12139 2
658 0
3950 0
12144 1
12148 1
12154 0
3963 2
12157 3
12158 2
3968 3
12162 1
15681 1
3978 2
3979 1
12173 0
12175 2
3984 1
3985 2
12181 1
12182 3
12183 2
12184 2
625 3
4001 1
667 2
4006 2
8860 1
12202 2
12206 1
12210 2
952 1
4766 1
12214 2
4024 1
12221 0
4030 1
12960 2
7499 3
4037 3
4038 0
4043 2
4045 3
4050 1
4051 1
12248 2
4058 2
4059 3
12252 2
12255 1
12257 0
12259 2
12260 1
4069 3
17063 1
12270 2
4086 2
4087 0
12286 1
4099 2
12292 2
4102 3
4103 2
12300 2
12304 0
12310 2
12314 2
4123 1
4124 2
12324 2
7516 2
12331 2
14344 0
4151 2
12344 2
4153 2
11615 1
12348 1
4162 0
12355 1
4164 0
4173 2
4175 2
4177 2
12376 2
12380 0
4191 2
4192 2
12387 2
12390 2
6161 1
12392 1
14357 2
12417 2
12422 2
12425 1
4239 0
4242 0
4245 2
4249 1
16886 2
4255 0
4256 2
4258 1
4260 2
4262 2
4270 0
16509 1
12465 1
12470 2
12472 1
12473 1
4282 0
8906 2
12484 2
12486 2
12487 0
4296 0
4297 0
11639 1
4302 1
12495 2
12496 1
4306 3
4307 2
12501 2
12503 0
4312 2
4316 1
4318 2
4320 2
4321 3
4323 2
12516 3
4325 2
12521 2
4331 1
13010 0
4335 2
4337 2
4819 1
12533 2
4342 2
12536 1
12539 2
12541 1
12543 2
4352 3
12545 3
4354 2
4359 2
12554 3
12558 0
4370 1
4374 2
12567 1
4379 2
4380 2
730 2
4383 2
4385 1
4827 1
4389 2
4390 1
12584 2
12590 3
12592 2
2099 2
13023 2
4412 3
12610 0
12615 2
12618 1
4427 1
12620 3
12623 0
12624 2
4433 1
4434 1
4436 2
4437 3
4438 3
4439 2
4441 1
12635 0
12636 0
12638 2
12645 0
12646 3
12647 1
4457 2
12651 0
12652 2
12654 0
12657 2
12662 1
12663 2
12667 0
746 2
12672 3
4483 0
4485 2
4490 1
4491 1
12686 2
4497 0
4498 2
4501 0
4503 2
10308 0
12698 2
12700 1
4509 1
4511 1
12705 2
4514 2
4516 0
4518 1
12711 2
12712 3
4521 1
12714 1
12717 1
14608 2
4529 2
4532 1
12726 0
12727 1
4536 0
12730 1
12731 0
12732 1
12733 1
17882 0
12737 1
12739 2
12743 0
4552 1
4553 2
13047 0
12748 2
4557 1
970 0
12757 2
12762 3
4571 0
12765 2
4574 3
7589 0
4579 3
4580 1
4581 1
4583 1
12778 0
12780 1
12786 0
4595 1
12790 0
7593 2
2132 0
12794 3
12795 0
4605 2
6850 1
4610 1
12804 1
12805 1
4615 0
12809 1
12811 2
4620 0
4621 2
4623 2
4624 1
4626 2
4627 3
12820 2
12821 0
4632 2
12828 0
17157 0
12832 1
4642 0
4645 0
12840 1
12841 1
12843 1
12844 3
4656 1
10579 2
12852 2
4662 0
12856 2
4668 2
12861 2
12862 2
4671 0
12865 2
4674 1
4677 1
12870 1
2145 2
12872 2
12874 1
4683 0
4687 0
4688 1
12883 1
12884 1
4694 1
4698 2
8975 2
4703 3
12900 1
4709 1
4713 0
12906 2
4717 0
4719 0
4724 2
4726 1
12919 1
10523 2
4729 2
4733 2
4736 2
12929 0
12932 1
4741 1
4744 1
4748 1
12941 1
12946 1
4755 1
12955 2
12958 0
15813 0
4768 2
12961 2
12963 1
4772 0
4773 2
12966 3
12970 2
1341 2
12972 2
4784 1
12977 2
12980 0
12981 1
4790 1
12983 2
4792 2
4793 1
15981 0
17345 0
13878 1
4804 2
4807 1
4808 1
4811 3
4813 1
4816 1
4817 2
4818 0
803 2
13012 1
13014 2
4825 2
4826 1
13019 2
14458 2
4831 1
13027 0
4836 0
13030 2
4839 0
4844 1
9000 1
13042 2
13043 2
4855 2
4863 1
4866 0
13060 0
4872 2
13067 3
4881 1
13078 0
4887 1
13080 1
8619 3
4897 2
13090 2
13097 2
12984 2
4911 2
13107 0
4916 2
13119 0
4928 0
4929 0
4933 0
7649 2
13128 1
13129 2
4939 0
13134 1
4948 2
13142 1
4952 2
4958 2
13154 2
7803 0
13156 0
13157 2
15714 1
13168 2
13172 0
13173 2
4985 1
4986 2
13190 3
10391 1
13196 0
9026 2
13199 1
13200 0
13202 1
8623 3
13209 2
5018 1
13211 3
3568 0
5026 2
5030 2
11761 1
5033 3
13227 2
13230 2
5043 2
5044 2
5046 2
17225 0
5049 3
13245 2
5054 1
13249 3
5058 2
13131 2
5063 2
13256 1
13259 2
14498 2
13262 2
13263 3
5072 3
13266 1
16455 2
5077 1
13275 2
13282 2
10407 2
5100 2
13293 1
13297 0
13298 1
5108 1
13301 2
13303 2
13304 2
17236 3
13310 1
1807 0
5121 2
5123 2
13317 0
13320 2
18604 2
13323 2
5137 1
5138 0
13331 2
13337 2
5146 0
5154 2
13348 1
13349 0
13352 0
13353 0
13360 2
5171 1
13150 3
13371 3
13372 1
13373 2
10421 2
5186 0
5187 0
5191 2
13385 1
13386 1
5196 2
5197 3
9059 0
13397 0
5209 2
5210 3
5211 2
13405 2
5214 2
9691 3
2083 2
13413 2
13414 2
13418 1
13419 1
13420 3
13421 0
10429 2
13431 2
13433 2
13435 2
5244 0
18626 3
13458 0
13460 0
13464 3
5276 2
5277 0
5283 2
5286 2
5287 2
12724 1
5292 2
5293 2
15901 1
18632 2
5301 0
13494 3
13495 0
13498 2
13500 0
4981 2
7712 2
5318 0
13511 2
5323 2
13520 2
11907 2
5336 1
5339 1
13532 0
13535 2
5345 2
13542 0
5352 1
13551 2
5361 2
5362 2
13557 0
13559 2
2260 2
13565 2
5374 1
5376 2
9088 3
5378 2
13573 2
5389 2
13587 2
9093 1
5408 1
3632 0
13602 2
13608 2
5417 3
13610 1
9095 2
5422 2
13615 1
5430 0
13625 0
13626 3
18655 2
5436 3
5437 2
13195 0
5445 0
13638 2
13640 1
13651 0
13653 0
13655 1
5465 2
13658 2
13659 1
5469 1
18662 2
13671 1
13675 1
13676 0
5486 2
5490 1
5493 2
14221 0
5495 3
5496 2
5497 2
13695 2
5508 2
13703 1
5513 2
13710 2
13711 2
920 2
13718 2
13719 1
13720 2
13210 2
13727 1
5539 1
13732 2
13734 1
13741 2
5550 2
5553 2
5556 1
13750 2
13751 1
13752 1
13753 1
13754 2
5564 1
7754 1
5567 2
13762 1
5571 1
5576 1
13769 0
651 0
5579 2
13772 2
5581 2
5583 2
5587 1
13780 1
13782 2
13788 3
5603 0
5606 0
13799 2
5610 2
14917 1
12462 2
5619 1
13818 3
5627 1
5630 2
13828 1
13829 0
5639 2
5641 0
13834 2
13836 2
5651 0
5652 0
13845 1
5657 1
5658 3
13851 0
5664 2
13858 0
15963 2
5670 1
13865 2
13867 2
13868 0
5683 1
5684 3
5686 2
6409 1
13883 0
13884 2
13888 0
13891 1
13901 2
5712 0
17336 2
7779 2
5720 2
3685 2
18467 0
13922 1
17339 1
13927 1
18706 2
5742 1
5743 1
13937 1
5747 0
5749 1
5751 2
13946 0
18709 3
13954 1
13959 1
5772 0
13965 0
13967 1
5777 2
13974 1
5785 2
5787 0
13984 0
5793 1
13986 2
13987 2
5798 2
5800 1
13993 2
5803 1
5804 1
13997 0
5808 2
10559 2
5810 0
14003 2
5814 2
5818 2
14013 1
5822 1
5839 2
5841 1
14036 1
575 1
14042 2
5851 3
14045 0
5854 2
14050 1
5859 2
14053 2
5865 1
14059 1
14063 1
5875 2
5879 2
5881 2
14077 3
14084 1
5893 1
13017 1
17367 1
742 0
5907 2
14103 1
5913 1
5916 1
5922 0
5925 2
2353 1
5930 2
14124 0
14125 2
14126 2
743 0
6451 2
14132 3
14133 2
14138 1
14140 2
14142 3
14157 2
14170 1
3727 2
18746 2
5982 2
5983 0
14180 1
5989 2
14186 2
14188 2
14189 0
6003 1
6004 0
6005 1
6011 2
6012 0
6013 2
1564 1
14210 2
6022 2
6024 2
13292 0
14658 1
14224 1
14227 1
9199 0
14240 1
9200 0
6054 2
6057 2
14250 2
6064 2
14257 1
14258 2
14260 3
6071 2
14272 0
14280 0
6094 2
14287 1
14289 1
6098 0
6100 2
6102 2
14296 2
6106 0
6107 2
6109 1
14302 2
16037 1
14306 1
14307 2
11661 2
6117 0
6119 1
6122 2
14320 2
6129 2
14322 2
14323 2
6135 2
6136 2
10580 0
6140 2
14335 2
6151 2
6152 3
14347 2
6158 2
14353 0
1027 0
6164 2
14117 2
6167 1
14360 1
6169 2
14365 3
6174 2
6175 1
14369 2
6182 0
14378 0
6191 1
14386 2
14389 2
14392 2
10625 1
6206 2
1025 2
14410 2
6221 1
6225 2
14420 2
10573 1
6231 2
14427 2
14428 3
14430 3
14433 2
16059 0
6244 2
14437 2
6250 2
6253 2
6256 2
754 2
6266 2
6267 2
12211 2
6270 2
14463 1
6272 3
14467 1
6277 2
6282 2
6283 1
6286 3
10575 1
11971 0
14488 3
14491 1
6304 1
6306 1
14501 0
14503 2
14510 2
14512 1
9246 0
18487 2
6330 2
6331 2
6332 2
14525 1
6334 0
6336 2
17669 2
14533 2
6348 3
1848 3
424 0
14546 0
6355 3
6356 1
6357 2
6367 2
6368 2
6369 1
14562 1
18812 2
6379 1
14572 0
6381 1
6385 2
6387 2
6393 2
14586 2
14591 2
14592 2
14593 3
14599 3
14601 2
6410 3
14604 2
6416 3
6417 0
6422 1
6424 0
6532 1
6426 1
6428 1
6488 2
14631 2
14632 2
6445 1
6446 2
17127 0
6448 1
10632 1
13363 2
14650 1
14651 2
1579 2
6466 2
6467 2
14661 2
14662 2
14664 1
14666 2
17463 1
14674 2
3811 2
14678 0
14679 0
14680 2
14682 2
14685 0
14690 2
17467 2
6503 2
6506 2
17469 0
6514 1
6522 2
6523 2
6527 1
6529 0
4309 2
14724 2
17174 2
14734 0
12013 2
14742 2
18841 2
9284 0
14750 2
6562 0
6565 0
17131 1
8402 2
14761 1
6575 2
6576 2
6577 1
14775 1
14778 2
14779 2
14787 0
6597 1
14791 2
14792 2
14793 1
6603 1
14800 2
14807 2
6616 1
6617 2
6619 2
6620 2
2469 0
14816 1
6625 2
14820 2
6631 2
6632 2
6640 0
6642 3
1107 1
6646 1
6647 2
6653 1
14848 1
12032 2
1110 2
6662 2
14859 1
6673 1
14868 2
6679 2
14874 2
14876 2
14878 2
6687 2
6689 2
6692 2
14886 1
14887 0
6702 1
6703 1
6704 1
14899 1
14900 0
6709 0
14902 2
3849 0
14904 2
14905 2
14913 2
14914 2
6724 2
6725 0
14921 1
14925 2
14928 2
6737 1
6740 1
6741 0
1861 0
14942 3
14945 1
14949 0
6762 1
14955 2
1589 3
9320 2
9418 1
14971 0
9322 1
18775 1
6788 1
14983 2
5228 2
14989 0
6798 1
6595 0
14996 2
15001 1
6810 1
17519 2
15004 2
15008 2
15009 2
1591 1
15021 2
18067 0
6833 1
15027 1
6836 1
6837 1
6839 3
6840 2
6841 2
15034 2
6843 2
6845 0
15042 2
15043 2
6853 0
15046 1
6859 1
15054 2
15055 2
15777 2
6869 1
15062 1
6871 0
15067 2
6876 2
15069 2
15072 0
6881 2
15074 0
15075 2
7867 1
15078 2
15079 3
15084 3
15085 2
15086 2
17533 3
6898 1
15095 1
6904 0
6907 2
15100 1
6910 2
8959 0
6912 2
15105 1
15107 1
15109 1
9232 2
15111 3
6922 1
6927 2
15123 1
15124 3
6933 3
6939 2
6942 1
15135 2
15136 1
15137 3
6946 2
14811 2
15140 0
15141 1
6950 0
15143 2
15144 0
15145 0
6956 0
6957 1
6958 2
6961 1
15155 0
6965 2
15158 0
6968 0
15162 1
14815 2
15165 0
15167 2
15174 2
15175 1
9921 3
6989 1
15186 1
15189 0
6998 2
15191 2
15192 0
7001 0
15194 2
7005 2
7006 2
7008 2
1169 0
7017 1
15212 3
15214 1
7023 1
7024 2
15225 1
15228 0
7037 1
10731 3
7044 3
15237 2
15240 0
1175 2
7052 1
15245 2
7055 1
16196 1
15261 2
7070 2
15264 2
14832 0
7074 2
7079 3
7080 0
15275 1
7085 0
15278 3
15279 2
15284 1
16201 1
7096 2
17567 3
15292 1
7102 2
7103 2
15296 2
9376 0
7109 0
15303 2
15305 2
7114 2
2551 0
7116 1
7117 2
16331 1
7120 2
7121 2
15314 0
15318 2
7128 2
7130 0
14422 3
15333 2
7142 1
7143 0
7157 2
7160 3
15353 3
7164 2
7169 1
9388 2
7179 3
15375 1
15376 3
7185 2
7189 2
15383 2
7194 2
15393 2
7203 2
15396 2
7205 1
15398 0
13879 2
15404 0
7214 2
15413 2
15414 3
15417 2
15160 1
15419 2
17589 0
6667 0
15428 2
7238 2
7243 2
15440 1
15457 2
7271 1
15467 0
10770 1
15478 2
15479 0
15482 1
13503 2
15485 3
15486 2
15488 3
15491 1
15496 0
15497 0
7306 2
7308 0
15503 2
15505 0
15509 1
7322 0
15517 1
7327 0
15520 0
15521 2
15522 1
7332 2
15525 2
4063 2
7336 0
7349 2
7350 1
15549 1
15550 0
15552 1
7365 0
7367 2
15562 0
15565 1
7374 3
7380 0
15574 0
14884 2
7386 1
7388 2
15582 0
15584 2
7393 0
7395 1
15588 1
15589 2
15590 1
8060 0
2599 2
7405 2
15599 0
7408 2
15602 2
15603 1
15606 2
15607 1
15614 0
15616 0
7434 2
15627 1
15628 3
15629 1
15632 2
15634 0
10798 0
15638 2
7447 2
7450 2
7452 2
16261 1
15650 0
7459 2
15653 0
15654 2
15655 2
5340 2
15658 2
15667 2
15669 1
15671 0
15672 1
7481 1
7482 0
7483 0
15676 0
10342 2
7488 2
7489 2
4341 1
7497 2
10807 0
7502 1
15699 1
15701 0
15704 0
15706 1
15707 1
15708 2
15711 2
6797 2
15713 2
7522 2
15716 0
15717 0
15719 1
15725 0
7535 0
17640 1
15734 2
17641 1
7545 1
15741 1
15744 2
15746 0
15748 2
7557 2
15752 1
7561 2
7563 2
7564 2
6722 2
15758 2
17645 0
15760 0
15761 2
15765 2
7575 2
7890 2
15769 2
7578 1
7580 2
15775 0
15776 2
7585 2
15780 0
15781 1
15783 2
7592 2
8092 3
15788 1
1266 0
7598 2
15793 0
16620 3
15798 1
15801 0
15802 3
7612 1
7616 2
15811 2
9462 2
7623 1
11165 0
7627 0
16291 2
15834 1
7646 2
8438 2
15842 0
7651 2
7654 1
15852 2
15853 1
15272 0
5373 1
17662 2
15862 2
15871 1
15877 0
7687 1
7688 2
7693 2
7694 1
7695 2
15890 2
7699 2
15895 0
15897 0
15898 2
7707 2
15900 2
7709 3
7711 0
15904 2
15908 1
7717 3
15921 2
15923 1
7732 1
15925 2
15930 2
15931 0
15932 0
18534 2
7747 2
15940 0
15941 0
7751 2
7753 3
15946 0
8119 0
15954 1
7766 1
10852 2
7771 2
15966 2
15971 2
15972 0
15973 2
7789 2
15983 2
15984 0
15992 0
9492 2
7802 0
15995 2
15997 1
15999 1
16000 2
5562 1
16002 2
16003 2
9494 1
16008 0
7819 3
16014 2
7832 3
16025 1
16032 1
7843 1
16036 1
16628 0
16039 2
7852 3
16045 3
16049 1
16050 3
7862 2
16056 1
9503 2
16061 1
7873 1
16066 1
16067 2
16073 1
7882 1
16079 2
16082 2
16086 0
2681 0
16088 1
9508 0
16091 2
7900 2
7901 0
7906 2
16683 2
7912 0
16105 0
16106 2
16107 0
16108 2
16110 2
16113 2
16115 2
16116 1
16117 2
16118 1
7927 1
7932 2
16129 1
16133 1
16134 0
7947 2
16143 2
16144 0
16146 2
7955 2
7956 2
16153 0
5423 0
16156 2
7970 1
7976 0
16176 0
7986 2
7989 2
16183 2
16186 2
16187 1
16195 2
8004 2
7086 0
8009 2
16203 0
16204 1
16207 0
16217 2
8028 3
16231 1
16232 0
9532 3
16235 1
8044 1
16238 3
13629 1
8051 0
8054 2
16250 2
16251 2
16252 1
8061 0
18272 0
8069 2
8072 1
16265 1
16266 2
17457 0
16271 2
8082 0
16275 0
8084 1
4078 1
6809 0
16283 0
16284 3
10906 2
8096 2
16289 1
10907 1
16292 0
8101 1
8104 2
8108 2
8109 2
8112 2
16307 0
17737 2
4362 0
16325 0
8134 3
6817 1
8137 2
12279 2
16333 1
16338 2
8149 2
16342 2
8154 3
16356 0
8165 2
8168 2
16361 2
16369 0
1363 2
16372 1
545 2
8182 2
16376 2
3273 0
16379 2
16380 0
16381 1
8190 2
