8192 2
8193 0
16386 2
11653 0
8199 0
8200 0
16393 2
16394 1
16396 1
16397 1
18058 0
16402 1
16404 3
16405 2
16406 0
16407 0
12657 2
16412 0
9562 2
16414 2
16415 2
32 0
16418 0
13659 1
8228 2
16422 2
8233 1
4751 0
16429 2
16430 2
16433 2
9566 0
16438 3
8247 1
16441 2
8250 1
16443 2
16445 2
16446 0
15029 1
66 1
16451 0
16452 1
69 1
2324 2
9569 2
73 2
74 0
16459 2
16460 2
17975 2
13096 2
80 1
1379 0
8276 1
16469 1
16471 2
16472 1
15034 2
17765 1
16480 0
16481 1
16482 0
99 0
16484 1
9574 1
102 1
16040 2
104 0
8297 2
1383 2
8300 2
16493 0
16494 0
8303 2
8304 0
116 3
16501 1
5481 0
120 3
8212 0
1095 0
123 0
16509 1
127 1
128 1
16515 2
133 2
16518 2
135 1
16520 2
8329 0
8330 2
8331 2
16524 1
141 1
16527 2
144 2
8337 0
148 1
8343 1
8345 3
16538 0
1391 0
157 0
16543 2
8353 1
162 2
8355 0
8356 3
16549 2
166 1
17777 0
8361 2
170 0
2759 2
173 2
175 3
8368 1
177 1
16562 2
9587 1
180 3
12318 0
10953 0
16568 1
185 2
8379 1
16572 3
11463 1
191 0
192 2
193 1
8386 2
8387 1
199 1
200 0
8393 2
202 2
5495 3
8397 2
16590 3
6861 0
16592 1
209 2
16594 2
8403 3
213 2
8406 1
8407 2
4132 0
218 3
8413 2
8415 1
224 2
225 0
8418 2
16611 0
228 2
16614 0
4648 1
16616 1
16618 2
16620 3
16621 0
8430 2
240 1
16625 0
16626 2
8435 3
16628 0
16629 0
18830 0
16631 0
2772 2
250 1
16636 2
16648 0
8447 0
16640 1
8449 2
8450 1
16644 2
261 2
16646 1
8455 0
8456 0
16650 0
269 0
271 2
8465 0
8466 0
8468 0
4142 0
9549 2
8473 2
16666 1
284 1
1646 0
8478 0
16672 0
555 2
8482 0
8483 0
8485 2
8486 2
8241 2
8488 2
297 2
8490 0
16683 2
17187 2
8496 2
305 2
9624 1
16691 2
16693 1
310 2
5513 2
312 1
16697 2
8506 1
16699 0
16702 3
319 2
10649 2
16705 1
8514 1
8515 2
324 1
8517 1
8518 0
16711 0
329 1
16715 0
332 2
8525 2
16719 2
16720 2
4152 2
338 1
8531 1
8532 1
8533 3
16726 0
8535 2
344 2
345 3
346 3
8539 1
16732 1
16733 2
16734 1
8543 3
1386 3
16740 0
16741 2
16742 1
16743 2
16744 2
8553 2
10105 0
15080 2
8564 2
7923 0
377 0
378 3
16765 2
8574 0
383 0
18233 2
385 2
387 0
8583 3
394 2
16779 2
396 1
16450 0
16784 2
16785 3
8594 1
8259 2
8596 0
16790 1
407 2
8260 0
410 2
411 2
16796 3
8608 1
8609 2
8611 2
420 1
16808 1
8617 0
427 2
428 2
8621 0
16814 2
16817 1
16818 0
16819 2
438 0
8631 1
16824 0
10996 1
442 1
16829 1
8638 1
7670 3
16833 2
450 1
8643 1
8644 2
454 2
455 1
16841 2
16842 1
8651 0
461 2
462 3
16847 0
464 2
15096 3
466 3
16851 2
16853 0
16854 2
6905 1
16856 2
8665 2
16858 0
15039 2
477 2
8671 3
8272 2
483 2
8676 0
9638 3
8679 2
16873 1
16876 3
11005 1
496 2
18020 0
8690 1
8691 2
500 2
15102 1
16886 2
5745 2
504 3
8697 0
506 1
508 0
509 3
8702 2
8704 0
6912 2
16900 2
517 0
16902 2
16904 3
16905 1
8714 1
16907 0
524 2
16909 1
16912 3
4184 2
530 2
8723 1
532 3
8725 1
8726 2
535 0
536 3
537 3
538 0
1455 0
8732 1
13657 0
16928 2
16929 2
547 1
16935 2
552 1
8745 1
8746 2
16939 1
16940 2
558 1
16477 2
16946 2
563 2
564 1
565 1
16950 2
567 2
8761 1
8762 1
8763 0
16956 1
574 0
8767 0
8769 1
16962 2
8771 3
8772 0
581 1
3023 0
583 1
585 2
587 1
588 1
16975 1
16976 1
16977 0
594 0
8788 2
17849 2
8292 2
8794 1
15119 0
8796 0
605 3
606 0
4197 2
8800 1
8802 1
611 1
8804 1
16997 2
8806 0
8808 0
617 0
8810 2
8811 1
8812 2
15122 2
8814 2
9661 1
8817 1
12494 2
6931 2
629 1
17014 1
17015 0
632 0
13759 0
21 0
8829 3
17022 0
17023 1
8832 2
641 0
8834 2
8835 1
17028 0
17030 1
647 0
17033 2
17034 0
17035 2
17036 2
17037 2
654 0
655 2
17040 1
17041 1
8850 0
3568 0
663 2
664 0
17049 1
17050 1
8860 1
669 2
8862 2
8863 3
672 0
673 2
674 0
6939 2
676 2
17061 2
17062 0
17065 0
17066 2
17067 1
685 1
688 0
8881 2
17074 1
8884 2
2846 2
16500 0
6943 2
17084 1
17086 3
8895 3
5351 0
706 2
17091 0
708 2
17093 1
8902 2
17095 0
17096 1
17097 2
8906 2
17099 2
7116 1
15138 0
17102 0
719 3
720 3
8312 1
722 0
17110 0
727 2
17112 0
8921 2
730 2
17115 2
732 1
17118 2
17119 0
737 2
738 2
17123 2
8935 2
744 2
8937 0
8938 2
17131 1
748 2
749 0
750 2
8943 1
17138 1
17140 0
17142 0
12771 1
8953 1
12415 0
764 2
17151 2
17154 0
771 1
17156 2
773 2
774 1
17159 3
8968 0
779 0
780 2
17165 1
8975 2
17168 2
17170 3
787 2
788 2
17173 1
790 2
8588 1
17177 0
8986 2
9690 2
8990 2
16517 1
17184 1
801 2
803 2
17188 2
8326 2
8999 0
808 2
17193 2
17194 2
17196 1
814 2
17199 2
18811 1
17201 1
17203 2
17207 3
9018 2
17211 1
16522 1
9022 3
17217 2
16154 3
9575 1
17220 1
2210 2
6029 2
17225 0
17227 1
844 2
845 1
846 0
17231 0
17232 1
17233 2
9042 2
851 0
852 2
17237 2
854 0
17242 2
17244 0
861 2
862 0
9055 0
865 1
9058 3
9059 0
17252 2
9061 1
145 2
17256 2
9065 2
17258 2
17260 2
17262 0
879 2
17264 0
17265 2
882 0
883 1
17268 1
887 2
889 0
9082 2
891 1
892 2
9086 1
9088 3
9089 2
17282 3
9092 0
9093 1
902 1
9095 2
17289 1
9098 2
151 1
17292 1
17293 0
910 1
9103 2
9104 2
913 2
17300 1
917 1
9112 2
17306 2
17307 2
17308 2
9117 2
17310 1
17311 2
928 1
17313 2
930 0
931 3
9124 1
9125 2
934 0
9127 2
5293 2
9129 2
17322 2
17324 2
8349 2
9136 2
15176 1
9138 0
9139 2
9142 0
10670 1
952 1
953 2
17338 1
17339 1
2890 3
959 2
961 1
17349 0
10585 0
17351 1
9161 0
970 0
13815 0
9165 3
17359 0
17360 2
3033 0
163 2
9173 2
983 0
17368 1
9177 1
9178 1
6991 0
2215 1
9184 2
17491 2
17381 2
9190 0
17388 2
17391 0
9201 0
6853 0
17395 2
17396 2
10154 0
17399 2
9209 1
10945 2
1019 0
9214 3
1023 2
9216 0
17409 1
9218 2
1027 0
1028 1
1031 3
9224 1
1035 2
1036 0
1037 3
9230 0
8365 1
4644 1
2904 1
17426 2
12391 1
12462 2
17430 2
11097 1
17432 2
1049 1
1051 1
1052 0
13829 0
1056 0
4272 1
9250 2
9252 2
13830 0
1063 2
6513 0
1067 2
9310 0
17453 1
9262 2
1071 1
9264 1
9265 1
9266 3
9268 1
9269 2
9270 2
5641 0
1080 1
1081 0
9274 2
1127 1
17469 0
17472 0
1089 3
9283 1
17476 0
17477 1
1094 3
9287 0
17480 2
9290 3
183 2
17485 0
1102 0
17487 2
16865 0
8376 3
9299 3
1108 2
9301 0
17495 1
9304 2
14175 0
285 1
17499 2
9308 1
18859 1
17502 3
1401 2
9312 2
1121 0
17506 2
187 1
1124 2
17509 2
9318 0
17511 1
17512 1
17514 2
17515 3
9325 0
1135 2
1137 0
1138 2
14768 0
190 3
17529 1
17530 1
8383 2
17532 2
1402 1
1150 2
9343 2
17536 2
1154 2
1155 0
9349 2
17542 1
16577 0
17544 2
1162 3
9355 3
5767 0
17549 1
7021 3
17552 1
17553 2
9363 1
17556 2
1173 2
1174 2
17559 2
17560 1
1177 2
15215 0
1180 1
17568 0
16679 1
1186 0
1187 2
1189 2
17574 1
17575 1
17576 1
17577 1
17578 2
12487 0
9388 2
17581 1
9390 1
1200 0
8392 2
17589 0
1206 2
201 1
17593 2
17594 1
1211 3
1212 3
1213 1
9409 1
1218 2
1219 0
9412 1
1221 2
17607 2
9416 1
1972 0
17610 2
17612 2
17613 0
12316 2
9228 2
9425 1
1234 1
9427 2
1236 1
206 3
17623 1
1240 0
9433 2
1242 3
12495 2
17628 2
16681 1
7952 0
18045 0
17632 1
9441 2
5998 3
1251 1
17636 1
9446 1
17639 1
9448 0
17641 1
17642 1
9451 0
17644 1
17645 0
1264 3
17649 1
17650 1
9461 2
17654 3
9463 2
1273 2
17659 2
17660 2
1277 1
17662 2
17663 1
17664 0
9473 1
1282 0
17668 0
9477 2
1286 2
9479 2
9480 2
9481 2
1290 1
9483 3
1292 2
9485 1
17678 1
1298 2
9492 2
1301 2
1303 1
1304 2
17689 2
7323 0
17695 2
17696 1
1313 3
17698 0
9507 0
17700 1
1320 1
1321 2
1322 2
1324 2
5682 3
9518 2
221 3
1329 3
1330 0
1331 1
9046 1
17719 1
1336 2
17721 2
1338 1
9531 2
9532 3
17726 2
17727 1
9536 0
16608 0
9540 2
17735 2
17736 0
17737 2
1354 1
13879 2
17740 3
45 1
1358 2
9551 1
11793 1
9554 2
9555 1
12866 2
1365 0
9558 1
1369 2
1370 2
17755 0
17756 0
14503 2
17758 0
1375 2
1377 2
17762 2
5691 2
1380 0
1381 2
17766 0
17767 1
9578 1
1387 1
9580 1
15250 3
1390 2
9583 2
8424 2
11155 0
1396 2
9591 0
9592 1
17785 0
9594 2
9596 0
9597 2
1408 0
17793 1
1410 2
9606 1
1601 1
17800 2
12595 2
1418 0
9611 2
1420 0
1421 0
9615 2
9616 0
1425 2
1428 0
9621 1
17814 2
9623 2
17631 0
9625 0
9626 2
17820 0
1437 3
1438 1
9631 1
1440 2
12323 3
9634 1
17827 1
1444 2
9637 1
1446 2
9639 2
9642 0
9645 2
9646 1
11165 0
9648 2
1458 2
16627 0
17846 0
9656 1
1465 2
1466 2
17851 1
9660 2
1469 2
1470 2
17855 2
17013 2
1475 1
9669 2
1478 1
9671 1
9673 1
1482 1
1483 2
9676 2
1486 0
17997 3
1488 1
9681 2
4647 0
1494 3
8441 2
15268 0
17882 0
9691 3
9692 2
17885 0
9694 0
13689 0
9696 1
17889 0
15053 2
8655 2
9702 2
17895 0
17896 1
17900 2
1201 0
15872 3
9719 1
9720 1
17913 2
2986 0
9726 2
4961 1
1538 2
17924 0
17926 0
9735 0
1545 2
12546 0
17934 2
17935 1
17938 0
17939 0
17942 0
2234 2
17944 1
1561 2
9754 2
7087 1
17948 2
16645 1
9761 1
17955 2
17959 2
14237 0
1577 3
9770 1
17963 1
17964 0
9773 2
17966 1
17969 0
11187 0
6283 1
9781 1
1591 1
9784 2
17977 2
9786 0
17979 2
1596 2
1597 1
17983 3
9792 2
17985 2
1602 3
4363 2
1605 0
1608 1
17995 2
17996 1
1613 2
1614 1
8461 3
4421 0
9810 2
9811 0
9812 0
1621 0
3001 2
18008 1
9817 2
1629 0
1630 1
18015 2
9826 2
14239 0
9829 2
9830 2
1639 2
1640 2
18027 2
18028 1
12562 3
18030 2
873 1
18032 0
9875 3
18038 2
1655 2
1657 2
9852 0
1661 1
1662 2
9855 0
1664 1
1666 2
18052 0
601 1
1671 1
1672 3
1674 2
1677 0
18062 2
9873 2
18067 0
9876 0
1685 2
18070 0
9879 0
1691 2
18076 0
18077 0
18078 2
7109 0
1696 2
18081 2
12571 1
1700 2
9893 3
1702 2
1703 1
10706 1
14414 2
1708 3
1709 0
14787 0
18095 0
1712 1
1713 0
18098 2
9907 2
8786 1
1717 2
1719 2
1720 0
1721 2
18107 3
9916 1
18110 1
9886 0
1729 1
1732 2
1734 1
9927 2
18121 1
18122 1
13943 2
1740 0
18126 0
18127 0
1748 0
18133 2
1750 1
1751 2
4388 0
9946 2
1755 1
18141 0
18142 1
7120 2
4423 2
1763 0
1764 2
1765 1
1767 2
1660 1
18154 1
18155 1
18156 1
18157 2
18158 0
18159 2
9969 2
1779 0
18164 1
9854 1
1783 1
18169 1
18170 0
1788 2
1789 2
1790 2
18175 1
1792 0
8491 3
18181 1
230 0
18183 0
1800 0
18186 2
3031 1
14826 2
10001 0
18194 3
10003 1
18197 0
10006 0
18199 2
18201 1
10010 0
18203 2
18204 2
11226 2
4425 2
1823 2
10018 0
10019 3
12171 2
18214 2
10024 0
18218 2
1835 1
18221 2
18222 0
1839 2
10032 1
1841 2
10034 1
10035 2
18228 2
18229 1
10038 2
10039 2
18232 2
10041 2
607 1
1852 1
10045 1
10046 2
309 0
10048 2
1858 1
14792 2
1861 0
18246 2
10055 2
10056 2
1865 0
1866 2
10060 2
1872 0
2790 1
10071 1
18264 1
11236 1
1882 0
1883 1
2657 0
7141 0
10080 2
18273 2
4411 3
1893 1
18278 1
18279 1
10088 1
10089 2
18282 1
11239 2
18284 1
10095 2
1904 2
11240 3
10098 1
1907 0
18292 0
1911 0
18296 0
1913 2
18298 2
1918 2
18069 0
1920 2
10113 2
18306 2
1923 2
1924 2
10117 1
18310 3
1927 3
18312 1
18314 2
18316 1
10125 1
1934 0
10129 2
12375 1
18324 2
1944 0
10137 2
1946 0
18331 1
10140 2
1949 2
1950 0
10143 1
1952 1
10151 3
1961 2
1962 3
10155 2
1964 2
1965 2
13981 3
1969 0
1970 0
10704 2
1973 0
18358 3
12068 0
1976 1
10169 2
1978 0
1979 1
18365 1
18366 2
12473 1
10176 1
16980 2
1987 1
1988 2
1990 3
1991 2
1992 2
16716 0
1994 0
18379 1
1996 2
1998 3
18383 2
18384 2
18385 1
2002 0
18387 2
10196 1
2006 1
10200 2
10201 1
18397 1
9015 0
1701 2
2016 0
18401 1
18404 2
10213 2
18409 3
2027 0
10220 0
4434 1
10222 2
18415 2
2032 0
10225 0
18419 1
18420 2
2038 0
18424 1
16724 2
18426 1
2043 1
2048 0
18434 3
18091 2
2052 2
4438 3
10247 1
9659 1
18443 2
10253 2
18446 2
16728 1
9670 0
16926 2
18452 2
1710 0
18455 2
2072 2
2073 2
9903 1
11012 2
18463 0
10272 2
2083 2
10276 2
18470 1
10281 2
10282 2
2091 2
2092 2
10286 1
8541 2
10288 1
2097 3
18483 2
10292 3
2101 1
2102 2
5812 0
10298 2
2109 0
10302 0
2111 3
2112 2
10306 1
18499 1
18500 2
10309 3
18502 3
10311 2
2120 2
2121 0
10317 1
10319 3
2128 1
2129 1
2130 1
2131 0
10324 1
4981 2
18521 0
2138 2
10331 0
10332 1
10335 2
10336 0
10337 2
10338 2
10339 1
18533 2
18534 2
18535 1
10345 2
2157 0
18542 0
10351 2
2160 1
18545 2
9892 0
10356 1
9918 3
10358 2
18551 0
1436 1
10365 2
10366 2
2176 2
10369 2
2179 2
10372 1
11286 2
16985 1
18567 3
18569 1
10379 2
18572 0
2189 0
18574 2
2191 1
3619 2
10386 1
18579 2
2196 0
4462 2
10391 1
10392 2
2201 2
18586 2
18587 3
18591 1
10401 2
18594 2
18595 2
18597 3
10406 0
10407 2
2216 1
2218 1
10412 2
18605 2
10414 1
18607 1
18608 0
18609 0
712 2
12999 1
342 2
10422 2
18615 1
2233 0
10426 1
10427 1
18620 2
1738 2
2238 2
18623 0
2240 2
10433 2
18626 3
18123 2
18628 2
18631 0
18632 2
10441 2
12663 2
2252 1
18637 1
2254 2
14029 2
18640 1
2258 2
11299 1
18644 2
10454 0
10455 1
2264 2
18649 0
18650 1
18654 0
10463 2
10464 1
10466 0
10467 2
11302 0
2278 2
18664 0
2281 2
2283 2
10476 3
2286 2
8805 2
76 2
18675 0
10486 2
10488 2
2297 2
18682 1
18683 1
10498 2
4714 1
10502 2
2311 0
10505 2
2315 2
288 3
18701 2
10510 0
18704 1
18705 2
18706 2
18707 1
18708 2
10517 1
4169 3
2327 1
10522 1
10523 2
10524 2
2333 2
18722 0
18723 1
2340 3
10533 2
18726 1
18727 3
18732 2
10542 2
1442 2
18736 1
2355 2
2356 2
2357 2
18743 0
2360 2
18746 2
10555 0
2364 2
18750 1
15413 2
18752 0
10561 2
10562 1
2371 2
14964 0
10565 2
1761 0
2377 0
10573 1
2382 0
2383 1
10576 2
2385 2
18771 2
10580 0
18777 3
10586 0
2395 0
10589 2
234 2
4717 0
8592 2
5862 2
18790 0
401 2
18792 2
18148 0
10602 2
10603 1
10604 3
10606 1
10607 1
10609 0
18084 0
18806 2
18807 2
10616 1
18809 2
2426 1
11327 2
18812 2
10621 2
18814 2
18815 2
2432 3
18817 2
2434 2
18819 0
18821 2
11329 2
2440 2
10634 1
2443 0
18828 1
10638 1
2450 2
2452 2
16994 2
18839 2
10648 2
18841 2
10650 2
2460 0
8602 1
10655 0
2464 1
8603 1
10660 2
18853 2
2470 2
18161 1
2472 2
2475 1
2476 0
18861 2
2478 3
2479 0
10675 2
2484 0
2485 0
2486 2
10679 2
10680 1
2490 2
2491 0
10686 0
17541 1
8309 2
2503 0
10697 0
10698 2
18167 1
10700 2
2417 1
2512 0
2513 1
2514 1
2516 2
15438 0
7176 1
10711 2
10712 2
2521 3
10714 1
10715 1
2524 1
2525 1
2527 1
2528 0
2529 0
2531 1
12710 1
2536 0
18173 2
8268 2
8616 2
2546 2
10740 1
10741 1
10742 2
10743 1
2552 1
10746 0
1791 3
2556 1
10749 1
2558 1
10755 0
16992 2
10761 0
10767 0
7256 2
10771 1
2580 2
10773 1
10774 1
6782 1
2586 1
8815 2
10780 0
2591 0
2593 2
2594 2
2595 2
2599 2
2600 2
10793 0
2602 3
2603 2
2604 0
2605 0
10798 0
10799 1
2608 1
4724 2
2615 2
10809 1
2622 1
2623 0
360 2
2626 0
9995 2
10820 3
10822 1
2631 1
2633 2
12727 1
10829 0
2638 0
2639 0
2640 2
8632 2
2642 0
10838 1
8633 0
88 2
16455 2
2653 3
2654 2
2655 2
10849 0
10850 1
10852 2
10853 2
10854 0
10855 1
10856 2
2665 1
10858 1
9636 2
10860 1
10861 2
10863 0
4273 0
10867 1
446 2
2678 3
11369 2
10873 0
5909 3
10881 2
2690 0
17002 1
10887 2
2272 0
18639 1
10895 1
10896 1
2705 0
10898 0
2545 3
10900 1
10901 2
16457 2
16836 1
2714 0
2715 2
10456 1
9347 1
10911 2
10913 3
2722 1
10011 1
10916 2
10917 1
15473 0
17276 0
2730 1
2735 1
10928 3
2741 2
10935 0
5919 1
12746 1
2750 1
2751 0
2752 0
2753 2
2754 2
2755 0
2758 2
14113 3
2761 1
1826 2
2768 1
2769 0
1827 2
10964 0
2777 1
2779 2
10973 2
10974 3
17005 1
10981 0
10982 0
2791 2
2794 3
13732 2
10991 1
10992 2
18216 2
2803 2
2804 2
2807 3
15487 3
11004 2
2813 0
2815 0
7296 0
14123 1
2820 3
470 1
2822 0
11015 2
11016 0
2835 2
10030 2
16857 1
2840 0
11034 2
11035 0
2004 0
11038 2
2847 1
11040 3
11041 2
17280 1
2851 1
11044 1
11045 2
2854 1
18225 2
11048 0
11049 0
2859 1
2860 0
2862 2
2863 0
11056 0
11057 2
11059 0
11061 0
6915 1
11065 2
5824 2
2880 2
11073 1
2882 2
8748 3
11077 1
11078 2
481 1
11080 2
11082 2
2892 2
13058 0
10462 0
8675 2
2903 2
11096 2
12772 0
2907 2
2908 0
2909 1
2910 1
2256 0
3216 2
11106 1
5947 0
2917 0
11111 3
16464 1
13822 1
2925 2
2926 1
18237 1
2928 1
11122 0
2931 2
2933 0
11126 1
2936 0
6948 0
11132 2
12778 0
18647 2
2944 2
7463 0
2946 2
11139 1
11140 1
14145 2
2952 2
11145 2
2955 0
16550 1
2911 2
2960 0
2962 0
2963 3
11156 2
11159 3
8687 2
2973 2
2975 1
8688 2
2979 2
11172 1
10054 1
2983 2
11177 0
11178 3
18247 2
2988 0
16882 3
2992 2
2009 0
4595 1
2997 1
2998 0
3000 2
11193 0
11194 2
11198 3
16885 0
11200 1
3566 1
4192 2
3013 1
3014 0
11208 1
11209 2
3018 2
15522 1
11214 2
11215 1
3025 1
11220 1
3030 1
16889 2
11428 3
3034 2
3035 3
11429 0
3040 2
3041 1
3042 2
3044 2
3047 0
3048 3
3049 2
3052 1
13967 1
3058 1
17287 1
11255 0
8962 3
3065 1
11259 2
11434 2
11262 2
14014 0
3072 0
3074 1
15531 0
3076 2
3079 2
11276 1
3087 2
16158 3
1880 1
3094 2
8708 2
3098 1
3099 0
3100 0
3101 0
3102 2
3104 0
3105 1
5979 0
3110 2
11305 2
11307 2
3118 0
3122 3
11315 0
11316 0
4617 2
11444 2
11323 2
3134 0
3135 2
1888 2
11330 1
3139 0
11446 1
11334 2
3143 2
11336 2
3145 3
4621 2
11344 2
11345 1
3154 3
10083 2
11349 0
11351 0
11354 2
621 2
3165 1
3167 1
9350 2
3169 3
11365 1
11366 0
2967 2
11368 0
3177 3
11371 2
11372 0
11378 0
11379 3
15550 0
3191 2
3192 1
3193 1
894 2
11388 1
3197 0
533 0
11393 2
11397 2
11398 2
3207 2
1900 2
3212 1
11458 2
3215 2
2663 1
8728 2
3218 3
11411 2
3220 1
3221 1
5290 3
3225 2
3226 2
3227 3
11837 0
7365 0
11425 2
11426 3
3235 1
3236 0
3237 1
11430 0
11431 2
4745 1
5477 0
3242 3
11435 2
11438 2
266 2
3250 2
10099 2
3252 3
3253 1
3254 1
381 0
11450 2
11451 1
3261 1
3263 2
11457 2
8696 2
3268 2
11461 1
3270 1
545 2
11465 3
3274 1
11467 1
3276 1
11470 0
11471 2
11473 1
8739 3
3286 1
3287 2
11480 0
11481 3
3290 3
3291 2
11484 1
3293 3
11487 0
3296 0
9657 0
3299 0
3302 2
3303 1
3305 1
551 1
11500 0
3309 1
11504 3
3313 2
3314 3
3315 2
11510 2
11512 2
11514 2
3323 2
16938 0
3327 0
3329 0
3330 1
4651 0
3333 1
3334 1
11528 1
11529 2
11531 1
11532 2
6018 1
14211 0
11540 2
3352 1
3354 2
11547 2
3357 1
3358 0
3360 1
3361 0
11554 1
1270 0
11557 2
12849 0
11562 1
6023 1
11565 1
11568 2
3378 1
3380 1
3381 1
3382 0
11575 0
8296 2
3387 1
11581 2
4661 0
11488 1
11167 1
3395 1
3396 0
8758 2
9297 0
1932 0
8759 1
1933 2
11601 0
3410 2
3411 0
3413 2
16953 1
3419 2
3420 2
11613 1
11614 1
3424 3
11617 1
11620 1
3430 3
1937 1
9079 1
8764 1
3434 1
3435 3
11631 2
3440 1
11634 2
5340 2
11636 1
14189 0
933 1
575 1
13754 2
17573 1
3459 0
3461 0
11656 2
3466 2
3468 0
11661 2
11662 2
3471 2
3472 2
3473 0
3479 2
16964 2
11674 0
3483 1
11678 0
3489 3
11682 2
3492 0
3495 2
11690 0
8775 0
15602 2
3503 2
3505 0
3506 0
11699 1
3515 1
3516 3
3520 2
3521 2
12356 0
4683 0
3318 0
12324 2
11721 1
7415 2
3532 2
4482 1
14575 3
3320 2
11731 2
11732 0
11733 3
11738 1
591 1
11741 1
1423 2
11744 2
11745 2
11515 0
3557 2
3564 3
13690 2
11758 2
3567 2
11760 2
11761 1
3572 1
11767 1
11768 2
596 1
119 1
11773 2
3584 1
3585 2
17809 0
11779 0
3588 0
11521 1
599 0
11789 2
11791 3
11792 2
3601 3
11795 3
8480 1
3606 3
8793 1
11800 2
3611 3
3612 0
11805 0
11525 1
11808 1
10283 2
11811 2
3621 2
666 0
11815 1
11816 0
11817 0
6066 3
16989 1
11824 1
3633 1
3634 3
3638 2
11831 1
11832 1
11833 1
11834 2
17852 2
11836 0
9123 2
3646 0
16761 1
1758 3
3649 2
3651 0
11844 2
10166 2
3655 1
11849 0
6071 2
8079 0
3663 0
11856 3
3665 0
3666 0
3671 2
3673 1
3674 2
4709 1
11873 1
11874 1
18363 1
11877 2
13818 3
11879 2
11880 1
11881 1
11884 2
7442 2
11887 2
3696 0
4712 2
11891 3
3702 2
12905 3
11896 1
11897 0
3709 2
11902 2
15637 2
3713 2
3714 3
11907 2
11909 2
3397 0
620 3
11914 1
15639 1
3727 2
11544 2
3730 2
11923 3
3732 0
622 0
2852 1
3738 1
4719 0
3740 0
3741 2
3747 1
11941 2
3752 3
75 2
4722 0
4553 2
18376 2
11955 0
3764 1
3768 0
11961 0
2035 2
11968 1
3777 2
3778 0
3779 1
8822 2
11977 0
11310 1
3790 2
3791 2
3792 0
4728 2
11988 0
18382 1
4729 2
3807 0
3808 2
8827 2
6128 2
12006 0
2001 0
8828 1
12011 3
12013 2
3822 3
12925 1
400 0
12019 0
638 0
3833 0
18138 2
9675 1
12037 2
12041 1
3850 1
642 1
3855 0
17538 1
3858 0
18132 1
12053 1
3862 2
18393 2
12065 0
12066 0
3876 2
12069 1
8858 2
3879 2
3881 0
12076 2
3885 2
3887 2
12083 2
8841 2
3897 0
651 0
12100 2
12102 0
14042 2
12940 0
12106 2
12110 2
12941 1
9405 2
14307 2
15673 3
3928 2
10212 0
3930 0
12943 2
12125 0
12126 2
12127 2
3936 1
12132 0
657 3
12136 2
12137 2
12139 2
17042 2
12144 1
12145 1
12148 1
12153 1
3962 0
3963 2
12156 3
12695 3
3970 3
3974 3
18412 0
3978 2
3979 1
12173 0
3982 0
3985 2
9680 0
12181 1
8625 2
12184 2
11588 1
12188 2
12189 0
12190 0
3999 0
12192 0
4001 1
4003 1
4006 2
17052 2
4011 2
13227 2
12206 1
17053 2
4017 2
4019 1
12212 1
12958 0
4024 1
10228 0
17055 2
1009 1
134 0
14046 0
12225 2
4034 2
4035 0
4037 3
4039 2
8385 0
12235 0
4046 1
4048 0
12963 1
4057 2
4058 2
11599 1
4060 1
1118 2
4063 2
7504 3
4066 1
12259 2
12260 1
12261 1
12262 2
3409 0
12264 1
12265 1
4074 1
12267 0
12269 3
12270 2
4079 0
12272 2
17321 2
4084 1
4086 2
4087 0
4089 1
4090 1
4093 1
4095 0
18432 1
8875 2
9411 2
12295 2
4106 2
4107 2
12300 2
4113 1
4114 1
4118 2
4119 2
12312 0
4123 1
4124 2
4126 0
12319 2
4129 0
4130 2
4131 0
682 0
4134 0
4785 0
15708 2
12330 1
12331 2
12333 1
2320 0
4143 0
3422 1
12342 2
4151 2
12344 2
4153 2
12346 0
4164 0
6156 0
4173 2
6157 0
4176 3
4177 2
12371 2
12372 0
10254 2
8889 2
12376 2
12377 2
12380 0
4189 0
12384 1
12387 2
12389 2
12390 2
10448 3
12392 1
4201 2
15740 1
4206 3
12402 1
12403 2
12405 2
4214 0
15721 2
12408 0
4218 1
12411 2
4220 2
4221 2
3141 2
4223 0
4224 0
4226 0
4227 2
17089 0
6432 2
12426 0
12427 2
12428 3
8898 1
4239 0
12432 2
12433 2
12434 2
12436 2
4245 2
18457 1
4249 1
10563 2
6961 1
4256 2
4257 2
15904 2
17094 1
4262 2
12455 3
4264 1
12457 2
12459 1
4270 0
10235 2
12464 0
8904 1
12466 1
4276 2
12470 2
12471 0
3444 2
12474 0
8549 0
12478 0
18464 0
3446 2
12486 2
6177 1
4296 0
4301 1
4302 1
4813 1
12496 1
4307 2
12501 2
4310 0
12503 0
12509 2
4318 2
4322 1
12515 3
18693 2
4325 2
12521 2
16511 0
4332 2
4335 2
4337 2
12530 1
4340 0
12533 2
4342 2
4345 2
8328 0
12539 2
4348 2
17214 0
4353 2
4354 2
18475 0
12549 2
17603 3
12551 2
6419 2
17111 2
4364 2
7984 3
4370 1
1834 0
2094 1
4374 2
17113 1
12568 2
9693 1
4379 2
4380 2
12573 0
4383 2
12579 0
12580 2
18481 0
12584 2
14050 1
4397 2
12594 1
2099 2
12596 2
4407 0
4409 1
12603 3
10293 1
12611 2
12612 3
10294 1
7785 0
12617 2
4429 3
12622 1
7565 1
12624 2
12626 2
13027 0
4436 2
7566 2
12630 2
4439 2
13028 0
7567 2
13001 1
12637 1
12638 2
12643 1
4838 0
12648 2
12649 1
15087 2
4459 2
12652 2
4461 0
12654 0
10301 2
4464 2
8936 1
12660 2
8213 1
12662 1
4471 1
14879 2
12667 0
746 2
12671 0
4480 1
12674 3
4483 0
4484 1
4485 2
12678 1
4487 2
12680 0
4491 1
12684 1
12686 2
13037 1
4497 0
4498 2
12692 2
4501 0
4503 2
4504 2
12697 0
12702 2
4511 1
4512 0
12705 2
4515 2
4516 0
4518 1
12712 3
12713 2
12714 1
12715 2
4524 1
8946 0
4527 1
12720 1
4529 2
4532 1
12725 0
18700 2
4535 3
4536 0
4537 2
4538 2
4539 1
12733 1
5322 2
4853 0
4545 0
4546 1
424 0
18361 3
4552 1
12745 2
18852 0
12747 2
3490 2
12750 2
14882 2
6153 0
12757 2
4570 1
4571 0
4573 1
4574 3
12767 3
4579 3
4580 1
4582 2
4584 0
8956 2
4586 1
5881 2
12780 1
4589 2
12782 0
4592 0
12786 0
12787 2
12790 0
12792 1
2132 0
12794 3
13055 1
4604 2
4605 2
4607 1
4609 1
4610 1
15787 3
12805 1
4865 1
12809 1
12811 2
4620 0
12813 2
12815 3
4626 2
12819 1
12821 0
4630 0
2137 2
4632 2
8964 2
12828 0
10330 3
4642 0
4643 1
12836 3
4645 0
12839 0
12840 1
2140 0
12842 2
12843 1
4653 0
4654 1
12847 2
4656 1
4657 1
4658 2
4659 2
12852 2
12853 2
12856 2
4667 2
4668 2
12861 2
12862 2
4671 0
12865 2
4674 1
4520 0
12869 2
12870 1
13670 2
12872 2
12874 1
8612 0
12876 2
4686 2
4687 0
4688 1
16523 2
17887 2
4698 2
10124 0
4702 0
2149 2
4704 1
4706 0
4707 2
4708 1
2150 2
4711 1
12904 2
4713 0
12906 2
2151 0
4716 3
7522 2
5067 2
7613 0
4721 2
12914 2
12916 1
4726 1
12919 1
12920 1
12921 2
12923 3
4732 0
4733 2
4735 3
11712 2
12930 2
12931 0
12932 1
4741 1
4744 1
3704 1
1249 0
4748 1
7618 0
18541 0
4752 1
4753 2
12946 1
8069 2
12955 2
12957 1
4766 1
4767 1
12960 2
12961 2
4771 2
4776 2
4777 1
4779 1
12972 2
17181 2
4784 1
12977 2
12981 1
4790 1
4792 2
2164 2
12986 2
4796 2
12989 2
12991 0
4803 3
4804 2
4805 1
12998 1
4807 1
4808 1
11724 2
13780 1
4811 3
13004 2
13090 2
4814 2
4815 2
4816 1
13009 2
13010 0
4819 1
13014 2
13015 1
13017 1
4826 1
4827 1
6266 2
4830 0
13023 2
13024 2
6267 2
4836 0
7288 0
13030 2
4839 0
4840 0
4842 1
4844 1
7634 2
2667 0
13041 2
13043 2
13045 1
4855 2
4856 1
4860 2
4863 1
13056 0
9982 1
4866 0
13060 0
15165 0
17893 0
13387 1
10371 2
13076 3
13077 2
13078 0
13079 0
13103 3
7642 2
4898 2
13092 1
4901 0
13095 2
4904 0
2183 2
4910 0
4911 2
13107 0
8347 3
4917 0
13110 1
13112 1
8620 2
14474 3
13118 0
4927 2
4929 0
13122 1
4931 2
4934 1
7649 2
13129 2
16804 3
13133 2
13137 2
4947 0
13140 3
10382 2
13142 1
4952 2
13147 1
13148 2
13150 3
15845 2
13153 2
9019 1
13156 0
11622 0
13159 3
13160 1
4973 0
829 1
13169 1
4980 1
13173 2
13174 0
4986 2
4989 0
4994 1
4997 2
4998 3
13194 0
13195 0
13196 0
5005 3
2200 1
13204 2
13205 2
5014 0
13207 1
13208 2
13209 2
5021 2
5024 2
5025 2
5030 2
7665 0
4935 0
8351 1
13229 2
5980 3
5039 0
13233 1
15859 1
18717 2
9033 1
16297 0
2207 1
13245 2
5054 1
13247 2
9170 0
13249 3
5060 3
12636 0
5063 2
4533 0
13259 2
9199 0
13261 2
17229 3
3576 0
13266 1
3307 1
13272 0
169 1
5082 2
13275 2
13276 2
13277 2
5086 1
6309 0
13282 2
13283 2
18598 2
5095 2
5098 0
5099 1
5100 2
13293 1
13295 1
18600 2
13298 1
17235 0
5109 1
5110 1
13303 2
13291 2
17236 3
5121 2
5124 2
4950 2
13319 0
13320 2
18604 2
5130 1
13323 2
13324 2
14715 2
13329 2
5138 0
13331 2
13332 2
14510 2
13334 0
5143 1
13337 2
2223 2
13340 2
16811 2
5150 0
10416 1
717 0
5155 0
13348 1
15878 2
5158 0
13351 2
13352 0
860 3
4809 2
13355 2
13356 2
5165 0
9527 1
13360 2
15880 1
5171 1
13364 3
5176 1
863 0
8369 0
5183 3
5185 0
5186 0
13379 0
13380 2
13381 0
5191 2
14219 0
12448 1
11468 0
5198 2
13392 0
13394 0
13395 2
5206 1
12488 0
5208 1
5209 2
5211 2
5212 1
13405 2
5214 2
5218 0
13412 0
13413 2
13414 2
13415 0
2236 2
5357 1
6334 0
13431 2
5240 0
15723 0
5244 0
13439 1
8237 2
5251 2
9068 0
2630 1
10434 2
5262 0
13165 1
13457 0
13458 0
6722 2
13461 0
7705 0
5272 0
5273 0
17263 0
5276 2
13470 3
5284 0
13477 2
7708 1
8905 2
5291 0
5292 2
13485 2
5295 1
13489 0
5299 0
5303 0
884 1
5306 1
13499 1
13503 2
5312 0
5313 2
5314 1
10443 0
4982 1
5318 0
13511 2
5321 3
3996 3
13515 1
5329 0
5331 3
9452 2
13271 1
5335 1
5336 1
5337 1
5338 0
5339 1
13532 0
13534 1
5345 2
5349 2
13542 0
178 0
5352 1
13545 3
1542 2
13547 2
13549 2
5358 1
13551 2
5362 2
9453 3
13557 0
13559 2
5369 2
5371 1
5372 2
13565 2
5374 1
6357 2
5377 2
5378 2
13572 2
13575 0
13578 2
2263 2
5389 2
16723 3
14552 2
13586 0
13587 2
5399 3
900 1
13594 3
9474 1
5405 2
5406 0
13600 1
5410 2
13603 0
13604 0
13605 2
5414 1
13607 2
13608 2
5418 1
5419 2
13612 2
11826 2
5636 0
13616 2
13621 2
5430 0
13624 1
13626 3
13627 2
5436 3
5437 2
13632 2
6368 2
13634 2
5443 2
5444 2
13639 3
5448 0
9100 2
5637 1
6370 2
13646 1
5457 2
14563 1
5461 2
5463 1
5465 2
911 2
5472 2
5476 0
18662 2
5478 0
1819 0
13673 2
13674 0
13676 0
5486 2
14640 0
13680 0
5490 1
5494 3
18665 2
5496 2
5497 2
5498 2
7743 2
5501 1
5502 1
13695 2
13696 2
5505 0
5506 2
5507 0
11841 2
13704 2
6380 0
13707 2
13708 3
8367 0
13710 2
13713 2
13718 2
13720 2
13723 2
13727 1
13728 3
17331 1
5539 1
1821 1
13734 1
13741 2
13742 2
8984 1
4822 0
5553 2
10483 0
9118 2
5562 1
5564 1
13758 0
5567 2
13764 2
5574 2
5576 1
13769 0
5579 2
5580 1
5581 2
5583 2
5587 1
5588 3
5589 3
12734 0
932 3
13787 2
12451 1
13789 3
13791 2
17682 0
13222 3
11857 0
5608 1
13803 0
5612 2
5619 1
8548 2
5623 0
1551 2
5626 3
5627 1
5628 1
5630 2
5631 0
5632 1
13827 0
13828 1
7766 1
5638 0
5639 2
9132 2
5642 0
5643 3
13836 2
13838 1
542 2
13842 0
5651 0
13846 2
5655 2
5657 1
5659 0
13852 2
5663 2
5666 0
7771 2
12191 0
5670 1
1007 0
5672 3
5673 3
13866 0
13867 2
13868 0
13873 2
12737 1
947 2
5684 3
6140 2
5686 2
5687 2
13883 0
13884 2
13888 0
5697 2
5698 2
13892 3
12465 1
2517 0
5712 0
5713 2
11647 1
5716 0
5721 3
13915 3
13917 2
10264 0
5727 0
5729 0
13922 1
9147 1
17376 0
13927 1
13928 1
13930 1
13933 0
12739 2
5743 1
3688 1
10515 0
5751 2
5753 0
5754 2
9337 3
13949 3
5758 2
13951 3
13952 1
5761 1
13954 1
5765 2
13959 1
5770 0
5772 0
13965 0
5375 2
5776 2
5777 2
13971 3
5781 0
13974 1
13976 3
5785 2
5787 0
18714 1
5791 1
13985 0
13990 0
5800 1
13993 2
5802 0
5803 1
5804 1
13997 0
10525 0
14001 2
5810 0
14004 3
5814 2
14623 0
8713 1
4831 1
5823 2
14924 1
14017 3
14019 2
5831 0
1558 3
2338 2
14030 2
5839 2
5841 1
5650 0
5843 2
14036 1
5845 0
5847 0
14040 1
14041 2
5850 2
5851 3
14044 0
5853 2
5854 2
5857 1
13834 2
5859 2
5860 2
195 2
5865 1
5868 2
5869 2
14062 3
18524 1
14065 0
5874 2
5875 2
5879 2
14073 0
15999 1
6442 1
5888 2
14082 1
6443 2
14084 1
5893 1
5894 0
11905 3
5896 2
14090 2
14091 0
5901 1
6849 0
14095 2
14098 2
5908 1
18734 2
14104 1
5913 1
5915 3
14109 3
3717 2
5921 1
5922 0
14116 1
5925 2
5380 1
5927 3
14120 2
14121 3
14122 3
5931 2
14126 2
14127 2
14128 2
14130 1
18739 0
14132 3
14133 2
14134 0
5943 0
14136 2
14137 2
14138 1
14139 1
5948 2
14142 3
15201 3
14144 2
5953 2
14147 2
14383 0
3199 3
5968 2
5091 2
14164 2
14166 2
5975 3
7823 2
14172 1
2362 2
5982 2
13285 2
5984 1
14177 2
14180 1
5989 2
6641 0
14184 1
14185 1
14186 2
5995 1
16018 1
14190 2
1018 1
14194 2
6003 1
10558 0
14199 1
14202 3
10559 2
6012 0
6013 2
14208 0
10560 0
14210 2
6019 1
6022 2
18753 0
6024 2
13292 0
10839 0
7831 1
14221 0
14222 0
14225 0
14227 1
18756 2
14234 0
5103 1
6044 3
6045 1
14238 1
6047 2
6051 2
14244 2
6053 1
14246 2
6055 1
10840 2
6057 2
14250 2
1010 1
14254 2
6063 3
6064 2
14258 2
6067 2
6068 2
14261 0
14263 2
6073 2
14498 2
13301 2
14274 2
9915 2
14276 2
14278 2
14281 2
14282 1
6091 1
6093 0
6094 2
14287 1
6097 3
15910 1
203 0
5113 2
14297 2
10575 1
6108 2
10164 2
14302 2
18207 2
14305 0
6114 3
6115 3
6116 0
14309 0
14661 2
6120 2
6121 3
13570 3
14317 0
14320 2
11944 2
14322 2
14323 2
6132 2
1022 2
6134 1
6135 2
2388 2
14331 2
6151 2
14335 2
6145 2
14343 2
6152 3
14345 3
6154 2
14348 2
1026 2
7570 2
6159 2
14352 2
6161 1
6479 0
6163 0
6164 2
11825 2
14359 1
14360 1
6169 2
14362 1
14364 1
14365 3
6174 2
14367 1
6176 1
14369 2
6180 3
6182 0
6183 2
14376 2
6187 2
14380 0
7858 2
6191 1
14386 2
16051 0
6196 2
6197 1
12589 1
6753 0
6200 1
6201 2
6205 2
6206 2
2116 2
12209 2
14403 0
1025 2
11118 0
14408 2
14409 2
14411 2
14412 2
12755 0
17421 1
6227 2
14420 2
14422 3
6231 2
6236 0
2199 2
14430 3
14431 1
14432 3
14433 2
14439 2
6248 2
17666 2
6251 2
208 2
6253 2
6255 2
6173 0
14449 2
6260 1
14453 0
14454 2
10352 1
14458 2
17121 2
6268 0
18794 0
14463 1
14464 3
6273 2
14467 1
14468 3
6279 2
6282 2
13335 0
14477 0
14479 0
6289 0
11971 0
14484 3
9241 2
14488 3
14491 1
14494 0
14497 0
6306 1
6307 1
14501 0
14502 1
18801 2
14504 2
14505 2
6315 0
6317 2
6318 0
14512 1
6324 1
14521 3
6330 2
6331 2
6332 2
6333 1
2393 3
6335 0
6336 2
17440 2
6340 2
14533 2
14535 1
14538 2
6349 2
14546 0
6355 3
6356 1
14549 2
6360 3
14553 1
6365 0
315 1
6367 2
14560 1
14561 3
14562 1
2427 2
14564 0
10413 0
6375 2
10620 0
14571 2
14572 0
16082 2
6383 1
14576 0
5160 0
6386 1
6387 2
13353 0
6393 2
14586 2
8524 2
6398 3
1468 2
6409 1
6371 0
16087 2
14604 2
6414 2
14607 2
14608 2
6417 0
14611 1
6422 1
6424 0
6426 1
6429 1
1843 0
214 0
14625 2
14626 1
14627 2
6438 0
6439 2
14632 2
14633 0
14634 0
14635 0
6445 1
14638 1
6448 1
10632 1
14642 2
6455 1
14651 2
12763 2
1077 2
6465 0
6468 1
17462 0
9863 2
14732 2
14666 2
7906 2
14671 0
6485 0
14678 0
14679 0
6488 2
14681 2
14682 2
14685 0
6494 0
17947 1
14690 2
6499 2
3814 1
6504 2
6506 2
18493 2
14704 0
7912 0
6518 3
6521 0
6522 2
6523 2
14718 2
6527 1
9219 1
6529 0
14722 2
16107 0
14724 2
14728 3
14730 1
2455 2
6540 0
14734 0
3821 2
2062 2
14743 2
14749 2
14750 2
14751 2
14753 2
6562 0
14755 1
6565 0
7921 3
14761 1
14762 0
17479 0
6575 2
6576 2
6577 1
10036 2
13858 0
14772 1
1844 2
6583 2
14778 2
14779 2
14782 2
14404 1
6593 2
6594 3
7039 1
13313 2
14789 2
14791 2
6600 0
14793 1
6604 2
6605 0
14798 2
14800 2
14804 2
14805 2
6614 2
6616 1
14809 2
14811 2
6620 2
6621 2
6622 0
6623 0
6624 2
14817 2
17133 0
14820 2
10662 2
6631 2
6632 2
10737 3
14829 2
10664 1
6642 3
6643 3
6646 1
6647 2
9300 1
14845 0
1109 3
17134 1
6658 1
14851 2
6662 2
6664 2
14857 0
1441 1
6674 1
14867 0
14868 2
17953 0
6679 2
14872 2
14873 2
14874 2
6683 2
14876 2
14878 2
6687 2
6689 2
6690 1
14883 1
6692 2
11134 1
6696 3
6697 2
1314 1
6701 1
6702 1
6703 1
6704 1
14899 1
6708 1
6709 0
6710 1
14903 2
6712 2
13317 0
6718 2
14773 0
14912 0
17504 2
14914 2
6723 1
6724 2
6725 0
6727 2
14920 0
7589 0
6730 1
2487 2
6732 2
14928 2
6737 1
14931 1
7950 0
6744 1
6747 2
14941 1
9317 0
14945 1
6755 3
17510 2
14950 2
14952 1
14954 2
9319 2
6764 2
1589 3
2953 2
6772 1
6770 2
14963 3
849 2
14966 0
6776 2
14971 0
14972 2
12211 2
14974 1
14975 1
6787 0
6788 1
14983 2
14984 0
16521 0
6794 2
6795 2
6796 0
14989 0
6798 1
13047 0
14993 0
6802 3
6595 0
14996 2
6806 0
1471 1
6809 0
6810 1
17519 2
15004 2
15005 1
6597 1
6816 1
15009 2
6818 2
6828 1
16157 2
6833 1
6834 0
6836 1
6837 1
6005 1
6840 2
6842 3
6843 2
6847 0
15040 1
16160 0
15042 2
6851 1
15044 1
15045 2
6855 1
15048 2
6857 1
15051 2
6860 1
7970 1
15055 2
3428 1
6867 1
15060 3
6871 0
6873 0
6874 1
15067 2
15068 2
15069 2
15070 2
15072 0
6881 2
15075 2
6886 2
6887 1
6888 3
6890 1
15083 0
6892 2
15085 2
17533 3
17021 0
15091 1
15093 3
15095 1
6904 0
15097 2
15098 2
1151 1
15101 1
6910 2
8959 0
15104 1
15105 1
6914 2
15107 1
15109 1
10357 1
15111 3
9866 0
6923 0
15116 2
15117 2
6926 3
6927 2
6930 1
15123 1
15124 3
6933 3
15126 1
6617 2
6936 1
6937 0
12079 3
15132 1
6941 0
15134 1
15135 2
15136 1
15137 3
6946 2
6619 2
15140 0
15141 1
14171 0
4323 2
15144 0
15145 0
17543 0
15148 2
10870 2
6958 2
9352 1
6963 2
6964 1
6965 2
15158 0
6967 2
15160 1
6969 0
15162 1
232 1
15167 2
6977 0
6978 0
15172 2
6984 1
6986 2
15180 1
15182 0
9357 1
6993 2
6994 1
15189 0
15192 0
592 1
15194 2
7004 2
7006 2
7008 2
1168 3
15202 2
10599 0
11335 2
15209 1
7018 1
7020 2
15213 0
7023 1
7024 2
15217 2
15220 2
15221 0
15225 1
7037 1
7038 0
15231 0
7040 0
15233 2
7042 0
4684 0
623 2
15240 0
15241 2
7050 1
1175 2
7052 1
15245 2
7054 1
7055 1
7056 2
15249 2
7058 3
7062 0
15255 0
16196 1
15258 1
7067 0
7068 1
15261 2
7070 2
15264 2
7073 2
15266 1
7076 1
7079 3
17564 2
7082 0
7084 1
7085 0
15279 2
7088 0
15282 2
15283 0
15284 1
16201 1
15288 3
15289 3
15293 0
7102 2
9376 0
7108 1
15301 2
15303 2
15304 2
7114 2
15308 1
17570 2
15312 3
7123 2
15316 1
15319 0
7129 2
7130 0
12111 2
7134 1
5285 2
7136 0
7139 0
12240 1
15333 2
8017 3
7148 0
8967 1
7155 2
9240 0
7160 3
7162 0
15355 2
9386 2
7166 3
1195 0
7174 1
6657 1
15368 3
6240 0
7179 3
15374 0
15375 1
15376 3
15377 2
7186 3
7187 0
7188 2
7189 2
15384 0
15385 2
7194 2
15388 0
7201 1
1058 2
17425 0
7205 1
15398 0
5297 0
15401 0
9237 2
7214 2
15409 2
7218 3
7221 0
2569 2
15417 2
786 0
15419 2
7228 1
7229 0
7230 2
1205 1
15424 0
15426 1
7606 0
7241 1
7242 0
7243 2
7246 2
15439 1
15440 1
18245 0
15448 2
9402 2
15457 2
5307 0
15461 0
15462 3
15463 0
12361 2
7274 1
15467 0
14866 0
13851 0
15471 1
3944 0
7282 2
15475 0
15478 2
572 0
8426 2
15482 1
8042 0
7295 2
15488 3
13504 2
15490 1
15493 2
15494 3
1217 2
15496 0
7306 2
14871 0
15500 2
9410 2
15503 2
15506 1
15507 2
15509 1
15510 2
7322 0
13610 1
15517 1
7327 0
7330 0
15526 1
7335 0
7336 0
7337 0
9415 1
15540 2
15543 1
15546 0
10783 3
9418 1
18275 1
15552 1
5323 2
16612 1
10785 2
9247 0
7369 0
15562 0
15563 0
7372 2
15565 1
7374 3
9421 2
13339 3
15570 0
7379 2
2995 2
10470 2
14884 2
7386 1
15579 2
7388 2
12154 0
15582 0
7391 1
15584 2
246 0
15589 2
4338 1
15594 3
15595 1
7405 2
792 0
16253 2
15600 2
7410 2
15603 1
7413 1
15607 1
9428 2
15610 0
15611 3
15614 0
1237 2
15616 0
7425 3
15618 0
15619 0
7430 3
12162 1
17160 0
7440 2
15634 0
15635 1
17433 1
2606 3
15638 2
7447 2
7448 2
15641 0
7450 2
7451 2
15647 1
7457 0
15650 0
7459 2
7460 2
7461 1
15654 2
15655 2
15657 2
15658 2
7469 2
15664 1
15669 1
15670 3
15671 0
15672 1
7481 1
8978 1
15675 2
15676 0
15677 1
14901 0
7488 2
7489 2
7491 2
15684 0
14902 2
15687 1
7497 2
10807 0
2723 2
15693 0
15695 0
15696 0
14904 2
7975 2
9443 2
7510 0
15704 0
15706 1
15707 1
7516 2
1141 1
15710 3
7519 3
15714 1
7525 3
15719 1
7529 2
15722 2
9447 1
7532 2
7533 0
15726 1
7537 2
10814 1
8561 0
1257 0
15736 1
3988 0
15738 2
7548 2
15741 1
15742 1
15744 2
15748 2
7558 0
14913 2
15752 1
7561 2
7564 2
15757 2
15758 2
15759 3
15761 2
15762 2
10819 2
15764 0
15765 2
7575 2
7576 2
2980 0
8090 2
15775 0
15776 2
17648 0
798 2
7587 0
15780 0
15781 1
15782 1
7592 2
7593 2
7594 3
7595 0
15788 1
1266 0
15790 0
1578 0
7603 2
8094 0
15798 1
10825 0
7608 0
10619 0
15805 2
15807 2
16288 1
15810 0
9462 2
15815 1
15816 2
15817 2
15818 2
10074 2
15824 2
11391 0
15826 3
15827 3
7636 0
15830 3
17657 0
15832 0
7641 0
15834 1
10831 2
15840 1
15841 2
7651 2
1073 3
15847 1
15852 2
2710 3
15855 1
15857 0
7667 1
9470 2
15862 2
8105 2
8398 1
5422 2
15867 2
7676 0
7677 3
15871 1
7680 1
12258 2
15875 1
15876 0
15877 0
14986 0
17665 2
7688 2
15883 0
7693 2
8145 1
7695 2
2648 3
7699 2
6803 1
7701 0
7703 3
9476 2
15898 2
15900 2
7709 3
15902 1
7712 2
2086 0
11999 2
17442 3
15908 1
15909 0
7718 2
15911 3
7722 3
7724 3
7726 0
7728 2
17672 0
15923 1
7732 1
7733 3
17673 2
15931 0
17674 2
4021 1
7746 2
7747 2
7748 2
7751 2
7752 1
7753 3
8119 0
15953 1
15954 1
16812 2
7765 2
15958 3
15959 1
15962 0
15963 2
7772 1
7773 0
7774 1
14949 0
7778 0
4027 0
15973 2
7783 0
15977 0
15978 3
15979 1
15980 2
7789 2
15983 2
7795 0
7796 3
15989 2
17684 2
7802 0
16319 0
15996 0
2666 0
7806 1
7807 2
16000 2
7810 1
16003 2
16005 1
7815 2
16010 0
7819 3
16014 2
16015 1
17128 3
16021 0
13593 1
7832 3
16025 1
16026 2
16027 1
12229 2
16032 1
7841 3
2716 1
16036 1
16037 1
7848 2
16041 1
16043 2
16045 3
7854 2
16049 1
16050 3
2675 3
16053 1
16056 1
7865 2
16058 0
9503 2
16061 1
1353 0
16063 1
16064 2
7873 1
16066 1
16069 2
7878 0
16073 1
7882 1
16075 1
16076 2
13602 2
7887 0
7888 0
16081 2
7890 2
2681 0
16088 1
7897 2
7898 0
16091 2
7900 2
7901 0
7902 0
16096 2
7905 0
16098 0
18056 0
7911 2
16104 0
16105 0
16106 2
5415 0
16108 2
16109 2
16110 2
7919 0
16113 2
16114 2
16115 2
16116 1
16117 2
16118 1
16120 1
16123 1
7933 2
16127 3
16129 1
16133 1
16134 0
16136 1
7945 2
7947 2
16142 1
16143 2
16144 0
7954 0
7955 2
8721 2
7957 0
7958 2
7962 0
16155 1
12250 2
7966 1
7968 0
16161 2
16162 3
10631 2
7974 0
5945 2
16169 2
3539 0
2508 0
16176 0
7986 2
16183 2
16184 2
16186 2
7995 2
7997 2
7998 3
7999 2
11128 2
8001 1
8004 2
16198 0
7691 1
8009 2
16203 0
16204 1
18778 0
16207 0
9528 1
8021 0
8022 0
16217 2
16218 2
8028 3
8029 3
4359 2
8035 3
16228 3
16229 3
5237 0
16231 1
1340 2
16234 2
16238 3
12765 2
16362 2
16243 1
16244 1
16245 1
16247 0
8059 3
8061 0
16255 0
16259 1
10907 1
16261 1
16263 2
8072 1
16265 1
16266 2
17457 0
8076 2
16269 2
16271 2
13908 1
5179 0
8082 0
16276 1
16281 1
16282 1
16286 0
8096 2
8098 1
16291 2
16292 0
8101 1
16294 3
6812 1
16301 1
6813 1
8112 2
16306 1
16307 0
16309 1
5453 2
1636 0
6815 0
8124 0
3271 2
8127 0
3295 0
8129 2
8130 1
1355 1
16327 1
16329 0
6272 3
16332 2
17729 1
8143 0
16337 2
9397 2
10915 2
8149 2
8152 3
2724 1
1359 1
8156 1
16351 3
16352 0
16353 2
8162 0
16356 0
8165 2
16358 2
16359 1
16360 1
16380 0
8170 2
10919 0
8173 0
16366 0
16367 2
16369 0
8179 2
8190 2
16376 2
16377 1
16379 2
9929 2
17185 0
16382 1
