0 0
16386 2
11184 1
16388 2
8197 2
8198 2
16391 1
16393 2
8202 0
16396 1
2733 2
13249 3
8212 0
21 0
16406 0
8216 0
1964 2
16410 0
16411 1
16412 0
16415 2
33 0
1702 2
16420 2
37 0
16422 2
16423 0
16424 1
8233 1
8237 2
8238 0
16433 2
8242 1
52 1
16437 1
16438 3
16440 2
17187 2
17759 1
16445 2
10475 1
2741 2
65 1
16450 0
16452 1
8261 2
16456 2
8266 2
16459 2
16460 2
16463 0
16464 1
8276 1
88 2
89 1
16476 2
8285 1
16478 1
5477 0
16480 0
16484 1
16485 0
102 1
8295 2
104 0
16489 3
1383 2
16492 0
16494 0
16495 1
8304 0
8305 0
114 0
8307 2
8309 2
12279 2
120 3
8313 2
122 3
16507 1
16509 1
2946 2
16405 2
16513 1
16514 2
16515 2
16516 1
16517 1
16520 2
5484 2
16522 1
139 3
6850 1
8335 0
144 2
145 2
8338 2
15043 2
17774 1
8343 1
8344 1
16538 0
8347 3
16540 2
16543 2
16544 3
8355 0
166 1
16555 3
173 2
8367 0
8368 1
177 1
178 0
179 3
180 3
181 1
183 2
16568 1
185 2
16572 3
13040 2
13628 1
192 2
16577 0
8386 2
6859 1
16580 0
197 2
8391 2
200 0
201 1
8394 3
203 0
16588 3
8397 2
16590 3
208 2
209 2
210 2
8407 2
16600 1
8412 1
16605 2
224 2
8420 2
16613 2
230 0
10961 0
233 2
234 2
16620 3
8430 2
9597 2
8432 1
16626 2
4918 2
16628 0
8437 3
246 0
16632 2
250 1
5839 2
16638 0
15061 0
16640 1
9600 1
16642 0
10640 3
16646 1
263 2
16650 0
8460 2
8461 3
270 0
271 2
11206 0
8466 0
8470 1
2777 1
8473 2
16668 1
285 1
8478 0
287 2
8480 1
8481 0
8482 0
8483 0
8484 3
1414 2
8486 2
8241 2
8488 2
16683 2
6003 1
8497 1
16690 2
16691 2
8502 1
13705 0
313 1
315 1
16700 2
16701 2
6830 2
16705 1
16706 1
17803 1
324 1
16710 3
16712 0
16713 0
16715 0
332 2
16718 1
16719 2
336 0
16721 1
16722 2
8531 1
340 1
342 2
8535 2
344 2
8539 1
16733 2
16737 2
16738 1
16443 2
16740 0
8549 0
16742 1
359 3
9832 0
6887 1
365 2
366 2
15080 2
8563 2
8564 2
16759 1
380 1
16765 2
8574 0
16767 3
16768 2
8578 2
387 0
13718 2
16774 1
392 1
394 2
16780 0
66 1
400 0
401 2
405 0
16790 1
8599 0
409 0
410 2
8604 2
69 1
8608 1
8609 2
8610 1
8611 2
420 1
16805 0
16807 1
8617 0
8619 3
428 2
8621 0
16814 2
9629 1
8625 2
16819 2
8628 1
8631 1
440 1
8633 0
8634 2
16827 2
444 2
74 0
446 2
8639 0
8640 0
17824 0
16835 0
453 1
454 2
455 1
456 1
16841 2
458 3
16843 3
12849 0
461 2
8655 2
8656 0
466 3
11745 2
16852 1
469 1
16854 2
8665 2
8667 2
8669 2
8671 3
16865 0
1107 1
483 2
16876 3
8686 3
8688 2
16881 1
17843 2
16884 1
6910 2
16886 2
8696 2
8697 0
8698 1
16893 2
8702 2
512 1
16897 2
2150 2
16902 2
4095 0
8714 1
524 2
8717 2
526 0
17837 1
528 2
529 2
16914 1
8723 1
8725 1
16919 1
536 3
2820 3
538 0
8731 0
8732 1
3564 3
542 2
543 2
16928 2
8737 2
16930 2
8739 3
548 1
8296 2
551 1
552 1
16937 2
8746 2
8747 2
558 1
8751 2
16946 2
563 2
16950 2
567 2
8761 1
8762 1
572 0
573 1
574 0
8767 0
577 1
8771 3
581 1
583 1
16969 1
586 3
587 1
3020 3
8781 3
591 1
16976 1
8785 0
595 1
16980 2
17849 2
8792 1
8793 1
17189 3
603 1
604 3
605 3
607 1
16992 2
16993 2
8802 1
16997 2
119 1
17002 1
8811 1
620 3
621 2
8814 2
8815 2
4200 3
12494 2
17012 3
629 1
8822 2
8824 0
633 2
5567 2
17020 3
17022 0
639 0
641 0
8835 1
4113 1
17030 1
17031 2
8841 2
17036 2
8845 0
657 3
17042 2
660 2
110 0
17046 1
663 2
664 0
17049 1
18844 1
8860 1
1386 3
8862 2
8863 3
672 0
8865 3
8866 0
15131 1
676 2
17061 2
17062 0
17063 1
680 0
17066 2
17067 1
17069 3
841 1
8479 0
8881 2
17074 1
17077 3
17078 2
13935 1
700 2
17085 0
17087 0
704 0
17089 0
17090 3
8900 2
8902 2
712 2
17097 2
17098 2
17099 2
17101 3
8911 1
8912 3
8913 1
8914 2
15139 2
8916 2
8917 1
17110 0
8921 2
730 2
9930 3
17118 2
8928 1
737 2
17122 0
8934 1
8935 2
744 2
8938 2
17131 1
748 2
17133 0
8943 1
754 2
8947 1
17140 0
17141 2
17145 1
762 1
8955 1
17148 1
2858 1
17150 3
5589 3
17152 1
17154 0
771 1
8964 2
774 1
17159 3
8968 0
496 2
780 2
17167 2
17168 2
9688 3
786 0
787 2
17173 1
790 2
17176 2
8985 0
8986 2
11055 2
17180 2
17182 1
133 2
8992 3
8993 0
8995 2
804 3
8997 0
8998 1
17191 0
808 2
17194 2
1118 2
17197 0
9008 0
17201 1
17203 2
820 2
17206 1
8329 0
9018 2
17211 1
3028 2
8330 2
9022 3
6965 2
9024 2
17217 2
17218 1
8331 2
17220 1
837 0
4868 0
17889 0
9033 1
9034 0
17227 1
844 2
17231 0
17232 1
17233 2
9042 2
18500 2
9044 0
17237 2
17238 1
11065 2
856 0
17241 1
858 1
16527 2
17244 0
861 2
862 0
9055 0
865 1
17251 1
868 3
8485 2
9063 1
17256 2
9065 2
874 3
876 3
146 3
17262 0
16837 1
17265 2
882 0
16669 0
9079 1
888 2
9081 2
9082 2
892 2
9086 1
17280 1
898 2
9093 1
903 0
9098 2
151 1
9101 0
910 1
9103 2
17296 3
16670 0
17300 1
917 1
17303 0
9112 2
17307 2
17308 2
17310 1
17311 2
17313 2
931 3
9124 1
9127 2
9129 2
17324 2
17329 3
9138 0
17331 1
9608 1
646 3
9142 0
951 0
952 1
953 2
15853 1
18581 2
961 1
17351 1
9164 0
16672 0
17360 2
9169 0
17364 2
17365 0
17366 0
17367 1
17368 1
3579 1
17376 0
993 0
9186 2
17381 2
1002 0
17388 2
17391 0
15582 0
9201 0
17395 2
17396 2
1013 2
17399 2
7699 2
9209 1
17403 1
9212 1
9214 3
17407 2
9216 0
17409 1
1027 0
1028 1
334 3
1030 2
1031 3
1032 1
17417 1
1035 2
1037 3
17422 2
17423 3
9232 2
9234 2
9236 1
9237 2
8954 2
17431 3
1048 3
5636 0
17434 0
17438 2
2907 2
17446 1
9257 0
17450 1
9259 3
16562 2
9262 2
17455 0
9264 1
8371 2
9268 1
9269 2
9270 2
1080 1
9273 3
9274 2
17468 1
9278 1
17472 0
15200 0
17475 0
17476 0
17477 1
9287 0
17480 2
9292 1
17485 0
17487 2
9296 3
17491 2
9300 1
8377 1
9304 2
1115 1
9308 1
9309 1
9310 0
2917 0
17504 2
310 2
17509 2
17510 2
9320 2
9321 0
17514 2
17515 3
17520 1
1137 0
17522 0
1139 3
9333 3
1142 3
1144 2
1556 1
17532 2
2922 1
1150 2
9343 2
17537 0
17539 3
17541 1
17542 1
17543 0
9352 1
1162 3
1163 2
17548 1
17549 1
9358 1
17552 1
17553 2
1173 2
1174 2
9367 0
1177 2
17562 1
15215 0
1180 1
1181 3
17568 0
17570 2
9379 1
17572 2
1189 2
17574 1
9383 0
9384 3
17577 1
17578 2
1195 0
9388 2
17581 1
17582 0
5661 1
8392 2
1204 0
1205 1
9398 1
17592 3
17593 2
17594 1
1211 3
17596 1
202 2
9407 0
1218 2
17603 3
1225 2
9418 1
9420 1
17613 0
3253 1
9427 2
9428 2
206 3
1239 0
1240 0
1241 2
1242 3
427 2
1245 0
5497 2
17632 1
17633 3
1251 1
17636 1
17638 0
17639 1
17640 1
1257 0
17642 1
1259 1
1260 0
8402 2
1264 3
17649 1
1266 0
17651 0
9460 2
9461 2
9462 2
1577 3
15318 2
9465 1
15231 0
17660 2
1277 1
9470 2
17663 1
17664 0
9473 1
17666 2
1283 2
9477 2
17670 0
17672 0
1290 1
17676 0
9485 1
17678 1
1298 2
1299 1
9492 2
15066 2
1304 2
17689 2
1306 3
9503 2
1313 3
1314 1
17700 1
1317 3
6045 1
1321 2
1322 2
1323 0
1324 2
12509 2
17712 1
1331 1
17719 1
9528 1
1337 0
1338 1
9531 2
9532 3
17725 0
9781 1
9536 0
1700 2
17730 1
9540 2
9543 2
1353 0
1355 1
2500 2
9551 1
17744 1
1592 3
9554 2
9555 1
9556 2
1366 0
17977 2
1370 2
17755 0
17756 0
9566 0
1375 2
1377 2
17979 2
1380 0
9574 1
17767 1
6774 0
9578 1
16615 0
9580 1
1389 3
1390 2
1392 1
1395 1
9588 2
17781 3
17782 2
9592 1
9594 2
17787 3
9596 0
17789 1
17792 0
1409 0
9606 1
1415 2
1416 3
8428 0
17802 1
9611 2
17804 2
1422 2
9615 2
1425 2
9618 0
17813 1
17814 2
9623 2
9625 0
9626 2
1435 0
1436 1
17821 2
17822 3
17989 1
9632 1
1442 2
1444 2
9637 1
9638 3
9639 2
1449 2
9642 0
9645 2
1454 2
15261 2
9648 2
17841 1
9651 1
10648 2
13897 0
5777 2
9657 0
9658 2
17851 1
1468 2
9661 1
17854 0
1473 1
17858 0
1611 3
9669 2
1479 3
9672 1
9673 1
1482 1
9676 2
1486 0
13550 1
1488 1
1489 1
9682 1
17875 0
1493 0
17879 0
17880 0
9691 3
9694 0
9697 3
17893 0
9702 2
17896 1
9705 0
9810 2
15599 0
1521 3
1523 0
18004 2
9722 2
8447 0
17916 0
13690 2
13909 2
1538 2
1539 2
1540 1
17925 0
1542 2
17927 0
11180 0
1546 0
9815 2
1548 2
17934 2
17935 1
17940 0
9817 2
17944 1
1561 2
15279 2
9756 0
17949 2
261 2
9761 1
17956 2
17960 0
13916 2
9770 1
17964 0
9773 2
1583 2
1586 2
17971 2
17973 2
9782 2
1591 1
9784 2
9785 2
9787 3
17981 1
18014 3
9792 2
17985 2
17987 0
1605 0
1608 1
1610 1
17995 2
4418 0
1613 2
1614 1
17999 0
9808 2
18001 2
18002 0
1619 2
9812 0
11193 0
9816 2
18020 0
18010 0
18011 2
338 1
13966 3
9825 0
1634 2
1635 2
9828 1
9829 2
18022 1
1639 2
1640 2
9835 2
1645 0
9838 1
9839 0
18032 0
18033 0
12563 2
1652 2
9845 1
1655 2
9849 0
1658 3
1661 1
9854 1
1666 2
18053 2
1671 1
18056 0
18057 2
1674 2
9868 1
18061 2
18062 2
18065 0
9874 0
9875 3
9876 0
1685 2
1686 2
12569 1
1691 2
1693 2
1695 2
1648 1
18082 0
9891 3
9892 0
1701 2
9894 1
1703 1
9896 2
9899 1
9901 2
8513 0
1711 2
18096 2
9907 2
18100 1
1717 2
18104 0
1721 2
9915 2
18109 2
18110 1
1653 2
1729 1
18118 1
289 2
1736 0
18121 1
1738 2
18123 2
8514 1
18126 0
9936 1
1746 2
16675 0
18133 2
1750 1
1751 2
1753 3
1757 1
18142 1
18143 1
1760 0
1761 0
18146 0
9955 0
1764 2
294 3
1767 2
10970 0
18154 1
18155 1
18156 1
1773 1
18161 1
1779 0
1662 2
1783 1
9976 2
15316 1
5515 1
9981 2
18174 2
18175 1
18176 2
18179 1
3030 1
18609 0
1803 0
1807 0
1809 2
16380 0
3033 0
18201 1
10010 0
18203 2
11226 2
1823 2
5687 2
10018 0
1827 2
1828 2
18214 2
305 2
18216 2
18217 0
18218 2
1835 1
1836 1
4402 1
1838 2
10031 2
18224 0
18225 2
10034 1
18227 2
10036 2
18230 0
1847 0
1848 3
18233 2
1852 1
9866 0
1857 2
1858 1
1860 2
10053 1
18246 2
18247 2
10056 2
18250 2
10059 2
18252 1
3042 2
1426 0
1677 0
18256 0
18259 1
18261 1
10071 1
18264 1
1882 0
1883 1
18269 2
7141 0
18272 0
18274 3
18276 0
1893 1
18279 1
10088 1
10089 2
18282 1
11239 2
18284 1
18287 1
10099 2
18292 0
10102 0
1911 0
10104 1
10105 0
10106 2
319 2
10109 0
1918 2
1920 2
6065 2
18306 2
1924 2
10117 1
18310 3
1927 3
18312 1
15340 3
18314 2
10123 2
1932 0
10125 1
18319 0
10129 2
18323 0
18324 2
1944 0
16708 0
10138 3
1947 1
10140 2
1949 2
18340 2
10149 1
1958 0
10151 3
18344 2
1961 2
1962 3
4423 2
18348 1
18349 1
13981 3
10163 2
18358 3
18361 3
18363 1
2248 2
18366 2
9768 2
1987 1
1988 2
1697 0
1992 2
8524 2
1997 3
10190 0
12621 1
18384 2
18385 1
18083 1
2005 1
10201 1
18394 2
18397 1
10207 2
18401 1
18404 2
10213 2
10214 0
16707 0
10220 0
18413 3
10706 1
13992 0
18419 1
15358 2
18426 1
2043 1
18428 2
4050 1
14195 2
18434 3
2052 2
18437 0
18439 2
14580 3
2057 2
18443 2
2061 3
18446 2
10256 0
16926 2
2069 3
2072 2
11268 2
1160 0
9903 1
2076 2
18464 0
14000 2
2083 2
18468 0
18469 2
18472 0
10282 2
2091 2
2092 2
3080 2
2098 2
18483 2
10293 1
10294 1
2103 2
5812 0
10298 2
10299 2
2109 0
10304 3
10306 1
10307 0
2116 2
10309 3
10310 1
18504 1
2121 0
2122 3
10316 2
10317 1
10319 3
2128 1
10322 0
10324 1
18517 0
10326 0
4981 2
2136 0
8548 2
2138 2
3087 2
10332 1
10335 2
18528 0
10337 2
10339 1
10340 3
18534 2
15377 2
2152 2
2153 2
16743 2
18540 0
18541 0
18542 0
10351 2
10352 1
2163 1
2164 2
1726 2
10358 2
8553 2
10363 0
8939 2
10366 2
2176 2
18567 3
2185 2
10383 0
10384 0
2194 3
18579 2
18580 2
8558 2
10390 0
10391 1
2200 1
2201 2
18587 3
18589 1
10398 1
2207 1
18077 0
10401 2
18594 2
2212 1
10405 2
2214 1
2215 1
18600 2
16927 1
18604 2
10413 0
3101 0
10417 3
371 0
10420 2
10422 2
18615 1
9076 0
2234 2
2236 2
2237 3
18622 2
9349 2
18626 3
18628 2
18629 2
18632 2
14028 1
2251 2
2252 1
18638 0
5837 0
18640 1
18641 2
2261 1
2263 2
2264 2
18649 0
18651 1
18079 2
9350 2
18655 2
2276 0
894 2
2278 2
5841 1
18665 2
2283 2
10476 3
4477 0
10483 0
18676 2
13545 3
10487 0
10488 2
2297 2
18682 1
18683 1
16989 1
2304 0
18689 2
10498 2
10499 3
18692 2
10502 2
2311 0
10505 2
18700 2
10510 0
18704 1
18706 2
18707 1
2324 2
10517 1
10518 2
11854 0
18713 1
18714 1
10523 2
2333 2
18718 1
18719 0
10530 1
18723 1
18724 0
10533 2
1716 1
2343 1
18729 0
18734 2
5853 2
2353 1
2356 2
1758 3
18743 0
2362 2
1759 2
2364 2
2365 3
10558 0
15413 2
2368 1
10562 1
10564 2
2373 1
10567 1
18760 3
396 1
2378 1
10652 1
10573 1
18766 2
2383 1
2385 2
18771 2
10580 0
18773 3
18774 3
18775 1
10589 2
18784 1
8592 2
2402 0
2404 1
18790 0
16785 3
18794 0
10605 1
10607 1
2417 1
10611 0
18804 2
2422 1
8264 0
2426 1
2427 2
10709 2
18814 2
16789 3
2433 1
2436 0
8810 2
2440 2
1772 0
10636 1
2448 2
10641 1
18834 1
10645 1
18839 2
18840 2
18841 2
2458 0
2460 0
10653 1
2462 2
18847 3
2465 1
2469 0
2470 2
2472 2
412 0
2475 1
2476 0
14267 1
10670 1
2479 0
10672 2
2484 0
18869 0
10678 2
15433 1
10680 1
10041 2
16800 3
2498 2
11339 2
10692 1
2501 1
8800 1
2503 0
8293 1
18167 1
10700 2
14035 3
10702 2
2514 1
10707 2
2516 2
2517 0
5881 2
10714 1
11343 2
2524 1
2525 1
2527 1
2528 0
2529 0
10724 0
2534 1
12905 3
2536 0
18088 2
10734 1
10737 3
9982 1
10742 2
2551 0
2553 1
1791 3
2556 1
2558 1
4545 0
10754 2
10755 0
12906 2
2566 3
2568 0
10766 0
7256 2
10771 1
10773 1
10774 1
10777 1
2586 1
10780 0
10783 3
10784 0
10785 2
2594 2
10789 2
2599 2
10793 0
2604 0
2606 3
9634 1
10801 2
10802 0
8627 0
2613 1
2615 2
10808 3
10809 1
10812 1
2622 1
2624 2
2627 2
2630 1
2631 1
10825 0
2634 2
4535 3
2639 0
2640 2
12728 2
10838 1
12729 0
11364 1
18191 2
12730 1
2655 2
2657 0
10850 1
12731 0
10852 2
10853 2
10855 1
4540 1
10858 1
9636 2
10860 1
10863 0
2672 2
10865 1
10868 0
2678 3
10871 2
10873 0
10880 2
10881 2
10883 2
10884 0
2693 2
10887 2
10893 1
10895 1
2707 0
10900 1
10901 2
2710 3
1817 1
2712 0
10905 2
10906 2
2715 2
2718 2
4549 0
10913 3
2722 1
10915 2
10916 2
2725 2
10925 1
2738 3
2739 2
10184 0
10933 0
15301 2
2743 3
18207 2
2750 1
2751 0
2753 2
2754 2
459 0
2756 2
14113 3
2764 3
10957 0
2769 0
2775 1
2776 0
18212 1
2778 2
16847 0
10972 0
2781 0
2783 3
2784 0
16848 2
10978 0
6947 3
2791 2
2794 3
2795 0
2797 3
10991 1
2801 2
2802 2
16851 2
2804 2
2807 3
11005 1
7711 0
10027 2
11012 2
2821 1
11016 0
2826 2
2549 2
18221 2
2835 2
12761 2
2724 1
11034 2
11035 0
11036 2
12762 3
11038 2
11040 3
10032 1
2850 2
2851 1
11045 2
2854 1
1841 2
2856 2
11050 1
11053 2
16861 1
11056 0
2865 3
11058 2
2867 1
18228 2
12767 3
2879 2
2880 2
11073 1
2882 2
2883 0
2884 0
10038 2
11078 2
4577 2
2891 2
2892 2
11086 1
18232 2
8675 2
11094 1
2903 2
2904 1
11097 1
15503 2
2909 1
2910 1
11103 0
11109 2
11409 1
11112 1
5948 2
11114 3
2924 0
10045 1
2928 1
11126 1
2936 0
17641 1
4984 2
2942 2
2944 2
11138 2
11139 1
11141 0
2950 2
2951 2
11145 2
2955 0
11148 2
11149 0
8009 2
9373 3
2962 0
11155 0
11158 2
11159 3
11162 2
2973 2
2975 1
3784 2
2977 0
11173 1
18296 0
11178 3
10055 2
2988 0
2992 2
13466 1
11191 2
3000 2
3001 2
11194 2
3004 0
3005 0
6021 2
14259 1
3010 3
3014 0
3016 1
11212 0
3021 2
11214 2
11215 1
3024 3
11220 1
7729 0
11225 0
3034 2
18255 0
11229 2
11230 2
15525 2
3040 2
11234 1
12795 0
3044 2
11237 2
3047 0
3048 3
3049 2
3052 1
3057 0
3058 1
3063 0
11259 2
3242 3
3070 2
1466 2
3074 1
11267 2
3076 2
3078 1
3079 2
1166 2
11273 3
3082 2
12802 1
11279 1
11286 2
3098 1
3099 0
14170 1
11294 3
517 0
3104 0
3105 1
3107 2
3110 2
3114 3
11307 2
3117 3
11310 1
10077 1
11315 0
11316 0
11320 0
3252 3
11327 2
10080 2
3138 1
11331 3
11334 2
11335 2
11336 2
11338 2
3147 2
11340 2
3149 3
2287 2
11345 1
3154 3
11348 1
11354 2
11355 3
3167 1
3169 3
3172 2
11366 0
18382 1
3177 3
3178 1
11371 2
10039 2
3185 0
11379 3
3188 2
14042 2
11383 1
3194 2
4198 0
11393 2
1899 0
11397 2
11398 2
3207 2
1900 2
11402 0
3212 1
14887 0
3215 2
3216 2
4632 2
11411 2
3220 1
3223 2
11460 0
10095 2
14292 0
11421 2
3231 1
11425 2
11426 3
11428 3
3237 1
11430 0
3240 2
3241 1
11434 2
11435 2
541 2
266 2
108 2
18291 0
11444 2
11445 1
3257 3
3258 2
11451 1
3260 0
3261 1
3263 2
3264 0
11457 2
11458 2
11459 0
3268 2
11461 1
3270 1
11463 1
3272 0
12384 1
3274 1
10103 3
11468 0
11469 2
3280 2
11473 1
3286 1
3287 2
11480 0
8740 2
3291 2
11484 1
3294 0
11487 0
3296 0
3298 1
11491 0
11495 3
11496 3
3305 1
3310 2
6013 2
11504 3
11508 2
11510 2
3320 2
11514 2
3324 2
3325 0
11518 2
11521 1
3330 1
555 2
3332 1
3333 1
1921 2
11530 1
11532 2
3288 2
3347 0
3349 2
3351 3
3352 1
3353 1
3354 2
3357 1
3358 0
3359 3
3360 1
11152 2
11554 1
11555 1
11557 2
11559 2
11565 1
3374 1
3375 2
3380 1
3381 1
11574 2
14217 2
12852 2
3386 3
3387 1
3389 2
12853 2
3392 1
11586 0
3395 1
3396 0
3397 0
11592 0
8759 1
3406 1
16753 2
3409 0
11603 3
6030 3
11609 2
3419 2
11612 3
11613 1
3422 1
3423 1
3424 3
3425 2
3427 2
11620 1
3430 3
3433 3
3435 3
11629 0
4669 2
3440 1
11633 0
1939 1
3444 2
11638 2
9662 2
11640 2
16959 2
3452 0
3453 2
13754 2
3456 0
4672 2
15595 1
3461 0
8769 1
12866 2
11662 2
9390 1
11502 2
3479 2
11672 2
11675 3
3485 1
11678 0
3489 3
3492 0
12870 1
11686 0
1387 1
3501 1
3503 2
3504 2
3505 0
7209 2
11703 1
11705 0
11707 2
7413 1
11712 2
11713 2
3523 2
11716 1
3527 2
11724 2
11512 2
11732 0
11734 1
11738 1
16975 1
3548 3
6053 1
11744 2
5301 0
3556 0
10484 2
11751 1
11756 0
11760 2
11764 2
11766 0
11771 1
11773 2
3582 2
17850 1
11776 2
11779 0
3588 0
11785 0
11786 1
3595 0
16178 1
11793 1
11795 3
11800 2
17659 2
3612 0
8794 1
11808 1
3619 2
3621 2
3622 2
11815 1
11819 2
3628 0
11821 1
11823 1
11825 2
3634 3
18355 3
11831 1
11833 1
9123 2
3646 0
11841 2
11842 0
11844 2
10166 2
3655 1
11849 0
3658 2
11481 3
11855 0
11856 3
11857 0
3666 0
11859 1
3669 0
11864 2
3674 2
11867 1
3677 2
3678 2
11871 2
9397 2
11874 1
1979 1
11877 2
3688 1
15191 2
11884 2
11887 2
11888 0
11889 1
3699 1
3702 2
3703 2
3704 1
3706 2
11899 2
11900 2
618 1
6943 2
3713 2
3714 3
12126 2
3717 2
11913 1
11915 0
12909 2
3730 2
3731 1
622 0
7599 2
17810 1
3738 1
3740 0
14277 2
3745 2
3747 1
3751 1
3753 3
3754 2
17010 1
15645 3
18376 2
3762 1
3768 0
3769 2
3771 0
3772 1
2035 2
3777 2
3778 0
17014 1
16220 2
3785 3
3786 0
3790 2
3792 0
11989 0
11990 1
1763 0
11997 0
11999 2
3400 0
3810 2
17019 1
12006 0
3815 1
12011 3
12013 2
3822 3
12015 0
12016 0
12017 2
12018 0
638 0
3830 0
3832 1
3833 0
3834 2
12032 2
13273 1
12037 2
3849 0
3850 1
12045 0
12055 2
17028 0
3869 0
12062 2
12065 0
12068 0
12069 1
3879 2
3880 0
12073 1
12076 2
3887 2
15667 2
12086 1
3897 0
8586 0
11573 2
12100 2
12101 1
12102 0
12103 3
3912 1
12109 2
12110 2
12117 0
10212 0
12123 0
3932 3
3934 0
12127 2
12944 2
15134 1
12131 3
12134 2
8849 2
12136 2
3947 0
12141 1
3950 0
14312 2
12152 1
12153 1
12154 0
12157 3
12158 2
3968 3
132 2
6123 2
3973 1
7489 2
8855 1
12173 0
3984 1
3985 2
12181 1
12184 2
3999 0
4000 0
12193 0
4006 2
14321 2
4010 2
12206 1
4765 1
7496 0
9681 2
4019 1
4766 1
12217 1
17055 2
4030 1
12223 1
4768 2
4035 0
4038 0
673 2
12235 0
4044 2
4047 1
4948 2
4771 2
6137 1
4058 2
4059 3
12252 2
12257 0
12258 2
9356 3
12262 2
12267 0
12268 2
12270 2
12272 2
27 0
4087 0
2591 0
6143 3
4094 3
12287 0
9411 2
4103 2
4107 2
12300 2
12304 0
12305 1
12306 2
4115 0
12310 2
3417 3
4120 0
12314 2
4123 1
4126 0
12319 2
10503 2
12324 2
12326 2
4137 2
12330 1
12331 2
4140 0
4141 0
4143 0
4144 0
14344 0
4146 0
4148 1
4151 2
15711 2
4164 0
4776 2
4173 2
14349 1
11619 1
4180 0
4793 1
12377 2
4189 0
8658 0
7525 3
4192 2
4196 3
12390 2
4199 0
12392 1
8892 1
4202 1
4203 1
9960 0
4208 2
4209 3
2067 2
7529 2
12411 2
14932 2
4221 2
12414 2
10261 2
12417 2
12426 0
4235 2
12428 3
8898 1
4238 0
4239 0
10264 0
12435 2
12436 2
4245 2
2073 2
12440 2
4249 1
12445 2
4255 0
12448 1
12450 0
12451 1
4260 2
4262 2
4263 2
4264 1
4265 3
4267 1
4270 0
12465 1
9144 3
12470 2
8905 2
4281 0
14367 1
8906 2
3446 2
12486 2
14369 2
4297 0
11639 1
4301 1
4302 1
7781 2
12496 1
7544 2
4306 3
4316 1
7546 2
4318 2
4319 0
13510 3
4321 3
4323 2
4327 1
9051 1
12521 2
4331 1
13010 0
4335 2
4336 0
4337 2
12530 1
12532 2
4341 1
4342 2
4344 3
4345 2
11922 1
12539 2
14875 2
12545 3
4354 2
18475 0
726 2
4359 2
12554 3
4363 2
4365 2
4368 1
4370 1
4371 2
4374 2
17113 1
4377 3
4380 2
12573 0
4383 2
4385 1
12578 0
4827 1
4389 2
6193 3
18482 0
12590 3
12592 2
9421 2
2099 2
12596 2
17059 0
12599 2
4408 2
12601 0
12603 3
4413 3
4832 2
12610 0
15755 0
12615 2
12616 0
4425 2
4429 3
12622 1
14392 2
12626 2
4436 2
4439 2
12632 1
4442 2
12635 0
12638 2
12639 0
12642 0
18491 0
17126 2
12647 1
12649 1
12652 2
4462 2
4523 2
4464 2
4513 0
12658 2
12660 2
4471 1
12664 1
12666 0
12668 2
12669 2
12672 3
2112 2
4482 1
4483 0
12676 3
4485 2
12679 2
4491 1
4493 2
12686 2
3480 2
4498 2
4499 0
4501 0
12695 3
4505 0
17135 2
4510 1
4511 1
12705 2
4515 2
4517 1
12710 1
12711 2
12712 3
12714 1
12715 2
12717 1
12718 1
4527 1
4528 2
4529 2
4532 1
4533 0
12727 1
4536 0
4537 2
4538 2
4539 1
12732 1
12734 0
12737 1
12739 2
12741 1
12744 0
4553 2
12746 1
12747 2
4557 1
12750 2
12754 2
4566 2
8953 1
17610 2
11684 2
4570 1
4571 0
4573 1
4574 3
4575 2
12769 2
12770 1
12771 1
4581 1
12774 1
12775 0
4584 0
8956 2
4586 1
4589 2
4590 0
4592 0
12786 0
4595 1
12790 0
12792 1
14420 2
12794 3
13055 1
4605 2
4608 0
4609 1
4610 1
12803 1
12805 1
12809 1
4621 2
4624 1
4626 2
17612 2
4629 0
4630 0
12824 3
4633 2
12826 2
4635 1
4636 0
10330 3
6632 2
4641 2
4647 0
12842 2
12844 3
4653 0
12430 1
12847 2
4656 1
776 3
4658 2
4660 2
4661 0
4662 0
12856 2
4667 2
12861 2
4670 2
4671 0
3156 0
12865 2
4674 1
12867 1
12868 2
12869 2
4678 1
14433 2
12872 2
12874 1
4683 0
12431 3
4688 1
12883 1
12885 1
4695 2
4696 1
8975 2
8651 0
4705 1
4707 2
4709 1
12903 3
4712 2
4713 0
4714 1
12907 0
12908 0
4717 0
4719 0
4721 2
4722 0
4726 1
12919 1
12920 1
4729 2
4730 1
12923 3
4733 2
4735 3
4736 2
3520 2
12930 2
6251 2
3521 2
4744 1
4748 1
12942 2
2157 0
4752 1
4753 2
12946 1
17544 2
2158 1
12953 2
12956 2
12957 1
12958 0
12960 2
12961 2
12963 1
12964 2
12968 1
12971 1
12972 2
12973 3
12977 2
12981 1
4790 1
12985 0
4794 2
8991 2
12989 2
12990 3
12991 0
17184 1
2742 2
12998 1
4807 1
4808 1
4809 2
13780 1
4811 3
4812 1
4813 1
4814 2
3281 3
4819 1
4820 2
4822 0
4823 2
13092 1
4826 1
13019 2
13020 0
13021 0
4831 1
13024 2
2171 0
806 1
4839 0
4840 0
4841 2
4843 2
4844 1
13037 1
10365 2
4848 1
13043 2
13045 1
4854 0
4860 2
13053 0
4863 1
13056 0
4865 1
13058 0
13060 0
3542 0
13064 3
4878 0
13074 0
13075 2
13076 3
4887 1
4888 2
3709 2
13088 1
4897 2
13090 2
4900 0
9009 2
8325 2
4906 3
4910 0
13107 0
4917 0
13110 1
13112 1
13114 2
14894 2
4924 2
4927 2
4929 0
13122 1
13123 2
9014 3
4934 1
4935 0
13129 2
4256 2
13133 2
4942 0
2074 1
15843 0
13140 3
13142 1
13143 0
13146 0
13147 1
13150 3
13153 2
13154 2
4963 3
13156 0
13157 2
13158 1
13160 1
15847 1
10386 1
16618 2
13168 2
4980 1
17214 0
13175 2
18715 3
4985 1
4986 2
13181 1
4990 2
4991 1
13184 1
832 2
4994 1
4997 2
13190 3
13193 2
13194 0
13195 0
13196 0
9026 2
5006 1
13199 1
13200 0
13201 2
5010 0
5012 0
5015 3
13208 2
13209 2
13210 2
5020 2
5021 2
13214 1
13216 0
5025 2
13220 2
13222 3
5031 3
5033 3
13229 2
13230 2
5044 2
7533 0
13240 2
3572 1
11272 2
13244 2
5053 0
5054 1
5057 3
13250 2
15717 0
714 1
13257 2
13259 2
13262 2
5071 3
5072 3
5073 3
13266 1
5077 1
9052 1
13271 1
10404 2
9039 1
13276 2
18801 2
10535 2
13282 2
13283 2
13286 3
5098 0
5099 1
13292 0
5102 2
13295 1
5108 1
13301 2
13302 1
13303 2
852 2
5115 1
9045 2
13313 2
13314 0
5123 2
13317 0
8812 2
3471 2
5129 2
13324 2
13329 2
13331 2
13332 2
14510 2
13334 0
13337 2
5146 0
13339 3
13340 2
16811 2
5150 0
5151 0
5154 2
859 2
13348 1
13351 2
13352 0
13353 0
13356 2
17245 1
5168 1
5171 1
13366 0
13370 0
5179 0
13374 2
9447 1
13376 3
13377 0
5186 0
13379 0
18614 2
4961 1
13385 1
13386 1
5196 2
5197 3
10291 1
5201 1
13395 2
13399 2
17252 2
7695 2
5212 1
13405 2
5216 0
14631 2
12176 1
5219 1
5222 0
3601 3
5225 3
5226 1
13419 1
13421 0
15177 2
13427 2
873 1
5241 2
13401 2
8358 0
5249 2
13444 1
17260 2
7703 3
877 3
5265 2
13458 0
5272 0
5274 0
14533 2
13474 0
5283 2
5284 0
13477 2
11804 1
13484 0
5293 2
15901 1
5297 0
5299 0
13493 2
13494 3
13496 2
17268 1
5306 1
13499 1
13501 1
13503 2
3616 3
18635 1
5318 0
13511 2
18636 2
5322 2
16784 2
13518 2
13520 2
9080 0
14362 1
5332 2
13525 2
889 0
5336 1
15908 1
5339 1
13532 0
890 1
5345 2
13541 2
10449 2
5352 1
17276 0
15911 3
14137 2
5357 1
5358 1
13551 2
5360 1
13557 0
5368 0
13563 2
5372 2
5373 1
5374 1
13567 3
5376 2
9088 3
5378 2
5379 1
5380 1
5381 2
5384 0
8601 2
13578 2
5387 2
5389 2
13586 0
13588 2
5401 2
13596 2
13600 1
13602 2
3633 1
13608 2
13610 1
9095 2
5422 2
13618 1
18457 1
13621 2
5001 2
13626 3
10463 2
3727 2
5437 2
9099 0
5444 2
13638 2
13640 1
13646 1
13197 0
5459 3
17294 0
5463 1
13657 0
911 2
5472 2
912 3
13666 0
18662 2
5478 0
13671 1
5481 0
5483 1
13676 0
13202 1
5486 2
13679 2
13680 0
5490 1
5491 2
5921 1
5494 3
13687 2
5496 2
13689 0
5498 2
13691 2
13695 2
13696 2
5505 0
5506 2
6379 1
5508 2
5513 2
5514 0
919 0
10822 1
13710 2
13711 2
13713 2
11095 2
5526 0
13720 2
13723 2
5018 1
13726 2
13727 1
5539 1
13732 2
13737 2
5548 2
13742 2
5553 2
5555 3
5556 1
9118 2
5561 2
5562 1
5564 1
13759 0
13760 2
5024 2
13764 2
5576 1
13769 0
5579 2
5580 1
5581 2
5583 2
5587 1
5588 3
13781 1
13782 2
13783 2
13784 1
932 3
13787 2
13791 2
5603 0
5030 2
5608 1
5612 2
5613 1
12462 2
5620 0
18686 1
5622 0
5623 0
13818 3
5627 1
5630 2
11861 1
5632 1
13827 0
13828 1
5637 1
5639 2
9735 0
9132 2
13834 2
5643 3
5037 2
13842 0
5652 0
5653 1
13846 2
9312 2
5658 3
13852 2
8099 3
13859 0
12191 0
5670 1
9137 2
13864 2
13867 2
13872 1
13878 1
2313 1
5690 1
5691 2
11919 3
7009 2
5698 2
13893 1
11873 1
14604 2
13898 3
13899 0
3682 2
15193 1
190 3
17336 2
5714 0
3683 1
5716 0
2318 0
13910 3
9145 0
5720 2
5721 3
5722 0
13915 3
5724 0
13917 2
13919 3
13921 1
13922 1
7283 0
13926 3
13927 1
13928 1
13245 2
11880 1
11648 1
6419 2
5751 2
18708 2
17104 0
13949 3
5758 2
18709 3
13952 1
5766 2
9153 2
5769 0
5770 0
13964 3
13965 0
5774 0
13968 0
13969 2
5780 1
13974 1
13975 1
13976 3
738 2
13978 2
5787 0
4320 2
10522 1
13982 0
5791 1
13987 2
5800 1
5803 1
5804 1
13997 0
13999 1
13014 2
5809 2
14002 0
5811 2
14004 3
14007 1
15988 1
5818 2
5819 1
14012 1
5822 1
13959 1
5067 2
5828 0
2330 0
5831 0
12041 1
17356 2
5836 1
14029 2
13015 1
14031 0
11896 1
5843 2
14036 1
5845 0
5850 2
5851 3
14045 0
2377 0
18725 1
5859 2
10534 2
5862 2
18727 3
5868 2
5871 3
5878 0
10537 2
14073 0
5882 1
14077 3
14078 1
6443 2
14084 1
5894 0
5895 2
14090 2
14096 1
5907 2
14103 1
5916 1
1288 2
11909 2
14640 0
5922 0
13275 2
5925 2
14118 0
10545 1
14120 2
5929 1
14122 3
14125 2
14126 2
14127 2
14130 1
14132 3
14133 2
5943 0
14136 2
5945 2
14138 1
14139 1
14140 2
585 2
14144 2
9184 2
14148 2
14150 1
5961 2
10551 2
5966 2
5967 3
13745 2
5927 3
5091 2
5972 3
14166 2
5975 3
5978 0
14171 0
5980 3
18746 2
5982 2
5987 1
14180 1
5989 2
14184 1
14185 1
5995 1
14189 0
14190 2
5928 2
6001 0
14194 2
11923 3
6004 0
17225 0
14202 3
13290 1
1564 1
6018 1
6019 1
14212 2
14385 1
6022 2
14215 0
6914 2
14219 0
14221 0
14222 0
14224 1
14227 1
1292 2
6039 2
14233 0
14234 0
6044 3
14237 0
14238 1
14239 0
14240 1
14241 2
14242 0
6051 2
14245 1
14246 2
8385 0
14251 0
16023 1
117 0
13568 3
14255 0
6064 2
14257 1
14258 2
6067 2
6068 2
14261 0
6473 2
6073 2
14266 0
6075 3
14268 2
14271 0
10568 1
1839 2
14274 2
1186 0
14278 2
14280 0
14281 2
6094 2
2381 2
6100 2
14293 0
6104 2
6107 2
14302 2
6114 3
6115 3
14309 0
6120 2
1020 0
11943 0
6128 2
16040 2
14322 2
6132 2
6135 2
6136 2
2388 2
9215 0
6140 2
14335 2
14337 1
5933 2
16026 2
5121 2
6152 3
14345 3
6154 2
14347 2
6157 0
14350 1
6159 2
6163 0
6164 2
14360 1
6169 2
6170 3
14363 1
14364 1
14365 3
3206 2
6175 1
14368 2
6177 1
6180 3
14375 0
6185 2
14379 3
14380 0
14383 0
17416 1
14386 2
6196 2
6200 1
6201 2
14394 2
6203 2
6204 2
13300 2
6206 2
6207 2
6209 2
17392 2
2389 2
14689 2
14408 2
14414 2
16056 1
6227 2
6228 2
15093 3
14422 3
6231 2
9231 2
14428 3
7866 2
6241 1
6243 0
14437 2
5137 1
6250 2
2663 1
6253 2
14446 0
5879 2
13029 3
6260 1
14455 0
14458 2
14459 0
12211 2
14463 1
6272 3
6274 3
14467 1
14468 3
17430 2
860 3
6282 2
6286 3
17432 2
10575 1
16067 2
9484 1
14488 3
14489 1
9480 2
6306 1
6307 1
14501 0
14502 1
10609 0
14504 2
6315 0
14509 2
6318 0
14512 1
14513 2
14514 3
6324 1
1054 2
2120 2
14521 3
6330 2
6331 2
6332 2
14525 1
14530 0
18806 2
15045 2
6346 2
6349 2
14542 2
14545 3
14546 0
14547 3
6356 1
6357 2
7680 1
14713 2
6360 3
14556 2
6368 2
8062 3
6370 2
6371 0
14565 1
14569 0
14571 2
6386 1
6387 2
6388 3
6393 2
14586 2
6398 3
14591 2
6408 0
6410 3
6412 2
6413 1
14607 2
6418 0
14611 1
6421 1
14614 0
6424 0
6425 3
6426 1
5167 1
6428 1
6429 1
14622 2
14623 0
14624 1
13360 2
9590 2
6534 0
6438 0
13035 1
14632 2
14633 0
14634 0
14635 0
6445 1
6446 2
16093 2
6448 1
10632 1
8990 2
14647 2
6456 1
10035 2
14650 1
14651 2
6460 0
10308 0
14658 1
14662 2
14664 1
2444 1
14666 2
6475 0
7906 2
14671 0
14673 2
14676 0
14677 2
14682 2
6492 3
17466 0
6494 0
6495 0
17947 1
6497 0
6499 2
5672 3
14696 0
6505 0
6506 2
16311 2
6520 0
6521 0
6522 2
14715 2
14716 1
17948 2
18837 2
16857 1
14724 2
6533 0
14726 1
2127 0
14731 2
14732 2
14734 0
3821 2
14737 2
10649 2
14745 3
6554 0
12611 2
6558 0
14751 2
14753 2
14754 1
14755 1
14756 0
764 2
6566 1
14761 1
14762 0
5191 2
6573 0
6575 2
6576 2
6577 1
14772 1
8948 2
6583 2
16586 2
14779 2
6588 1
16550 1
14782 2
6593 2
6594 3
6595 0
6597 1
14791 2
14793 1
1038 0
6603 1
10407 2
12024 0
4081 1
14804 2
14805 2
6614 2
6616 1
14809 2
14811 2
6621 2
6622 0
18853 2
6627 0
6630 3
6631 2
14824 3
14829 2
14832 0
10664 1
6642 3
6643 3
6646 1
6569 3
14841 2
14842 2
7935 2
6652 3
14845 0
14849 2
18859 1
1040 0
1790 2
10668 2
6667 0
6671 3
14865 0
14867 0
14868 2
14870 3
14871 0
14872 2
14874 2
6683 2
14878 2
6687 2
6689 2
6690 1
17499 2
6692 2
14885 1
6695 3
14888 2
6697 2
6702 1
6703 1
14899 1
6709 0
14902 2
14903 2
14904 2
14908 1
14909 1
6718 2
14911 0
14912 0
14913 2
6723 1
6724 2
6725 0
14921 1
6730 1
14925 2
14929 1
13411 0
6740 1
14937 3
14942 3
14945 1
11136 2
9318 0
14951 2
14952 1
14953 3
14955 2
6764 2
1589 3
17512 1
6770 2
6771 3
7410 2
16630 3
14967 0
14972 2
13418 1
6782 1
6786 1
6787 0
6788 1
6789 0
14983 2
6793 0
6794 2
6796 0
14989 0
6798 1
5229 2
6801 1
6802 3
14787 0
6806 0
6809 0
6810 1
6811 1
15004 2
6815 0
15009 2
11011 0
17521 2
15321 1
6828 1
15021 2
15022 2
18067 0
4699 1
6836 1
15029 1
6839 3
6843 2
6845 0
15039 2
15040 1
15041 2
15042 2
6851 1
6853 0
15046 1
6855 1
6856 1
6858 2
15051 2
6860 1
6861 0
15055 2
6865 0
15060 3
6869 1
15062 1
6871 0
3876 2
4866 0
15067 2
15068 2
15069 2
15070 2
17687 1
6881 2
15074 0
6503 2
15079 3
6888 3
5244 0
7975 2
6892 2
15085 2
9341 2
6898 1
6899 1
6900 1
5064 2
15094 2
15095 1
15096 3
6612 2
1151 1
15101 1
15102 1
6911 1
6912 2
6504 2
15106 1
15107 1
15109 1
2254 2
15111 3
15112 1
15114 2
10711 2
15116 2
15119 0
6930 1
15123 1
15124 3
6933 3
15126 1
6936 1
6937 0
12079 3
6940 0
6941 0
6942 1
15135 2
15136 1
15137 3
6946 2
6619 2
15141 1
15145 0
15148 2
6957 1
6961 1
15155 0
6964 1
15157 2
6967 2
15162 1
6971 1
15166 0
6980 1
6984 1
15781 1
10412 2
15179 2
9921 3
15182 0
15186 1
15188 0
17550 2
15190 0
6999 0
7001 0
7002 2
15195 2
7004 2
15197 2
7006 2
7008 2
15201 3
10726 2
15208 2
7017 1
7018 1
2535 2
15212 3
7021 3
15214 1
7023 1
7024 2
15217 2
15220 2
15221 0
15225 1
15226 2
15227 3
15228 0
7037 1
7038 0
7039 1
7040 0
7043 2
7046 1
15241 2
1175 2
7052 1
7053 1
4872 2
13464 3
15250 3
15251 3
15254 3
7063 0
7064 2
8004 2
15258 1
2963 3
7069 0
15264 2
15266 1
7075 3
7076 1
2545 3
15275 1
7086 0
7087 1
15282 2
15283 0
15284 1
15287 2
7096 2
15289 3
7098 2
7102 2
7103 2
15296 2
7105 1
7109 0
15303 2
15304 2
15305 2
7114 2
6647 2
7116 1
9378 2
7118 1
7120 2
7122 2
1187 2
7124 0
1601 1
15319 0
7129 2
7130 0
18241 0
5285 2
7139 0
15333 2
7142 1
16209 2
7148 0
6653 1
1192 2
7154 1
7155 2
16334 1
13481 2
7160 3
15355 2
7164 2
9386 2
7166 3
17151 2
7169 1
15363 2
15364 2
7174 1
7179 3
12925 1
15375 1
15376 3
7185 2
7186 3
2563 2
15380 1
7189 2
7194 2
15387 2
7059 2
13414 2
18516 2
7203 2
6662 2
15400 2
7522 2
7214 2
15409 2
7218 3
7219 3
7221 0
15417 2
7229 0
15423 0
15426 1
15428 2
7241 1
7244 0
7246 2
15440 1
8035 3
15445 2
13497 1
15448 2
8036 1
14863 1
9402 2
7262 0
7264 2
18791 1
15461 0
10026 2
15245 2
7273 2
7274 1
7276 1
17597 1
5122 2
15473 0
15475 0
8041 0
8426 2
15485 3
15488 3
12139 2
15494 3
6679 2
7311 0
15505 0
15506 1
7315 0
7316 2
15509 1
15514 0
15517 1
15521 2
15522 1
15523 0
15524 1
244 3
15527 1
15529 0
6791 2
14429 1
15535 3
7344 2
15539 0
12433 2
17609 1
7337 0
14879 2
1226 1
15550 0
15552 1
11429 0
7363 0
7365 0
15558 1
15561 1
15562 0
7372 2
15565 1
7374 3
15567 1
15568 3
15574 0
7383 0
7388 2
7390 0
2597 0
15249 2
8059 3
11615 1
15593 0
10791 1
7407 2
15600 2
15602 2
15604 2
15605 1
15606 2
15611 3
15614 0
15616 0
15619 0
15620 1
12162 1
15630 1
7440 2
7441 0
15634 0
8067 1
10798 0
15638 2
7447 2
7450 2
7452 2
7453 1
8069 2
18544 0
7459 2
15654 2
2609 0
15657 2
15658 2
7467 2
15665 1
6269 1
10803 3
15669 1
7478 1
7480 1
7481 1
8978 1
15676 0
15679 0
7488 2
15681 1
7491 2
15684 0
15688 0
7497 2
7500 2
7505 2
7506 2
9443 2
7615 2
15703 1
15704 0
7516 2
159 2
7519 3
15713 2
15714 1
15716 0
9446 1
15721 2
15722 2
1255 0
7532 2
15725 0
15726 1
15729 1
7538 3
5353 3
15736 1
7545 1
15738 2
15741 1
15744 2
15746 0
7555 0
15748 2
7558 0
7561 2
7563 2
15758 2
15759 3
15761 2
7570 2
7571 1
15764 0
15765 2
14916 0
8805 2
7580 2
15775 0
7585 2
798 2
7072 0
7589 0
9457 2
15786 0
15788 1
17650 1
16285 0
15792 2
15798 1
5436 3
7608 0
7611 1
7612 1
15806 0
15807 2
7617 1
7618 0
15814 1
4001 1
7624 3
7626 2
7627 0
15820 1
15825 0
7634 2
15827 3
1618 1
15830 3
1273 2
15834 1
10831 2
15836 0
7649 2
15842 0
7651 2
15844 2
15845 2
7654 1
7655 3
7661 0
7662 0
15855 1
17662 2
15863 2
8398 1
5375 2
7677 3
15871 1
15872 3
7681 0
7682 2
15877 0
15878 2
17665 2
7693 2
7694 1
16301 1
15889 1
924 1
15892 1
7702 2
15895 0
13572 2
15898 2
17115 2
7709 3
15902 1
17669 2
7713 1
7714 0
7716 0
9478 2
15910 1
7719 1
7721 2
15260 2
7724 3
7726 0
15919 0
7728 2
15921 2
15923 1
7732 1
7733 3
7734 2
7737 1
17170 3
15931 0
7740 0
17674 2
5211 2
15936 2
14988 1
7747 2
7751 2
7753 3
8119 0
2658 2
7758 1
15951 0
15954 1
15957 0
7766 1
15959 1
15962 0
15963 2
15966 2
7775 0
15970 3
15973 2
7783 0
15978 3
15979 1
15980 2
7789 2
15982 2
15983 2
15984 0
7796 3
17684 2
15999 1
16000 2
16002 2
16003 2
7812 0
16005 1
4033 2
7817 1
7819 3
16014 2
16018 1
1636 0
16021 0
4962 0
7831 1
10745 0
16027 1
4222 2
16032 1
10864 2
16034 2
16035 3
16036 1
16037 1
7848 2
16041 1
4039 2
7852 3
16049 1
16050 3
7863 1
7864 3
16057 1
16058 0
17695 2
16061 1
7871 0
16064 2
16066 1
4043 2
7900 2
16069 2
7878 0
16073 1
7882 1
15306 1
7888 0
16081 2
16082 2
16085 0
16086 0
16088 1
7897 2
7898 0
16091 2
16092 2
7901 0
7902 0
7905 0
16098 0
7908 0
4353 2
7912 0
7913 1
16106 2
13607 2
16109 2
16110 2
16113 2
9811 0
16115 2
16116 1
16117 2
7927 1
16123 1
7932 2
16125 2
16127 3
7936 2
16129 1
17707 2
16136 1
7945 2
16138 2
7947 2
16140 3
14722 2
16143 2
16144 0
16145 0
7954 0
7955 2
7960 0
16156 2
16158 3
7968 0
16161 2
16162 3
7974 0
16167 0
16348 2
16170 1
16171 0
7986 2
6267 2
7988 2
7989 2
16183 2
16184 2
16186 2
16187 1
7996 2
7998 3
16191 1
16192 0
8001 1
16196 1
16198 0
17179 1
16201 1
16202 0
16203 0
8012 0
8014 2
16207 0
8017 3
8018 3
8020 2
16213 0
16214 2
17998 2
5434 3
16223 2
16224 2
8033 3
16226 0
1339 3
16228 3
8038 1
1340 2
16235 1
8044 1
16238 3
12765 2
8048 3
1359 1
10899 3
8169 2
16250 2
17727 1
16254 2
16255 0
16259 1
10907 1
16261 1
16263 2
16264 3
16265 1
16266 2
13908 1
10904 3
16275 0
16278 2
13636 1
16282 1
16909 1
2714 0
8094 0
16288 1
16291 2
16292 0
16294 3
16295 1
8105 2
8109 2
8110 2
16307 0
17737 2
4362 0
10911 2
16318 0
16319 0
16321 0
16326 2
15701 0
8139 1
16333 1
8292 2
8143 0
15011 0
8149 2
8150 0
16343 1
16344 2
16345 1
16347 2
8156 1
16356 0
8165 2
8728 2
8168 2
16361 2
8170 2
11456 0
8173 0
8177 0
15017 1
16376 2
16379 2
9929 2
16381 1
8190 2
8191 0
