8192 2
16386 2
16393 2
16399 2
8212 0
8216 0
27 0
16412 0
16415 2
16417 0
8226 2
8228 2
16422 2
16429 2
16433 2
16434 2
6835 1
16437 1
16443 2
16445 2
62 2
16449 2
16451 0
68 2
8261 2
16454 3
1377 2
16456 2
16460 2
16461 2
16464 1
84 3
88 2
8283 1
16478 1
8288 2
16484 1
16488 2
1383 2
437 2
16495 1
112 3
113 2
122 3
16507 1
16509 1
126 2
128 1
16514 2
16515 2
132 2
133 2
16519 0
16522 1
139 3
16527 2
144 2
8338 2
8340 2
16533 1
151 1
8346 1
16540 2
8349 2
16542 0
159 2
16544 3
162 2
8219 2
8358 0
16555 3
172 0
173 2
16558 2
178 0
8371 2
183 2
8377 1
186 2
187 1
16572 3
8383 2
192 2
16581 1
8391 2
200 0
202 2
16588 3
8397 2
16590 3
8399 0
8401 2
16594 2
213 2
214 0
8407 2
16601 1
8413 2
8415 1
8416 0
225 0
8430 2
16628 0
8437 3
16634 3
5503 1
16639 1
16640 1
8449 2
16643 2
261 2
16646 1
263 2
264 0
7101 1
8458 1
16652 0
8461 3
8462 0
271 2
16658 0
8469 2
8473 2
284 1
8480 1
289 2
8485 2
8486 2
8241 2
8488 2
16681 1
16683 2
300 2
8495 2
8496 2
17800 2
8498 3
308 2
8506 1
16700 2
8510 2
319 2
16704 3
321 3
16706 1
16707 0
324 1
16713 0
332 2
334 3
16719 2
339 3
342 2
347 3
349 1
16737 2
354 2
8549 0
16742 1
359 3
9832 0
6887 1
365 2
8558 2
16752 2
8564 2
375 0
16765 2
383 0
16768 2
8580 0
5526 0
16774 1
15084 3
394 2
396 1
5528 0
16789 3
13721 1
8600 1
12356 0
410 2
411 2
8604 2
16799 1
16800 3
8609 2
420 1
8613 2
16807 1
424 0
427 2
8621 0
16814 2
16817 1
8627 0
436 2
16821 1
438 0
8632 2
444 2
446 2
16833 2
454 2
455 1
8268 2
8654 0
8655 2
16848 2
16849 0
8658 0
8659 0
16854 2
16856 2
8669 2
8676 0
16876 3
8687 2
496 2
8691 2
500 2
8693 2
502 2
8696 2
505 3
512 1
16897 2
16900 2
16904 3
8713 1
16908 1
6914 2
8718 2
5549 3
8725 1
8728 2
538 0
16923 2
8732 1
16926 2
543 2
16928 2
16929 2
8738 0
8739 3
551 1
552 1
16937 2
16939 1
556 1
8750 2
563 2
16949 0
8758 2
16951 2
8761 1
16956 1
573 1
575 1
8769 1
8771 3
8773 2
16966 2
583 1
16969 1
16970 2
8780 1
8781 3
3659 0
591 1
592 1
16978 2
8787 2
16980 2
8791 2
16985 1
17850 1
16991 3
8803 0
8805 2
8806 0
1468 2
8810 2
8811 1
8812 2
8814 2
1469 2
17008 2
104 0
629 1
17014 1
8825 1
636 2
17022 0
8832 2
641 0
8834 2
17028 0
17857 0
8841 2
17035 2
652 2
8845 0
8847 3
657 3
17042 2
664 0
17049 1
8858 2
8862 2
9669 2
8304 0
674 0
675 0
17062 0
8873 2
17067 1
17074 1
17075 0
17077 3
8897 2
17090 3
712 2
13772 2
714 1
17099 2
2850 2
8910 2
8911 1
17106 0
2851 1
8916 2
8918 0
10117 1
8921 2
730 2
8923 2
732 1
8928 1
17121 2
738 2
741 2
17126 2
8935 2
744 2
17129 1
8938 2
17131 1
750 2
17135 2
8944 1
8948 2
17143 1
17145 1
8954 2
8955 1
17148 1
766 1
17151 2
17152 1
17154 0
8963 2
774 1
8970 2
17167 2
17168 2
17170 3
787 2
17173 1
790 2
791 1
792 0
8985 0
8986 2
17181 2
8990 2
8991 2
8992 3
8993 0
803 2
17188 2
17194 2
17195 0
17201 1
9011 2
17205 1
825 2
17211 1
8330 2
17215 0
832 2
9034 0
844 2
17231 0
17233 2
852 2
9045 2
856 0
859 2
860 3
17245 1
862 0
16528 1
17252 2
870 2
873 1
874 3
17260 2
17262 0
879 2
17265 2
9075 2
884 1
17269 1
9082 2
17275 0
892 2
9086 1
895 1
9088 3
9089 2
17283 0
900 1
9093 1
9094 0
903 0
17292 1
910 1
9103 2
17300 1
9111 2
920 2
17308 2
17310 1
17311 2
936 3
9129 2
17329 3
9139 2
952 1
961 1
9155 2
2487 2
1396 2
17358 1
6989 1
17362 2
17364 2
9173 2
17367 1
9176 2
9178 1
9184 2
9186 2
17379 2
166 1
17388 2
16673 1
17395 2
9204 0
10154 0
17399 2
9209 1
9210 1
1020 0
17406 2
9217 2
9218 2
1027 0
9221 1
1031 3
1032 1
1037 3
1038 0
9231 2
17424 1
17427 3
12462 2
17432 2
17924 0
9245 2
17440 2
9254 1
17450 1
1067 2
1071 1
9267 0
9269 2
9270 2
9271 0
1080 1
9274 2
13834 2
17472 0
15200 0
17474 2
17477 1
1094 3
9287 0
17480 2
9290 3
9292 1
17488 2
1107 1
9302 2
9304 2
9307 2
9308 1
1118 2
11109 2
9312 2
17505 0
17506 2
17509 2
17511 1
17512 1
17513 2
17514 2
9323 0
12477 3
17521 2
9332 2
17525 1
15041 2
17532 2
9341 2
1150 2
9343 2
17536 2
17537 0
9349 2
17544 2
17546 2
1163 2
1164 1
17549 1
9358 1
17551 2
1168 3
17553 2
1173 2
1174 2
1175 2
1177 2
1180 1
1181 3
17566 3
17570 2
17571 1
17574 1
9383 0
17577 1
17578 2
16583 2
1196 2
9390 1
8392 2
9397 2
17593 2
17595 2
1218 2
17607 2
9416 1
9418 1
17612 2
9421 2
17618 2
1235 2
9428 2
206 3
10134 0
9432 2
16591 2
1246 3
1248 0
1251 1
17637 0
9446 1
17639 1
17640 1
17641 1
17642 1
17645 0
1262 2
15229 2
17650 1
9459 2
17652 1
9461 2
9465 1
9467 2
17660 2
9770 1
17663 1
9473 1
9474 1
9476 2
9477 2
17672 0
17674 2
9483 3
2946 2
1294 2
9492 2
17687 1
17688 0
17689 2
9499 2
17692 3
17695 2
17697 0
17698 0
17702 2
17707 2
1328 0
1329 3
1331 1
17719 1
17721 2
1338 1
9531 2
1340 2
1341 2
17726 2
1343 2
9536 0
4320 2
7137 0
9540 2
1351 2
1353 0
1355 1
9549 2
17743 2
17744 1
9554 2
9555 1
9556 2
9557 1
17751 2
1374 2
1375 2
9569 2
17762 2
1381 2
9866 0
17767 1
1596 2
9578 1
9583 2
9584 0
17777 0
9588 2
9590 2
4329 0
9592 1
9593 2
17787 3
9596 0
9597 2
865 1
9601 2
1410 2
9604 2
9605 1
9606 1
1415 2
1416 3
17801 2
17803 1
17804 2
1422 2
1425 2
9623 2
9796 0
9626 2
17819 2
1436 1
9629 1
1440 2
1441 1
1442 2
9636 2
9637 1
1446 2
9639 2
17835 2
9645 2
9648 2
17992 2
17849 2
1466 2
17851 1
17852 2
9661 1
9662 2
1473 1
1474 2
1477 1
12266 2
1482 1
1483 2
9676 2
9681 2
9683 0
12537 3
9689 0
9690 2
9702 2
9722 2
10080 2
17918 0
1538 2
1540 1
1542 2
1545 2
1548 2
17935 1
17937 2
17940 0
17941 1
17944 1
1562 0
7087 1
17948 2
17949 2
17955 2
14237 0
17962 1
12551 2
17964 0
9773 2
1586 2
17971 2
9781 1
1591 1
9784 2
17977 2
17979 2
17980 0
266 2
17982 2
9792 2
17985 2
9795 0
17988 3
1608 1
1610 1
17998 2
17999 0
3000 2
15289 3
9817 2
18010 0
9820 0
9826 2
14239 0
9829 2
18022 1
1640 2
18027 2
274 2
9839 0
18032 0
18033 0
12563 2
1653 2
8784 1
7103 2
1660 1
1661 1
1662 2
9855 0
18048 2
15296 2
1670 0
1671 1
18056 0
18057 2
1674 2
1677 0
18062 2
18069 0
1686 2
1694 2
1695 2
1696 2
6876 2
1702 2
1703 1
18088 2
9897 1
18091 2
9900 2
1710 0
1711 2
1712 1
18098 2
18100 1
1721 2
3018 2
1726 2
18113 0
6877 0
9927 2
9928 1
7116 1
18122 1
18128 0
18132 1
18133 2
18134 2
1751 2
1755 1
18142 1
16677 2
1761 0
18146 0
1763 0
1764 2
18150 2
9960 0
9852 0
18155 1
18156 1
18158 0
296 0
1779 0
18167 1
1785 2
9981 2
9982 1
18176 2
1798 1
1800 0
18186 2
1803 0
9998 0
18191 2
1808 2
10001 0
18196 1
18201 1
18203 2
18204 2
11226 2
18207 2
10018 0
13427 2
18214 2
9232 2
1833 0
18218 2
10027 2
1836 1
18221 2
10031 2
10032 1
18225 2
10034 1
12595 2
18228 2
10038 2
1847 0
18232 2
10043 1
1852 1
18237 1
10046 2
10048 2
18241 0
1858 1
1861 0
18246 2
18247 2
10056 2
18250 2
18251 2
10060 2
18254 2
10428 0
18260 1
1878 0
18264 1
1888 2
18275 1
18279 1
10088 1
10089 2
18282 1
11239 2
18284 1
4413 3
1904 2
10098 1
1909 0
10105 0
10106 2
18301 2
1918 2
1685 2
1920 2
1921 2
1924 2
1925 3
18310 3
18312 1
18314 2
18315 3
1932 0
10125 1
1934 0
18320 0
18321 2
18324 2
18326 0
1944 0
18331 1
1949 2
10146 2
18340 2
1958 0
1960 1
1961 2
1962 3
18348 1
18349 1
1970 0
18355 3
10164 2
1973 0
18358 3
18360 2
1978 0
1979 1
18366 2
10176 1
18372 1
1992 2
10185 0
18378 1
18381 1
18384 2
18387 2
18390 0
10201 1
2010 1
18395 1
10207 2
18401 1
18404 2
10213 2
2025 1
9895 2
4434 1
13992 0
18419 1
18420 2
15358 2
8524 2
18426 1
18428 2
18436 2
18437 0
10247 1
2057 2
18442 1
18443 2
2061 3
18446 2
15363 2
10260 1
10261 2
2072 2
2073 2
18461 0
2079 3
18096 2
2083 2
10276 2
2086 0
10279 2
10280 2
10281 2
2091 2
2093 0
2095 1
10288 1
2098 2
2099 2
18484 2
2101 1
10294 1
18487 2
1716 1
10299 2
2112 2
10305 2
614 2
2116 2
10311 2
2120 2
2121 0
10315 0
10316 2
10317 1
2128 1
18515 2
10324 1
2133 1
1162 3
10328 2
2138 2
10332 1
2144 2
15376 3
10339 1
18534 2
10344 1
10345 2
18540 0
18541 0
2158 1
2159 3
18110 1
10358 2
4457 2
2171 0
10366 2
15381 2
2176 2
2179 2
10373 2
2185 2
10380 1
18575 3
10386 1
18579 2
18581 2
2198 1
10166 2
2200 1
2201 2
18589 1
2206 0
2207 1
18593 2
18594 2
2215 1
18600 2
1735 1
18604 2
2221 0
2222 2
2223 2
2224 3
2225 1
12999 1
18614 2
18615 1
18616 1
10426 1
2236 2
10434 2
18627 0
18628 2
18629 2
18632 2
2251 2
2254 2
5837 0
18640 1
10450 2
3107 2
2261 1
2263 2
18648 2
3108 2
2266 0
2268 2
2269 0
10463 2
2272 0
2273 1
2275 2
2276 0
2278 2
8744 2
18669 1
18670 1
2287 2
15400 2
18677 0
10488 2
18682 1
18683 1
2303 0
384 1
10498 2
2307 2
2259 1
2311 0
10504 0
10505 2
10507 2
10510 0
10511 0
18704 1
4483 0
2324 2
10517 1
1714 0
2329 2
10522 1
10523 2
18717 2
2338 2
18723 1
10537 2
10541 2
10542 2
5853 2
17809 0
18737 2
2358 1
10551 2
2362 2
2364 2
18749 1
18750 1
10559 2
2371 2
18757 0
18760 3
2377 0
2381 2
10574 2
18768 0
18771 2
2388 2
2389 2
10583 2
18776 3
18148 0
18778 0
10589 2
2400 2
7227 2
18790 0
10599 0
10602 2
10605 1
10606 1
10607 1
2418 3
10612 2
18806 2
1769 2
10616 1
18357 2
2426 1
2427 2
10620 0
18813 1
18814 2
18815 2
2960 0
1771 1
10628 2
10631 2
2440 2
407 2
2444 1
18831 2
2452 2
18837 2
18839 2
10648 2
10649 2
10650 2
16794 3
18847 3
10657 0
2466 0
10660 2
18853 2
2470 2
18161 1
2472 2
2475 1
2476 0
7240 3
2485 0
2486 2
10679 2
2491 0
2493 0
2494 0
2498 2
71 1
2500 2
2501 1
12705 2
2505 3
10701 2
10702 2
10706 1
2516 2
10714 1
10715 1
2525 1
2527 1
2534 1
2535 2
16997 2
12712 3
2546 2
9632 1
2549 2
10745 0
2558 1
10751 1
1792 0
2563 2
2565 0
10451 1
2576 0
10769 0
10770 1
10771 1
10773 1
10774 1
10780 0
2591 0
10786 2
2597 0
2599 2
2600 2
10793 0
2609 0
10802 0
10806 2
2615 2
10809 1
10811 2
10814 1
10815 2
2627 2
8630 2
10822 1
2631 1
10726 2
2634 2
12727 1
10828 1
2639 0
2640 2
440 1
10834 0
2646 2
10840 2
2650 1
2654 2
2655 2
10851 1
10852 2
2661 0
2663 1
2665 1
2672 2
10865 1
10873 0
10878 2
5909 3
10880 2
10881 2
8641 3
2702 2
10901 2
10905 2
10906 2
2715 2
10456 1
10913 3
16838 2
10918 2
2729 1
2730 1
2731 3
2733 2
2739 2
16841 2
2747 2
2753 2
2762 2
2764 3
2765 2
2766 0
2772 2
2778 2
14117 2
8276 1
464 2
911 2
2789 0
2791 2
2793 0
2794 3
2795 0
466 3
10991 1
2801 2
2803 2
2804 2
2807 3
11003 0
11004 2
11005 1
2822 0
11015 2
10028 1
2833 0
2834 1
11035 0
11038 2
11042 2
4571 0
11045 2
2854 1
2857 1
2860 0
11053 2
16861 1
2865 3
11059 0
11062 0
11065 2
2880 2
2882 2
2883 0
2884 0
1187 2
11078 2
11080 2
11081 1
11082 2
11089 2
5945 2
11097 1
11099 2
2908 0
2909 1
2910 1
2911 2
2917 0
18236 3
2923 1
2926 1
2927 2
11120 0
2929 0
11123 2
2935 2
11128 2
2939 2
11132 2
11133 0
2944 2
11138 2
11142 1
16550 1
11149 0
2958 2
2959 2
11152 2
2962 0
11162 2
11164 0
2973 2
2974 0
2975 1
16880 0
10054 1
11174 0
2983 2
12786 0
2992 2
2995 2
11192 2
3001 2
11194 2
11196 0
1866 2
3232 0
11202 0
3011 2
3012 2
3013 1
11209 2
1737 1
11215 1
11218 1
11220 1
3030 1
8697 0
11224 2
3034 2
3036 0
11230 2
11231 0
3040 2
3042 2
11236 1
3047 0
3048 3
3049 2
3052 1
11246 3
11249 3
3058 1
3242 3
3070 2
3076 2
3079 2
11273 3
3094 2
3098 1
3099 0
3100 0
11299 1
11300 2
11307 2
11315 0
11316 0
11321 1
3131 0
11327 2
3136 1
6131 0
3141 2
11334 2
11335 2
11336 2
524 2
11338 2
11339 2
3149 3
8717 2
11344 2
11345 1
11346 2
10083 2
3156 0
16910 1
3160 0
16911 0
11450 2
11363 2
11364 1
11366 0
11367 0
11368 0
3177 3
3178 1
11371 2
3182 3
3186 1
11379 3
3191 2
3194 2
3199 3
1899 0
11397 2
11398 2
11401 0
11404 1
3213 0
3215 2
3216 2
11411 2
3230 1
3231 1
11424 3
11425 2
11430 0
3239 0
11432 0
11433 2
11434 2
11444 2
8734 0
3258 2
11451 1
11452 2
3263 2
11457 2
11458 2
11461 1
3270 1
11463 1
11464 2
11465 3
11467 1
11469 2
3286 1
3288 2
3290 3
3291 2
9657 0
8264 0
3307 1
12658 2
11502 2
11504 3
3313 2
11506 1
11508 2
11510 2
3319 1
3320 2
11514 2
3323 2
11518 2
8747 2
3333 1
13750 2
11532 2
3347 0
3352 1
3353 1
3354 2
3357 1
3358 0
3359 3
3361 0
6022 2
3368 1
15580 2
3370 1
11565 1
3375 2
3376 2
10879 2
3380 1
3381 1
3382 0
3386 3
11579 2
11581 2
565 1
3023 0
11586 0
11587 2
10124 0
11570 3
3415 1
11608 2
11609 2
11610 2
11613 1
3422 1
3424 3
11620 1
572 0
3434 1
11631 2
3440 1
3445 1
3446 2
11641 2
8767 0
11652 2
3461 0
577 1
11659 2
12866 2
11662 2
3472 2
3478 2
3480 2
3491 2
3495 2
11690 0
8775 0
3503 2
3504 2
3505 0
15603 1
3509 2
8777 0
11704 2
3513 3
3515 1
3516 3
3517 1
3520 2
3521 2
3523 2
11717 2
3529 0
11724 2
11733 3
11738 1
11744 2
16976 1
3564 3
11760 2
18344 2
11764 2
3575 1
11773 2
11774 1
3585 2
11779 0
1964 2
3595 0
1965 2
601 1
11802 0
11806 2
11808 1
4699 1
3621 2
11816 0
14578 1
11821 1
3630 2
16989 1
11825 2
3634 3
3638 2
11831 1
11832 1
3644 1
11838 2
11839 3
11841 2
3652 0
11845 2
3658 2
11851 1
3661 2
11854 0
3665 0
611 1
11861 1
6073 2
11864 2
3674 2
3675 1
12943 2
11870 3
3679 2
11874 1
18363 1
11877 2
7441 0
3688 1
7442 2
11887 2
3699 1
1982 0
3702 2
11897 0
14271 0
12906 2
11902 2
3712 2
11905 3
11909 2
11913 1
11916 0
3727 2
3730 2
11926 0
7449 2
12945 2
3740 0
3742 2
13218 0
3745 2
4721 2
15645 3
3773 2
13173 2
3784 2
11978 0
11979 0
3788 2
3790 2
3791 2
3792 0
4728 2
3797 2
633 2
11995 3
3809 0
3811 2
7462 1
12006 0
3819 0
12013 2
3822 3
12925 1
8830 0
12029 0
12032 2
12037 2
12055 2
3865 0
12058 2
18394 2
4741 1
3876 2
3879 2
3880 0
12077 2
3887 2
3889 2
11859 1
3893 0
12091 2
12094 2
11573 2
12098 1
12100 2
12101 1
12103 3
3912 1
17036 2
12106 2
12108 2
12110 2
12118 2
12123 0
4752 1
17041 1
12136 2
12137 2
12138 1
12139 2
3949 0
7485 0
12145 1
3967 3
3968 3
3971 1
3393 1
3976 2
12170 2
12172 1
3983 2
3985 2
3988 0
12184 2
3997 2
3998 0
4000 0
6128 2
4003 1
12196 3
4006 2
12202 2
4011 2
12206 1
12207 2
12209 2
12210 2
4019 1
4766 1
12214 2
4025 2
12218 2
4029 2
12223 1
4033 2
4037 3
8865 3
14327 2
4049 1
4057 2
4058 2
12253 0
4063 2
12259 2
18139 1
12265 1
4074 1
12268 2
12270 2
4079 0
12272 2
4776 2
4086 2
12279 2
10502 2
8875 2
4106 2
4107 2
12300 2
4113 1
12306 2
4115 0
15705 1
12314 2
4124 2
12319 2
10503 2
12324 2
4134 0
12327 2
4137 2
12330 1
4142 0
14344 0
4146 0
138 2
4151 2
12344 2
4153 2
12348 1
4162 0
12355 1
4164 0
12361 2
4173 2
12366 2
6157 0
4176 3
12984 2
4180 0
4197 2
12390 2
4199 0
4200 3
18689 2
4205 2
4209 3
12402 1
14355 2
7529 2
12411 2
4221 2
2069 3
4225 2
4226 0
12422 2
12423 2
12424 2
12426 0
4238 0
4245 2
12444 3
12446 0
4256 2
12451 1
4262 2
7537 2
4264 1
4265 3
13781 1
12459 1
4268 3
4270 0
6173 0
13000 2
12470 2
4281 0
4282 0
8906 2
12478 0
14368 2
12486 2
12487 0
4296 0
4300 0
12496 1
4305 1
12498 2
4307 2
12500 2
4309 2
4310 0
4312 2
4313 2
4316 1
12509 2
4318 2
4319 0
12512 1
12514 0
3451 1
4324 2
4325 2
4327 1
12521 2
2087 2
8914 2
4335 2
4336 0
4337 2
723 2
4342 2
4345 2
12539 2
4354 2
10283 2
4359 2
12552 2
12553 2
12554 3
4823 2
12558 0
4369 2
4370 1
4371 2
12565 3
4374 2
4376 3
12571 1
4383 2
12579 0
4389 2
4393 3
12588 2
4399 1
12592 2
18483 2
12598 1
4408 2
13023 2
12605 2
12609 3
12610 0
12611 2
4422 2
8929 2
4427 1
12621 1
12622 1
12626 2
12628 1
3470 1
12633 1
12636 0
12637 1
12638 2
12643 1
12649 1
4458 2
12652 2
4462 2
12656 0
12657 2
4466 2
17433 1
4471 1
12666 0
14399 2
746 2
4480 1
12674 3
8939 2
4484 1
12678 1
2113 2
4490 1
4497 0
4498 2
12692 2
4504 2
4505 0
12700 1
4511 1
4512 0
13040 2
12711 2
4520 0
12714 1
12717 1
4528 2
4529 2
4851 2
4532 1
4535 3
4536 0
4537 2
4538 2
12732 1
12737 1
12739 2
4551 0
12746 1
12747 2
12748 2
12754 2
4566 2
4568 0
12763 2
4572 0
12765 2
4574 3
4576 3
12775 0
12776 2
8336 0
12782 0
4594 1
12788 2
12790 0
12792 1
2132 0
12795 0
4605 2
4610 1
12804 1
12811 2
4621 2
4622 2
4625 2
4626 2
15157 2
4630 0
4631 0
4632 2
4633 2
4636 0
4637 1
4641 2
4643 1
2140 0
4651 0
4654 1
12847 2
4656 1
4658 2
4659 2
12852 2
12853 2
12856 2
4665 2
4666 0
4667 2
12861 2
12862 2
4671 0
4674 1
12869 2
10337 2
12872 2
12874 1
4683 0
4687 0
4688 1
12882 2
12883 1
4695 2
4697 1
12891 2
12896 0
4705 1
12898 1
4707 2
4708 1
4709 1
12902 1
12904 2
12905 3
4714 1
12907 0
4716 3
786 0
4719 0
2152 2
4726 1
12919 1
12920 1
4729 2
4733 2
11712 2
12930 2
12933 0
12934 0
4744 1
12942 2
4751 0
12944 2
4753 2
12946 1
18542 0
8069 2
12953 2
12955 2
12958 0
12960 2
12961 2
12963 1
4773 2
12968 1
12972 2
4786 3
4788 3
17182 1
4792 2
12986 2
12990 3
10357 1
17184 1
4805 1
4807 1
4808 1
4809 2
4811 3
4813 1
4814 2
4816 1
13010 0
17187 2
13014 2
13015 1
13017 1
4826 1
4827 1
13020 0
4831 1
13030 2
4839 0
4840 0
13038 1
4848 1
13041 2
13043 2
13045 1
4855 2
4856 1
2175 1
4860 2
4799 1
4863 1
13056 0
9003 2
7638 1
4874 2
4878 0
13076 3
13079 0
5979 0
16672 0
3709 2
13088 1
4900 0
13097 2
4906 3
4910 0
13107 0
4918 2
14474 3
4927 2
4929 0
13123 2
4935 0
13128 1
4937 2
13133 2
13134 1
13136 2
13139 0
4948 2
13153 2
4962 0
9019 1
13164 2
13168 2
4979 1
4980 1
4981 2
13174 0
13176 0
4986 2
13119 0
4993 2
4997 2
5001 2
13201 2
13208 2
13210 2
5020 2
5021 2
13214 1
5023 3
5025 2
5026 2
13221 3
5030 2
11761 1
5035 2
13229 2
13230 2
13237 1
13239 0
3572 1
13244 2
13245 2
5057 3
13250 2
10401 2
17228 0
13259 2
2210 2
13262 2
5072 3
13265 2
13266 1
16455 2
13270 3
13271 1
13275 2
13276 2
13280 1
5091 2
10407 2
13292 0
13293 1
13295 1
13301 2
5111 3
13304 2
13307 1
5121 2
10411 2
10412 2
13324 2
13329 2
7683 2
13332 2
13334 0
5143 1
5145 2
5146 0
16811 2
18608 0
13348 1
13351 2
17244 0
13355 2
861 2
13360 2
2227 2
5173 2
1809 2
5185 0
5186 0
5191 2
13384 2
4017 2
5195 2
5196 2
13154 2
13390 2
3992 3
5214 2
5217 0
13413 2
5222 0
5225 3
13419 1
13421 0
5233 2
5357 1
5238 3
9065 2
5243 2
5244 0
5247 2
5249 2
13442 2
13444 1
5253 3
876 3
13453 1
13455 3
5265 2
13458 0
13459 0
5272 0
14633 0
13476 3
13481 2
13482 3
13486 1
5297 0
5301 0
13495 0
9076 0
13499 1
13502 3
13503 2
13504 2
1268 0
5318 0
13514 2
5326 0
13519 2
13520 2
3619 2
5332 2
13528 2
13532 0
9083 1
13544 2
9084 1
15911 3
2258 2
13550 1
13551 2
5362 2
18643 2
13558 2
9726 2
13563 2
5376 2
13572 2
17281 0
13576 1
13577 1
13578 2
13580 2
5389 2
13583 2
13585 2
13586 0
9092 0
13596 2
18650 1
17285 0
13602 2
13605 2
13607 2
13608 2
10460 1
13610 1
9095 2
5422 2
18653 1
4545 0
13624 1
13625 0
13626 3
5435 0
5436 3
5437 2
13634 2
5444 2
13638 2
13642 1
13650 3
5459 3
17294 0
13658 2
13659 1
13660 3
5469 1
5476 0
13676 0
13677 0
5490 1
13549 2
5497 2
13695 2
13696 2
13697 2
13698 1
5508 2
13701 3
5513 2
13707 2
13710 2
13711 2
13712 0
13714 1
18733 2
13718 2
7549 2
13720 2
11844 2
13723 2
5541 2
13734 1
13736 0
13737 2
13741 2
13742 2
13746 0
13824 0
13754 2
5564 1
5567 2
5571 1
5573 0
5580 1
5581 2
5586 0
5587 1
5588 3
5589 3
13782 2
5591 2
13786 0
5595 0
13790 1
13791 2
1823 2
5606 0
5609 2
5612 2
5619 1
5622 0
5624 2
5627 1
5630 2
5632 1
6400 2
5637 1
5639 2
5642 0
5037 2
5658 3
5659 0
18465 1
5670 1
5672 3
3676 2
13867 2
5680 1
13873 2
17331 1
5684 3
3678 2
5686 2
18193 1
5699 0
13892 3
5706 0
5047 0
1281 0
13902 0
5712 0
17336 2
5716 0
5731 2
5736 2
11880 1
6419 2
13941 0
737 2
13951 3
5761 1
9153 2
13965 0
15981 0
5776 2
5777 2
5780 1
5785 2
13978 2
5787 0
13981 3
13982 0
18715 3
5798 2
5800 1
5802 0
13995 2
13997 0
14000 2
5810 0
5811 2
5814 2
14007 1
10832 0
5818 2
5822 1
5828 0
14022 2
14023 1
14029 2
14036 1
5847 0
14042 2
14045 0
5854 2
5858 2
5859 2
14053 2
5865 1
5868 2
5870 0
17115 2
14064 0
5873 1
14068 0
5879 2
14077 3
17365 0
5891 0
14084 1
3713 2
5903 2
5907 2
5908 1
2350 2
14103 1
5916 1
3717 2
5920 2
5922 0
5925 2
14121 3
5930 2
14123 1
5935 0
14133 2
5943 0
14137 2
14138 1
14139 1
14140 2
5088 1
13019 2
5961 2
14156 1
14157 2
5966 2
13283 2
14166 2
5978 0
14171 0
5980 3
5982 2
17381 2
14177 2
5989 2
18748 2
14186 2
14189 0
8656 0
14199 1
6011 2
6013 2
14209 0
6018 1
14212 2
6021 2
14214 2
6024 2
14219 0
14221 0
10563 2
14228 0
7566 2
14232 2
6044 3
6045 1
14238 1
6047 2
14242 0
14243 1
6053 1
14246 2
14250 2
14251 0
14254 2
14258 2
14262 2
14263 2
17396 2
5109 1
6080 1
14274 2
7022 3
14278 2
14284 1
6094 2
14287 1
14289 1
14293 0
6108 2
14302 2
14306 1
6115 3
14309 0
6120 2
14313 2
6122 2
6123 2
6126 2
10024 0
14320 2
6129 2
14322 2
14323 2
6132 2
6135 2
6139 0
6140 2
6144 1
14662 2
6150 0
6151 2
6152 3
6154 2
18775 1
6156 0
14349 1
6159 2
2392 2
9219 1
6164 2
6165 0
18777 3
14360 1
14365 3
6174 2
14367 1
6176 1
6177 1
14371 1
6182 0
14375 0
14386 2
6196 2
14389 2
6200 1
6201 2
14394 2
6204 2
6205 2
6206 2
6207 2
17610 2
6209 2
14402 0
6213 2
5132 2
14412 2
6222 0
9230 0
10573 1
6231 2
6232 2
14425 2
14427 2
14430 3
14431 1
14433 2
14437 2
6251 2
6260 1
14453 0
14454 2
6265 3
14458 2
6267 2
14461 0
6270 2
13575 0
6282 2
6284 0
18809 2
14479 0
14486 0
13337 2
14491 1
6306 1
14503 2
6317 2
14510 2
14513 2
6322 3
6324 1
6330 2
6331 2
6332 2
14531 0
6340 2
14533 2
14535 1
6346 2
6349 2
14546 0
6355 3
6356 1
6357 2
6359 2
14552 2
6363 2
14556 2
6367 2
6368 2
8553 2
6375 2
14569 0
12863 1
14571 2
6383 1
6386 1
6387 2
14586 2
6398 3
14591 2
14592 2
6407 2
14604 2
14611 1
6426 1
9263 1
6429 1
14625 2
14631 2
6440 1
16092 2
14634 0
6445 1
6446 2
6448 1
18491 0
1075 0
14644 1
6454 0
14651 2
6466 2
6467 2
14661 2
6470 3
6473 2
14666 2
6475 0
6480 2
6481 2
6488 2
14682 2
762 1
6506 2
6511 3
6515 2
6516 3
14710 2
17675 2
6521 0
6522 2
14715 2
14716 1
14719 2
1088 0
14724 2
5946 0
18840 2
14738 3
14742 2
14745 3
14748 0
14751 2
14753 2
6563 3
14756 0
8402 2
14761 1
13383 2
6575 2
6577 1
6578 2
6583 2
14779 2
6588 1
14782 2
6591 2
14786 0
7039 1
14791 2
14792 2
14793 1
14796 2
14800 2
14803 2
14804 2
14805 2
1626 2
14807 2
6616 1
14809 2
14811 2
6620 2
6624 2
14817 2
14820 2
6632 2
14825 2
14828 0
14829 2
14832 0
6641 0
17491 2
14838 1
6647 2
14845 0
9496 2
14848 1
14849 2
14851 2
6662 2
14864 2
14865 0
6679 2
6681 3
14874 2
6683 2
14876 2
14878 2
6687 2
14880 2
6690 1
1115 1
6692 2
14886 1
14887 0
14888 2
6697 2
14770 1
6702 1
6704 1
6705 0
15102 1
6709 0
14904 2
14905 2
14909 1
6718 2
18869 0
14912 0
14913 2
14914 2
6723 1
6724 2
9313 0
14923 0
14934 2
6744 1
6752 2
14945 1
13414 2
6760 0
1127 1
6767 2
6770 2
6774 0
14967 0
14968 2
14972 2
7957 0
12501 2
6787 0
6791 2
6794 2
14988 1
6801 1
6806 0
6809 0
6810 1
15004 2
6816 1
15009 2
6828 1
6829 1
15022 2
6600 0
209 2
6836 1
6839 3
6845 0
15039 2
7968 0
15042 2
6851 1
6855 1
15048 2
6604 2
15051 2
6860 1
6862 3
15055 2
9503 2
6871 0
15067 2
15068 2
15069 2
6881 2
6886 2
15079 3
6892 2
6894 0
6898 1
15093 3
15094 2
15095 1
6907 2
6910 2
6912 2
15106 1
6915 1
15109 1
6918 2
6926 3
12703 3
15123 1
15124 3
6933 3
6617 2
6939 2
15134 1
15135 2
6946 2
6619 2
15140 0
4323 2
15145 0
6958 2
9352 1
6962 2
6963 2
6964 1
6965 2
15160 1
15165 0
15167 2
6977 0
6978 0
6980 1
6984 1
6986 2
15179 2
15181 1
15184 0
15186 1
6995 2
8962 3
15195 2
16186 2
7006 2
7008 2
7009 2
7012 0
15205 0
15208 2
15209 1
7020 2
7021 3
15214 1
7023 1
15223 0
15225 1
15228 0
7037 1
15231 0
15233 2
15234 3
7043 2
7046 1
15241 2
7050 1
7052 1
15245 2
7056 2
13464 3
15250 3
15251 3
15254 3
15261 2
7070 2
15264 2
7073 2
7074 2
7076 1
15270 0
15272 0
15273 0
15275 1
7086 0
15279 2
15282 2
15283 0
15284 1
7093 0
8009 2
7096 2
7097 2
7098 2
15293 0
7102 2
10741 1
7104 0
7105 1
7109 0
15303 2
15304 2
17422 2
15307 2
15308 1
15310 1
7120 2
7121 2
15314 0
7123 2
15316 1
7129 2
7132 0
7133 2
15329 2
7139 0
15333 2
7145 2
15339 3
7148 0
7154 1
7155 2
7158 2
16212 2
7162 0
7164 2
9386 2
7166 3
15362 2
17579 3
7173 1
15371 2
15374 0
7184 0
7185 2
10755 0
15380 1
17582 0
15383 2
7195 0
15388 0
7203 2
7205 1
7206 2
7208 2
15405 2
7214 2
15409 2
7219 3
15413 2
15417 2
15419 2
2150 2
15423 0
15432 1
7246 2
15440 1
15445 2
13497 1
7260 2
7264 2
15460 0
6673 1
12135 0
17973 2
15482 1
8042 0
15488 3
15491 1
15503 2
15505 0
15506 1
15509 1
15510 2
15511 0
15521 2
15522 1
14875 2
15524 1
15525 2
15526 1
7335 0
2588 1
15531 0
7349 2
14879 2
15549 1
15550 0
15552 1
7367 2
15565 1
7374 3
17613 0
14884 2
7386 1
7388 2
15582 0
15589 2
11976 0
7407 2
7408 2
15602 2
9427 2
7413 1
15606 2
17620 0
15627 1
15628 3
15629 1
15630 1
5336 1
15634 0
15635 1
15636 2
14894 2
7447 2
15641 0
7450 2
7452 2
7453 1
15647 1
15649 3
15650 0
15652 1
7461 1
15654 2
7463 0
15657 2
15658 2
10887 2
15661 1
15670 3
15674 2
15676 0
8074 2
7487 1
7488 2
7489 2
6796 0
7496 0
15695 0
9443 2
15701 0
15704 0
7513 2
15706 1
7516 2
15713 2
7522 2
15717 0
15718 0
15721 2
15722 2
1255 0
7532 2
15726 1
15729 1
7542 2
15736 1
15740 1
15741 1
8085 2
15746 0
7555 0
15749 1
15752 1
7561 2
16279 0
7565 1
15758 2
15759 3
15760 0
15761 2
15765 2
15766 1
15770 2
7580 2
16282 1
15774 0
7585 2
15781 1
15782 1
7592 2
7593 2
15788 1
15791 2
17984 0
7609 2
7612 1
15805 2
8096 2
7618 0
15812 2
4001 1
7624 3
7627 0
15820 1
15830 3
8100 3
10831 2
7649 2
15842 0
7651 2
15845 2
15847 1
7657 2
15850 2
7661 0
7662 0
15859 1
6775 0
7675 0
15868 2
15871 1
7681 0
15875 1
10838 1
17665 2
7691 1
7695 2
13581 0
7702 2
15895 0
7704 1
15898 2
7709 3
17669 2
7714 0
15908 1
15910 1
7719 1
7721 2
15915 1
7738 2
15936 2
7747 2
7751 2
8119 0
17564 2
7759 1
7766 1
15963 2
15965 3
15966 2
4896 3
7778 0
15971 2
15972 0
15974 1
15978 3
7789 2
3260 0
17684 2
7805 2
15999 1
16000 2
16001 0
16002 2
16003 2
16008 0
7817 1
7819 3
1304 2
16020 1
16026 2
16032 1
16034 2
16035 3
16036 1
16037 1
7848 2
16041 1
16043 2
7854 2
16047 3
16049 1
16050 3
16054 1
7865 2
7866 2
16059 0
16060 2
16061 1
16063 1
16065 0
16068 2
16069 2
16073 1
16075 1
7887 0
7888 0
16081 2
16082 2
16086 0
16088 1
7897 2
7900 2
7903 3
7905 0
7906 2
7909 2
16337 2
7912 0
16108 2
7917 2
17176 2
16113 2
16114 2
16115 2
16117 2
7927 1
16123 1
7932 2
1323 0
16134 0
16135 2
7945 2
7947 2
16140 3
16143 2
7955 2
16148 2
13614 2
16150 2
12813 2
16160 0
7975 2
16169 2
7978 0
14983 2
7986 2
16180 0
16183 2
16184 2
7994 0
7995 2
4363 2
16192 0
8001 1
16195 2
16200 0
16201 1
16202 0
16203 0
16207 0
5432 0
8020 2
16213 0
16214 2
8996 2
16220 2
8029 3
12262 2
14993 0
16234 2
16235 1
8044 1
16238 3
8049 0
16245 1
8054 2
16250 2
8170 2
3269 3
16261 1
16265 1
16266 2
8075 2
16277 2
15001 1
542 2
8094 0
8095 3
16288 1
16290 0
16291 2
16292 0
16294 3
8105 2
9543 2
8108 2
8110 2
16306 1
8115 2
8116 2
16309 1
17737 2
16316 1
16329 0
16331 1
1357 2
16376 2
8146 2
16341 0
16344 2
8155 1
8156 1
16349 1
16350 2
8166 2
16359 1
8168 2
16362 2
16364 0
1363 2
8182 2
8184 2
16379 2
8188 2
8190 2
5461 2
