16694 1
16386 2
11184 1
2455 2
8198 2
16393 2
8202 0
16395 0
16396 1
16397 1
3001 2
8210 0
6820 1
16404 3
8213 1
16407 0
8216 0
27 0
16412 0
16413 2
16414 2
16415 2
33 0
8226 2
8227 2
37 0
16422 2
8232 0
17756 0
16429 2
16430 2
16432 0
16433 2
10640 3
14894 2
16440 2
8250 1
16443 2
16445 2
16446 0
66 1
16451 0
8260 0
16455 2
16456 2
73 2
74 0
16459 2
16463 0
16464 1
18279 1
8276 1
8277 2
16470 1
88 2
15034 2
8288 2
16482 0
16484 1
8293 1
8295 2
1593 2
106 1
1383 2
108 2
16493 0
16495 1
114 0
8307 2
8310 2
12279 2
8312 1
8212 0
122 3
123 0
16509 1
128 1
16513 1
8323 1
16516 1
133 2
134 0
16519 0
16520 2
137 1
8330 2
139 3
16524 1
8334 0
16527 2
144 2
8337 0
147 0
148 1
5486 2
8342 2
151 1
2460 0
16540 2
16542 0
16544 3
8353 1
16546 0
16411 1
8356 3
7857 0
8358 0
171 2
16557 2
8368 1
177 1
8371 2
16564 1
8375 0
16568 1
8377 1
187 1
16572 3
2762 2
8383 2
8386 2
195 2
197 2
16583 2
8392 2
201 1
202 2
16590 3
207 2
8402 2
8406 1
8407 2
16602 1
8412 1
16421 3
16647 0
8418 2
17787 3
16612 1
16613 2
16614 0
10961 0
232 1
233 2
16618 2
16620 3
8430 2
1405 2
16624 2
241 0
8435 3
244 3
16630 3
8439 2
251 1
253 2
16638 0
8447 0
8449 2
554 2
261 2
16646 1
263 2
16648 0
8459 2
8460 2
8461 3
270 0
8237 2
16657 1
274 2
8468 0
277 1
329 1
8473 2
16666 1
16669 0
16672 0
289 2
8483 0
16676 1
8485 2
8486 2
16679 1
8488 2
16681 1
16683 2
8494 0
2781 0
8496 2
17800 2
307 0
308 2
8502 1
8506 1
315 1
18014 3
9610 2
8510 2
319 2
16705 1
16706 1
5515 1
324 1
8517 1
1420 0
16715 0
8524 2
17469 0
334 3
16719 2
16720 2
16722 2
8531 1
16726 0
16728 1
16730 0
8539 1
16732 1
349 1
6885 1
354 2
16739 1
16741 2
16742 1
16743 2
16744 2
362 1
15079 3
365 2
12821 0
367 0
16752 2
16753 2
9619 0
8564 2
373 2
374 2
16760 0
16763 3
16765 2
383 0
384 1
5526 0
393 2
394 2
16784 2
15289 3
8594 1
405 0
16791 2
3014 0
5545 1
410 2
8611 2
420 1
8613 2
423 2
424 0
16811 2
8621 0
16814 2
16817 1
437 2
438 0
8632 2
442 1
3149 3
16829 1
446 2
8639 0
8640 0
16833 2
7968 0
8644 2
454 2
455 1
456 1
16841 2
8650 1
16843 3
461 2
8655 2
464 2
16851 2
8660 3
16854 2
8666 2
476 2
16862 1
16865 0
8675 2
16871 0
8683 1
16876 3
8686 3
8687 2
496 2
16881 1
8691 2
500 2
15102 1
16886 2
13737 2
504 3
84 3
16890 3
508 0
509 3
510 2
16469 1
8708 2
16902 2
8714 1
16907 0
524 2
16909 1
529 2
8723 1
533 0
534 2
16919 1
8728 2
537 3
538 0
16923 2
8732 1
16925 2
16926 2
543 2
16928 2
8737 2
16930 2
8739 3
549 2
551 1
16937 2
8746 2
16939 1
16940 2
8750 2
15112 1
16946 2
9651 1
564 1
8758 2
16953 1
8762 1
8763 0
16956 1
6922 1
3277 0
8767 0
577 1
16962 2
5202 3
16965 0
583 1
8776 1
16807 1
16971 1
588 1
589 1
15117 2
16976 1
17848 1
595 1
596 1
597 1
17849 2
601 1
8794 1
603 1
8796 0
605 3
606 0
101 1
8800 1
16994 2
611 1
8804 1
16997 2
8806 0
8807 2
17001 0
17002 1
8811 1
8812 2
621 2
5565 1
17008 2
17010 1
15123 1
8477 0
17013 2
17015 0
17016 0
17017 0
8827 2
636 2
638 0
13933 0
8835 1
644 1
8837 0
8841 2
8842 2
651 0
17036 2
8845 0
654 0
17040 1
6936 1
17042 2
17043 0
3568 0
662 0
8855 1
664 0
17049 1
8858 2
1386 3
8862 2
17055 2
3605 1
673 2
8866 0
676 2
17061 2
679 0
8872 2
8873 2
17066 2
17067 1
17068 3
4210 3
17074 1
1844 2
17076 1
17077 3
17078 2
695 3
696 3
17084 1
296 0
8898 1
17091 0
12406 2
8902 2
17247 2
932 3
17097 2
8906 2
17099 2
17100 0
17102 0
8480 1
120 3
8914 2
6947 3
727 2
17112 0
8921 2
730 2
732 1
297 2
8929 2
3025 1
8932 0
17125 2
8935 2
744 2
8938 2
8939 2
16699 0
8943 1
17138 1
12573 0
757 2
17143 1
8952 2
8953 1
763 0
764 2
766 1
8959 0
17152 1
17153 0
17154 0
8963 2
8964 2
773 2
774 1
775 2
8974 2
17167 2
17168 2
17169 0
786 0
787 2
8981 2
790 2
8985 0
17178 2
795 2
17180 2
17181 2
16517 1
800 2
801 2
803 2
17188 2
8999 0
808 2
17195 0
17197 0
17199 2
9008 0
9009 2
16394 1
9011 2
820 2
17205 1
17206 1
9015 0
825 2
9018 2
17211 1
16522 1
9022 3
9023 2
832 2
17218 1
8331 2
9028 0
837 0
17225 0
9034 0
17227 1
844 2
845 1
9038 2
17231 0
17232 1
9042 2
852 2
9045 2
854 0
856 0
17241 1
15577 3
17243 1
17244 0
861 2
862 0
863 0
9059 0
6789 0
17254 1
17255 0
17256 2
9065 2
9067 2
17260 2
17262 0
17263 0
8571 0
17265 2
882 0
9075 2
17268 1
17271 2
888 2
17273 2
9082 2
9083 1
892 2
17277 1
1697 0
17280 1
17283 0
9092 0
902 1
903 0
17288 1
17291 2
11074 2
9102 1
9103 2
9104 2
17297 0
17300 1
921 2
17307 2
17308 2
17309 0
17310 1
17315 1
9124 1
933 1
9127 2
9129 2
17322 2
17323 0
17325 1
9136 2
17329 3
9139 2
17333 2
6851 1
951 0
952 1
17337 0
956 1
959 2
961 1
17346 0
17348 0
8761 1
17350 0
17352 0
9164 0
162 2
17360 2
9169 0
17364 2
17368 1
14682 2
16549 2
17376 0
17379 2
17381 2
1002 0
1006 0
17391 0
17392 2
9201 0
1010 1
17395 2
9204 0
17399 2
9209 1
9211 2
1021 0
9214 3
1023 2
9216 0
17409 1
9218 2
12459 1
1028 1
1030 2
9223 1
9224 1
17417 1
9228 2
1037 3
1038 0
173 2
1040 0
9236 1
4270 0
853 0
17432 2
1056 0
9249 0
9250 2
1589 3
9252 2
9254 1
1063 2
9257 0
17450 1
9262 2
1071 1
8219 2
9269 2
9270 2
17463 1
9274 2
13834 2
17470 0
17472 0
17474 2
9283 1
17476 0
17477 1
1095 0
17480 2
13836 2
1098 2
183 2
17484 0
1101 1
17487 2
9297 0
7129 2
17491 2
1108 2
12473 1
9304 2
9307 2
9308 1
18859 1
1119 2
9312 2
17505 0
9316 0
17509 2
9318 0
17511 1
17512 1
9321 0
9322 1
17515 3
9324 1
9326 0
17519 2
1137 0
17522 0
14787 0
9332 2
17526 0
17529 1
9338 2
17532 2
1150 2
1151 1
1152 0
9346 2
17539 3
17541 1
17543 0
17544 2
17545 1
1163 2
17548 1
17549 1
17550 2
17551 2
17552 1
17553 2
9363 1
17556 2
1173 2
1174 2
17559 2
17560 1
1177 2
13951 3
1180 1
1181 3
17566 3
17568 0
17570 2
1187 2
17572 2
6859 1
17575 1
17577 1
8391 2
17581 1
9390 1
17583 3
1200 0
9397 2
17591 1
17593 2
9402 2
17595 2
17596 1
9405 2
17598 2
1218 2
9411 2
9412 1
9415 1
9416 1
17609 1
9418 1
17612 2
9421 2
3253 1
2936 0
17618 2
9427 2
17620 0
9429 1
17631 0
9441 2
1251 1
17636 1
17638 0
17639 1
9448 0
17641 1
17642 1
1259 1
16594 2
9454 2
3504 2
17649 1
17650 1
9459 2
17652 1
9461 2
9462 2
17659 2
17660 2
17962 1
17662 2
17665 2
9474 1
1283 2
9476 2
16598 2
17670 0
9479 2
17673 2
1290 1
17675 2
9484 1
11138 2
9773 2
1299 1
9492 2
9493 1
17686 2
12505 1
17689 2
9499 2
1308 3
9501 0
17695 2
17968 0
17698 0
1320 1
1321 2
1322 2
1323 0
1324 2
17712 1
1329 3
1331 1
12510 1
17719 1
7955 2
1338 1
17723 1
1340 2
1341 2
17726 2
17727 1
9536 0
8416 0
1346 2
17685 2
17737 2
17738 0
9547 3
17740 3
9549 2
17743 2
9554 2
9555 1
9556 2
1365 0
9558 1
17977 2
9564 0
1375 2
9569 2
17762 2
1381 2
17767 1
17768 2
9578 1
12594 1
16485 0
1389 3
17981 1
8424 2
9588 2
17783 2
9592 1
9593 2
1402 1
9595 2
9597 2
1408 0
9601 2
17794 1
9604 2
9606 1
1416 3
17801 2
17802 1
9611 2
9612 0
1422 2
1425 2
6603 1
17811 1
17813 1
1430 0
17817 1
17140 0
1435 0
1436 1
1440 2
15259 0
1444 2
9637 1
1446 2
9639 2
1448 1
9642 0
17835 2
1452 1
9645 2
15261 2
9648 2
17841 1
17843 2
1464 2
9657 0
17850 1
17851 1
1468 2
9662 2
17858 0
1611 3
9669 2
1478 1
9671 1
9673 1
1482 1
9675 1
9676 2
9677 1
9678 3
1488 1
2979 2
17876 0
1493 0
17879 0
17880 0
9690 2
9691 3
9692 2
9693 1
9694 0
17887 2
10143 1
9702 2
17895 0
17896 1
17899 0
17910 0
17911 0
8507 2
9722 2
9724 1
1533 0
17918 0
4961 1
1538 2
17924 0
17925 0
1546 0
9740 2
17934 2
17935 1
16964 2
17940 0
1558 3
2234 2
17944 1
6053 1
9754 2
7087 1
1564 1
17949 2
17952 2
9761 1
9768 2
9770 1
12551 2
1581 1
1583 2
1584 2
17971 2
1588 0
17973 2
17974 1
1591 1
9784 2
9785 2
9786 0
17979 2
1596 2
1597 1
9791 2
1601 1
9795 0
17988 3
17989 1
1608 1
16652 0
1610 1
17995 2
10692 1
9805 0
1615 2
1616 0
9811 0
9812 0
1622 2
9815 2
9817 2
1626 2
18011 2
1630 1
18015 2
1632 1
1634 2
1635 2
9828 1
9829 2
1639 2
6874 1
1641 2
18027 2
9838 1
18032 0
1640 2
1652 2
9845 1
18038 2
1655 2
1656 3
1657 2
10575 1
1659 0
1661 1
9854 1
1663 2
18048 2
15296 2
1666 2
1667 1
18052 0
1671 1
18056 0
18057 2
1674 2
18059 1
9868 1
18062 2
1679 0
18065 0
9874 0
18030 2
1690 0
13935 1
1693 2
18078 2
18079 2
1696 2
18081 2
18082 0
9891 3
1700 2
1701 2
1702 2
1703 1
9897 1
18091 2
9900 2
1709 0
1710 0
1711 2
1712 1
1713 0
18098 2
1716 1
1718 2
1719 2
18104 0
1721 2
1722 0
18110 1
18037 1
1729 1
8241 2
1736 0
1737 1
1738 2
18123 2
1740 0
4386 3
18126 0
17516 2
1746 2
291 1
1748 0
18134 2
1751 2
1753 3
6605 0
18141 0
18142 1
16677 2
1760 0
9953 0
9955 0
1764 2
18149 1
9958 0
1767 2
1769 2
18154 1
18155 1
18156 1
1773 1
18158 0
18161 1
1662 2
1782 1
18167 1
18169 1
9855 0
18173 2
9982 1
1791 3
16991 3
1793 0
18178 1
17220 1
7126 0
18183 0
1800 0
18186 2
9995 2
1804 1
18191 2
1808 2
18193 1
18194 3
18196 1
18199 2
18200 2
18201 1
18202 1
1819 0
18204 2
3034 2
18207 2
1826 2
10020 3
18214 2
305 2
18216 2
18218 2
18219 0
1836 1
18221 2
18222 0
1839 2
10032 1
18225 2
10034 1
10035 2
18228 2
10037 2
10038 2
1847 0
18232 2
1852 1
18237 1
1854 1
11232 0
1858 1
10051 1
10053 1
18246 2
18247 2
10056 2
1866 2
4407 0
18252 1
1872 0
2140 0
1878 0
18264 1
18063 1
10077 1
10078 2
10080 2
10081 3
18274 3
18275 1
13969 2
10088 1
10089 2
18282 1
1899 0
18284 1
10096 0
1905 0
10098 1
18291 0
16702 3
18294 1
10104 1
18301 2
1918 2
1685 2
1920 2
1921 2
18306 2
1924 2
1925 3
1927 3
18312 1
10125 1
1934 0
10132 1
1942 0
18328 1
1946 0
6066 3
1952 1
10146 2
10149 1
1959 2
18344 2
1961 2
1962 3
10156 1
1965 2
13981 3
1970 0
1971 2
1694 2
10166 2
1975 1
1979 1
2248 2
18366 2
16160 0
18368 2
18372 1
1991 2
10184 0
332 2
18378 1
18379 1
18380 0
10189 1
18383 2
18384 2
2002 0
10196 1
10201 1
18397 1
5797 0
10208 2
18401 1
18404 2
2021 0
10214 0
2025 1
10218 2
18411 3
10220 0
15616 0
18415 2
10225 0
18419 1
18420 2
3996 3
18424 1
18426 1
2043 1
10236 1
2047 2
18434 3
9899 1
18436 2
12630 2
18438 1
18443 2
2061 3
2062 2
10257 2
2072 2
18095 0
2076 2
18461 0
2083 2
10276 2
10279 2
18472 0
10281 2
10282 2
2091 2
18479 0
10288 1
2098 2
18483 2
10293 1
10295 0
10296 1
2105 0
10299 2
10302 0
2112 2
10305 2
10306 1
10308 0
6888 3
2121 0
10316 2
10317 1
2126 0
10319 3
2128 1
2129 1
2130 1
2131 0
10324 1
2133 1
10327 1
2136 0
2138 2
10331 0
10332 1
2145 2
2150 2
617 0
2152 2
12647 1
18540 0
18542 0
10352 1
17530 1
10358 2
2167 0
6346 2
18111 1
4458 2
10366 2
7189 2
2176 2
10371 2
10372 1
618 1
2183 2
10377 2
10384 0
10386 1
2196 0
4462 2
10391 1
2200 1
2201 2
2202 2
6620 2
18589 1
2207 1
10401 2
18594 2
10404 2
2213 1
18598 2
10407 2
18600 2
10410 2
18604 2
10413 0
2223 2
2225 1
18613 3
18614 2
18615 1
10426 1
10427 1
2236 2
18122 1
10430 0
16757 0
2240 2
18626 3
18629 2
2247 1
18632 2
4712 2
18634 1
18635 1
2252 1
18637 1
2254 2
18640 1
10450 2
2262 0
18649 0
18650 1
5531 3
18653 1
10462 0
10463 2
10466 0
10467 2
2278 2
2279 3
18665 2
7207 0
10479 2
18675 0
18676 2
18678 0
15401 0
10488 2
18682 1
18685 0
2305 0
10498 2
18692 2
18693 2
10502 2
2311 0
10505 2
18698 0
18701 2
10510 0
7053 1
18704 1
10513 0
18706 2
18707 1
2324 2
10517 1
18710 2
5849 0
18713 1
10522 1
10523 2
4442 2
2333 2
18719 0
18723 1
18725 1
18727 3
10537 2
17536 2
10541 2
18734 2
2352 3
18737 2
10548 1
2358 1
10551 2
2362 2
18747 1
2364 2
2365 3
10559 2
2368 1
2369 0
10562 1
2371 2
10564 2
10565 2
1761 0
18760 3
2377 0
10573 1
10574 2
9081 2
18768 0
2385 2
18771 2
2388 2
10581 0
18775 1
18776 3
2393 3
18778 0
2395 0
10589 2
8592 2
10595 2
18788 1
18790 0
10599 0
2408 0
10602 2
10604 3
10605 1
10606 1
10607 1
10609 0
10613 1
18806 2
8264 0
2425 1
2426 1
10619 0
18813 1
16789 3
2432 3
1771 1
2436 0
8810 2
2438 2
10631 2
10632 1
12695 3
11330 1
4173 2
18157 2
18832 1
2449 2
2451 2
2452 2
18839 2
10648 2
18841 2
10650 2
18844 1
16794 3
18850 1
10659 3
10660 2
2469 0
10662 2
10663 3
10664 1
9084 1
2475 1
10668 2
18861 2
10672 2
10674 1
8266 2
18869 0
2487 2
2490 2
10683 3
2035 2
10686 0
18165 0
2497 0
71 1
2500 2
10696 2
10702 2
136 0
2514 1
7709 3
10709 2
10712 2
10714 1
1175 2
10717 1
13001 1
2528 0
2529 0
2530 0
2536 0
10731 3
2543 0
2544 0
16808 1
2546 2
10740 1
2549 2
2552 1
2553 1
18175 1
2556 1
10752 2
10753 2
2563 2
2565 0
10759 3
2572 0
10768 1
10771 1
10773 1
10774 1
2586 1
10780 0
2590 2
2591 0
10784 0
2594 2
10787 1
10790 0
2599 2
2601 1
2603 2
10798 0
10799 1
8543 3
10806 2
2615 2
10809 1
10810 1
10811 2
10812 1
10813 0
10814 1
10815 2
2624 2
10817 1
2626 0
14091 0
10822 1
10825 0
2634 2
10831 2
2640 2
10835 0
10837 2
2650 1
14095 2
16057 1
2654 2
2655 2
10849 0
10850 1
12731 0
10853 2
10856 2
2666 0
10862 0
10863 0
10864 2
11369 2
3178 1
10879 2
10880 2
10881 2
10882 0
10883 2
10887 2
2699 1
10894 3
2703 0
10897 3
2707 0
3564 3
10903 2
2712 0
10906 2
10907 1
10908 0
1727 0
2718 2
2722 1
10915 2
10916 2
2725 2
17276 0
16839 0
2739 2
2751 0
10945 2
14549 2
2756 2
2758 2
10954 0
2763 0
2764 3
2766 0
2767 1
2769 0
1456 0
2772 2
18212 1
10972 0
10973 2
14117 2
2787 0
2790 1
2791 2
2794 3
2797 3
10991 1
10992 2
2801 2
2803 2
2807 3
16852 1
15189 0
11004 2
11005 1
2818 0
1835 1
17422 2
2822 0
11015 2
2839 2
2840 0
11034 2
11035 0
11038 2
2847 1
11040 3
18224 0
2851 1
2852 1
11045 2
2854 1
2855 2
2856 2
11050 1
11053 2
2862 2
3119 2
11058 2
18227 2
11825 2
11065 2
2874 0
4575 2
2879 2
2880 2
2882 2
2884 0
18230 0
11078 2
7308 0
2891 2
2892 2
2894 3
11087 2
10040 3
2898 2
2899 2
2900 1
2901 0
11094 1
2903 2
11097 1
2909 1
2911 2
3216 2
666 0
5947 0
2917 0
11111 3
2921 2
2923 1
2925 2
11118 0
2928 1
12776 2
2930 0
2931 2
11124 2
11128 2
11131 1
11132 2
11135 0
2944 2
2946 2
11139 1
11140 1
11141 0
11142 1
2951 2
2955 0
11150 2
2959 2
11152 2
11155 0
12782 0
11010 3
2281 2
2975 1
11169 3
347 3
10054 1
11175 1
2988 0
5555 3
9374 1
11183 2
2992 2
4464 2
2995 2
18376 2
11191 2
3000 2
11193 0
11194 2
3003 1
18250 2
11198 3
3008 0
11206 0
12921 2
9349 2
7330 0
11214 2
11215 1
13659 1
11217 2
11218 1
11220 1
11224 2
3236 0
11226 2
11230 2
3039 1
3040 2
3042 2
3044 2
11239 2
3048 3
3049 2
11431 2
3052 1
16893 2
3058 1
14163 0
8558 2
11254 2
3065 1
12799 0
11434 2
3070 2
3074 1
11267 2
3076 2
11272 2
3081 2
3082 2
10741 1
7440 2
3099 0
3100 0
3101 0
3103 0
3105 1
3112 1
11305 2
3114 3
11307 2
3117 3
18269 2
11316 0
11317 3
4617 2
11323 2
522 3
11326 0
11327 2
18272 0
3138 1
8715 0
4658 2
11334 2
11335 2
11336 2
11338 2
3147 2
11341 1
525 0
3152 3
11346 2
10083 2
11349 0
11356 2
3165 1
5561 2
9380 1
4625 2
3177 3
924 1
3179 2
3180 3
3183 2
3185 0
11379 3
7358 0
14185 1
11386 0
3195 2
11388 1
1898 3
11390 1
5562 1
11393 2
11395 0
11397 2
3206 2
3208 2
11401 0
11402 0
11403 2
3213 0
3215 2
11408 2
536 3
5998 3
11414 1
11416 2
3225 2
11421 2
3231 1
11425 2
11428 3
11430 0
3239 0
11432 0
3242 3
3243 1
3244 0
3245 1
4637 1
1058 2
3251 0
11445 1
3255 1
11450 2
11451 1
3260 0
3261 1
11454 0
3263 2
11457 2
11458 2
11467 1
3268 2
11461 1
16929 2
11464 2
3276 1
3274 1
3275 1
11468 0
8738 0
3278 3
3279 2
547 1
11476 0
15566 0
3286 1
3287 2
3288 2
13879 2
11484 1
3296 0
3299 0
3305 1
11502 2
14205 3
11504 3
3313 2
3316 0
3317 2
17589 0
3320 2
11513 3
11514 2
3323 2
3324 2
16938 0
3328 1
14208 0
17296 3
555 2
3333 1
12844 3
11532 2
14210 2
3342 1
3344 1
11538 1
3347 0
3351 3
657 3
3354 2
3358 0
3359 3
3360 1
3361 0
11555 1
11558 3
9024 2
11565 1
3375 2
3377 2
563 2
3380 1
7390 0
3382 0
11575 0
4660 2
11580 1
3389 2
3390 0
3392 1
3393 1
3394 2
7478 1
3396 0
3397 0
3406 1
11599 1
3410 2
3412 2
3415 1
11608 2
3419 2
11612 3
11613 1
3422 1
3423 1
11617 1
11620 1
3431 1
572 0
3434 1
3437 0
573 1
3440 1
3441 1
3446 2
11640 2
18324 2
575 1
3453 2
3456 0
3934 0
8769 1
3465 1
11658 0
11659 2
9352 1
12866 2
11662 2
3472 2
1944 0
11670 3
3479 2
3480 2
8772 0
11674 0
11677 2
581 1
3488 2
15600 2
11684 2
3501 1
3502 2
3503 2
11696 2
584 2
3506 0
15603 1
3509 2
11703 1
11508 2
3515 1
3516 3
11709 1
11710 1
3520 2
3521 2
15393 2
3527 2
8780 1
18121 1
11724 2
17645 0
11732 0
11738 1
591 1
3548 3
11742 0
11743 1
8784 1
3557 2
11751 1
11753 1
4483 0
11760 2
11761 1
3571 2
3572 1
11766 0
3575 1
16980 2
10154 0
12885 1
3585 2
11779 0
11780 3
3329 0
1964 2
11786 1
3595 0
18349 1
3602 0
13759 0
1115 1
11808 1
3619 2
3621 2
3622 2
11815 1
3628 0
11821 1
16989 1
3633 1
3634 3
6067 2
3637 2
3638 2
11831 1
11833 1
11834 2
17852 2
11836 0
11839 3
11840 0
11841 2
3650 2
11843 2
3654 0
3655 1
11849 0
11850 3
11851 1
11852 1
11854 0
3666 0
3668 0
11861 1
3671 2
3673 1
3674 2
11867 1
3676 2
3677 2
3678 2
8805 2
11873 1
11874 1
18363 1
3685 2
11878 1
11880 1
11887 2
11888 0
11889 1
8809 0
3704 1
11897 0
3706 2
11899 2
11900 2
4714 1
11902 2
11905 3
11907 2
3719 2
620 3
3727 2
11920 0
3730 2
3734 2
12911 1
3740 0
3741 2
670 2
8816 0
3747 1
11941 2
11943 0
11944 2
15644 1
18375 1
11952 2
1992 2
3763 2
12946 1
11963 2
3773 2
629 1
11968 1
3777 2
3778 0
12918 0
3782 2
7457 0
11976 0
11979 0
3788 2
3790 2
3791 2
632 0
3363 1
3796 2
11989 0
1763 0
3800 2
11997 0
15653 0
3813 0
12006 0
3815 1
12013 2
3822 3
12925 1
3832 1
3834 2
12029 0
3841 2
12037 2
10576 2
12052 0
12053 1
3862 2
3869 0
12065 0
3876 2
3879 2
3880 0
12073 1
12074 2
11586 0
3887 2
3889 2
12083 2
3893 0
12086 1
12901 2
3897 0
17034 0
3903 2
12098 1
12100 2
11574 2
12103 3
12106 2
12110 2
12113 2
3924 3
3926 0
12122 3
3932 3
12126 2
3936 1
12129 1
12130 2
12131 3
4753 2
12136 2
3947 0
658 0
3950 0
11581 2
3952 2
6120 2
3958 2
18409 3
3960 2
12153 1
12154 0
3965 2
12158 2
1496 1
3973 1
3974 3
3978 2
12171 2
12173 0
3983 2
4497 0
3985 2
3986 0
12180 1
12181 1
665 1
12184 2
3994 0
12187 2
13772 2
3997 2
3999 0
14320 2
12196 3
12197 3
4006 2
4225 2
4009 3
12202 2
4014 2
12210 2
4019 1
12212 1
4766 1
12409 0
4024 1
4027 0
4029 2
12223 1
4032 1
4768 2
407 2
12230 1
12235 0
14329 3
18289 0
4058 2
4060 1
12255 1
12257 0
12258 2
12259 2
12260 1
8046 0
6901 0
7505 2
12265 1
17063 1
4076 3
12269 3
12270 2
4079 0
12272 2
680 0
8756 2
4087 0
18467 0
4090 1
6143 3
12285 0
12289 1
8875 2
4107 2
12300 2
15704 0
4120 0
12314 2
4124 2
15413 2
4126 0
12319 2
12324 2
4134 0
8321 3
15708 2
12330 1
12331 2
4146 0
11614 1
4151 2
12344 2
11615 1
3901 0
5594 2
4164 0
8887 3
15958 3
7522 2
4180 0
10254 2
12379 1
12986 2
1653 2
12388 2
4197 2
12390 2
12392 1
4201 2
4203 1
4204 0
4205 2
4206 3
4209 3
12402 1
4214 0
15721 2
4217 3
4220 2
4221 2
12415 0
12416 1
12417 2
4226 0
12420 2
12422 2
12424 2
12425 1
12426 0
4238 0
12432 2
12433 2
12434 2
4245 2
12438 0
4251 2
17093 1
4256 2
12450 0
4260 2
4262 2
4263 2
4267 1
17759 1
8871 2
12462 2
12465 1
15304 2
12470 2
713 0
4281 0
12478 0
7541 1
12480 2
12481 0
715 2
12486 2
12487 0
4296 0
4302 1
12495 2
12496 1
15736 1
12498 2
4307 2
12502 2
11641 2
4312 2
4313 2
12506 1
4318 2
4323 2
4327 1
12526 1
4335 2
4336 0
4339 3
4340 0
4342 2
5157 2
12539 2
12543 2
4353 2
4354 2
18475 0
4359 2
6419 2
12553 2
15421 0
12558 0
4370 1
4371 2
4374 2
12569 1
4378 0
8922 1
4384 2
12578 0
13019 2
4389 2
4390 1
4391 2
12587 3
4399 1
4402 1
2099 2
12596 2
4405 2
12598 1
12599 2
4408 2
12603 3
4412 3
12610 0
12611 2
4422 2
12615 2
11660 1
2103 2
4428 1
12621 1
12622 1
14392 2
12626 2
4835 1
4436 2
4438 3
4439 2
12632 1
13723 2
7567 2
12250 2
12638 2
741 2
7568 2
7569 2
6849 0
10514 2
4459 2
12652 2
12654 0
12656 0
12657 2
12658 2
12663 2
4473 1
4474 0
4475 0
4477 0
12671 0
12672 3
12674 3
17131 1
4484 1
4485 2
12679 2
12681 0
15767 1
12686 2
4495 1
4496 1
15768 1
4498 2
4499 0
4503 2
12696 1
4505 0
12698 2
751 3
4508 2
4510 1
4511 1
12704 1
4518 1
12711 2
12712 3
12715 2
12717 1
4526 2
3485 1
4529 2
13043 2
4532 1
12725 0
12727 1
4536 0
4537 2
4538 2
4539 1
12732 1
4541 0
4542 1
12737 1
12739 2
12740 0
7585 2
4552 1
4553 2
12747 2
12748 2
4557 1
4560 0
4561 3
12754 2
12755 0
4566 2
4570 1
4571 0
12764 0
12765 2
4574 3
7589 0
8955 1
4580 1
12774 1
4583 1
4584 0
12780 1
4590 0
4591 0
12786 0
4595 1
12790 0
12792 1
18516 2
12794 3
12795 0
12796 0
4605 2
6229 1
1790 2
4610 1
4611 2
12804 1
4614 0
4865 1
14611 1
12809 1
4620 0
4621 2
12815 3
18703 2
10328 2
4626 2
771 1
12820 2
4629 0
4632 2
12826 2
12827 1
12828 0
427 2
12832 1
4641 2
15703 1
16992 2
4645 0
12839 0
12840 1
12841 1
12843 1
4652 3
4653 0
4654 1
12847 2
4656 1
12849 0
12850 2
4659 2
12852 2
4662 0
12856 2
4665 2
4666 0
4667 2
12861 2
12862 2
4671 0
4672 2
6240 0
4674 1
12868 2
12870 1
6241 1
12872 2
4682 2
4683 0
12876 2
4688 1
12882 2
16523 2
4693 2
4697 1
4698 2
4699 1
4703 3
4705 1
12898 1
11707 2
4708 1
4709 1
4710 1
12904 2
4713 0
12906 2
12909 2
4719 0
12912 3
4721 2
12914 2
4724 2
4726 1
12919 1
12920 1
4729 2
12924 2
4733 2
17173 1
11712 2
12930 2
4741 1
4742 1
4744 1
4748 1
4752 1
12945 2
4754 2
4755 1
4757 2
8069 2
6255 2
12956 2
12957 1
12958 0
12960 2
12961 2
12963 1
12964 2
4773 2
12968 1
12971 1
4780 0
4784 1
12977 2
4786 3
4788 3
12981 1
4790 1
12984 2
4794 2
12987 1
4796 2
4797 2
4799 1
8992 3
4805 1
12998 1
4807 1
4808 1
4809 2
13002 1
4811 3
13004 2
4813 1
4814 2
4816 1
13010 0
13017 1
4826 1
4827 1
13023 2
13024 2
13027 0
13028 0
4837 2
13030 2
4839 0
17191 0
13038 1
4848 1
13041 2
13042 2
4851 2
13045 1
4854 0
4855 2
4856 1
4860 2
4863 1
4864 3
18560 3
7527 3
13060 0
13062 0
4871 0
4872 2
13100 1
4875 0
813 1
8073 2
13074 0
13077 2
13078 0
12165 1
4890 2
4894 0
4897 2
13092 1
13093 1
4902 0
4904 0
8325 2
4908 1
4911 2
13106 2
13107 0
4918 2
2185 2
13112 1
7647 0
14474 3
13123 2
13124 3
4934 1
11745 2
4937 2
17207 3
13133 2
7651 2
13142 1
13147 1
13150 3
4959 0
13153 2
13154 2
9019 1
13156 0
6712 2
13168 2
4979 1
4981 2
8622 2
4986 2
4988 0
18581 2
13184 1
13563 2
4997 2
1803 0
11896 1
13195 0
712 2
5005 3
13198 1
13199 1
10392 2
13204 2
13208 2
13209 2
13210 2
15855 1
13213 0
13216 0
5025 2
13220 2
13221 3
5030 2
18588 2
4935 0
13229 2
5038 0
13237 1
9033 1
13240 2
11764 2
5051 3
13244 2
13245 2
5054 1
5057 3
13252 0
15862 2
13256 1
13259 2
6306 1
17229 3
13266 1
13267 2
5076 1
13271 1
13272 0
5081 0
5082 2
13275 2
13276 2
5086 1
5088 1
13282 2
13283 2
13285 2
13290 1
5099 1
13293 1
5102 2
13295 1
13139 0
13300 2
13301 2
13303 2
13307 1
5118 0
17237 2
5121 2
5122 2
5123 2
13317 0
5126 0
13319 0
13320 2
10412 2
13322 2
13323 2
13324 2
13329 2
13332 2
6318 0
13334 0
5143 1
5144 2
5145 2
5146 0
17242 2
5151 0
13345 3
13349 0
13352 0
13353 0
5162 2
5166 1
17245 1
13360 2
5169 1
2627 2
5171 1
13364 3
13365 1
13366 0
13370 0
13371 3
13376 3
5186 0
12175 2
10422 2
5191 2
13384 2
13385 1
12448 1
5196 2
1264 3
7693 2
13394 0
15886 0
13401 2
13405 2
5214 2
5216 0
13413 2
13414 2
10428 0
9063 1
15177 2
6619 2
5357 1
873 1
5240 0
2239 2
5244 0
1726 2
5246 0
5247 2
9863 2
13443 1
13446 3
5255 0
13449 2
13451 1
13455 3
13458 0
13464 3
5274 0
879 2
14633 0
5283 2
5284 0
13477 2
5292 2
13485 2
5295 1
13489 0
5632 1
13496 2
5306 1
15903 2
13501 1
5313 2
5314 1
5317 0
5318 0
13512 1
5322 2
13519 2
13520 2
889 0
13529 1
5338 0
5339 1
5340 2
5345 2
13729 1
5349 2
5353 3
7039 1
2258 2
12999 1
5360 1
5361 2
5362 2
13556 0
5367 2
5368 0
5369 2
4991 1
5372 2
5373 1
5374 1
5659 0
9999 2
4992 1
5378 2
13572 2
13573 2
4403 2
13578 2
5388 2
5389 2
13583 2
13586 0
5401 2
13596 2
18729 0
13600 1
13602 2
13603 0
13607 2
13608 2
13610 1
9095 2
5421 2
5422 2
10819 2
11827 0
18654 0
13193 2
5432 0
5433 0
18655 2
5436 3
5444 2
9478 2
13638 2
13640 1
13196 0
13644 3
13647 2
2275 2
910 1
11093 0
5463 1
911 2
13660 3
14565 1
912 3
13666 0
18662 2
5481 0
10471 1
13676 0
8438 2
13681 3
5490 1
5491 2
5493 2
5495 3
5496 2
5497 2
13695 2
5504 0
13697 2
5508 2
13702 2
6380 0
13707 2
13708 3
13710 2
5521 2
13718 2
1275 0
13720 2
5529 1
2287 2
13724 3
5018 1
13727 1
6384 0
5539 1
13732 2
14369 2
13734 1
13278 2
9116 1
5549 3
6914 2
5553 2
13747 1
5556 1
185 2
13754 2
5564 1
13757 0
13758 0
5567 2
13760 2
5024 2
3659 0
5574 2
13768 3
3660 3
5579 2
5580 1
5581 2
5583 2
5587 1
5588 3
5589 3
13782 2
13784 1
5593 0
13786 0
5598 0
5600 0
13222 3
5609 2
5611 1
5612 2
16145 0
5619 1
13814 3
11860 1
5627 1
5630 2
13824 0
13825 0
13828 1
5637 1
5638 0
5639 2
5642 0
5644 3
2306 1
13841 0
4573 1
13845 1
5371 1
5657 1
13851 0
13852 2
5661 1
5664 2
3675 1
5669 1
5670 1
13865 2
13867 2
13873 2
17331 1
13876 0
5685 2
5686 2
5687 2
11871 2
13884 2
13892 3
9142 0
13895 0
13898 3
9143 1
13900 0
13902 0
5712 0
11875 0
13908 1
5718 0
13911 2
3191 2
13918 1
11877 2
4457 2
13921 1
13922 1
13927 1
5736 2
17340 0
13930 1
14610 0
5053 0
5745 2
13938 2
2323 0
1828 2
18708 2
5758 2
2325 0
17345 0
5769 0
5771 1
13965 0
5776 2
5777 2
11922 1
2329 2
13978 2
5787 0
18714 1
17349 0
13986 2
18715 3
13988 0
13989 0
13990 0
13992 0
13993 2
13995 2
5804 1
13997 0
13998 1
10525 0
5064 2
5810 0
5811 2
5813 2
5814 2
5819 1
5822 1
5823 2
5824 2
5067 2
14023 1
3703 2
5839 2
5840 0
5841 1
5843 2
14036 1
5847 0
14040 1
14041 2
14042 2
5851 3
5854 2
14049 1
5858 2
5859 2
5860 2
5863 2
5865 1
14059 1
14065 0
14066 3
14068 0
5879 2
5881 2
14078 1
6443 2
14084 1
5894 0
5895 2
5079 3
7810 1
5903 2
8168 2
5907 2
5909 3
14103 1
16291 2
5922 0
1561 2
5925 2
14120 2
5930 2
14123 1
14126 2
14127 2
14128 2
14130 1
14131 1
14132 3
14133 2
11913 1
14138 1
14139 1
6472 0
10291 1
7819 3
8991 2
14150 1
8109 2
14155 3
5090 3
14161 1
5091 2
7822 1
14166 2
5975 3
14171 0
5980 3
10554 2
5982 2
5983 0
10555 0
5990 0
8110 2
18203 2
18748 2
14186 2
9446 1
14189 0
14190 2
18749 1
6004 0
6462 0
14198 3
760 1
6013 2
6015 0
6016 2
18752 0
6018 1
14212 2
6021 2
6022 2
14216 2
6025 2
6026 2
14219 0
14221 0
14227 1
17390 1
8930 2
6044 3
6045 1
14239 0
14240 1
14241 2
14243 1
14245 1
6055 1
6057 2
6059 1
14256 1
10568 1
14258 2
14259 1
6068 2
14262 2
6073 2
14271 0
14274 2
14278 2
14281 2
14287 1
6097 3
6105 1
6107 2
6108 2
6109 1
14302 2
14304 0
14305 0
14306 1
14307 2
14312 2
1022 2
13570 3
6128 2
14322 2
14323 2
6132 2
6133 1
18772 1
6138 0
14331 2
6140 2
14333 3
14334 0
14335 2
15753 0
14662 2
6151 2
6154 2
14347 2
6158 2
6159 2
9219 1
6164 2
14359 1
14360 1
6171 1
14364 1
14365 3
6174 2
14367 1
6176 1
6177 1
14371 1
6182 0
14375 0
14376 2
1032 1
14386 2
8497 1
6196 2
6197 1
6200 1
6201 2
6206 2
6207 2
2116 2
6209 2
14408 2
14412 2
14414 2
9229 1
6225 2
6227 2
14420 2
9230 0
14422 3
6231 2
9482 0
9231 2
6236 0
9981 2
14431 1
14432 3
14433 2
6244 2
14437 2
14439 2
14440 0
6251 2
14444 2
14447 0
6256 2
6259 0
6260 1
14453 0
14454 2
6266 2
6267 2
6268 0
6270 2
14463 1
1027 0
14465 1
14467 1
6282 2
14477 0
6286 3
14482 2
16067 2
14484 3
6293 1
13337 2
14490 2
6304 1
14498 2
1301 2
14501 0
14502 1
14503 2
14504 2
11826 2
14509 2
14510 2
483 2
14512 1
3784 2
6322 3
6332 2
17396 2
2421 1
10031 2
14530 0
7883 0
17669 2
14533 2
14535 1
14538 2
2939 2
6349 2
1848 3
14546 0
6355 3
6357 2
14550 1
6363 2
14556 2
6367 2
2427 2
6373 1
6374 1
14571 2
14572 0
6383 1
14576 0
6385 2
6386 1
14580 3
14581 1
14586 2
6398 3
14591 2
6404 0
6407 2
6411 1
14604 2
6414 2
14607 2
6418 0
18428 2
6422 1
6424 0
14617 2
6427 2
11398 2
1843 0
14624 1
6436 1
6440 1
16092 2
14634 0
14635 0
6445 1
6446 2
17127 0
6448 1
14644 1
14645 1
14646 1
14649 2
14651 2
12763 2
6465 0
11672 2
14661 2
6470 3
14664 1
6473 2
14666 2
6478 3
6479 0
14675 2
6485 0
14679 0
6488 2
14681 2
17674 2
6495 0
17947 1
6497 0
14690 2
5179 0
3814 1
9491 0
14699 0
6828 1
16104 0
6514 1
2672 2
6522 2
14715 2
17948 2
6527 1
14724 2
6534 0
14728 3
4582 2
14743 2
9282 3
14736 2
14737 2
10649 2
6553 0
14746 2
14753 2
14761 1
6573 0
6576 2
6577 1
14772 1
14773 0
12767 3
10312 2
14777 2
6588 1
14781 0
14782 2
6591 2
13387 1
14791 2
6600 0
14793 1
14795 1
6604 2
14797 1
14800 2
14803 2
14804 2
14805 2
6616 1
6617 2
14811 2
10586 0
6621 2
1857 2
18853 2
6626 3
14820 2
6631 2
14825 2
14829 2
14832 0
2472 2
6642 3
1107 1
14838 1
6647 2
6648 2
9300 1
6653 1
3222 1
14848 1
14849 2
6658 1
14851 2
14852 1
14858 2
6675 3
6679 2
4314 1
6683 2
14876 2
14878 2
14879 2
2132 0
6689 2
6690 1
17499 2
6692 2
14886 1
14887 0
14888 2
6697 2
6701 1
6702 1
6703 1
6704 1
6705 0
6707 1
6708 1
6709 0
14904 2
10676 0
14913 2
14914 2
6723 1
6724 2
6725 0
12499 1
14921 1
14925 2
14927 1
14929 1
14934 2
6747 2
14940 0
14942 3
9317 0
6752 2
14945 1
2407 1
14949 0
14950 2
6759 2
14952 1
9319 2
14957 1
6770 2
6771 3
1862 3
7410 2
14966 0
6775 0
17121 2
14972 2
17514 2
17411 1
14979 3
6788 1
14981 1
6793 0
6794 2
14988 1
6797 2
6798 1
6801 1
6803 1
14996 2
6806 0
6808 0
6809 0
15004 2
15005 1
15009 2
11011 0
5137 1
15017 1
15020 0
1138 2
15022 2
14792 2
17523 2
6836 1
6837 1
6005 1
6840 2
6842 3
6843 2
6845 0
15041 2
15042 2
15043 2
15044 1
6853 0
6855 1
15051 2
6860 1
6863 0
6865 0
2510 0
18505 2
6871 0
6872 2
15066 2
15067 2
15068 2
6877 0
15070 2
15072 0
6881 2
15074 0
15075 2
15077 0
15078 2
6887 1
15080 2
6890 1
7975 2
6892 2
15085 2
6898 1
15093 3
15094 2
6905 1
9343 2
6908 2
6909 1
6910 2
2517 0
6912 2
15105 1
15106 1
15107 1
6916 0
15109 1
9232 2
6920 2
15114 2
15115 3
6925 0
15118 1
15119 0
15120 0
14808 2
6931 2
15126 1
14809 2
15128 0
6939 2
2522 3
6942 1
15135 2
15136 1
15137 3
6946 2
15139 2
15140 0
15143 2
15144 0
15145 0
6955 0
6957 1
2525 1
6961 1
15156 3
6965 2
15160 1
15162 1
15165 0
10325 1
16181 1
6977 0
6978 0
6980 1
14417 0
15175 1
6984 1
4831 1
6993 2
15186 1
9358 1
3047 0
15192 0
15194 2
7004 2
7006 2
15200 0
1168 3
15205 0
15206 0
15207 3
7016 2
15209 1
15212 3
9781 1
7022 3
7023 1
7024 2
15217 2
17692 3
6633 0
15225 1
15227 3
15228 0
15229 2
15231 0
15235 1
7044 3
17147 0
15241 2
15243 1
7052 1
15245 2
2417 1
7056 2
5272 0
15250 3
9290 3
7063 0
7064 2
8004 2
15258 1
7067 0
7069 0
9867 0
15264 2
7076 1
15270 0
17564 2
7082 0
15277 1
15279 2
7089 2
15284 1
7093 0
15286 1
16201 1
7096 2
7097 2
7099 3
7103 2
7104 0
7105 1
7110 2
15303 2
7112 1
7113 1
7114 2
7115 0
7116 1
9378 2
7120 2
7123 2
15316 1
15318 2
15321 1
7130 0
15323 2
7132 0
7133 2
15329 2
7138 0
7139 0
15333 2
15334 1
7143 0
15339 3
14845 0
15344 3
15345 0
7158 2
7164 2
7166 3
17151 2
15362 2
17579 3
17942 0
6657 1
7176 1
15371 2
5293 2
15376 3
7185 2
7186 3
10755 0
15380 1
15381 2
15383 2
15384 0
9392 0
7202 0
7203 2
7205 1
5297 0
7208 2
8028 3
7214 2
15409 2
7221 0
9656 1
15417 2
7228 1
7229 0
7231 0
15426 1
15428 2
7238 2
7241 1
15440 1
15445 2
7260 2
17594 1
7264 2
15457 2
15461 0
7280 0
15473 0
15474 0
7283 0
15478 2
17155 1
15482 1
15485 3
7294 0
7295 2
15490 1
12139 2
15493 2
15494 3
15497 0
7306 2
5886 2
15500 2
13064 3
15503 2
15505 0
15506 1
15509 1
15510 2
17604 0
15516 2
15519 1
15522 1
7332 2
15525 2
15526 1
10337 2
16884 1
15534 0
15539 0
7349 2
10783 3
15550 0
15552 1
7362 1
14157 2
7367 2
15562 0
15563 0
15565 1
7374 3
17613 0
12152 1
14883 1
15574 0
14884 2
7386 1
15579 2
7388 2
3962 0
15582 0
7391 1
15584 2
246 0
7394 2
15589 2
15594 3
7403 1
7405 2
8061 0
7408 2
15602 2
1235 2
9428 2
15613 1
7424 3
15617 2
15816 2
15632 2
7441 0
7442 2
15637 2
7447 2
15641 0
7450 2
7452 2
15645 3
15647 1
15649 3
7461 1
15654 2
15655 2
15657 2
10802 0
8233 1
14899 1
15669 1
15670 3
15671 0
7480 1
8978 1
15676 0
15677 1
7489 2
15684 0
6131 0
11452 2
15695 0
15697 0
7506 2
17635 0
15701 0
7510 0
2617 1
7512 0
15706 1
15707 1
7516 2
13541 2
15712 0
15714 1
15715 2
15717 0
15719 1
7529 2
15722 2
15723 0
7532 2
15725 0
7534 2
7535 0
17640 1
11435 2
13545 3
7544 2
10344 1
15741 1
15744 2
1888 2
15746 0
15747 1
15748 2
15750 0
2625 0
7561 2
15755 0
15758 2
15759 3
15760 0
15761 2
7571 1
15764 0
7575 2
7576 2
7579 1
7580 2
15775 0
15776 2
15777 2
15781 1
7593 2
7594 3
15788 1
15789 0
15790 0
16061 1
15796 3
15798 1
7609 2
12191 0
7612 1
15807 2
7617 1
7618 0
7620 2
17654 3
4001 1
7624 3
15818 2
13559 2
15823 0
15824 2
15825 0
7634 2
8099 3
15830 3
15834 1
7645 0
15839 1
7649 2
15842 0
15843 0
7654 1
15850 2
15852 2
15854 1
1277 1
7667 1
7670 3
15864 0
15868 2
15871 1
15872 3
13568 3
18348 1
17666 2
7694 1
7695 2
3379 1
7699 2
12206 1
15894 1
15898 2
15899 1
15900 2
15901 1
15902 1
9477 2
15906 2
15908 1
15909 0
15915 1
7724 3
7728 2
16307 0
10846 2
13577 1
15930 2
6751 0
18534 2
16309 1
7744 3
7747 2
1579 2
17676 0
8119 0
7758 1
15951 0
15954 1
7766 1
15959 1
15961 1
15962 0
15963 2
7772 1
15966 2
15967 0
14989 0
15971 2
7781 2
15979 1
7789 2
7790 1
15983 2
15984 0
7795 0
7796 3
4198 0
15992 0
15993 1
15994 2
7804 1
15999 1
16000 2
16001 0
16002 2
16003 2
16006 1
16008 0
17687 1
16014 2
16015 1
5716 0
7825 0
16018 1
4471 1
16021 0
16025 1
16026 2
8717 2
7839 2
16032 1
7841 3
16034 2
16036 1
4038 0
16038 2
16039 2
16041 1
7852 3
16046 0
16049 1
7858 2
7860 0
16056 1
7865 2
7867 1
16060 2
7869 2
16064 2
16066 1
7875 1
16069 2
16071 0
16073 1
16075 1
16079 2
7890 2
14237 0
16087 2
16088 1
7897 2
7898 0
16091 2
7900 2
7901 0
7905 0
7906 2
7908 0
7912 0
16105 0
16107 0
9538 0
16110 2
7919 0
7921 3
16114 2
16115 2
16117 2
7927 1
16123 1
16125 2
3131 0
16341 0
7936 2
16129 1
16132 0
8292 2
7945 2
16138 2
16143 2
7952 0
8152 3
6787 0
7957 0
7960 0
7961 2
16157 2
16158 3
16159 0
17996 1
16164 1
7973 0
16167 0
12252 2
16176 0
7986 2
17715 0
7989 2
16183 2
15308 1
16186 2
16189 0
7998 3
16191 1
8000 0
8001 1
16196 1
15815 1
8009 2
8011 1
8014 2
16207 0
8017 3
16213 0
16218 2
16220 2
8029 3
8033 3
1339 3
8036 1
12262 2
14993 0
9532 3
8042 0
16235 1
16238 3
16240 1
16362 2
16243 1
16245 1
8054 2
16247 0
8059 3
541 2
16253 2
10901 2
16261 1
16262 1
16263 2
8072 1
16265 1
16266 2
8076 2
16269 2
10904 3
16276 1
8085 2
16279 0
16281 1
542 2
8094 0
8096 2
8097 1
8098 1
2715 2
16292 0
8101 1
16295 1
16297 0
16301 1
16302 1
16304 2
15273 0
8115 2
8117 2
1353 0
8121 0
14955 2
1354 1
16321 0
1355 1
16325 0
6817 1
16331 1
8142 3
17741 2
12819 1
16337 2
16339 0
8149 2
16342 2
16343 1
16344 2
2724 1
8156 1
8455 0
16093 2
16356 0
8165 2
16358 2
16360 1
8170 2
8172 1
16365 1
16369 0
8178 0
1363 2
16372 1
545 2
8182 2
16376 2
16379 2
9929 2
8190 2
