8192 2
16385 2
16386 2
16387 2
2455 2
8198 2
16392 3
16393 2
8202 0
16397 1
14185 1
8210 0
546 1
8212 0
8213 1
8214 1
1369 2
8219 2
16412 0
29 0
16414 2
16415 2
33 0
8226 2
8227 2
8228 2
37 0
16422 2
16423 0
8234 2
16428 0
16429 2
16430 2
1373 3
8240 0
16433 2
16438 3
16439 1
16441 2
16442 2
16445 2
62 2
16447 2
64 1
16450 0
16452 1
69 1
9569 2
16456 2
73 2
8266 2
16459 2
16461 2
8270 0
81 0
82 3
5947 0
8276 1
16469 1
8278 2
88 2
8283 1
16476 2
93 3
16478 1
6843 2
16484 1
8295 2
12603 3
17767 1
108 2
16494 0
18768 0
9551 1
17189 3
6005 1
8312 1
122 3
17770 3
126 2
21 0
8320 0
129 3
16515 2
16516 1
133 2
134 0
13676 0
16522 1
16523 2
6850 1
8335 0
144 2
6851 1
148 1
8358 0
151 1
16538 0
16540 2
16541 0
8351 1
16544 3
8353 1
18811 1
164 0
16550 1
4124 2
10951 0
8221 0
8368 1
177 1
178 0
8371 2
16566 3
183 2
16568 1
185 2
187 1
16572 3
190 3
8383 2
8386 2
6859 1
18363 1
8391 2
200 0
201 1
202 2
203 0
825 2
206 3
208 2
209 2
16594 2
16595 3
17589 0
18714 1
8406 1
8407 2
218 3
6863 0
220 2
221 3
223 2
8416 0
8418 2
9595 2
8420 2
16614 0
8191 0
232 1
233 2
8426 2
8427 2
16620 3
8430 2
16623 3
8432 1
16626 2
8435 3
16628 0
246 0
8439 2
16632 2
9599 0
16636 2
16637 3
254 0
8447 0
16640 1
8449 2
11131 1
261 2
16646 1
16647 0
8458 1
8459 2
8460 2
8461 3
271 2
274 2
8468 0
8469 2
16663 2
281 3
8474 3
16431 2
284 1
8478 0
8479 0
8480 1
289 2
8483 0
8485 2
8486 2
8241 2
296 0
15068 2
8491 3
16684 2
303 2
8496 2
305 2
1255 0
16691 2
16695 2
283 3
313 1
16650 0
315 1
16701 2
16702 3
319 2
320 3
16705 1
8514 1
324 1
8517 1
16711 0
16713 0
330 0
8524 2
8525 2
16718 1
16719 2
16720 2
4152 2
8530 3
6883 3
340 1
16725 1
342 2
8535 2
16728 1
5467 0
16731 0
348 1
16733 2
8543 3
354 2
16741 2
16742 1
16743 2
16744 2
16745 0
362 1
15079 3
8556 1
16509 1
8558 2
16752 2
8561 0
8562 1
371 0
8564 2
8565 3
374 2
378 3
8571 0
16764 3
16765 2
16767 3
384 1
8577 1
8578 2
387 0
3985 2
5526 0
16774 1
392 1
394 2
397 3
8593 0
16786 1
16789 3
16790 1
408 0
68 2
410 2
411 2
8604 2
8261 2
8608 1
8609 2
8610 1
8611 2
420 1
16806 1
16807 1
8616 2
8617 0
16811 2
428 2
8621 0
8453 3
1437 3
8264 0
4106 2
16819 2
436 2
16821 1
438 0
8632 2
16825 1
9631 1
444 2
74 0
446 2
15093 3
8640 0
16833 2
450 1
8643 1
454 2
455 1
16840 0
16841 2
458 3
459 0
11787 1
461 2
8655 2
464 2
466 3
16851 2
468 0
469 1
16854 2
16856 2
8665 2
4175 2
477 2
8671 3
16865 0
482 1
6907 2
8676 0
8679 2
488 2
491 0
16876 3
16877 3
8687 2
16880 0
1150 2
16882 3
8691 2
6910 2
8200 0
13737 2
504 3
16889 2
506 1
8473 2
16893 2
512 1
16897 2
8706 3
8708 2
517 0
16902 2
8711 0
8713 1
8714 1
8715 0
16908 1
16909 1
526 0
8719 3
528 2
563 2
6915 1
532 3
533 0
8728 2
538 0
16923 2
8732 1
541 2
542 2
16928 2
16929 2
16930 2
548 1
551 1
553 1
8746 2
16939 1
8749 2
558 1
8285 1
6920 2
16946 2
5747 0
8756 2
16950 2
8759 1
568 0
7205 1
8762 1
572 0
6922 1
8767 0
577 1
16962 2
8771 3
8773 2
3023 0
8775 0
585 2
15931 0
16971 1
8780 1
590 1
591 1
8785 0
8788 2
4657 1
1465 2
8793 1
603 1
8796 0
13754 2
606 0
14243 1
8800 1
609 2
8802 1
8803 0
8804 1
16997 2
8806 0
617 0
618 1
8812 2
622 0
3441 1
17008 2
8817 1
12494 2
629 1
630 0
632 0
11205 0
17019 1
636 2
17021 0
638 0
17023 1
8834 2
17027 2
17028 0
17030 1
9665 2
8841 2
8842 2
17035 2
17036 2
17037 2
654 0
17040 1
15128 0
17042 2
17044 0
17045 0
17046 1
6937 0
17048 3
17049 1
8858 2
667 2
17052 2
669 2
17054 1
17055 2
9024 2
673 2
8866 0
6939 2
17061 2
17062 0
679 0
680 0
17065 0
17067 1
114 0
6442 1
17071 2
17072 2
8881 2
17074 1
8883 0
8884 2
15134 1
17078 2
17080 2
17083 1
701 2
8895 3
339 3
17089 0
8898 1
17091 0
708 2
8902 2
8903 0
17096 1
8905 2
8906 2
17099 2
10935 0
8910 2
8911 1
8912 3
17105 0
8914 2
15139 2
725 1
726 2
8919 2
8921 2
730 2
17115 2
17116 1
17119 0
737 2
738 2
17124 0
741 2
742 0
8935 2
744 2
8938 2
17132 1
749 0
6026 2
4221 2
8945 2
8946 0
8948 2
17141 2
758 2
8952 2
8953 1
763 0
764 2
766 1
8959 0
8352 1
16590 3
8962 3
771 1
17156 2
5590 3
774 1
4225 2
13153 2
17163 0
780 2
8974 2
17167 2
17168 2
786 0
787 2
8981 2
790 2
8984 1
132 2
10043 1
17180 2
17181 2
8990 2
8991 2
17184 1
801 2
9691 3
17188 2
16518 2
8999 0
808 2
17193 2
12424 2
16394 1
17203 2
9012 3
17205 1
17206 1
17207 3
17209 1
9018 2
9019 1
829 1
6965 2
17216 1
17217 2
17218 1
8331 2
17220 1
837 0
9033 1
17227 1
844 2
17231 0
17232 1
17233 2
9042 2
17235 0
852 2
17237 2
17239 1
856 0
17242 2
16527 2
860 3
861 2
862 0
17248 1
9057 1
9058 3
17252 2
9849 0
9065 2
874 3
9067 2
17260 2
9070 2
879 2
17265 2
17266 0
9075 2
17268 1
15166 0
9079 1
888 2
889 0
9082 2
17276 0
894 2
9087 3
17280 1
898 2
17283 0
900 1
9093 1
903 0
12439 0
17292 1
11074 2
911 2
17296 3
9105 0
9106 0
9107 0
17300 1
9109 3
918 0
9111 2
9112 2
6980 1
17306 2
5615 3
17308 2
9117 2
17310 1
11077 1
928 1
17313 2
2886 0
9127 2
9129 2
938 1
17325 1
1370 2
12445 2
9136 2
9138 0
17331 1
9140 2
9142 0
952 1
17337 0
159 2
17340 0
17342 2
9151 0
961 1
9154 2
9157 3
9159 0
9162 1
9164 0
16672 0
661 1
9307 2
163 2
17365 0
17367 1
17368 1
16548 0
9178 1
17371 0
9184 2
17379 2
18078 2
17381 2
17384 0
1002 0
1004 0
9201 0
17395 2
17396 2
10154 0
17399 2
9209 1
17402 1
17403 1
9213 3
1022 2
17407 2
9216 0
9218 2
16555 3
1028 1
17414 0
9223 1
9224 1
17417 1
11087 2
17419 1
9229 1
1038 0
1040 0
11096 2
17426 2
9237 2
17430 2
17431 3
17432 2
9241 2
17435 3
7002 2
5637 1
17440 2
1057 0
17442 3
17444 3
1063 2
2908 0
17450 1
1067 2
1070 1
1071 1
9264 1
1073 3
1075 0
17460 1
9269 2
9270 2
1081 0
9274 2
17467 2
17468 1
9278 1
17472 0
1089 3
17474 2
17475 0
17476 0
17477 1
9286 0
17479 0
17480 2
9290 3
9292 1
2914 1
8220 0
17487 2
17488 2
8376 3
1107 1
9300 1
17934 2
9302 2
17495 1
9304 2
1115 1
9308 1
4282 0
9310 0
1119 2
17504 2
17505 0
9039 1
15994 2
17509 2
17510 2
17511 1
17512 1
17513 2
9322 1
17515 3
17516 2
9325 0
9326 0
17519 2
17520 1
15208 2
1138 2
9332 2
17525 1
1142 3
1144 2
1147 2
17532 2
9341 2
17534 2
9343 2
17537 0
1154 2
17539 3
1156 3
17541 1
17542 1
9351 3
17544 2
17546 2
1163 2
9356 3
17549 1
7912 0
17551 2
17552 1
17553 2
17554 2
17555 3
17556 2
1174 2
17559 2
17561 2
10132 1
17564 2
6586 0
9376 0
17569 2
1186 0
17571 1
1189 2
17574 1
1191 3
17576 1
17577 1
9386 2
1195 0
8955 1
17581 1
9446 1
17584 3
1201 0
17587 0
4536 0
9397 2
8393 2
9400 0
17594 1
1211 3
17597 1
17598 2
9407 0
9409 1
1218 2
9412 1
1221 2
9415 1
9416 1
17609 1
17610 2
17612 2
17613 0
17616 0
17466 0
17499 2
9427 2
17620 0
9429 1
1239 0
1240 0
1241 2
17626 1
17628 2
1245 0
7952 0
17631 0
17632 1
8400 0
17634 1
1251 1
17636 1
17637 0
17638 0
9447 1
17640 1
1257 0
17642 1
1260 0
8402 2
17647 2
1264 3
9457 2
17650 1
17651 0
17652 1
9461 2
17654 3
1272 3
1273 2
9466 0
9467 2
17660 2
1277 1
17662 2
1279 0
17664 0
1282 0
13867 2
17669 2
17670 0
9479 2
17673 2
17674 2
9483 3
9484 1
7408 2
9486 3
12591 1
9491 0
9492 2
9493 1
9494 1
1303 1
1304 2
17689 2
17692 3
17693 3
17695 2
1312 0
9505 2
1314 1
17699 2
6228 2
9921 3
1322 2
1324 2
17710 2
8413 2
1328 0
1329 3
1331 1
17719 1
1336 2
1337 0
1338 1
17723 1
1340 2
1341 2
17726 2
17727 1
9536 0
9543 2
1353 0
17738 0
1355 1
1356 3
9549 2
17743 2
9554 2
9555 1
1364 3
9557 1
17753 0
17754 2
17755 0
17756 0
17757 1
9566 0
1375 2
1377 2
17762 2
1381 2
1383 2
6774 0
1385 3
9578 1
1387 1
9580 1
17774 1
9583 2
17777 0
9588 2
3047 0
9592 1
4411 3
17787 3
9596 0
9597 2
1407 2
1408 0
9601 2
13728 3
18596 1
9604 2
17797 3
9606 1
1415 2
17800 2
1418 0
9611 2
9612 0
10104 1
9615 2
16687 1
9618 0
17811 1
1428 0
17813 1
9623 2
9625 0
1436 1
9629 1
9630 2
1605 0
240 1
9634 1
13687 2
1444 2
9637 1
1446 2
9639 2
17832 3
17835 2
6829 1
8434 0
1454 2
7069 0
17840 2
17841 1
1458 2
1460 3
17849 2
17850 1
17851 1
17852 2
9662 2
7072 0
9667 3
1476 1
9669 2
7687 1
9673 1
1482 1
16631 0
9676 2
1486 0
17997 3
1488 1
9681 2
17875 0
1494 3
17879 0
9688 3
1499 3
16144 0
16635 0
7078 3
9702 2
17895 0
9704 3
17899 0
1521 3
17907 0
1524 1
9718 3
9720 1
17913 2
9722 2
18600 2
9724 1
4352 3
1538 2
1539 2
17924 0
17925 0
1542 2
16641 0
1545 2
17809 0
17932 0
12546 0
1550 3
15277 1
17937 2
17942 0
1559 0
17944 1
1561 2
1562 0
15279 2
17948 2
17949 2
15055 2
16645 1
17952 2
1416 3
17955 2
9765 0
17959 2
9768 2
9770 1
1579 2
9773 2
16965 0
1583 2
17968 0
4360 1
1586 2
17972 0
9781 1
1591 1
1592 3
17979 2
1596 2
266 2
9791 2
9792 2
11510 2
17987 0
9796 0
17989 1
9798 0
1608 1
9801 2
1610 1
17995 2
17996 1
9805 0
1614 1
3000 2
1619 2
18004 2
3001 2
9816 2
9828 1
9820 0
7098 2
18014 3
18015 2
1634 2
1636 0
9829 2
9830 2
9831 2
1640 2
1641 2
1639 2
12562 3
1646 0
873 1
18032 0
9832 0
14785 2
4371 2
1652 2
18037 1
1655 2
18041 0
9850 0
9852 0
1661 1
9854 1
12876 2
9857 0
1666 2
1643 1
18052 0
1671 1
18056 0
9865 3
1674 2
1677 0
18062 2
18605 2
9874 0
9876 0
18069 0
9878 3
18071 3
1688 0
16052 0
18076 0
9885 1
9886 0
1695 2
1648 1
18083 1
9892 0
9893 3
1702 2
1703 1
18089 1
18091 2
1708 3
1711 2
18096 2
18098 2
9907 2
18100 1
1717 2
18104 0
1722 0
18109 2
1726 2
18111 1
9920 0
288 3
9922 1
9925 2
9929 2
1738 2
18123 2
1740 0
6059 1
18126 0
15309 1
16675 0
18133 2
18134 2
1751 2
1755 1
1757 1
18142 1
18143 1
1760 0
1761 0
18146 0
1763 0
18148 0
1765 1
9960 0
18153 0
1771 1
18156 1
1773 1
18158 0
8488 2
1779 0
1423 2
1662 2
18166 0
18167 1
332 2
18169 1
1786 1
1789 2
1790 2
18175 1
18176 2
1793 0
18178 1
18179 1
18181 1
1800 0
18186 2
1803 0
18188 1
18050 3
6334 0
10000 0
10001 0
15321 1
18200 2
18201 1
18202 1
18203 2
10012 1
11226 2
1823 2
18209 0
11196 0
1827 2
10020 3
18214 2
1832 1
10025 1
18218 2
1835 1
18221 2
10030 2
10031 2
18224 0
18225 2
10034 1
10035 2
10036 2
18229 1
10038 2
1847 0
18232 2
10041 2
10042 0
18235 2
1852 1
10045 1
10046 2
10047 1
10048 2
7136 0
10050 1
18243 0
1861 0
1862 3
11233 1
10056 2
18250 2
1868 3
1869 0
18255 0
7139 0
18261 1
18264 1
13967 1
1884 0
18269 2
18271 0
10080 2
10081 3
12416 1
18275 1
10084 1
10085 1
18278 1
18279 1
10089 2
18282 1
1899 0
18284 1
1901 3
18287 1
1904 2
18289 0
10098 1
10099 2
9250 2
1909 0
1911 0
4428 1
10105 0
18298 2
11242 1
1918 2
1920 2
1921 2
18306 2
1923 2
1924 2
10117 1
1927 3
18312 1
10121 1
18316 1
12610 0
18320 0
16325 0
1939 1
18324 2
1213 1
1944 0
883 1
10140 2
10141 0
10143 1
10144 0
18337 0
10146 2
1958 0
3057 0
18344 2
1961 2
1962 3
1964 2
1965 2
10161 3
18354 0
1972 0
1973 0
18358 3
1975 1
18360 2
1978 0
1979 1
10172 2
1982 0
1983 2
10179 0
1988 2
15350 0
1992 2
10185 0
18378 1
10191 3
18384 2
18385 1
2002 0
18387 2
2004 0
4430 1
2006 1
3065 1
10200 2
18084 0
2010 1
9887 3
18397 1
18398 0
18085 1
2016 0
10209 0
11259 2
15289 3
10213 2
16721 1
10220 0
18414 3
18415 2
2032 0
18419 1
18420 2
18421 3
12628 1
18426 1
2043 1
18428 2
2047 2
18434 3
13995 2
2052 2
2053 0
2057 2
18443 2
18444 0
2061 3
18446 2
18451 0
10260 1
10261 2
10262 3
2072 2
18457 1
2074 1
18095 0
2076 2
2077 2
10270 3
18464 0
2083 2
2086 0
2088 2
10281 2
10282 2
18475 0
2092 2
10286 1
349 1
2097 3
2098 2
18483 2
2102 2
2103 2
5812 0
10298 2
10299 2
10302 0
2112 2
18497 0
10306 1
2116 2
10309 3
2118 1
10311 2
2121 0
2122 3
10317 1
10318 1
18511 3
2128 1
10321 0
10322 0
4451 3
18517 0
10326 0
10327 1
10328 2
15074 0
2138 2
3833 0
2140 0
9914 3
10335 2
887 2
10337 2
17854 0
18534 2
2151 0
2152 2
2153 2
359 3
18540 0
18541 0
2158 1
360 2
18546 3
18547 0
2164 2
18110 1
10358 2
8553 2
2169 0
2170 1
2171 0
10365 2
10366 2
10367 1
2176 2
10369 2
9347 1
5504 0
18567 3
13489 0
2185 2
18570 2
13439 1
18572 0
18574 2
365 2
10384 0
18579 2
18580 2
12654 0
2199 2
2200 1
2201 2
2202 2
2801 2
18590 0
2207 1
2208 3
10401 2
18594 2
2211 0
2212 1
2213 1
10406 0
10407 2
2216 1
892 2
18604 2
10413 0
5753 0
18609 0
712 2
10419 0
12267 0
15390 0
10422 2
18615 1
10426 1
10427 1
2236 2
2238 2
16757 0
9349 2
620 3
18626 3
18627 0
18628 2
18629 2
18631 0
18632 2
12663 2
16169 2
2254 2
14029 2
18640 1
10449 2
15395 0
18644 2
2261 1
2262 0
18647 2
10456 1
18649 0
18650 1
18651 1
18079 2
10461 2
18654 0
10463 2
2272 0
10467 2
2276 0
10470 2
14033 1
2280 1
18665 2
10475 1
2284 2
10477 2
10478 2
2287 2
16491 3
10483 0
17807 1
10485 1
10486 2
10487 0
18680 0
2297 2
18682 1
383 0
18686 1
2303 0
2304 0
18690 1
18692 2
17262 0
10502 2
2311 0
10505 2
7442 2
2315 2
18701 2
10510 0
7213 0
18704 1
10513 0
18706 2
16771 0
2324 2
10517 1
18710 2
10522 1
10523 2
2333 2
10527 3
10528 3
10530 1
18723 1
18724 0
390 1
2343 1
18732 2
18733 2
18734 2
18141 0
10544 0
2353 1
2355 2
10548 1
1758 3
11316 0
2362 2
14047 1
2364 2
15714 1
7221 0
2368 1
2371 2
18756 2
18759 1
18760 3
10573 1
10574 2
10575 1
10576 2
2385 2
18771 2
2388 2
18773 3
18775 1
2393 3
10586 0
18779 0
10589 2
10590 2
18785 3
18790 0
401 2
2410 2
10605 1
10607 1
17461 3
14265 2
10612 2
2421 1
18806 2
1769 2
18809 2
2426 1
2427 2
18812 2
10621 2
18814 2
18815 2
2433 1
2434 2
10628 2
18821 2
6355 3
2440 2
2441 2
4503 2
2444 1
10637 0
18832 1
8600 1
18839 2
10648 2
18841 2
10650 2
14063 1
16794 3
2462 2
11333 0
2465 1
10658 2
2467 0
10660 2
18853 2
2470 2
9969 2
2472 2
16796 3
2475 1
2476 0
18861 2
2478 3
10672 2
10674 1
2483 1
10676 0
1780 0
8539 1
4935 0
9903 1
2494 0
10689 3
2498 2
10693 2
2502 1
2503 0
1783 1
10702 2
9312 2
2514 1
15438 0
10714 1
10716 1
2525 1
10719 0
2530 0
10724 0
4518 1
10726 2
2535 2
2536 0
423 2
3154 3
10734 1
9981 2
2546 2
2547 1
10740 1
18174 2
10742 2
2551 0
2552 1
10745 0
1791 3
2556 1
3157 0
10752 2
10755 0
2565 0
4177 2
16812 2
6943 2
2571 1
16998 1
12717 1
2576 0
10771 1
2580 2
10773 1
2582 2
2583 3
2585 0
2586 1
2587 1
10780 0
10783 3
10784 0
10785 2
2594 2
2595 2
10789 2
919 0
2600 2
18348 1
10796 2
2605 0
10798 0
10799 1
10801 2
10802 0
2613 1
1178 0
10807 0
2616 1
10809 1
2619 2
10812 1
10813 0
2627 2
10820 3
10822 1
2631 1
2633 2
2634 2
10831 2
2640 2
16824 0
10838 1
10839 0
2648 3
2650 1
14095 2
10845 2
2655 2
10849 0
10850 1
10851 1
10852 2
2661 0
10855 1
10856 2
10857 0
9636 2
10860 1
2669 1
16829 1
10864 2
2673 1
10866 0
10867 1
10868 0
8638 1
10873 0
5272 0
8639 0
10877 0
17312 3
10884 0
17002 1
13384 2
18366 2
10890 3
10895 1
2707 0
2709 0
1109 3
2714 0
10907 1
10010 0
2722 1
10916 2
18204 2
2731 3
10925 1
2738 3
2739 2
2742 2
4553 2
18207 2
2749 3
10942 0
2751 0
2752 0
2754 2
2756 2
2758 2
2759 2
10953 0
2762 2
2763 0
2767 1
66 1
2772 2
2776 0
18212 1
2778 2
9367 0
10974 3
2784 0
16658 0
10982 0
2791 2
10985 0
2797 3
2798 0
10991 1
10993 3
2803 2
2804 2
2806 3
2807 3
14278 2
11003 0
11004 2
10026 2
16853 0
11005 1
2820 3
11015 2
11016 0
11020 2
4505 0
11026 0
2835 2
1838 2
16857 1
2840 0
11034 2
1839 2
11036 2
11038 2
2847 1
7187 0
11041 2
2850 2
2851 1
11045 2
2854 1
7460 2
11048 0
6855 1
2860 0
2862 2
10330 3
11056 0
11058 2
18227 2
3209 2
11065 2
4575 2
3143 2
11070 0
10037 2
2880 2
2278 2
2882 2
2883 0
2884 0
1187 2
11078 2
11081 1
11082 2
2891 2
13058 0
10040 3
483 2
13190 3
2903 2
2904 1
11097 1
17789 1
11099 2
11100 0
2909 1
2910 1
2256 0
2912 1
11106 1
7462 1
2917 0
11111 3
11112 1
2922 1
12775 0
11118 0
2927 2
2928 1
4584 0
2933 0
11127 1
11128 2
2937 2
2938 2
2939 2
11132 2
2942 2
2944 2
1856 2
11138 2
11140 1
11141 0
11142 1
1857 2
11144 1
8684 1
11146 3
1858 1
3099 0
11155 0
11158 2
11162 2
11164 0
2975 1
496 2
2979 2
2980 0
18246 2
11175 1
2984 2
10055 2
2988 0
18170 0
11183 2
2992 2
1864 1
2995 2
3790 2
11191 2
17285 0
11193 0
11194 2
11423 0
3004 0
5010 0
501 1
11201 0
3010 3
11557 2
3016 1
18252 1
3018 2
5556 1
3020 3
5965 2
8696 2
9648 2
11220 1
3030 1
8697 0
3033 0
3034 2
11229 2
11230 2
3237 1
3040 2
3041 1
11234 1
3043 3
3044 2
11239 2
3048 3
3049 2
3050 0
11431 2
3052 1
3053 2
509 3
3056 2
11249 3
3058 1
18259 1
3061 0
15529 0
13741 2
7549 2
3242 3
3071 1
3072 0
8704 0
3074 1
11268 2
11269 3
3079 2
11273 3
3082 2
16898 2
3087 2
921 2
14833 0
3093 3
11286 2
3098 1
11291 1
3100 0
18515 2
11295 2
3104 0
3105 1
11299 1
3110 2
3114 3
11307 2
14014 0
3119 2
8993 0
3122 3
3124 2
11317 3
17562 1
3129 3
1468 2
3132 1
11326 0
3253 1
11329 2
11330 1
3141 2
11334 2
11335 2
11336 2
524 2
11339 2
3149 3
4621 2
11344 2
11345 1
11346 2
10083 2
11348 1
11349 0
3160 0
3076 2
10332 1
3165 1
11358 0
11364 1
10086 2
11366 0
3175 3
3177 3
3178 1
11371 2
3181 3
18655 2
3183 2
3186 1
11379 3
15515 0
106 1
5993 3
9108 2
14186 2
11390 1
3199 3
11393 2
11395 0
11397 2
11398 2
3207 2
1900 2
11402 0
11458 2
3214 1
3215 2
536 3
11411 2
3222 1
3226 2
3228 3
3230 1
3231 1
11424 3
11425 2
8731 0
11429 0
11430 0
3239 0
3241 1
11434 2
3271 2
3244 0
2563 2
11441 3
1907 0
8805 2
16926 2
11450 2
11451 1
11452 2
3261 1
3262 1
3263 2
3264 0
11457 2
3266 0
11461 1
11463 1
3276 1
11469 2
3280 2
11473 1
3282 0
3285 1
11478 3
1913 2
3288 2
3290 3
9384 3
11484 1
3296 0
9657 0
11492 2
16716 0
3306 0
3310 2
11503 0
11504 3
12840 1
11507 0
3316 0
17271 2
16937 2
3320 2
11514 2
3323 2
3324 2
16938 0
11518 2
3327 0
11521 1
555 2
3333 1
3334 1
14209 0
11479 3
3345 2
6060 0
1386 3
11540 2
3349 2
3353 1
3354 2
11547 2
3358 0
3360 1
11553 2
11554 1
3363 1
1270 0
3365 2
8533 3
18735 0
3369 2
11565 1
3375 2
11568 2
3377 2
3378 1
3379 1
3380 1
7390 0
3386 3
3387 1
11580 1
11581 2
3390 0
3393 1
11586 0
3395 1
11588 1
3397 0
15040 1
11593 3
3402 3
3406 1
10125 1
3412 2
3416 0
11609 2
11610 2
3419 2
11612 3
3422 1
3423 1
3425 2
12025 0
11620 1
3430 3
3433 3
3434 1
11629 0
18013 0
573 1
3440 1
11633 0
11636 1
3447 2
11641 2
12863 1
11644 1
3453 2
5129 2
4551 0
11652 2
11653 0
8769 1
16956 1
3465 1
11658 0
11660 1
12866 2
11662 2
11663 0
3472 2
3479 2
11672 2
11673 1
11674 0
11677 2
11678 0
3487 0
3488 2
3489 3
3490 2
1947 1
11684 2
5299 0
3313 2
11690 0
583 1
7410 2
14237 0
3504 2
3505 0
13935 1
8573 1
11704 2
11508 2
3515 1
3516 3
11709 1
3520 2
3521 2
11716 1
11717 2
588 1
18121 1
11731 2
11733 3
3542 0
11738 1
16975 1
11741 1
11742 0
11743 1
11744 2
11747 2
3556 0
16977 0
11516 1
1933 2
11755 1
3564 3
1442 2
11758 2
7421 0
11760 2
1960 1
7716 0
3572 1
3574 2
14249 0
15615 2
3580 0
11773 2
3582 2
12885 1
3585 2
3586 0
11779 0
10156 1
11786 1
3595 0
11790 3
11791 3
11792 2
11794 3
11795 3
3606 3
11800 2
120 3
13772 2
3611 3
3612 0
10654 1
11808 1
3621 2
3622 2
11815 1
1970 0
605 3
11824 1
11826 2
3636 3
11831 1
11832 1
11833 1
8799 2
11836 0
11838 2
17354 3
11840 0
11841 2
3650 2
11843 2
3652 0
10166 2
3655 1
5850 2
11849 0
11851 1
3661 2
3662 0
3663 0
11856 3
11857 0
3666 0
611 1
3671 2
11864 2
3674 2
3675 1
3677 2
11870 3
3679 2
11873 1
11874 1
3683 1
11877 2
11878 1
11879 2
3688 1
1980 0
3690 2
11884 2
11885 0
3694 1
11887 2
3347 0
9299 3
11893 2
3702 2
17001 0
15636 2
3708 3
3709 2
3710 0
3712 2
3713 2
3714 3
11909 2
11912 2
11913 1
11914 1
11916 0
3727 2
3728 2
3730 2
1987 1
11924 3
8814 2
3734 2
7449 2
18372 1
3740 0
3741 2
3745 2
3747 1
3748 3
3749 0
15644 1
3755 3
7453 1
18376 2
3764 1
3766 3
4724 2
9379 1
4162 0
3775 2
13173 2
3777 2
3778 0
3779 1
17014 1
3782 2
3784 2
3785 3
7458 1
16992 2
3791 2
3792 0
11987 3
10609 0
12921 2
3801 3
11997 0
11999 2
3400 0
3811 2
3813 0
12006 0
8828 1
3819 0
3821 2
3822 3
8830 0
10196 1
639 0
14293 0
12032 2
7467 2
12037 2
15131 1
4051 1
12949 2
8835 1
10201 1
12059 0
3869 0
4766 1
3871 0
12065 0
3874 3
3876 2
12069 1
15132 1
3879 2
3880 0
10207 2
12076 2
3885 2
12079 3
12082 0
15667 2
12084 1
12901 2
3897 0
15951 0
12091 2
3901 0
12100 2
18401 1
4748 1
12106 2
12107 0
12109 2
12110 2
12112 2
15679 0
6115 3
15138 0
9678 3
18404 2
3930 0
11042 2
12126 2
17975 2
4752 1
12130 2
15675 2
12135 0
12136 2
3945 0
12138 1
12139 2
3950 0
3952 2
10709 2
3956 1
12154 0
3963 2
12158 2
3967 3
12160 0
8046 0
3970 3
3971 1
3973 1
12167 1
405 0
12433 2
12172 1
12173 0
15681 1
3983 2
3984 1
664 0
10222 2
6505 0
12184 2
3396 0
3996 3
12189 0
12190 0
12191 0
4000 0
4001 1
4006 2
14321 2
8860 1
12202 2
4011 2
14515 3
4017 2
8862 2
4024 1
9954 0
1225 2
8863 3
4029 2
12224 3
4768 2
12227 0
4036 1
12229 2
12230 1
3135 2
674 0
4047 1
4049 1
4050 1
12963 1
4052 1
505 3
9955 0
1226 1
4057 2
4058 2
11599 1
12252 2
14330 0
4063 2
12257 0
12258 2
12259 2
14320 2
18139 1
10774 1
8871 2
15957 0
12271 0
12272 2
4081 1
15699 1
4086 2
4087 0
4088 0
4089 1
4090 1
6143 3
12284 0
12286 1
12288 0
12971 1
12292 2
1343 2
6145 2
12298 2
12300 2
12304 0
15704 0
4115 0
11321 1
4118 2
15140 0
12312 0
12314 2
4123 1
12316 2
4126 0
12319 2
12323 3
12324 2
12325 0
17050 1
7516 2
12330 1
4140 0
8594 1
4143 0
14344 0
17075 0
12341 3
4150 1
4151 2
12344 2
12348 1
12981 1
2919 0
12355 1
4164 0
4167 2
12360 1
12363 3
4173 2
12366 2
6157 0
4176 3
4792 2
15142 0
139 3
12376 2
12377 2
12380 0
4189 0
4196 3
11622 0
12390 2
4200 3
4201 2
4202 1
4204 0
4206 3
4797 2
4210 3
7529 2
4217 3
12411 2
11626 0
12414 2
4224 0
12417 2
4226 0
4227 2
4229 1
12422 2
4232 3
12425 1
12426 0
4235 2
12428 3
12429 0
4238 0
4239 0
10264 0
12436 2
4245 2
2073 2
16781 0
4249 1
4250 1
18145 1
6961 1
4255 0
12448 1
4262 2
12455 3
10268 1
12459 1
15730 1
4270 0
10269 0
12465 1
9144 3
12470 2
17097 2
15691 0
12476 2
12480 2
12481 0
12484 2
12486 2
12487 0
13004 2
12490 3
4299 3
4300 0
4302 1
4813 1
12496 1
4306 3
6848 0
4308 2
17102 0
4310 0
18147 1
12505 1
12506 1
13007 1
12509 2
4318 2
4319 0
4320 2
4321 3
4323 2
4324 2
4327 1
12521 2
4331 1
4335 2
4337 2
12530 1
4819 1
12532 2
12533 2
4342 2
2089 1
12537 3
11922 1
12539 2
4348 2
12544 0
4353 2
4354 2
2091 2
4822 0
4359 2
12795 0
12553 2
12554 3
2593 2
4368 1
1782 1
4370 1
12563 2
4374 2
5921 1
10287 2
4380 2
12573 0
4383 2
8758 2
4385 1
4827 1
12580 2
4389 2
18481 0
16513 1
732 1
3463 2
12588 2
4397 2
12590 3
4399 1
12592 2
2099 2
8330 2
9694 0
13023 2
4418 0
12611 2
12612 3
10294 1
12614 1
12615 2
4425 2
4427 1
12620 3
12622 1
15696 0
12626 2
4835 1
4436 2
15758 2
4438 3
4439 2
12633 1
4442 2
15761 2
12638 2
17125 2
11664 1
18491 0
4452 3
12645 0
12647 1
4458 2
743 0
12652 2
4462 2
12657 2
4466 2
4467 0
12660 2
4471 1
14879 2
4475 0
1339 3
12672 3
10304 3
3968 3
4483 0
357 0
4485 2
12678 1
10305 2
4490 1
4491 1
12686 2
4495 1
8333 2
4497 0
4498 2
4501 0
12695 3
10308 0
12698 2
17135 2
4508 2
4510 1
4511 1
12704 1
13040 2
767 2
15771 0
4517 1
12710 1
13041 2
4520 0
4521 1
4524 1
754 2
12718 1
4527 1
4529 2
4851 2
12724 1
4533 0
12726 0
12727 1
1242 3
4537 2
12730 1
4539 1
12732 1
4541 0
4542 1
4544 1
12737 1
12738 0
12739 2
5607 1
4552 1
12745 2
12746 1
12747 2
4557 1
12750 2
4560 0
12754 2
4565 1
4569 0
4570 1
10319 3
12765 2
4574 3
15781 1
4577 2
12770 1
4579 3
4582 2
4583 1
12776 2
14753 2
3495 2
4590 0
4593 2
12786 0
4595 1
12788 2
17150 3
12790 0
15785 0
12792 1
4601 1
17151 2
4604 2
4605 2
12799 0
12800 1
17152 1
4610 1
4865 1
14611 1
12809 1
12810 0
12811 2
4620 0
12813 2
12814 1
14884 2
12817 1
4626 2
4627 3
4629 0
849 2
4632 2
4633 2
5337 1
12828 0
4637 1
4639 2
4641 2
4643 1
12836 3
4645 0
4648 1
3428 1
4650 2
12843 1
4652 3
4653 0
12847 2
4656 1
776 3
4658 2
12851 1
12852 2
14430 3
4662 0
4663 0
12856 2
12861 2
12862 2
4671 0
12865 2
4674 1
12868 2
15798 1
12870 1
6241 1
12872 2
12874 1
4683 0
12431 3
4686 2
4688 1
12883 1
12884 1
4693 2
4697 1
4698 2
10124 0
12896 0
4705 1
8340 2
4707 2
4708 1
4709 1
12902 1
4711 1
12904 2
4713 0
12906 2
12907 0
12910 2
4719 0
12912 3
17171 3
11614 1
4726 1
12919 1
4728 2
4729 2
12923 3
4733 2
17173 1
4736 2
12929 0
12930 2
1168 3
17174 2
4742 1
12935 0
4744 1
1249 0
12940 0
12941 1
2157 0
16525 0
12945 2
12946 1
4755 1
4757 2
3524 0
4765 1
12958 0
12960 2
12961 2
4771 2
4772 0
4773 2
8988 3
12970 2
15815 1
12972 2
14610 0
8989 1
4784 1
4786 3
9088 3
12980 0
4789 3
4790 1
12983 2
12984 2
4793 1
12986 2
12987 1
4796 2
12989 2
12990 3
4799 1
8992 3
12994 1
12998 1
4807 1
4808 1
4809 2
4811 3
4812 1
13005 1
4814 2
4815 2
4816 1
13010 0
803 2
14345 3
13014 2
13015 1
4824 2
13017 1
4826 1
13019 2
13020 0
4830 0
4831 1
13024 2
13027 0
4836 0
9252 2
18472 0
13031 1
13037 1
4848 1
9000 1
13043 2
4852 0
13045 1
4854 0
13047 0
4856 1
15417 2
13051 2
13053 0
13055 1
4864 3
13057 2
4866 0
13059 3
13060 0
4871 0
13064 3
15308 1
4877 2
13076 3
13077 2
13079 0
10372 1
13084 2
8619 3
13088 1
4898 2
13092 1
4901 0
4902 0
13097 2
13101 3
13106 2
13107 0
4916 2
13110 1
4919 1
13112 1
14894 2
6282 2
4926 1
4927 2
4929 0
4931 2
4934 1
13127 2
13128 1
13129 2
4256 2
13135 2
13136 2
17077 3
15843 0
13143 0
13144 1
13146 0
13148 2
13150 3
4959 0
4961 1
4962 0
17211 1
13156 0
17896 1
13160 1
4971 2
13165 1
13168 2
4980 1
4981 2
13174 0
2196 0
4986 2
4987 0
4988 0
13182 0
18581 2
13184 1
832 2
4994 1
4997 2
4998 3
13192 2
13193 2
13195 0
13196 0
13198 1
11757 3
18584 1
13202 1
5011 3
13204 2
13205 2
13209 2
5018 1
5020 2
5021 2
13214 1
5026 2
18587 3
13220 2
13221 3
5030 2
5031 3
13225 2
13226 0
4532 1
13229 2
5039 0
5044 2
13237 1
5046 2
4937 2
9873 2
5051 3
13244 2
13245 2
5054 1
5351 0
13249 3
13251 2
5060 3
11766 0
17159 3
5063 2
13256 1
17228 0
5067 2
13260 3
13261 2
5071 3
5072 3
13266 1
13268 1
13270 3
13271 1
10404 2
13275 2
13276 2
13277 2
13278 2
13279 2
13280 1
4944 0
13282 2
13283 2
13284 0
5095 2
13289 2
13292 0
13293 1
5102 2
3581 0
13297 0
13298 1
5108 1
13301 2
13303 2
13305 2
5115 1
5116 3
5118 0
13311 2
5121 2
13315 0
13316 0
13317 0
13320 2
10412 2
13324 2
2221 0
13329 2
5138 0
13331 2
13332 2
13334 0
5143 1
5144 2
13337 2
13339 3
5148 2
13342 2
13345 3
5154 2
5155 0
13348 1
13351 2
17244 0
13355 2
13356 2
17245 1
13360 2
5171 1
9054 0
13366 0
13368 1
5179 0
5181 0
5183 3
13376 3
13377 0
13378 2
13379 0
12175 2
5189 3
5191 2
5192 3
5193 2
13386 1
2231 2
5196 2
5197 3
10291 1
5201 1
3992 3
13396 0
13397 0
13401 2
5210 3
5211 2
9448 0
5214 2
4538 2
5218 0
13411 0
13413 2
13414 2
2356 2
18620 2
13418 1
13419 1
13420 3
13421 0
13423 0
13427 2
13428 3
8109 2
13431 2
5240 0
5244 0
5247 2
12177 3
2240 2
10433 2
13448 0
5257 0
17633 3
18833 0
13458 0
13459 0
13461 0
8873 2
13464 3
5275 1
14633 0
18452 2
2245 1
5282 2
7707 2
5284 0
13477 2
5289 0
5292 2
5293 2
13487 1
5297 0
10619 0
17267 0
5301 0
15725 0
1699 1
7182 0
5307 0
13500 0
13503 2
8633 0
2251 2
5317 0
5318 0
13512 1
5322 2
13515 1
18564 0
13519 2
13521 0
18638 0
13526 1
5336 1
13529 1
5340 2
15909 0
5345 2
5088 1
13542 0
13543 0
5352 1
16545 2
15911 3
13549 2
13551 2
5361 2
5362 2
5363 3
13556 0
13559 2
5368 0
5369 2
5371 1
5372 2
13565 2
5374 1
6357 2
13568 3
5377 2
5378 2
13572 2
13573 2
5384 0
7724 3
13578 2
13580 2
9090 1
13583 2
14552 2
13586 0
13587 2
5399 3
11091 3
13189 0
15920 1
13602 2
13603 0
13605 2
13607 2
13608 2
13610 1
9095 2
13612 2
3634 3
13615 1
13616 2
13621 2
13622 2
5001 2
13626 3
13627 2
5436 3
5437 2
13631 2
5440 0
5441 2
13634 2
5444 2
13638 2
13640 1
9100 2
13644 3
5453 2
17293 0
13650 3
5463 1
13656 1
9103 2
5469 1
5471 0
5472 2
16785 3
15312 3
5476 0
5477 0
5478 0
17297 0
5481 0
13674 0
13675 1
5484 2
5485 0
5486 2
15632 2
13680 0
18664 0
16004 0
5493 2
5494 3
5495 3
5496 2
5497 2
7743 2
17983 3
5502 1
5503 1
13696 2
13697 2
2911 2
6379 1
9110 2
10476 3
13707 2
13708 3
11842 0
13710 2
13711 2
13713 2
11095 2
3651 0
5524 2
13718 2
9113 0
13720 2
13721 1
13723 2
8764 1
13210 2
13727 1
17822 3
6384 0
5538 0
13732 2
13734 1
5544 3
5545 1
5548 2
5549 3
5552 1
5553 2
18675 0
3731 1
13752 1
5562 1
5564 1
5567 2
5568 3
18586 2
5572 3
5573 0
5574 2
13769 0
5580 1
5581 2
5583 2
10488 2
5587 1
5588 3
5589 3
13782 2
10489 0
5592 3
5595 0
13788 3
13789 3
13790 1
5603 0
13796 0
5606 0
13799 2
5614 0
13807 0
5619 1
14590 1
1764 2
13818 3
17322 2
5630 2
7765 2
9462 2
5035 2
13828 1
15958 3
13830 0
5639 2
5641 0
5642 0
10498 2
9133 0
13841 0
5652 0
13845 1
13846 2
5655 2
5658 3
5659 0
5661 1
17328 0
5666 0
5668 2
18694 2
5670 1
5672 3
5673 3
13866 0
18695 0
17330 3
5680 1
13873 2
947 2
5684 3
5686 2
5687 2
11871 2
5692 3
5697 2
5698 2
13892 3
13894 0
13898 3
13900 0
5712 0
5713 2
7779 2
5716 0
953 2
5722 0
3191 2
5724 0
13917 2
3685 2
2320 0
13922 1
15974 1
13927 1
5736 2
17649 1
13933 0
5743 1
13937 1
18725 1
18707 1
5748 0
18708 2
959 2
17104 0
15423 0
5758 2
13951 3
5763 2
10518 2
13959 1
5769 0
5771 1
13965 0
12617 2
5776 2
5777 2
5778 0
5780 1
5781 0
5782 0
13252 0
13978 2
5787 0
13981 3
15807 2
13253 2
5792 1
5793 1
18715 3
4512 0
10295 0
18042 3
13997 0
5376 2
5808 2
10559 2
14003 2
14004 3
5814 2
14007 1
45 1
15988 1
5818 2
5821 2
5822 1
5823 2
13259 2
9053 2
7798 1
14022 2
5831 0
14028 1
2338 2
467 1
5841 1
5843 2
14036 1
5845 0
18482 0
14042 2
5851 3
14044 0
5853 2
18697 1
14050 1
5859 2
5860 2
5862 2
9169 0
14059 1
5868 2
5869 2
14062 3
15997 1
14632 2
14066 3
11902 2
5878 0
5879 2
14074 3
14077 3
14078 1
11904 1
14083 3
14084 1
5893 1
5894 0
11905 3
5899 2
5903 2
14098 2
14099 1
14100 0
5909 3
14103 1
5912 2
5913 1
5915 3
14109 3
14111 3
2352 3
5922 0
5923 3
5925 2
14118 0
5927 3
14120 2
14121 3
5930 2
5653 1
14130 1
14131 1
14132 3
14133 2
11109 2
5944 1
14137 2
14138 1
14139 1
14140 2
14142 3
14144 2
17376 0
16011 1
14150 1
13281 0
5960 3
5961 2
5962 3
14156 1
14157 2
5967 3
5969 3
5971 2
14166 2
5975 3
14168 1
5978 0
14171 0
5980 3
5982 2
5983 0
14177 2
5987 1
14180 1
5989 2
18748 2
9474 1
14187 0
14189 0
5998 3
14194 2
14195 2
6004 0
14197 3
14198 3
1291 0
6009 3
2367 0
6013 2
14208 0
10560 0
6018 1
6019 1
14212 2
11926 0
6022 2
14218 0
6028 0
14221 0
14224 1
14226 2
14228 0
14233 0
14234 0
13295 1
6044 3
6045 1
14238 1
14239 0
13570 3
6051 2
6053 1
6054 2
6055 1
6056 2
6057 2
10567 1
14252 0
6062 3
4839 0
14257 1
14258 2
6067 2
6068 2
10653 1
6071 2
6073 2
14266 0
14269 0
1013 2
11192 2
14274 2
6086 3
6087 3
6089 3
14282 1
13569 2
6094 2
14287 1
16297 0
2382 0
1017 1
14296 2
6105 1
14302 2
1840 2
6112 0
14305 0
14307 2
12643 1
14309 0
2113 2
6119 1
6120 2
6121 3
6122 2
14317 0
6128 2
6129 2
14322 2
14323 2
6133 1
1027 0
10580 0
6138 0
14331 2
6140 2
18688 1
14335 2
14337 1
6146 3
750 2
13313 2
6152 3
6153 0
6154 2
14347 2
6156 0
14349 1
6158 2
14352 2
6161 1
5123 2
6164 2
14357 2
14360 1
6169 2
14362 1
6309 0
6172 0
14365 3
6174 2
14367 1
6176 1
14369 2
6179 0
6182 0
6183 2
6187 2
14380 0
11515 0
6191 1
14385 1
14386 2
6196 2
14389 2
14390 0
6753 0
6200 1
6201 2
14394 2
15755 0
6205 2
6206 2
6207 2
14664 1
12209 2
14403 0
16054 1
14406 2
14408 2
14414 2
14419 3
14420 2
6231 2
6232 2
14425 2
15756 1
16058 0
6238 0
14431 1
14432 3
14433 2
4845 2
6244 2
14437 2
16302 1
6248 2
17666 2
6251 2
14444 2
6255 2
6259 0
6260 1
7870 3
1951 1
14455 0
6265 3
14458 2
6267 2
14461 0
6270 2
1045 1
14464 3
14467 1
6277 2
6279 2
14474 3
6284 0
6286 3
14479 0
17336 2
1846 0
5145 2
14489 1
14491 1
14494 0
6303 3
17957 0
1051 1
14501 0
14502 1
5061 3
210 2
2606 3
6315 0
6317 2
14510 2
6323 3
6324 1
6330 2
6331 2
6332 2
8667 2
8960 0
14531 0
14533 2
14535 1
14538 2
6349 2
14546 0
14547 3
6356 1
14549 2
6359 2
6360 3
5156 0
6363 2
10618 2
10032 1
6368 2
6370 2
6371 0
14571 2
6380 0
6381 1
6383 1
14576 0
6386 1
6387 2
14580 3
18033 0
14583 0
6393 2
14586 2
14589 1
6398 3
14593 3
15358 2
14595 1
6404 0
6405 1
5389 2
6411 1
14604 2
14607 2
6416 3
16088 1
6418 0
6419 2
9262 2
6423 3
6424 0
6532 1
6426 1
17455 0
6429 1
2437 1
14625 2
14627 2
14631 2
6440 1
6441 0
14634 0
6443 2
6445 1
6446 2
16093 2
6448 1
10632 1
14642 2
6453 3
6456 1
14649 2
14651 2
6462 0
1077 2
6464 0
6465 0
6466 2
6467 2
6472 0
6473 2
14666 2
6475 0
6478 3
14672 1
14674 2
14675 2
14676 0
6488 2
6493 2
6494 0
9275 2
6500 3
3814 1
14737 2
6504 2
13310 1
2126 0
5945 2
14704 0
16104 0
6515 2
6518 3
16105 0
6521 0
6522 2
14719 2
14721 0
10583 2
14724 2
6534 0
14728 3
8401 2
14731 2
14733 1
12013 2
14736 2
18840 2
14738 3
5187 0
14742 2
14743 2
16670 0
14745 3
2458 0
1855 2
6563 3
14756 0
1094 3
14761 1
16040 2
14764 1
6573 0
8675 2
14768 0
6577 1
2306 1
6580 0
14773 0
12767 3
6583 2
14778 2
14779 2
6593 2
14787 0
14789 2
8403 3
14791 2
6600 0
14793 1
6603 1
6604 2
14797 1
6608 2
6610 3
14803 2
14804 2
14805 2
14807 2
6616 1
14809 2
6619 2
14812 3
6621 2
6622 0
2469 0
14816 1
6625 2
6630 3
6631 2
14824 3
6634 0
17502 3
7933 2
14832 0
6641 0
6643 3
16126 0
6646 1
6647 2
6648 2
6651 1
14844 2
14847 0
14849 2
2131 0
18859 1
11771 1
17494 2
6662 2
16129 1
1299 1
6668 0
14863 1
14866 0
6675 3
14868 2
6679 2
14874 2
6683 2
14878 2
6687 2
6576 2
14883 1
6692 2
14886 1
6695 3
17500 2
6699 1
6700 0
6702 1
6703 1
6704 1
6705 0
14899 1
6709 0
6710 1
14903 2
6712 2
2484 0
6714 0
6715 2
14908 1
6719 1
14912 0
14913 2
14914 2
6723 1
6724 2
6725 0
14918 3
14920 0
14921 1
14923 0
14925 2
6736 0
6740 1
18228 2
9316 0
6747 2
14941 1
10090 0
6751 0
14945 1
6755 3
14949 0
14952 1
14955 2
14960 2
6770 2
14965 0
14966 0
14739 3
2135 1
14972 2
17514 2
6782 1
6227 2
14979 3
14981 1
14983 2
14984 0
6794 2
6795 2
6796 0
14989 0
6798 1
427 2
14996 2
6806 0
6809 0
6811 1
15004 2
6597 1
12502 2
6817 1
11011 0
4297 0
6828 1
15021 2
6830 2
6835 1
6836 1
6839 3
6841 2
15035 3
6845 0
15039 2
545 2
15041 2
15042 2
15043 2
6853 0
3566 1
15047 0
15051 2
6860 1
16162 3
15054 2
6605 0
6871 0
6874 1
15067 2
6876 2
15069 2
15070 2
15071 0
15072 0
6881 2
6882 3
15075 2
6884 0
15078 2
6887 1
6888 3
6776 2
6892 2
15085 2
15087 2
6896 1
6898 1
1737 1
6901 0
15095 1
15096 3
6905 1
15098 2
1151 1
6908 2
15101 1
15102 1
15103 1
6912 2
6913 0
15107 1
4137 2
15109 1
6918 2
15111 3
15112 1
15114 2
6923 0
15116 2
15117 2
15118 1
12077 2
15120 0
6930 1
15123 1
15124 3
6933 3
4868 0
6617 2
6936 1
15129 1
15130 1
3887 2
6940 0
6942 1
15135 2
15136 1
15137 3
6946 2
14811 2
6948 0
15141 1
6950 0
14030 2
15144 0
15145 0
6954 3
1159 2
16178 1
6958 2
6959 0
9352 1
6963 2
6964 1
15157 2
2283 2
6967 2
15160 1
3892 2
15162 1
2527 1
15165 0
10325 1
15167 2
6976 2
6978 0
9355 3
15172 2
15175 1
6984 1
17548 1
9982 1
6989 1
8258 0
6996 2
15189 0
6998 2
15191 2
7001 0
15194 2
15195 2
1597 1
7006 2
7008 2
7009 2
15202 2
10599 0
7012 0
18237 1
7016 2
15209 1
7018 1
9362 0
7023 1
7024 2
7027 0
10054 1
15221 0
14504 2
15225 1
15226 2
15227 3
15228 0
15231 0
7040 0
15241 2
1175 2
7052 1
15245 2
7094 2
15249 2
7058 3
7059 2
7060 0
8601 2
7062 0
1177 2
7065 3
15261 2
13056 0
18233 2
15264 2
15266 1
7077 2
15270 0
7079 3
7080 0
12103 3
7085 0
7086 0
7087 1
7088 0
6812 1
15282 2
15283 0
15284 1
5830 2
16201 1
15288 3
7097 2
15290 2
15292 1
15293 0
7102 2
10741 1
15296 2
17568 0
14838 1
15303 2
15304 2
7113 1
7115 0
7116 1
7117 2
15311 2
7120 2
7121 2
7123 2
15316 1
15317 1
15318 2
15814 1
7129 2
7130 0
15323 2
7134 1
5285 2
7057 0
15329 2
14843 3
7140 0
7141 0
16209 2
11149 0
10748 2
15344 3
7153 0
16605 2
7155 2
7158 2
15355 2
7164 2
17578 2
7166 3
7169 1
15362 2
15363 2
13484 0
7179 3
15372 0
15374 0
15375 1
15376 3
7185 2
14851 2
7188 2
15381 2
15386 2
15388 0
7198 3
10757 2
7203 2
2422 1
7206 2
7207 0
15400 2
16220 2
15405 2
7214 2
15409 2
15411 0
15413 2
15414 3
9377 2
4958 2
7227 2
7228 1
7229 0
7231 0
7235 2
15430 1
7239 1
7240 3
7241 1
15434 2
15435 1
7246 2
15440 1
16881 1
15444 2
15445 2
15790 0
15448 2
17154 0
10767 0
7260 2
15455 0
7264 2
17595 2
15461 0
15462 3
15471 1
15473 0
7283 0
15477 2
15479 0
15480 1
15482 1
15487 3
15488 3
15490 1
3947 0
15492 0
15493 2
15494 3
15495 1
15496 0
15500 2
15503 2
2150 2
15505 0
15506 1
15508 0
15509 1
10777 1
15514 0
7323 0
15519 1
15520 0
15522 1
15526 1
2588 1
15530 0
15533 2
15534 0
15539 0
3213 0
7349 2
15543 1
12743 0
7337 0
2591 0
9418 1
15550 0
15552 1
15554 2
7363 0
7365 0
16814 2
15559 3
7369 0
15562 0
7372 2
15565 1
7374 3
13485 2
15570 0
7379 2
15574 0
15577 3
7386 1
15579 2
7388 2
7389 2
15582 0
15584 2
15588 1
2395 0
14887 0
7405 2
7407 2
15600 2
7409 1
15602 2
15603 1
15606 2
15608 1
9428 2
7612 1
15613 1
15614 0
1237 2
15616 0
15617 2
7428 1
7430 3
1686 2
7434 2
6243 0
8942 1
7440 2
15633 0
15634 0
15635 1
7444 0
15637 2
5505 0
7447 2
15641 0
7450 2
7452 2
15645 3
7454 1
1612 3
15650 0
7459 2
15652 1
7461 1
15654 2
15656 0
13532 0
15658 2
15659 1
15662 0
6707 1
15669 1
15670 3
15672 1
7481 1
7483 0
15676 0
1613 2
14901 0
7488 2
7489 2
7491 2
15684 0
7495 0
15688 0
7497 2
2615 2
7500 2
1250 0
15695 0
7504 3
14904 2
9443 2
15701 0
2617 1
7512 0
15705 1
7514 1
7515 3
15708 2
15711 2
15712 0
7522 2
15715 2
15717 0
7527 3
7528 3
15721 2
15722 2
17639 1
7532 2
7533 0
15726 1
7535 0
13544 2
7538 3
15731 1
17641 1
15736 1
7545 1
14911 0
15740 1
15741 1
11125 1
12181 1
15744 2
15746 0
8179 2
15748 2
15749 1
15752 1
7561 2
15754 0
7563 2
7564 2
7566 2
7567 2
7569 2
7617 1
15765 2
16619 0
10972 0
14916 0
7578 1
7579 1
7580 2
15775 0
15780 0
7589 0
15783 2
7592 2
7593 2
7594 3
15787 3
15788 1
1266 0
16347 2
15792 2
9771 1
8237 2
3998 0
7606 0
10825 0
15801 0
3999 0
15804 3
15805 2
7615 2
7616 2
8096 2
7618 0
15812 2
15813 0
7622 0
7623 1
7624 3
15817 2
8098 1
15823 0
15825 0
15826 3
16291 2
9465 1
7640 3
7641 0
7642 2
7645 0
7648 0
7649 2
2724 1
7651 2
7653 0
7657 2
7658 0
15853 1
15855 1
15856 0
15857 0
7670 3
15863 2
17663 1
7676 0
15871 1
15872 3
15873 0
15879 0
15883 0
7693 2
7694 1
7695 2
15890 2
15892 1
15893 0
7702 2
15895 0
15896 1
15898 2
15899 1
7708 1
15902 1
9477 2
15904 2
15908 1
7717 3
7718 2
8113 3
5167 1
15915 1
15916 0
15919 0
7728 2
13576 1
15923 1
7734 2
7739 0
1290 1
8117 2
7747 2
7748 2
7751 2
9485 1
15954 1
1294 2
7766 1
15959 1
15962 0
15963 2
7772 1
7773 0
15966 2
7775 0
15968 3
7778 0
4027 0
7781 2
7782 1
7783 0
15979 1
7789 2
7790 1
15983 2
15984 0
3260 0
7796 3
15990 2
2665 1
17684 2
7802 0
7805 2
1265 3
15999 1
16000 2
16001 0
16002 2
16003 2
7812 0
7816 0
7819 3
7820 2
16013 0
16014 2
16021 0
16023 1
7832 3
16026 2
16027 1
13594 3
7838 2
4037 3
16032 1
11445 1
16034 2
7843 1
16036 1
4038 0
7848 2
16041 1
10636 1
7854 2
7855 3
16049 1
7858 2
7860 0
7862 2
16056 1
7866 2
9503 2
16060 2
16061 1
16062 2
16064 2
7874 0
16068 2
16069 2
7878 0
16073 1
7884 2
16078 1
16081 2
7890 2
16086 0
7896 0
7897 2
7898 0
7899 1
7900 2
7901 0
7902 0
16095 1
9265 1
8274 0
7913 1
16106 2
16108 2
16110 2
16112 0
16113 2
16114 2
16115 2
16117 2
7927 1
7931 0
16124 1
16125 2
7934 2
16127 3
7937 0
16132 0
16134 0
8325 2
16136 1
7945 2
16138 2
7947 2
16142 1
16143 2
9812 0
16145 0
7954 0
16148 2
7960 0
16156 2
16158 3
16160 0
16161 2
7970 1
8155 1
7975 2
7976 0
16348 2
16170 1
6791 2
18542 0
16176 0
7986 2
16179 3
7988 2
16184 2
8995 2
16186 2
7998 3
16192 0
8001 1
16196 1
16200 0
8009 2
16202 0
8014 2
16207 0
8017 3
16213 0
16214 2
17721 2
8024 0
16217 2
17820 0
8028 3
8032 3
16226 0
9531 2
8036 1
10906 2
16234 2
16235 1
8044 1
6802 3
16238 3
13629 1
16240 1
18020 0
16245 1
8054 2
8057 1
8059 3
8060 0
16255 0
8067 1
16261 1
16263 2
16265 1
16266 2
8075 2
8076 2
8082 0
16275 0
16278 2
16279 0
16282 1
13090 2
16285 0
16288 1
8097 1
17182 1
2715 2
16292 0
8101 1
8103 2
1088 0
8105 2
9001 0
8108 2
16301 1
8110 2
16305 0
16307 0
16309 1
17737 2
8121 0
16314 0
16321 0
8182 2
15001 1
8137 2
8138 3
8142 3
8143 0
4855 2
16376 2
16339 0
8148 0
8150 0
8152 3
16345 1
8154 3
1359 1
8156 1
16349 1
16356 0
16358 2
8167 0
16360 1
16361 2
8170 2
8173 0
16366 0
16367 2
16368 1
8178 0
1363 2
16372 1
13093 1
16374 0
2729 1
8184 2
8186 2
16379 2
16380 0
8189 2
8190 2
16383 1
