16385 2
16386 2
16388 2
8197 2
16392 3
16393 2
8194 1
16400 1
8210 0
16404 3
16407 0
7093 0
16414 2
16415 2
8226 2
8227 2
8228 2
16422 2
16429 2
16430 2
16431 2
48 1
8241 2
16438 3
8247 1
16440 2
16442 2
16443 2
16445 2
62 2
65 1
66 1
16452 1
8261 2
8264 0
73 2
74 0
1639 2
16460 2
16461 2
16464 1
18058 0
82 3
84 3
16469 1
8278 2
87 3
88 2
8285 1
8288 2
6843 2
8292 2
8295 2
8299 1
108 2
109 3
16494 0
8303 2
113 2
8309 2
16502 0
8312 1
2783 3
16509 1
126 2
16511 0
16512 1
16513 1
8322 2
8323 1
16516 1
133 2
134 0
16519 0
136 0
8330 2
139 3
3197 0
6850 1
5485 0
144 2
8337 0
8338 2
148 1
151 1
153 1
8346 1
16539 0
16540 2
8349 2
158 3
16543 2
162 2
163 2
16550 1
4124 2
171 2
16557 2
175 3
8368 1
178 0
8371 2
8222 2
183 2
185 2
186 2
8379 1
16572 3
8381 1
190 3
8383 2
15051 2
197 2
16583 2
8392 2
202 2
16588 3
16590 3
207 2
208 2
16594 2
214 0
8407 2
16600 1
16420 2
218 3
220 2
8413 2
8415 1
8420 2
229 3
16614 0
1917 0
233 2
16618 2
8427 2
8430 2
16624 2
8434 0
8435 3
16628 0
246 0
8439 2
248 1
5713 2
8443 3
16636 2
253 2
8447 0
256 1
8449 2
12331 2
16646 1
263 2
264 0
266 2
8461 3
4141 0
1100 0
11193 0
8466 0
9603 1
16663 2
10531 0
281 3
8474 3
15066 2
16670 0
16671 1
16672 0
8481 0
6875 1
8485 2
8486 2
16433 2
8488 2
16681 1
6011 2
15069 2
8496 2
305 2
16691 2
6878 0
310 2
16695 2
16697 2
8506 1
315 1
8510 2
319 2
8513 0
16706 1
16708 0
329 1
9831 2
332 2
16719 2
4152 2
16722 2
16723 3
16725 1
342 2
345 3
18015 2
1423 2
16733 2
16737 2
354 2
8548 2
8549 0
358 1
16743 2
360 2
4156 0
15079 3
16748 0
8558 2
8559 3
16752 2
8564 2
16446 0
374 2
16759 1
16760 0
5524 2
16762 0
16765 2
383 0
8583 3
16784 2
8593 0
8594 1
16789 3
16791 2
16792 0
8601 2
410 2
8603 1
8604 2
69 1
8608 1
8609 2
16803 1
420 1
423 2
8616 2
8617 0
427 2
16812 2
16813 1
16814 2
16815 2
8625 2
16818 0
16819 2
436 2
16821 1
438 0
8631 1
440 1
8634 2
6318 0
10423 0
446 2
8639 0
16833 2
8642 0
451 1
8644 2
454 2
455 1
16841 2
461 2
4173 2
466 3
16851 2
16854 2
16856 2
8665 2
8666 2
475 1
476 2
8669 2
16865 0
8675 2
16868 2
5542 2
486 2
8679 2
488 2
16874 0
16875 1
16876 3
14201 0
8689 2
16882 3
500 2
6910 2
16886 2
13737 2
504 3
16889 2
16891 3
508 0
509 3
8702 2
512 1
15104 1
515 0
8708 2
16902 2
15105 1
524 2
16909 1
526 0
8719 3
8720 1
16914 1
8723 1
8201 2
533 0
16918 0
535 0
8728 2
538 0
8732 1
16925 2
542 2
15109 1
16928 2
16929 2
16930 2
8739 3
548 1
2822 0
8742 1
16935 2
552 1
16937 2
8746 2
16940 2
16941 0
8750 2
8751 2
16946 2
13747 1
8756 2
565 1
8758 2
8761 1
8762 1
8764 1
2161 0
16960 1
16962 2
8772 0
581 1
16966 2
583 1
585 2
586 3
8780 1
16973 0
16976 1
16977 0
99 0
16980 2
9657 0
18569 1
16484 1
604 3
605 3
16991 3
16992 2
16993 2
8802 1
611 1
16997 2
8807 2
616 3
17852 2
17002 1
8811 1
8812 2
621 2
8814 2
8815 2
17008 2
8817 1
15123 1
629 1
8822 2
4201 2
13759 0
8828 1
17021 0
17022 0
8831 0
17025 0
8834 2
17028 0
17030 1
17031 2
8841 2
17034 0
8845 0
654 0
655 2
17042 2
9667 3
660 2
17049 1
17050 1
667 2
8860 1
8862 2
17055 2
17056 2
673 2
674 0
676 2
17061 2
679 0
8873 2
8880 0
8881 2
18572 0
8884 2
17077 3
17078 2
17080 2
8889 2
17083 1
17085 0
8895 3
705 0
8898 1
8902 2
711 3
712 2
5580 1
8906 2
17099 2
6946 2
17102 0
17104 0
12989 2
8916 2
1486 0
17110 0
17112 0
8921 2
730 2
17117 1
17118 2
17119 0
17121 2
8935 2
744 2
8938 2
8939 2
749 0
750 2
751 3
17136 0
8945 2
8947 1
756 0
8953 1
8955 1
8956 2
17151 2
768 0
6845 0
2859 1
17156 2
13782 2
774 1
17159 3
776 3
780 2
8974 2
17167 2
17168 2
787 2
788 2
790 2
1369 2
795 2
8991 2
17184 1
8993 0
17187 2
8996 2
8997 0
2865 3
17192 0
17193 2
2482 2
816 0
16520 2
9011 2
820 2
9014 3
17207 3
17208 0
825 2
9018 2
17211 1
16522 1
6965 2
832 2
17218 1
8331 2
17220 1
9034 0
844 2
9038 2
17231 0
17232 1
17233 2
9042 2
17235 0
852 2
17237 2
854 0
856 0
13760 2
17244 0
861 2
10443 0
863 0
17248 1
9059 0
9061 1
870 2
145 2
9065 2
17260 2
9070 2
879 2
880 0
17265 2
17266 0
17267 0
17269 1
17271 2
888 2
9081 2
9082 2
891 1
9084 1
2188 2
9086 1
17280 1
897 1
9090 1
900 1
901 1
9094 0
9095 2
907 1
17294 0
911 2
912 3
916 0
917 1
17302 2
9111 2
9112 2
9113 0
17306 2
17308 2
17310 1
17312 3
17313 2
12306 2
9123 2
9129 2
938 1
17324 2
17325 1
157 0
17328 0
9138 0
947 2
9140 2
16542 0
9142 0
17336 2
953 2
159 2
17342 2
9152 2
961 1
962 2
9157 3
9158 3
17352 0
9164 0
17359 0
17360 2
3033 0
17364 2
17367 1
17368 1
9184 2
166 1
17383 3
17386 0
17388 2
17391 0
1009 1
1010 1
17395 2
17396 2
17399 2
9209 1
17404 1
9214 3
1023 2
9216 0
9218 2
17411 1
1030 2
1031 3
9224 1
17417 1
1034 2
1035 2
9228 2
1037 3
9230 0
9231 2
9232 2
2904 1
9236 1
4270 0
17430 2
17432 2
1051 1
1052 0
15194 2
1054 2
17440 2
4272 1
1058 2
17444 3
17445 2
17450 1
1067 2
9262 2
1071 1
9264 1
1075 0
1077 2
9270 2
1079 2
1080 1
9274 2
17467 2
17468 1
5642 0
17472 0
1089 3
17474 2
9283 1
17476 0
17477 1
1094 3
7009 2
17480 2
9292 1
17487 2
17488 2
9297 0
1107 1
9300 1
17934 2
17495 1
9304 2
17499 2
9308 1
1119 2
17504 2
17505 0
1122 1
17509 2
9318 0
9319 2
17512 1
17513 2
16950 2
17516 2
9325 0
17520 1
1137 0
1138 2
14768 0
9333 3
1144 2
17529 1
1146 3
10755 0
17532 2
17533 3
1150 2
1151 1
17536 2
17537 0
17538 1
17541 1
17542 1
1159 2
9352 1
9353 0
1163 2
17549 1
17550 2
17552 1
17553 2
17556 2
1173 2
1174 2
1561 2
17560 1
1177 2
1178 0
11119 1
1180 1
1562 0
16581 1
17568 0
17570 2
9379 1
1189 2
17574 1
17575 1
9384 3
17577 1
17578 2
8391 2
17581 1
17582 0
17583 3
9392 0
200 0
9397 2
17590 2
17593 2
1210 3
16586 2
17598 2
9407 0
1217 2
1218 2
17605 1
9415 1
8396 0
9418 1
17612 2
9421 2
9424 1
11225 0
9427 2
9428 2
9429 1
9430 0
15225 1
1243 2
17628 2
9437 0
17632 1
1250 0
1251 1
1252 1
17637 0
9446 1
17639 1
17640 1
17641 1
17642 1
1575 1
17644 1
8402 2
3504 2
17649 1
17650 1
1267 3
17652 1
9461 2
17654 3
13865 2
1272 3
17657 0
17659 2
17660 2
1277 1
9470 2
17663 1
9473 1
1282 0
1283 2
9477 2
9479 2
14773 0
1290 1
1291 0
1294 2
1581 1
1298 2
9492 2
1303 1
1304 2
17689 2
9503 2
17698 0
17702 2
17703 2
1322 2
17707 2
1324 2
221 3
17713 0
1331 1
17719 1
1338 1
9531 2
1340 2
9533 2
17726 2
1343 2
9536 0
9540 2
9541 1
9543 2
17737 2
5687 2
17740 3
1357 2
1358 2
17743 2
17744 1
9554 2
1364 3
1365 0
9560 3
9561 1
1370 2
17756 0
17757 1
9566 0
1375 2
17760 2
1377 2
17762 2
1380 0
1381 2
1383 2
1384 3
1596 2
9578 1
1387 1
9580 1
2962 0
1390 2
17777 0
9586 3
2963 3
9588 2
9590 2
9592 1
9594 2
1599 0
9597 2
1408 0
9601 2
1410 2
6048 1
17797 3
9606 1
17801 2
1418 0
9611 2
17804 2
1422 2
9615 2
17810 1
17811 1
9620 2
9623 2
18324 2
17819 2
9629 1
240 1
17828 3
9637 1
1446 2
9639 2
9642 0
17835 2
9645 2
17838 3
15261 2
9648 2
1458 2
1460 3
5705 3
1465 2
17851 1
1468 2
17855 2
1473 1
1474 2
17995 2
1476 1
9669 2
1478 1
9673 1
1482 1
1483 2
1484 0
9678 3
9805 0
1488 1
9681 2
9683 0
9688 3
9690 2
9691 3
9692 2
9693 1
17887 2
16635 0
17893 0
9702 2
17895 0
9707 1
9708 2
9709 2
5506 2
1521 3
1619 2
15273 0
9720 1
9722 2
2075 0
9730 0
17924 0
1542 2
9735 0
1546 0
12546 0
9742 1
17935 1
17942 0
9817 2
17944 1
17945 2
9754 2
7087 1
17948 2
17949 2
17955 2
17956 2
17957 0
17959 2
1578 0
1579 2
17964 0
9773 2
17966 1
17968 0
17969 0
17971 2
1589 3
1591 1
9784 2
17977 2
17979 2
9788 0
1597 1
9791 2
9792 2
17985 2
9795 0
1605 0
1608 1
9801 2
1610 1
1611 3
17996 1
1613 2
17999 0
9808 2
1618 1
9811 0
9812 0
1622 2
15289 3
18009 1
18010 0
9820 0
1630 1
9829 2
1632 1
9826 2
18020 0
1637 3
9830 2
18023 3
1640 2
9835 2
18028 1
9838 1
9839 0
18032 0
18024 3
18035 1
1652 2
1653 2
1655 2
1658 3
1659 0
1661 1
1662 2
9855 0
18048 2
8237 2
18052 0
18053 2
1671 1
18056 0
1673 2
1674 2
12567 1
18062 2
13933 0
9873 2
3602 0
18069 0
9878 3
8473 2
18076 0
16666 1
18078 2
18079 2
18083 1
1701 2
1702 2
1703 1
18088 2
16669 0
18096 2
3016 1
18098 2
9907 2
1716 1
1717 2
1721 2
1722 0
18109 2
1726 2
9921 3
15307 2
1732 2
18121 1
9930 3
18123 2
1740 0
8483 0
18133 2
9942 2
9946 2
1695 2
1757 1
1758 3
1759 2
15312 3
1763 0
18148 0
1767 2
1768 1
1769 2
16679 1
18156 1
1773 1
18159 2
296 0
18163 0
18167 1
18169 1
9981 2
9982 1
18175 1
1969 0
18184 1
18186 2
9995 2
18190 1
9999 2
10000 0
10001 0
18194 3
18197 0
10426 1
18201 1
18203 2
11226 2
18207 2
1827 2
18212 1
18214 2
18217 0
1834 0
13959 1
1839 2
10032 1
1841 2
10034 1
4403 2
10036 2
10105 0
10038 2
1847 0
18232 2
18233 2
10043 1
1852 1
9866 0
10047 1
10048 2
1857 2
1858 1
13963 3
10053 1
18246 2
10056 2
10057 0
18250 2
10059 2
1868 3
18261 1
18264 1
3044 2
1883 1
18269 2
1888 2
10081 3
10082 3
10083 2
7142 1
18279 1
10088 1
10089 2
1898 3
18284 1
10095 2
1904 2
18289 0
10099 2
10100 2
18294 1
1913 2
10106 2
18301 2
1918 2
1920 2
1921 2
18306 2
1924 2
18310 3
10119 1
18312 1
1428 0
1687 2
10125 1
10126 3
18319 0
18320 0
10132 1
10134 0
1945 2
1946 0
10140 2
1949 2
18334 1
10143 1
18340 2
1958 0
18344 2
1961 2
10155 2
1964 2
1965 2
10161 3
1970 0
18355 3
18357 2
18358 3
16713 0
18360 2
1978 0
1979 1
18364 1
12341 3
18366 2
1983 2
18372 1
18375 1
18376 2
10189 1
18384 2
18385 1
18387 2
2005 1
885 1
2008 2
10201 1
18394 2
9887 3
18397 1
10207 2
8796 0
18401 1
18404 2
13990 0
18409 3
10218 2
12626 2
18414 3
10225 0
18419 1
18420 2
18421 3
12628 1
18426 1
18428 2
2047 2
18434 3
2052 2
18437 0
18439 2
18443 2
18449 1
10261 2
10264 0
2073 2
2074 1
13999 1
2076 2
346 3
10272 2
1712 1
8539 1
10276 2
18470 1
10279 2
2088 2
2091 2
18481 0
2099 2
10293 1
10294 1
16164 1
10296 1
18100 1
10299 2
10300 2
18494 1
2112 2
10305 2
10306 1
7179 3
2116 2
10309 3
8545 0
18504 1
17090 3
10316 2
10317 1
2128 1
2129 1
18515 2
10324 1
10326 0
10327 1
10328 2
2137 2
2138 2
7183 0
10332 1
18525 0
10335 2
2145 2
18533 2
18534 2
617 0
2152 2
10345 2
359 3
18541 0
2158 1
12648 2
2163 1
18110 1
10358 2
18551 0
10361 0
2171 0
10365 2
10366 2
2175 1
2176 2
2177 1
5528 0
2180 2
10373 2
18113 0
2185 2
10380 1
2189 0
18574 2
10384 0
18579 2
366 2
2198 1
10392 2
2202 2
18589 1
2207 1
10401 2
2210 2
10653 1
10404 2
18598 2
18600 2
18601 0
2218 1
18604 2
10413 0
2222 2
2223 2
10416 1
2225 1
10420 2
11294 3
18614 2
18615 1
2234 2
1738 2
2239 2
10434 2
18628 2
18629 2
18632 2
10441 2
2251 2
18637 1
2254 2
18640 1
18641 2
10450 2
2259 1
2261 1
2263 2
18649 0
2266 0
10554 2
8570 1
10462 0
10463 2
10466 0
10467 2
2276 0
18662 2
10471 1
10472 1
18666 2
10475 1
2284 2
381 0
10480 2
14035 3
18676 2
18677 0
10486 2
10488 2
2297 2
18682 1
16767 3
2303 0
12079 3
10498 2
18692 2
2309 2
10502 2
2311 0
2313 1
18700 2
18701 2
10510 0
3117 3
18704 1
13989 0
10514 2
2323 0
18708 2
10517 1
18710 2
2327 1
4484 1
10522 1
2331 3
14042 2
18718 1
10527 3
10530 1
18723 1
18724 0
2341 3
1756 0
9781 1
18733 2
10542 2
2352 3
2353 1
10547 2
2356 2
18142 1
2360 2
2362 2
18747 1
2364 2
2365 3
7221 0
10560 0
10561 2
2371 2
10564 2
1761 0
2377 0
2378 1
2380 1
11187 0
10575 1
2385 2
2386 2
18771 2
2388 2
10582 1
10583 2
2393 3
10586 0
10589 2
10591 2
10594 2
7227 2
5862 2
18790 0
10599 0
18792 2
10604 3
2413 2
7229 0
10609 0
10610 0
10612 2
18806 2
18807 2
18809 2
2426 1
3135 2
18812 2
10621 2
18814 2
18815 2
2434 2
18155 1
10628 2
18821 2
2440 2
8599 0
18828 1
10638 1
18832 1
11811 2
2452 2
18839 2
10648 2
10649 2
10652 1
8602 1
10659 3
10660 2
18853 2
18161 1
2472 2
2475 1
18861 2
2478 3
10672 2
10674 1
10676 0
2486 2
13449 2
7242 0
2498 2
2500 2
17038 1
10696 2
2505 3
10698 2
1783 1
10700 2
10701 2
10702 2
8611 2
2517 0
10711 2
10712 2
10714 1
2525 1
2528 0
10726 2
12905 3
2539 2
10734 1
2544 0
2546 2
1790 2
10742 2
10743 1
10745 0
10753 2
16811 2
8676 0
2568 0
11815 1
10766 0
12717 1
7256 2
10771 1
2580 2
10773 1
2582 2
10777 1
17544 2
2587 1
2588 1
2589 0
10782 0
2591 0
2592 1
10785 2
2594 2
2595 2
2599 2
10793 0
2603 2
10797 0
10798 0
10800 0
1800 0
10802 0
10803 3
10806 2
2615 2
2616 1
10809 1
12635 0
10811 2
10814 1
10815 2
10817 1
2627 2
2633 2
12727 1
10831 2
2640 2
2641 1
10834 0
9998 0
10843 1
10845 2
2654 2
2655 2
10849 0
2658 2
10852 2
10853 2
10855 1
10620 0
9636 2
10861 2
10862 0
2671 0
2672 2
10869 1
10870 2
10871 2
16456 2
10873 0
5909 3
10880 2
10881 2
10884 0
10887 2
11911 0
10890 3
10893 1
2702 2
10895 1
2705 0
10901 2
1817 1
10904 3
10906 2
10907 1
10908 0
18567 3
10913 3
2722 1
1819 0
10916 2
1982 0
17276 0
16839 0
10924 1
2733 2
2739 2
1823 2
2754 2
2755 0
2756 2
2763 0
2764 3
291 1
2767 1
2768 1
2772 2
2778 2
2781 0
14117 2
2787 0
2791 2
2792 2
2794 3
2797 3
2798 0
10991 1
2801 2
2802 2
2804 2
2807 3
8004 2
288 3
11004 2
18218 2
11010 3
1835 1
11012 2
470 1
11014 3
11015 2
11016 0
2825 2
11026 0
2835 2
11034 2
11038 2
3205 1
18224 0
2851 1
11044 1
11045 2
2854 1
18225 2
11049 0
11050 1
11051 3
2860 0
11053 2
2862 2
477 2
11057 2
11058 2
11059 0
17095 0
13189 0
11065 2
2874 0
5824 2
2880 2
11073 1
2883 0
2884 0
1187 2
11078 2
11079 2
11404 1
2891 2
2892 2
11089 2
483 2
9130 3
11094 1
11096 2
11097 1
11099 2
11100 0
2909 1
2910 1
11106 1
11109 2
11111 3
11112 1
2917 0
2928 1
12777 0
11128 2
2937 2
5503 1
11131 1
11132 2
2942 2
2944 2
11137 2
2946 2
11141 0
2950 2
14145 2
492 0
14095 2
2960 0
11154 0
11155 0
2968 2
2973 2
11166 0
11168 0
2979 2
11175 1
11176 1
2988 0
11181 1
11183 2
2992 2
2994 1
2995 2
11191 2
3000 2
3001 2
11194 2
16885 0
3011 2
11557 2
11208 1
3020 3
3025 1
3026 3
11220 1
11221 2
3031 1
11428 3
3034 2
353 2
11230 2
3039 1
3040 2
11236 1
3047 0
3049 2
11245 3
510 2
11254 2
11259 2
3070 2
8704 0
3074 1
3076 2
11269 3
3079 2
11273 3
14167 0
3087 2
1880 1
3093 3
3094 2
11289 0
3099 0
11292 0
3102 2
11295 2
3107 2
11300 2
8710 3
3110 2
11307 2
11309 0
5981 3
11312 2
11315 0
11316 0
3129 3
5983 0
11327 2
11328 2
10080 2
11330 1
11331 3
11333 0
11334 2
11335 2
11336 2
11338 2
3378 1
3149 3
11343 2
18275 1
11348 1
11349 0
11354 2
11356 2
3165 1
1893 1
6895 0
11366 0
3177 3
11371 2
17291 2
3181 3
3183 2
11379 3
5993 3
11384 2
17837 1
9108 2
3195 2
11388 1
18282 1
11397 2
11398 2
3209 2
3212 1
3214 1
3215 2
3216 2
11857 0
3219 3
11417 2
3226 2
18287 1
11420 0
9382 1
11425 2
5812 0
3236 0
3237 1
11430 0
11431 2
11434 2
3244 0
2563 2
11441 3
3251 0
16926 2
3255 1
3257 3
543 2
3261 1
11454 0
3263 2
11457 2
11458 2
3267 0
11461 1
3270 1
545 2
9929 2
3276 1
3279 2
3280 2
547 1
3287 2
3288 2
11471 2
11484 1
1713 0
3296 0
3299 0
3303 1
3309 1
11502 2
11503 0
11504 3
3313 2
11508 2
11510 2
8745 1
3320 2
11514 2
3323 2
3324 2
4650 2
3327 0
3330 1
11532 2
3342 1
6020 1
3354 2
3355 1
3358 0
3359 3
3360 1
3361 0
3363 1
6022 2
11559 2
12850 2
3375 2
1749 0
563 2
11573 2
14217 2
564 1
11578 1
11579 2
3389 2
3393 1
11586 0
3395 1
3396 0
17571 1
3399 0
3402 3
3406 1
11599 1
3410 2
3416 0
11610 2
3419 2
11614 1
11615 1
3424 3
11617 1
11620 1
3437 0
3440 1
3441 1
6035 0
11637 1
14189 0
11640 2
11641 2
575 1
11644 1
13754 2
11648 1
11649 2
3461 0
3463 2
3468 0
12866 2
3470 1
3471 2
4480 1
11668 2
11669 3
3479 2
11672 2
3482 2
9734 0
11679 1
3491 2
11686 0
3495 2
3499 0
5572 3
3501 1
3503 2
11696 2
3505 0
3506 0
15078 2
8777 0
3515 1
3516 3
8778 1
3521 2
11716 1
11717 2
588 1
11724 2
11512 2
11732 0
11738 1
11741 1
17849 2
2846 2
11748 0
11751 1
11752 0
3119 2
3564 3
3567 2
3568 0
13485 2
3572 1
11766 0
3576 0
8788 2
3579 1
11773 2
3585 2
18791 1
11779 0
3588 0
3589 1
10156 1
11786 1
8791 2
11792 2
10774 1
8793 1
11800 2
3611 3
11805 0
11806 2
3619 2
3621 2
3622 2
18353 0
3952 2
11819 2
11823 1
14851 2
11825 2
11827 0
3636 3
3638 2
11831 1
3646 0
11840 0
11841 2
3650 2
11844 2
10166 2
3655 1
11851 1
3660 3
11856 3
3665 0
16995 1
3669 0
3670 0
3671 2
3674 2
3675 1
8805 2
3681 1
11874 1
18363 1
11877 2
11878 1
11880 1
11881 1
3690 2
11884 2
3694 1
11887 2
11888 0
17000 1
3701 2
3702 2
3703 2
3706 2
11899 2
11900 2
4714 1
11902 2
6943 2
11906 1
12907 0
11909 2
3719 2
11912 2
11913 1
11914 1
3727 2
11920 0
3730 2
3731 1
3732 0
3734 2
1988 2
3741 2
670 2
11941 2
3753 3
11950 0
15645 3
11952 2
3762 1
3763 2
11963 2
3772 1
3774 3
3777 2
630 0
18675 0
3784 2
12919 1
3790 2
3791 2
3792 0
11990 1
12921 2
3801 3
11999 2
7219 3
3811 2
3812 3
7462 1
12006 0
12011 3
12013 2
638 0
3830 0
3191 2
12037 2
641 0
12041 1
3850 1
3373 3
3859 0
12053 1
3862 2
644 1
9676 2
12061 3
3876 2
12069 1
3879 2
3880 0
12073 1
12074 2
12076 2
12077 2
3887 2
3889 2
17033 2
12088 3
3897 0
3901 0
3903 2
12099 1
12100 2
15406 2
12109 2
12110 2
18134 2
12113 2
1729 1
10212 0
12122 3
3386 3
12126 2
12128 1
12944 2
2586 1
16970 2
12133 0
12136 2
12139 2
3949 0
3950 0
12144 1
6682 3
3958 2
13498 2
12152 1
12153 1
12154 0
6122 2
12158 2
3968 3
12162 1
3974 3
12170 2
12171 2
12172 1
12173 0
12175 2
3984 1
3985 2
12181 1
12184 2
3994 0
12189 0
12191 0
6128 2
4003 1
4006 2
5589 3
4011 2
12208 2
4017 2
12210 2
4019 1
4766 1
12214 2
4024 1
1225 2
4032 1
672 0
4034 2
4038 0
12232 2
12235 0
8866 0
12240 1
4050 1
12963 1
12250 2
12252 2
4061 0
4063 2
5318 0
12257 0
4066 1
12259 2
16775 1
12262 2
10236 1
12266 2
8871 2
12268 2
12269 3
12272 2
4081 1
4086 2
4087 0
4090 1
4097 0
4107 2
12300 2
12305 1
10011 1
4115 0
4117 3
12310 2
12313 2
12314 2
12316 2
4126 0
12319 2
12320 3
15707 1
12324 2
4134 0
15708 2
12330 1
10247 1
4140 0
12333 1
14868 2
4143 0
4146 0
12340 3
4149 0
4151 2
12344 2
3423 1
12348 1
4160 2
12354 2
12360 1
12363 3
15958 3
7522 2
12366 2
4175 2
4181 0
4182 3
12375 1
12377 2
12960 2
4192 2
10778 0
12389 2
12390 2
12391 1
4796 2
4204 0
701 2
12402 1
12403 2
12406 2
12408 0
12410 2
4220 2
4221 2
4222 2
16613 2
4225 2
4227 2
12422 2
12423 2
12424 2
12994 1
12431 3
14053 2
4245 2
12440 2
4249 1
4251 2
12445 2
12448 1
12451 1
4262 2
3688 1
12459 1
7538 3
12462 2
12464 0
12465 1
3443 0
4277 2
12470 2
14327 2
4280 1
3143 2
14368 2
7542 2
12486 2
12487 0
4296 0
7543 2
442 1
4302 1
12495 2
12496 1
4305 1
2083 2
4308 2
12501 2
12502 2
15737 0
18468 0
4314 1
12509 2
4319 0
12513 2
12514 0
4323 2
2086 0
4328 3
12521 2
18471 2
4332 2
4335 2
4336 0
4337 2
12531 0
4340 0
4342 2
4345 2
8328 0
4349 2
4354 2
18475 0
4359 2
12558 0
16785 3
4369 2
4370 1
4371 2
4372 2
4374 2
4375 3
15748 2
12570 3
12571 1
4380 2
12573 0
4383 2
12578 0
4387 3
4388 0
4389 2
5985 2
4391 2
411 2
4398 3
12594 1
18483 2
12596 2
4405 2
4408 2
12602 0
12603 3
6197 1
5057 3
4421 0
12615 2
12617 2
2103 2
4429 3
12622 1
2104 3
4434 1
12627 0
4436 2
15758 2
4439 2
12632 1
4441 1
7567 2
18697 1
12637 1
12638 2
4447 3
12643 1
4452 3
4456 3
12649 1
12652 2
4462 2
6205 2
4464 2
12660 2
10302 0
4471 1
12664 1
746 2
12671 0
12672 3
4483 0
12676 3
4485 2
2113 2
12681 0
4493 2
12686 2
3685 2
4498 2
4499 0
12692 2
4501 0
4504 2
12697 0
4508 2
11674 0
4511 1
4513 0
4517 1
4518 1
12711 2
4520 0
12714 1
10311 2
4525 1
4527 1
4528 2
4529 2
4532 1
4533 0
4534 1
4535 3
4536 0
4537 2
12730 1
4539 1
12732 1
12733 1
11608 2
12739 2
4549 0
12744 0
4553 2
16888 1
13047 0
12748 2
4557 1
12754 2
12755 0
4566 2
12759 1
12760 0
4571 0
12765 2
4574 3
12767 3
12769 2
13051 2
4580 1
4581 1
4582 2
14417 0
764 2
12778 0
4588 0
12782 0
4593 2
4595 1
4596 1
4597 0
12790 0
12792 1
2132 0
12794 3
14065 0
4605 2
4608 0
4609 1
12803 1
12805 1
4617 2
12811 2
4621 2
12815 3
7519 3
771 1
12820 2
2609 0
4630 0
4632 2
13060 0
12827 1
4641 2
4642 0
10331 0
12836 3
12839 0
2140 0
12842 2
12843 1
14267 1
4653 0
4654 1
12847 2
4656 1
12849 0
4658 2
4659 2
12852 2
4662 0
4663 0
4665 2
4667 2
12861 2
12862 2
4671 0
4672 2
12865 2
4674 1
4675 1
12868 2
12870 1
10337 2
12872 2
4683 0
6157 0
4688 1
12882 2
4694 1
4698 2
4699 1
4705 1
8340 2
4707 2
12900 1
4709 1
12904 2
4713 0
12906 2
14439 2
13074 0
12910 2
4719 0
12915 0
5340 2
4726 1
4727 1
12920 1
4729 2
4733 2
12930 2
12932 1
12933 0
4748 1
12942 2
2157 0
4752 1
12946 1
12947 1
4757 2
6255 2
12956 2
4765 1
12958 0
4768 2
12961 2
4771 2
12964 2
18545 2
4776 2
4777 1
12971 1
12972 2
4781 1
4893 1
4784 1
12977 2
4786 3
4789 3
14871 0
4792 2
12987 1
12988 1
4797 2
12990 3
4799 1
800 2
4802 1
4803 3
12435 2
4805 1
12999 1
4808 1
13001 1
4811 3
13004 2
4813 1
4814 2
4815 2
4816 1
8995 2
17188 2
4826 1
13020 0
4831 1
4832 2
14459 0
4839 0
4840 0
13035 1
4845 2
13039 0
4848 1
808 2
13042 2
13043 2
13045 1
4855 2
4856 1
10367 1
13054 1
4863 1
13056 0
4865 1
4866 0
4868 0
13062 0
4871 0
4878 0
8073 2
4882 1
13076 3
13077 2
13078 0
10372 1
8619 3
4894 0
13087 0
4896 3
13090 2
4900 0
4901 0
8325 2
4906 3
2183 2
4910 0
4911 2
13106 2
13107 0
13108 0
13110 1
10377 2
13112 1
13114 2
14894 2
14474 3
13119 0
4929 0
13122 1
4931 2
4932 0
4918 2
4935 0
13128 1
13129 2
4256 2
13135 2
13136 2
4920 0
7651 2
4948 2
13142 1
17209 1
4952 2
8621 0
18714 1
18775 1
13148 2
4959 0
13153 2
13154 2
9019 1
13156 0
4965 0
13159 3
13161 1
13168 2
13169 1
4979 1
4980 1
4981 2
4984 2
4986 2
1257 0
4989 0
4990 2
4992 1
9024 2
4997 2
13194 0
13195 0
4930 2
13199 1
5011 3
13206 1
5015 3
13208 2
13209 2
13210 2
5020 2
16291 2
13218 0
13220 2
16807 1
5030 2
5032 0
13225 2
5035 2
5036 3
5037 2
13230 2
13233 1
5043 2
18717 2
13237 1
5046 2
4937 2
5049 3
13244 2
13245 2
13249 3
5060 3
7670 3
13256 1
9036 3
13259 2
18594 2
5071 3
13266 1
13267 2
7534 2
13270 3
5079 3
13272 0
2212 1
13275 2
13276 2
5086 1
5087 1
13280 1
13282 2
13283 2
10406 0
5095 2
13288 2
7676 0
4807 1
13295 1
13296 1
13300 2
13301 2
13303 2
13304 2
13307 1
13308 1
9045 2
5121 2
5122 2
5123 2
13317 0
13319 0
13320 2
10412 2
5130 1
5131 2
6317 2
13329 2
13331 2
13333 1
13334 0
5143 1
5144 2
13337 2
13342 2
2224 3
5154 2
5158 0
13351 2
5160 0
860 3
4809 2
5164 3
5167 1
13360 2
6446 2
13366 0
9055 0
1809 2
2121 0
5184 3
5186 0
3595 0
10422 2
5191 2
5194 2
13387 1
5196 2
5197 3
7693 2
5200 0
5203 2
13399 2
5208 1
5209 2
5210 3
5211 2
8212 0
18618 2
5214 2
4538 2
5217 0
5218 0
13413 2
13414 2
13415 0
13419 1
13421 0
13424 2
13425 3
13427 2
5242 2
5243 2
5244 0
13438 1
8358 0
5248 0
13442 2
876 3
13453 1
5262 0
5265 2
13458 0
13463 0
13464 3
13470 3
13471 1
5026 2
5284 0
13477 2
5286 2
8905 2
5293 2
13486 1
5295 1
5297 0
13494 3
13496 2
4541 0
5306 1
13499 1
13173 2
15904 2
13507 3
13510 3
13512 1
12725 0
5322 2
13515 1
13516 1
13520 2
13176 0
13523 1
1672 3
889 0
5336 1
5338 0
13532 0
890 1
13534 1
5345 2
5348 3
13542 0
10449 2
13544 2
892 2
13547 2
13551 2
13552 2
5361 2
5362 2
9453 3
13556 0
5369 2
13563 2
5372 2
5373 1
13567 3
13568 3
5378 2
13572 2
13573 2
13578 2
9092 0
5389 2
13585 2
13586 0
13587 2
13588 2
14637 0
5399 3
13593 1
13596 2
9093 1
13602 2
13603 0
13605 2
5414 1
5415 0
13608 2
5418 1
5422 2
2269 0
13616 2
13621 2
13622 2
5431 0
5433 0
13626 3
18655 2
5437 2
13632 2
13633 0
13634 2
9099 0
5444 2
13638 2
14561 3
13640 1
13644 3
13645 3
13650 3
5459 3
13652 3
5463 1
9103 2
5469 1
13664 0
13666 0
5476 0
2278 2
5478 0
5481 0
11875 0
13676 0
13677 0
5486 2
5488 0
13681 3
11838 2
14913 2
5496 2
5497 2
13690 2
13695 2
13696 2
13697 2
13698 1
2283 2
5014 0
13702 2
5513 2
13707 2
1011 3
13710 2
5520 0
5521 2
11565 1
13716 3
13718 2
921 2
13720 2
13723 2
13727 1
5538 0
13732 2
13734 1
9459 2
5545 1
17097 2
5549 3
5552 1
5553 2
18734 2
5556 1
13750 2
14767 1
5561 2
5562 1
13756 2
5567 2
5568 3
13764 2
5574 2
5576 1
13772 2
5581 2
5583 2
13778 1
5587 1
13781 1
5590 3
10489 0
14549 2
5594 2
13788 3
13790 1
419 0
5606 0
13799 2
5608 1
5610 2
13803 0
5612 2
13808 2
5619 1
5624 2
13818 3
18687 0
17322 2
5630 2
11861 1
5632 1
13227 2
13828 1
5637 1
5639 2
13834 2
5644 3
5646 2
13841 0
13846 2
5371 1
5657 1
5659 0
13852 2
7771 2
5672 3
5673 3
13867 2
5686 2
10505 2
5690 1
11919 3
5697 2
13891 1
13892 3
13894 0
6412 2
13898 3
3682 2
10509 0
952 1
3683 1
13911 2
13912 1
13914 3
13915 3
13917 2
13919 3
13920 2
13922 1
13924 0
13927 1
5736 2
13930 1
191 0
13937 1
13938 2
6419 2
13943 2
2919 0
2324 2
5758 2
13951 3
5761 1
10518 2
9153 2
5771 1
13967 1
5776 2
5777 2
14823 3
13971 3
13974 1
13976 3
13978 2
5787 0
13981 3
5791 1
5793 1
13987 2
9413 0
5798 2
5803 1
13997 0
16569 0
2333 2
14001 2
5810 0
5811 2
11923 3
5813 2
15988 1
14011 3
11383 1
5821 2
5823 2
14016 3
16288 1
5828 0
14022 2
5833 3
5839 2
5843 2
14036 1
5845 0
14038 2
5847 0
14040 1
5850 2
14045 0
10533 2
5859 2
5860 2
5861 1
14278 2
3708 3
5869 2
14062 3
11901 1
14632 2
14068 0
5879 2
5881 2
14074 3
5886 2
5888 2
14083 3
16515 2
5894 0
14087 3
13017 1
13271 1
5901 1
5903 2
14098 2
5908 1
2350 2
14442 1
14107 0
14109 3
5918 2
14113 3
5925 2
5380 1
14120 2
5929 1
14122 3
14123 1
14128 2
14129 1
14130 1
2355 2
14133 2
5943 0
14136 2
14137 2
5951 0
14144 2
10291 1
7819 3
5381 2
14150 1
3422 1
5654 2
14157 2
5966 2
12763 2
5972 3
16014 2
5975 3
14170 1
14171 0
5980 3
18746 2
17381 2
14177 2
10555 0
14180 1
5989 2
18748 2
14186 2
11922 1
5998 3
14191 2
14192 2
14193 0
6003 1
6005 1
6009 3
14202 3
10559 2
6012 0
6013 2
1564 1
14208 0
14209 0
6018 1
14212 2
6021 2
14214 2
14216 2
6025 2
6026 2
14221 0
6030 3
14223 2
14224 1
7832 3
14227 1
6475 0
14237 0
6047 2
14240 1
5104 0
14242 0
6057 2
14250 2
6059 1
6060 0
14254 2
6064 2
6067 2
3742 2
6071 2
14264 2
6073 2
6075 3
5109 1
14275 1
8438 2
204 1
6086 3
14283 1
14287 1
18752 0
6105 1
2383 1
14301 0
14302 2
3749 0
14304 0
6114 3
6115 3
1020 0
13570 3
14320 2
14321 2
14322 2
14323 2
6132 2
6135 2
6136 2
14330 0
14334 0
14335 2
14337 1
11683 0
6149 0
6150 0
6151 2
6152 3
14345 3
6154 2
14347 2
14349 1
6158 2
6159 2
14353 0
1027 0
6164 2
14357 2
11662 2
10585 0
14360 1
6169 2
14364 1
14365 3
6174 2
14367 1
6176 1
6183 2
14376 2
9223 1
14380 0
6191 1
206 3
6193 3
14386 2
6196 2
14389 2
13027 0
6200 1
6201 2
13322 2
6206 2
6207 2
14408 2
14409 2
14410 2
8061 0
14412 2
14414 2
6225 2
6227 2
14420 2
6231 2
14425 2
14427 2
14428 3
16058 0
14430 3
14431 1
14432 3
14433 2
3771 0
6244 2
14438 0
5137 1
17666 2
6251 2
14446 0
7869 2
481 1
14393 2
14454 2
14458 2
6267 2
18219 0
6270 2
17429 0
14464 3
6274 3
14467 1
2412 0
6282 2
6283 1
6286 3
10605 1
1048 3
16626 2
14881 1
10607 1
8268 2
6303 3
14498 2
14501 0
14502 1
14504 2
6315 0
14509 2
14510 2
9245 2
17609 1
8394 3
14521 3
6330 2
6331 2
6332 2
6335 0
6336 2
532 3
14533 2
14534 1
14535 1
15045 2
14540 1
6349 2
14546 0
6355 3
6356 1
6357 2
14550 1
6359 2
14552 2
14553 1
6364 1
6368 2
6369 1
6370 2
2427 2
6373 1
6374 1
14569 0
6378 1
6379 1
14572 0
14397 0
6384 0
6385 2
6386 1
6387 2
6389 1
6393 2
6398 3
14591 2
14592 2
14596 1
6407 2
14603 2
14604 2
14605 0
14611 1
6421 1
6426 1
9263 1
14623 0
14625 2
8117 2
14631 2
6440 1
14633 0
6442 1
6443 2
6445 1
14638 1
6448 1
18491 0
6453 3
14649 2
14650 1
14651 2
6462 0
6464 0
6466 2
6467 2
6468 1
14662 2
3809 0
6473 2
14666 2
9271 0
6479 0
14673 2
14676 0
14679 0
6495 0
14737 2
6504 2
6507 2
7912 0
6518 3
10027 2
18836 1
6522 2
6526 1
6527 1
13376 3
3821 2
18840 2
14738 3
14742 2
18841 2
6553 0
17065 0
14751 2
4310 0
14755 1
2444 1
17131 1
14761 1
6575 2
6576 2
6577 1
14770 1
7923 0
8948 2
14778 2
14779 2
13040 2
14782 2
6593 2
14787 0
14789 2
14791 2
14792 2
14793 1
6605 0
6608 2
14801 1
6563 3
14805 2
14807 2
14808 2
14809 2
14811 2
6621 2
14816 1
7931 0
14821 2
6631 2
14825 2
14826 2
14828 0
14829 2
14830 2
7933 2
14834 1
6647 2
14843 3
14844 2
14845 0
6712 2
14849 2
6658 1
18859 1
1111 2
14864 2
6674 1
6676 0
10670 1
6679 2
14872 2
14874 2
6683 2
14877 2
14878 2
14879 2
14880 2
6689 2
14882 2
9307 2
6692 2
14887 0
14888 2
6697 2
6698 1
1314 1
6701 1
6702 1
13405 2
14896 0
6706 1
6708 1
6709 0
6710 1
14903 2
14904 2
9311 2
14908 1
6719 1
14912 0
9312 2
14914 2
6723 1
6724 2
6725 0
6726 2
14920 0
14921 1
14928 2
14934 2
18228 2
14937 3
6747 2
6748 2
9317 0
14945 1
5222 0
17511 1
14965 0
14966 0
6776 2
14972 2
1711 2
6786 1
6787 0
6788 1
6789 0
14983 2
6794 2
7864 3
6796 0
6797 2
5229 2
14993 0
6803 1
14996 2
14997 0
6809 0
6810 1
15004 2
15008 2
15009 2
15011 0
15020 0
15021 2
15022 2
16158 3
6839 3
6840 2
15034 2
15035 3
8684 1
15038 2
6847 0
15042 2
6851 1
15044 1
6853 0
6859 1
6860 1
15053 2
9346 2
18505 2
6871 0
8696 2
6874 1
15067 2
15068 2
9338 2
15070 2
6879 2
15072 0
6881 2
15075 2
6886 2
6887 1
15080 2
6889 3
6890 1
16167 0
15085 2
15087 2
775 2
7976 0
15094 2
15095 1
15098 2
6907 2
15100 1
15102 1
15103 1
6912 2
6913 0
15107 1
6916 0
6917 2
15110 1
15114 2
6923 0
6925 0
3885 2
15120 0
6616 1
6930 1
6931 2
15124 3
6933 3
6936 1
15129 1
8775 0
15134 1
15135 2
15136 1
15138 0
6619 2
15140 0
15141 1
15143 2
15145 0
13381 0
15150 0
6961 1
15155 0
15157 2
11575 0
6967 2
15160 1
7988 2
6971 1
15167 2
15177 2
6986 2
17145 1
6989 1
6991 0
13599 0
6996 2
15189 0
6998 2
15193 1
7002 2
7004 2
7005 2
7006 2
7008 2
15201 3
2938 2
7018 1
15211 3
7021 3
7023 1
15220 2
7599 2
7031 1
8963 2
9364 2
15227 3
7044 3
15238 0
15241 2
7050 1
7052 1
15245 2
15246 0
15250 3
15251 3
16741 2
15255 0
12813 2
15258 1
7068 1
7069 0
15264 2
7073 2
15266 1
7076 1
15272 0
9372 1
7082 0
15276 2
15277 1
7086 0
15279 2
15284 1
5278 3
15286 1
8009 2
7096 2
7097 2
15290 2
7103 2
15301 2
7110 2
15306 1
8693 2
7116 1
1186 0
7120 2
7121 2
7123 2
15316 1
7129 2
7130 0
15323 2
15329 2
7138 0
7139 0
15333 2
15334 1
3921 2
15342 0
1192 2
7155 2
7157 2
7158 2
15351 1
7165 0
7166 3
16214 2
7174 1
6657 1
15371 2
15374 0
15375 1
15376 3
15377 2
15379 3
7188 2
5294 2
15384 0
15385 2
15386 2
15388 0
7198 3
7203 2
7205 1
7206 2
13489 0
15401 0
15402 2
7212 2
12788 2
7214 2
15409 2
15411 0
15413 2
10761 0
15417 2
7226 0
15419 2
15421 0
7232 1
7238 2
15434 2
15436 1
7245 0
7246 2
15439 1
15440 1
8035 3
15448 2
7260 2
17594 1
7264 2
15457 2
10523 2
15462 3
7274 1
17973 2
13851 0
15473 0
7282 2
15478 2
8426 2
17599 1
8042 0
15215 0
15490 1
7300 2
15493 2
15494 3
7307 0
9410 2
15502 1
15503 2
15506 1
15507 2
15509 1
15510 2
15514 0
7323 0
15517 1
1221 2
15520 0
15521 2
15522 1
14875 2
7332 2
15525 2
7335 0
7337 0
16884 1
15539 0
15540 2
7349 2
15543 1
15544 1
16244 1
10783 3
1226 1
7358 0
15552 1
11429 0
7362 1
15556 1
16612 1
15558 1
7367 2
15562 0
7372 2
15565 1
7374 3
17613 0
15568 3
15569 0
6691 1
15574 0
15576 1
7388 2
3962 0
15582 0
7391 1
7395 1
5329 0
519 1
7403 1
7405 2
7407 2
15600 2
7409 1
7410 2
15603 1
15604 2
15605 1
15606 2
15610 0
15611 3
15612 1
15614 0
1237 2
15616 0
7425 3
17623 1
7440 2
13528 2
2430 2
15638 2
7447 2
7449 2
7450 2
7451 2
7452 2
7453 1
7454 1
16261 1
7457 0
9250 2
7461 1
15654 2
7463 0
15657 2
15658 2
7472 3
15667 2
15668 1
15671 0
7481 1
15675 2
15676 0
15677 1
14901 0
7489 2
7491 2
15684 0
7493 2
7496 0
7497 2
7502 1
10470 2
15697 0
7506 2
16744 2
15703 1
15704 0
7513 2
3983 2
7516 2
15711 2
15714 1
2619 2
15717 0
15718 0
15719 1
7528 3
15721 2
15722 2
7533 0
15726 1
7535 0
15728 1
15729 1
15730 1
15734 2
15735 0
7544 2
7545 1
14911 0
7548 2
15741 1
7555 0
7556 0
7558 0
7559 2
15752 1
1070 1
7564 2
15757 2
2287 2
15759 3
15761 2
14916 0
525 0
15773 2
14917 1
15777 2
15781 1
9457 2
7594 3
15788 1
3997 2
5363 3
15798 1
1268 0
7612 1
7615 2
7617 1
10827 0
7621 0
15816 2
7626 2
15826 3
15827 3
7640 3
7641 0
7649 2
9467 2
15844 2
16294 3
15850 2
15852 2
2642 0
15855 1
15859 1
17662 2
15862 2
15863 2
15864 0
15868 2
12202 2
15871 1
7680 1
15876 0
15878 2
17665 2
15882 0
15883 0
7692 2
9474 1
7695 2
15890 2
7699 2
7701 0
15895 0
15897 0
15898 2
17669 2
7712 2
7714 0
12532 2
7718 2
10035 2
1287 1
15921 2
15925 2
15926 0
7737 1
7740 0
9482 0
7743 2
15936 2
7747 2
7751 2
7753 3
13581 0
7766 1
15962 0
15963 2
12218 2
15966 2
7778 0
15971 2
15972 0
15973 2
15977 0
15978 3
7787 1
15980 2
7789 2
7790 1
15984 0
7794 2
7796 3
16318 0
17172 1
5483 1
7802 0
15997 1
8999 0
15999 1
16000 2
16002 2
16003 2
7812 0
7814 1
16008 0
7817 1
16011 1
7820 2
16900 2
16015 1
7825 0
16024 1
16026 2
16027 1
7839 2
10864 2
16034 2
16035 3
16036 1
16041 1
7852 3
16045 3
7855 3
16049 1
16050 3
7862 2
16056 1
7866 2
17695 2
16060 2
16061 1
16064 2
16066 1
7875 1
16069 2
9023 2
16073 1
7882 1
7884 2
7885 3
16078 1
16081 2
7890 2
7891 2
7896 0
7897 2
7898 0
16091 2
7901 0
8992 3
7905 0
16104 0
16106 2
13607 2
16108 2
7917 2
16110 2
16113 2
16115 2
16117 2
7927 1
16120 1
16123 1
16125 2
871 0
7937 0
16130 0
16133 1
7945 2
14195 2
16143 2
7954 0
7955 2
17723 1
16155 1
16156 2
4058 2
7966 1
14981 1
16160 0
15541 2
7970 1
7972 2
7974 0
7975 2
10267 0
16169 2
16171 0
4963 3
16176 0
7986 2
16179 3
16180 0
16183 2
16186 2
7995 2
16188 3
3381 1
17997 3
16191 1
8001 1
16196 1
13689 0
16201 1
16203 0
16204 1
12258 2
8014 2
8017 3
3813 0
8020 2
8022 0
13625 0
8024 0
16224 2
16226 0
2181 1
16228 3
8038 1
16234 2
16359 1
8044 1
16238 3
1341 2
8048 3
16362 2
10801 2
16245 1
8054 2
12265 1
15602 2
14453 0
8069 2
16262 1
16263 2
16265 1
16266 2
8075 2
2724 1
16277 2
15001 1
8093 3
8096 2
4080 3
16290 0
2715 2
16292 0
8101 1
8102 1
8104 2
8105 2
16300 3
16301 1
8110 2
16304 2
8113 3
10363 0
8116 2
16309 1
1353 0
6928 1
8126 0
6816 1
1355 1
9548 0
16330 3
12279 2
16332 2
8144 1
8146 2
8149 2
16344 2
16345 1
8154 3
16348 2
16349 1
16350 2
2725 2
8455 0
8162 0
16355 1
16356 0
8165 2
8167 0
8168 2
8170 2
16368 1
16369 0
6241 1
16372 1
8181 3
16376 2
9556 2
16379 2
16380 0
8189 2
16382 1
17749 1
