8192 2
16385 2
16386 2
16387 2
16388 2
8197 2
8198 2
16391 1
16393 2
8203 0
16396 1
16397 1
15021 2
16404 3
16406 0
16407 0
16408 0
8219 2
16412 0
16414 2
16418 0
13659 1
16421 3
16422 2
8234 2
8237 2
16430 2
16432 0
16433 2
16434 2
6835 1
8249 2
8250 1
1375 2
16445 2
16446 0
66 1
16451 0
68 2
8261 2
8262 2
16455 2
16456 2
16457 2
8266 2
75 2
8269 0
16464 1
16466 1
8276 1
88 2
89 1
16476 2
93 3
1381 2
16484 1
8293 1
8295 2
16488 2
8297 2
17767 1
8302 2
16495 1
17895 0
12279 2
120 3
122 3
16509 1
126 2
10039 2
16513 1
8322 2
16515 2
132 2
8325 2
16518 2
16522 1
8331 2
16524 1
8333 2
144 2
8337 0
8338 2
15043 2
150 2
151 1
8344 1
8345 3
16538 0
17775 3
16540 2
2074 1
8351 1
16546 0
27 0
16550 1
16552 2
169 1
170 0
8364 2
175 3
177 1
16562 2
16564 1
4126 0
8374 2
17780 1
187 1
16572 3
8383 2
8385 0
9112 2
197 2
8391 2
200 0
8393 2
202 2
8396 0
8397 2
206 3
16591 2
16592 1
16594 2
8403 3
16374 0
218 3
219 0
8412 1
13690 2
223 2
16608 0
8418 2
16613 2
16614 0
8424 2
5736 2
16618 2
16619 0
236 0
237 2
8430 2
16626 2
16627 0
246 0
5503 1
16636 2
14077 3
254 0
15061 0
256 1
1408 0
16643 2
261 2
16646 1
264 0
16650 0
17794 1
8462 0
271 2
16657 1
16658 0
5508 2
8474 3
284 1
285 1
286 1
287 2
8480 1
8482 0
2779 2
292 0
16677 2
8486 2
16679 1
8488 2
297 2
299 1
8494 0
303 2
8496 2
16691 2
308 2
310 2
312 1
8506 1
8507 2
16700 2
319 2
324 1
326 1
6881 2
16713 0
4151 2
8525 2
334 3
16719 2
16723 3
342 2
8535 2
16728 1
8539 1
16732 1
16733 2
8543 3
354 2
16443 2
16740 0
8549 0
16742 1
16743 2
8553 2
15079 3
16748 0
8558 2
367 0
16752 2
16753 2
8563 2
8564 2
8565 3
374 2
16759 1
16760 0
657 3
378 3
16765 2
383 0
16768 2
390 1
392 1
8585 1
394 2
16779 2
8591 3
16784 2
16786 1
16789 3
407 2
8600 1
8601 2
410 2
2799 3
16796 3
16800 3
16801 0
8610 1
420 1
16454 3
423 2
16808 1
16809 0
8619 3
428 2
8621 0
16814 2
16815 2
16818 0
8627 0
437 2
4169 3
16824 0
443 0
74 0
446 2
16835 0
16836 1
454 2
455 1
3058 1
16841 2
461 2
462 3
16847 0
16850 3
16851 2
469 1
16854 2
16856 2
8665 2
8669 2
8671 3
482 1
8675 2
485 2
16870 2
488 2
16874 0
9639 2
8684 1
82 3
11005 1
8689 2
499 3
16884 1
6910 2
16886 2
16889 2
7109 0
6911 1
510 2
16896 1
16897 2
16902 2
9019 1
524 2
16909 1
8721 2
8723 1
533 0
8727 0
536 3
538 0
8731 0
8732 1
542 2
543 2
544 2
16929 2
8739 3
15110 1
551 1
554 2
16939 1
558 1
8751 2
16946 2
563 2
8758 2
8759 1
8761 1
6020 1
16956 1
573 1
575 1
577 1
8771 3
16965 0
583 1
584 2
8780 1
590 1
591 1
592 1
8787 2
16980 2
1465 2
16985 1
8796 0
8799 2
8800 1
609 2
8802 1
611 1
15296 2
8809 0
17002 1
8811 1
8813 1
8814 2
624 2
12392 1
6931 2
8822 2
633 2
5567 2
636 2
639 0
8834 2
8835 1
17028 0
646 3
8841 2
8843 2
17036 2
654 0
17207 3
17042 2
660 2
17045 0
8855 1
664 0
17049 1
17050 1
667 2
17053 2
8862 2
8863 3
8864 2
673 2
675 0
676 2
17061 2
17062 0
8871 2
8873 2
1932 0
8875 2
8880 0
8881 2
17075 0
17076 1
2846 2
17079 2
704 0
8897 2
8898 1
17091 0
708 2
8902 2
712 2
17097 2
8906 2
17099 2
716 1
15138 0
719 3
720 3
721 0
8914 2
8916 2
1486 0
726 2
17111 2
17113 1
730 2
17115 2
7097 2
733 1
17118 2
1661 1
17120 2
14800 2
738 2
10663 3
8935 2
744 2
745 1
2855 2
748 2
749 0
750 2
8317 1
8945 2
8946 0
757 2
17142 0
760 1
8953 1
1096 1
763 0
13781 1
17152 1
8963 2
17156 2
5590 3
17159 3
7118 1
17162 0
779 0
780 2
6957 1
8976 2
787 2
788 2
17173 1
790 2
8984 1
794 2
11055 2
8990 2
8991 2
8992 3
801 2
803 2
17191 0
808 2
17196 1
9011 2
820 2
9014 3
9015 0
825 2
9018 2
17211 1
828 3
8330 2
17214 0
6965 2
17218 1
17220 1
17225 0
17227 1
844 2
9038 2
9039 1
17233 2
851 0
9045 2
9046 1
2873 0
856 0
860 3
861 2
862 0
1509 2
9057 1
9058 3
9060 3
14759 3
145 2
8970 2
1120 3
874 3
875 2
17260 2
17262 0
879 2
880 0
17896 1
882 0
9075 2
17268 1
17270 1
9079 1
888 2
9082 2
891 1
892 2
894 2
895 1
17280 1
2880 2
898 2
9093 1
9094 0
903 0
904 1
17290 2
17291 2
17292 1
9101 0
910 1
914 1
9107 0
917 1
920 2
17308 2
17310 1
17311 2
17313 2
931 3
932 3
933 1
17318 2
936 3
17321 2
938 1
17325 1
9135 1
9136 2
17329 3
9138 0
947 2
9143 1
952 1
953 2
2890 3
960 2
961 1
9157 3
9158 3
162 2
9866 0
16672 0
17360 2
9173 2
4670 2
17376 0
166 1
17386 0
17391 0
1010 1
17395 2
17396 2
18310 3
17399 2
9209 1
17402 1
1020 0
9214 3
9215 0
9217 2
9218 2
1027 0
1028 1
9221 1
9223 1
9224 1
9226 3
11095 2
1037 3
9309 1
9231 2
1040 0
4399 1
17426 2
17427 3
1046 2
15193 1
17432 2
17924 0
17435 3
1054 2
1058 2
9252 2
1065 2
17450 1
8354 1
178 0
9262 2
1071 1
9264 1
1077 2
9270 2
1079 2
9272 3
180 3
9274 2
17469 0
9278 1
17472 0
17474 2
9283 1
15312 3
17477 1
9287 0
17480 2
12472 1
1107 1
1109 3
17494 2
185 2
9304 2
1114 1
9307 2
9308 1
18859 1
17502 3
1119 2
9312 2
1122 1
17507 2
1124 2
17509 2
9318 0
17512 1
1129 0
17514 2
17516 2
9326 0
17519 2
1138 2
9332 2
1141 1
9336 2
8767 0
17532 2
17533 3
17534 2
1151 1
17536 2
17538 1
17539 3
9349 2
17542 1
17544 2
9355 3
17548 1
17549 1
17550 2
17553 2
9364 2
1173 2
17558 1
17559 2
1177 2
1178 0
9375 0
17568 0
17570 2
1187 2
17572 2
17573 1
17574 1
9383 0
17577 1
9386 2
16583 2
17582 0
1199 0
1200 0
16584 0
1203 2
9396 1
9400 0
17593 2
9402 2
4932 0
9405 2
17598 2
17600 1
1217 2
1218 2
1219 0
17604 0
1221 2
339 3
9416 1
17609 1
17610 2
17613 0
9422 0
17618 2
9427 2
1236 1
9433 2
1242 3
16681 1
17632 1
208 2
9443 2
17636 1
17638 0
17639 1
17640 1
17641 1
17642 1
9453 3
1264 3
17649 1
17650 1
17652 1
9461 2
17654 3
17655 3
1273 2
9467 2
17660 2
663 2
17662 2
17664 0
17665 2
17666 2
1283 2
17668 0
17669 2
17670 0
1287 1
9480 2
1290 1
17676 0
1299 1
9492 2
9493 1
9494 1
9496 2
17689 2
11773 2
9500 0
16602 1
9503 2
17696 1
1313 3
1314 1
6045 1
220 2
1323 0
1324 2
17710 2
8413 2
17713 0
1331 1
17719 1
9531 2
17724 0
17726 2
17727 1
7051 1
1349 0
9543 2
17737 2
1355 1
1356 3
12514 0
1358 2
1359 1
9554 2
9555 1
9556 2
1366 0
9562 2
1372 1
17757 1
17759 1
1377 2
17762 2
1380 0
230 0
9574 1
1383 2
17980 0
9578 1
9579 2
1390 2
1391 0
6593 2
17779 2
1396 2
9590 2
233 2
9592 1
17785 0
9594 2
1599 0
9597 2
9599 0
9600 1
9601 2
1410 2
17795 1
9604 2
17797 3
9606 1
1601 1
17800 2
17802 1
9611 2
1420 0
1422 2
16687 1
17810 1
5699 0
17813 1
9623 2
17820 0
9629 1
17989 1
1440 2
1441 1
1444 2
9637 1
9638 3
1447 3
17835 2
9645 2
1454 2
9648 2
17992 2
17842 2
1460 3
1461 2
1464 2
9657 0
1466 2
17851 1
1468 2
2231 2
17855 2
1473 1
1475 1
9669 2
17862 1
9673 1
1482 1
9676 2
1485 3
9678 3
1488 1
9683 0
9685 2
4345 2
9690 2
9691 3
9694 0
17887 2
9696 1
9697 3
2982 3
9702 2
18001 2
9704 3
9705 0
9707 1
17900 2
9709 2
9712 2
1521 3
9718 3
13908 1
9724 1
16640 1
1538 2
1539 2
1540 1
1542 2
1544 1
18055 2
1550 3
18008 1
17940 0
15278 3
17942 0
2234 2
17944 1
1561 2
9754 2
15279 2
17948 2
17949 2
15055 2
17952 2
9761 1
17955 2
9768 2
17962 1
1579 2
17964 0
9773 2
17966 1
14510 2
9781 1
1591 1
9784 2
17977 2
1594 1
17979 2
1596 2
12554 3
9791 2
9792 2
17985 2
17987 0
1605 0
1608 1
9801 2
17995 2
17996 1
17997 3
1615 2
11192 2
9810 2
9812 0
1622 2
11193 0
1624 2
9817 2
18010 0
1630 1
1631 1
9829 2
9830 2
1640 2
274 2
9839 0
18032 0
18033 0
18034 1
4371 2
18036 2
9845 1
9850 0
18045 0
9854 1
9856 1
9857 0
1666 2
1669 1
601 1
1671 1
1673 2
1674 2
18062 2
9874 0
18067 0
9878 3
18074 3
1691 2
16666 1
18079 2
18081 2
18084 0
18085 1
1702 2
1703 1
1705 0
9899 1
1711 2
18096 2
1715 0
1716 1
7695 2
1721 2
18107 3
1724 2
18109 2
18110 1
18037 1
11787 1
1729 1
18114 2
8241 2
9927 2
9929 2
1738 2
13943 2
4386 3
18128 0
18133 2
1751 2
1755 1
18142 1
18143 1
18145 1
18148 0
16678 1
17244 0
1769 2
18155 1
18156 1
1773 1
9967 1
18161 1
17635 0
1662 2
1782 1
18167 1
1786 1
1789 2
9982 1
18048 2
18178 1
18179 1
9995 2
9858 0
9999 2
1808 2
1809 2
18194 3
1812 3
18201 1
8495 2
18204 2
3034 2
10699 1
18207 2
18209 0
1827 2
18212 1
18214 2
18216 2
1833 0
18218 2
10027 2
1836 1
1837 2
1839 2
10032 1
18225 2
10035 2
18228 2
1845 0
10038 2
1847 0
18232 2
17852 2
18234 2
10043 1
1852 1
10045 1
10046 2
10047 1
10048 2
10049 2
1858 1
10055 2
18248 2
18249 3
1866 2
18251 2
18252 1
3042 2
1872 0
18259 1
18261 1
1878 0
18264 1
1882 0
18269 2
1887 2
18272 0
18275 1
10084 1
18279 1
10088 1
1897 3
3047 0
18284 1
5246 0
1902 1
1904 2
18289 0
10100 2
18294 1
7145 2
10104 1
10105 0
18298 2
1918 2
1920 2
1921 2
1923 2
1924 2
1926 3
1927 3
18312 1
18315 3
18316 1
10125 1
10126 3
18319 0
10129 2
1944 0
10138 3
883 1
10142 2
18337 0
1955 0
18340 2
10149 1
18344 2
1961 2
10154 0
18347 2
18348 1
1965 2
18077 0
18352 1
18353 0
1970 0
18355 3
10165 3
18358 3
18361 3
1978 0
18363 1
3254 1
10175 0
5792 1
14525 1
1991 2
1992 2
4428 1
1994 0
18382 1
18384 2
18385 1
10196 1
2006 1
2007 1
2009 0
9887 3
10207 2
18401 1
18404 2
10213 2
10214 0
18414 3
10225 0
18419 1
18420 2
18421 3
9897 1
18424 1
18425 0
18426 1
2043 1
2047 2
18432 1
2052 2
16726 0
10246 3
15562 0
9343 2
2061 3
10254 2
13997 0
10256 0
10260 1
2072 2
3076 2
5251 2
18095 0
2076 2
2077 2
10270 3
1712 1
14001 2
10281 2
10282 2
2091 2
5810 0
2094 1
349 1
10925 1
3080 2
2098 2
18483 2
18484 2
10293 1
10294 1
10298 2
10299 2
2112 2
10305 2
2116 2
10309 3
18502 3
10311 2
2121 0
10314 0
10316 2
10317 1
10318 1
18511 3
2128 1
1720 0
2132 0
10325 1
2136 0
18521 0
2138 2
10331 0
10332 1
18529 0
18534 2
18535 1
10345 2
10346 3
359 3
18541 0
18542 0
5821 2
10355 1
1726 2
10358 2
10361 0
10365 2
10366 2
2176 2
14257 1
8555 2
9347 1
2183 2
2184 3
2185 2
2188 2
18574 2
10386 1
18579 2
18581 2
10391 1
10392 2
2201 2
18587 3
6620 2
2207 1
2208 3
368 0
18594 2
619 2
18597 3
18598 2
10407 2
10411 2
18604 2
10415 2
13713 2
10417 3
2227 2
18612 1
18614 2
18615 1
10426 1
2236 2
2237 3
2238 2
2240 2
10433 2
10435 2
18628 2
2245 1
2247 1
18632 2
18634 1
12663 2
18636 2
18640 1
18641 2
2258 2
2260 2
2261 1
2262 0
10456 1
18649 0
2266 0
2267 1
10461 2
621 2
10466 0
10467 2
2278 2
10471 1
2280 1
10473 0
18666 2
2283 2
10477 2
10478 2
10479 2
2288 2
18675 0
10485 1
10487 0
18682 1
16767 3
7210 3
18688 1
12672 3
10498 2
18693 2
10502 2
10505 2
18699 0
2318 0
18704 1
18705 2
18706 2
18707 1
18708 2
10517 1
18710 2
2329 2
10522 1
10523 2
2333 2
896 0
18723 1
18724 0
18725 1
10171 0
18734 2
10543 2
13550 1
7219 3
10548 1
10549 0
393 2
2362 2
2364 2
18750 1
15413 2
18755 3
10564 2
18759 1
2377 0
2380 1
2385 2
18771 2
2388 2
18774 3
2392 2
10589 2
17265 2
10592 2
2406 1
10602 2
2412 0
10605 1
2414 2
10607 1
18801 2
2419 3
18804 2
2422 1
2426 1
2427 2
10621 2
10622 2
2433 1
18819 0
18821 2
10631 2
2440 2
4503 2
18828 1
10638 1
18157 2
18833 0
9356 3
2452 2
18837 2
18839 2
10648 2
10649 2
10650 2
18844 1
2462 2
10660 2
10662 2
1446 2
2472 2
8604 2
2475 1
2476 0
5874 2
2479 0
10672 2
18163 0
12702 2
2486 2
2487 2
11764 2
10041 2
4511 1
71 1
2500 2
18166 0
2502 1
8609 2
2505 3
10449 2
1783 1
2510 0
2512 0
2516 2
10709 2
10711 2
10712 2
10714 1
2525 1
2527 1
10723 2
4518 1
12711 2
13178 0
9981 2
2545 3
2546 2
2549 2
2555 1
10748 2
10749 1
2558 1
16452 1
427 2
10757 2
2566 3
10761 0
2575 0
10769 0
2578 1
10771 1
10773 1
10774 1
10777 1
10779 3
10780 0
2589 0
10784 0
2593 2
2594 2
2595 2
2600 2
10793 0
10798 0
10800 0
10801 2
2612 2
2615 2
10809 1
10812 1
2622 1
10817 1
10819 2
2628 1
10822 1
15457 2
2634 2
4535 3
10831 2
2640 2
10837 2
2646 2
12729 0
2648 3
2653 3
2654 2
10847 1
1725 2
2658 2
10852 2
10856 2
2665 1
10858 1
9636 2
10860 1
1810 3
2671 0
10864 2
10868 0
4542 1
2678 3
10871 2
10873 0
10876 0
10881 2
2690 0
12737 1
10891 0
2702 2
2703 0
10897 3
10901 2
2710 3
10906 2
2715 2
10908 0
10915 2
2724 1
10918 2
13457 0
2729 1
2732 0
2733 2
5001 2
2739 2
10184 0
10933 0
2742 2
2746 0
10940 2
10941 0
2750 1
2751 0
10945 2
2757 0
2758 2
2769 0
2772 2
2777 1
2778 2
8655 2
10973 2
2783 3
2791 2
2794 3
2797 3
10991 1
2801 2
10994 1
366 2
2807 3
11002 3
11004 2
10026 2
4565 1
11010 3
11011 0
11012 2
2825 2
18221 2
2835 2
2839 2
2840 0
11034 2
11038 2
2847 1
11041 2
2851 1
11045 2
2854 1
1841 2
2856 2
2860 0
2863 0
11056 0
11059 0
2868 1
10036 2
2874 0
11072 1
2882 2
2884 0
11077 1
11078 2
2889 1
11082 2
2891 2
2894 3
11089 2
2899 2
2900 1
2903 2
11096 2
11097 1
2909 1
11102 3
1765 1
1188 1
11109 2
11111 3
11112 1
2925 2
10463 2
2927 2
16872 1
2930 0
11128 2
1855 2
11132 2
2942 2
11138 2
2950 2
1857 2
2952 2
11148 2
10050 1
11150 2
2959 2
2961 0
2962 0
11155 0
11156 2
11164 0
2973 2
11167 1
11168 0
11174 0
2983 2
11183 2
2992 2
2993 1
2994 1
11187 0
2998 0
11191 2
3000 2
3001 2
11194 2
11197 3
3006 0
3007 2
3010 3
3012 2
502 2
3016 1
11214 2
11217 2
11220 1
3029 1
3030 1
3236 0
11226 2
3035 3
3037 0
11230 2
3039 1
3040 2
11234 1
3043 3
3044 2
11237 2
11239 2
3048 3
3049 2
3052 1
11245 3
3057 0
2748 3
11254 2
11262 2
3074 1
11267 2
11268 2
3079 2
11272 2
11273 3
3082 2
10741 1
4610 1
3093 3
3094 2
5013 3
11292 0
3104 0
376 2
5979 0
3108 2
3110 2
3249 1
11307 2
11317 3
11323 2
3132 1
11327 2
10080 2
9379 1
11334 2
11335 2
11336 2
3145 3
11340 2
11344 2
11346 2
10083 2
11350 1
11355 3
11363 2
11364 1
11366 0
3175 3
11371 2
3182 3
3187 2
3188 2
3191 2
11384 2
11386 0
11388 1
11393 2
11397 2
11398 2
3207 2
14188 2
11403 2
3215 2
3216 2
8728 2
3222 1
11421 2
3230 1
17089 0
11425 2
11426 3
11428 3
3237 1
11430 0
11431 2
11433 2
3242 3
11435 2
11438 2
11440 0
11441 3
11821 1
3252 3
16926 2
11446 1
11451 1
3261 1
3263 2
9366 1
11458 2
11461 1
3270 1
8737 2
11464 2
3274 1
3275 1
7374 3
11479 3
14294 0
3293 3
11487 0
3298 1
3303 1
3305 1
11502 2
3313 2
3314 3
11507 0
11508 2
3320 2
3323 2
8746 2
3327 0
3329 0
11528 1
11530 1
3288 2
11544 2
3353 1
11546 0
3357 1
3358 0
4656 1
11554 1
3363 1
11557 2
11565 1
3375 2
3376 2
3378 1
3380 1
11573 2
3382 0
4660 2
11579 2
3392 1
3395 1
3399 0
11593 3
3406 1
11599 1
3409 0
14571 2
3419 2
11612 3
8762 1
3422 1
3424 3
13753 1
11619 1
3428 1
3430 3
9116 1
3437 0
11631 2
3440 1
11634 2
3444 2
3445 1
11639 1
11640 2
3449 2
16959 2
15595 1
11652 2
3461 0
11658 0
11081 1
4674 1
11662 2
16963 0
3476 2
9663 2
3478 2
11672 2
3482 2
3483 1
11300 2
7408 2
3490 2
11505 2
8775 0
3501 1
3502 2
3503 2
17131 1
8776 1
11699 1
11701 2
4754 2
8573 1
3515 1
11709 1
3521 2
11716 1
16972 1
18121 1
15607 1
11724 2
17030 1
11733 3
11738 1
11741 1
17849 2
3557 2
15667 2
11754 0
3564 3
3566 1
3568 0
11761 1
8575 3
3572 1
3573 0
11766 0
3581 0
3582 2
11779 0
11780 3
7425 3
11786 1
3595 0
11788 2
11789 2
3601 3
3604 3
11797 2
8793 1
11800 2
11802 0
3611 3
11808 1
3619 2
3621 2
11815 1
11817 0
11820 3
3629 1
11825 2
1971 2
3636 3
3638 2
11831 1
11832 1
607 1
9123 2
11838 2
11841 2
11842 0
11843 2
11844 2
11845 2
3655 1
11849 0
3660 3
3661 2
11856 3
11857 0
3666 0
3671 2
3674 2
3676 2
3677 2
3678 2
15632 2
11874 1
1979 1
11876 1
11878 1
11879 2
11880 1
11884 2
11885 0
3702 2
3704 1
3706 2
11902 2
15637 2
3713 2
3715 1
11915 0
3727 2
11920 0
3352 1
3730 2
3731 1
11924 3
622 0
1761 0
3740 0
5853 2
3747 1
11941 2
3751 1
11944 2
7452 2
18376 2
14310 3
11963 2
2035 2
11968 1
3777 2
3779 1
3782 2
3784 2
3785 3
3786 0
3788 2
3792 0
11985 0
3797 2
3798 2
17017 0
672 0
11999 2
3811 2
1771 1
12006 0
3821 2
3822 3
12925 1
3834 2
8831 0
12032 2
3841 2
12037 2
15661 1
15117 2
643 2
3862 2
12055 2
12058 2
3876 2
12069 1
3879 2
3880 0
12073 1
3882 1
12076 2
3885 2
3887 2
3889 2
12083 2
12089 1
3901 0
3381 1
12098 1
12100 2
12103 3
12104 2
12106 2
12109 2
12110 2
12114 0
17038 1
3928 2
2020 3
12126 2
12130 2
3387 1
3950 0
17041 1
12136 2
12138 1
12139 2
12141 1
12142 2
12152 1
12154 0
661 1
3968 3
12162 1
3971 1
7770 3
12167 1
3976 2
3978 2
3979 1
12173 0
4446 3
12175 2
12177 3
11587 2
12181 1
665 1
12184 2
3994 0
12188 2
3999 0
133 2
6128 2
4002 1
5373 1
4006 2
14321 2
4009 3
12202 2
4011 2
12206 1
669 2
12209 2
12210 2
6131 0
4020 1
4021 1
12218 2
17055 2
4029 2
6133 1
4768 2
12229 2
16774 1
4039 2
4046 1
4050 1
4052 1
4053 1
1226 1
4057 2
4058 2
12252 2
4061 0
1118 2
4063 2
12257 0
12956 2
12259 2
4069 3
12262 2
15697 0
12265 1
17048 3
4076 3
12270 2
4079 0
12272 2
4084 1
12277 0
4087 0
6143 3
4093 1
4094 3
4101 3
4103 2
4780 0
4106 2
4107 2
15958 3
4109 2
4114 1
12308 2
12310 2
12313 2
12314 2
12316 2
4125 1
12958 0
17072 2
12324 2
4134 0
4138 3
12331 2
4143 0
10248 2
4148 1
12343 1
12344 2
4153 2
6154 2
17077 3
12354 2
4526 2
4790 1
12361 2
4171 1
4173 2
4175 2
3427 2
12372 0
18446 2
4793 1
11620 1
4187 3
12380 0
4191 2
12384 1
12387 2
4200 3
4201 2
4202 1
15719 1
4204 0
4205 2
4206 3
4211 3
7778 0
7529 2
18452 2
4221 2
12415 0
4229 1
12423 2
12424 2
12426 0
12427 2
4238 0
5811 2
12432 2
12433 2
12435 2
4245 2
12439 0
12440 2
6961 1
4256 2
4262 2
12457 2
7246 2
4267 1
4269 0
4270 0
18461 0
4272 1
12465 1
12470 2
8905 2
4280 1
4281 0
714 1
12478 0
12484 2
12486 2
8908 3
4301 1
4302 1
12496 1
4307 2
4309 2
4310 0
11641 2
4815 2
4318 2
4319 0
4322 1
12515 3
4325 2
12521 2
4331 1
722 0
4335 2
4337 2
4338 1
4340 0
4342 2
17057 0
12539 2
12541 1
4354 2
4355 2
12549 2
4359 2
4362 0
4363 2
4364 2
4368 1
4369 2
4370 1
12563 2
4374 2
8921 2
12568 2
4377 3
12571 1
4380 2
4383 2
12577 1
12578 0
12580 2
4389 2
12584 2
18482 0
12591 1
12592 2
2099 2
12596 2
12597 1
12599 2
12603 3
3466 2
7563 2
18486 3
14323 2
12618 1
4427 1
12620 3
12622 1
11661 2
12626 2
10786 2
4436 2
15758 2
4438 3
14393 2
12632 1
12633 1
12635 0
4445 0
13787 2
6978 0
12643 1
15761 2
12648 2
12649 1
4458 2
12651 0
12652 2
4462 2
4464 2
12657 2
12658 2
4471 1
4475 0
7514 1
4480 1
8939 2
4484 1
4491 1
12686 2
3480 2
4498 2
4501 0
12695 3
6151 2
4505 0
4510 1
12703 3
12710 1
4519 0
4521 1
4524 1
12717 1
12718 1
4528 2
4529 2
4531 1
4532 1
4534 1
12727 1
4536 0
4537 2
12730 1
2606 3
12732 1
12733 1
10244 3
4545 0
12738 0
12739 2
3489 3
4552 1
4553 2
4557 1
12750 2
12757 2
12759 1
4570 1
10319 3
4572 0
12765 2
7589 0
12769 2
4580 1
4582 2
4583 1
4584 0
4589 2
12782 0
4592 0
12787 2
12788 2
11760 2
12790 0
12792 1
10324 1
8959 0
4605 2
1790 2
12802 1
12804 1
12805 1
4620 0
4621 2
8975 2
4626 2
4630 0
2137 2
4633 2
4635 1
773 2
12832 1
4643 1
13405 2
12840 1
4650 2
12847 2
12848 2
4657 1
4658 2
4659 2
12852 2
12861 2
12862 2
4671 0
4672 2
12865 2
12866 2
12868 2
4678 1
10337 2
5293 2
4683 0
4686 2
4688 1
12884 1
4693 2
4694 1
4696 1
4698 2
17167 2
18362 3
4705 1
4707 2
4708 1
4709 1
4712 2
4713 0
12906 2
4717 0
12910 2
1437 3
4721 2
4723 0
4724 2
4726 1
12919 1
12920 1
4732 0
4733 2
4741 1
4742 1
4014 2
2157 0
4752 1
13080 1
12946 1
10351 2
4764 0
4765 1
4766 1
12960 2
12961 2
12966 3
4776 2
4777 1
4779 1
12972 2
4784 1
15816 2
4788 3
12981 1
14344 0
12985 0
12989 2
4801 1
4803 3
4805 1
12998 1
4807 1
4808 1
4809 2
4811 3
10253 2
4814 2
13007 1
4816 1
4819 1
13015 1
13016 2
4826 1
4827 1
4829 0
13022 3
13023 2
13024 2
13026 1
13027 0
13028 0
4837 2
13030 2
4839 0
4842 1
13035 1
4844 1
4845 2
13039 0
13040 2
13041 2
13043 2
13045 1
4855 2
4856 1
4863 1
13056 0
4866 0
4871 0
13064 3
13076 3
13078 0
4888 2
10372 1
13083 2
4894 0
13087 0
13090 2
13093 1
13096 2
18567 3
13101 3
13102 1
4918 2
9012 3
13114 2
4926 1
13123 2
3983 2
4934 1
11745 2
13128 1
18572 0
13131 2
13134 1
13136 2
13138 0
13140 3
10382 2
13142 1
4952 2
18714 1
4956 0
13153 2
4963 3
13156 0
13160 1
17422 2
4973 0
13168 2
4986 2
13183 0
13184 1
4997 2
13190 3
11756 0
13195 0
13196 0
5005 3
13199 1
18584 1
5010 0
4931 2
7662 0
13208 2
13209 2
13210 2
5021 2
13214 1
13215 3
5025 2
5026 2
13220 2
16807 1
5030 2
5035 2
13229 2
13230 2
5040 0
15859 1
5046 2
9033 1
13240 2
5049 3
8817 1
5054 1
13249 3
5058 2
13252 0
10401 2
13256 1
13257 2
13259 2
5072 3
13266 1
13271 1
13272 0
13276 2
13277 2
13278 2
13280 1
5090 3
13283 2
13285 2
13287 2
5096 1
13289 2
5100 2
13293 1
5102 2
13295 1
13297 0
17235 0
13301 2
13303 2
13305 2
13307 1
13310 1
17237 2
13313 2
5122 2
5123 2
13317 0
15873 0
13320 2
10412 2
13323 2
13324 2
6172 0
13329 2
5138 0
13331 2
13332 2
4573 1
13334 0
5143 1
5144 2
13337 2
5146 0
2223 2
13340 2
5152 2
5155 0
13348 1
13352 0
13353 0
13355 2
13356 2
13360 2
13363 2
13364 3
13365 1
13367 3
5185 0
5186 0
5187 0
13381 0
5191 2
13384 2
13386 1
13387 1
5196 2
5197 3
5198 2
7693 2
5202 3
13395 2
17056 2
13401 2
5211 2
18618 2
5214 2
13413 2
13414 2
10428 0
13419 1
13420 3
5231 2
5232 3
17256 2
13427 2
7700 2
13435 2
5244 0
13438 1
13443 1
13446 3
5258 1
15895 0
7704 1
13458 0
10541 2
11905 3
5276 2
13473 3
5286 2
13479 2
5086 1
7708 1
5290 3
5292 2
13485 2
5294 2
13487 1
5299 0
5301 0
13494 3
884 1
5306 1
13499 1
13501 1
13503 2
13504 2
9078 0
5318 0
13511 2
13513 0
5322 2
13518 2
13520 2
11811 2
11907 2
5336 1
13529 1
3451 1
13532 0
13533 1
5345 2
5347 2
5348 3
9310 0
5351 0
5352 1
13545 3
13547 2
5357 1
5358 1
13551 2
5361 2
5362 2
13559 2
5369 2
5371 1
5372 2
13565 2
5374 1
5375 2
13568 3
9088 3
13570 3
13572 2
13573 2
13577 1
13578 2
13583 2
2264 2
13586 0
13587 2
9474 1
5405 2
13599 0
5408 1
13602 2
13607 2
5419 2
13612 2
5422 2
2102 2
13193 2
13624 1
13626 3
13627 2
5436 3
13629 1
5444 2
5446 1
13639 3
13640 1
13647 2
10820 3
18659 1
5460 2
5461 2
5463 1
5464 2
5465 2
13658 2
5467 0
5469 1
8911 1
6373 1
5472 2
5476 0
18662 2
13675 1
13676 0
13202 1
18664 0
5490 1
5495 3
5496 2
5498 2
13695 2
13697 2
10475 1
13700 0
1820 3
5513 2
13710 2
5519 1
5521 2
5524 2
18733 2
13720 2
3310 2
13723 2
3653 2
6384 0
5539 1
5541 2
5545 1
5550 2
5552 1
5553 2
10483 0
9118 2
13750 2
5561 2
13754 2
13756 2
13757 0
13758 0
13759 0
5568 3
13762 1
13765 0
7005 2
5576 1
13769 0
14583 0
5580 1
5581 2
5583 2
13777 3
5586 0
5587 1
5588 3
5589 3
13782 2
9124 1
5595 0
13788 3
5603 0
5607 1
17645 0
5623 0
13817 1
5627 1
17322 2
13823 1
5632 1
13828 1
5637 1
5639 2
13834 2
13836 2
18737 2
5648 1
5650 0
13846 2
5657 1
5658 3
13851 0
5661 1
9463 2
5664 2
5670 1
13864 2
5673 3
13872 1
13873 2
5683 1
5685 2
5686 2
13879 2
11919 3
7009 2
5698 2
2315 2
11873 1
3682 2
6413 1
3683 1
5716 0
16830 1
5720 2
13915 3
13922 1
529 2
13927 1
13928 1
1282 0
4121 0
5751 2
2324 2
5754 2
5758 2
18709 3
5761 1
13959 1
13978 2
5787 0
13981 3
4830 0
18715 3
13988 0
17350 0
5798 2
13993 2
13995 2
13996 1
5805 2
5809 2
14002 0
14003 2
5812 0
3194 2
5814 2
14013 1
5824 2
14019 2
5828 0
5830 2
5831 0
10287 2
1558 3
14029 2
5841 1
14036 1
5845 0
5847 0
14041 2
14042 2
5851 3
14045 0
5859 2
5860 2
5861 1
5862 2
5863 2
5864 0
5865 1
14059 1
14064 0
14632 2
10166 2
3710 0
5878 0
5879 2
5881 2
14634 0
14084 1
5894 0
5895 2
11653 0
14095 2
5907 2
14100 0
5909 3
13563 2
5913 1
16291 2
12261 1
5925 2
5926 0
7229 0
5928 2
5930 2
14123 1
14126 2
14128 2
14133 2
5943 0
14137 2
14138 1
14139 1
18741 0
10291 1
5960 3
5654 2
10551 2
14157 2
5969 3
7722 3
5975 3
14168 1
17657 0
5982 2
5987 1
14180 1
5989 2
18203 2
14186 2
5095 2
10838 1
14189 0
14190 2
5999 2
14194 2
2655 2
6013 2
3733 0
6018 1
14212 2
6021 2
6022 2
6025 2
14219 0
14221 0
14222 0
14224 1
14226 2
1292 2
17659 2
14232 2
6044 3
14237 0
14239 0
6055 1
6056 2
6057 2
3434 1
14254 2
14256 1
6065 2
14258 2
6068 2
14261 0
10569 3
6080 1
14274 2
9477 2
14277 2
6086 3
5931 2
14285 0
6094 2
14287 1
14288 0
6097 3
16035 3
6100 2
14293 0
6102 2
14296 2
6107 2
14302 2
14304 0
6115 3
14309 0
6118 1
6119 1
14313 2
6122 2
6123 2
14317 0
14320 2
6129 2
14322 2
10579 2
17406 2
14327 2
6137 1
1023 2
6140 2
14335 2
14336 1
6146 3
14339 3
14343 2
6152 3
14346 1
14348 2
6158 2
6159 2
14352 2
14353 0
14355 2
6164 2
14357 2
6167 1
14360 1
6170 3
14364 1
14365 3
6174 2
14367 1
6176 1
14369 2
6182 0
14376 2
14377 1
3752 3
1032 1
14386 2
6196 2
6201 2
14394 2
6204 2
6206 2
6207 2
2400 2
14937 3
14408 2
10516 3
14690 2
9229 1
1038 0
6231 2
14425 2
14428 3
14433 2
6243 0
14438 0
5137 1
6248 2
6251 2
14444 2
14446 0
6255 2
6259 0
6260 1
14458 2
6267 2
8392 2
6270 2
6272 3
17430 2
6279 2
17433 1
14488 3
14489 1
6306 1
1051 1
14502 1
14503 2
14504 2
7848 2
6318 0
14512 1
14515 3
6330 2
16041 1
6332 2
6333 1
14530 0
5121 2
14533 2
14538 2
6349 2
14545 3
14546 0
6355 3
14549 2
14550 1
6359 2
6360 3
5225 3
6363 2
14556 2
6367 2
14561 3
18811 1
14565 1
6374 1
6379 1
14572 0
6381 1
14576 0
6386 1
6388 3
9257 0
6393 2
14586 2
14604 2
14605 0
6414 2
6416 3
14611 1
6422 1
6423 3
6424 0
6426 1
14622 2
14625 2
14629 1
14631 2
10580 0
14633 0
6442 1
14635 0
6445 1
6446 2
10632 1
6453 3
6456 1
14649 2
14651 2
14655 3
6466 2
6467 2
14661 2
6473 2
17463 1
17128 3
14673 2
14677 2
14682 2
18831 2
6494 0
7854 2
6498 2
6502 2
6503 2
6504 2
2450 2
807 2
6520 0
6522 2
9219 1
14724 2
14728 3
7916 2
14730 1
2455 2
9282 3
16683 2
12013 2
14738 3
14742 2
6553 0
17556 2
14749 2
14750 2
14755 1
7921 3
8402 2
14761 1
17404 1
6575 2
6576 2
6577 1
12371 2
1844 2
1353 0
14779 2
14785 2
14787 0
14789 2
14791 2
6600 0
14793 1
6608 2
14803 2
14804 2
14805 2
18852 0
6619 2
14812 3
6621 2
14815 2
18593 2
14817 2
6626 3
14820 2
9297 0
2471 3
14829 2
6876 2
6639 2
14832 0
10664 1
14838 1
6648 2
7935 2
14845 0
14850 2
14851 2
6662 2
14858 2
14863 1
6673 1
6679 2
6683 2
14876 2
14878 2
6687 2
14880 2
6690 1
1115 1
6692 2
14887 0
6697 2
6701 1
14894 2
6703 1
14899 1
6708 1
6709 0
6711 1
14904 2
14905 2
6715 2
6718 2
14913 2
14914 2
6723 1
17409 1
14917 1
14921 1
6730 1
14924 1
17506 2
6734 3
14930 0
6740 1
14934 2
14935 2
9499 2
9316 0
6747 2
14943 1
14945 1
6754 0
14947 1
14951 2
6761 0
14954 2
14955 2
6765 0
6767 2
6770 2
14967 0
6776 2
14972 2
17411 1
6788 1
14982 3
14983 2
14984 0
12774 1
6794 2
14991 2
6802 3
14996 2
15001 1
6810 1
15004 2
7962 0
12502 2
15017 1
2503 0
6828 1
500 2
6830 2
15027 1
6836 1
6837 1
6839 3
6841 2
15034 2
15035 3
15039 2
15041 2
15042 2
6851 1
15045 2
6855 1
501 1
6860 1
6862 3
6863 0
6867 1
10702 2
18505 2
6871 0
6872 2
15066 2
15067 2
15068 2
15071 0
15072 0
15073 1
15074 0
15075 2
6887 1
15080 2
6892 2
15085 2
6898 1
15091 1
6900 1
1150 2
6902 0
15095 1
15096 3
6905 1
15099 1
15101 1
15102 1
2517 0
6912 2
15105 1
6916 0
15109 1
9232 2
15111 3
15112 1
6922 1
1154 2
15119 0
15122 2
15123 1
15124 3
15126 1
6617 2
12079 3
15134 1
15135 2
15137 3
6946 2
15139 2
15140 0
15141 1
15143 2
15144 0
15145 0
15148 2
7986 2
9352 1
6962 2
15157 2
15160 1
15162 1
6623 0
15167 2
6976 2
6624 2
15170 1
1163 2
15172 2
6982 0
6625 2
6984 1
15177 2
9921 3
15181 1
9357 1
6993 2
6995 2
6998 2
15191 2
7001 0
15194 2
15195 2
15197 2
7006 2
7008 2
15201 3
15202 2
7012 0
5265 2
15208 2
15209 1
7018 1
7020 2
15213 0
7022 3
7023 1
7024 2
15217 2
15220 2
7029 0
15225 1
7039 1
15232 1
1174 2
15239 2
15240 0
15241 2
7050 1
1175 2
7052 1
15245 2
7056 2
5272 0
7058 3
15253 2
7062 0
9369 3
15264 2
15266 1
7076 1
7081 0
15277 1
7086 0
7087 1
15282 2
15284 1
15286 1
8009 2
15289 3
15295 2
7104 0
7105 1
6646 1
7114 2
7116 1
15310 1
11477 2
7120 2
7122 2
17571 1
15316 1
15318 2
15319 0
7129 2
7133 2
1189 2
15329 2
10747 3
7142 1
2556 1
16210 3
6653 1
7164 2
17578 2
7169 1
15374 0
15375 1
15376 3
7185 2
7186 3
10755 0
7189 2
8613 2
15386 2
15388 0
2565 0
7203 2
15396 2
7205 1
4483 0
7208 2
7522 2
15402 2
15405 2
7214 2
15409 2
7218 3
17587 0
7221 0
15417 2
2150 2
7232 1
7236 2
7240 3
7241 1
7242 0
7243 2
7244 0
15438 0
15439 1
15440 1
15442 0
15445 2
15448 2
17594 1
7265 1
15929 1
15471 1
15473 0
15475 0
8426 2
15492 0
2582 2
15494 3
15496 0
15497 0
7306 2
15500 2
15502 1
15503 2
15504 0
15505 0
15509 1
15510 2
15513 0
15514 0
15515 0
15522 1
2587 1
7332 2
15525 2
15532 3
15535 3
7349 2
1225 2
15546 0
15549 1
13884 2
15552 1
7362 1
15560 0
7370 3
10611 0
15565 1
15566 0
7379 2
12248 2
15574 0
15576 1
7386 1
15579 2
7388 2
3962 0
15584 2
15589 2
15593 0
7403 1
18250 2
7405 2
15600 2
15602 2
15603 1
7415 2
9428 2
15613 1
15614 0
15616 0
15617 2
15619 0
15620 1
7434 2
15628 3
7440 2
15635 1
6702 1
15638 2
7447 2
7448 2
7449 2
7450 2
15644 1
15645 3
16261 1
7457 0
7461 1
15654 2
2609 0
15656 0
15657 2
15658 2
7467 2
15660 0
7469 2
7474 2
7475 0
6441 0
15669 1
15670 3
7481 1
15674 2
15675 2
15676 0
15677 1
7489 2
7491 2
15687 1
7497 2
15693 0
15695 0
6712 2
1251 1
7510 0
7511 0
15704 0
15706 1
15707 1
7516 2
15710 3
15711 2
15713 2
15714 1
3985 2
15721 2
7532 2
15730 1
15741 1
8085 2
15744 2
15748 2
7558 0
15752 1
7561 2
15754 0
12183 2
7565 1
7566 2
15759 3
7569 2
15764 0
15765 2
14916 0
15772 2
7583 3
15776 2
15777 2
15781 1
15782 1
9457 2
7592 2
7593 2
7594 3
15787 3
15788 1
13744 1
15794 1
16286 0
15798 1
9460 2
15807 2
7617 1
7618 0
9462 2
7622 0
7624 3
15818 2
7627 0
15823 0
15825 0
8099 3
9465 1
7640 3
15834 1
2639 0
7646 2
7649 2
7651 2
15845 2
15847 1
15852 2
7661 0
15854 1
15855 1
7667 1
15864 0
7675 0
15868 2
17168 2
15871 1
7681 0
15877 0
13569 2
18491 0
15883 0
7692 2
5378 2
7694 1
8109 2
15889 1
7699 2
15892 1
16302 1
7703 3
15896 1
15898 2
7707 2
15900 2
7709 3
15902 1
5381 2
7715 0
15908 1
12532 2
15910 1
15911 3
15913 2
8986 2
15921 2
7732 1
15925 2
12212 1
7739 0
7747 2
7748 2
7753 3
15954 1
15957 0
7766 1
15959 1
15962 0
15963 2
15969 0
15970 3
7779 2
7783 0
15977 0
7789 2
15984 0
7795 0
15988 1
15990 2
15992 0
15999 1
8129 2
16010 0
7819 3
16014 2
9381 3
16017 2
16023 1
7832 3
16026 2
7838 2
16032 1
16034 2
16528 1
16036 1
16040 2
17692 3
7852 3
16045 3
16046 0
16049 1
16050 3
18538 2
16057 1
16058 0
7867 1
7870 3
16064 2
13600 1
16066 1
16069 2
6809 0
16073 1
7882 1
16076 2
16078 1
16081 2
16085 0
16087 2
16088 1
7897 2
7898 0
16091 2
7900 2
16096 2
7906 2
7909 2
7911 2
7912 0
16108 2
16110 2
16113 2
16115 2
16116 1
16117 2
16120 1
7929 3
16123 1
7932 2
16127 3
7936 2
16129 1
16130 0
16134 0
7945 2
16138 2
7947 2
16140 3
16143 2
16145 0
7955 2
7956 2
9518 2
16152 1
16154 3
16156 2
16157 2
16159 0
7970 1
7975 2
16348 2
16178 1
7988 2
6793 0
8995 2
16186 2
16188 3
7998 3
16191 1
8001 1
4631 0
16201 1
8010 1
8014 2
4904 0
8017 3
8018 3
16212 2
8022 0
16220 2
8029 3
16223 2
8033 3
1339 3
16228 3
4070 3
8038 1
16231 1
1340 2
16235 1
16238 3
5437 2
16240 1
16362 2
8054 2
18057 2
8059 3
16252 1
16253 2
8064 1
4397 2
8069 2
16262 1
16263 2
8072 1
16265 1
16266 2
8076 2
16272 0
8084 1
16277 2
16279 0
16281 1
2714 0
8094 0
16288 1
8098 1
10907 1
13638 2
8103 2
8108 2
16301 1
8110 2
15005 1
16304 2
8999 0
16306 1
8115 2
8119 0
16318 0
16319 0
16321 0
16092 2
16325 0
8135 3
545 2
16331 1
16333 1
8142 3
16376 2
16339 0
8149 2
9558 1
10916 2
8154 3
8156 1
16349 1
8159 3
16355 1
16358 2
16359 1
8168 2
8169 2
8170 2
17294 0
16368 1
8179 2
16372 1
16373 1
8182 2
8184 2
17748 1
16379 2
16380 0
16381 1
8190 2
