4 0
27 0
37 0
45 1
48 1
62 2
66 1
68 2
69 1
72 1
73 2
74 0
75 2
76 2
82 3
84 3
85 0
88 2
89 1
99 0
107 2
113 2
114 0
119 1
120 3
122 3
126 2
128 1
132 2
133 2
144 2
145 2
148 1
151 1
158 3
159 2
166 1
172 0
173 2
177 1
178 0
179 3
181 1
183 2
185 2
186 2
187 1
189 3
196 0
197 2
198 0
199 1
200 0
201 1
202 2
203 0
208 2
209 2
212 0
213 2
219 0
220 2
235 3
241 0
244 3
246 0
254 0
261 2
263 2
266 2
271 2
283 3
284 1
287 2
289 2
291 1
292 0
299 1
316 0
317 2
319 2
322 0
324 1
329 1
332 2
338 1
339 3
353 2
359 3
360 2
363 2
366 2
379 0
383 0
384 1
387 0
388 1
390 1
394 2
401 2
405 0
407 2
410 2
416 0
420 1
423 2
424 0
427 2
428 2
438 0
440 1
443 0
444 2
446 2
451 1
454 2
455 1
458 3
460 0
461 2
464 2
467 1
470 1
477 2
478 1
483 2
486 2
488 2
500 2
501 1
502 2
504 3
505 3
506 1
508 0
510 2
512 1
523 0
524 2
525 0
528 2
533 0
535 0
538 0
542 2
543 2
545 2
547 1
548 1
549 2
550 1
551 1
553 1
558 1
563 2
565 1
574 0
575 1
577 1
581 1
583 1
584 2
588 1
589 1
591 1
594 0
595 1
596 1
611 1
616 3
617 0
622 0
625 3
630 0
638 0
639 0
642 1
643 2
646 3
653 2
654 0
657 3
658 0
663 2
664 0
671 1
673 2
674 0
680 0
685 1
693 2
704 0
712 2
714 1
725 1
730 2
742 0
743 0
744 2
745 1
746 2
748 2
750 2
756 0
760 1
763 0
764 2
766 1
768 0
774 1
780 2
786 0
787 2
788 2
790 2
791 1
795 2
797 1
800 2
801 2
802 1
803 2
808 2
814 2
825 2
832 2
837 0
844 2
849 2
852 2
854 0
856 0
858 1
860 3
861 2
862 0
870 2
873 1
879 2
882 0
883 1
888 2
889 0
892 2
895 1
900 1
903 0
904 1
907 1
910 1
911 2
914 1
916 0
917 1
920 2
921 2
933 1
936 3
951 0
952 1
953 2
961 1
976 0
993 0
1002 0
1009 1
1010 1
1021 0
1028 1
1032 1
1037 3
1045 1
1048 3
1051 1
1052 0
1054 2
1057 0
1071 1
1073 3
1075 0
1079 2
1080 1
1081 0
1085 0
1094 3
1096 1
1107 1
1111 2
1113 2
1124 2
1127 1
1129 0
1137 0
1144 2
1149 0
1151 1
1155 0
1157 1
1166 2
1173 2
1174 2
1175 2
1177 2
1180 1
1187 2
1191 3
1195 0
1196 2
1200 0
1218 2
1219 0
1225 2
1226 1
1237 2
1238 2
1239 0
1245 0
1249 0
1251 1
1253 0
1255 0
1262 2
1266 0
1268 0
1277 1
1282 0
1289 3
1290 1
1294 2
1299 1
1301 2
1303 1
1304 2
1309 2
1313 3
1314 1
1316 3
1317 3
1321 2
1322 2
1324 2
1328 0
1330 0
1331 1
1338 1
1339 3
1340 2
1341 2
1343 2
1344 0
1353 0
1355 1
1358 2
1362 0
1369 2
1372 1
1375 2
1380 0
1381 2
1383 2
1385 3
1391 0
1393 2
1405 2
1408 0
1409 0
1415 2
1418 0
1436 1
1440 2
1444 2
1446 2
1447 3
1452 1
1456 0
1460 3
1461 2
1464 2
1465 2
1466 2
1468 2
1473 1
1474 2
1477 1
1479 3
1482 1
1486 0
1488 1
1494 3
1496 1
1500 3
1538 2
1539 2
1542 2
1543 1
1546 0
1548 2
1559 0
1562 0
1567 2
1575 1
1578 0
1579 2
1583 2
1584 2
1591 1
1594 1
1595 2
1596 2
1597 1
1601 1
1602 3
1605 0
1606 1
1608 1
1610 1
1614 1
1616 0
1622 2
1630 1
1634 2
1638 0
1639 2
1640 2
1641 2
1644 1
1648 1
1652 2
1653 2
1655 2
1659 0
1660 1
1661 1
1662 2
1666 2
1667 1
1671 1
1672 3
1674 2
1677 0
1687 2
1688 0
1696 2
1697 0
1700 2
1703 1
1709 0
1710 0
1712 1
1713 0
1717 2
1721 2
1722 0
1727 0
1734 1
1737 1
1740 0
1748 0
1750 1
1755 1
1757 1
1760 0
1761 0
1763 0
1767 2
1768 1
1769 2
1771 1
1772 0
1773 1
1779 0
1780 0
1782 1
1783 1
1786 1
1790 2
1795 0
1800 0
1804 1
1805 3
1815 2
1823 2
1826 2
1827 2
1828 2
1835 1
1836 1
1840 2
1841 2
1844 2
1847 0
1849 0
1852 1
1853 1
1857 2
1858 1
1861 0
1862 3
1866 2
1872 0
1887 2
1888 2
1901 3
1909 0
1911 0
1913 2
1917 0
1918 2
1920 2
1924 2
1929 0
1932 0
1943 0
1944 0
1947 1
1952 1
1955 0
1958 0
1961 2
1964 2
1965 2
1970 0
1971 2
1976 1
1979 1
1982 0
1983 2
1990 3
1991 2
1992 2
1996 2
2002 0
2006 1
2008 2
2009 0
2010 1
2025 1
2047 2
2052 2
2053 0
2057 2
2061 3
2072 2
2073 2
2074 1
2075 0
2077 2
2083 2
2087 2
2089 1
2091 2
2092 2
2093 0
2094 1
2096 1
2099 2
2101 1
2102 2
2103 2
2112 2
2113 2
2116 2
2121 0
2124 2
2126 0
2127 0
2128 1
2129 1
2131 0
2132 0
2133 1
2135 1
2137 2
2138 2
2145 2
2151 0
2152 2
2161 0
2164 2
2167 0
2173 1
2176 2
2177 1
2185 2
2196 0
2197 3
2199 2
2200 1
2201 2
2202 2
2205 1
2206 0
2207 1
2210 2
2212 1
2213 1
2215 1
2218 1
2234 2
2235 2
2236 2
2237 3
2238 2
2239 2
2246 3
2248 2
2252 1
2254 2
2258 2
2259 1
2261 1
2263 2
2265 2
2268 2
2269 0
2272 0
2278 2
2279 3
2280 1
2281 2
2283 2
2286 2
2287 2
2299 2
2304 0
2309 2
2311 0
2323 0
2324 2
2327 1
2330 0
2338 2
2340 3
2342 2
2343 1
2345 1
2350 2
2353 1
2355 2
2356 2
2358 1
2362 2
2364 2
2368 1
2371 2
2373 1
2374 3
2377 0
2383 1
2385 2
2388 2
2393 3
2398 1
2406 1
2421 1
2426 1
2427 2
2430 2
2438 2
2440 2
2444 1
2449 2
2452 2
2453 0
2455 2
2458 0
2460 0
2463 3
2469 0
2472 2
2475 1
2476 0
2482 2
2483 1
2484 0
2487 2
2490 2
2491 0
2492 0
2497 0
2500 2
2501 1
2503 0
2517 0
2525 1
2527 1
2531 1
2534 1
2540 1
2542 1
2550 3
2552 1
2553 1
2555 1
2556 1
2558 1
2565 0
2566 3
2571 1
2575 0
2578 1
2582 2
2587 1
2589 0
2591 0
2594 2
2595 2
2599 2
2601 1
2603 2
2605 0
2606 3
2610 3
2612 2
2615 2
2623 0
2624 2
2626 0
2627 2
2631 1
2634 2
2639 0
2640 2
2641 1
2650 1
2653 3
2654 2
2655 2
2661 0
2664 0
2665 1
2670 1
2674 0
2675 3
2690 0
2698 1
2702 2
2705 0
2707 0
2712 0
2715 2
2724 1
2725 2
2726 1
2728 3
2729 1
2731 3
2733 2
2735 1
2738 3
2739 2
2742 2
2748 3
2750 1
2751 0
2753 2
2754 2
2756 2
2757 0
2758 2
2764 3
2768 1
2769 0
2772 2
2774 0
2776 0
2778 2
2779 2
2782 1
2785 2
2788 0
2790 1
2791 2
2794 3
2797 3
2798 0
2802 2
2804 2
2807 3
2822 0
2825 2
2826 2
2833 0
2835 2
2840 0
2845 1
2850 2
2851 1
2854 1
2855 2
2857 1
2874 0
2879 2
2880 2
2882 2
2883 0
2884 0
2886 0
2889 1
2898 2
2902 1
2903 2
2907 2
2908 0
2911 2
2912 1
2914 1
2917 0
2921 2
2922 1
2923 1
2924 0
2925 2
2927 2
2928 1
2930 0
2933 0
2936 0
2937 2
2938 2
2942 2
2944 2
2950 2
2952 2
2953 2
2954 2
2955 0
2960 0
2962 0
2967 2
2968 2
2973 2
2975 1
2980 0
2983 2
2988 0
2992 2
2995 2
3000 2
3001 2
3003 1
3012 2
3013 1
3014 0
3016 1
3023 0
3030 1
3031 1
3033 0
3034 2
3040 2
3044 2
3047 0
3048 3
3049 2
3052 1
3056 2
3057 0
3069 0
3070 2
3072 0
3074 1
3078 1
3079 2
3082 2
3088 0
3093 3
3095 0
3098 1
3099 0
3100 0
3102 2
3104 0
3105 1
3110 2
3114 3
3116 0
3118 0
3119 2
3120 0
3129 3
3131 0
3138 1
3140 1
3141 2
3152 3
3157 0
3162 1
3168 3
3171 2
3175 3
3177 3
3178 1
3180 3
3183 2
3191 2
3192 1
3205 1
3206 2
3215 2
3216 2
3221 1
3222 1
3223 2
3226 2
3231 1
3232 0
3236 0
3237 1
3241 1
3242 3
3243 1
3244 0
3245 1
3249 1
3252 3
3253 1
3263 2
3264 0
3266 0
3267 0
3268 2
3270 1
3272 0
3273 0
3274 1
3275 1
3279 2
3280 2
3286 1
3288 2
3291 2
3296 0
3305 1
3307 1
3310 2
3313 2
3319 1
3320 2
3322 3
3329 0
3330 1
3333 1
3334 1
3348 2
3354 2
3358 0
3359 3
3363 1
3370 1
3374 1
3375 2
3377 2
3380 1
3386 3
3387 1
3389 2
3393 1
3394 2
3395 1
3397 0
3399 0
3400 0
3410 2
3412 2
3414 0
3416 0
3419 2
3422 1
3424 3
3425 2
3427 2
3435 3
3440 1
3443 0
3449 2
3451 1
3453 2
3459 0
3461 0
3470 1
3476 2
3478 2
3480 2
3485 1
3490 2
3492 0
3494 2
3500 2
3502 2
3503 2
3504 2
3509 2
3515 1
3516 3
3520 2
3521 2
3524 0
3530 0
3535 3
3564 3
3568 0
3572 1
3575 1
3580 0
3584 1
3585 2
3588 0
3595 0
3601 3
3602 0
3603 2
3605 1
3606 3
3619 2
3621 2
3628 0
3629 1
3630 2
3633 1
3634 3
3637 2
3638 2
3651 0
3654 0
3655 1
3661 2
3664 2
3665 0
3666 0
3667 2
3670 0
3671 2
3672 1
3675 1
3679 2
3682 2
3683 1
3686 1
3688 1
3689 1
3694 1
3702 2
3703 2
3704 1
3706 2
3719 2
3721 2
3727 2
3728 2
3730 2
3731 1
3733 0
3740 0
3741 2
3745 2
3748 3
3755 3
3763 2
3765 2
3775 2
3784 2
3785 3
3791 2
3792 0
3801 3
3805 2
3810 2
3811 2
3812 3
3813 0
3815 1
3816 2
3819 0
3820 1
3821 2
3822 3
3841 2
3869 0
3874 3
3876 2
3879 2
3880 0
3885 2
3887 2
3889 2
3928 2
3935 0
3940 0
3947 0
3950 0
3952 2
3958 2
3962 0
3967 3
3968 3
3970 3
3973 1
3975 0
3978 2
3979 1
3983 2
3984 1
3985 2
3988 0
3989 2
3990 0
3994 0
3995 1
3997 2
3999 0
4001 1
4006 2
4016 1
4017 2
4019 1
4020 1
4021 1
4024 1
4029 2
4030 1
4034 2
4035 0
4038 0
4044 2
4047 1
4058 2
4060 1
4061 0
4062 1
4063 2
4066 1
4071 0
4078 1
4081 1
4086 2
4087 0
4088 0
4102 3
4103 2
4106 2
4107 2
4115 0
4118 2
4121 0
4123 1
4124 2
4126 0
4132 0
4134 0
4137 2
4140 0
4143 0
4153 2
4162 0
4164 0
4170 1
4173 2
4175 2
4192 2
4196 3
4199 0
4201 2
4203 1
4205 2
4214 0
4221 2
4222 2
4225 2
4226 0
4228 1
4230 0
4237 0
4245 2
4249 1
4256 2
4257 2
4261 2
4262 2
4265 3
4270 0
4277 2
4281 0
4282 0
4301 1
4302 1
4305 1
4308 2
4312 2
4316 1
4318 2
4320 2
4322 1
4323 2
4325 2
4326 0
4327 1
4332 2
4333 2
4335 2
4337 2
4338 1
4340 0
4341 1
4342 2
4345 2
4352 3
4354 2
4355 2
4359 2
4362 0
4363 2
4364 2
4367 3
4369 2
4370 1
4372 2
4374 2
4377 3
4378 0
4385 1
4389 2
4390 1
4392 1
4399 1
4405 2
4413 3
4428 1
4434 1
4435 1
4438 3
4439 2
4441 1
4442 2
4457 2
4459 2
4461 0
4466 2
4468 1
4471 1
4474 0
4483 0
4484 1
4485 2
4487 2
4490 1
4497 0
4498 2
4501 0
4507 1
4511 1
4517 1
4518 1
4519 0
4520 0
4524 1
4526 2
4527 1
4529 2
4532 1
4533 0
4536 0
4537 2
4539 1
4540 1
4541 0
4550 0
4551 0
4552 1
4553 2
4557 1
4559 3
4565 1
4566 2
4568 0
4570 1
4571 0
4575 2
4576 3
4582 2
4584 0
4586 1
4588 0
4589 2
4590 0
4591 0
4595 1
4605 2
4609 1
4610 1
4611 2
4614 0
4615 0
4620 0
4621 2
4622 2
4626 2
4627 3
4629 0
4632 2
4641 2
4643 1
4645 0
4648 1
4649 3
4650 2
4652 3
4653 0
4654 1
4656 1
4658 2
4659 2
4660 2
4661 0
4662 0
4665 2
4668 2
4669 2
4671 0
4672 2
4674 1
4678 1
4679 0
4682 2
4683 0
4688 1
4695 2
4696 1
4697 1
4699 1
4703 3
4705 1
4707 2
4708 1
4709 1
4710 1
4714 1
4717 0
4721 2
4722 0
4723 0
4724 2
4726 1
4728 2
4729 2
4733 2
4735 3
4736 2
4744 1
4745 1
4747 3
4748 1
4752 1
4753 2
4755 1
4757 2
4764 0
4765 1
4766 1
4768 2
4773 2
4776 2
4777 1
4784 1
4785 0
4786 3
4788 3
4790 1
4794 2
4805 1
4806 1
4807 1
4808 1
4809 2
4813 1
4814 2
4816 1
4818 0
4822 0
4825 2
4826 1
4827 1
4829 0
4830 0
4831 1
4832 2
4835 1
4838 0
4839 0
4840 0
4843 2
4848 1
4854 0
4855 2
4856 1
4863 1
4865 1
4866 0
4868 0
4872 2
4876 3
4877 2
4878 0
4881 1
4884 0
4887 1
4896 3
4897 2
4898 2
4901 0
4902 0
4903 3
4904 0
4905 2
4910 0
4911 2
4918 2
4929 0
4930 2
4931 2
4933 0
4934 1
4935 0
4937 2
4948 2
4952 2
4956 0
4962 0
4963 3
4974 0
4975 0
4980 1
4981 2
4982 1
4986 2
4989 0
4990 2
4994 1
4995 1
4997 2
5001 2
5005 3
5011 3
5015 3
5021 2
5026 2
5030 2
5035 2
5046 2
5053 0
5054 1
5057 3
5063 2
5082 2
5084 3
5086 1
5090 3
5095 2
5100 2
5102 2
5109 1
5116 3
5118 0
5121 2
5122 2
5123 2
5126 0
5130 1
5131 2
5137 1
5138 0
5146 0
5151 0
5152 2
5154 2
5155 0
5158 0
5171 1
5173 2
5179 0
5180 0
5183 3
5184 3
5185 0
5186 0
5190 2
5191 2
5192 3
5195 2
5196 2
5197 3
5198 2
5201 1
5203 2
5206 1
5214 2
5218 0
5222 0
5225 3
5240 0
5241 2
5244 0
5247 2
5262 0
5268 1
5272 0
5277 0
5283 2
5284 0
5287 2
5291 0
5294 2
5297 0
5298 1
5301 0
5306 1
5314 1
5317 0
5318 0
5321 3
5322 2
5326 0
5329 0
5335 1
5336 1
5337 1
5338 0
5339 1
5340 2
5341 1
5342 0
5345 2
5348 3
5351 0
5352 1
5357 1
5361 2
5362 2
5368 0
5369 2
5373 1
5374 1
5376 2
5377 2
5378 2
5380 1
5381 2
5386 1
5389 2
5401 2
5408 1
5419 2
5422 2
5423 0
5424 0
5431 0
5435 0
5436 3
5437 2
5441 2
5444 2
5460 2
5461 2
5469 1
5477 0
5478 0
5481 0
5483 1
5485 0
5490 1
5491 2
5496 2
5497 2
5498 2
5502 1
5503 1
5508 2
5519 1
5526 0
5528 0
5539 1
5541 2
5542 2
5545 1
5548 2
5549 3
5553 2
5556 1
5562 1
5564 1
5567 2
5568 3
5573 0
5574 2
5576 1
5579 2
5580 1
5581 2
5583 2
5585 3
5586 0
5587 1
5588 3
5589 3
5590 3
5598 0
5601 1
5606 0
5609 2
5614 0
5619 1
5626 3
5627 1
5628 1
5637 1
5639 2
5641 0
5643 3
5645 0
5648 1
5649 1
5652 0
5654 2
5655 2
5656 0
5659 0
5666 0
5668 2
5670 1
5672 3
5684 3
5685 2
5686 2
5687 2
5691 2
5698 2
5712 0
5713 2
5716 0
5719 1
5722 0
5724 0
5727 0
5729 0
5743 1
5745 2
5751 2
5754 2
5761 1
5767 0
5769 0
5771 1
5780 1
5787 0
5791 1
5795 3
5798 2
5800 1
5805 2
5806 0
5808 2
5810 0
5811 2
5812 0
5814 2
5819 1
5821 2
5822 1
5824 2
5831 0
5840 0
5845 0
5850 2
5851 3
5853 2
5858 2
5859 2
5860 2
5861 1
5865 1
5866 3
5868 2
5869 2
5870 0
5871 3
5874 2
5878 0
5879 2
5888 2
5891 0
5894 0
5901 1
5902 0
5903 2
5904 2
5907 2
5908 1
5909 3
5916 1
5921 1
5922 0
5929 1
5930 2
5931 2
5943 0
5947 0
5967 3
5971 2
5975 3
5978 0
5979 0
5980 3
5982 2
5984 1
5987 1
5988 0
5989 2
5992 1
5998 3
6012 0
6013 2
6018 1
6021 2
6022 2
6023 1
6025 2
6026 2
6029 2
6030 3
6045 1
6055 1
6056 2
6057 2
6062 3
6064 2
6067 2
6068 2
6073 2
6074 1
6088 0
6103 2
6107 2
6109 1
6112 0
6115 3
6118 1
6120 2
6122 2
6128 2
6131 0
6132 2
6134 1
6135 2
6137 1
6139 0
6140 2
6143 3
6146 3
6152 3
6154 2
6156 0
6158 2
6161 1
6164 2
6169 2
6170 3
6172 0
6174 2
6176 1
6177 1
6182 0
6187 2
6191 1
6196 2
6197 1
6200 1
6201 2
6206 2
6231 2
6232 2
6243 0
6250 2
6251 2
6253 2
6255 2
6257 1
6260 1
6265 3
6267 2
6269 1
6274 3
6277 2
6279 2
6282 2
6284 0
6286 3
6290 0
6295 3
6302 0
6306 1
6307 1
6309 0
6315 0
6318 0
6324 1
6330 2
6331 2
6332 2
6333 1
6335 0
6336 2
6349 2
6356 1
6357 2
6359 2
6360 3
6363 2
6367 2
6368 2
6370 2
6371 0
6379 1
6380 0
6383 1
6384 0
6386 1
6387 2
6388 3
6393 2
6399 0
6403 3
6404 0
6411 1
6413 1
6416 3
6417 0
6419 2
6422 1
6424 0
6426 1
6428 1
6439 2
6440 1
6442 1
6445 1
6446 2
6448 1
6451 2
6455 1
6456 1
6465 0
6466 2
6467 2
6473 2
6475 0
6479 0
6480 2
6488 2
6493 2
6494 0
6495 0
6497 0
6504 2
6505 0
6506 2
6514 1
6521 0
6522 2
6523 2
6527 1
6534 0
6569 3
6575 2
6576 2
6577 1
6591 2
6592 3
6593 2
6600 0
6602 0
6603 1
6604 2
6605 0
6608 2
6614 2
6617 2
6619 2
6620 2
6621 2
6622 0
6631 2
6632 2
6646 1
6647 2
6653 1
6662 2
6668 0
6671 3
6673 1
6675 3
6678 3
6679 2
6682 3
6692 2
6697 2
6701 1
6702 1
6703 1
6705 0
6708 1
6709 0
6712 2
6713 0
6715 2
6723 1
6724 2
6725 0
6726 2
6727 2
6730 1
6732 2
6733 0
6736 0
6737 1
6738 0
6740 1
6748 2
6753 0
6759 2
6760 0
6761 0
6764 2
6765 0
6772 1
6774 0
6775 0
6776 2
6781 3
6787 0
6788 1
6795 2
6796 0
6798 1
6802 3
6803 1
6807 2
6809 0
6810 1
6811 1
6815 0
6816 1
6817 1
6818 2
6823 0
6829 1
6830 2
6833 1
6834 0
6835 1
6836 1
6837 1
6838 1
6841 2
6842 3
6845 0
6847 0
6848 0
6850 1
6851 1
6853 0
6855 1
6856 1
6857 1
6859 1
6860 1
6862 3
6867 1
6868 1
6869 1
6871 0
6877 0
6881 2
6882 3
6884 0
6886 2
6887 1
6890 1
6892 2
6896 1
6902 0
6905 1
6907 2
6910 2
6913 0
6915 1
6918 2
6920 2
6922 1
6923 0
6929 2
6930 1
6931 2
6932 0
6933 3
6935 0
6937 0
6939 2
6940 0
6941 0
6942 1
6943 2
6946 2
6947 3
6953 2
6954 3
6956 0
6957 1
6961 1
6965 2
6969 0
6971 1
6977 0
6978 0
6989 1
6993 2
6996 2
6998 2
7006 2
7008 2
7009 2
7018 1
7019 2
7020 2
7022 3
7023 1
7026 0
7037 1
7038 0
7040 0
7042 0
7043 2
7044 3
7050 1
7052 1
7055 1
7056 2
7057 0
7062 0
7063 0
7069 0
7072 0
7074 2
7076 1
7080 0
7084 1
7085 0
7086 0
7087 1
7088 0
7101 1
7103 2
7105 1
7109 0
7110 2
7116 1
7120 2
7121 2
7123 2
7124 0
7125 0
7129 2
7130 0
7132 0
7139 0
7141 0
7142 1
7143 0
7155 2
7158 2
7164 2
7166 3
7167 0
7169 1
7179 3
7188 2
7194 2
7202 0
7203 2
7205 1
7208 2
7214 2
7219 3
7221 0
7227 2
7228 1
7229 0
7231 0
7235 2
7238 2
7240 3
7241 1
7242 0
7246 2
7255 2
7256 2
7260 2
7282 2
7283 0
7284 0
7290 1
7315 0
7335 0
7336 0
7337 0
7341 0
7350 1
7363 0
7372 2
7374 3
7379 2
7388 2
7390 0
7391 1
7395 1
7405 2
7407 2
7408 2
7409 1
7410 2
7413 1
7415 2
7430 3
7436 1
7447 2
7449 2
7450 2
7453 1
7457 0
7459 2
7461 1
7463 0
7474 2
7481 1
7489 2
7496 0
7499 3
7500 2
7510 0
7511 0
7515 3
7516 2
7522 2
7526 3
7529 2
7532 2
7535 0
7538 3
7541 1
7542 2
7546 2
7557 2
7567 2
7569 2
7575 2
7576 2
7578 1
7589 0
7592 2
7593 2
7613 0
7617 1
7618 0
7620 2
7623 1
7626 2
7627 0
7630 0
7631 0
7634 2
7637 2
7638 1
7640 3
7645 0
7648 0
7649 2
7661 0
7662 0
7670 3
7672 3
7675 0
7677 3
7694 1
7695 2
7699 2
7701 0
7705 0
7707 2
7715 0
7716 0
7726 0
7732 1
7738 2
7741 0
7745 1
7747 2
7748 2
7751 2
7765 2
7766 1
7771 2
7775 0
7777 1
7778 0
7783 0
7789 2
7793 3
7795 0
7796 3
7802 0
7803 0
7807 2
7810 1
7817 1
7831 1
7838 2
7839 2
7843 1
7848 2
7857 0
7858 2
7860 0
7865 2
7871 0
7873 1
7874 0
7878 0
7879 0
7882 1
7883 0
7887 0
7890 2
7891 2
7894 2
7895 1
7896 0
7897 2
7898 0
7900 2
7906 2
7912 0
7917 2
7921 3
7924 3
7927 1
7933 2
7936 2
7937 0
7945 2
7949 2
7952 0
7954 0
7956 2
7957 0
7960 0
7962 0
7963 2
7968 0
7970 1
7972 2
7975 2
7978 0
7982 1
7986 2
7989 2
7995 2
7998 3
8001 1
8009 2
8010 1
8014 2
8017 3
8018 3
8021 0
8029 3
8033 3
8041 0
8044 1
8046 0
8054 2
8055 1
8069 2
8076 2
8079 0
8094 0
8095 3
8096 2
8097 1
8101 1
8103 2
8110 2
8115 2
8119 0
8133 1
8142 3
8144 1
8146 2
8148 0
8150 0
8154 3
8156 1
8159 3
8162 0
8166 2
8167 0
8168 2
8169 2
8170 2
8182 2
8190 2
8191 0
8194 1
8200 0
8210 0
8211 0
8212 0
8219 2
8222 2
8226 2
8227 2
8232 0
8237 2
8241 2
8247 1
8248 3
8250 1
8254 3
8258 0
8261 2
8264 0
8266 2
8268 2
8276 1
8278 2
8282 2
8293 1
8295 2
8297 2
8325 2
8328 0
8329 0
8330 2
8331 2
8333 2
8335 0
8336 0
8338 2
8344 1
8354 1
8358 0
8363 1
8365 1
8377 1
8383 2
8385 0
8391 2
8392 2
8396 0
8401 2
8402 2
8406 1
8407 2
8412 1
8416 0
8418 2
8426 2
8428 0
8430 2
8435 3
8440 1
8443 3
8444 0
8447 0
8455 0
8459 2
8460 2
8466 0
8468 0
8473 2
8474 3
8478 0
8480 1
8483 0
8484 3
8485 2
8486 2
8488 2
8496 2
8498 3
8501 0
8506 1
8507 2
8510 2
8513 0
8517 1
8524 2
8531 1
8539 1
8548 2
8549 0
8555 2
8560 1
8562 1
8564 2
8571 0
8573 1
8583 3
8585 1
8586 0
8592 2
8593 0
8594 1
8600 1
8604 2
8608 1
8609 2
8610 1
8611 2
8613 2
8617 0
8620 2
8621 0
8623 3
8625 2
8627 0
8630 2
8632 2
8640 0
8643 1
8644 2
8651 0
8657 2
8658 0
8664 1
8665 2
8666 2
8675 2
8676 0
8679 2
8684 1
8687 2
8689 2
8691 2
8693 2
8697 0
8698 1
8699 1
8704 0
8709 1
8711 0
8714 1
8723 1
8725 1
8726 2
8727 0
8728 2
8729 1
8732 1
8735 1
8737 2
8739 3
8742 1
8745 1
8746 2
8747 2
8751 2
8756 2
8757 2
8758 2
8759 1
8761 1
8765 0
8767 0
8771 3
8775 0
8776 1
8777 0
8778 1
8780 1
8786 1
8787 2
8793 1
8795 3
8796 0
8800 1
8802 1
8805 2
8806 0
8807 2
8811 1
8812 2
8814 2
8815 2
8817 1
8818 1
8825 1
8830 0
8832 2
8834 2
8837 0
8841 2
8842 2
8843 2
8845 0
8855 1
8858 2
8862 2
8863 3
8873 2
8874 3
8875 2
8877 1
8881 2
8884 2
8888 3
8898 1
8904 1
8906 2
8911 1
8914 2
8916 2
8917 1
8919 2
8921 2
8928 1
8934 1
8936 1
8939 2
8940 2
8942 1
8943 1
8955 1
8960 0
8963 2
8976 2
8978 1
8984 1
8986 2
8990 2
8991 2
8992 3
8996 2
9000 1
9009 2
9011 2
9015 0
9019 1
9034 0
9037 2
9038 2
9042 2
9046 1
9051 1
9052 1
9053 2
9057 1
9063 1
9065 2
9067 2
9078 0
9082 2
9083 1
9088 3
9092 0
9095 2
9101 0
9109 3
9111 2
9112 2
9113 0
9115 1
9117 2
9118 2
9123 2
9129 2
9132 2
9133 0
9136 2
9138 0
9139 2
9141 1
9142 0
9143 1
9151 0
9153 2
9155 2
9157 3
9162 1
9164 0
9169 0
9170 0
9173 2
9184 2
9188 1
9201 0
9207 0
9209 1
9210 1
9212 1
9214 3
9216 0
9217 2
9218 2
9219 1
9228 2
9230 0
9232 2
9234 2
9237 2
9238 0
9245 2
9246 0
9247 0
9250 2
9256 1
9257 0
9262 2
9263 1
9265 1
9266 3
9267 0
9269 2
9270 2
9274 2
9280 1
9287 0
9290 3
9292 1
9296 3
9297 0
9299 3
9304 2
9307 2
9308 1
9309 1
9310 0
9312 2
9318 0
9319 2
9322 1
9325 0
9326 0
9332 2
9338 2
9341 2
9346 2
9347 1
9350 2
9351 3
9352 1
9354 1
9355 3
9356 3
9357 1
9358 1
9363 1
9364 2
9367 0
9375 0
9378 2
9383 0
9385 3
9388 2
9390 1
9392 0
9397 2
9398 1
9413 0
9415 1
9416 1
9418 1
9422 0
9425 1
9427 2
9428 2
9446 1
9447 1
9448 0
9451 0
9453 3
9454 2
9455 1
9457 2
9460 2
9461 2
9462 2
9465 1
9476 2
9477 2
9478 2
9481 2
9483 3
9484 1
9486 3
9492 2
9493 1
9505 2
9507 0
9518 2
9524 2
9527 1
9529 0
9531 2
9533 2
9534 0
9536 0
9541 1
9554 2
9555 1
9556 2
9558 1
9564 0
9569 2
9578 1
9580 1
9584 0
9590 2
9592 1
9594 2
9596 0
9597 2
9598 2
9601 2
9604 2
9606 1
9610 2
9611 2
9612 0
9615 2
9616 0
9618 0
9621 1
9623 2
9624 1
9625 0
9634 1
9636 2
9637 1
9638 3
9639 2
9642 0
9646 1
9653 1
9657 0
9661 1
9664 1
9669 2
9672 1
9673 1
9676 2
9678 3
9679 1
9681 2
9684 1
9689 0
9690 2
9691 3
9694 0
9696 1
9697 3
9702 2
9706 1
9709 2
9712 2
9726 2
9734 0
9736 1
9741 2
9756 0
9768 2
9770 1
9773 2
9781 1
9786 0
9791 2
9792 2
9798 0
9801 2
9810 2
9811 0
9812 0
9817 2
9820 0
9821 2
9825 0
9828 1
9829 2
9830 2
9832 0
9839 0
9845 1
9849 0
9852 0
9854 1
9856 1
9857 0
9865 3
9868 1
9872 1
9873 2
9878 3
9886 0
9887 3
9893 3
9897 1
9899 1
9901 2
9903 1
9907 2
9916 1
9920 0
9922 1
9927 2
9929 2
9946 2
9960 0
9967 1
9981 2
9982 1
9998 0
10011 1
10014 1
10019 3
10023 3
10024 0
10026 2
10027 2
10035 2
10036 2
10038 2
10042 0
10043 1
10048 2
10050 1
10054 1
10059 2
10080 2
10083 2
10088 1
10089 2
10092 1
10096 0
10102 0
10104 1
10105 0
10113 2
10119 1
10124 0
10125 1
10129 2
10130 2
10146 2
10149 1
10151 3
10152 3
10155 2
10171 0
10174 1
10175 0
10190 0
10196 1
10200 2
10201 1
10210 1
10212 0
10213 2
10220 0
10235 2
10256 0
10260 1
10261 2
10264 0
10271 0
10279 2
10280 2
10282 2
10285 1
10286 1
10291 1
10294 1
10295 0
10296 1
10299 2
10300 2
10301 2
10308 0
10310 1
10311 2
10312 2
10315 0
10316 2
10317 1
10318 1
10324 1
10327 1
10328 2
10331 0
10332 1
10333 1
10335 2
10339 1
10340 3
10342 2
10344 1
10351 2
10357 1
10358 2
10364 2
10365 2
10372 1
10377 2
10379 2
10384 0
10391 1
10392 2
10401 2
10406 0
10407 2
10412 2
10413 0
10414 1
10417 3
10421 2
10422 2
10423 0
10426 1
10440 2
10441 2
10450 2
10453 2
10462 0
10463 2
10464 1
10466 0
10470 2
10471 1
10473 0
10475 1
10479 2
10486 2
10487 0
10488 2
10498 2
10502 2
10504 0
10505 2
10507 2
10509 0
10510 0
10511 0
10513 0
10517 1
10522 1
10523 2
10524 2
10527 3
10530 1
10534 2
10535 2
10542 2
10544 0
10556 0
10559 2
10563 2
10565 2
10573 1
10575 1
10579 2
10580 0
10582 1
10583 2
10586 0
10589 2
10590 2
10591 2
10599 0
10601 1
10604 3
10607 1
10609 0
10612 2
10613 1
10616 1
10621 2
10634 1
10635 0
10636 1
10638 1
10641 1
10644 2
10645 1
10648 2
10650 2
10653 1
10660 2
10672 2
10677 3
10678 2
10689 3
10692 1
10696 2
10698 2
10699 1
10701 2
10702 2
10706 1
10709 2
10710 2
10713 2
10714 1
10723 2
10724 0
10727 2
10729 1
10734 1
10735 3
10739 3
10741 1
10742 2
10743 1
10745 0
10749 1
10751 1
10755 0
10756 3
10770 1
10771 1
10773 1
10774 1
10777 1
10780 0
10784 0
10785 2
10786 2
10789 2
10798 0
10799 1
10802 0
10803 3
10807 0
10809 1
10812 1
10813 0
10814 1
10815 2
10818 0
10819 2
10820 3
10822 1
10825 0
10826 0
10827 0
10831 2
10832 0
10835 0
10839 0
10845 2
10849 0
10852 2
10853 2
10854 0
10856 2
10857 0
10858 1
10861 2
10863 0
10867 1
10868 0
10871 2
10872 1
10873 0
10876 0
10878 2
10881 2
10884 0
10887 2
10891 0
10895 1
10896 1
10897 3
10900 1
10901 2
10906 2
10907 1
10913 3
10915 2
10916 2
10933 0
10951 0
10978 0
10991 1
10993 3
10994 1
11004 2
11012 2
11015 2
11016 0
11034 2
11035 0
11036 2
11037 1
11038 2
11041 2
11045 2
11046 2
11049 0
11053 2
11058 2
11059 0
11063 0
11065 2
11072 1
11074 2
11077 1
11078 2
11086 1
11089 2
11093 0
11094 1
11095 2
11096 2
11097 1
11102 3
11103 0
11106 1
11107 1
11109 2
11111 3
11112 1
11113 3
11124 2
11126 1
11128 2
11129 2
11132 2
11135 0
11136 2
11137 2
11138 2
11140 1
11141 0
11142 1
11144 1
11149 0
11150 2
11156 2
11162 2
11166 0
11171 2
11183 2
11193 0
11194 2
11196 0
11200 1
11205 0
11207 3
11214 2
11215 1
11217 2
11220 1
11221 2
11226 2
11231 0
11236 1
11239 2
11240 3
11243 2
11245 3
11254 2
11255 0
11259 2
11263 3
11268 2
11273 3
11276 1
11281 2
11289 0
11293 2
11295 2
11307 2
11312 2
11317 3
11320 0
11327 2
11329 2
11331 3
11333 0
11334 2
11335 2
11336 2
11337 3
11343 2
11346 2
11348 1
11349 0
11350 1
11353 1
11354 2
11356 2
11358 0
11364 1
11365 1
11368 0
11371 2
11373 2
11379 3
11382 2
11383 1
11395 0
11397 2
11398 2
11401 0
11403 2
11404 1
11408 2
11414 1
11424 3
11430 0
11432 0
11433 2
11434 2
11435 2
11441 3
11445 1
11450 2
11451 1
11454 0
11457 2
11458 2
11463 1
11465 3
11467 1
11468 0
11469 2
11471 2
11473 1
11488 1
11495 3
11496 3
11499 0
11502 2
11503 0
11504 3
11506 1
11508 2
11510 2
11512 2
11514 2
11518 2
11525 1
11528 1
11532 2
11540 2
11553 2
11554 1
11557 2
11559 2
11563 1
11565 1
11574 2
11581 2
11586 0
11588 1
11599 1
11612 3
11613 1
11614 1
11620 1
11622 0
11629 0
11634 2
11635 0
11639 1
11640 2
11641 2
11645 1
11647 1
11650 2
11652 2
11653 0
11654 0
11658 0
11659 2
11662 2
11664 1
11666 2
11668 2
11671 0
11672 2
11674 0
11678 0
11684 2
11685 3
11694 1
11696 2
11699 1
11703 1
11704 2
11707 2
11721 1
11724 2
11731 2
11732 0
11733 3
11738 1
11741 1
11742 0
11743 1
11744 2
11747 2
11751 1
11752 0
11754 0
11755 1
11757 3
11761 1
11766 0
11773 2
11776 2
11779 0
11780 3
11786 1
11791 3
11793 1
11798 2
11800 2
11806 2
11808 1
11815 1
11821 1
11822 0
11824 1
11825 2
11826 2
11827 0
11831 1
11833 1
11838 2
11839 3
11840 0
11841 2
11842 0
11844 2
11845 2
11848 2
11849 0
11857 0
11860 1
11864 2
11867 1
11871 2
11873 1
11874 1
11875 0
11877 2
11878 1
11880 1
11881 1
11884 2
11887 2
11889 1
11897 0
11900 2
11904 1
11907 2
11925 3
11943 0
11952 2
11968 1
11975 1
11978 0
11985 0
11987 3
11997 0
11999 2
12006 0
12013 2
12025 0
12029 0
12034 1
12053 1
12054 0
12055 2
12058 2
12065 0
12066 0
12069 1
12074 2
12077 2
12079 3
12081 3
12084 1
12086 1
12089 1
12097 1
12100 2
12106 2
12109 2
12110 2
12113 2
12119 3
12123 0
12126 2
12132 0
12133 0
12135 0
12136 2
12139 2
12141 1
12144 1
12145 1
12153 1
12154 0
12157 3
12158 2
12160 0
12162 1
12165 1
12171 2
12172 1
12173 0
12174 3
12183 2
12184 2
12188 2
12189 0
12191 0
12193 0
12197 3
12202 2
12206 1
12208 2
12210 2
12211 2
12223 1
12224 3
12229 2
12235 0
12240 1
12243 2
12244 2
12248 2
12252 2
12255 1
12257 0
12259 2
12262 2
12265 1
12267 0
12270 2
12272 2
12276 3
12279 2
12285 0
12286 1
12289 1
12300 2
12304 0
12312 0
12313 2
12314 2
12319 2
12324 2
12327 2
12330 1
12340 3
12342 2
12344 2
12346 0
12357 3
12360 1
12361 2
12363 3
12366 2
12370 2
12371 2
12372 0
12377 2
12384 1
12389 2
12390 2
12391 1
12392 1
12394 0
12399 2
12408 0
12409 0
12413 1
12415 0
12417 2
12422 2
12424 2
12426 0
12428 3
12431 3
12432 2
12434 2
12435 2
12456 1
12457 2
12459 1
12462 2
12464 0
12465 1
12466 1
12470 2
12481 0
12486 2
12487 0
12488 0
12496 1
12499 1
12510 1
12514 0
12516 3
12521 2
12526 1
12535 2
12536 1
12539 2
12541 1
12549 2
12553 2
12554 3
12562 3
12563 2
12567 1
12569 1
12573 0
12578 0
12589 1
12592 2
12594 1
12595 2
12596 2
12598 1
12610 0
12612 3
12615 2
12616 0
12617 2
12621 1
12622 1
12623 0
12628 1
12632 1
12634 0
12636 0
12638 2
12647 1
12649 1
12651 0
12654 0
12656 0
12657 2
12660 2
12662 1
12663 2
12664 1
12666 0
12668 2
12674 3
12675 3
12676 3
12678 1
12685 2
12686 2
12691 0
12692 2
12695 3
12696 1
12697 0
12698 2
12700 1
12701 3
12705 2
12710 1
12711 2
12712 3
12713 2
12715 2
12717 1
12718 1
12720 1
12721 1
12724 1
12727 1
12730 1
12732 1
12733 1
12737 1
12739 2
12754 2
12763 2
12764 0
12765 2
12777 0
12778 0
12786 0
12790 0
12792 1
12794 3
12795 0
12799 0
12803 1
12804 1
12811 2
12813 2
12819 1
12820 2
12832 1
12839 0
12840 1
12841 1
12842 2
12847 2
12849 0
12850 2
12852 2
12856 2
12857 0
12859 1
12861 2
12862 2
12865 2
12866 2
12868 2
12870 1
12872 2
12874 1
12883 1
12884 1
12888 2
12898 1
12901 2
12902 1
12904 2
12905 3
12906 2
12909 2
12916 1
12919 1
12920 1
12925 1
12928 1
12930 2
12933 0
12940 0
12946 1
12954 0
12956 2
12957 1
12958 0
12960 2
12961 2
12963 1
12966 3
12971 1
12972 2
12980 0
12981 1
12984 2
12986 2
12987 1
12988 1
12989 2
12990 3
12991 0
12998 1
12999 1
13005 1
13007 1
13010 0
13013 1
13015 1
13017 1
13019 2
13020 0
13023 2
13024 2
13026 1
13027 0
13028 0
13030 2
13031 1
13041 2
13042 2
13043 2
13045 1
13047 0
13051 2
13053 0
13054 1
13055 1
13056 0
13059 3
13060 0
13064 3
13074 0
13076 3
13077 2
13078 0
13092 1
13093 1
13107 0
13110 1
13114 2
13117 0
13119 0
13122 1
13123 2
13129 2
13130 2
13131 2
13133 2
13135 2
13136 2
13141 0
13142 1
13143 0
13148 2
13153 2
13159 3
13161 1
13165 1
13169 1
13181 1
13184 1
13185 1
13190 3
13192 2
13193 2
13195 0
13200 0
13204 2
13207 1
13208 2
13209 2
13211 3
13214 1
13221 3
13225 2
13229 2
13230 2
13233 1
13237 1
13239 0
13244 2
13245 2
13247 2
13250 2
13253 2
13256 1
13259 2
13260 3
13262 2
13263 3
13270 3
13271 1
13272 0
13275 2
13276 2
13283 2
13286 3
13292 0
13295 1
13296 1
13297 0
13301 2
13302 1
13303 2
13307 1
13309 1
13310 1
13311 2
13313 2
13315 0
13317 0
13320 2
13323 2
13324 2
13329 2
13331 2
13332 2
13334 0
13348 1
13351 2
13352 0
13353 0
13354 1
13355 2
13356 2
13360 2
13366 0
13376 3
13378 2
13380 2
13381 0
13383 2
13386 1
13387 1
13392 0
13395 2
13401 2
13405 2
13413 2
13414 2
13418 1
13419 1
13420 3
13424 2
13427 2
13438 1
13439 1
13444 1
13453 1
13457 0
13458 0
13459 0
13461 0
13464 3
13471 1
13474 0
13477 2
13479 2
13484 0
13485 2
13486 1
13489 0
13495 0
13497 1
13510 3
13512 1
13516 1
13520 2
13532 0
13533 1
13541 2
13543 0
13545 3
13551 2
13552 2
13565 2
13567 3
13569 2
13571 2
13572 2
13573 2
13578 2
13580 2
13581 0
13583 2
13586 0
13587 2
13599 0
13602 2
13603 0
13605 2
13607 2
13608 2
13610 1
13612 2
13616 2
13621 2
13624 1
13626 3
13628 1
13633 0
13634 2
13638 2
13641 2
13642 1
13650 3
13655 1
13657 0
13667 0
13668 3
13670 2
13671 1
13675 1
13676 0
13679 2
13680 0
13686 0
13687 2
13695 2
13696 2
13697 2
13702 2
13710 2
13711 2
13713 2
13719 1
13720 2
13723 2
13727 1
13732 2
13737 2
13741 2
13742 2
13746 0
13749 0
13751 1
13754 2
13758 0
13759 0
13765 0
13769 0
13772 2
13780 1
13782 2
13787 2
13790 1
13791 2
13806 1
13807 0
13814 3
13815 0
13817 1
13823 1
13828 1
13834 2
13838 1
13846 2
13859 0
13864 2
13865 2
13867 2
13893 1
13895 0
13898 3
13900 0
13901 2
13902 0
13906 1
13907 0
13909 2
13910 3
13911 2
13912 1
13917 2
13924 0
13928 1
13934 3
13951 3
13952 1
13954 1
13959 1
13965 0
13978 2
13981 3
13989 0
13995 2
13997 0
14001 2
14003 2
14004 3
14006 3
14009 2
14012 1
14019 2
14022 2
14036 1
14041 2
14042 2
14045 0
14053 2
14059 1
14065 0
14066 3
14067 0
14073 0
14078 1
14084 1
14091 0
14095 2
14098 2
14103 1
14109 3
14113 3
14118 0
14123 1
14125 2
14128 2
14130 1
14133 2
14136 2
14137 2
14138 1
14139 1
14140 2
14144 2
14145 2
14150 1
14151 2
14163 0
14166 2
14167 0
14171 0
14172 1
14177 2
14180 1
14186 2
14187 0
14189 0
14195 2
14199 1
14208 0
14210 2
14212 2
14216 2
14217 2
14218 0
14221 0
14222 0
14224 1
14225 0
14227 1
14228 0
14233 0
14234 0
14238 1
14239 0
14240 1
14243 1
14245 1
14249 0
14251 0
14254 2
14255 0
14262 2
14264 2
14266 0
14272 0
14274 2
14280 0
14281 2
14285 0
14287 1
14294 0
14302 2
14307 2
14316 2
14317 0
14320 2
14322 2
14327 2
14335 2
14336 1
14337 1
14340 0
14341 1
14344 0
14345 3
14347 2
14360 1
14362 1
14364 1
14365 3
14368 2
14371 1
14373 1
14376 2
14379 3
14380 0
14382 2
14384 0
14385 1
14386 2
14389 2
14392 2
14393 2
14397 0
14403 0
14404 1
14407 1
14408 2
14410 2
14413 2
14414 2
14417 0
14420 2
14430 3
14433 2
14442 1
14454 2
14455 0
14458 2
14461 0
14463 1
14464 3
14465 1
14474 3
14479 0
14488 3
14491 1
14494 0
14497 0
14498 2
14501 0
14502 1
14503 2
14504 2
14505 2
14510 2
14511 0
14512 1
14513 2
14527 3
14533 2
14535 1
14538 2
14542 2
14545 3
14546 0
14565 1
14569 0
14571 2
14572 0
14576 0
14578 1
14586 2
14590 1
14595 1
14596 1
14604 2
14608 2
14610 0
14611 1
14617 2
14623 0
14625 2
14627 2
14628 0
14632 2
14633 0
14635 0
14638 1
14644 1
14650 1
14651 2
14661 2
14662 2
14663 2
14666 2
14668 0
14671 0
14672 1
14677 2
14680 2
14681 2
14682 2
14707 0
14710 2
14724 2
14730 1
14731 2
14738 3
14745 3
14748 0
14749 2
14750 2
14755 1
14761 1
14773 0
14775 1
14778 2
14779 2
14782 2
14786 0
14787 0
14789 2
14792 2
14793 1
14798 2
14800 2
14802 2
14804 2
14805 2
14808 2
14809 2
14811 2
14820 2
14828 0
14829 2
14830 2
14832 0
14838 1
14840 1
14845 0
14849 2
14851 2
14852 1
14859 1
14860 2
14865 0
14869 1
14870 3
14874 2
14875 2
14876 2
14878 2
14881 1
14884 2
14887 0
14888 2
14899 1
14903 2
14904 2
14905 2
14913 2
14914 2
14916 0
14918 3
14924 1
14928 2
14929 1
14934 2
14935 2
14941 1
14945 1
14950 2
14951 2
14955 2
14957 1
14963 3
14965 0
14966 0
14967 0
14969 3
14975 1
14979 3
14983 2
14984 0
14988 1
14989 0
14996 2
15001 1
15004 2
15005 1
15009 2
15011 0
15017 1
15020 0
15021 2
15035 3
15038 2
15039 2
15042 2
15043 2
15044 1
15045 2
15047 0
15048 2
15053 2
15054 2
15055 2
15060 3
15064 0
15067 2
15068 2
15070 2
15072 0
15073 1
15074 0
15077 0
15078 2
15079 3
15080 2
15081 1
15084 3
15085 2
15086 2
15093 3
15095 1
15101 1
15102 1
15103 1
15105 1
15106 1
15107 1
15109 1
15111 3
15112 1
15114 2
15116 2
15117 2
15119 0
15120 0
15123 1
15124 3
15128 0
15129 1
15131 1
15134 1
15135 2
15139 2
15140 0
15141 1
15142 0
15143 2
15145 0
15149 0
15157 2
15160 1
15170 1
15174 2
15175 1
15176 1
15177 2
15179 2
15184 0
15186 1
15189 0
15191 2
15193 1
15194 2
15209 1
15212 3
15217 2
15223 0
15225 1
15228 0
15229 2
15231 0
15234 3
15235 1
15241 2
15244 0
15245 2
15246 0
15259 0
15260 2
15261 2
15264 2
15266 1
15269 1
15272 0
15273 0
15276 2
15279 2
15281 2
15282 2
15284 1
15287 2
15289 3
15293 0
15296 2
15304 2
15307 2
15311 2
15316 1
15317 1
15318 2
15321 1
15324 1
15329 2
15333 2
15334 1
15340 3
15345 0
15350 0
15362 2
15371 2
15374 0
15375 1
15376 3
15380 1
15387 2
15390 0
15395 0
15413 2
15415 3
15417 2
15421 0
15428 2
15429 2
15438 0
15440 1
15443 0
15444 2
15445 2
15461 0
15463 0
15471 1
15472 2
15473 0
15480 1
15484 1
15488 3
15491 1
15494 3
15496 0
15497 0
15500 2
15503 2
15505 0
15506 1
15509 1
15510 2
15513 0
15516 2
15517 1
15522 1
15525 2
15527 1
15529 0
15531 0
15539 0
15543 1
15544 1
15545 3
15549 1
15552 1
15555 1
15556 1
15560 0
15562 0
15565 1
15567 1
15572 1
15574 0
15580 2
15581 1
15582 0
15584 2
15600 2
15602 2
15603 1
15605 1
15606 2
15608 1
15616 0
15617 2
15621 2
15628 3
15635 1
15636 2
15638 2
15640 0
15641 0
15645 3
15649 3
15652 1
15653 0
15654 2
15656 0
15657 2
15658 2
15660 0
15668 1
15669 1
15670 3
15675 2
15676 0
15677 1
15684 0
15688 0
15696 0
15701 0
15703 1
15704 0
15705 1
15707 1
15710 3
15716 0
15717 0
15718 0
15719 1
15721 2
15722 2
15723 0
15724 0
15725 0
15728 1
15730 1
15734 2
15735 0
15736 1
15738 2
15741 1
15748 2
15749 1
15750 0
15752 1
15758 2
15759 3
15761 2
15764 0
15765 2
15769 2
15773 2
15774 0
15775 0
15778 0
15780 0
15781 1
15785 0
15787 3
15788 1
15790 0
15796 3
15798 1
15801 0
15803 0
15807 2
15816 2
15820 1
15827 3
15830 3
15842 0
15845 2
15847 1
15850 2
15852 2
15853 1
15862 2
15863 2
15871 1
15875 1
15877 0
15880 1
15882 0
15883 0
15890 2
15895 0
15898 2
15900 2
15901 1
15903 2
15907 1
15908 1
15911 3
15921 2
15926 0
15930 2
15951 0
15953 1
15959 1
15962 0
15963 2
15970 3
15971 2
15972 0
15974 1
15979 1
15982 2
15983 2
15984 0
15986 1
15989 2
15992 0
15994 2
15995 2
15999 1
16000 2
16002 2
16003 2
16005 1
16009 0
16013 0
16014 2
16015 1
16018 1
16025 1
16032 1
16035 3
16036 1
16038 2
16039 2
16040 2
16041 1
16043 2
16045 3
16046 0
16049 1
16050 3
16052 0
16053 1
16056 1
16058 0
16059 0
16060 2
16061 1
16062 2
16063 1
16064 2
16066 1
16068 2
16069 2
16073 1
16075 1
16081 2
16082 2
16088 1
16089 3
16091 2
16094 1
16104 0
16108 2
16109 2
16110 2
16113 2
16114 2
16115 2
16116 1
16117 2
16120 1
16121 1
16123 1
16132 0
16136 1
16139 2
16140 3
16143 2
16144 0
16145 0
16150 2
16152 1
16156 2
16157 2
16160 0
16164 1
16176 0
16181 1
16186 2
16192 0
16196 1
16198 0
16200 0
16201 1
16202 0
16203 0
16207 0
16214 2
16218 2
16220 2
16224 2
16226 0
16227 1
16235 1
16238 3
16243 1
16245 1
16247 0
16248 2
16250 2
16251 2
16253 2
16261 1
16263 2
16265 1
16266 2
16269 2
16271 2
16277 2
16279 0
16281 1
16282 1
16285 0
16288 1
16291 2
16292 0
16294 3
16301 1
16304 2
16307 0
16318 0
16319 0
16325 0
16329 0
16330 3
16331 1
16333 1
16336 3
16337 2
16338 2
16341 0
16343 1
16344 2
16347 2
16349 1
16356 0
16359 1
16362 2
16366 0
16368 1
16373 1
16376 2
16379 2
16381 1
16385 2
16386 2
16388 2
16391 1
16393 2
16394 1
16396 1
16400 1
16401 2
16405 2
16407 0
16412 0
16414 2
16415 2
16417 0
16419 1
16421 3
16422 2
16424 1
16425 0
16428 0
16429 2
16431 2
16433 2
16434 2
16441 2
16443 2
16445 2
16446 0
16449 2
16452 1
16454 3
16455 2
16456 2
16457 2
16460 2
16461 2
16464 1
16469 1
16481 1
16484 1
16495 1
16508 1
16509 1
16511 0
16515 2
16516 1
16519 0
16520 2
16521 0
16522 1
16527 2
16534 0
16538 0
16539 0
16540 2
16541 0
16542 0
16543 2
16544 3
16549 2
16550 1
16555 3
16557 2
16559 0
16562 2
16568 1
16572 3
16583 2
16590 3
16591 2
16594 2
16598 2
16611 0
16612 1
16613 2
16614 0
16616 1
16618 2
16621 0
16624 2
16625 0
16628 0
16629 0
16631 0
16633 0
16639 1
16642 0
16643 2
16644 2
16646 1
16658 0
16663 2
16668 1
16671 1
16672 0
16673 1
16675 0
16677 2
16679 1
16683 2
16684 2
16687 1
16688 2
16691 2
16695 2
16705 1
16707 0
16708 0
16710 3
16713 0
16714 0
16716 0
16718 1
16719 2
16721 1
16725 1
16726 0
16732 1
16733 2
16734 1
16740 0
16741 2
16742 1
16743 2
16744 2
16745 0
16746 1
16751 1
16753 2
16757 0
16760 0
16765 2
16767 3
16771 0
16774 1
16775 1
16776 0
16779 2
16784 2
16786 1
16787 1
16789 3
16791 2
16794 3
16796 3
16800 3
16803 1
16807 1
16808 1
16810 3
16811 2
16814 2
16815 2
16817 1
16821 1
16823 0
16825 1
16829 1
16830 1
16831 1
16833 2
16836 1
16839 0
16841 2
16848 2
16851 2
16854 2
16857 1
16858 0
16865 0
16873 1
16874 0
16876 3
16885 0
16886 2
16898 2
16902 2
16905 1
16907 0
16909 1
16912 3
16914 1
16923 2
16925 2
16926 2
16928 2
16929 2
16930 2
16934 1
16935 2
16937 2
16938 0
16939 1
16949 0
16950 2
16956 1
16957 2
16973 0
16980 2
16989 1
16991 3
16992 2
16997 2
17001 0
17002 1
17007 0
17008 2
17012 3
17013 2
17021 0
17022 0
17023 1
17024 2
17030 1
17038 1
17042 2
17043 0
17049 1
17052 2
17055 2
17059 0
17061 2
17062 0
17063 1
17064 3
17065 0
17066 2
17067 1
17068 3
17071 2
17072 2
17075 0
17077 3
17078 2
17084 1
17089 0
17094 1
17097 2
17099 2
17102 0
17104 0
17106 0
17108 0
17113 1
17116 1
17119 0
17123 2
17125 2
17131 1
17133 0
17136 0
17138 1
17139 0
17140 0
17142 0
17147 0
17151 2
17152 1
17153 0
17154 0
17156 2
17160 0
17161 2
17162 0
17164 1
17167 2
17168 2
17170 3
17173 1
17175 3
17178 2
17180 2
17181 2
17182 1
17188 2
17189 3
17193 2
17194 2
17205 1
17206 1
17209 1
17211 1
17216 1
17217 2
17218 1
17220 1
17226 0
17227 1
17231 0
17233 2
17236 3
17237 2
17238 1
17239 1
17241 1
17244 0
17245 1
17252 2
17255 0
17261 0
17262 0
17263 0
17265 2
17268 1
17271 2
17273 2
17276 0
17280 1
17281 0
17283 0
17287 1
17291 2
17292 1
17294 0
17296 3
17297 0
17300 1
17302 2
17306 2
17308 2
17309 0
17310 1
17311 2
17313 2
17330 3
17331 1
17338 1
17341 0
17347 0
17362 2
17365 0
17366 0
17367 1
17368 1
17374 1
17376 0
17379 2
17381 2
17391 0
17392 2
17395 2
17399 2
17406 2
17409 1
17412 3
17414 0
17417 1
17423 3
17426 2
17432 2
17436 3
17441 2
17442 3
17445 2
17450 1
17462 0
17468 1
17472 0
17474 2
17475 0
17476 0
17477 1
17480 2
17485 0
17486 0
17487 2
17488 2
17491 2
17492 1
17494 2
17495 1
17498 1
17499 2
17504 2
17506 2
17507 2
17509 2
17510 2
17511 1
17512 1
17514 2
17516 2
17519 2
17521 2
17529 1
17531 0
17532 2
17534 2
17537 0
17538 1
17541 1
17542 1
17544 2
17550 2
17551 2
17553 2
17554 2
17556 2
17557 3
17559 2
17563 2
17571 1
17574 1
17575 1
17576 1
17577 1
17582 0
17584 3
17589 0
17593 2
17594 1
17596 1
17597 1
17598 2
17612 2
17613 0
17616 0
17620 0
17623 1
17631 0
17639 1
17640 1
17645 0
17649 1
17650 1
17652 1
17655 3
17660 2
17663 1
17664 0
17666 2
17669 2
17670 0
17674 2
17686 2
17689 2
17691 2
17692 3
17693 3
17695 2
17696 1
17698 0
17699 2
17702 2
17707 2
17710 2
17716 3
17719 1
17721 2
17725 0
17726 2
17727 1
17729 1
17737 2
17743 2
17744 1
17754 2
17755 0
17756 0
17757 1
17759 1
17760 2
17762 2
17765 1
17767 1
17779 2
17785 0
17787 3
17789 1
17795 1
17797 3
17800 2
17801 2
17809 0
17810 1
17811 1
17813 1
17820 0
17821 2
17822 3
17841 1
17842 2
17843 2
17849 2
17851 1
17852 2
17855 2
17862 1
17879 0
17888 0
17892 0
17895 0
17896 1
17900 2
17907 0
17910 0
17924 0
17925 0
17934 2
17935 1
17940 0
17948 2
17949 2
17955 2
17962 1
17964 0
17968 0
17971 2
17975 2
17977 2
17978 0
17979 2
17983 3
17984 0
17985 2
17987 0
17989 1
17992 2
17995 2
17996 1
17997 3
17998 2
18000 0
18008 1
18032 0
18033 0
18036 2
18037 1
18045 0
18052 0
18056 0
18058 0
18062 2
18065 0
18066 1
18069 0
18076 0
18078 2
18079 2
18084 0
18085 1
18088 2
18095 0
18096 2
18098 2
18104 0
18110 1
18121 1
18122 1
18123 2
18126 0
18130 1
18133 2
18134 2
18141 0
18142 1
18145 1
18150 2
18154 1
18155 1
18156 1
18157 2
18161 1
18163 0
18167 1
18175 1
18178 1
18179 1
18186 2
18188 1
18194 3
18197 0
18199 2
18200 2
18201 1
18203 2
18207 2
18212 1
18214 2
18216 2
18218 2
18221 2
18225 2
18227 2
18229 1
18232 2
18234 2
18235 2
18240 0
18246 2
18247 2
18250 2
18254 2
18264 1
18267 2
18269 2
18272 0
18275 1
18277 0
18278 1
18279 1
18281 0
18284 1
18290 0
18291 0
18292 0
18293 0
18301 2
18310 3
18312 1
18315 3
18319 0
18321 2
18328 1
18329 1
18331 1
18334 1
18344 2
18348 1
18349 1
18352 1
18355 3
18357 2
18358 3
18363 1
18366 2
18372 1
18375 1
18376 2
18378 1
18379 1
18384 2
18385 1
18386 1
18387 2
18391 0
18393 2
18401 1
18404 2
18414 3
18415 2
18419 1
18420 2
18421 3
18424 1
18425 0
18426 1
18428 2
18436 2
18437 0
18439 2
18442 1
18443 2
18444 0
18446 2
18457 1
18461 0
18462 3
18463 0
18464 0
18465 1
18468 0
18472 0
18475 0
18483 2
18487 2
18491 0
18493 2
18497 0
18499 1
18505 2
18515 2
18529 0
18534 2
18540 0
18542 0
18544 0
18551 0
18564 0
18567 3
18572 0
18574 2
18575 3
18579 2
18581 2
18586 2
18589 1
18593 2
18594 2
18597 3
18600 2
18604 2
18608 0
18609 0
18611 1
18614 2
18615 1
18622 2
18628 2
18629 2
18631 0
18632 2
18640 1
18649 0
18652 2
18655 2
18659 1
18664 0
18665 2
18666 2
18670 1
18675 0
18677 0
18682 1
18689 2
18690 1
18692 2
18693 2
18694 2
18699 0
18706 2
18710 2
18713 1
18714 1
18715 3
18723 1
18724 0
18725 1
18726 1
18733 2
18734 2
18737 2
18738 0
18739 0
18748 2
18757 0
18760 3
18769 0
18771 2
18772 1
18775 1
18776 3
18778 0
18788 1
18790 0
18791 1
18792 2
18794 0
18805 3
18806 2
18809 2
18814 2
18815 2
18819 0
18831 2
18839 2
18840 2
18844 1
18851 3
18853 2
18859 1
18861 2
