16386 2
8195 0
8197 2
8198 2
16391 1
16396 1
8210 0
16404 3
16405 2
8216 0
16411 1
29 0
16415 2
2736 0
8226 2
8227 2
37 0
8232 0
8199 0
8237 2
17757 1
16433 2
16436 1
8247 1
16440 2
16443 2
16445 2
7367 2
66 1
8261 2
16454 3
16455 2
8264 0
8266 2
79 3
16464 1
16466 1
8275 2
8276 1
8277 2
87 3
90 1
16477 2
8286 2
8288 2
16481 1
16484 1
8293 1
104 0
16489 3
17767 1
8300 2
109 3
16494 0
8304 0
8184 2
114 0
115 1
116 3
122 3
16509 1
126 2
16511 0
8321 3
8322 2
132 2
133 2
134 0
8329 0
16522 1
139 3
8333 2
16527 2
144 2
8338 2
8342 2
8343 1
8345 3
8349 2
158 3
1583 2
8353 1
8354 1
8219 2
8356 3
16549 2
16550 1
8361 2
170 0
8365 1
175 3
177 1
178 0
179 3
180 3
181 1
183 2
185 2
187 1
16572 3
190 3
192 2
16577 0
16580 0
197 2
16583 2
200 0
8393 2
202 2
17783 2
8398 1
16591 2
209 2
16594 2
16419 1
212 0
8406 1
8407 2
16600 1
221 3
8415 1
1644 1
8418 2
8419 0
8420 2
16613 2
16614 0
16618 2
235 3
16620 3
8430 2
9597 2
240 1
16424 1
16626 2
8435 3
16630 3
8439 2
16632 2
249 2
16638 0
16640 1
17792 0
16644 2
261 2
16646 1
263 2
8459 2
271 2
8469 2
1373 3
16663 2
8473 2
8474 3
284 1
8480 1
16675 0
8485 2
8486 2
8241 2
8488 2
297 2
8491 3
8494 0
303 2
8496 2
305 2
8498 3
16693 1
8502 1
312 1
4148 1
8506 1
8507 2
319 2
320 3
8513 0
16706 1
324 1
8517 1
16710 3
329 1
332 2
16719 2
16721 1
16722 2
339 3
340 1
16725 1
8539 1
16732 1
16733 2
16737 2
354 2
15078 2
16742 1
16743 2
8553 2
16746 1
15079 3
366 2
8559 3
16752 2
16753 2
8564 2
376 2
16761 1
8570 1
4377 3
16765 2
383 0
8577 1
5526 0
16774 1
16775 1
394 2
397 3
1377 2
8594 1
16789 3
16794 3
411 2
412 0
16799 1
16800 3
16801 0
16803 1
420 1
8613 2
423 2
8616 2
8617 0
427 2
428 2
8621 0
8622 2
16456 2
435 1
16821 1
8630 2
444 2
74 0
8640 0
8642 0
16836 1
453 1
454 2
455 1
458 3
8651 0
462 3
8655 2
464 2
8657 2
466 3
16851 2
468 0
16854 2
8665 2
8669 2
481 1
9223 1
8675 2
9638 3
16870 2
16874 0
8684 1
1858 1
16881 1
8691 2
500 2
6910 2
16886 2
504 3
505 3
15103 1
12933 0
6912 2
2150 2
16908 1
525 0
8718 2
16914 1
8725 1
534 2
8727 0
538 0
8732 1
542 2
543 2
16929 2
8739 3
548 1
8744 2
291 1
8746 2
555 2
8748 3
558 1
16946 2
565 1
8758 2
8759 1
8761 1
8762 1
16956 1
574 0
8767 0
576 2
8769 1
578 1
8771 3
5202 3
581 1
583 1
8776 1
8777 0
12243 2
8780 1
8781 3
590 1
16975 1
592 1
595 1
16980 2
17849 2
8292 2
8795 3
8796 0
13754 2
606 0
611 1
8805 2
8807 2
17852 2
618 1
8811 1
8814 2
8815 2
17008 2
12392 1
17010 1
17012 3
17014 1
8824 0
633 2
8826 0
17022 0
17023 1
641 0
8834 2
8835 1
644 1
8837 0
646 3
8841 2
17035 2
652 2
8845 0
654 0
9569 2
657 3
17042 2
663 2
664 0
17049 1
8862 2
8863 3
672 0
673 2
674 0
17059 0
8868 2
17061 2
17062 0
8871 2
680 0
682 0
8875 2
17068 3
685 1
17074 1
8307 2
15134 1
8888 3
8898 1
8899 0
712 2
17097 2
8906 2
17099 2
17100 0
6946 2
8912 3
8914 2
6947 3
726 2
730 2
17116 1
8925 2
8930 2
17123 2
11046 2
742 0
743 0
744 2
745 1
17131 1
8940 2
8941 2
17134 1
751 3
17136 0
17138 1
5587 1
756 0
17142 0
17143 1
17144 3
762 1
8955 1
10391 1
17149 3
13781 1
17154 0
13782 2
775 2
17161 2
780 2
17167 2
8976 2
786 0
787 2
788 2
17173 1
790 2
9028 0
4228 1
8986 2
795 2
17180 2
11756 0
798 2
16517 1
8992 3
16939 1
8996 2
11057 2
808 2
2209 0
9005 3
814 2
9008 0
9009 2
17205 1
17206 1
9015 0
17209 1
9018 2
17211 1
9022 3
15157 2
832 2
8331 2
17220 1
837 0
17222 3
9034 0
17227 1
844 2
17229 3
17231 0
17233 2
9042 2
17235 0
9044 0
9045 2
17239 1
856 0
17241 1
17242 2
859 2
860 3
861 2
862 0
865 1
9060 3
7207 0
873 1
874 3
9067 2
876 3
17262 0
17263 0
17265 2
882 0
883 1
17268 1
885 1
17270 1
17271 2
888 2
9082 2
17276 0
9088 3
2880 2
17282 3
9092 0
9093 1
902 1
903 0
17288 1
9098 2
12439 0
17293 0
910 1
9103 2
17296 3
6577 1
9107 0
17300 1
9112 2
921 2
9115 1
17310 1
17313 2
2886 0
17319 0
936 3
9129 2
9132 2
17334 0
17336 2
5189 3
961 1
9154 2
9155 2
17348 0
9157 3
9158 3
17351 1
9162 1
17358 1
17359 0
9169 0
163 2
9173 2
17367 1
17368 1
17376 0
12581 0
9190 0
9854 1
1002 0
17388 2
17389 3
17391 0
17395 2
17396 2
17399 2
9209 1
17404 1
17405 2
17407 2
17409 1
9218 2
17411 1
1028 1
2902 1
1031 3
1034 2
2903 2
9229 1
9230 0
173 2
17424 1
9234 2
4270 0
9238 0
7001 0
17432 2
17924 0
1051 1
17441 2
9250 2
9254 1
1063 2
9256 1
17450 1
1067 2
17453 1
9262 2
1071 1
1971 2
1077 2
9270 2
9271 0
1080 1
9274 2
17472 0
1089 3
17474 2
1091 3
17476 0
17477 1
17480 2
13836 2
9290 3
17487 2
17488 2
1107 1
9300 1
17495 1
9304 2
9306 0
9307 2
9308 1
9310 0
9311 2
9312 2
17506 2
1123 0
1124 2
9317 0
17510 2
17512 1
9321 0
17514 2
17516 2
9325 0
9330 0
17523 2
9332 2
2517 0
1144 2
17532 2
9341 2
1150 2
9343 2
17537 0
9347 1
9349 2
17542 1
9352 1
9353 0
17546 2
9356 3
9357 1
17550 2
17553 2
9362 0
17556 2
1174 2
1561 2
17560 1
1177 2
17563 2
1180 1
1562 0
17568 0
9377 2
1187 2
3040 2
17574 1
17577 1
3313 2
9388 2
17582 0
17583 3
1200 0
9397 2
9398 1
17592 3
9403 1
17596 1
1213 1
17598 2
1218 2
9411 2
17606 1
17609 1
9418 1
17226 0
9421 2
17616 0
2936 0
9427 2
1236 1
17627 1
17628 2
16681 1
1246 3
17632 1
1251 1
17636 1
9446 1
17639 1
9448 0
17641 1
17644 1
17645 0
15229 2
1264 3
9457 2
17650 1
8403 3
17652 1
9461 2
9462 2
9464 0
9465 1
17659 2
17660 2
5498 2
17664 0
17665 2
1282 0
9477 2
17670 0
9479 2
1288 2
1290 1
215 1
17676 0
9486 3
1296 3
12591 1
1299 1
9492 2
17966 1
17687 1
1304 2
17689 2
1306 3
17691 2
17692 3
17693 3
9503 2
1313 3
17698 0
1317 3
1320 1
17706 1
17970 0
9518 2
17711 1
17712 1
17714 3
1331 1
1335 2
1338 1
1339 3
1340 2
1341 2
17726 2
1343 2
4716 3
9543 2
17737 2
1355 1
17740 3
9784 2
9554 2
9556 2
9557 1
1366 0
16612 1
1371 0
17756 0
9565 1
17759 1
15248 1
17762 2
1380 0
1383 2
17768 2
9578 1
1387 1
9580 1
9588 2
9590 2
12521 2
9592 1
1402 1
17787 3
8426 2
9598 2
1408 0
9601 2
17794 1
17795 1
12448 1
17797 3
1414 2
17802 1
9611 2
17804 2
17986 0
1425 2
1426 0
17811 1
1428 0
1430 0
9623 2
17819 2
17820 0
1437 3
9630 2
1440 2
18597 3
9634 1
17828 3
9637 1
1446 2
9640 2
17835 2
17837 1
9646 1
9648 2
17992 2
17842 2
1460 3
1461 2
17847 1
1465 2
17850 1
17851 1
1468 2
17307 2
9669 2
1478 1
9673 1
1482 1
9676 2
15266 1
1488 1
17879 0
9691 3
9694 0
17887 2
9696 1
9702 2
17895 0
17896 1
9705 0
9707 1
17900 2
9712 2
1523 0
9722 2
17916 0
4961 1
9730 0
1540 1
17925 0
1542 2
257 3
1548 2
9741 2
17936 0
17937 2
1556 1
6053 1
9754 2
1563 3
17948 2
17949 2
1567 2
2992 2
9763 1
9764 0
9765 0
17959 2
9768 2
9770 1
17964 0
9773 2
9774 2
17967 1
1586 2
2995 2
17972 0
1589 3
1591 1
1592 3
17977 2
17979 2
1597 1
9792 2
17985 2
2781 0
9795 0
9798 0
1608 1
1610 1
9805 0
3000 2
1622 2
3001 2
18008 1
9817 2
1626 2
4367 3
9820 0
18013 0
18015 2
9826 2
1636 0
9829 2
9830 2
9831 2
1640 2
9833 2
1639 2
18028 1
18032 0
9832 0
12563 2
1652 2
1653 2
18038 2
1655 2
8784 1
1659 0
1661 1
1662 2
18048 2
9857 0
1666 2
18052 0
1669 1
1670 0
1671 1
18056 0
9865 3
1674 2
9867 0
18061 2
18062 2
9873 2
9874 0
18067 0
9876 0
1686 2
1687 2
1420 0
9885 1
6603 1
9887 3
1697 0
18082 0
1702 2
1703 1
9900 2
9902 0
4381 1
3016 1
9906 2
1717 2
9910 0
18104 0
18107 3
15306 1
18110 1
9845 1
1729 1
7116 1
1741 3
1746 2
6332 2
18134 2
9946 2
18141 0
1758 3
18143 1
1760 0
1761 0
9954 0
9958 0
17244 0
1769 2
18154 1
18156 1
18157 2
9967 1
18163 0
18165 0
1782 1
18167 1
13951 3
1788 2
9981 2
1790 2
1793 0
18181 1
18183 0
9995 2
18050 3
9999 2
1809 2
18194 3
18199 2
10009 0
18203 2
18207 2
13651 0
10017 3
1826 2
1827 2
18212 1
18214 2
1833 0
18218 2
13959 1
1837 2
1839 2
1840 2
18225 2
10034 1
10035 2
10036 2
18229 1
10038 2
18057 2
18232 2
18234 2
10043 1
1852 1
10045 1
10047 1
10048 2
1857 2
10050 1
18243 0
310 2
1862 3
18247 2
10056 2
1866 2
18252 1
18254 2
1872 0
18258 1
18264 1
18270 3
1887 2
10080 2
10083 2
18276 0
18278 1
18279 1
10088 1
10089 2
18282 1
1899 0
18284 1
18286 2
10095 2
11240 3
10099 2
10100 2
18293 0
18294 1
10104 1
10105 0
18301 2
1918 2
1922 1
9878 3
1926 3
1927 3
18312 1
1932 0
10125 1
10127 1
18321 2
10130 2
18328 1
18335 1
18337 0
10147 3
18340 2
10149 1
1958 0
10151 3
1960 1
1961 2
10154 0
18348 1
18349 1
1693 2
5521 2
1969 0
18355 3
18078 2
18358 3
18360 2
1978 0
18363 1
1980 0
18366 2
10175 0
10176 1
2521 3
1991 2
1992 2
8524 2
18379 1
1997 3
18382 1
18383 2
18386 1
2005 1
2007 1
10201 1
2010 1
18397 1
10207 2
10208 2
18401 1
2020 3
10213 2
10214 0
18414 3
18419 1
18420 2
18421 3
18424 1
2043 1
10237 0
2047 2
10240 1
10241 1
18434 3
10244 3
2053 0
10247 1
18443 2
10253 2
10254 2
16926 2
2069 3
12633 1
2072 2
2073 2
2074 1
10267 0
18462 3
2083 2
18470 1
2087 2
2088 2
10282 2
2091 2
2092 2
10285 1
10287 2
10288 1
15368 3
2098 2
18483 2
10292 3
4446 3
10294 1
2104 3
18489 1
18491 0
10301 2
2112 2
18497 0
10652 1
2116 2
2117 1
10311 2
2121 0
10317 1
2128 1
10321 0
10324 1
10325 1
10328 2
10329 1
2138 2
1435 0
10333 1
16741 2
10337 2
18530 0
10340 3
2149 2
18534 2
2153 2
18538 2
359 3
18541 0
18542 0
18544 0
1726 2
2166 1
10361 0
10363 0
10364 2
10366 2
15381 2
2176 2
10369 2
10372 1
18567 3
2185 2
18574 2
2191 1
18577 0
10386 1
18579 2
12654 0
2199 2
10392 2
2201 2
16751 1
18589 1
2207 1
18592 0
10401 2
18594 2
2211 0
2212 1
10405 2
2215 1
892 2
18604 2
10414 1
2223 2
10416 1
10417 3
2228 0
10421 2
18614 2
10423 0
9076 0
18618 2
2236 2
2237 3
18626 3
2245 1
18632 2
2249 1
8531 1
2251 2
2254 2
18639 1
16760 0
2261 1
2263 2
18649 0
2266 0
18652 2
378 3
10462 0
10463 2
10464 1
2273 1
10467 2
2278 2
2280 1
2281 2
18666 2
2283 2
10476 3
2286 2
18675 0
10488 2
18682 1
2304 0
10498 2
10499 3
4714 1
10502 2
2311 0
10505 2
2318 0
18704 1
18706 2
18707 1
10516 3
2325 0
18710 2
10519 0
18081 2
18714 1
10523 2
2333 2
10527 3
18723 1
18724 0
10533 2
2342 2
18727 3
10537 2
18733 2
10542 2
1757 1
18736 1
18737 2
2356 2
2357 2
10552 0
6898 1
18746 2
14047 1
2364 2
3125 0
18752 0
10561 2
18754 2
18755 3
18757 0
2374 3
10567 1
2377 0
10573 1
10575 1
2385 2
18771 2
2388 2
18773 3
10582 1
18779 0
15418 3
10590 2
10592 2
18788 1
18150 2
18790 0
10599 0
6354 0
2410 2
1444 2
2413 2
10606 1
18799 3
10609 0
10612 2
10613 1
18806 2
18807 2
10616 1
2427 2
10620 0
10621 2
10622 2
18819 0
10628 2
10629 3
10174 1
2440 2
5868 2
10634 1
12695 3
18830 0
2452 2
2453 0
18839 2
10648 2
18841 2
2458 0
2460 0
410 2
10660 2
18853 2
10663 3
2472 2
8604 2
11335 2
18861 2
10670 1
12701 3
10672 2
2484 0
2485 0
2487 2
10680 1
2491 0
8608 1
2498 2
2500 2
8609 2
10698 2
10700 2
10702 2
8611 2
10709 2
10712 2
8612 0
10714 1
16178 1
2524 1
2525 1
16805 0
2528 0
10722 2
10724 0
2536 0
16807 1
2540 1
2542 1
10737 3
2546 2
10741 1
2555 1
10749 1
2560 1
10753 2
10754 2
2563 2
10756 3
10758 1
2574 0
5814 2
10768 1
10771 1
10773 1
2589 0
2591 0
10784 0
2593 2
890 1
10789 2
2599 2
2600 2
2601 1
2603 2
10798 0
10799 1
10805 0
2615 2
10809 1
10810 1
10813 0
10814 1
437 2
2624 2
10453 2
10819 2
438 0
10822 1
10824 0
2634 2
12727 1
10829 0
1805 3
2640 2
10838 1
10843 1
10844 1
2653 3
2654 2
2655 2
10851 1
10852 2
10853 2
18193 1
4540 1
10858 1
10860 1
10863 0
10866 0
10867 1
5908 1
1120 3
10882 0
10884 0
2703 0
1181 3
10897 3
10899 3
2709 0
14002 0
10904 3
10905 2
1600 2
10907 1
10911 2
10913 3
2722 1
1819 0
10916 2
2725 2
2728 3
2729 1
2731 3
2735 1
10928 3
2738 3
2739 2
1823 2
10940 2
2750 1
10945 2
2754 2
2758 2
2762 2
2764 3
2769 0
1828 2
2778 2
2779 2
9367 0
10973 2
2783 3
2791 2
2794 3
2797 3
2798 0
10993 3
10994 1
2803 2
2804 2
11002 3
2817 0
9184 2
11011 0
11012 2
11016 0
2826 2
7298 0
2834 1
2835 2
16857 1
2840 0
10031 2
11036 2
2845 1
11038 2
2847 1
11041 2
17280 1
2851 1
2852 1
11045 2
2854 1
11048 0
11053 2
2862 2
12765 2
2864 2
2865 3
1843 0
2868 1
3209 2
4438 3
1983 2
2878 3
2879 2
11072 1
11073 1
2882 2
2883 0
11078 2
10189 1
2891 2
3213 0
2898 2
11092 3
11094 1
11095 2
11096 2
11097 1
11099 2
2909 1
2910 1
2917 0
11112 1
11113 3
2923 1
2925 2
11118 0
2927 2
11128 2
11129 2
2938 2
11131 1
11132 2
12778 0
13713 2
2944 2
11137 2
2946 2
2950 2
2952 2
2953 2
15374 0
2956 3
11149 0
2960 0
2967 2
11010 3
11164 0
2973 2
2975 1
11169 3
2979 2
11176 1
2991 2
11184 1
2009 0
4595 1
2998 0
11191 2
11192 2
16884 1
11194 2
3012 2
11206 0
11208 1
3018 2
11215 1
3024 3
3025 1
11218 1
11220 1
16889 2
3032 2
11226 2
11229 2
11230 2
11232 0
3043 3
11238 2
3047 0
3048 3
3053 2
3057 0
3058 1
5971 2
3060 1
2284 2
3063 0
11259 2
3242 3
3070 2
11267 2
3076 2
3080 2
3082 2
3087 2
11281 2
11438 2
3094 2
5013 3
3098 1
15535 3
3102 2
3104 0
11300 2
11833 1
3110 2
3112 1
11305 2
3114 3
3117 3
11679 1
11315 0
3124 2
11317 3
3129 3
11327 2
11329 2
3143 2
11336 2
3149 3
11344 2
11346 2
18275 1
3162 1
18079 2
3168 3
5561 2
3170 3
3171 2
11364 1
5990 0
3175 3
3178 1
3180 3
3183 2
3188 2
11382 2
3191 2
12820 2
9108 2
11388 1
1898 3
533 0
11393 2
11397 2
3206 2
3207 2
3208 2
11401 0
3266 0
3215 2
3216 2
12824 3
11414 1
3223 2
3225 2
18287 1
3230 1
11424 3
11425 2
11426 3
3236 0
3237 1
11431 2
3240 2
11433 2
11434 2
11463 1
3246 2
11439 0
3251 0
11444 2
3253 1
3256 3
5564 1
3261 1
3263 2
11457 2
11458 2
3267 0
3268 2
3270 1
545 2
11467 1
11468 0
11469 2
3278 3
11471 2
3280 2
3285 1
3286 1
3287 2
11487 0
11488 1
9657 0
11491 0
17295 0
11495 3
11496 3
3305 1
11502 2
3311 1
11504 3
552 1
3317 2
16876 3
3321 1
11514 2
3323 2
3328 1
3330 1
8747 2
14209 0
12844 3
11530 1
11531 1
11532 2
3344 1
11540 2
3353 1
3358 0
11553 2
11554 1
3363 1
18310 3
11558 3
4657 1
112 3
11562 1
10119 1
12850 2
3375 2
3376 2
6024 2
3380 1
11573 2
11574 2
6025 2
3387 1
11581 2
3393 1
11586 0
1933 2
3415 1
11610 2
18319 0
11612 3
3422 1
3423 1
3424 3
11617 1
11618 1
11619 1
11620 1
3296 0
3432 1
3433 3
11626 0
11629 0
12861 2
11633 0
11634 2
3446 2
11639 1
11640 2
11641 2
11643 1
3456 0
12663 2
11652 2
11654 0
16961 3
11658 0
12866 2
3471 2
1944 0
3480 2
3485 1
3487 0
3488 2
3489 3
3490 2
3491 2
11684 2
4678 1
3495 2
15665 1
3502 2
3503 2
3504 2
3506 0
15603 1
585 2
10143 1
3516 3
11713 2
14029 2
587 1
3524 0
11717 2
588 1
11724 2
11512 2
8782 0
11513 3
11738 1
591 1
11743 1
16976 1
3557 2
11754 0
3564 3
11760 2
3571 2
3572 1
3574 2
14249 0
11768 2
3580 0
11773 2
11774 1
3585 2
3586 0
11779 0
1964 2
11786 1
3595 0
11788 2
11522 2
1965 2
3601 3
3604 3
16227 1
3611 3
11808 1
14256 1
3619 2
3621 2
11815 1
3630 2
605 3
11824 1
3634 3
6067 2
17579 3
3638 2
11831 1
6068 2
11838 2
11839 3
11841 2
3652 0
3655 1
11849 0
3658 2
11851 1
3660 3
3243 1
9942 2
1976 1
18281 0
3671 2
3673 1
3674 2
18362 3
16997 2
11873 1
11874 1
3683 1
11880 1
11884 2
7442 2
3694 1
11887 2
11893 2
3702 2
4713 0
3704 1
3348 2
3706 2
11899 2
17002 1
952 1
11907 2
7446 2
11913 1
14274 2
3727 2
3728 2
3730 2
11923 3
3740 0
14237 0
3745 2
3747 1
1225 2
11941 2
3751 1
11944 2
18375 1
11952 2
18376 2
7390 0
3769 2
11963 2
3784 2
3785 3
3786 0
8855 1
3791 2
3792 0
632 0
11555 1
3796 2
6681 3
3805 2
11999 2
3809 0
3810 2
3811 2
3813 0
12006 0
3815 1
3821 2
17858 0
8843 2
8830 0
3830 0
12023 1
639 0
18404 2
12032 2
12034 1
8809 0
11565 1
3862 2
12055 2
12058 2
3869 0
3871 0
3876 2
17030 1
3879 2
3880 0
12076 2
3887 2
3892 2
7222 0
3381 1
14265 2
12100 2
3382 0
12103 3
17036 2
12109 2
12110 2
14307 2
3924 3
12119 3
10212 0
12122 3
12127 2
3936 1
12136 2
12137 2
12139 2
12141 1
3952 2
4755 1
3960 2
12154 0
3965 2
3967 3
3968 3
12162 1
3974 3
3979 1
12174 3
12175 2
3984 1
3985 2
3988 0
3989 2
12184 2
3994 0
3995 1
12188 2
14320 2
8810 2
12197 3
4006 2
12202 2
12206 1
12207 2
12210 2
12211 2
12958 0
4024 1
12218 2
4027 0
17056 2
4034 2
4036 1
4037 3
4038 0
12235 0
4771 2
4052 1
12410 2
8483 0
676 2
4066 1
12259 2
4070 3
4076 3
4079 0
12272 2
12273 3
15699 1
12276 3
17976 0
4088 0
14335 2
8874 3
4096 0
18432 1
12291 3
12293 3
4103 2
4107 2
4109 2
4781 1
900 1
12306 2
12313 2
12314 2
4123 1
4124 2
4126 0
12322 2
15707 1
12324 2
12325 0
15708 2
4138 3
12331 2
4143 0
6152 3
17075 0
12340 3
11614 1
12342 2
4151 2
12344 2
12346 0
18142 1
12357 3
4776 2
4173 2
12366 2
4187 3
4191 2
4192 2
4195 1
12388 2
12389 2
12390 2
4199 0
4200 3
4201 2
9960 0
4214 0
12409 0
4218 1
12411 2
4220 2
4221 2
10261 2
4225 2
12420 2
12423 2
12424 2
12426 0
17090 3
12431 3
12433 2
12434 2
4245 2
18457 1
4249 1
11631 2
14362 1
4256 2
4257 2
4261 2
4262 2
4263 2
3688 1
4807 1
15145 0
12462 2
6173 0
12465 1
12466 1
10270 3
12470 2
4809 2
4280 1
714 1
2052 2
12487 0
4296 0
5053 0
15735 0
4302 1
12496 1
12498 2
12499 1
12500 2
4310 0
4313 2
4314 1
13007 1
12510 1
4323 2
16238 3
15740 1
4333 2
4335 2
4337 2
4338 1
12531 0
4340 0
4341 1
4342 2
12535 2
12537 3
12539 2
12544 0
4354 2
10283 2
4359 2
6188 2
4363 2
4365 2
12558 0
12559 1
4370 1
4371 2
4374 2
7556 0
4378 0
12571 1
4380 2
12573 0
4383 2
4384 2
4385 1
13019 2
4389 2
732 1
4394 1
12589 1
4399 1
12592 2
15752 1
12597 1
12599 2
12602 0
4411 3
4413 3
4415 0
12611 2
2102 2
4422 2
12615 2
12617 2
12619 1
12620 3
12621 1
12622 1
4433 1
13027 0
4436 2
12630 2
4439 2
4836 0
4442 2
12636 0
12638 2
4449 2
12643 1
4838 0
5331 3
12648 2
12649 1
4462 2
4470 1
4471 1
12668 2
12672 3
4483 0
12681 0
4496 1
11672 2
4498 2
4499 0
4501 0
4503 2
4505 0
4508 2
4509 1
4511 1
4517 1
4518 1
4520 0
12713 2
12714 1
4524 1
4525 1
4527 1
4528 2
4529 2
755 2
4532 1
4535 3
4537 2
12730 1
12731 0
12732 1
13045 1
12737 1
4546 1
12739 2
10517 1
4552 1
12745 2
12747 2
8335 0
4557 1
4559 3
760 1
12754 2
4564 1
12761 2
4570 1
4571 0
4573 1
4574 3
12769 2
14337 1
4581 1
8336 0
4588 0
4589 2
4590 0
12783 1
12786 0
12787 2
12788 2
12790 0
18516 2
12794 3
17151 2
4605 2
2133 1
4609 1
4610 1
4613 0
467 1
15788 1
4621 2
12815 3
4624 1
4626 2
12819 1
17612 2
4629 0
4632 2
4636 0
4637 1
773 2
4641 2
4642 0
12836 3
17067 1
12839 0
12840 1
4650 2
12843 1
4652 3
4653 0
4654 1
4656 1
4872 2
4658 2
4659 2
12852 2
10521 2
4669 2
12862 2
4671 0
4674 1
12870 1
6241 1
12872 2
12874 1
4683 0
12876 2
4688 1
12882 2
12883 1
12885 1
4697 1
10522 1
4699 1
4704 1
4705 1
4706 0
4707 2
4709 1
12903 3
4712 2
12905 3
12906 2
12907 0
12908 0
4719 0
12914 2
12916 1
4726 1
12919 1
4728 2
4729 2
4730 1
12923 3
4733 2
4736 2
12930 2
12931 0
12932 1
4741 1
3521 2
4744 1
12941 1
12946 1
12947 1
4766 1
4768 2
12961 2
17179 1
14889 0
12967 0
12968 1
12972 2
12973 3
4784 1
15816 2
4786 3
12981 1
4790 1
12986 2
12987 1
4798 0
17184 1
4803 3
4805 1
12998 1
801 2
13001 1
4811 3
4813 1
4815 2
4816 1
4817 2
13010 0
13012 1
13014 2
13017 1
4826 1
4827 1
3434 1
4830 0
4831 1
2171 0
13028 0
13030 2
4839 0
4842 1
13035 1
4848 1
13041 2
13043 2
4853 0
4854 0
4855 2
4856 1
9982 1
13060 0
4871 0
13064 3
13069 1
4878 0
4884 0
13077 2
13078 0
4888 2
18564 0
4911 2
8619 3
13088 1
4897 2
4898 2
4900 0
13094 3
4903 3
13096 2
4906 3
13103 3
13106 2
13107 0
4916 2
13110 1
18569 1
4920 0
14894 2
14474 3
13123 2
4932 0
4933 0
4934 1
13128 1
13129 2
13133 2
13135 2
13112 1
4948 2
13142 1
13143 0
13146 0
4956 0
13150 3
4561 3
12799 0
13153 2
4962 0
9019 1
13156 0
13157 2
13159 3
13160 1
4973 0
13168 2
2195 1
5222 0
4981 2
4984 2
13177 1
4986 2
4987 0
13183 0
4994 1
13188 0
4997 2
1803 0
13193 2
13195 0
5006 1
13199 1
13201 2
13204 2
13205 2
13207 1
13208 2
13209 2
13210 2
5020 2
5021 2
13214 1
13216 0
5030 2
13225 2
5035 2
5037 2
13237 1
13244 2
13245 2
5054 1
13247 2
5057 3
5063 2
5064 2
13259 2
13260 3
6306 1
13262 2
5071 3
5072 3
5073 3
5076 1
13271 1
13272 0
13275 2
13276 2
5085 1
5086 1
13279 2
13281 0
5090 3
5091 2
5095 2
7676 0
10407 2
13295 1
18719 0
13297 0
13300 2
13301 2
13303 2
13307 1
5116 3
5121 2
13314 0
4950 2
13320 2
10412 2
13322 2
5138 0
13331 2
13334 0
5143 1
5144 2
11109 2
18608 0
5157 2
13350 0
2225 1
13353 0
13356 2
13360 2
13363 2
13366 0
5176 1
5177 3
13370 0
4959 0
18613 3
5184 3
5186 0
10422 2
5191 2
5194 2
18615 1
13394 0
13401 2
5210 3
5211 2
13405 2
5214 2
4538 2
13414 2
13415 0
5224 0
5225 3
13418 1
13419 1
5229 2
13424 2
1538 2
13427 2
13428 3
9065 2
13435 2
5244 0
4539 1
13438 1
5247 2
5249 2
13443 1
13446 3
3721 2
5265 2
13458 0
5267 0
5272 0
5274 0
879 2
5276 2
13470 3
13477 2
5291 0
13484 0
5293 2
7709 3
13489 0
9075 2
13496 2
13497 1
5306 1
13501 1
13512 1
13513 0
5322 2
15906 2
13518 2
11811 2
5336 1
5338 0
5339 1
13544 2
13535 2
5345 2
17539 3
18641 2
5352 1
13545 3
7719 1
5357 1
13550 1
13551 2
5362 2
5365 3
5368 0
5369 2
5372 2
13565 2
5374 1
13567 3
5376 2
13569 2
5378 2
5380 1
5381 2
13578 2
13580 2
8090 2
13583 2
13585 2
6999 0
13587 2
13588 2
5399 3
13593 1
2362 2
18729 0
13599 0
5408 1
15920 1
13607 2
9095 2
15922 2
5422 2
5419 2
13618 1
9889 0
13622 2
5432 0
5433 0
1982 0
5437 2
13631 2
5440 0
5443 2
5444 2
13638 2
5448 0
5449 1
13644 3
5453 2
13647 2
5459 3
5460 2
5461 2
5463 1
5465 2
13658 2
911 2
5469 1
5477 0
5478 0
17297 0
13674 0
13676 0
5490 1
13549 2
13687 2
5497 2
13690 2
5499 2
13695 2
14095 2
13697 2
5874 2
5508 2
3419 2
5513 2
2093 0
13710 2
13711 2
920 2
5524 2
12459 1
13718 2
13722 3
13723 2
13727 1
14576 0
5539 1
13734 1
5549 3
5553 2
6388 3
5562 1
13756 2
13757 0
13758 0
5567 2
5571 1
5572 3
5574 2
5576 1
5578 3
5579 2
5580 1
5581 2
5583 2
13779 1
5588 3
5589 3
5590 3
13783 2
5592 3
16553 1
13787 2
5600 0
5601 1
5603 0
13796 0
13222 3
5608 1
5612 2
5614 0
12457 2
13817 1
5626 3
14591 2
5630 2
13825 0
5637 1
13830 0
5639 2
17324 2
13834 2
5644 3
2306 1
13229 2
13844 3
5654 2
5657 1
5658 3
13852 2
5662 1
5666 0
13867 2
5099 1
5685 2
13879 2
3679 2
13884 2
5697 2
13892 3
6412 2
13898 3
3682 2
16557 2
638 0
5373 1
5716 0
10510 0
5718 0
13912 1
13916 2
13920 2
13922 1
13928 1
13929 1
13930 1
13933 0
13935 1
5745 2
14611 1
5748 0
5751 2
2324 2
5754 2
18709 3
13952 1
5761 1
5763 2
17029 0
9153 2
5769 0
13963 3
13965 0
5776 2
5777 2
5780 1
11886 2
9467 2
13978 2
5787 0
13981 3
9740 2
17349 0
13984 0
18715 3
13990 0
13993 2
13995 2
5806 0
17060 3
13256 1
5810 0
5811 2
14004 3
14006 3
14007 1
8377 1
5819 1
5820 1
14013 1
5822 1
5823 2
5824 2
14017 3
5067 2
5829 1
3703 2
14028 1
5837 0
5838 2
5839 2
11896 1
14036 1
11897 0
14628 0
5853 2
18725 1
5859 2
5860 2
5862 2
16562 2
2343 1
14060 2
5869 2
14062 3
14066 3
14068 0
2105 0
5878 0
5879 2
14073 0
14074 3
7807 2
14077 3
5886 2
5888 2
3712 2
5894 0
15042 2
5896 2
14090 2
5901 1
5903 2
14098 2
14100 0
5909 3
14103 1
5912 2
5922 0
5925 2
14118 0
5928 2
5929 1
5931 2
14125 2
14126 2
14127 2
14128 2
7816 0
14130 1
2801 2
14132 3
14133 2
5943 0
14137 2
14139 1
14141 2
14142 3
14144 2
14145 2
14150 1
14151 2
5966 2
8382 0
18475 0
13283 2
5972 3
5975 3
14171 0
5980 3
10554 2
5982 2
367 0
14177 2
5987 1
14180 1
14181 1
16839 0
18748 2
14186 2
14187 0
14189 0
5998 3
14192 2
3731 1
14198 3
14201 0
6012 0
2368 1
6018 1
6019 1
14212 2
6022 2
14216 2
14217 2
6026 2
14219 0
6028 0
14221 0
14224 1
16024 1
14226 2
14228 0
14233 0
5103 1
6044 3
6045 1
14239 0
14240 1
14241 2
14245 1
6057 2
14251 0
14252 0
14254 2
6064 2
14257 1
14258 2
14259 1
14260 3
6069 1
6070 2
6071 2
6073 2
14267 1
14270 0
6080 1
11932 0
14277 2
14278 2
14280 0
8659 0
14287 1
14293 0
17401 3
6104 2
6107 2
6108 2
14302 2
14304 0
14305 0
6115 3
14310 3
14312 2
6123 2
4101 3
6126 2
6128 2
6129 2
14322 2
14323 2
6132 2
6135 2
14330 0
9215 0
6140 2
14334 0
6143 3
13407 0
750 2
13313 2
14344 0
14345 3
6154 2
6159 2
1027 0
14357 2
14360 1
6169 2
6170 3
14365 3
14367 1
6176 1
6177 1
14375 0
14377 1
3752 3
14380 0
18033 0
14386 2
14387 2
6196 2
14392 2
6201 2
14394 2
15755 0
6206 2
6209 2
6211 0
14405 1
14410 2
14412 2
14413 2
1037 3
6227 2
6228 2
14422 3
6231 2
14425 2
16058 0
14431 1
14432 3
14433 2
6243 0
14442 1
6251 2
14444 2
6253 2
16061 1
14453 0
6267 2
18472 0
6270 2
14463 1
14464 3
6277 2
6282 2
14476 0
14491 1
6304 1
14498 2
6307 1
14501 0
14503 2
14504 2
6313 0
6315 0
14509 2
14510 2
14512 1
14513 2
18747 1
14519 0
14524 1
6333 1
14527 3
14530 0
14533 2
1057 0
7884 2
6348 3
6349 2
14542 2
14545 3
14546 0
6356 1
14549 2
6360 3
315 1
6368 2
14561 3
14715 2
10011 1
14571 2
14572 0
14575 3
6384 0
6385 2
14579 0
14580 3
6391 3
14586 2
6395 1
14589 1
6398 3
6399 0
16086 0
6407 2
14603 2
14604 2
9261 0
6418 0
6419 2
6421 1
6424 0
17455 0
6429 1
14623 0
14626 1
6436 1
2942 2
14631 2
14632 2
14633 0
6442 1
6443 2
14636 2
6445 1
6446 2
11997 0
6448 1
10632 1
8990 2
14644 1
6453 3
6454 0
14647 2
6456 1
14650 1
14651 2
12763 2
6464 0
6465 0
6466 2
6467 2
6468 1
14663 2
6473 2
14666 2
1079 2
14669 2
6478 3
14673 2
14676 0
7790 1
14682 2
6495 0
6497 0
14690 2
6499 2
6504 2
6505 0
6506 2
1035 2
6514 1
6521 0
6522 2
6523 2
14724 2
14728 3
14730 1
14731 2
9282 3
12013 2
14742 2
14743 2
14745 3
9318 0
14748 0
14749 2
14751 2
14753 2
14403 0
14756 0
14761 1
14762 0
6573 0
6575 2
6576 2
1096 1
4299 3
14772 1
14773 0
6582 0
6584 2
6585 1
14778 2
14779 2
6588 1
14782 2
6591 2
14787 0
14789 2
14791 2
6600 0
14793 1
14795 1
6604 2
14798 2
6608 2
14804 2
14805 2
6614 2
6616 1
6617 2
6619 2
6621 2
6622 0
2469 0
15647 1
6626 3
6631 2
14825 2
14826 2
2471 3
14828 0
14829 2
6642 3
14837 0
6646 1
6647 2
6648 2
14842 2
6652 3
14845 0
14849 2
14851 2
1040 0
11133 0
14858 2
6671 3
17496 3
6674 1
6676 0
2478 3
14873 2
6683 2
14876 2
1114 1
14878 2
14879 2
2132 0
6689 2
6691 1
6692 2
14886 1
6695 3
6696 3
6697 2
6701 1
6702 1
6703 1
14896 0
6706 1
14899 1
6708 1
6709 0
6710 1
14904 2
17503 2
6718 2
14913 2
6723 1
6724 2
14917 1
14920 0
14921 1
6732 2
6734 3
14928 2
6250 2
6740 1
6741 0
14934 2
9316 0
14942 3
17509 2
6752 2
14945 1
14949 0
8954 2
6765 0
14960 2
9320 2
6770 2
6774 0
13417 3
6776 2
14972 2
14973 2
14978 3
6787 0
6788 1
6789 0
6791 2
14984 0
9324 1
6794 2
14987 3
6797 2
14991 2
6802 3
6595 0
14996 2
6806 0
15001 1
15002 0
15004 2
15005 1
15008 2
15009 2
6819 3
6820 1
15020 0
6833 1
6834 0
6836 1
6837 1
6838 1
6839 3
15034 2
15035 3
6845 0
6850 1
6851 1
6853 0
6855 1
6857 1
15051 2
15055 2
6867 1
18505 2
6871 0
15064 0
15067 2
15068 2
15069 2
6880 1
6881 2
6886 2
6887 1
15081 1
6890 1
6892 2
15085 2
15086 2
15087 2
8413 2
15093 3
6905 1
6907 2
15102 1
6911 1
15104 1
6913 0
15109 1
15110 1
6920 2
15116 2
15119 0
12703 3
6930 1
15123 1
15124 3
6933 3
15126 1
14809 2
6937 0
15131 1
15132 1
6942 1
15135 2
15136 1
7984 3
15138 0
14811 2
15141 1
6950 0
15143 2
6953 2
6957 1
6959 0
17544 2
6962 2
6965 2
6967 2
7166 3
2527 1
6978 0
15171 1
6980 1
15177 2
15182 0
6993 2
6994 1
9358 1
15191 2
11417 2
15193 1
7002 2
15195 2
7004 2
15197 2
7006 2
7009 2
7010 1
15204 2
7016 2
15209 1
15212 3
9781 1
7023 1
11145 2
15217 2
15220 2
1847 0
15225 1
15227 3
7037 1
15231 0
7040 0
7045 2
7050 1
15243 1
7052 1
15245 2
15246 0
7055 1
7056 2
9368 2
15250 3
9369 3
15258 1
7068 1
7069 0
15264 2
7074 2
7075 3
7076 1
15269 1
16057 1
7085 0
15279 2
15280 1
15282 2
15288 3
15289 3
7098 2
15293 0
2549 2
15296 2
16203 0
17569 2
15304 2
7114 2
15308 1
1328 0
7120 2
7123 2
15318 2
7129 2
7132 0
1189 2
15328 3
7138 0
7139 0
15333 2
7143 0
7148 0
6653 1
7154 1
7155 2
15349 1
15350 0
7160 3
7164 2
15358 2
7167 0
15362 2
9704 3
6657 1
7176 1
5292 2
7179 3
7182 0
15375 1
15376 3
7185 2
7186 3
7188 2
7189 2
15383 2
7195 0
9392 0
7202 0
1058 2
2566 3
5297 0
7208 2
15405 2
7214 2
15409 2
7219 3
15413 2
15414 3
15417 2
7226 0
7227 2
7229 0
7230 2
17426 2
15428 2
15429 2
15431 2
7242 0
15437 1
7246 2
11698 3
15440 1
7250 2
10607 1
8152 3
7255 2
15448 2
16228 3
6704 1
15455 0
15457 2
15468 0
17597 1
15472 2
7282 2
7283 0
7284 0
15477 2
15479 0
15482 1
15485 3
5504 0
15490 1
3947 0
15493 2
15494 3
7306 2
15500 2
15503 2
15505 0
15506 1
15508 0
15509 1
15511 0
15517 1
16338 2
16240 1
15522 1
7332 2
7336 0
15529 0
15534 0
14877 2
5321 3
7337 0
10783 3
1226 1
14880 2
7363 0
10785 2
15560 0
15561 1
15562 0
15565 1
7374 3
15570 0
8533 3
7380 0
15580 2
15581 1
15582 0
7391 1
15584 2
7394 2
15588 1
15589 2
15594 3
14887 0
17159 3
15602 2
13523 1
15604 2
15605 1
7415 2
17620 0
12795 0
15616 0
15617 2
15620 1
15625 1
7434 2
1195 0
7440 2
15634 0
2606 3
15638 2
7447 2
16342 2
7449 2
7450 2
11432 0
15644 1
15645 3
16261 1
15649 3
7458 1
15652 1
7461 1
15654 2
15655 2
15656 0
15657 2
7467 2
15661 1
7473 1
15668 1
15669 1
15670 3
7481 1
15676 0
14901 0
7488 2
7489 2
7491 2
14902 2
10807 0
15694 1
6712 2
9443 2
15704 0
15706 1
3983 2
7516 2
15714 1
7525 3
12177 3
15721 2
15723 0
15725 0
15726 1
7535 0
17640 1
7538 3
7543 2
15736 1
7545 1
7548 2
15741 1
15744 2
7553 0
15746 0
15748 2
7560 3
7561 2
16279 0
7565 1
15758 2
15759 3
15761 2
2627 2
15764 0
15765 2
15766 1
7580 2
15773 2
7583 3
15776 2
1196 2
15778 0
7596 1
15798 1
15802 3
10619 0
7615 2
7617 1
7620 2
7624 3
15817 2
15818 2
7627 0
7634 2
15827 3
7639 2
7640 3
15834 1
7646 2
7649 2
7651 2
15847 1
15852 2
15854 1
15855 1
651 0
7672 3
15868 2
7677 3
17168 2
15871 1
13568 3
7682 2
11167 1
17666 2
7695 2
17987 0
7699 2
16302 1
15895 0
15896 1
13572 2
15898 2
7707 2
15901 1
15902 1
15904 2
7714 0
7715 0
9478 2
15910 1
15911 3
7721 2
7726 0
7728 2
7730 1
4019 1
7732 1
10846 2
7741 0
15936 2
7746 2
7747 2
6753 0
7752 1
7753 3
15954 1
15957 0
7766 1
15961 1
15962 0
15963 2
7773 0
7775 0
15969 0
15970 3
1045 1
7784 0
15977 0
15978 3
7789 2
15982 2
15984 0
7793 3
7795 0
7796 3
13626 3
15997 1
15999 1
16000 2
7810 1
16003 2
2715 2
16005 1
1624 2
16014 2
16015 1
16018 1
7828 3
7831 1
7832 3
16025 1
16028 1
7838 2
16034 2
16036 1
7846 3
16041 1
7852 3
16049 1
16050 3
16056 1
7865 2
7866 2
5407 1
7869 2
16063 1
16064 2
13600 1
16066 1
16067 2
16068 2
14966 0
7878 0
6809 0
16073 1
7882 1
16076 2
7890 2
7891 2
16085 0
7894 2
7895 1
16088 1
7897 2
16091 2
16096 2
7908 0
7909 2
6810 1
16106 2
7916 2
16109 2
16110 2
16113 2
16114 2
16115 2
7924 3
16117 2
7927 1
16358 2
16123 1
8993 0
7934 2
16127 3
7936 2
16129 1
16131 1
16133 1
16134 0
5720 2
7945 2
16138 2
7947 2
16140 3
7949 2
16144 0
16145 0
13614 2
16150 2
4057 2
7960 0
17723 1
7963 2
13616 2
7975 2
16168 0
7978 0
16176 0
7986 2
16182 1
16186 2
7998 3
7999 2
6795 2
16198 0
8009 2
17719 1
8014 2
16207 0
8017 3
8018 3
8022 0
16215 1
10895 1
8029 3
16226 0
9531 2
8036 1
7087 1
16231 1
16232 0
8041 0
8046 0
17725 0
8048 3
2707 0
16244 1
16245 1
8054 2
8059 3
8062 3
8069 2
16263 2
16265 1
16266 2
8075 2
17727 1
8087 0
16282 1
12271 0
16285 0
16288 1
16291 2
16292 0
16294 3
8105 2
8108 2
8110 2
16306 1
8116 2
16309 1
8119 0
16316 1
16318 0
12277 0
8129 2
8135 3
9548 0
8139 1
16332 2
8142 3
8144 1
16337 2
8146 2
10915 2
8149 2
8150 0
16344 2
16347 2
16348 2
8159 3
16356 0
8166 2
16359 1
10092 1
16362 2
8172 1
8179 2
16814 2
1909 0
16376 2
16381 1
8190 2
16383 1
