0 0
8192 2
16386 2
8196 1
8197 2
8198 2
16393 2
16395 0
16396 1
8194 1
15021 2
16 0
7365 0
16404 3
21 0
16406 0
16407 0
3274 1
16409 0
16411 1
16412 0
1370 2
16415 2
33 0
8227 2
8228 2
37 0
16422 2
8232 0
41 0
8234 2
12295 2
16428 0
8237 2
16430 2
48 1
16433 2
14459 0
8249 2
8250 1
16443 2
16446 0
66 1
16452 1
69 1
70 0
16455 2
16456 2
12300 2
74 0
16461 2
16463 0
16464 1
8274 0
18279 1
8276 1
8278 2
88 2
89 1
16484 1
16485 0
102 1
8296 2
8297 2
17767 1
8210 0
16495 1
112 3
113 2
114 0
8307 2
117 0
16502 0
16505 0
122 3
16509 1
126 2
16511 0
16516 1
133 2
134 0
10945 2
16520 2
8330 2
8331 2
8333 2
16527 2
144 2
8337 0
8338 2
15043 2
148 1
1724 2
151 1
8344 1
371 0
8346 1
16540 2
8349 2
158 3
16543 2
5488 0
8355 0
8356 3
16549 2
166 1
17777 0
169 1
170 0
8363 1
172 0
173 2
15827 3
8367 0
8368 1
177 1
178 0
8371 2
8374 2
183 2
186 2
8383 2
16577 0
2763 0
197 2
16583 2
200 0
202 2
5495 3
8396 0
16589 3
16590 3
16591 2
16592 1
8402 2
35 0
16597 0
8407 2
16601 1
6863 0
8413 2
8415 1
16608 0
225 0
16611 0
16612 1
16614 0
15057 0
8425 3
8426 2
16620 3
16624 2
16626 2
17466 0
244 3
2597 0
8438 2
247 2
2772 2
250 1
16640 1
8449 2
16645 1
16646 1
8455 0
16648 0
266 2
16652 0
8461 3
8462 0
16429 2
1100 0
274 2
6856 1
16663 2
280 3
8473 2
16668 1
16669 0
16672 0
289 2
8482 0
8483 0
8486 2
8241 2
296 0
297 2
16682 0
16683 2
8496 2
16689 1
16690 2
16691 2
16693 1
13705 0
16697 2
8506 1
315 1
16700 2
319 2
8512 0
321 3
324 1
1966 0
947 2
16713 0
10235 2
332 2
8525 2
16719 2
1375 2
8531 1
340 1
8533 3
342 2
16728 1
346 3
8539 1
8391 2
349 1
350 0
8544 3
5520 0
354 2
8549 0
16742 1
16743 2
16744 2
8553 2
8556 1
366 2
8559 3
16752 2
8563 2
8564 2
8565 3
374 2
16759 1
376 2
8570 1
8573 1
384 1
8578 2
16771 0
13718 2
16774 1
16775 1
8585 1
394 2
16781 0
16785 3
8594 1
16787 1
16789 3
8599 0
13096 2
8601 2
410 2
8604 2
8608 1
8609 2
8610 1
8611 2
8612 0
8613 2
16806 1
423 2
8616 2
1436 1
427 2
428 2
8621 0
8622 2
16815 2
1768 1
8264 0
16819 2
16821 1
438 0
16823 0
440 1
8633 0
8634 2
443 0
10423 0
8638 1
447 0
8640 0
451 1
16836 1
10998 0
454 2
455 1
16841 2
458 3
461 2
4173 2
16848 2
16851 2
16852 1
16854 2
15097 2
8665 2
8666 2
16861 1
1445 2
3252 3
16865 0
8674 0
8675 2
16868 2
8745 1
8679 2
488 2
491 0
16466 1
16878 0
8687 2
12371 2
6910 2
16886 2
8696 2
8697 0
8699 1
508 0
509 3
8702 2
5838 2
512 1
16897 2
15020 0
16900 2
517 0
16902 2
6913 0
16905 1
522 3
524 2
8717 2
8718 2
8719 3
529 2
16914 1
8723 1
1927 3
533 0
8727 0
8728 2
538 0
16923 2
8732 1
541 2
16926 2
16927 1
16928 2
545 2
546 1
8739 3
548 1
549 2
551 1
552 1
16937 2
554 2
8747 2
17842 2
558 1
6920 2
562 3
563 2
16948 0
565 1
837 0
2825 2
8761 1
16954 2
8765 0
8767 0
8769 1
578 1
8771 3
8773 2
8775 0
8776 1
8777 0
586 3
588 1
8781 3
591 1
16976 1
16978 2
16979 1
16980 2
8789 2
17849 2
8792 1
16985 1
8794 1
8796 0
5562 1
606 0
16991 3
8800 1
16993 2
8802 1
611 1
8805 2
8806 0
8809 0
17002 1
8811 1
620 3
622 0
8815 2
624 2
8817 1
8818 1
17012 3
629 1
12393 1
8824 0
4931 2
13759 0
636 2
17022 0
8831 0
8832 2
641 0
107 2
17028 0
8837 0
17030 1
9665 2
8841 2
8843 2
17036 2
8845 0
654 0
655 2
17040 1
17041 1
17042 2
17043 0
8852 0
663 2
664 0
17049 1
8858 2
1386 3
8862 2
8863 3
674 0
675 0
17061 2
17062 0
680 0
17065 0
8874 3
8875 2
8877 1
8881 2
18037 1
17075 0
8884 2
2846 2
17078 2
8888 3
2847 1
700 2
701 2
702 1
17087 0
705 0
17090 3
8899 0
17092 1
17093 1
8902 2
11041 2
712 2
17097 2
8906 2
17099 2
716 1
15138 0
13773 0
6025 2
8914 2
8916 2
17110 0
727 2
8921 2
730 2
732 1
733 1
17118 2
8927 3
17120 2
9680 0
4219 0
740 2
17125 2
17126 2
8935 2
744 2
745 1
746 2
17131 1
748 2
8941 2
750 2
17135 2
7390 0
17137 2
754 2
755 2
17140 0
4222 2
15145 0
8952 2
8953 1
764 2
766 1
767 2
8960 0
8963 2
17156 2
5590 3
774 1
8967 1
17160 0
17162 0
8971 2
780 2
782 3
8975 2
8976 2
9688 3
786 0
787 2
790 2
17175 3
8984 1
8986 2
795 2
17180 2
797 1
8990 2
8991 2
8992 3
8993 0
17188 2
16518 2
17190 1
807 2
17192 0
17193 2
16519 0
17196 1
814 2
17199 2
12575 0
17203 2
17205 1
9015 0
825 2
9018 2
17211 1
16522 1
17214 0
15157 2
832 2
139 3
17220 1
9029 0
13793 0
7393 0
844 2
17231 0
17235 0
852 2
9045 2
854 0
4370 1
856 0
9049 2
859 2
9052 1
17245 1
862 0
17893 0
864 2
865 1
9059 0
17252 2
870 2
4241 0
9065 2
874 3
875 2
876 3
17262 0
879 2
880 0
17265 2
9075 2
884 1
885 1
14214 2
9079 1
888 2
9082 2
17276 0
894 2
17280 1
9089 2
5611 1
9092 0
9093 1
9094 0
9095 2
17288 1
9098 2
11074 2
910 1
17296 3
17297 0
914 1
9107 0
17300 1
5614 0
9110 2
9112 2
9113 0
17306 2
17308 2
9117 2
17310 1
17311 2
17313 2
931 3
1122 1
9127 2
9129 2
938 1
17323 0
9132 2
17325 1
17328 0
17329 3
9138 0
17331 1
16542 0
9142 0
10670 1
952 1
9145 0
17342 2
960 2
961 1
17346 0
9155 2
964 3
9158 3
9159 0
743 0
15180 1
17354 3
5623 0
17360 2
9169 0
17365 0
8216 0
983 0
17368 1
9178 1
988 0
17376 0
9186 2
17379 2
16550 1
15185 0
13820 1
1002 0
1004 0
17390 1
17391 0
9201 0
17395 2
17396 2
8010 1
17399 2
9209 1
9210 1
9211 2
1021 0
1023 2
9216 0
9217 2
9218 2
12459 1
9221 1
1030 2
1031 3
1032 1
2903 2
1037 3
9230 0
16557 2
17426 2
9236 1
12462 2
17430 2
17431 3
1048 3
17435 3
15194 2
1054 2
13829 0
17440 2
17441 2
1058 2
12390 2
9252 2
17926 0
1063 2
9257 0
17450 1
1067 2
16562 2
9262 2
1071 1
1073 3
9266 3
9267 0
15198 1
9270 2
1079 2
9272 3
9274 2
17468 1
17469 0
17470 0
9279 2
10129 2
1089 3
9282 3
17475 0
17476 0
17477 1
9286 0
9287 0
17480 2
9740 2
1098 2
9292 1
16374 0
17487 2
9297 0
1106 0
1107 1
17492 1
17493 0
17494 2
896 0
1114 1
9307 2
9308 1
9310 0
2917 0
9312 2
17505 0
17506 2
17507 2
9316 0
17509 2
9318 0
9745 0
17512 1
12476 2
9322 1
1947 1
13842 0
9326 0
17519 2
17520 1
16647 0
1138 2
17523 2
12313 2
9333 3
1144 2
17532 2
1149 0
1150 2
9343 2
17536 2
1153 0
9347 1
1156 3
17541 1
17542 1
17543 0
17544 2
9354 1
1163 2
17548 1
17549 1
17550 2
17552 1
17553 2
9362 0
17556 2
1174 2
17559 2
17560 1
1177 2
15215 0
1180 1
17565 0
9375 0
17568 0
9377 2
9378 2
1187 2
1189 2
17574 1
12883 1
1192 2
9756 0
17578 2
1195 0
9388 2
9389 0
1199 0
9396 1
9397 2
9398 1
17591 1
17593 2
17594 1
9759 0
10319 3
7029 0
17600 1
1217 2
9412 1
9413 0
17607 2
1225 2
1226 1
1227 0
17612 2
9421 2
12316 2
17616 0
9425 1
11225 0
9427 2
9428 2
12494 2
17625 1
1245 0
7952 0
9441 2
9443 2
1253 0
9446 1
17639 1
17642 1
2224 3
1260 0
17646 0
11226 2
17649 1
17650 1
12499 1
17652 1
9461 2
17654 3
9044 0
9465 1
1275 0
17660 2
5674 1
13136 2
9473 1
17666 2
9771 1
1284 1
9477 2
1286 2
17228 0
1290 1
1291 0
17680 0
12504 0
17682 0
1299 1
7810 1
9495 1
9496 2
17689 2
17695 2
17696 1
9505 2
1314 1
17702 2
9777 0
1322 2
1323 0
1324 2
17710 2
17711 1
2952 2
1331 1
17719 1
9529 0
1338 1
9531 2
17724 0
1341 2
17726 2
1343 2
9536 0
4320 2
9540 2
9543 2
17737 2
1355 1
9549 2
1358 2
17743 2
1592 3
9554 2
9555 1
9556 2
1366 0
17751 2
1369 2
17754 2
17755 0
17756 0
1374 2
17759 1
15248 1
17762 2
17763 0
17764 2
1381 2
17766 0
1383 2
17980 0
9578 1
9579 2
11154 0
9584 0
1393 2
6593 2
2963 3
1396 2
17781 3
12521 2
9592 1
1401 2
1402 1
17983 3
9597 2
17787 3
9599 0
1408 0
17795 1
9604 2
1414 2
17985 2
1416 3
1417 1
9611 2
9616 0
1430 0
9623 2
9626 2
9595 2
17820 0
11162 2
9630 2
17989 1
1440 2
8432 1
1442 2
17827 1
9636 2
9637 1
1447 3
7068 1
9642 0
17835 2
9645 2
15261 2
9648 2
17841 1
1458 2
9651 1
1460 3
17846 0
9656 1
9657 0
17850 1
17851 1
1468 2
17855 2
1473 1
9668 1
9669 2
1478 1
9673 1
1482 1
1483 2
9676 2
1485 3
1488 1
9681 2
17875 0
9685 2
17879 0
1496 1
9691 3
9692 2
17885 0
9694 0
17887 2
16417 0
9702 2
17895 0
17896 1
17707 2
12871 0
10416 1
3051 0
9712 2
17907 0
17910 0
17911 0
9722 2
3057 0
17959 2
15054 2
1538 2
17924 0
17925 0
9734 0
1545 2
13911 2
1548 2
9741 2
17934 2
1551 2
9816 2
12054 0
4355 2
17940 0
17944 1
1561 2
9754 2
7087 1
17948 2
261 2
17953 0
17956 2
1575 1
9768 2
1577 3
9770 1
12551 2
17964 0
9773 2
1583 2
1795 0
17971 2
9781 1
1591 1
9784 2
17977 2
9786 0
17979 2
1596 2
1597 1
1598 0
1599 0
9792 2
1601 1
17986 0
17987 0
1605 0
1606 1
1608 1
1610 1
17996 1
1613 2
17999 0
11192 2
17239 1
9811 0
9812 0
1621 0
11193 0
18008 1
9817 2
1626 2
9820 0
15290 2
2782 1
9825 0
9829 2
1638 0
1639 2
1640 2
18027 2
18028 1
16658 0
9838 1
18032 0
13928 1
1652 2
1653 2
4539 1
1655 2
12603 3
1660 1
1661 1
9854 1
18048 2
9857 0
1666 2
1668 2
1671 1
18056 0
9865 3
9866 0
18062 2
18065 0
9874 0
18030 2
1686 2
13161 1
9882 1
16052 0
18076 0
18077 0
9886 0
18079 2
9840 0
9890 0
18083 1
1700 2
1701 2
1702 2
1703 1
18088 2
1706 0
9899 1
1709 0
1711 2
1712 1
1713 0
1714 0
18100 1
1717 2
1719 2
1720 0
18106 0
1723 1
6604 2
1725 2
18110 1
9845 1
18112 3
9921 3
1730 0
8481 0
9928 1
7116 1
1738 2
1740 0
18126 0
13697 2
1746 2
12579 0
1748 0
18133 2
1750 1
1751 2
9946 2
11215 1
1695 2
18141 0
18142 1
18143 1
1760 0
18148 0
18149 1
9958 0
1767 2
17244 0
1769 2
18155 1
18156 1
1774 1
18159 2
8488 2
1779 0
1662 2
1782 1
8489 0
18169 1
9981 2
9982 1
18175 1
18176 2
8491 3
10043 1
18183 0
1800 0
18186 2
9995 2
1805 3
18190 1
9999 2
10000 0
1809 2
18194 3
10005 3
10006 0
18199 2
18200 2
18201 1
18203 2
1821 1
18207 2
5687 2
1826 2
1827 2
10020 3
18214 2
10023 3
18216 2
10026 2
1835 1
1836 1
18221 2
10032 1
18225 2
17792 0
10035 2
18228 2
10037 2
1847 0
18232 2
18233 2
18234 2
11231 0
1852 1
1674 2
10047 1
18240 0
3040 2
1858 1
18243 0
10053 1
18247 2
10056 2
18249 3
2517 0
16695 2
3881 0
1872 0
18257 0
10066 3
18264 1
1882 0
18269 2
1887 2
10080 2
17248 1
18275 1
18277 0
10087 3
10088 1
10089 2
18284 1
18287 1
10096 0
1905 0
18290 0
10099 2
18293 0
10102 0
11241 3
10104 1
10105 0
18298 2
1918 2
16704 3
18306 2
1923 2
1924 2
18310 3
10119 1
18312 1
10123 2
1932 0
1933 2
18319 0
18320 0
18321 2
10130 2
18323 0
1942 0
18331 1
10140 2
1690 0
18334 1
18337 0
10146 2
10147 3
10149 1
1958 0
10151 3
18344 2
10154 0
18347 2
10156 1
1965 2
16705 1
9885 1
1968 0
18353 0
10163 2
18078 2
18358 3
18360 2
18361 3
504 3
9887 3
330 0
18366 2
1983 2
17524 2
4427 1
4814 2
18374 1
1992 2
8524 2
1994 0
10188 0
10189 1
18383 2
18384 2
2002 0
9891 3
16871 0
2006 1
18391 0
10200 2
2009 0
18394 2
8527 2
10488 2
18397 1
10207 2
18400 0
18404 2
10213 2
2024 2
18409 3
2027 0
10220 0
16722 2
10222 2
18415 2
9896 2
18418 1
16723 3
18420 2
7166 3
2038 0
14198 3
16724 2
18427 3
10236 1
10237 0
2047 2
10242 1
18091 2
2052 2
18437 0
18439 2
10248 2
13996 1
18442 1
18444 0
614 2
18446 2
10256 0
18451 0
18452 2
10261 2
18455 2
2072 2
2073 2
2074 1
9903 1
2076 2
10269 0
10270 3
2079 3
18464 0
12635 0
18470 1
14001 2
10280 2
10281 2
10282 2
2091 2
18098 2
10286 1
10287 2
10288 1
18481 0
2098 2
18483 2
10292 3
18619 2
10294 1
10295 0
10296 1
18489 1
10298 2
10299 2
10302 0
2112 2
10305 2
10306 1
2116 2
2117 1
10311 2
10312 2
18505 2
2122 3
9911 2
10316 2
10317 1
2127 0
2128 1
18104 0
10322 0
18515 2
10324 1
2134 2
10328 2
2138 2
10331 0
18524 1
10333 1
16741 2
10337 2
10340 3
358 1
10342 2
18108 0
10346 3
18348 1
890 1
2158 1
17257 0
10352 1
2161 0
18547 0
2164 2
10357 1
2167 0
2169 0
1727 0
2173 1
10366 2
10367 1
2176 2
10369 2
11802 0
2179 2
18564 0
2183 2
18568 0
2185 2
13439 1
2188 2
2189 0
10382 2
10384 0
9893 3
12235 0
10271 0
2196 0
18581 2
10391 1
10392 2
2201 2
18589 1
2207 1
2208 3
368 0
2210 2
2212 1
10407 2
18600 2
10410 2
9927 2
18604 2
10413 0
10414 1
2223 2
18608 0
18609 0
10419 0
18612 1
18614 2
18615 1
18616 1
10426 1
2235 2
2236 2
9930 3
18626 3
18628 2
10440 2
17260 2
18635 1
2254 2
18639 1
18640 1
15236 0
2258 2
2259 1
2260 2
2261 1
2262 0
2263 2
18648 2
18649 0
2266 0
2267 1
10460 1
2269 0
18655 2
10464 1
2273 1
10466 0
10467 2
2276 0
2278 2
18664 0
18665 2
18666 2
10475 1
17409 1
10478 2
16765 2
18673 0
18675 0
2292 0
10485 1
7209 2
16716 0
2297 2
18682 1
10493 0
2303 0
8260 0
12672 3
10498 2
10499 3
18692 2
10502 2
2311 0
18696 3
10505 2
18698 0
2315 2
5644 3
10510 0
18704 1
10514 2
387 0
2324 2
10517 1
10521 2
10522 1
10523 2
10524 2
2333 2
10527 3
10530 1
18723 1
18724 0
18725 1
18726 1
10535 2
10537 2
391 3
18732 2
10171 0
10542 2
14045 0
1758 3
2358 1
2360 2
2362 2
18748 2
2365 3
18750 1
10559 2
2368 1
10561 2
2371 2
10564 2
7222 0
18759 1
2376 3
2377 0
10573 1
18766 2
10575 1
2385 2
2386 2
18771 2
2388 2
10583 2
1764 2
10586 0
2398 1
10591 2
18784 1
2406 1
8593 0
18792 2
10601 1
18794 0
1444 2
10604 3
10607 1
10609 0
2418 3
10611 0
10613 1
2424 3
18809 2
10619 0
18812 2
10621 2
18814 2
405 0
10624 0
2433 1
2434 2
18819 0
18820 2
10630 2
10631 2
10632 1
2444 1
18830 0
10640 3
18085 1
2450 2
6901 0
18158 0
18838 0
18839 2
2458 0
2460 0
11333 0
10660 2
18853 2
2470 2
2472 2
4508 2
2475 1
10668 2
18861 2
2478 3
2479 0
10672 2
7240 3
18163 0
10676 0
18869 0
2486 2
2487 2
13449 2
2491 0
12728 2
10685 0
10686 0
18165 0
10688 0
416 0
2498 2
71 1
2500 2
18511 3
2503 0
10698 2
10702 2
2513 1
2514 1
419 0
2516 2
10709 2
10711 2
10712 2
420 1
10714 1
10716 1
2525 1
2528 0
2531 1
2532 0
12710 1
10726 2
10729 1
2539 2
15633 0
10734 1
2544 0
4520 0
10741 1
8617 0
2553 1
10746 0
2555 1
10749 1
2558 1
10751 1
10755 0
10756 3
2565 0
2566 3
1722 0
12716 1
15129 1
2572 0
10767 0
10769 0
10771 1
2580 2
10773 1
2582 2
2583 3
2586 1
10779 3
10780 0
10781 2
2591 0
10784 0
2593 2
2595 2
5894 0
2600 2
10793 0
2606 3
10799 1
3727 2
10801 2
10802 0
2611 1
2612 2
2613 1
2615 2
10808 3
10809 1
10810 1
10812 1
2622 1
2624 2
10817 1
10818 0
10819 2
2628 1
10822 1
2631 1
10824 0
10825 0
10826 0
2637 0
2638 0
2639 0
2640 2
3509 2
2642 0
10835 0
10837 2
2648 3
2650 1
1807 0
10844 1
10845 2
2655 2
4180 0
10849 0
10851 1
10852 2
10853 2
10001 0
10857 0
2667 0
10861 2
10862 0
10863 0
10864 2
8939 2
10867 1
10868 0
446 2
2678 3
3177 3
10873 0
16831 1
10876 0
10877 0
10879 2
2690 0
10883 2
10884 0
4164 0
10886 0
12737 1
10893 1
2702 2
10895 1
1181 3
2705 0
2706 2
2707 0
10901 2
2710 3
10903 2
2712 0
10905 2
10906 2
2715 2
10911 2
10913 3
2722 1
10915 2
2724 1
10919 0
2728 3
4728 2
2730 1
2731 3
2732 0
10925 1
14109 3
4552 1
2739 2
10933 0
10935 0
2744 0
16731 0
1823 2
2748 3
18095 0
2750 1
2751 0
2753 2
2754 2
2757 0
2758 2
10951 0
2762 2
3191 2
2764 3
2769 0
2771 0
10964 0
2774 0
2776 0
1828 2
2778 2
2779 2
10972 0
10973 2
10974 3
4457 2
464 2
10978 0
10981 0
10982 0
2791 2
10985 0
2794 3
2801 2
2804 2
16733 2
2807 3
11002 3
11004 2
2813 0
2815 0
2817 0
2818 0
10027 2
2822 0
11015 2
2824 2
10028 1
2549 2
11020 2
2833 0
4379 2
2835 2
16734 1
11034 2
5935 0
11036 2
2845 1
11038 2
3205 1
1840 2
2851 1
18644 2
11045 2
2854 1
11048 0
2857 1
11051 3
11053 2
11056 0
2865 3
11059 0
11062 0
11063 0
11065 2
2874 0
2880 2
2882 2
2883 0
2884 0
11077 1
11078 2
15099 1
11404 1
11082 2
2891 2
2893 0
11086 1
11087 2
11090 0
483 2
11092 3
2901 0
2902 1
11095 2
2904 1
11097 1
2908 0
2909 1
2910 1
2911 2
11408 2
14139 1
11109 2
11110 3
2919 0
11112 1
2921 2
2922 1
2923 1
11116 0
2925 2
11118 0
2927 2
11121 0
11411 2
4795 3
18132 1
2936 0
11131 1
11132 2
11133 0
2942 2
2944 2
11137 2
11139 1
11141 0
14145 2
11144 1
11145 2
2955 0
11149 0
2960 0
2962 0
11155 0
11156 2
15094 2
2968 2
11010 3
4766 1
2973 2
2975 1
2979 2
11175 1
2984 2
2985 2
2986 0
7112 1
2988 0
11181 1
2991 2
11184 1
18248 2
2995 2
2951 2
11191 2
3000 2
3001 2
11196 0
18250 2
501 1
11201 0
12786 0
11557 2
15521 2
11208 1
3018 2
11214 2
3023 0
11217 2
11220 1
3030 1
505 3
15488 3
3236 0
3034 2
11229 2
11230 2
3039 1
11232 0
3042 2
16891 3
11239 2
3048 3
3049 2
7335 0
3052 1
11246 3
4605 2
11249 3
920 2
510 2
11254 2
3241 1
3064 1
11258 3
3070 2
3072 0
3074 1
11267 2
11268 2
3079 2
11273 3
11274 2
3087 2
12803 1
3093 3
11289 0
3098 1
3100 0
14015 0
11295 2
3104 0
3105 1
3110 2
6923 0
3114 3
8711 0
3118 0
11312 2
12808 3
3294 0
104 0
5983 0
11324 1
8714 1
3134 0
11327 2
18272 0
3141 2
11334 2
11335 2
11336 2
11340 2
8477 0
4742 1
11343 2
11345 1
10083 2
11348 1
11349 0
11350 1
2094 1
11355 3
16745 0
5561 2
5913 1
11368 0
11369 2
11370 1
11371 2
11372 0
15549 1
1979 1
9234 2
3186 1
11382 2
11383 1
3194 2
3195 2
3197 0
11391 0
11393 2
135 1
11395 0
11397 2
11398 2
3207 2
11401 0
11402 0
1276 0
11478 3
3266 0
3215 2
3216 2
12824 3
3219 3
11414 1
3223 2
3224 3
11417 2
3226 2
18111 1
3230 1
3231 1
11424 3
11425 2
11426 3
11428 3
3237 1
11430 0
11431 2
3240 2
11433 2
11434 2
18657 1
3244 0
3245 1
3247 2
11441 3
11444 2
11445 1
3254 1
381 0
4200 3
11450 2
11451 1
3261 1
3263 2
11457 2
11458 2
3268 2
18294 1
3270 1
11463 1
3273 0
9929 2
1911 0
17567 3
16930 2
3280 2
3281 3
3282 0
547 1
6065 2
3286 1
3287 2
14294 0
3291 2
11484 1
11486 1
11487 0
11488 1
240 1
3299 0
17207 3
3305 1
16935 2
3308 0
3310 2
3314 3
11508 2
3317 2
11510 2
553 1
3320 2
11513 3
11514 2
16938 0
11518 2
3327 0
11522 2
3332 1
3333 1
11479 3
11532 2
1922 1
3342 1
3344 1
3288 2
3349 2
3351 3
11544 2
10750 2
3354 2
7867 1
3357 1
3359 3
3361 0
11554 1
3363 1
10118 2
11558 3
11559 2
7388 2
3370 1
3371 0
11565 1
3375 2
1749 0
11572 1
11573 2
3382 0
11575 0
11577 1
3386 3
11579 2
6951 0
3390 0
11583 0
11584 3
3296 0
3394 2
18315 3
11588 1
3399 0
11593 3
567 2
3406 1
10125 1
3409 0
11603 3
3414 0
16953 1
18390 0
3387 1
14223 2
11612 3
3422 1
11617 1
11619 1
11620 1
11622 0
3431 1
3433 3
3435 3
3438 0
3440 1
11634 2
6035 0
3445 1
11638 2
11497 0
3449 2
16959 2
11644 1
11645 1
12663 2
3460 2
11653 0
577 1
11658 0
12866 2
11845 2
3472 2
3473 0
11668 2
11502 2
3479 2
11672 2
11674 0
15599 0
3488 2
3490 2
3491 2
11684 2
9118 2
3495 2
583 1
5572 3
3501 1
3502 2
3503 2
3504 2
3505 0
11701 2
17302 2
11703 1
3512 1
3316 0
3515 1
11709 1
11712 2
3521 2
11716 1
15606 2
16972 1
18121 1
3531 0
11512 2
11731 2
11732 0
11733 3
3543 0
3548 3
11741 1
11743 1
11744 2
8784 1
3557 2
11752 0
14247 0
3564 3
3567 2
11760 2
595 1
3572 1
3573 0
11766 0
14249 0
3576 0
11769 1
11773 2
3583 2
11776 2
3585 2
6059 1
11781 1
1964 2
10758 1
3595 0
11790 3
11791 3
16984 1
10774 1
3603 2
3605 1
3606 3
601 1
11800 2
18641 2
12989 2
11805 0
11806 2
6966 0
11808 1
9301 0
3619 2
3621 2
11815 1
11822 0
11823 1
11826 2
11827 0
11828 1
3638 2
11831 1
11833 1
8799 2
11838 2
18357 2
3648 0
11841 2
3650 2
11843 2
3652 0
3653 2
3655 1
11850 3
11851 1
3660 3
3661 2
3341 0
11856 3
3665 0
18281 0
3668 0
11861 1
3670 0
16489 3
11864 2
11865 0
3674 2
3677 2
16997 2
11874 1
3683 1
11877 2
11878 1
11879 2
6953 2
11881 1
3690 2
11884 2
11887 2
2534 1
3699 1
2287 2
3702 2
3703 2
3706 2
8810 2
11902 2
13609 2
3712 2
11905 3
11906 1
11907 2
223 2
11909 2
11913 1
3722 0
4717 0
3730 2
3731 1
3732 0
8814 2
6617 2
1576 1
11931 1
3740 0
11546 0
11934 0
17008 2
3747 1
11941 2
11943 0
11944 2
11950 0
18376 2
11955 0
11958 0
12916 1
11962 0
3771 0
671 1
8309 2
11968 1
3777 2
11971 0
3782 2
3784 2
11977 0
11979 0
8855 1
3789 0
6093 0
3792 0
3793 0
11988 0
3798 2
11997 0
3807 0
3808 2
3809 0
3810 2
3811 2
12006 0
9518 2
12011 3
12013 2
3822 3
12160 0
12018 0
12019 0
8830 0
3830 0
15657 2
3833 0
3834 2
12032 2
3841 2
12403 2
12037 2
17025 0
12041 1
12042 2
2007 1
3855 0
401 2
3858 0
12052 0
3862 2
10201 1
12057 1
12058 2
3869 0
12062 2
17029 0
12065 0
3876 2
12069 1
3879 2
3880 0
12073 1
1493 0
647 0
3885 2
3887 2
3889 2
3895 0
3380 1
17315 1
18467 0
12097 1
651 0
12100 2
12101 1
3949 0
12108 2
12630 2
12110 2
12112 2
12113 2
14307 2
1118 2
12120 0
10212 0
3932 3
3934 0
3936 1
8848 0
12131 3
3950 0
12134 2
12136 2
12137 2
3947 0
12141 1
12142 2
3952 2
3953 1
3955 0
12152 1
660 2
3962 0
12157 3
12158 2
3968 3
9028 0
3970 3
3971 1
12167 1
3979 1
11586 0
3982 0
18413 3
3984 1
3985 2
3986 0
17648 0
3988 0
18414 3
12184 2
12185 1
3994 0
14319 0
13772 2
17050 1
12191 0
4000 0
10226 1
4006 2
10225 0
4225 2
4009 3
12202 2
4011 2
12205 1
12206 1
4016 1
12210 2
4019 1
4020 1
4021 1
12214 2
4024 1
12218 2
17055 2
12221 0
18421 3
4032 1
4033 2
9136 2
4038 0
1771 1
12232 2
14327 2
4048 0
6136 2
4057 2
4058 2
3407 0
12252 2
4061 0
4062 1
4063 2
4064 3
4065 1
14331 2
12260 1
8046 0
12262 2
4074 1
12267 0
12270 2
4079 0
12272 2
12968 1
12274 0
8756 2
12277 0
4086 2
4087 0
4088 0
4089 1
4090 1
12284 0
12285 0
4094 3
15701 0
18179 1
4097 0
4098 1
900 1
12292 2
7665 0
4106 2
15958 3
7229 0
685 1
12304 0
4113 1
4114 1
10243 1
4118 2
12312 0
4121 0
12314 2
4124 2
4126 0
2053 0
12320 3
4129 0
4131 0
12324 2
12325 0
18140 0
12327 2
4137 2
12330 1
10247 1
8883 0
4149 0
4151 2
4153 2
12346 0
12348 1
12349 1
12351 2
12353 0
12356 0
6156 0
12363 3
15714 1
5666 0
3427 2
12372 0
4181 0
3428 1
412 0
4187 3
12380 0
699 3
12388 2
12389 2
246 0
12392 1
4201 2
12395 3
9960 0
4206 3
12399 2
4208 2
12402 1
6163 0
4212 0
12990 3
15721 2
12408 0
4217 3
12410 2
4799 1
4221 2
12414 2
12417 2
4227 2
12424 2
7532 2
7775 0
12428 3
8898 1
12430 1
12431 3
12432 2
12433 2
12435 2
4245 2
12439 0
10507 2
4249 1
6961 1
12446 0
4256 2
5870 0
15963 2
12451 1
4262 2
4263 2
12457 2
4267 1
4268 3
3442 0
4270 0
6173 0
4273 0
11599 1
11635 0
18462 3
12470 2
12471 0
4281 0
12474 0
6175 1
4284 1
12478 0
11637 1
12481 0
4291 0
12484 2
15734 2
12487 0
4297 0
4299 3
12492 2
4301 1
4302 1
12495 2
12496 1
15736 1
4306 3
2083 2
4308 2
12501 2
12502 2
11641 2
4312 2
4314 1
8911 1
12509 2
4318 2
4319 0
13510 3
4322 1
4323 2
6145 2
4325 2
4326 0
4328 3
8873 2
18471 2
4333 2
4335 2
4336 0
4337 2
4338 1
4341 1
4342 2
2089 1
4344 3
12539 2
12540 0
12541 1
4351 1
4354 2
18475 0
4359 2
14380 0
12554 3
4363 2
4366 3
4367 3
14330 0
12562 3
4371 2
12565 3
4374 2
12567 1
11652 2
4378 0
2095 1
12573 0
12574 3
4383 2
4385 1
12578 0
13019 2
4389 2
4391 2
3463 2
4396 0
18482 0
12590 3
4399 1
10291 1
12596 2
4512 0
4831 1
4413 3
12609 3
4418 0
4422 2
12615 2
12616 0
12619 1
4428 1
6200 1
12626 2
4835 1
4436 2
4437 3
4438 3
4439 2
13514 2
4442 2
7567 2
4447 3
12640 1
12642 0
12643 1
13030 2
5331 3
12649 1
12651 0
12652 2
4461 0
12654 0
13123 2
12657 2
8091 3
12662 1
4471 1
12664 1
4474 0
12668 2
8938 2
12671 0
4480 1
4483 0
4485 2
12679 2
10515 0
8940 2
12686 2
749 0
4497 0
12691 0
4501 0
12697 0
12698 2
4507 1
12700 1
4511 1
12704 1
4515 2
4517 1
4518 1
18579 2
12712 3
12714 1
12715 2
4524 1
12717 1
4527 1
4528 2
4529 2
4851 2
4532 1
12727 1
4536 0
12730 1
12731 0
4540 1
4541 0
13045 1
4545 0
4546 1
12739 2
4550 0
7585 2
12744 0
4553 2
12747 2
12748 2
4557 1
4559 3
4560 0
115 1
794 2
12960 2
4565 1
4566 2
17145 1
17610 2
3492 0
12763 2
4572 0
12765 2
4574 3
4578 2
12772 0
4581 1
4582 2
2129 1
4584 0
12780 1
4590 0
12783 1
4592 0
4594 1
4595 1
12790 0
12792 1
12794 3
17151 2
12797 1
12799 0
4608 0
768 0
5377 2
4611 2
12805 1
4616 0
12811 2
4620 0
12813 2
11693 0
12429 0
4626 2
771 1
12820 2
4630 0
4631 0
4632 2
4633 2
4637 1
4642 0
4643 1
4519 0
12669 2
12839 0
12840 1
12841 1
4650 2
12843 1
4652 3
4653 0
12847 2
4656 1
12849 0
4658 2
4659 2
12852 2
4662 0
12856 2
10335 2
12861 2
12862 2
4671 0
4672 2
12865 2
4674 1
12867 1
12868 2
12869 2
12870 1
6241 1
12872 2
12874 1
12876 2
11704 2
12882 2
14435 0
17166 3
4694 1
12888 2
4699 1
14437 2
4705 1
4706 0
4707 2
4709 1
12903 3
12904 2
4713 0
4714 1
12909 2
12910 2
4719 0
4721 2
4722 0
4723 0
11614 1
4726 1
12919 1
12920 1
4729 2
4730 1
4731 2
4733 2
4736 2
3520 2
12930 2
12932 1
4741 1
12934 0
4748 1
6253 2
4752 1
12946 1
4757 2
12951 0
8069 2
12953 2
12954 0
12955 2
4764 0
12957 1
12958 0
11717 2
4768 2
12961 2
4771 2
4772 0
4773 2
14529 0
14449 2
4776 2
12972 2
4781 1
17181 2
4784 1
4785 0
15231 0
17182 1
15708 2
12985 0
12986 2
10798 0
15818 2
4798 0
12991 0
4896 3
17345 0
4803 3
4805 1
4807 1
4808 1
4811 3
13004 2
4813 1
632 0
4815 2
13009 2
13010 0
4819 1
4822 0
4823 2
4525 1
4826 1
4827 1
6266 2
4830 0
13023 2
4833 3
13027 0
13028 0
13029 3
18472 0
4839 0
4840 0
4842 1
8999 0
13036 1
10365 2
4848 1
13041 2
4850 0
13043 2
18558 0
4855 2
4856 1
7906 2
4860 2
13054 1
4863 1
13059 3
13060 0
13062 0
18231 0
4875 0
15653 0
4909 0
18166 0
4882 1
13075 2
4884 0
13078 0
4890 2
13087 0
13088 1
4898 2
4900 0
13093 1
17054 1
4904 0
8325 2
4906 3
18567 3
13101 3
4910 0
4911 2
4913 3
13107 0
13108 0
13110 1
13112 1
13114 2
4929 0
10379 2
4932 0
360 2
13128 1
4938 0
4939 0
13133 2
13135 2
4944 0
13137 2
13139 0
4948 2
13141 0
4950 2
7998 3
13146 0
13147 1
17210 2
13150 3
13153 2
4962 0
9019 1
13156 0
4965 0
2193 0
4257 2
4971 2
16618 2
17213 0
13170 0
4979 1
4981 2
7657 2
4986 2
13181 1
4990 2
10389 0
9024 2
4997 2
13190 3
13191 0
13193 2
13195 0
13196 0
4531 1
13198 1
5007 1
5008 0
13201 2
5011 3
13204 2
13209 2
13210 2
5021 2
14572 0
5023 3
5024 2
5026 2
3634 3
13220 2
16807 1
13222 3
5031 3
5032 0
13227 2
13229 2
5039 0
4936 0
15200 0
13237 1
13239 0
13240 2
13245 2
5054 1
13247 2
15386 2
5057 3
13251 2
13253 2
10401 2
5064 2
9036 3
5067 2
18594 2
13262 2
8708 2
13267 2
13271 1
13273 1
13275 2
13276 2
13277 2
13279 2
13281 0
13282 2
5091 2
5093 2
14382 2
13287 2
5096 1
13290 1
13292 0
13293 1
13295 1
5108 1
13301 2
5110 1
13303 2
13304 2
13140 3
5116 3
13310 1
17237 2
13313 2
5122 2
13317 0
12173 0
10412 2
13323 2
13324 2
5133 3
6172 0
18605 2
13329 2
13330 0
11779 0
13332 2
13334 0
5143 1
5144 2
13337 2
2899 2
16811 2
1808 2
13345 3
5154 2
13348 1
13349 0
12174 3
5160 0
860 3
13355 2
13356 2
6322 3
5167 1
13360 2
14966 0
8545 0
4958 2
13366 0
13371 3
13372 1
13374 2
5183 3
13376 3
5185 0
5186 0
5187 0
5901 1
10422 2
9057 1
13384 2
12448 1
5196 2
1264 3
5198 2
7693 2
5201 1
13394 0
13396 0
13397 0
4964 0
5211 2
5216 0
10427 1
13413 2
13414 2
13415 0
13418 1
13419 1
13420 3
5229 2
5231 2
5232 3
5233 2
13427 2
5237 0
16814 2
5244 0
5245 0
13438 1
5247 2
5903 2
5249 2
13442 2
5251 2
11798 2
5255 0
13448 0
5257 0
13783 2
12723 0
5264 3
5265 2
13458 0
9364 2
17852 2
13464 3
5277 0
13470 3
13473 3
13474 0
5283 2
13477 2
13479 2
15900 2
13482 3
13485 2
18632 2
5299 0
5301 0
13496 2
17268 1
5306 1
13499 1
13501 1
13502 3
13173 2
5312 0
2251 2
9078 0
5318 0
13511 2
13512 1
5321 3
5322 2
13516 1
13519 2
13520 2
9080 0
11811 2
5336 1
8361 2
5338 0
5339 1
5340 2
5341 1
5342 0
5345 2
1563 3
5347 2
5348 3
13541 2
13543 0
13544 2
892 2
1542 2
13547 2
5357 1
12999 1
13551 2
5362 2
3179 2
13182 0
5368 0
13561 1
5372 2
13565 2
5374 1
1971 2
9088 3
17637 0
13572 2
13575 0
5384 0
13578 2
18647 2
13580 2
5389 2
13586 0
13587 2
13590 2
5399 3
13593 1
5405 2
13599 0
5090 3
5410 2
13603 0
13605 2
13607 2
13608 2
18652 2
13610 1
5419 2
13612 2
13613 0
5422 2
5423 0
13616 2
6943 2
5430 0
5431 0
13624 1
5434 3
13627 2
5436 3
17290 2
5440 0
5441 2
5444 2
13638 2
13639 3
13640 1
13641 2
13645 3
13646 1
13647 2
8365 1
18659 1
5463 1
5464 2
13660 3
14565 1
13200 0
13666 0
5476 0
18662 2
11453 2
5481 0
13675 1
13676 0
5485 0
17095 0
18459 2
17167 2
5490 1
13685 1
5494 3
13687 2
5496 2
5498 2
13695 2
11840 0
2283 2
5508 2
918 0
14368 2
5513 2
5514 0
10351 2
10675 2
13710 2
13712 0
13713 2
15967 0
3651 0
5524 2
5526 0
7549 2
13720 2
11844 2
13722 3
10479 2
11057 2
13727 1
14576 0
5538 0
5539 1
13732 2
2735 1
13734 1
7751 2
5548 2
13741 2
13742 2
5552 1
13745 2
18734 2
13749 0
13750 2
12733 1
13754 2
9119 0
5564 1
3658 2
13758 0
5567 2
5568 3
13764 2
5574 2
5576 1
13769 0
12188 2
5579 2
5580 1
5581 2
5583 2
6187 2
5586 0
5587 1
13781 1
13782 2
5591 2
13784 1
5593 0
13787 2
5598 0
5601 1
9639 2
5030 2
5606 0
11857 0
13801 0
8326 2
5612 2
3666 0
8643 1
5615 3
13808 2
5619 1
14590 1
17321 2
5626 3
5628 1
5630 2
13823 1
5632 1
5035 2
13828 1
5637 1
13830 0
5639 2
15534 0
5641 0
13834 2
5643 3
13836 2
1268 0
11767 1
5648 1
5649 1
5650 0
5651 0
5654 2
5655 2
5656 0
5657 1
5658 3
13852 2
5662 1
1456 0
13858 0
13859 0
5668 2
5669 1
5670 1
5673 3
13866 0
13867 2
5676 1
12187 2
13871 1
5680 1
13873 2
5683 1
5684 3
5686 2
13879 2
13883 0
13884 2
12126 2
13888 0
5698 2
5699 0
9476 2
12465 1
13899 0
13900 0
3682 2
14768 0
5713 2
11875 0
5719 1
13912 1
13916 2
13917 2
13919 3
13920 2
13921 1
13922 1
7283 0
13924 0
13925 0
13927 1
5736 2
17496 3
18706 2
5742 1
5053 0
18707 1
13941 0
18708 2
5754 2
11882 3
13952 1
9152 2
9153 2
7557 2
5769 0
5770 0
5771 1
5772 0
13965 0
5776 2
17347 0
5780 1
9467 2
13976 3
17348 0
13978 2
5787 0
18714 1
18715 3
13988 0
13989 0
5798 2
7793 3
5800 1
13993 2
5063 2
5804 1
13997 0
5806 0
6429 1
5809 2
5810 0
5811 2
5812 0
5814 2
13257 2
17106 0
15988 1
14623 0
11525 1
5821 2
5823 2
5824 2
13723 2
2330 0
5831 0
5553 2
7832 3
5836 1
14029 2
14030 2
10599 0
5841 1
14035 3
14036 1
11932 0
14040 1
14042 2
5851 3
5853 2
10533 2
5858 2
5859 2
5860 2
10534 2
14054 1
5864 0
5868 2
5869 2
14062 3
13815 0
14064 0
14065 0
5874 2
14067 0
3710 0
5879 2
14073 0
14074 3
11107 1
9173 2
5888 2
5891 0
14084 1
14086 1
14093 1
14095 2
14098 2
14100 0
5909 3
14103 1
5912 2
1785 2
5915 3
5916 1
5138 0
14113 3
5922 0
17770 3
5925 2
5380 1
5929 1
5930 2
5931 2
14124 0
14126 2
14127 2
14128 2
18044 0
14134 0
14136 2
14137 2
1567 2
5947 0
5948 2
14144 2
9184 2
1562 0
7819 3
14148 2
14151 2
5960 3
1949 2
14157 2
5966 2
15144 0
13283 2
5972 3
14167 0
717 0
14171 0
10554 2
17381 2
5984 1
14177 2
14180 1
5989 2
2364 2
5095 2
14190 2
14194 2
11923 3
2382 0
7023 1
14201 0
14202 3
6013 2
11925 3
14208 0
14209 0
6018 1
14212 2
6022 2
6023 1
14216 2
9196 0
14221 0
14222 0
11224 2
14224 1
14225 0
10563 2
14232 2
9199 0
6044 3
6045 1
18757 0
14240 1
6053 1
14246 2
6055 1
6057 2
14251 0
14252 0
14253 2
14254 2
14255 0
6064 2
18760 3
14258 2
6068 2
14261 0
6071 2
14265 2
14267 1
10543 2
6080 1
14274 2
14277 2
3745 2
14280 0
15491 1
14285 0
6094 2
14287 1
10574 2
6102 2
6103 2
14296 2
7844 0
18767 0
6108 2
6109 1
6110 0
9478 2
6115 3
4568 0
14661 2
6122 2
14317 0
10024 0
6128 2
14321 2
14322 2
17119 0
6135 2
17935 1
6138 0
6139 0
6140 2
14335 2
14336 1
14337 1
6150 0
5121 2
6152 3
14345 3
6154 2
14347 2
14348 2
14349 1
6158 2
6159 2
14353 0
14355 2
6164 2
14357 2
6167 1
14360 1
6169 2
14364 1
14365 3
6174 2
14367 1
6176 1
6182 0
14378 0
9261 0
6188 2
16050 3
17664 0
14385 1
3763 2
6196 2
6197 1
14390 0
14391 0
14392 2
14393 2
14394 2
6205 2
6206 2
6207 2
6209 2
14402 0
14403 0
4844 1
14406 2
14409 2
14410 2
14412 2
6221 1
14417 0
6227 2
6228 2
1038 0
6231 2
6232 2
14425 2
14427 2
6237 0
14430 3
14431 1
6240 0
14433 2
11963 2
18790 0
5137 1
6250 2
6251 2
14444 2
4027 0
14447 0
6695 3
6257 1
13331 2
4300 0
14453 0
14454 2
14455 0
6265 3
14458 2
7871 0
6269 1
6270 2
15060 3
14464 3
14467 1
6277 2
6279 2
17191 0
6286 3
17432 2
14488 3
14489 1
14490 2
14491 1
14497 0
14498 2
14501 0
6310 1
6513 0
14504 2
14505 2
6315 0
6316 2
14509 2
14510 2
9245 2
14512 1
11976 0
14514 3
2419 3
15759 3
9246 0
605 3
2120 2
14521 3
6330 2
9247 0
6332 2
2421 1
6336 2
6337 0
6338 1
14533 2
1057 0
14538 2
6348 3
6349 2
424 0
14545 3
14546 0
6355 3
6356 1
6357 2
2121 0
6359 2
14552 2
3752 3
6369 1
12760 0
6373 1
14566 3
11985 0
14569 0
6378 1
6379 1
6380 0
6384 0
6385 2
6386 1
6387 2
2430 2
16517 1
13353 0
6393 2
14586 2
14589 1
6398 3
14591 2
14592 2
16340 0
5753 0
7894 2
6407 2
2016 0
6410 3
14603 2
14604 2
6413 1
9488 3
14607 2
970 0
6418 0
14611 1
14612 0
1070 1
6422 1
6424 0
2436 0
6426 1
17455 0
6428 1
16090 1
861 2
14625 2
6434 3
6436 1
14631 2
17828 3
6442 1
18218 2
15373 3
6445 1
6446 2
3805 2
6448 1
2440 2
14642 2
6452 1
6454 0
6456 1
14651 2
16737 2
1077 2
6464 0
6465 0
6467 2
6468 1
5174 1
14662 2
14663 2
14664 1
10636 1
14666 2
9271 0
14668 0
4580 1
3480 2
14673 2
17401 3
14677 2
8281 1
6488 2
17674 2
2671 0
6317 2
1082 2
10309 3
6495 0
6497 0
14690 2
6500 3
6504 2
6505 0
6506 2
6507 2
10516 3
16104 0
6515 2
316 0
6522 2
6523 2
14717 1
14720 0
9280 1
14724 2
6534 0
14728 3
14731 2
17474 2
14734 0
9283 1
6553 0
14748 0
14749 2
14750 2
13381 0
6560 0
14753 2
6562 0
14756 0
14761 1
5191 2
6575 2
6576 2
6577 1
16586 2
14777 2
14779 2
14780 2
14782 2
14785 2
14786 0
14787 0
14789 2
14791 2
6600 0
17484 0
14796 2
6608 2
6609 0
14803 2
14804 2
14983 2
6616 1
18852 0
9373 3
14811 2
6621 2
18224 0
10662 2
14824 3
14825 2
14828 0
14829 2
14830 2
7933 2
14832 0
6642 3
6646 1
6647 2
6648 2
9300 1
6850 1
14845 0
1109 3
14849 2
14850 2
6660 0
6662 2
6667 0
5132 2
14863 1
9304 2
10315 0
6676 0
14869 1
9224 1
6679 2
14872 2
6682 3
6683 2
14878 2
6687 2
14880 2
14881 1
17499 2
6692 2
14886 1
14887 0
14888 2
6697 2
6699 1
6700 0
6701 1
6702 1
6703 1
6705 0
14899 1
6708 1
6709 0
6710 1
6712 2
9779 0
17503 2
14908 1
14909 1
6718 2
14912 0
14913 2
14914 2
6723 1
14916 0
6725 0
14924 1
14925 2
13411 0
6740 1
14934 2
14935 2
1124 2
13902 0
6747 2
6750 2
6751 0
14945 1
14947 1
6756 1
5222 0
14951 2
14952 1
6588 1
14955 2
2953 2
6770 2
7410 2
6774 0
9321 0
14175 0
17138 1
14970 0
14972 2
6782 1
14975 1
18775 1
6787 0
6788 1
14981 1
14982 3
6791 2
14984 0
6794 2
14066 3
14989 0
6798 1
14992 0
14993 0
14996 2
13320 2
16153 0
6808 0
6809 0
6810 1
15004 2
15005 1
6815 0
15008 2
1962 3
15011 0
2856 2
15321 1
6828 1
17522 0
6830 2
17085 0
14792 2
16714 0
15027 1
6837 1
6838 1
18504 1
9332 2
15034 2
6845 0
12503 0
12906 2
10048 2
15041 2
15042 2
6851 1
15046 1
14140 2
15048 2
6857 1
17067 1
6859 1
6860 1
14413 2
15055 2
6865 0
6867 1
6868 1
15062 1
6871 0
15064 0
15066 2
15067 2
15068 2
15070 2
15072 0
14800 2
6884 0
9593 2
15078 2
6887 1
15080 2
6892 2
15085 2
6895 0
7097 2
1737 1
15093 3
6902 0
15095 1
6905 1
15098 2
6907 2
15101 1
15102 1
15103 1
15104 1
15105 1
6914 2
15107 1
6916 0
15109 1
15110 1
15112 1
15115 3
15116 2
15994 2
17143 1
6930 1
15123 1
15124 3
6933 3
14809 2
7265 1
6937 0
6939 2
6941 0
15134 1
15135 2
15137 3
6946 2
6619 2
15141 1
15142 0
15143 2
12850 2
2524 1
6957 1
9352 1
6963 2
6965 2
15158 0
6967 2
15160 1
15162 1
6971 1
15167 2
6976 2
6977 0
6978 0
15172 2
1866 2
15175 1
15176 1
15177 2
7052 1
15179 2
6988 0
6989 1
15182 0
13453 1
15184 0
6993 2
6994 1
15189 0
15514 0
15192 0
10724 0
7002 2
15195 2
7004 2
15197 2
7006 2
7008 2
15202 2
7011 0
15205 0
13457 0
15209 1
7018 1
15212 3
15213 0
7022 3
3901 0
7024 2
15221 0
2522 3
7031 1
15225 1
15227 3
7039 1
15232 1
15233 2
7044 3
7045 2
15239 2
15241 2
7050 1
15244 0
15245 2
14965 0
7056 2
7057 0
15250 3
7060 0
10484 2
17561 2
15260 2
7069 0
7070 2
15264 2
5691 2
15266 1
7075 3
7076 1
7079 3
15272 0
17564 2
9873 2
7085 0
7086 0
15279 2
15280 1
15284 1
8009 2
15288 3
15289 3
12595 2
7099 3
15293 0
7102 2
7103 2
15296 2
7105 1
7109 0
15303 2
15304 2
15305 2
7114 2
15308 1
12109 2
7120 2
7123 2
15316 1
7125 0
15318 2
15319 0
7129 2
7130 0
17573 1
15329 2
7139 0
15333 2
7142 1
6653 1
15344 3
17576 1
7155 2
7157 2
7158 2
17577 1
15907 1
7164 2
15358 2
16213 0
18122 1
6267 2
15368 3
7179 3
7181 0
15374 0
15375 1
10332 1
7186 3
7189 2
3992 3
7194 2
7195 0
17152 1
7202 0
7203 2
7205 1
15398 0
15400 2
8028 3
9237 2
15405 2
7214 2
15409 2
7218 3
7219 3
15413 2
1861 0
10761 0
15417 2
7226 0
16223 2
7228 1
2150 2
17589 0
15424 0
4878 0
7235 2
1206 2
7239 1
15432 1
15434 2
7246 2
15439 1
15440 1
15445 2
7255 2
15448 2
6671 3
9402 2
15457 2
15461 0
15471 1
15473 0
15475 0
15477 2
15479 0
17155 1
14868 2
13503 2
7293 0
7296 0
12139 2
15492 0
15493 2
15496 0
7306 2
15500 2
15503 2
15504 0
15506 1
7315 0
13633 0
15509 1
15510 2
15513 0
7322 0
18434 3
15518 0
15520 0
12144 1
15522 1
2587 1
7332 2
15525 2
12145 1
7336 0
7337 0
15531 0
15532 3
10610 0
7141 0
2589 0
4609 1
7349 2
15543 1
14879 2
9418 1
11429 0
7362 1
7363 0
15556 1
15557 1
7366 1
10785 2
15561 1
15562 0
7372 2
15565 1
7374 3
15567 1
15569 0
15570 0
2993 1
15574 0
15580 2
12154 0
15582 0
7391 1
15585 1
7394 2
15589 2
12597 1
1904 2
7403 1
7405 2
7407 2
15600 2
15602 2
15603 1
7413 1
5749 1
7415 2
1304 2
17620 0
15610 0
7422 0
9429 1
15616 0
15617 2
7426 0
7430 3
7432 2
7434 2
15628 3
15632 2
7441 0
15634 0
15635 1
14894 2
15638 2
7447 2
7448 2
15641 0
7450 2
7452 2
7453 1
15647 1
7459 2
7460 2
7461 1
15654 2
7463 0
13532 0
15658 2
7467 2
8434 0
15661 1
8072 1
7474 2
15669 1
15670 3
15671 0
7481 1
15675 2
15676 0
10805 0
7489 2
7490 3
7491 2
15684 0
7495 0
12925 1
7497 2
15694 1
15695 0
1251 1
7509 0
7510 0
17708 2
15706 1
15707 1
7516 2
15710 3
7519 3
15712 0
15713 2
7522 2
6715 2
15716 0
15717 0
7529 2
15722 2
15724 0
15726 1
5352 1
7538 3
7540 0
7615 2
7544 2
7545 1
7547 1
15741 1
7552 2
10816 0
15746 0
7555 0
15748 2
15749 1
7558 0
8435 3
7560 3
7561 2
11163 1
2626 0
15758 2
13549 2
15761 2
7570 2
2627 2
15764 0
15765 2
6724 2
1843 0
15775 0
15776 2
3253 1
15778 0
7587 0
15781 1
15782 1
9457 2
7593 2
7594 3
15788 1
1266 0
16285 0
7807 2
15798 1
7608 0
9460 2
3999 0
7612 1
15805 2
15807 2
7618 0
15811 2
15812 2
15816 2
7626 2
7627 0
15824 2
15825 0
7634 2
16291 2
15829 0
15830 3
17657 0
7641 0
10831 2
15837 0
15839 1
7648 0
7649 2
760 1
7651 2
15845 2
7655 3
16254 2
15852 2
15853 1
5373 1
16528 1
1619 2
7667 1
15862 2
8398 1
7677 3
15871 1
15873 0
7682 2
7683 2
17665 2
8780 1
7691 1
9474 1
15886 0
7695 2
7699 2
7701 0
15894 1
15895 0
7705 0
15898 2
15899 1
4621 2
7709 3
15902 1
17669 2
12981 1
7715 0
15908 1
7717 3
15910 1
15911 3
4571 0
15913 2
7723 2
7726 0
2653 3
17672 0
12211 2
7732 1
7736 3
7737 1
17170 3
15931 0
15932 0
18534 2
15938 0
7747 2
15940 0
4022 0
6753 0
15946 0
8119 0
7759 1
7765 2
7766 1
15959 1
15962 0
7771 2
7772 1
7773 0
14949 0
15969 0
7778 0
7779 2
7780 0
7781 2
15974 1
7783 0
15980 2
7789 2
15982 2
7791 1
6760 0
7795 0
7796 3
15992 0
15993 1
7802 0
7803 0
15997 1
15999 1
16000 2
16002 2
15273 0
16008 0
7817 1
10363 0
16011 1
16017 2
7831 1
16024 1
17174 2
16027 1
16028 1
7837 3
7838 2
16032 1
16033 3
16035 3
16036 1
16628 0
16039 2
7848 2
16041 1
16043 2
2674 0
16049 1
7858 2
2171 0
7860 0
16419 1
16056 1
16057 1
16058 0
9503 2
16060 2
16061 1
16063 1
16064 2
7873 1
7875 1
16069 2
7878 0
1313 3
16073 1
7884 2
13602 2
16079 2
16081 2
7890 2
7891 2
16086 0
7895 1
16088 1
7897 2
7898 0
16091 2
7900 2
7902 0
16098 0
5446 1
7910 3
7912 0
16106 2
12591 1
16108 2
16109 2
16110 2
16112 0
16113 2
16115 2
7924 3
16117 2
7927 1
16121 1
16122 1
16123 1
7932 2
16125 2
7934 2
16127 3
7936 2
16130 0
2992 2
16132 0
16134 0
7945 2
7947 2
16143 2
16144 0
7955 2
7956 2
13614 2
7960 0
2692 0
7963 2
16156 2
16157 2
5424 0
7970 1
7972 2
7973 0
7974 0
7975 2
7976 0
10887 2
3539 0
12253 0
7986 2
17715 0
16184 2
16633 0
5449 1
16192 0
8001 1
16195 2
16196 1
16198 0
12257 0
16200 0
16201 1
16202 0
16203 0
16204 1
8014 2
16207 0
12259 2
16212 2
17725 0
17293 0
16220 2
12261 1
16224 2
8033 3
17723 1
10897 3
1340 2
16234 2
16235 1
8044 1
10898 0
16238 3
5437 2
8048 3
16360 1
16301 1
599 0
16244 1
8054 2
6804 0
8060 0
8062 3
13846 2
16261 1
16262 1
16263 2
16264 3
16265 1
16266 2
8075 2
8076 2
16272 0
15000 0
8082 0
16275 0
16279 0
16281 1
8090 2
16283 0
16284 3
2714 0
16286 0
16287 0
16288 1
8097 1
8098 1
10907 1
16292 0
8101 1
16294 3
16297 0
5447 0
8108 2
8109 2
16304 2
16305 0
16306 1
8115 2
8117 2
18001 2
1353 0
543 2
8121 0
8123 0
8126 0
16319 0
6816 1
16324 0
16325 0
12711 2
16327 1
15001 1
16329 0
16333 1
8142 3
16336 3
8184 2
16338 2
8148 0
16341 0
16344 2
10916 2
8155 1
8156 1
16349 1
16350 2
8159 3
16356 0
17457 0
8166 2
16359 1
8168 2
16361 2
8172 1
9001 0
16366 0
16368 1
16369 0
11729 1
8179 2
16372 1
16382 1
8182 2
2729 1
16376 2
17748 1
16379 2
16380 0
8189 2
8190 2
