16384 0
4096 0
8194 1
16387 2
16388 2
16392 3
16394 1
16396 1
8210 0
8211 0
16404 3
16405 2
8214 1
16407 0
16409 0
27 0
16414 2
16415 2
8224 1
33 0
16418 0
16420 2
37 0
16422 2
40 0
16433 2
10802 0
16436 1
16439 1
56 0
2740 0
8250 1
16443 2
16445 2
16446 0
64 1
66 1
16452 1
8261 2
16454 3
17761 0
16456 2
73 2
74 0
75 2
1378 3
79 3
16464 1
16466 1
84 3
16469 1
8278 2
88 2
89 1
16476 2
16477 2
16481 1
16484 1
16485 0
102 1
16488 2
106 1
16492 0
8304 0
114 0
6846 3
16502 0
13673 2
120 3
122 3
16509 1
126 2
16512 1
129 3
16514 2
16515 2
16516 1
133 2
16519 0
16520 2
16522 1
8331 2
8336 0
148 1
151 1
8344 1
8345 3
16538 0
156 0
157 0
16543 2
16544 3
161 0
8356 3
16549 2
8358 0
171 2
8364 2
173 2
175 3
177 1
178 0
16568 1
185 2
187 1
16572 3
190 3
191 0
6859 1
200 0
201 1
202 2
16590 3
8402 2
213 2
16598 2
5497 2
216 1
218 3
8412 1
8413 2
16421 3
224 2
8418 2
17787 3
8420 2
16615 0
8426 2
237 2
8430 2
9597 2
16624 2
16625 0
8435 3
246 0
16638 0
8447 0
16641 0
8452 0
8454 0
16650 0
8461 3
11193 0
16658 0
279 0
16666 1
16668 1
285 1
286 1
16672 0
289 2
8483 0
8484 3
8486 2
8488 2
297 2
299 1
16684 2
303 2
8496 2
16689 1
349 1
16691 2
16693 1
16697 2
17802 1
8510 2
320 3
8513 0
16706 1
17803 1
16708 0
8517 1
16711 0
16716 0
16718 1
16719 2
336 0
8248 3
339 3
8533 3
8535 2
345 3
16731 0
348 1
16733 2
8543 3
16736 0
354 2
8549 0
16743 2
16745 0
362 1
6887 1
9618 0
366 2
8559 3
8561 0
8564 2
16757 0
374 2
16759 1
8568 0
378 3
379 0
16765 2
8574 0
16767 3
16768 2
5526 0
390 1
16775 1
392 1
396 1
8258 0
2797 3
8592 2
8593 0
8595 0
405 0
16790 1
8599 0
8601 2
16794 3
8603 1
16796 3
69 1
16800 3
8609 2
420 1
70 0
16806 1
16807 1
424 0
2469 0
427 2
8621 0
8623 3
8625 2
434 1
16819 2
436 2
438 0
440 1
8633 0
16827 2
444 2
8638 1
16831 1
8640 0
450 1
8644 2
454 2
455 1
456 1
16841 2
8650 1
459 0
461 2
16848 2
8658 0
467 1
16854 2
8664 1
16857 1
16865 0
16866 1
488 2
491 0
8684 1
82 3
8687 2
500 2
501 1
16886 2
8695 3
504 3
8697 0
8699 1
508 0
509 3
16896 1
16470 1
16904 3
8715 0
13741 2
533 0
8726 2
16919 1
8728 2
537 3
538 0
8731 0
8732 1
541 2
542 2
16928 2
545 2
8738 0
8739 3
548 1
16935 2
8744 2
16937 2
8746 2
16939 1
556 1
16941 0
5555 3
8756 2
16949 0
8758 2
8761 1
18386 1
16956 1
573 1
8766 2
575 1
576 2
16961 3
8771 3
583 1
584 2
8777 0
1463 1
588 1
591 1
592 1
16978 2
16980 2
5561 2
8793 1
603 1
8796 0
605 3
606 0
16991 3
8800 1
8804 1
16997 2
8806 0
616 3
617 0
17002 1
17005 1
622 0
8815 2
625 3
17010 1
6931 2
17012 3
629 1
17014 1
17016 0
17019 1
8828 1
8830 0
8834 2
8835 1
17028 0
8837 0
8841 2
8842 2
652 2
653 2
654 0
17040 1
657 3
661 1
8855 1
664 0
17049 1
666 0
17052 2
1386 3
8862 2
17055 2
8865 3
17059 0
676 2
17062 0
17063 1
680 0
17066 2
17068 3
17069 3
688 0
5576 1
17075 0
17077 3
1481 0
17083 1
701 2
17086 3
17088 0
17089 0
17090 3
707 0
8900 2
17095 0
17097 2
8906 2
17099 2
717 0
17102 0
719 3
17106 0
2851 1
8916 2
8917 1
17110 0
8921 2
730 2
8932 0
17125 2
8935 2
744 2
8938 2
8939 2
749 0
752 3
17138 1
9683 0
17140 0
17141 2
17142 0
8953 1
762 1
8955 1
764 2
8959 0
17152 1
17153 0
17154 0
17155 1
773 2
17159 3
8968 0
17162 0
780 2
17167 2
17168 2
786 0
787 2
8981 2
790 2
17175 3
17176 2
17177 0
794 2
17179 1
8325 2
8992 3
801 2
803 2
8996 2
8997 0
17190 1
808 2
17195 0
17201 1
17202 0
2325 0
17206 1
17210 2
17211 1
832 2
17218 1
17219 1
17220 1
837 0
9036 3
17231 0
17233 2
17234 3
852 2
853 0
2873 0
14572 0
9049 2
12431 3
17244 0
861 2
862 0
9055 0
17248 1
144 2
17254 1
17255 0
9065 2
874 3
5607 1
17260 2
9070 2
879 2
17265 2
882 0
17268 1
17271 2
9080 0
889 0
9082 2
892 2
17277 1
894 2
9088 3
17281 0
9090 1
17283 0
9092 0
9093 1
9095 2
9098 2
9099 0
3849 0
910 1
9103 2
9107 0
17300 1
918 0
17303 0
9112 2
9113 0
17308 2
8346 1
17311 2
931 3
932 3
9127 2
15175 1
17324 2
9133 0
9136 2
17330 3
9142 0
17336 2
17340 0
17342 2
961 1
17347 0
964 3
9157 3
9158 3
5623 0
15308 1
17358 1
9169 0
17365 0
17368 1
9178 1
9184 2
9188 1
16550 1
1002 0
9196 0
17395 2
17396 2
17399 2
9209 1
9210 1
9212 1
9214 3
2901 0
9216 0
9217 2
9218 2
8363 1
1028 1
17414 0
9223 1
9224 1
9226 3
9229 1
12462 2
17432 2
17434 0
17440 2
9256 1
17450 1
1067 2
9262 2
1071 1
9267 0
9269 2
9270 2
1081 0
9274 2
9278 1
9280 1
17474 2
17476 0
9287 0
17480 2
9290 3
17847 1
9292 1
9296 3
1107 1
9300 1
9301 0
12473 1
17497 3
9307 2
9308 1
1119 2
9312 2
9313 0
9316 0
9318 0
9319 2
17512 1
9321 0
9322 1
17515 3
17516 2
1133 2
17518 0
17520 1
1137 0
1138 2
17523 2
17524 2
17526 0
1147 2
17532 2
17533 3
9343 2
17537 0
17542 1
9351 3
17544 2
4403 2
9354 1
17550 2
17552 1
17553 2
17554 2
1173 2
1174 2
1177 2
16406 0
1180 1
9374 1
1183 0
17568 0
17570 2
9379 1
1189 2
17574 1
1191 3
17577 1
17578 2
17579 3
17581 1
1201 0
9860 1
17587 0
9397 2
9398 1
12774 1
17597 1
1218 2
17604 0
16953 1
9414 0
17607 2
9416 1
17610 2
17616 0
9763 1
9428 2
9430 0
1246 3
1251 1
1252 1
1253 0
9446 1
17639 1
17640 1
17641 1
17642 1
1259 1
1260 0
17645 0
17649 1
17650 1
1268 0
9461 2
17654 3
1273 2
17659 2
13320 2
17662 2
1279 0
17665 2
17666 2
13867 2
9476 2
9477 2
1288 2
1289 3
17674 2
1295 1
17683 0
9492 2
17685 2
9494 1
17687 1
1304 2
17689 2
17692 3
13137 2
9503 2
5680 1
9507 0
1316 3
1319 0
220 2
11143 1
1324 2
1328 0
1330 0
1331 1
17716 3
17719 1
9780 2
17723 1
1340 2
1341 2
17726 2
17727 1
17737 2
1354 1
1355 1
17740 3
17743 2
17744 1
9555 1
9556 2
1366 0
1370 2
17756 0
17757 1
17759 1
1377 2
17762 2
1380 0
1381 2
1383 2
17504 2
9578 1
1387 1
1410 2
17777 0
9588 2
9589 1
9791 2
9596 0
17789 1
9599 0
1408 0
9601 2
17794 1
9604 2
9606 1
9610 2
9611 2
9615 2
10291 1
17810 1
17811 1
9623 2
9625 0
1436 1
1437 3
17822 3
9631 1
240 1
9634 1
9635 2
17828 3
9637 1
1446 2
9639 2
1449 2
17835 2
9645 2
15261 2
17841 1
9650 2
8232 0
9657 0
17850 1
17851 1
17852 2
1469 2
9663 2
17858 0
17995 2
9669 2
9672 1
9673 1
1482 1
17867 0
9676 2
9678 3
9681 2
1491 0
17876 0
17998 2
17879 0
15268 0
9691 3
9693 1
9694 0
17887 2
17889 0
9702 2
9706 1
9708 2
9709 2
9715 2
17910 0
17911 0
9812 0
9722 2
1531 0
9724 1
17921 0
17925 0
9734 0
9815 2
9742 1
7085 0
5684 3
17940 0
1559 0
17944 1
1561 2
1562 0
7087 1
9756 0
17949 2
9759 0
17953 0
17955 2
17956 2
16646 1
17959 2
9770 1
17964 0
1583 2
17971 2
1588 0
9781 1
1591 1
17979 2
9788 0
1599 0
7691 1
1602 3
9795 0
9796 0
1605 0
15559 3
1608 1
9801 2
1611 3
17996 1
1614 1
1616 0
18004 2
15289 3
9817 2
9820 0
15290 2
18020 0
18022 1
1641 2
9838 1
18032 0
18033 0
9845 1
1655 2
1661 1
1662 2
7966 1
18052 0
1669 1
1671 1
18056 0
1673 2
18059 1
1677 0
9870 0
9873 2
18067 0
1688 0
8474 3
9886 0
9887 3
9890 0
18083 1
9892 0
1702 2
1703 1
9899 1
9901 2
1710 0
1711 2
1712 1
18100 1
16670 0
9911 2
18104 0
1723 1
1726 2
18037 1
9921 3
9923 0
9929 2
18122 1
18039 1
11242 1
15061 0
12579 0
1748 0
18133 2
1750 1
9946 2
1755 1
18141 0
18142 1
1760 0
1762 0
9955 0
1764 2
9958 0
9960 0
1769 2
18155 1
18158 0
18161 1
18162 0
1779 0
18165 0
18166 0
16681 1
9981 2
1790 2
1791 3
18179 1
18188 1
10001 0
18194 3
1812 3
10006 0
18199 2
18200 2
18201 1
18203 2
18204 2
11226 2
1823 2
5687 2
1827 2
18212 1
18218 2
18219 0
1836 1
10031 2
1841 2
10034 1
12595 2
18228 2
10037 2
18230 0
18057 2
18232 2
1852 1
10046 2
10047 1
3040 2
10050 1
18243 0
10053 1
1862 3
1865 0
18250 2
1867 1
18062 2
18264 1
18265 1
18267 2
1888 2
10082 3
10083 2
18276 0
10086 2
18065 0
10088 1
18282 1
18284 1
1902 1
16701 2
18291 0
18301 2
18303 0
1920 2
6065 2
1924 2
18310 3
1927 3
18312 1
18320 0
323 0
10134 0
1943 0
324 1
10140 2
1949 2
10143 1
10144 0
18337 0
10152 3
1961 2
1962 3
10155 2
10156 1
1965 2
1970 0
18355 3
18078 2
18358 3
3060 1
18363 1
1982 0
10176 1
18376 2
18082 0
18382 1
18384 2
2002 0
13987 2
334 3
2006 1
18391 0
10201 1
18397 1
18398 0
18400 0
18402 0
2020 3
2021 0
2025 1
10218 2
10220 0
10706 1
18419 1
18420 2
18427 3
10237 0
2047 2
13996 1
10256 0
10261 2
10264 0
2075 0
2077 2
8539 1
16709 1
14254 2
18472 0
2091 2
10287 2
2097 3
2098 2
2099 2
10292 3
2101 1
18486 3
3616 3
10296 1
5812 0
18491 0
2109 0
10302 0
13969 2
10305 2
10306 1
18499 1
2116 2
18502 3
2120 2
2121 0
10314 0
8254 3
10317 1
2126 0
10319 3
2128 1
2129 1
18515 2
2132 0
18517 0
2136 0
2138 2
18523 0
10332 1
10333 1
10335 2
10337 2
10340 3
2149 2
18534 2
2152 2
18538 2
2157 0
2163 1
10358 2
2167 0
2169 0
10363 0
2176 2
14257 1
4459 2
10372 1
18567 3
2184 3
2185 2
10380 1
2189 0
18574 2
18579 2
18581 2
10390 0
18584 1
2201 2
4463 1
2209 0
18594 2
2211 0
10404 2
2213 1
10406 0
16753 2
2216 1
10410 2
10412 2
10413 0
18608 0
2227 2
10421 2
18614 2
2231 2
10424 0
10427 1
2236 2
2238 2
2245 1
2246 3
10440 2
5837 0
2256 0
18643 2
18644 2
10454 0
18649 0
2267 1
10462 0
18662 2
18664 0
2285 2
8805 2
10482 0
18675 0
10486 2
2297 2
18682 1
10493 0
16989 1
2303 0
384 1
18690 1
18692 2
18694 2
10503 2
18696 3
18697 1
10510 0
18704 1
5580 1
18707 1
18708 2
10517 1
18710 2
4484 1
18714 1
10523 2
14042 2
18719 0
2338 2
18723 1
2340 3
18725 1
2346 0
8583 3
10171 0
18735 0
1758 3
2358 1
18743 0
2360 2
2364 2
18749 1
7221 0
18757 0
10568 1
2377 0
10573 1
10575 1
18769 0
18771 2
10582 1
10583 2
2392 2
18148 0
10589 2
2400 2
400 0
10595 2
18790 0
10599 0
10607 1
10609 0
10612 2
2422 1
18153 0
18809 2
15423 0
18813 1
18814 2
16789 3
10624 0
2433 1
9963 0
2436 0
2440 2
2444 1
18830 0
18831 2
18832 1
2450 2
2451 2
2452 2
18840 2
2460 0
410 2
10658 2
10659 3
10660 2
18853 2
2470 2
10663 3
2472 2
8604 2
18861 2
2479 0
2484 0
2485 0
10679 2
2489 3
2490 2
2491 0
12728 2
10685 0
2494 0
10693 2
2503 0
2505 3
10698 2
4872 2
10702 2
1926 3
2514 1
2517 0
10711 2
10712 2
10714 1
2525 1
10719 0
2528 0
3903 2
12710 1
10726 2
12905 3
10731 3
10732 3
10734 1
2545 3
2547 1
10740 1
10741 1
8814 2
11349 0
10755 0
10767 0
2576 0
15907 1
10773 1
10777 1
10778 0
10780 0
10783 3
10784 0
12720 1
10786 2
2595 2
10791 1
2600 2
2602 3
2606 3
14420 2
2610 3
435 1
2613 1
10806 2
2615 2
10808 3
10809 1
10815 2
2626 0
2627 2
10822 1
2631 1
10825 0
12727 1
2638 0
2639 0
8632 2
2642 0
2646 2
11364 1
2650 1
2654 2
2655 2
10849 0
10850 1
12731 0
10852 2
2664 0
4540 1
10858 1
11367 0
10863 0
10865 1
14099 1
10873 0
5272 0
10876 0
10879 2
2690 0
10884 0
10887 2
2702 2
10895 1
2705 0
2707 0
10901 2
10905 2
2714 0
10907 1
10908 0
10913 3
2722 1
1819 0
2724 1
10917 1
17276 0
2730 1
2731 3
18640 1
10925 1
2735 1
4552 1
2739 2
10184 0
2746 0
18207 2
2748 3
2751 0
10945 2
2755 0
2758 2
16884 1
2764 3
2766 0
2769 0
2774 0
10020 3
10972 0
2782 1
8276 1
464 2
2790 1
2791 2
2793 0
2794 3
16850 3
10991 1
2801 2
10996 1
11002 3
11004 2
10026 2
2817 0
11010 3
11015 2
11017 0
11029 0
8665 2
11038 2
2848 0
11043 0
11045 2
2854 1
2855 2
2859 1
2862 2
12765 2
2865 3
11059 0
11065 2
2874 0
2877 0
2278 2
2883 0
11078 2
11082 2
2892 2
11085 2
10040 3
11090 0
12771 1
2900 1
11093 0
2904 1
2908 0
2909 1
2911 2
2917 0
11111 3
11112 1
2924 0
11118 0
11123 2
11127 1
11132 2
2942 2
15509 1
2944 2
11137 2
2946 2
11414 1
11142 1
1857 2
11144 1
16876 3
11148 2
11149 0
2960 0
11154 0
2967 2
11164 0
2975 1
2977 0
2980 0
2982 3
11175 1
2986 0
2988 0
11183 2
2992 2
2993 1
3000 2
3001 2
11194 2
3004 0
18251 2
11205 0
11207 3
844 2
11215 1
8696 2
11218 1
11220 1
3030 1
11225 0
3034 2
3035 3
11230 2
3237 1
11232 0
1465 2
3042 2
3047 0
3048 3
3049 2
3050 0
11245 3
3057 0
3058 1
11252 3
3061 0
7337 0
11259 2
3070 2
3074 1
3243 1
3076 2
3079 2
11273 3
4610 1
11278 1
3095 0
11295 2
3104 0
3105 1
11299 1
11300 2
3110 2
11305 2
3114 3
3117 3
11315 0
3125 0
1468 2
11326 0
11328 2
11330 1
3139 0
3145 3
3146 0
3147 2
3149 3
11343 2
11344 2
18275 1
3157 0
11350 1
3168 3
10457 1
11363 2
3172 2
3175 3
11368 0
3177 3
3178 1
18279 1
11372 0
3181 3
3188 2
11382 2
11383 1
3194 2
11388 1
11391 0
11393 2
11397 2
11398 2
11402 0
3215 2
3216 2
5998 3
3222 1
15788 1
3230 1
3231 1
11425 2
11428 3
11429 0
11430 0
3241 1
3242 3
11435 2
3244 0
3245 1
3249 1
3250 2
11445 1
3257 3
3261 1
3263 2
11457 2
3270 1
3272 0
11467 1
12657 2
3286 1
3287 2
3288 2
397 3
8293 1
3296 0
11491 0
3305 1
551 1
3308 0
11503 0
3313 2
3314 3
11510 2
553 1
3321 1
3323 2
554 2
11518 2
3327 0
3332 1
3333 1
1921 2
11531 1
11532 2
11540 2
3354 2
11549 3
3358 0
3359 3
11554 1
3363 1
14214 2
12849 0
3373 3
3374 1
3375 2
3376 2
3377 2
3378 1
3380 1
15582 0
3382 0
11579 2
11583 0
11586 0
3395 1
3397 0
3400 0
3406 1
10479 2
3415 1
3416 0
11612 3
3422 1
11615 1
3424 3
11618 1
11619 1
11620 1
11621 0
3434 1
3437 0
3440 1
3444 2
574 0
3448 2
8767 0
3456 0
3461 0
11654 0
3463 2
11658 0
11670 3
3479 2
11672 2
11673 1
11674 0
3485 1
4677 1
3488 2
15600 2
3490 2
3491 2
11684 2
11685 3
3494 2
11505 2
8775 0
3500 2
3505 0
3506 0
3508 0
12392 1
3515 1
3516 3
4682 2
3520 2
3527 2
3531 0
11724 2
11731 2
11734 1
3543 0
11738 1
11739 1
11741 1
11742 0
11743 1
11745 2
3556 0
11752 0
8786 1
3566 1
11760 2
13485 2
18390 0
3572 1
3577 0
3580 0
3585 2
11779 0
1964 2
3601 3
11795 3
8480 1
13759 0
3607 0
11800 2
2588 1
3611 3
11805 0
11808 1
3621 2
3622 2
11815 1
3630 2
11823 1
11824 1
3633 1
11826 2
14259 1
3636 3
3637 2
11832 1
3644 1
11838 2
14261 0
11840 0
11841 2
3660 3
3662 0
3663 0
11856 3
11857 0
3666 0
3667 2
3670 0
3671 2
4607 1
11865 0
3674 2
11870 3
4709 1
11874 1
3683 1
11878 1
11879 2
11884 2
11887 2
3696 0
8808 0
3701 2
3702 2
17001 0
3704 1
11897 0
3706 2
12906 2
11905 3
15638 2
11913 1
3727 2
11920 0
3730 2
3733 0
8581 0
11928 0
3740 0
9443 2
3747 1
11941 2
3750 1
11944 2
1992 2
11955 0
3768 0
3769 2
11963 2
3785 3
3790 2
3792 0
4728 2
3797 2
11990 1
11997 0
3811 2
12006 0
3815 1
3819 0
12013 2
3822 3
12925 1
638 0
12025 0
12029 0
12032 2
3842 0
10198 0
12041 1
12043 0
8809 0
12046 0
11565 1
3862 2
12055 2
15102 1
12060 2
3869 0
12062 2
12933 0
3873 0
3876 2
4742 1
3879 2
3880 0
3881 0
12076 2
3885 2
3887 2
3889 2
12087 0
11919 3
3901 0
2312 2
3381 1
12097 1
12098 1
12100 2
3912 1
12106 2
15406 2
12109 2
3921 2
14307 2
3926 0
3928 2
3934 0
12133 0
12134 2
12136 2
3945 0
3947 0
3949 0
3950 0
3954 1
12154 0
12157 3
12158 2
3975 0
3978 2
10392 2
3983 2
3984 1
3985 2
11587 2
12184 2
12189 0
3998 0
3999 0
4001 1
4003 1
12197 3
4006 2
12202 2
4011 2
12207 2
12212 1
12958 0
4027 0
12221 0
4032 1
12960 2
4036 1
4037 3
4045 3
12137 2
4050 1
4051 1
4052 1
4053 1
4057 2
4058 2
15138 0
12252 2
12253 0
4062 1
12255 1
12257 0
12258 2
2043 1
7505 2
4074 1
679 0
12268 2
12270 2
12272 2
17064 3
4084 1
4087 0
4089 1
6143 3
12284 0
12288 0
4097 0
10502 2
12972 2
12298 2
4107 2
12300 2
4115 0
4118 2
12314 2
4124 2
4126 0
12325 0
8881 2
4137 2
4138 3
4140 0
12333 1
4143 0
12339 1
12340 3
12342 2
12343 1
12351 2
12355 1
17079 2
4173 2
4175 2
4176 3
12377 2
12379 1
12384 1
12387 2
12388 2
12389 2
4198 0
4200 3
4201 2
7527 3
4205 2
17085 0
4209 3
4210 3
702 1
4214 0
4226 0
12421 0
12423 2
12426 0
4235 2
8898 1
4239 0
2072 2
4242 0
12435 2
7534 2
4249 1
4251 2
18850 1
4256 2
4257 2
4262 2
4264 1
4265 3
4270 0
12470 2
713 0
4280 1
4281 0
714 1
12478 0
12484 2
12486 2
12487 0
4297 0
4302 1
12496 1
4308 2
4312 2
4316 1
12514 0
4323 2
13009 2
12521 2
4331 1
4335 2
4336 0
4342 2
4344 3
12539 2
12543 2
4354 2
18475 0
12554 3
4365 2
4367 3
4369 2
4371 2
4372 2
4374 2
4377 3
12571 1
4380 2
12573 0
4383 2
13019 2
4390 1
4391 2
18483 2
4407 0
18484 2
4412 3
12605 2
12610 0
12613 1
12616 0
12618 1
4428 1
12622 1
12623 0
4433 1
12626 2
4436 2
16669 0
4439 2
12632 1
7567 2
12637 1
12638 2
10299 2
4457 2
12651 0
12652 2
15697 0
18493 2
12656 0
4465 0
12660 2
12663 2
4475 0
12669 2
12672 3
17131 1
12676 3
4497 0
4498 2
4501 0
4503 2
4507 1
4511 1
12704 1
12705 2
4516 0
10310 1
4518 1
4519 0
12712 3
12714 1
4524 1
12717 1
4526 2
4528 2
10312 2
4532 1
4535 3
4536 0
4537 2
4539 1
12732 1
12734 0
4544 1
12739 2
12740 0
13046 0
3489 3
12744 0
4553 2
12746 1
13047 0
4557 1
11487 0
3492 0
4571 0
8954 2
4574 3
12767 3
4576 3
4577 2
17147 0
4581 1
4582 2
12775 0
4584 0
4517 1
4590 0
4593 2
12786 0
12788 2
12790 0
10324 1
12795 0
4605 2
12799 0
12802 1
4611 2
12806 0
12809 1
4621 2
4626 2
4627 3
4630 0
4632 2
4633 2
12826 2
4636 0
12832 1
12839 0
12841 1
12843 1
4652 3
4653 0
4654 1
12847 2
4656 1
776 3
4658 2
4659 2
12852 2
4661 0
4662 0
12861 2
12862 2
4671 0
4672 2
4674 1
7606 0
4678 1
12874 1
4683 0
4688 1
4698 2
4705 1
11707 2
4708 1
12901 2
12904 2
4713 0
4714 1
4715 0
4716 3
4717 0
12910 2
4719 0
12912 3
4724 2
4726 1
4727 1
12920 1
4729 2
4732 0
4733 2
17173 1
12930 2
4741 1
12934 0
4744 1
12937 0
12941 1
12946 1
12951 0
12954 0
4766 1
4768 2
12961 2
12962 0
4776 2
13084 2
890 1
4780 0
4786 3
4788 3
12981 1
4794 2
12987 1
17184 1
4803 3
2166 1
12998 1
4807 1
4809 2
4811 3
4813 1
4814 2
13007 1
4817 2
13010 0
4822 0
13015 1
4826 1
4827 1
13020 0
4830 0
13023 2
13027 0
4839 0
13035 1
4844 1
4848 1
13041 2
13043 2
4853 0
4854 0
4855 2
4856 1
13054 1
4863 1
13056 0
4865 1
4866 0
13060 0
3542 0
13064 3
4877 2
4878 0
13102 1
13078 0
4887 1
4888 2
4892 0
8619 3
4894 0
4896 3
13090 2
13093 1
4906 3
4909 0
4910 0
18167 1
13104 3
13107 0
13108 0
14474 3
4929 0
4931 2
9014 3
13128 1
18572 0
4944 0
4529 2
13147 1
13148 2
13150 3
4962 0
13156 0
13159 3
13160 1
15714 1
4981 2
13174 0
13175 2
4986 2
13182 0
13184 1
4994 1
4997 2
13196 0
5005 3
13201 2
13202 1
13204 2
13206 1
13210 2
13214 1
9029 0
3568 0
5026 2
13220 2
13221 3
5030 2
5034 3
13239 0
8897 2
13245 2
5054 1
13247 2
5057 3
10401 2
13256 1
10807 0
13259 2
13262 2
5072 3
5073 3
13266 1
13271 1
13272 0
2212 1
15866 1
5088 1
13282 2
13283 2
15718 0
13287 2
13290 1
13291 2
13293 1
13295 1
18600 2
5108 1
5109 1
13303 2
5121 2
5123 2
13317 0
12173 0
18604 2
13329 2
5138 0
15875 1
5141 0
13334 0
5148 2
13341 0
5150 0
5151 0
13346 2
4513 0
5158 0
13352 0
13353 0
13360 2
5171 1
13364 3
13366 0
5177 3
5179 0
5185 0
9418 1
13379 0
5190 2
18615 1
5196 2
13390 2
5200 0
5201 1
5205 0
5208 1
5210 3
5211 2
9448 0
5214 2
5217 0
13411 0
13413 2
5222 0
15889 1
5225 3
5226 1
13419 1
13421 0
5232 3
873 1
5241 2
5244 0
5245 0
5255 0
876 3
7703 3
5265 2
13458 0
17262 0
13464 3
13466 1
5276 2
5290 3
5292 2
5293 2
5297 0
10619 0
13494 3
13498 2
13501 1
5313 2
5317 0
5318 0
13511 2
13512 1
5321 3
13517 0
6724 2
13523 1
5332 2
5336 1
5338 0
13532 0
5341 1
5345 2
12747 2
13542 0
11709 1
5352 1
13545 3
5356 0
6855 1
13551 2
5361 2
5362 2
5365 3
5368 0
5372 2
13565 2
5374 1
13568 3
17280 1
5378 2
13573 2
5382 0
9089 2
13578 2
13586 0
5399 3
900 1
11091 3
13596 2
17638 0
13602 2
13603 0
13605 2
5414 1
13607 2
13608 2
903 0
13614 2
13616 2
13621 2
13622 2
5431 0
13624 1
13628 1
5437 2
13631 2
5444 2
13638 2
5447 0
17292 1
13644 3
14562 1
13651 0
13655 1
13659 1
5476 0
5477 0
5478 0
5481 0
13674 0
5483 1
5486 2
13679 2
13680 0
13689 0
13690 2
5502 1
13700 0
5513 2
5514 0
5515 1
13710 2
5521 2
13718 2
13720 2
5529 1
13723 2
13727 1
5538 0
13732 2
9116 1
7751 2
5549 3
13744 1
13747 1
5095 2
13753 1
5567 2
5570 3
5572 3
18678 0
5574 2
17098 2
13772 2
5581 2
5586 0
5587 1
5588 3
5589 3
14585 0
13784 1
5081 0
5600 0
5601 1
5603 0
13796 0
5606 0
3665 0
5610 2
5611 1
5612 2
7762 1
5619 1
13815 0
5624 2
5626 3
5630 2
5632 1
13827 0
13828 1
5637 1
13830 0
5639 2
5641 0
13836 2
13838 1
17325 1
13843 0
16555 3
13846 2
5655 2
5657 1
5658 3
5664 2
13859 0
5669 1
5670 1
13865 2
2311 0
13871 1
13872 1
13873 2
13876 0
5686 2
13879 2
5690 1
13884 2
13892 3
13894 0
13897 0
13900 0
13901 2
952 1
5714 0
13909 2
13915 3
13917 2
5736 2
7556 0
13933 0
5743 1
2324 2
13951 3
13954 1
10012 1
1283 2
5769 0
13965 0
5777 2
5780 1
13974 1
13975 1
5787 0
13981 3
5794 1
18715 3
5797 0
13990 0
5800 1
13993 2
5804 1
13997 0
5806 0
14000 2
14001 2
5810 0
5811 2
14004 3
14006 3
5821 2
14015 0
5828 0
5831 0
14024 0
14029 2
5838 2
14035 3
14036 1
5850 2
5851 3
14044 0
15994 2
5860 2
14053 2
5863 2
5865 1
5868 2
5871 3
5884 0
5891 0
14084 1
5894 0
14089 1
5901 1
4885 1
5907 2
14100 0
14103 1
5913 1
14113 3
5922 0
14119 1
5930 2
14124 0
14125 2
14128 2
14130 1
14133 2
466 3
5943 0
5944 1
14137 2
14138 1
14144 2
14145 2
14150 1
2359 3
14156 1
5090 3
5971 2
5975 3
14171 0
5980 3
5982 2
5987 1
14180 1
5993 3
14187 0
14190 2
14195 2
6004 0
14198 3
14199 1
6009 3
14202 3
16021 0
14212 2
14385 1
6022 2
14216 2
6025 2
14218 0
14219 0
14221 0
14224 1
14227 1
14228 0
6039 2
17989 1
14234 0
6044 3
6045 1
14242 0
14243 1
6053 1
13297 0
6056 2
6057 2
6062 3
6064 2
18760 3
6067 2
6069 1
10569 3
13301 2
14274 2
14275 1
14277 2
14278 2
6094 2
14287 1
14293 0
1017 1
17934 2
14302 2
3749 0
14304 0
14306 1
6115 3
6119 1
14313 2
13570 3
6128 2
3752 3
14322 2
14323 2
6135 2
6139 0
6140 2
14335 2
14337 1
6146 3
6151 2
6152 3
14347 2
14349 1
2660 1
13315 0
6164 2
10585 0
14360 1
14362 1
14363 1
14365 3
14366 0
6176 1
14369 2
6180 3
6182 0
6184 0
14378 0
6187 2
13845 1
14383 0
16517 1
6196 2
6200 1
6204 2
6205 2
6206 2
6207 2
14405 1
14410 2
6221 1
6222 0
6228 2
6231 2
6232 2
6243 0
5137 1
14440 0
6250 2
10301 2
14449 2
6259 0
6260 1
14453 0
14455 0
6265 3
6266 2
14461 0
6270 2
14464 3
6274 3
14467 1
14468 3
6282 2
1048 3
16067 2
14491 1
14498 2
14501 0
14504 2
14505 2
6315 0
6317 2
13031 1
14513 2
6330 2
6331 2
6332 2
14527 3
14533 2
15045 2
14538 2
14546 0
6356 1
6359 2
6360 3
6363 2
6367 2
6370 2
14563 1
14565 1
6375 2
14569 0
6380 0
6381 1
14576 0
6386 1
14584 0
6393 2
14586 2
6396 0
6398 3
11989 0
12761 2
6407 2
6410 3
14604 2
14610 0
14611 1
6422 1
6423 3
6424 0
6426 1
14632 2
6443 2
6445 1
6446 2
16093 2
6448 1
6453 3
6456 1
6465 0
6467 2
14662 2
14664 1
6473 2
6475 0
16098 0
14671 0
6480 2
14677 2
10036 2
6488 2
14681 2
17466 0
6495 0
14690 2
6500 3
3814 1
6504 2
6506 2
14699 0
7912 0
6514 1
6522 2
14715 2
17948 2
6527 1
14724 2
6533 0
6534 0
14728 3
14729 0
2529 0
14737 2
5187 0
14751 2
6560 0
14756 0
14768 0
6577 1
6578 2
14777 2
14779 2
14782 2
14787 0
14791 2
6600 0
14793 1
6604 2
14797 1
14798 2
6609 0
14804 2
14805 2
6616 1
14809 2
6619 2
6623 0
6625 2
14821 2
6631 2
6632 2
14828 0
14829 2
7791 1
6646 1
1108 2
14842 2
14844 2
18225 2
14848 1
14849 2
6673 1
6675 3
6676 0
14872 2
14873 2
6683 2
14878 2
14879 2
14880 2
14881 1
17499 2
6692 2
14886 1
14888 2
6698 1
6702 1
6703 1
6706 1
14899 1
6708 1
6709 0
14903 2
6712 2
17503 2
14908 1
14912 0
14913 2
6722 2
6723 1
14916 0
14920 0
14923 0
6736 0
6737 1
6740 1
1861 0
14936 0
6747 2
6751 0
14945 1
14947 1
14949 0
14951 2
14952 1
6765 0
6767 2
14960 2
6774 0
6775 0
14968 2
14972 2
6787 0
6788 1
14983 2
6793 0
14989 0
6798 1
14993 0
6803 1
14996 2
1134 0
6806 0
6809 0
6810 1
6813 1
6815 0
15008 2
15009 2
15014 0
16594 2
15017 1
6829 1
14792 2
6835 1
6836 1
6837 1
6838 1
9332 2
15036 0
6845 0
15038 2
15039 2
6851 1
6853 0
12065 0
15051 2
6860 1
6861 0
15055 2
6865 0
6866 2
6867 1
2510 0
6871 0
15067 2
6877 0
6881 2
15074 0
15079 3
15084 3
15085 2
6898 1
15093 3
6905 1
6910 2
15103 1
6912 2
15105 1
15107 1
15109 1
15112 1
15114 2
15115 3
15116 2
6926 3
12703 3
15123 1
15124 3
6933 3
15126 1
6617 2
15129 1
12079 3
6941 0
6942 1
15135 2
6946 2
14811 2
15140 0
15145 0
17543 0
9352 1
15160 1
2527 1
15165 0
6983 0
6984 1
9982 1
6993 2
6996 2
6998 2
15194 2
7006 2
15201 3
7010 1
7011 0
14122 3
12649 1
7018 1
15212 3
7021 3
7022 3
11145 2
7027 0
15220 2
15225 1
15226 2
7035 0
15228 0
15231 0
7040 0
15233 2
15238 0
15241 2
7050 1
7051 1
7052 1
15245 2
15246 0
15249 2
15250 3
15251 3
2542 1
7063 0
15259 0
7069 0
15264 2
15266 1
3236 0
7076 1
15269 1
7079 3
7084 1
15277 1
15278 3
15279 2
12104 2
15282 2
15284 1
7093 0
16201 1
7096 2
7097 2
7098 2
15293 0
15296 2
14838 1
15304 2
7116 1
7118 1
7120 2
7122 2
17571 1
15316 1
7125 0
15318 2
15319 0
7129 2
7130 0
15323 2
7132 0
15329 2
7138 0
7139 0
15333 2
7143 0
7151 0
8967 1
7160 3
15353 3
7164 2
7166 3
17151 2
8022 0
7179 3
15374 0
15375 1
15376 3
7186 3
7195 0
15390 0
7201 1
15395 0
7205 1
4148 1
15401 0
7210 3
7214 2
15409 2
15411 0
15413 2
15414 3
15415 3
15417 2
7229 0
17589 0
15428 2
7246 2
15439 1
15440 1
7255 2
15461 0
15462 3
17973 2
7280 0
15473 0
7283 0
15479 0
14868 2
7292 0
7294 0
15494 3
15496 0
15497 0
7306 2
15500 2
15503 2
15505 0
15506 1
8046 0
15513 0
15519 1
15520 0
15522 1
7332 2
15529 0
15532 3
7341 0
15535 3
13906 1
2591 0
15549 1
15550 0
15552 1
7363 0
15556 1
7367 2
15562 0
15563 0
7372 2
15565 1
7374 3
15567 1
7380 0
15574 0
7383 0
3962 0
7390 0
7391 1
13520 2
8059 3
15593 0
15596 3
7405 2
7408 2
15602 2
9427 2
3793 0
15616 0
7425 3
15620 1
15627 1
15628 3
15636 2
7446 2
7447 2
7450 2
7452 2
15645 3
7455 0
7460 2
15654 2
7463 0
15657 2
15661 1
7472 3
7473 1
15669 1
15670 3
7479 0
7481 1
15674 2
15675 2
15676 0
7488 2
7489 2
15684 0
7496 0
7497 2
7499 3
15693 0
15695 0
7504 3
14904 2
7506 2
15699 1
15703 1
15704 0
15705 1
15706 1
15713 2
7522 2
15717 0
7526 3
15719 1
15721 2
7532 2
15726 1
7537 2
15730 1
15734 2
15741 1
15745 2
15746 0
7555 0
15748 2
7558 0
7561 2
15754 0
8087 0
14914 2
15758 2
15759 3
15760 0
15761 2
15764 0
15765 2
15769 2
7579 1
15775 0
15776 2
15778 0
15781 1
15782 1
7593 2
7596 1
15790 0
3997 2
15796 3
10346 3
15798 1
7611 1
15805 2
15807 2
7617 1
15810 0
9462 2
15815 1
7624 3
15818 2
7627 0
15825 0
7637 2
15830 3
17657 0
7641 0
7643 0
7649 2
15843 0
15845 2
15852 2
15855 1
7665 0
15859 1
15864 0
11985 0
7675 0
15868 2
15870 1
15871 1
7683 2
10838 1
1281 0
15883 0
7693 2
7694 1
6744 1
7699 2
7700 2
15895 0
15896 1
15897 0
15898 2
15900 2
17669 2
7714 0
7715 0
15910 1
7720 0
7721 2
17672 0
7730 1
7732 1
15931 0
15938 0
2657 0
7754 1
7758 1
15951 0
15954 1
7766 1
15960 0
15961 1
15962 0
15963 2
15970 3
7782 1
15977 0
15978 3
15980 2
7789 2
15983 2
6760 0
7795 0
15990 2
7802 0
7803 0
15999 1
12224 3
16002 2
2715 2
7817 1
7819 3
16014 2
16015 1
7828 3
15655 2
7832 3
16026 2
2671 0
16032 1
16036 1
16037 1
16040 2
1308 3
16045 3
16049 1
16050 3
16051 0
16056 1
7865 2
16058 0
17695 2
16060 2
16061 1
7870 3
16063 1
16064 2
7875 1
16068 2
7878 0
16073 1
16078 1
7890 2
7891 2
16088 1
7898 0
16091 2
7900 2
7901 0
16095 1
16096 2
8144 1
7906 2
16104 0
16106 2
16108 2
16109 2
16110 2
16115 2
16117 2
7929 3
16123 1
7936 2
16134 0
7946 3
16143 2
8152 3
16359 1
7960 0
16154 3
16158 3
7970 1
7975 2
4061 0
16176 0
7986 2
16186 2
4063 2
16188 3
16189 0
7998 3
16191 1
16192 0
16196 1
16200 0
8009 2
16202 0
16203 0
16204 1
16207 0
8017 3
8018 3
8020 2
16214 2
16218 2
16220 2
8029 3
8033 3
16226 0
16228 3
10897 3
5436 3
16234 2
16235 1
8044 1
16238 3
16240 1
14201 0
16251 2
16254 2
16255 0
8064 1
2385 2
16261 1
16263 2
16265 1
16266 2
16272 0
8082 0
16277 2
16279 0
16285 0
8095 3
8096 2
16291 2
16292 0
8101 1
16297 0
8108 2
16301 1
16304 2
8115 2
16309 1
8119 0
16318 0
8127 0
16325 0
16330 3
8140 1
8142 3
8143 0
16336 3
16337 2
16339 0
8148 0
16344 2
8156 1
16350 2
8159 3
8160 0
8162 0
16355 1
15002 0
8167 0
8168 2
8169 2
16364 0
5459 3
8184 2
16380 0
16382 1
16383 1
