0 0
16 0
41 0
62 2
65 1
66 1
69 1
70 0
74 0
81 0
88 2
91 1
93 3
95 0
102 1
104 0
106 1
107 2
110 0
112 3
117 0
118 1
120 3
122 3
126 2
128 1
129 3
132 2
133 2
134 0
139 3
144 2
147 0
148 1
150 2
151 1
157 0
162 2
163 2
172 0
173 2
177 1
178 0
183 2
185 2
189 3
190 3
191 0
197 2
199 1
200 0
201 1
202 2
206 3
208 2
213 2
214 0
218 3
220 2
230 0
232 1
233 2
244 3
246 0
250 1
253 2
261 2
263 2
271 2
274 2
281 3
284 1
285 1
287 2
289 2
291 1
296 0
297 2
298 3
300 2
303 2
312 1
315 1
317 2
319 2
324 1
329 1
332 2
334 3
338 1
339 3
342 2
346 3
349 1
353 2
359 3
360 2
362 1
367 0
368 0
371 0
374 2
376 2
379 0
384 1
389 1
392 1
394 2
401 2
407 2
410 2
411 2
420 1
423 2
424 0
428 2
438 0
439 3
442 1
444 2
446 2
454 2
455 1
458 3
460 0
461 2
464 2
469 1
477 2
478 1
481 1
496 2
502 2
505 3
512 1
515 0
517 0
524 2
526 0
528 2
532 3
536 3
538 0
541 2
542 2
543 2
545 2
548 1
551 1
553 1
554 2
555 2
556 1
558 1
563 2
564 1
566 3
571 1
574 0
576 2
577 1
581 1
583 1
585 2
587 1
588 1
592 1
594 0
605 3
609 2
611 1
614 2
616 3
617 0
618 1
619 2
621 2
622 0
629 1
636 2
638 0
641 0
654 0
657 3
660 2
661 1
663 2
664 0
665 1
666 0
669 2
672 0
673 2
674 0
675 0
676 2
679 0
685 1
688 0
700 2
707 0
708 2
711 3
712 2
714 1
719 3
720 3
726 2
730 2
733 1
737 2
738 2
743 0
744 2
746 2
748 2
749 0
750 2
752 3
759 3
760 1
763 0
764 2
766 1
768 0
771 1
773 2
774 1
779 0
785 2
786 0
787 2
788 2
790 2
795 2
797 1
801 2
803 2
808 2
814 2
821 1
825 2
832 2
844 2
845 1
851 0
852 2
856 0
859 2
860 3
861 2
862 0
869 0
876 3
879 2
883 1
885 1
888 2
889 0
890 1
891 1
892 2
894 2
900 1
903 0
904 1
907 1
910 1
911 2
912 3
919 0
920 2
921 2
922 2
928 1
931 3
933 1
936 3
938 1
945 3
951 0
952 1
953 2
957 2
959 2
960 2
961 1
964 3
975 0
987 1
988 0
1003 0
1010 1
1021 0
1023 2
1027 0
1028 1
1030 2
1031 3
1032 1
1035 2
1037 3
1038 0
1040 0
1050 1
1051 1
1054 2
1056 0
1057 0
1063 2
1071 1
1075 0
1079 2
1080 1
1085 0
1089 3
1094 3
1095 0
1098 2
1107 1
1118 2
1122 1
1124 2
1127 1
1130 2
1133 2
1137 0
1141 1
1144 2
1147 2
1150 2
1151 1
1154 2
1159 2
1162 3
1166 2
1173 2
1174 2
1177 2
1186 0
1187 2
1195 0
1200 0
1204 0
1206 2
1208 0
1211 3
1213 1
1217 2
1218 2
1224 1
1225 2
1226 1
1236 1
1237 2
1239 0
1240 0
1241 2
1242 3
1249 0
1250 0
1251 1
1252 1
1256 2
1264 3
1265 3
1266 0
1273 2
1275 0
1277 1
1284 1
1286 2
1290 1
1291 0
1294 2
1299 1
1304 2
1313 3
1320 1
1321 2
1322 2
1324 2
1328 0
1331 1
1338 1
1340 2
1341 2
1343 2
1353 0
1354 1
1355 1
1356 3
1363 2
1366 0
1375 2
1377 2
1383 2
1398 0
1401 2
1405 2
1408 0
1409 0
1414 2
1415 2
1430 0
1436 1
1440 2
1442 2
1444 2
1446 2
1456 0
1458 2
1460 3
1465 2
1466 2
1469 2
1470 2
1471 1
1477 1
1478 1
1482 1
1483 2
1488 1
1499 3
1521 3
1531 0
1538 2
1543 1
1545 2
1546 0
1547 2
1558 3
1561 2
1564 1
1567 2
1583 2
1584 2
1591 1
1596 2
1597 1
1599 0
1600 2
1601 1
1602 3
1605 0
1606 1
1608 1
1611 3
1613 2
1614 1
1622 2
1626 2
1630 1
1634 2
1635 2
1638 0
1646 0
1652 2
1653 2
1658 3
1659 0
1661 1
1662 2
1666 2
1667 1
1669 1
1670 0
1671 1
1673 2
1674 2
1677 0
1684 3
1687 2
1693 2
1697 0
1699 1
1700 2
1702 2
1703 1
1705 0
1707 0
1708 3
1711 2
1712 1
1713 0
1714 0
1717 2
1718 2
1719 2
1722 0
1724 2
1725 2
1726 2
1729 1
1732 2
1734 1
1737 1
1740 0
1748 0
1750 1
1751 2
1753 3
1758 3
1763 0
1764 2
1769 2
1772 0
1779 0
1785 2
1786 1
1788 2
1790 2
1792 0
1800 0
1808 2
1809 2
1810 3
1812 3
1814 0
1815 2
1817 1
1819 0
1820 3
1823 2
1826 2
1827 2
1828 2
1835 1
1836 1
1839 2
1840 2
1841 2
1847 0
1850 2
1852 1
1855 2
1857 2
1858 1
1862 3
1866 2
1872 0
1882 0
1887 2
1888 2
1889 2
1893 1
1900 2
1904 2
1918 2
1920 2
1921 2
1924 2
1927 3
1932 0
1933 2
1939 1
1942 0
1944 0
1946 0
1947 1
1949 2
1958 0
1961 2
1964 2
1965 2
1966 0
1968 0
1969 0
1973 0
1976 1
1979 1
1982 0
1988 2
1992 2
1997 3
1998 3
2002 0
2005 1
2006 1
2008 2
2009 0
2010 1
2011 1
2020 3
2025 1
2043 1
2047 2
2048 0
2052 2
2054 3
2061 3
2072 2
2073 2
2074 1
2076 2
2083 2
2086 0
2089 1
2091 2
2097 3
2099 2
2105 0
2108 3
2109 0
2111 3
2112 2
2115 1
2116 2
2120 2
2121 0
2124 2
2128 1
2130 1
2132 0
2134 2
2138 2
2150 2
2153 2
2171 0
2173 1
2176 2
2183 2
2188 2
2189 0
2191 1
2196 0
2198 1
2201 2
2202 2
2207 1
2208 3
2209 0
2210 2
2213 1
2215 1
2216 1
2223 2
2231 2
2234 2
2236 2
2238 2
2251 2
2254 2
2256 0
2258 2
2260 2
2268 2
2272 0
2273 1
2276 0
2278 2
2279 3
2283 2
2287 2
2288 2
2298 1
2303 0
2304 0
2305 0
2307 2
2311 0
2321 0
2324 2
2329 2
2333 2
2338 2
2350 2
2352 3
2355 2
2362 2
2364 2
2365 3
2368 1
2377 0
2378 1
2380 1
2381 2
2382 0
2385 2
2386 2
2388 2
2389 2
2393 3
2404 1
2406 1
2408 0
2410 2
2413 2
2426 1
2427 2
2433 1
2436 0
2440 2
2441 2
2448 2
2449 2
2451 2
2452 2
2458 0
2460 0
2469 0
2470 2
2472 2
2475 1
2478 3
2483 1
2484 0
2485 0
2491 0
2497 0
2500 2
2501 1
2503 0
2512 0
2513 1
2516 2
2517 0
2522 3
2524 1
2525 1
2527 1
2528 0
2530 0
2531 1
2536 0
2544 0
2546 2
2549 2
2556 1
2558 1
2565 0
2571 1
2572 0
2576 0
2578 1
2580 2
2582 2
2583 3
2586 1
2587 1
2591 0
2594 2
2595 2
2597 0
2599 2
2601 1
2602 3
2603 2
2606 3
2609 0
2610 3
2612 2
2615 2
2624 2
2625 0
2626 0
2627 2
2634 2
2640 2
2653 3
2655 2
2657 0
2658 2
2661 0
2673 1
2678 3
2688 1
2702 2
2703 0
2705 0
2715 2
2722 1
2726 1
2730 1
2731 3
2733 2
2735 1
2739 2
2748 3
2750 1
2751 0
2756 2
2757 0
2758 2
2759 2
2764 3
2769 0
2772 2
2778 2
2779 2
2783 3
2791 2
2792 2
2793 0
2794 3
2797 3
2800 2
2801 2
2804 2
2807 3
2820 3
2822 0
2826 2
2840 0
2847 1
2851 1
2852 1
2854 1
2856 2
2857 1
2859 1
2862 2
2863 0
2873 0
2874 0
2879 2
2880 2
2882 2
2883 0
2884 0
2886 0
2893 0
2898 2
2899 2
2903 2
2904 1
2907 2
2909 1
2910 1
2914 1
2917 0
2919 0
2921 2
2922 1
2925 2
2928 1
2929 0
2930 0
2935 2
2936 0
2938 2
2939 2
2942 2
2944 2
2951 2
2955 0
2957 0
2960 0
2961 0
2962 0
2968 2
2973 2
2974 0
2975 1
2977 0
2982 3
2984 2
2985 2
2988 0
2992 2
2995 2
2998 0
3000 2
3001 2
3010 3
3013 1
3014 0
3018 2
3025 1
3028 2
3030 1
3031 1
3033 0
3034 2
3035 3
3036 0
3038 1
3039 1
3040 2
3042 2
3044 2
3047 0
3048 3
3049 2
3053 2
3057 0
3058 1
3065 1
3070 2
3073 1
3074 1
3076 2
3079 2
3081 2
3087 2
3098 1
3100 0
3102 2
3103 0
3104 0
3105 1
3110 2
3114 3
3116 0
3117 3
3118 0
3124 2
3131 0
3132 1
3136 1
3140 1
3145 3
3147 2
3149 3
3163 2
3169 3
3177 3
3181 3
3182 3
3186 1
3191 2
3207 2
3212 1
3213 0
3215 2
3216 2
3219 3
3225 2
3230 1
3231 1
3232 0
3235 1
3236 0
3237 1
3241 1
3242 3
3244 0
3247 2
3250 2
3251 0
3253 1
3254 1
3255 1
3256 3
3260 0
3261 1
3262 1
3263 2
3266 0
3268 2
3270 1
3271 2
3272 0
3279 2
3280 2
3281 3
3285 1
3286 1
3287 2
3291 2
3293 3
3296 0
3298 1
3299 0
3305 1
3307 1
3308 0
3313 2
3316 0
3317 2
3319 1
3320 2
3323 2
3324 2
3328 1
3329 0
3330 1
3333 1
3334 1
3342 1
3348 2
3353 1
3354 2
3355 1
3358 0
3359 3
3360 1
3363 1
3370 1
3373 3
3376 2
3378 1
3380 1
3381 1
3386 3
3389 2
3395 1
3396 0
3397 0
3399 0
3409 0
3411 0
3412 2
3415 1
3419 2
3422 1
3424 3
3427 2
3428 1
3431 1
3434 1
3440 1
3441 1
3448 2
3449 2
3451 1
3453 2
3456 0
3460 2
3461 0
3463 2
3466 2
3468 0
3469 1
3470 1
3478 2
3479 2
3485 1
3489 3
3490 2
3491 2
3492 0
3495 2
3501 1
3503 2
3504 2
3505 0
3515 1
3516 3
3517 1
3520 2
3521 2
3527 2
3531 0
3535 3
3543 0
3548 3
3557 2
3564 3
3568 0
3573 0
3575 1
3580 0
3582 2
3583 2
3585 2
3595 0
3601 3
3603 2
3605 1
3611 3
3619 2
3621 2
3622 2
3628 0
3634 3
3638 2
3651 0
3654 0
3655 1
3658 2
3659 0
3661 2
3666 0
3671 2
3672 1
3673 1
3674 2
3675 1
3677 2
3679 2
3682 2
3684 3
3685 2
3688 1
3689 1
3694 1
3699 1
3702 2
3703 2
3704 1
3706 2
3709 2
3712 2
3713 2
3715 1
3719 2
3727 2
3730 2
3731 1
3732 0
3733 0
3738 1
3740 0
3741 2
3745 2
3747 1
3755 3
3768 0
3769 2
3775 2
3778 0
3784 2
3785 3
3790 2
3791 2
3792 0
3801 3
3811 2
3813 0
3814 1
3821 2
3822 3
3841 2
3842 0
3864 0
3873 0
3874 3
3876 2
3879 2
3880 0
3885 2
3887 2
3895 0
3901 0
3912 1
3921 2
3923 0
3932 3
3944 0
3949 0
3950 0
3952 2
3967 3
3968 3
3976 2
3979 1
3984 1
3990 0
3992 3
3999 0
4001 1
4003 1
4006 2
4009 3
4011 2
4016 1
4017 2
4019 1
4029 2
4030 1
4038 0
4050 1
4057 2
4058 2
4063 2
4074 1
4079 0
4080 3
4086 2
4087 0
4089 1
4090 1
4094 3
4096 0
4098 1
4107 2
4109 2
4114 1
4115 0
4123 1
4124 2
4126 0
4131 0
4142 0
4143 0
4147 2
4150 1
4151 2
4152 2
4153 2
4161 0
4162 0
4164 0
4167 2
4169 3
4173 2
4180 0
4199 0
4200 3
4201 2
4202 1
4205 2
4214 0
4220 2
4221 2
4222 2
4225 2
4232 3
4245 2
4248 0
4249 1
4256 2
4262 2
4264 1
4270 0
4280 1
4281 0
4282 0
4296 0
4297 0
4299 3
4302 1
4304 2
4305 1
4307 2
4309 2
4312 2
4313 2
4318 2
4320 2
4323 2
4324 2
4327 1
4328 3
4332 2
4333 2
4335 2
4336 0
4339 3
4341 1
4342 2
4349 2
4354 2
4364 2
4367 3
4369 2
4370 1
4374 2
4375 3
4380 2
4385 1
4386 3
4387 3
4389 2
4397 2
4413 3
4418 0
4421 0
4423 2
4427 1
4433 1
4434 1
4436 2
4437 3
4438 3
4442 2
4451 3
4457 2
4459 2
4462 2
4465 0
4466 2
4467 0
4468 1
4471 1
4472 2
4474 0
4475 0
4477 0
4484 1
4485 2
4487 2
4491 1
4493 2
4497 0
4498 2
4501 0
4503 2
4505 0
4508 2
4510 1
4511 1
4512 0
4515 2
4516 0
4518 1
4519 0
4520 0
4525 1
4526 2
4528 2
4529 2
4532 1
4535 3
4536 0
4537 2
4538 2
4539 1
4542 1
4545 0
4546 1
4551 0
4552 1
4553 2
4557 1
4559 3
4565 1
4571 0
4572 0
4574 3
4579 3
4580 1
4581 1
4583 1
4584 0
4591 0
4592 0
4593 2
4595 1
4597 0
4605 2
4609 1
4611 2
4613 0
4620 0
4622 2
4626 2
4627 3
4629 0
4631 0
4633 2
4635 1
4636 0
4642 0
4643 1
4645 0
4648 1
4650 2
4651 0
4652 3
4653 0
4654 1
4656 1
4658 2
4662 0
4667 2
4668 2
4672 2
4674 1
4682 2
4683 0
4685 0
4686 2
4687 0
4688 1
4694 1
4697 1
4699 1
4703 3
4705 1
4707 2
4708 1
4709 1
4712 2
4713 0
4716 3
4717 0
4719 0
4721 2
4722 0
4723 0
4726 1
4729 2
4733 2
4736 2
4741 1
4742 1
4744 1
4745 1
4748 1
4752 1
4753 2
4763 2
4764 0
4766 1
4767 1
4768 2
4771 2
4772 0
4776 2
4781 1
4790 1
4793 1
4799 1
4802 1
4803 3
4805 1
4807 1
4808 1
4809 2
4811 3
4814 2
4815 2
4816 1
4822 0
4826 1
4827 1
4830 0
4831 1
4832 2
4833 3
4836 0
4837 2
4838 0
4839 0
4840 0
4843 2
4844 1
4848 1
4852 0
4854 0
4855 2
4856 1
4863 1
4865 1
4866 0
4871 0
4876 3
4888 2
4893 1
4896 3
4897 2
4898 2
4899 1
4900 0
4901 0
4902 0
4904 0
4906 3
4907 0
4909 0
4920 0
4929 0
4930 2
4931 2
4934 1
4944 0
4952 2
4961 1
4962 0
4963 3
4971 2
4973 0
4974 0
4979 1
4981 2
4985 1
4987 0
4992 1
4994 1
4995 1
4997 2
5005 3
5007 1
5024 2
5030 2
5031 3
5032 0
5035 2
5043 2
5044 2
5047 0
5054 1
5057 3
5063 2
5072 3
5082 2
5086 1
5087 1
5088 1
5095 2
5096 1
5098 0
5100 2
5105 0
5108 1
5116 3
5121 2
5123 2
5129 2
5131 2
5137 1
5138 0
5143 1
5146 0
5148 2
5150 0
5154 2
5158 0
5167 1
5171 1
5174 1
5177 3
5186 0
5187 0
5191 2
5192 3
5193 2
5196 2
5197 3
5198 2
5200 0
5204 2
5205 0
5208 1
5209 2
5211 2
5214 2
5221 0
5225 3
5240 0
5244 0
5247 2
5248 0
5254 0
5258 1
5272 0
5275 1
5276 2
5277 0
5284 0
5289 0
5290 3
5292 2
5293 2
5294 2
5297 0
5303 0
5306 1
5313 2
5315 0
5317 0
5318 0
5321 3
5322 2
5323 2
5326 0
5336 1
5338 0
5339 1
5340 2
5342 0
5345 2
5349 2
5351 0
5352 1
5353 3
5356 0
5357 1
5362 2
5363 3
5365 3
5366 0
5369 2
5373 1
5374 1
5375 2
5378 2
5388 2
5389 2
5399 3
5401 2
5417 3
5419 2
5422 2
5423 0
5424 0
5430 0
5436 3
5440 0
5441 2
5444 2
5447 0
5461 2
5463 1
5465 2
5467 0
5472 2
5478 0
5481 0
5483 1
5486 2
5490 1
5491 2
5494 3
5496 2
5497 2
5502 1
5505 0
5524 2
5526 0
5538 0
5539 1
5544 3
5552 1
5553 2
5556 1
5560 1
5561 2
5562 1
5564 1
5567 2
5568 3
5571 1
5572 3
5574 2
5578 3
5579 2
5580 1
5581 2
5582 1
5583 2
5587 1
5588 3
5589 3
5592 3
5606 0
5609 2
5613 1
5619 1
5622 0
5626 3
5627 1
5628 1
5630 2
5631 0
5636 0
5637 1
5639 2
5641 0
5643 3
5644 3
5650 0
5651 0
5652 0
5655 2
5657 1
5664 2
5666 0
5670 1
5686 2
5687 2
5691 2
5698 2
5699 0
5705 3
5706 0
5714 0
5716 0
5720 2
5736 2
5737 0
5742 1
5745 2
5751 2
5758 2
5765 2
5771 1
5777 2
5785 2
5787 0
5792 1
5793 1
5797 0
5798 2
5807 1
5808 2
5809 2
5810 0
5811 2
5812 0
5814 2
5819 1
5822 1
5823 2
5824 2
5831 0
5841 1
5843 2
5845 0
5850 2
5851 3
5858 2
5859 2
5860 2
5865 1
5868 2
5874 2
5878 0
5879 2
5884 0
5886 2
5888 2
5903 2
5907 2
5909 3
5913 1
5916 1
5921 1
5922 0
5925 2
5926 0
5927 3
5929 1
5930 2
5931 2
5932 1
5935 0
5945 2
5961 2
5971 2
5972 3
5975 3
5980 3
5982 2
5989 2
5990 0
5992 1
5998 3
6004 0
6012 0
6013 2
6018 1
6020 1
6022 2
6023 1
6025 2
6026 2
6044 3
6045 1
6047 2
6055 1
6057 2
6066 3
6070 2
6071 2
6073 2
6080 1
6086 3
6094 2
6100 2
6102 2
6105 1
6107 2
6111 1
6115 3
6119 1
6122 2
6123 2
6132 2
6136 2
6139 0
6140 2
6144 1
6150 0
6151 2
6152 3
6153 0
6154 2
6156 0
6158 2
6164 2
6168 1
6169 2
6173 0
6174 2
6175 1
6177 1
6179 0
6181 0
6182 0
6184 0
6185 2
6187 2
6188 2
6191 1
6196 2
6197 1
6200 1
6201 2
6203 2
6204 2
6205 2
6206 2
6213 2
6221 1
6227 2
6228 2
6231 2
6232 2
6235 2
6236 0
6241 1
6243 0
6250 2
6251 2
6253 2
6255 2
6256 2
6259 0
6267 2
6269 1
6285 0
6286 3
6290 0
6302 0
6306 1
6307 1
6310 1
6314 3
6315 0
6317 2
6323 3
6330 2
6333 1
6336 2
6340 2
6346 2
6348 3
6355 3
6356 1
6359 2
6360 3
6363 2
6365 0
6367 2
6368 2
6370 2
6373 1
6374 1
6378 1
6384 0
6385 2
6386 1
6387 2
6396 0
6398 3
6400 2
6414 2
6416 3
6418 0
6419 2
6421 1
6422 1
6423 3
6424 0
6426 1
6441 0
6442 1
6443 2
6445 1
6446 2
6448 1
6451 2
6453 3
6455 1
6467 2
6473 2
6475 0
6478 3
6479 0
6488 2
6489 0
6495 0
6497 0
6500 3
6504 2
6506 2
6512 0
6514 1
6522 2
6523 2
6527 1
6535 0
6540 0
6553 0
6560 0
6573 0
6575 2
6576 2
6577 1
6583 2
6590 0
6593 2
6595 0
6597 1
6600 0
6604 2
6605 0
6608 2
6609 0
6616 1
6617 2
6619 2
6620 2
6621 2
6622 0
6624 2
6630 3
6631 2
6632 2
6639 2
6643 3
6646 1
6648 2
6653 1
6657 1
6667 0
6668 0
6671 3
6674 1
6675 3
6679 2
6681 3
6683 2
6687 2
6691 1
6692 2
6695 3
6697 2
6700 0
6702 1
6703 1
6705 0
6708 1
6709 0
6710 1
6712 2
6715 2
6723 1
6724 2
6725 0
6727 2
6732 2
6741 0
6747 2
6751 0
6754 0
6765 0
6771 3
6774 0
6775 0
6786 1
6787 0
6788 1
6792 0
6794 2
6796 0
6802 3
6803 1
6806 0
6807 2
6808 0
6809 0
6810 1
6811 1
6815 0
6816 1
6817 1
6818 2
6828 1
6830 2
6833 1
6835 1
6836 1
6837 1
6838 1
6839 3
6843 2
6845 0
6848 0
6849 0
6850 1
6851 1
6853 0
6855 1
6859 1
6860 1
6865 0
6866 2
6867 1
6869 1
6871 0
6872 2
6878 0
6879 2
6880 1
6881 2
6884 0
6887 1
6890 1
6892 2
6894 0
6896 1
6898 1
6900 1
6902 0
6905 1
6907 2
6910 2
6911 1
6912 2
6914 2
6917 2
6923 0
6928 1
6930 1
6931 2
6933 3
6939 2
6940 0
6941 0
6946 2
6947 3
6954 3
6957 1
6961 1
6962 2
6965 2
6976 2
6977 0
6978 0
6980 1
6989 1
6993 2
7002 2
7004 2
7005 2
7006 2
7008 2
7009 2
7016 2
7017 1
7018 1
7020 2
7021 3
7023 1
7024 2
7037 1
7043 2
7044 3
7050 1
7052 1
7058 3
7062 0
7065 3
7068 1
7069 0
7070 2
7074 2
7076 1
7079 3
7085 0
7087 1
7088 0
7097 2
7098 2
7104 0
7105 1
7115 0
7116 1
7120 2
7123 2
7125 0
7129 2
7130 0
7138 0
7139 0
7141 0
7142 1
7143 0
7146 1
7147 0
7151 0
7155 2
7158 2
7164 2
7166 3
7183 0
7185 2
7188 2
7198 3
7204 0
7207 0
7212 2
7214 2
7218 3
7221 0
7227 2
7228 1
7229 0
7230 2
7231 0
7235 2
7242 0
7260 2
7264 2
7282 2
7300 2
7315 0
7330 0
7332 2
7362 1
7363 0
7367 2
7372 2
7374 3
7386 1
7403 1
7405 2
7407 2
7408 2
7410 2
7415 2
7422 0
7440 2
7441 0
7442 2
7443 0
7447 2
7450 2
7451 2
7452 2
7453 1
7459 2
7460 2
7461 1
7463 0
7481 1
7483 0
7488 2
7489 2
7500 2
7504 3
7505 2
7506 2
7516 2
7522 2
7525 3
7532 2
7533 0
7534 2
7538 3
7540 0
7542 2
7543 2
7559 2
7561 2
7564 2
7566 2
7567 2
7569 2
7589 0
7594 3
7595 0
7599 2
7604 2
7606 0
7611 1
7615 2
7617 1
7618 0
7624 3
7638 1
7640 3
7641 0
7649 2
7651 2
7657 2
7658 0
7663 2
7670 3
7683 2
7693 2
7694 1
7695 2
7699 2
7701 0
7703 3
7709 3
7712 2
7715 0
7716 0
7717 3
7722 3
7732 1
7734 2
7737 1
7738 2
7747 2
7751 2
7766 1
7773 0
7778 0
7780 0
7783 0
7785 0
7789 2
7795 0
7796 3
7800 0
7803 0
7810 1
7812 0
7819 3
7855 3
7866 2
7869 2
7871 0
7875 1
7878 0
7884 2
7890 2
7897 2
7898 0
7900 2
7903 3
7906 2
7908 0
7909 2
7912 0
7917 2
7921 3
7927 1
7929 3
7934 2
7936 2
7937 0
7943 2
7945 2
7947 2
7954 0
7955 2
7957 0
7966 1
7968 0
7970 1
7974 0
7975 2
7976 0
7982 1
7986 2
7995 2
7998 3
7999 2
8001 1
8004 2
8007 3
8009 2
8014 2
8017 3
8018 3
8020 2
8022 0
8029 3
8033 3
8041 0
8044 1
8046 0
8048 3
8054 2
8059 3
8061 0
8069 2
8075 2
8082 0
8092 3
8096 2
8097 1
8104 2
8112 2
8113 3
8115 2
8119 0
8140 1
8144 1
8145 1
8148 0
8149 2
8150 0
8152 3
8155 1
8156 1
8166 2
8170 2
8173 0
8189 2
8190 2
8202 0
8210 0
8212 0
8214 1
8216 0
8219 2
8220 0
8223 0
8224 1
8226 2
8227 2
8228 2
8229 1
8232 0
8234 2
8236 3
8241 2
8250 1
8262 2
8266 2
8275 2
8278 2
8279 2
8282 2
8286 2
8288 2
8289 2
8293 1
8294 2
8295 2
8296 2
8322 2
8323 1
8326 2
8327 3
8328 0
8329 0
8330 2
8331 2
8333 2
8335 0
8337 0
8340 2
8343 1
8347 3
8349 2
8351 1
8353 1
8355 0
8356 3
8358 0
8361 2
8363 1
8365 1
8368 1
8371 2
8374 2
8375 0
8385 0
8386 2
8391 2
8393 2
8402 2
8407 2
8412 1
8413 2
8418 2
8428 0
8430 2
8432 1
8434 0
8435 3
8437 3
8438 2
8440 1
8447 0
8449 2
8454 0
8455 0
8459 2
8460 2
8468 0
8473 2
8474 3
8477 0
8478 0
8480 1
8482 0
8483 0
8485 2
8486 2
8488 2
8490 0
8494 0
8496 2
8498 3
8502 1
8506 1
8507 2
8510 2
8518 0
8524 2
8539 1
8545 0
8548 2
8549 0
8553 2
8558 2
8563 2
8564 2
8583 3
8592 2
8593 0
8594 1
8599 0
8601 2
8602 1
8603 1
8604 2
8608 1
8609 2
8610 1
8611 2
8613 2
8617 0
8619 3
8621 0
8625 2
8629 1
8631 1
8635 2
8643 1
8644 2
8651 0
8655 2
8657 2
8660 3
8665 2
8671 3
8673 1
8675 2
8686 3
8687 2
8693 2
8696 2
8697 0
8704 0
8714 1
8715 0
8717 2
8723 1
8725 1
8726 2
8727 0
8728 2
8731 0
8732 1
8737 2
8738 0
8739 3
8740 2
8744 2
8746 2
8747 2
8748 3
8750 2
8756 2
8758 2
8759 1
8761 1
8762 1
8763 0
8764 1
8766 2
8767 0
8769 1
8771 3
8775 0
8780 1
8781 3
8791 2
8796 0
8800 1
8802 1
8803 0
8805 2
8806 0
8807 2
8808 0
8809 0
8811 1
8813 1
8814 2
8815 2
8817 1
8822 2
8827 2
8828 1
8832 2
8834 2
8835 1
8837 0
8841 2
8842 2
8843 2
8845 0
8848 0
8855 1
8858 2
8860 1
8862 2
8863 3
8864 2
8865 3
8867 2
8871 2
8875 2
8884 2
8885 2
8898 1
8902 2
8903 0
8905 2
8906 2
8910 2
8912 3
8916 2
8920 1
8921 2
8923 2
8932 0
8935 2
8937 0
8938 2
8939 2
8940 2
8953 1
8955 1
8959 0
8963 2
8968 0
8970 2
8985 0
8990 2
8991 2
8992 3
8993 0
8995 2
8996 2
8997 0
9000 1
9005 3
9011 2
9015 0
9018 2
9019 1
9022 3
9024 2
9029 0
9039 1
9044 0
9052 1
9053 2
9059 0
9065 2
9067 2
9070 2
9075 2
9078 0
9082 2
9083 1
9084 1
9086 1
9087 3
9088 3
9092 0
9094 0
9095 2
9097 1
9099 0
9100 2
9103 2
9107 0
9108 2
9112 2
9113 0
9115 1
9117 2
9118 2
9123 2
9124 1
9127 2
9129 2
9136 2
9138 0
9139 2
9142 0
9145 0
9147 1
9151 0
9154 2
9155 2
9157 3
9158 3
9161 0
9173 2
9184 2
9186 2
9196 0
9201 0
9209 1
9211 2
9212 1
9213 3
9214 3
9216 0
9217 2
9218 2
9223 1
9225 0
9226 3
9228 2
9236 1
9237 2
9263 1
9264 1
9265 1
9269 2
9270 2
9274 2
9278 1
9279 2
9280 1
9287 0
9289 3
9292 1
9296 3
9300 1
9304 2
9305 1
9307 2
9308 1
9310 0
9312 2
9313 0
9317 0
9318 0
9319 2
9320 2
9323 0
9324 1
9336 2
9343 2
9344 1
9352 1
9355 3
9356 3
9364 2
9367 0
9373 3
9386 2
9388 2
9389 0
9390 1
9396 1
9397 2
9398 1
9400 0
9402 2
9407 0
9415 1
9416 1
9418 1
9420 1
9425 1
9427 2
9428 2
9430 0
9443 2
9446 1
9448 0
9449 0
9451 0
9453 3
9455 1
9457 2
9459 2
9460 2
9461 2
9462 2
9467 2
9472 0
9473 1
9474 1
9476 2
9477 2
9478 2
9486 3
9491 0
9492 2
9494 1
9501 0
9503 2
9505 2
9508 0
9518 2
9533 2
9536 0
9539 0
9540 2
9549 2
9551 1
9554 2
9555 1
9556 2
9562 2
9563 0
9566 0
9569 2
9578 1
9580 1
9582 2
9583 2
9584 0
9590 2
9592 1
9593 2
9594 2
9597 2
9599 0
9601 2
9604 2
9606 1
9610 2
9611 2
9615 2
9618 0
9623 2
9624 1
9625 0
9637 1
9645 2
9648 2
9651 1
9656 1
9657 0
9661 1
9663 2
9665 2
9667 3
9668 1
9669 2
9670 0
9673 1
9675 1
9676 2
9678 3
9679 1
9688 3
9690 2
9691 3
9692 2
9693 1
9694 0
9697 3
9712 2
9718 3
9722 2
9724 1
9726 2
9735 0
9741 2
9754 2
9755 0
9759 0
9763 1
9768 2
9770 1
9781 1
9784 2
9786 0
9792 2
9801 2
9810 2
9811 0
9812 0
9817 2
9825 0
9829 2
9838 1
9839 0
9849 0
9852 0
9854 1
9863 2
9865 3
9866 0
9870 0
9872 1
9873 2
9885 1
9886 0
9887 3
9890 0
9891 3
9892 0
9896 2
9899 1
9901 2
9906 2
9907 2
9911 2
9915 2
9923 0
9929 2
9942 2
9960 0
9963 0
9964 0
9981 2
9982 1
9998 0
9999 2
10012 1
10017 3
10018 0
10023 3
10026 2
10028 1
10031 2
10032 1
10035 2
10036 2
10038 2
10045 1
10046 2
10047 1
10048 2
10051 1
10053 1
10054 1
10055 2
10056 2
10071 1
10077 1
10080 2
10081 3
10083 2
10084 1
10086 2
10088 1
10089 2
10090 0
10099 2
10104 1
10105 0
10117 1
10118 2
10121 1
10123 2
10124 0
10125 1
10126 3
10129 2
10140 2
10142 2
10143 1
10147 3
10149 1
10154 0
10155 2
10156 1
10163 2
10169 2
10174 1
10176 1
10179 0
10189 1
10200 2
10208 2
10210 1
10213 2
10220 0
10225 0
10236 1
10247 1
10254 2
10256 0
10269 0
10271 0
10282 2
10287 2
10288 1
10291 1
10292 3
10293 1
10294 1
10296 1
10298 2
10299 2
10300 2
10301 2
10305 2
10306 1
10308 0
10309 3
10311 2
10312 2
10314 0
10316 2
10317 1
10319 3
10324 1
10327 1
10328 2
10330 3
10331 0
10332 1
10335 2
10337 2
10344 1
10351 2
10358 2
10363 0
10364 2
10366 2
10369 2
10371 2
10372 1
10380 1
10384 0
10389 0
10390 0
10391 1
10392 2
10393 1
10401 2
10410 2
10412 2
10413 0
10421 2
10422 2
10423 0
10426 1
10427 1
10428 0
10434 2
10449 2
10450 2
10462 0
10464 1
10467 2
10470 2
10476 3
10478 2
10482 0
10483 0
10486 2
10488 2
10493 0
10498 2
10502 2
10505 2
10510 0
10513 0
10515 0
10516 3
10517 1
10518 2
10521 2
10522 1
10523 2
10524 2
10527 3
10528 3
10543 2
10545 1
10548 1
10554 2
10555 0
10562 1
10563 2
10564 2
10565 2
10567 1
10572 3
10573 1
10574 2
10575 1
10580 0
10582 1
10583 2
10589 2
10599 0
10602 2
10603 1
10604 3
10605 1
10606 1
10607 1
10609 0
10612 2
10613 1
10616 1
10619 0
10620 0
10621 2
10624 0
10631 2
10640 3
10645 1
10648 2
10649 2
10650 2
10660 2
10662 2
10665 0
10670 1
10672 2
10675 2
10676 0
10679 2
10681 0
10686 0
10689 3
10701 2
10702 2
10709 2
10711 2
10712 2
10714 1
10716 1
10729 1
10734 1
10735 3
10736 0
10737 3
10740 1
10741 1
10742 2
10745 0
10755 0
10759 3
10761 0
10768 1
10769 0
10771 1
10773 1
10774 1
10777 1
10778 0
10780 0
10784 0
10786 2
10788 1
10789 2
10790 0
10793 0
10796 2
10798 0
10799 1
10800 0
10802 0
10804 1
10806 2
10807 0
10809 1
10814 1
10820 3
10822 1
10825 0
10827 0
10831 2
10837 2
10838 1
10848 3
10849 0
10851 1
10852 2
10853 2
10855 1
10856 2
10858 1
10860 1
10861 2
10862 0
10863 0
10864 2
10867 1
10868 0
10871 2
10873 0
10876 0
10877 0
10878 2
10879 2
10882 0
10884 0
10887 2
10893 1
10900 1
10901 2
10904 3
10905 2
10906 2
10907 1
10913 3
10915 2
10916 2
10925 1
10945 2
10991 1
10992 2
10993 3
11004 2
11012 2
11014 3
11016 0
11034 2
11036 2
11038 2
11040 3
11045 2
11051 3
11053 2
11056 0
11058 2
11059 0
11065 2
11074 2
11078 2
11082 2
11085 2
11086 1
11091 3
11094 1
11095 2
11096 2
11097 1
11098 0
11099 2
11109 2
11111 3
11112 1
11128 2
11130 0
11132 2
11136 2
11138 2
11139 1
11141 0
11144 1
11149 0
11152 2
11155 0
11159 3
11167 1
11169 3
11175 1
11177 0
11178 3
11181 1
11182 2
11187 0
11191 2
11193 0
11194 2
11196 0
11209 2
11216 1
11218 1
11220 1
11222 0
11223 0
11224 2
11225 0
11226 2
11230 2
11231 0
11237 2
11239 2
11257 1
11259 2
11268 2
11273 3
11295 2
11310 1
11312 2
11315 0
11327 2
11328 2
11334 2
11335 2
11336 2
11340 2
11343 2
11344 2
11345 1
11346 2
11349 0
11350 1
11351 0
11355 3
11366 0
11371 2
11383 1
11390 1
11393 2
11397 2
11398 2
11402 0
11403 2
11405 0
11411 2
11412 0
11414 1
11417 2
11421 2
11424 3
11425 2
11428 3
11429 0
11430 0
11431 2
11433 2
11434 2
11441 3
11444 2
11445 1
11451 1
11457 2
11458 2
11467 1
11468 0
11469 2
11471 2
11478 3
11479 3
11481 3
11484 1
11488 1
11491 0
11494 3
11504 3
11508 2
11512 2
11513 3
11514 2
11515 0
11518 2
11522 2
11531 1
11532 2
11538 1
11540 2
11549 3
11554 1
11555 1
11557 2
11558 3
11562 1
11565 1
11575 0
11581 2
11583 0
11586 0
11599 1
11605 1
11612 3
11613 1
11614 1
11617 1
11619 1
11620 1
11629 0
11633 0
11634 2
11637 1
11638 2
11640 2
11641 2
11645 1
11653 0
11654 0
11661 2
11662 2
11666 2
11671 0
11672 2
11674 0
11678 0
11684 2
11693 0
11703 1
11709 1
11712 2
11717 2
11723 0
11724 2
11732 0
11738 1
11742 0
11743 1
11744 2
11747 2
11748 0
11750 0
11752 0
11764 2
11766 0
11773 2
11774 1
11779 0
11781 1
11786 1
11789 2
11794 3
11795 3
11798 2
11800 2
11802 0
11804 1
11806 2
11808 1
11811 2
11815 1
11817 0
11821 1
11822 0
11824 1
11827 0
11831 1
11833 1
11834 2
11836 0
11839 3
11840 0
11841 2
11842 0
11843 2
11845 2
11849 0
11851 1
11854 0
11856 3
11857 0
11860 1
11864 2
11870 3
11873 1
11874 1
11876 1
11877 2
11878 1
11880 1
11881 1
11884 2
11885 0
11886 2
11887 2
11896 1
11900 2
11902 2
11909 2
11910 0
11922 1
11924 3
11931 1
11932 0
11952 2
11974 0
11987 3
11998 2
12006 0
12011 3
12013 2
12023 1
12032 2
12034 1
12037 2
12040 0
12053 1
12058 2
12073 1
12076 2
12083 2
12087 0
12089 1
12091 2
12094 2
12097 1
12098 1
12100 2
12101 1
12102 0
12104 2
12106 2
12108 2
12109 2
12110 2
12112 2
12113 2
12123 0
12126 2
12131 3
12136 2
12137 2
12138 1
12139 2
12141 1
12142 2
12148 1
12149 1
12152 1
12154 0
12156 3
12158 2
12167 1
12171 2
12180 1
12181 1
12183 2
12184 2
12188 2
12189 0
12191 0
12192 0
12196 3
12202 2
12206 1
12209 2
12210 2
12212 1
12221 0
12232 2
12235 0
12240 1
12252 2
12257 0
12259 2
12261 1
12262 2
12265 1
12269 3
12270 2
12272 2
12273 3
12274 0
12276 3
12277 0
12279 2
12281 0
12284 0
12285 0
12288 0
12293 3
12300 2
12304 0
12306 2
12312 0
12314 2
12318 0
12319 2
12330 1
12331 2
12338 3
12344 2
12366 2
12372 0
12375 1
12377 2
12380 0
12381 0
12384 1
12387 2
12390 2
12392 1
12393 1
12394 0
12403 2
12408 0
12409 0
12412 2
12417 2
12424 2
12425 1
12430 1
12431 3
12432 2
12433 2
12434 2
12435 2
12439 0
12440 2
12448 1
12456 1
12457 2
12459 1
12464 0
12465 1
12470 2
12473 1
12480 2
12481 0
12484 2
12486 2
12487 0
12495 2
12496 1
12499 1
12503 0
12506 1
12507 1
12509 2
12511 0
12513 2
12516 3
12521 2
12531 0
12532 2
12536 1
12537 3
12539 2
12540 0
12541 1
12549 2
12558 0
12567 1
12571 1
12573 0
12579 0
12589 1
12591 1
12595 2
12596 2
12597 1
12598 1
12603 3
12606 1
12610 0
12611 2
12615 2
12622 1
12623 0
12624 2
12626 2
12632 1
12636 0
12638 2
12641 0
12643 1
12647 1
12649 1
12651 0
12654 0
12657 2
12660 2
12662 1
12663 2
12664 1
12666 0
12669 2
12671 0
12674 3
12679 2
12680 0
12681 0
12686 2
12687 2
12697 0
12700 1
12703 3
12704 1
12705 2
12709 0
12710 1
12711 2
12712 3
12714 1
12717 1
12727 1
12730 1
12731 0
12732 1
12733 1
12737 1
12739 2
12748 2
12755 0
12757 2
12763 2
12765 2
12769 2
12771 1
12774 1
12775 0
12778 0
12786 0
12788 2
12790 0
12794 3
12795 0
12796 0
12799 0
12805 1
12808 3
12809 1
12810 0
12811 2
12813 2
12826 2
12827 1
12828 0
12836 3
12840 1
12842 2
12843 1
12847 2
12849 0
12852 2
12856 2
12857 0
12858 0
12861 2
12862 2
12865 2
12866 2
12867 1
12868 2
12869 2
12870 1
12872 2
12874 1
12876 2
12881 0
12882 2
12883 1
12884 1
12888 2
12891 2
12898 1
12903 3
12905 3
12906 2
12907 0
12908 0
12909 2
12910 2
12911 1
12918 0
12919 1
12920 1
12921 2
12924 2
12925 1
12930 2
12931 0
12934 0
12937 0
12939 0
12941 1
12945 2
12946 1
12953 2
12954 0
12958 0
12960 2
12961 2
12963 1
12971 1
12972 2
12977 2
12981 1
12985 0
12986 2
12989 2
12994 1
12998 1
12999 1
13001 1
13004 2
13010 0
13013 1
13014 2
13019 2
13020 0
13022 3
13023 2
13024 2
13028 0
13030 2
13031 1
13035 1
13036 1
13038 1
13040 2
13041 2
13043 2
13045 1
13047 0
13054 1
13056 0
13058 0
13060 0
13076 3
13077 2
13078 0
13082 0
13083 2
13084 2
13087 0
13093 1
13096 2
13102 1
13107 0
13108 0
13113 0
13114 2
13119 0
13127 2
13128 1
13129 2
13133 2
13135 2
13136 2
13138 0
13139 0
13140 3
13144 1
13146 0
13147 1
13153 2
13156 0
13158 1
13159 3
13160 1
13169 1
13173 2
13183 0
13188 0
13190 3
13191 0
13195 0
13196 0
13199 1
13200 0
13202 1
13204 2
13206 1
13208 2
13210 2
13211 3
13220 2
13221 3
13229 2
13237 1
13240 2
13244 2
13245 2
13249 3
13253 2
13256 1
13259 2
13262 2
13264 0
13266 1
13271 1
13272 0
13275 2
13276 2
13282 2
13283 2
13287 2
13288 2
13290 1
13292 0
13293 1
13295 1
13297 0
13299 2
13300 2
13301 2
13303 2
13307 1
13311 2
13313 2
13317 0
13324 2
13329 2
13331 2
13332 2
13334 0
13337 2
13339 3
13341 0
13348 1
13349 0
13352 0
13353 0
13355 2
13360 2
13363 2
13364 3
13366 0
13367 3
13368 1
13371 3
13372 1
13373 2
13376 3
13384 2
13387 1
13394 0
13401 2
13413 2
13415 0
13418 1
13420 3
13424 2
13427 2
13444 1
13452 0
13453 1
13457 0
13458 0
13461 0
13464 3
13466 1
13473 3
13477 2
13479 2
13486 1
13489 0
13494 3
13499 1
13504 2
13510 3
13511 2
13512 1
13513 0
13514 2
13515 1
13520 2
13523 1
13524 2
13532 0
13534 1
13542 0
13544 2
13545 3
13547 2
13549 2
13550 1
13551 2
13556 0
13559 2
13567 3
13568 3
13570 3
13572 2
13573 2
13577 1
13578 2
13583 2
13586 0
13587 2
13588 2
13589 0
13593 1
13594 3
13600 1
13602 2
13603 0
13604 0
13605 2
13607 2
13608 2
13610 1
13613 0
13615 1
13616 2
13621 2
13624 1
13626 3
13628 1
13629 1
13631 2
13638 2
13639 3
13644 3
13647 2
13652 3
13659 1
13666 0
13676 0
13681 3
13687 2
13690 2
13691 2
13694 1
13695 2
13696 2
13697 2
13700 0
13701 3
13704 2
13707 2
13708 3
13710 2
13718 2
13720 2
13723 2
13726 2
13732 2
13737 2
13741 2
13742 2
13745 2
13746 0
13747 1
13753 1
13754 2
13757 0
13758 0
13759 0
13760 2
13765 0
13768 3
13769 0
13772 2
13777 3
13780 1
13782 2
13783 2
13786 0
13787 2
13788 3
13791 2
13806 1
13808 2
13823 1
13824 0
13825 0
13827 0
13828 1
13830 0
13834 2
13836 2
13843 0
13845 1
13864 2
13865 2
13867 2
13869 1
13873 2
13879 2
13884 2
13892 3
13897 0
13899 0
13900 0
13904 0
13908 1
13911 2
13912 1
13914 3
13915 3
13916 2
13917 2
13919 3
13922 1
13925 0
13926 3
13927 1
13928 1
13933 0
13941 0
13951 3
13952 1
13959 1
13965 0
13969 2
13970 0
13975 1
13978 2
13981 3
13985 0
13990 0
13997 0
14001 2
14007 1
14012 1
14017 3
14023 1
14028 1
14029 2
14030 2
14035 3
14036 1
14040 1
14042 2
14059 1
14062 3
14064 0
14066 3
14070 0
14073 0
14074 3
14075 0
14078 1
14084 1
14095 2
14103 1
14104 1
14107 0
14120 2
14123 1
14127 2
14128 2
14133 2
14137 2
14138 1
14139 1
14144 2
14148 2
14150 1
14167 0
14168 1
14171 0
14177 2
14180 1
14185 1
14186 2
14189 0
14190 2
14191 2
14198 3
14199 1
14201 0
14208 0
14209 0
14210 2
14211 0
14212 2
14214 2
14216 2
14218 0
14219 0
14221 0
14223 2
14224 1
14227 1
14238 1
14240 1
14243 1
14246 2
14249 0
14250 2
14251 0
14252 0
14256 1
14257 1
14258 2
14259 1
14261 0
14262 2
14263 2
14265 2
14267 1
14268 2
14274 2
14275 1
14278 2
14280 0
14285 0
14287 1
14289 1
14292 0
14294 0
14297 2
14301 0
14302 2
14305 0
14307 2
14314 2
14316 2
14317 0
14320 2
14322 2
14335 2
14344 0
14345 3
14347 2
14352 2
14355 2
14357 2
14360 1
14362 1
14363 1
14364 1
14365 3
14367 1
14368 2
14369 2
14371 1
14373 1
14375 0
14377 1
14378 0
14380 0
14385 1
14386 2
14387 2
14390 0
14392 2
14403 0
14405 1
14406 2
14407 1
14408 2
14409 2
14411 2
14413 2
14414 2
14419 3
14420 2
14425 2
14430 3
14432 3
14433 2
14437 2
14440 0
14453 0
14458 2
14463 1
14467 1
14474 3
14477 0
14479 0
14488 3
14489 1
14490 2
14496 0
14497 0
14498 2
14501 0
14502 1
14503 2
14504 2
14509 2
14510 2
14513 2
14515 3
14519 0
14525 1
14529 0
14533 2
14535 1
14540 1
14546 0
14549 2
14550 1
14552 2
14564 0
14571 2
14572 0
14578 1
14581 1
14586 2
14593 3
14599 3
14601 2
14603 2
14604 2
14607 2
14608 2
14611 1
14612 0
14617 2
14625 2
14626 1
14627 2
14629 1
14631 2
14632 2
14633 0
14635 0
14644 1
14645 1
14647 2
14650 1
14651 2
14657 0
14658 1
14661 2
14662 2
14664 1
14666 2
14671 0
14672 1
14673 2
14680 2
14690 2
14710 2
14724 2
14725 0
14728 3
14731 2
14737 2
14738 3
14745 3
14751 2
14761 1
14770 1
14772 1
14778 2
14779 2
14780 2
14781 0
14782 2
14785 2
14786 0
14787 0
14789 2
14791 2
14792 2
14793 1
14798 2
14803 2
14804 2
14805 2
14807 2
14809 2
14811 2
14817 2
14820 2
14825 2
14828 0
14832 0
14838 1
14845 0
14848 1
14851 2
14867 0
14868 2
14874 2
14875 2
14876 2
14877 2
14878 2
14881 1
14883 1
14884 2
14886 1
14899 1
14902 2
14903 2
14904 2
14905 2
14909 1
14911 0
14912 0
14916 0
14917 1
14918 3
14921 1
14925 2
14942 3
14945 1
14950 2
14954 2
14955 2
14957 1
14966 0
14971 0
14972 2
14973 2
14978 3
14979 3
14980 0
14983 2
14985 1
14986 0
14988 1
14989 0
14991 2
15001 1
15002 0
15004 2
15008 2
15009 2
15017 1
15035 3
15037 1
15041 2
15043 2
15044 1
15046 1
15047 0
15048 2
15050 2
15051 2
15053 2
15055 2
15060 3
15062 1
15064 0
15067 2
15068 2
15069 2
15070 2
15071 0
15072 0
15074 0
15075 2
15077 0
15078 2
15079 3
15080 2
15084 3
15085 2
15094 2
15095 1
15096 3
15097 2
15101 1
15102 1
15103 1
15105 1
15107 1
15109 1
15111 3
15112 1
15115 3
15116 2
15117 2
15119 0
15122 2
15123 1
15124 3
15126 1
15129 1
15134 1
15135 2
15137 3
15138 0
15140 0
15141 1
15143 2
15144 0
15145 0
15151 3
15155 0
15157 2
15162 1
15165 0
15170 1
15172 2
15175 1
15179 2
15189 0
15193 1
15194 2
15195 2
15200 0
15201 3
15202 2
15209 1
15213 0
15214 1
15215 0
15219 0
15220 2
15225 1
15228 0
15238 0
15239 2
15240 0
15241 2
15243 1
15244 0
15245 2
15250 3
15261 2
15264 2
15266 1
15267 1
15270 0
15273 0
15275 1
15279 2
15280 1
15284 1
15286 1
15289 3
15295 2
15296 2
15301 2
15304 2
15305 2
15306 1
15308 1
15315 2
15316 1
15318 2
15319 0
15321 1
15323 2
15328 3
15329 2
15333 2
15339 3
15345 0
15350 0
15355 2
15356 1
15358 2
15362 2
15363 2
15364 2
15374 0
15375 1
15376 3
15377 2
15381 2
15386 2
15401 0
15406 2
15409 2
15417 2
15419 2
15423 0
15426 1
15428 2
15434 2
15439 1
15440 1
15443 0
15445 2
15448 2
15457 2
15467 0
15473 0
15475 0
15478 2
15482 1
15485 3
15486 2
15488 3
15490 1
15493 2
15494 3
15496 0
15500 2
15503 2
15504 0
15505 0
15508 0
15509 1
15510 2
15511 0
15513 0
15514 0
15520 0
15521 2
15522 1
15525 2
15526 1
15527 1
15530 0
15533 2
15539 0
15544 1
15549 1
15550 0
15551 3
15552 1
15553 0
15555 1
15558 1
15560 0
15562 0
15563 0
15565 1
15568 3
15574 0
15580 2
15582 0
15588 1
15592 0
15594 3
15600 2
15602 2
15603 1
15607 1
15611 3
15612 1
15613 1
15616 0
15617 2
15625 1
15627 1
15628 3
15629 1
15632 2
15633 0
15635 1
15636 2
15637 2
15638 2
15639 1
15645 3
15649 3
15650 0
15654 2
15656 0
15657 2
15665 1
15667 2
15668 1
15669 1
15670 3
15671 0
15675 2
15676 0
15681 1
15684 0
15687 1
15688 0
15693 0
15695 0
15696 0
15699 1
15701 0
15704 0
15705 1
15706 1
15707 1
15708 2
15711 2
15712 0
15713 2
15714 1
15716 0
15717 0
15718 0
15719 1
15721 2
15722 2
15723 0
15726 1
15727 0
15729 1
15734 2
15736 1
15738 2
15739 0
15741 1
15744 2
15746 0
15748 2
15749 1
15752 1
15758 2
15759 3
15760 0
15761 2
15762 2
15764 0
15765 2
15768 1
15769 2
15773 2
15775 0
15776 2
15778 0
15779 0
15781 1
15782 1
15788 1
15798 1
15802 3
15803 0
15805 2
15807 2
15810 0
15812 2
15815 1
15816 2
15818 2
15820 1
15823 0
15824 2
15827 3
15829 0
15834 1
15840 1
15842 0
15845 2
15847 1
15852 2
15855 1
15857 0
15861 1
15862 2
15866 1
15868 2
15871 1
15877 0
15878 2
15880 1
15890 2
15892 1
15895 0
15898 2
15901 1
15902 1
15906 2
15908 1
15911 3
15913 2
15915 1
15921 2
15922 2
15923 1
15930 2
15938 0
15954 1
15958 3
15959 1
15962 0
15963 2
15965 3
15966 2
15969 0
15973 2
15976 0
15977 0
15978 3
15980 2
15983 2
15984 0
15989 2
15993 1
15994 2
15999 1
16000 2
16002 2
16003 2
16008 0
16009 0
16011 1
16014 2
16015 1
16018 1
16020 1
16021 0
16024 1
16027 1
16030 2
16032 1
16034 2
16036 1
16037 1
16041 1
16045 3
16046 0
16048 1
16049 1
16050 3
16052 0
16056 1
16057 1
16058 0
16060 2
16061 1
16063 1
16064 2
16066 1
16069 2
16073 1
16081 2
16082 2
16088 1
16091 2
16104 0
16106 2
16108 2
16110 2
16113 2
16114 2
16115 2
16116 1
16117 2
16118 1
16125 2
16129 1
16134 0
16135 2
16138 2
16140 3
16143 2
16144 0
16145 0
16148 2
16150 2
16152 1
16155 1
16156 2
16159 0
16169 2
16172 2
16176 0
16179 3
16184 2
16185 1
16186 2
16191 1
16196 1
16198 0
16201 1
16203 0
16206 0
16207 0
16209 2
16213 0
16220 2
16223 2
16226 0
16228 3
16230 0
16232 0
16234 2
16235 1
16238 3
16242 1
16244 1
16247 0
16250 2
16252 1
16254 2
16255 0
16259 1
16261 1
16263 2
16265 1
16266 2
16269 2
16275 0
16277 2
16279 0
16286 0
16288 1
16292 0
16294 3
16301 1
16302 1
16304 2
16306 1
16307 0
16318 0
16324 0
16325 0
16327 1
16329 0
16330 3
16331 1
16333 1
16336 3
16341 0
16344 2
16347 2
16348 2
16350 2
16356 0
16359 1
16360 1
16362 2
16371 2
16374 0
16376 2
16377 1
16379 2
16380 0
16386 2
16387 2
16393 2
16394 1
16396 1
16398 0
16400 1
16404 3
16405 2
16406 0
16408 0
16411 1
16412 0
16414 2
16415 2
16424 1
16430 2
16431 2
16432 0
16433 2
16434 2
16437 1
16438 3
16441 2
16445 2
16446 0
16449 2
16452 1
16454 3
16455 2
16456 2
16459 2
16463 0
16464 1
16469 1
16472 1
16477 2
16478 1
16482 0
16484 1
16485 0
16488 2
16492 0
16493 0
16495 1
16500 0
16502 0
16505 0
16507 1
16509 1
16511 0
16515 2
16517 1
16519 0
16520 2
16522 1
16525 0
16533 1
16538 0
16539 0
16540 2
16541 0
16542 0
16543 2
16544 3
16549 2
16550 1
16562 2
16569 0
16572 3
16577 0
16580 0
16581 1
16583 2
16590 3
16591 2
16594 2
16595 3
16602 1
16608 0
16612 1
16613 2
16614 0
16616 1
16618 2
16620 3
16623 3
16625 0
16628 0
16630 3
16632 2
16635 0
16636 2
16639 1
16644 2
16646 1
16652 0
16666 1
16669 0
16671 1
16672 0
16673 1
16679 1
16681 1
16683 2
16688 2
16691 2
16697 2
16700 2
16701 2
16704 3
16705 1
16706 1
16707 0
16708 0
16712 0
16713 0
16714 0
16716 0
16719 2
16720 2
16721 1
16723 3
16724 2
16725 1
16731 0
16732 1
16733 2
16740 0
16741 2
16742 1
16743 2
16744 2
16745 0
16752 2
16759 1
16760 0
16765 2
16768 2
16772 1
16774 1
16775 1
16779 2
16785 3
16789 3
16790 1
16792 0
16794 3
16796 3
16800 3
16801 0
16807 1
16808 1
16811 2
16814 2
16818 0
16819 2
16821 1
16824 0
16827 2
16831 1
16836 1
16837 1
16841 2
16843 3
16847 0
16850 3
16851 2
16852 1
16854 2
16856 2
16863 2
16865 0
16868 2
16870 2
16871 0
16873 1
16876 3
16878 0
16884 1
16893 2
16902 2
16905 1
16907 0
16909 1
16923 2
16926 2
16928 2
16929 2
16930 2
16937 2
16938 0
16939 1
16941 0
16946 2
16959 2
16961 3
16965 0
16973 0
16975 1
16980 2
16985 1
16991 3
16992 2
16993 2
16994 2
16997 2
17002 1
17005 1
17008 2
17011 0
17012 3
17013 2
17014 1
17021 0
17022 0
17023 1
17030 1
17038 1
17041 1
17043 0
17049 1
17050 1
17055 2
17059 0
17060 3
17061 2
17062 0
17063 1
17065 0
17066 2
17067 1
17068 3
17069 3
17071 2
17073 2
17074 1
17075 0
17077 3
17078 2
17081 0
17083 1
17084 1
17086 3
17087 0
17088 0
17089 0
17090 3
17091 0
17094 1
17097 2
17099 2
17102 0
17104 0
17108 0
17111 2
17113 1
17119 0
17120 2
17121 2
17124 0
17126 2
17129 1
17131 1
17133 0
17138 1
17149 3
17151 2
17152 1
17154 0
17159 3
17162 0
17167 2
17168 2
17169 0
17175 3
17177 0
17180 2
17181 2
17182 1
17184 1
17187 2
17188 2
17189 3
17191 0
17193 2
17194 2
17195 0
17197 0
17202 0
17203 2
17205 1
17206 1
17211 1
17216 1
17217 2
17218 1
17219 1
17220 1
17225 0
17226 0
17227 1
17228 0
17231 0
17232 1
17233 2
17235 0
17237 2
17238 1
17239 1
17242 2
17244 0
17251 1
17254 1
17256 2
17262 0
17263 0
17264 0
17265 2
17268 1
17271 2
17273 2
17276 0
17277 1
17280 1
17282 3
17283 0
17285 0
17291 2
17292 1
17294 0
17297 0
17300 1
17305 2
17307 2
17308 2
17310 1
17311 2
17313 2
17318 2
17319 0
17321 2
17324 2
17327 1
17328 0
17334 0
17339 1
17340 0
17344 0
17346 0
17351 1
17356 2
17358 1
17360 2
17362 2
17365 0
17366 0
17367 1
17368 1
17376 0
17379 2
17381 2
17388 2
17395 2
17409 1
17411 1
17412 3
17414 0
17416 1
17421 1
17424 1
17431 3
17432 2
17436 3
17440 2
17441 2
17450 1
17469 0
17470 0
17472 0
17474 2
17476 0
17477 1
17480 2
17484 0
17487 2
17488 2
17493 0
17495 1
17504 2
17505 0
17506 2
17509 2
17510 2
17511 1
17512 1
17516 2
17524 2
17531 0
17537 0
17541 1
17542 1
17544 2
17548 1
17549 1
17550 2
17552 1
17553 2
17555 3
17556 2
17558 1
17559 2
17560 1
17562 1
17563 2
17564 2
17565 0
17567 3
17568 0
17569 2
17570 2
17571 1
17572 2
17574 1
17577 1
17578 2
17579 3
17581 1
17582 0
17590 2
17592 3
17593 2
17594 1
17595 2
17598 2
17606 1
17609 1
17610 2
17613 0
17620 0
17624 1
17625 1
17628 2
17632 1
17633 3
17637 0
17638 0
17639 1
17640 1
17641 1
17642 1
17644 1
17648 0
17649 1
17650 1
17651 0
17652 1
17657 0
17660 2
17662 2
17664 0
17665 2
17666 2
17668 0
17669 2
17670 0
17673 2
17674 2
17675 2
17680 0
17686 2
17689 2
17693 3
17694 0
17695 2
17696 1
17698 0
17699 2
17702 2
17707 2
17710 2
17712 1
17713 0
17719 1
17721 2
17723 1
17724 0
17725 0
17726 2
17727 1
17735 2
17736 0
17737 2
17738 0
17754 2
17755 0
17756 0
17757 1
17762 2
17767 1
17768 2
17770 3
17782 2
17783 2
17785 0
17786 2
17787 3
17789 1
17801 2
17809 0
17810 1
17811 1
17818 2
17819 2
17820 0
17822 3
17828 3
17835 2
17837 1
17842 2
17849 2
17850 1
17851 1
17852 2
17858 0
17867 0
17887 2
17889 0
17895 0
17896 1
17899 0
17900 2
17910 0
17911 0
17921 0
17934 2
17935 1
17938 0
17941 1
17944 1
17945 2
17947 1
17948 2
17949 2
17953 0
17955 2
17956 2
17959 2
17962 1
17964 0
17971 2
17973 2
17977 2
17979 2
17980 0
17982 2
17985 2
17987 0
17989 1
17996 1
17997 3
17999 0
18001 2
18008 1
18013 0
18014 3
18015 2
18020 0
18022 1
18027 2
18032 0
18033 0
18037 1
18045 0
18048 2
18052 0
18053 2
18056 0
18062 2
18066 1
18067 0
18069 0
18071 3
18078 2
18081 2
18082 0
18091 2
18096 2
18109 2
18110 1
18111 1
18113 0
18114 2
18121 1
18122 1
18123 2
18126 0
18133 2
18134 2
18135 2
18138 2
18139 1
18141 0
18142 1
18143 1
18147 1
18154 1
18156 1
18158 0
18162 0
18166 0
18167 1
18169 1
18186 2
18194 3
18196 1
18201 1
18203 2
18204 2
18207 2
18209 0
18212 1
18214 2
18218 2
18221 2
18222 0
18225 2
18228 2
18229 1
18232 2
18233 2
18234 2
18236 3
18246 2
18248 2
18250 2
18252 1
18254 2
18258 1
18260 1
18261 1
18264 1
18269 2
18273 2
18274 3
18275 1
18276 0
18279 1
18281 0
18282 1
18284 1
18287 1
18293 0
18297 0
18298 2
18306 2
18310 3
18312 1
18315 3
18316 1
18319 0
18320 0
18324 2
18329 1
18340 2
18344 2
18348 1
18349 1
18355 3
18357 2
18358 3
18363 1
18366 2
18372 1
18374 1
18375 1
18376 2
18379 1
18381 1
18383 2
18384 2
18393 2
18397 1
18398 0
18401 1
18404 2
18414 3
18415 2
18418 1
18419 1
18420 2
18421 3
18424 1
18426 1
18428 2
18432 1
18442 1
18443 2
18446 2
18457 1
18463 0
18464 0
18465 1
18467 0
18470 1
18475 0
18482 0
18483 2
18486 3
18491 0
18500 2
18502 3
18505 2
18511 3
18515 2
18517 0
18520 1
18523 0
18534 2
18540 0
18543 0
18544 0
18547 0
18564 0
18567 3
18568 0
18570 2
18575 3
18579 2
18584 1
18586 2
18587 3
18589 1
18590 0
18594 2
18603 0
18604 2
18609 0
18615 1
18619 2
18620 2
18626 3
18629 2
18631 0
18632 2
18633 0
18634 1
18639 1
18640 1
18649 0
18651 1
18652 2
18653 1
18655 2
18661 1
18662 2
18664 0
18665 2
18669 1
18670 1
18673 0
18675 0
18677 0
18680 0
18681 2
18682 1
18683 1
18688 1
18690 1
18696 3
18704 1
18706 2
18707 1
18708 2
18709 3
18714 1
18715 3
18722 0
18723 1
18725 1
18726 1
18729 0
18734 2
18741 0
18742 0
18743 0
18746 2
18747 1
18748 2
18760 3
18763 0
18768 0
18771 2
18773 3
18775 1
18784 1
18790 0
18797 2
18799 3
18806 2
18812 2
18814 2
18819 0
18821 2
18828 1
18830 0
18831 2
18833 0
18837 2
18838 0
18839 2
18844 1
18853 2
18859 1
