16386 2
16387 2
8196 1
8198 2
16393 2
16396 1
16397 1
16398 0
8210 0
8211 0
16404 3
16405 2
16407 0
8216 0
8217 0
8218 3
8219 2
16412 0
8221 0
16414 2
16415 2
8224 1
16417 0
8226 2
16419 1
16420 2
8229 1
16422 2
16424 1
16429 2
17757 1
8240 0
16433 2
16438 3
16442 2
16445 2
66 1
16451 0
68 2
69 1
8262 2
71 1
16456 2
73 2
16460 2
17762 2
78 1
79 3
8274 0
8275 2
84 3
16469 1
88 2
90 1
16476 2
16477 2
16478 1
8289 2
16484 1
16485 0
8296 2
16489 3
107 2
108 2
111 3
16502 0
16505 0
122 3
16509 1
6848 0
16515 2
16516 1
133 2
14189 0
8328 0
16522 1
139 3
15042 2
144 2
145 2
8338 2
6851 1
8342 2
151 1
1096 1
16540 2
157 0
158 3
6853 0
16544 3
8353 1
8354 1
8356 3
16550 1
16553 1
170 0
175 3
177 1
16562 2
8371 2
180 3
8373 2
183 2
16568 1
16572 3
11463 1
191 0
6859 1
8391 2
200 0
16588 3
8397 2
8399 0
8400 0
209 2
16594 2
8407 2
8228 2
8412 1
8418 2
16612 1
16614 0
8426 2
8430 2
17789 1
8432 1
241 0
244 3
8438 2
8440 1
16633 0
250 1
13695 2
16636 2
16640 1
16645 1
16646 1
8460 2
8461 3
270 0
11193 0
274 2
279 0
8473 2
16666 1
284 1
16669 0
286 1
16671 1
289 2
291 1
9606 1
8486 2
16679 1
8488 2
16681 1
299 1
6877 0
310 2
8504 0
16697 2
8507 2
16700 2
16701 2
16702 3
319 2
8514 1
16707 0
324 1
16710 3
6881 2
1420 0
332 2
16719 2
342 2
8535 2
344 2
8539 1
16733 2
350 0
8548 2
8549 0
358 1
359 3
360 2
16745 0
18844 1
8555 2
9618 0
16752 2
371 0
14787 0
10985 0
8568 0
8570 1
379 0
380 1
16765 2
383 0
16768 2
388 1
392 1
15084 3
396 1
16781 0
8592 2
401 2
16786 1
407 2
409 0
410 2
16795 1
8606 0
8608 1
8609 2
16803 1
420 1
16454 3
16806 1
423 2
17820 0
16455 2
428 2
8621 0
16814 2
9059 0
8264 0
16818 0
8628 1
8630 2
444 2
8638 1
8639 0
16832 0
9632 1
8643 1
8644 2
8645 0
454 2
455 1
16841 2
9634 1
4173 2
464 2
16462 0
16854 2
8675 2
9638 3
16876 3
16878 0
496 2
16881 1
8691 2
16884 1
15102 1
16886 2
504 3
16889 2
16891 3
508 0
4181 0
512 1
8711 0
16904 3
8713 1
8714 1
524 2
528 2
8724 1
8725 1
535 0
8728 2
8729 1
538 0
16923 2
8732 1
541 2
542 2
16927 1
16928 2
16929 2
8738 0
548 1
8741 0
551 1
552 1
16937 2
8746 2
16939 1
8748 3
18022 1
558 1
563 2
8756 2
8758 2
8759 1
16953 1
8762 1
15114 2
574 0
8767 0
577 1
8771 3
5202 3
16965 0
8775 0
16969 1
586 3
17847 1
8780 1
16973 0
590 1
591 1
592 1
4195 1
16980 2
17849 2
8792 1
8292 2
16986 0
8796 0
606 0
8293 1
8800 1
8802 1
611 1
8805 2
8806 0
8808 0
8809 0
17002 1
17003 0
621 2
8814 2
8815 2
8817 1
8818 1
6931 2
8477 0
17013 2
17014 1
105 0
13759 0
17020 3
17021 0
17022 0
17856 0
8834 2
8835 1
17028 0
17029 0
17033 2
8842 2
17036 2
8845 0
654 0
17042 2
660 2
662 0
6937 0
664 0
17049 1
8858 2
8303 2
8862 2
673 2
8866 0
6939 2
8869 2
17062 0
17063 1
17065 0
17066 2
8875 2
18572 0
8883 0
15135 2
17084 1
17085 0
296 0
8898 1
17091 0
8310 2
8902 2
6945 0
712 2
8905 2
8906 2
715 2
717 0
8910 2
13773 0
17104 0
17105 0
722 0
8917 1
8921 2
730 2
17116 1
8925 2
8929 2
8930 2
740 2
743 0
744 2
8938 2
17131 1
8481 0
750 2
8943 1
754 2
9683 0
757 2
17143 1
760 1
8953 1
762 1
763 0
764 2
17149 3
766 1
5589 3
8963 2
17159 3
17211 1
782 3
17167 2
17168 2
8978 1
787 2
8980 1
17173 1
790 2
8985 0
17180 2
17181 2
17182 1
8991 2
8992 3
802 1
803 2
17188 2
8997 0
8999 0
9000 1
8483 0
16519 0
17197 0
17202 0
9011 2
17205 1
9015 0
17209 1
9018 2
9019 1
9024 2
9026 2
8331 2
9028 0
17225 0
9034 0
844 2
845 1
17233 2
850 1
851 0
852 2
853 0
856 0
9051 1
17244 0
9053 2
9054 0
17247 2
17249 0
17251 1
17252 2
8485 2
9063 1
17256 2
873 1
29 0
877 3
879 2
17265 2
884 1
17269 1
9078 0
9079 1
9080 0
575 1
9082 2
9083 1
17276 0
9086 1
9089 2
17282 3
17283 0
9092 0
9094 0
903 0
904 1
17290 2
9099 0
17294 0
9103 2
17297 0
9106 0
9112 2
9113 0
17306 2
17309 0
17310 1
17311 2
9125 2
9129 2
940 0
16541 0
17329 3
947 2
16542 0
9142 0
952 1
17343 0
961 1
9154 2
17348 0
17351 1
17352 0
17354 3
16546 0
17360 2
17364 2
17368 1
17376 0
17379 2
9188 1
17381 2
8299 1
17388 2
17390 1
17391 0
1009 1
13127 2
17395 2
17396 2
1013 2
9209 1
17402 1
9212 1
17406 2
9215 0
9216 0
1025 2
9218 2
9219 1
1028 1
9221 1
9224 1
17417 1
1037 3
17429 0
9238 0
17432 2
17433 1
1052 0
17437 0
1054 2
9249 0
17445 2
17450 1
9310 0
178 0
9262 2
1071 1
1072 0
9265 1
9267 0
9268 1
17461 3
9270 2
9272 3
9274 2
17468 1
13834 2
1086 0
17472 0
1091 3
17477 1
1094 3
9287 0
17480 2
13836 2
9290 3
17485 0
17487 2
1107 1
1108 2
17493 0
9302 2
9304 2
9307 2
9308 1
1118 2
1401 2
9313 0
9316 0
17509 2
9318 0
1127 1
17512 1
1129 0
9322 1
2919 0
1137 0
9332 2
9338 2
17532 2
17533 3
1150 2
9343 2
17536 2
9346 2
1156 3
9349 2
17543 0
17544 2
9357 1
17553 2
4291 0
17556 2
1174 2
17559 2
17560 1
1177 2
17562 1
1181 3
1184 3
17571 1
17572 2
17573 1
17574 1
17575 1
17577 1
17578 2
1195 0
17581 1
9390 1
9446 1
9397 2
9398 1
17592 3
9402 2
17595 2
17597 1
17598 2
9407 0
17603 3
9414 0
9416 1
9418 1
1227 0
17612 2
9421 2
9424 1
9425 1
9427 2
17620 0
4302 1
9430 0
1405 2
17627 1
17632 1
1251 1
1252 1
17638 0
17639 1
17640 1
7036 1
17642 1
9451 0
8402 2
1264 3
17650 1
9459 2
9460 2
9461 2
17654 3
1273 2
15231 0
17660 2
9470 2
17665 2
17666 2
9476 2
9477 2
17670 0
9479 2
9481 2
1290 1
1291 0
1295 1
1299 1
9492 2
9494 1
17687 1
1304 2
17689 2
1306 3
17967 1
17695 2
1313 3
17699 2
17700 1
1319 0
18593 2
17710 2
1331 1
17719 1
17721 2
1338 1
17723 1
1341 2
17726 2
17727 1
17736 0
1353 0
1354 1
1355 1
226 0
1359 1
9555 1
9556 2
17755 0
17756 0
9565 1
17759 1
2960 0
1378 3
1595 2
9574 1
1383 2
9788 0
9578 1
9580 1
1389 3
1392 1
17777 0
17782 2
9592 1
17785 0
9594 2
9596 0
9597 2
9599 0
1408 0
9792 2
17795 1
9604 2
1414 2
1601 1
1416 3
9611 2
17804 2
1425 2
17810 1
17813 1
1436 1
9629 1
1605 0
1440 2
1441 1
1442 2
9635 2
1444 2
1446 2
9639 2
9640 2
17835 2
9645 2
11165 0
9648 2
9650 2
17845 0
17846 0
1463 1
1465 2
17851 1
1468 2
9661 1
9663 2
3595 0
17858 0
9667 3
1476 1
9669 2
1479 3
9673 1
1482 1
9676 2
1486 0
1488 1
16632 2
2979 2
1614 1
9689 0
9690 2
9691 3
9692 2
17887 2
17892 0
9702 2
17896 1
9705 0
9711 0
9712 2
9720 1
17917 1
1538 2
17924 0
1543 1
1545 2
9739 2
17934 2
1551 2
17937 2
1561 2
9754 2
15279 2
17948 2
17510 2
17951 2
9770 1
12551 2
9774 2
1583 2
17971 2
9781 1
17975 2
17979 2
1596 2
1597 1
17984 0
17985 2
17989 1
9798 0
16652 0
1610 1
17996 1
1613 2
17998 2
17999 0
9811 0
9812 0
9815 2
9821 2
1630 1
1634 2
1635 2
9828 1
9829 2
9830 2
1640 2
1643 1
3005 0
18032 0
13928 1
1653 2
1655 2
1661 1
1662 2
18048 2
9857 0
1666 2
601 1
1671 1
18056 0
18057 2
1674 2
18059 1
9868 1
1677 0
18062 2
9873 2
9876 0
9882 1
18076 0
1693 2
18078 2
9887 3
1697 0
9891 3
1700 2
1701 2
1702 2
5745 2
18088 2
9897 1
9899 1
1709 0
1710 0
1711 2
1712 1
18098 2
1717 2
1721 2
1722 0
18107 3
18109 2
1726 2
18111 1
1729 1
18114 2
1735 1
9928 1
9929 2
1738 2
16675 0
18133 2
18134 2
11515 0
9060 3
9946 2
1755 1
1756 0
1757 1
18142 1
12581 0
18148 0
9958 0
18153 0
18154 1
1771 1
18156 1
18157 2
18159 2
18161 1
1779 0
18164 1
18166 0
297 2
18173 2
1790 2
3029 1
1792 0
17220 1
1800 0
9995 2
9998 0
4397 2
10000 0
18194 3
10003 1
10004 2
10426 1
18201 1
18203 2
3034 2
1823 2
18210 0
1827 2
18212 1
18214 2
18218 2
9863 2
1836 1
10030 2
10031 2
1840 2
18225 2
1843 0
18228 2
18232 2
18233 2
10043 1
1852 1
18237 1
1855 2
10048 2
1857 2
10050 1
18246 2
18247 2
10056 2
1866 2
1426 0
1872 0
18264 1
18265 1
18267 2
18269 2
10078 2
10080 2
18274 3
10083 2
3013 1
18279 1
10089 2
18282 1
3047 0
18284 1
10095 2
1905 0
10099 2
8510 2
10104 1
18297 0
10108 1
1918 2
18306 2
18312 1
1929 0
16706 1
1934 0
3053 2
18320 0
18324 2
18328 1
1946 0
14795 1
10143 1
18337 0
10149 1
10151 3
18344 2
18348 1
18349 1
1969 0
18354 0
18355 3
16713 0
18360 2
18362 3
18363 1
10174 1
18372 1
9889 0
1992 2
1993 2
1994 0
18379 1
1997 3
4429 3
18384 2
10196 1
2005 1
2006 1
18391 0
18401 1
15289 3
10216 2
18415 2
10225 0
18419 1
18420 2
18421 3
17766 0
18425 0
18426 1
2043 1
18428 2
10237 0
2047 2
18432 1
10241 1
13995 2
2052 2
16726 0
16727 1
2061 3
18446 2
10256 0
16926 2
10260 1
9902 0
2072 2
18457 1
2074 1
2075 0
10269 0
10272 2
2083 2
10281 2
10282 2
2091 2
1714 0
10286 1
2098 2
18483 2
12638 2
10294 1
2103 2
10296 1
10298 2
15073 1
10163 2
17657 0
10306 1
10308 0
10309 3
10311 2
2121 0
10709 2
12671 0
10317 1
10318 1
2127 0
2128 1
10322 0
2132 0
10327 1
16740 0
2138 2
10331 0
2140 0
2144 2
10337 2
10338 2
2149 2
18534 2
2152 2
18538 2
16743 2
10349 1
1725 2
10352 1
6073 2
2163 1
18110 1
10358 2
10366 2
2176 2
2179 2
10372 1
18565 2
2183 2
18568 0
10377 2
10380 1
18574 2
2195 1
18580 2
18581 2
12621 1
10391 1
2201 2
18586 2
18592 0
10401 2
18594 2
2212 1
2213 1
10406 0
10407 2
5831 0
18604 2
2222 2
18608 0
16755 2
3102 2
18615 1
10424 0
2234 2
2236 2
9930 3
2238 2
2239 2
2240 2
18627 0
8258 0
2245 1
18630 0
12663 2
2254 2
7968 0
2257 0
10451 1
18644 2
2261 1
18541 0
18649 0
2266 0
2267 1
3076 2
10464 1
2276 0
2278 2
18665 2
10475 1
2287 2
18675 0
18677 0
10486 2
18679 3
10488 2
18682 1
18683 1
2304 0
10498 2
2309 2
10502 2
2311 0
2312 2
10505 2
18700 2
18701 2
2318 0
17255 0
10514 2
18707 1
10516 3
10517 1
2327 1
12676 3
10522 1
10523 2
2333 2
18719 0
10528 3
2338 2
18723 1
2341 3
18726 1
10535 2
13717 2
2346 0
18733 2
10542 2
18746 2
2364 2
2368 1
2371 2
2373 1
2377 0
10573 1
10574 2
10575 1
2385 2
2386 2
18771 2
2388 2
10582 1
1764 2
18778 0
10590 2
2403 1
18790 0
8593 0
18792 2
10601 1
8594 1
10607 1
10609 0
10611 0
1769 2
10616 1
2427 2
2430 2
2433 1
18819 0
18821 2
2438 2
10631 2
2440 2
14060 2
1773 1
10641 1
18837 2
18839 2
10648 2
2460 0
16794 3
18853 2
10662 2
2472 2
10672 2
2482 2
10675 2
5811 2
2487 2
17268 1
2491 0
3629 1
10690 3
10692 1
14070 0
4513 0
10696 2
10698 2
10700 2
10702 2
10703 2
10704 2
10706 1
8611 2
2516 2
2517 0
10711 2
2520 2
8612 0
10714 1
11343 2
2525 1
2527 1
2532 0
2536 0
16807 1
2545 3
2546 2
10740 1
2549 2
2551 0
2553 1
10746 0
2555 1
2556 1
10750 2
10753 2
8619 3
10761 0
2571 1
2572 0
10768 1
10771 1
10773 1
10774 1
2583 3
10778 0
10783 3
10785 2
10789 2
10790 0
8625 2
2601 1
434 1
10800 0
2609 0
10802 0
2612 2
2615 2
10809 1
10814 1
2624 2
10817 1
10822 1
2631 1
2632 0
10825 0
2634 2
10830 1
10831 2
4536 0
2642 0
10838 1
18191 2
2655 2
4180 0
10849 0
10852 2
10853 2
12732 1
11367 0
10860 1
10862 0
10871 2
10873 0
10876 0
3178 1
14101 0
10881 2
10884 0
10895 1
7455 0
2705 0
451 1
10901 2
10904 3
2714 0
2715 2
2716 1
10915 2
10916 2
2728 3
2729 1
10925 1
1821 1
2736 0
16731 0
18207 2
2751 0
10945 2
2754 2
2755 0
2758 2
2763 0
2766 0
10961 0
2775 1
1828 2
10973 2
8656 0
2787 0
2790 1
2791 2
2793 0
2797 3
10991 1
2801 2
10996 1
10998 0
2807 3
11004 2
10026 2
18219 0
11012 2
2822 0
11017 0
14006 3
2839 2
2724 1
11035 0
4570 1
11038 2
3205 1
10032 1
2851 1
11045 2
2854 1
2855 2
11051 3
11052 0
2862 2
2863 0
11058 2
11059 0
2868 1
11062 0
11063 0
11065 2
2874 0
2880 2
11073 1
2882 2
2883 0
11079 2
2889 1
11082 2
11087 2
2899 2
2900 1
2901 0
2904 1
11097 1
2908 0
11109 2
11111 3
18236 3
2922 1
11118 0
10045 1
11120 0
2930 0
11128 2
2939 2
11132 2
2942 2
2944 2
11137 2
11138 2
11140 1
11141 0
11142 1
18241 0
11145 2
11152 2
11155 0
8282 2
11417 2
2973 2
2975 1
11169 3
347 3
1862 3
2983 2
2984 2
2985 2
11183 2
2992 2
2993 1
3000 2
3001 2
11194 2
18250 2
11199 3
11200 1
100 2
3012 2
12790 0
9840 0
3016 1
11214 2
11215 1
12792 1
11220 1
11221 2
3030 1
3765 2
11224 2
11225 0
11226 2
11229 2
3040 2
3042 2
3043 3
11236 1
11237 2
11239 2
3048 3
3049 2
3052 1
11245 3
12104 2
3058 1
3063 0
5972 3
11258 3
11259 2
16896 1
3074 1
11267 2
11268 2
16742 1
3080 2
3082 2
3083 1
11276 1
3088 0
5976 3
3101 0
11294 3
3104 0
3105 1
11299 1
8014 2
3114 3
3120 0
3123 3
11316 0
3125 0
4617 2
11320 0
11323 2
376 2
522 3
11327 2
3136 1
1888 2
11331 3
3141 2
11334 2
11335 2
11336 2
16908 1
12813 2
11345 1
18275 1
11348 1
11356 2
3168 3
3169 3
11364 1
3174 2
3175 3
11370 1
3180 3
3183 2
3185 0
12654 0
3191 2
3195 2
3197 0
533 0
11392 0
11393 2
11397 2
3208 2
11402 0
3213 0
16201 1
3215 2
3216 2
4632 2
11411 2
5998 3
3222 1
3225 2
3226 2
3230 1
11461 1
3232 0
3236 0
11430 0
11431 2
11432 0
4636 0
3242 3
3271 2
3245 1
16925 2
11440 0
3250 2
3253 1
11448 3
11450 2
11451 1
3260 0
3261 1
3263 2
3265 0
3266 0
6006 1
3270 1
545 2
3273 0
11468 0
11469 2
3280 2
11476 0
15566 0
3286 1
3287 2
3288 2
12836 3
3291 2
11484 1
11487 0
11488 1
9657 0
3305 1
3308 0
3313 2
3316 0
553 1
11513 3
3323 2
3324 2
3327 0
3329 0
3330 1
555 2
11530 1
6018 1
3342 1
3347 0
3349 2
3352 1
3353 1
3358 0
11554 1
11557 2
3366 0
5587 1
11565 1
11570 3
3380 1
3382 0
11575 0
16948 0
3386 3
3388 1
11581 2
11586 0
11588 1
3397 0
567 2
10125 1
3408 1
3410 2
3412 2
14222 0
8761 1
3416 0
5580 1
11613 1
3422 1
11615 1
3425 2
11619 1
11620 1
11621 0
3434 1
573 1
3440 1
3444 2
3446 2
11643 1
3452 0
3453 2
3460 2
3461 0
11654 0
3463 2
11656 2
12866 2
3472 2
579 0
11669 3
16964 2
11674 0
3485 1
3488 2
3489 3
3490 2
11684 2
583 1
11693 0
11508 2
3515 1
3516 3
11709 1
3521 2
3523 2
3524 0
11717 2
588 1
11731 2
11732 0
8782 0
11734 1
11738 1
11742 0
11743 1
11744 2
11745 2
11747 2
3557 2
11750 0
18122 1
3564 3
3567 2
3568 0
11761 1
3572 1
3574 2
3577 0
3579 1
11773 2
12885 1
3585 2
11779 0
11786 1
11787 1
11788 2
1965 2
11793 1
11756 0
3603 2
3604 3
8793 1
11800 2
11805 0
11806 2
11808 1
3618 0
3619 2
3621 2
3622 2
11815 1
3628 0
11821 1
3632 0
11825 2
3634 3
14259 1
3637 2
11831 1
11832 1
11833 1
11834 2
17852 2
11836 0
11838 2
11840 0
11841 2
11851 1
11843 2
3654 0
3658 2
14263 2
11853 1
3665 0
11859 1
11860 1
3671 2
3674 2
11870 3
3679 2
11874 1
11877 2
11878 1
3688 1
7442 2
13762 1
11891 3
18366 2
617 0
3704 1
11897 0
8810 2
3713 2
3717 2
3719 2
4761 0
11913 1
3727 2
11922 1
11923 3
11925 3
397 3
1988 2
3740 0
3745 2
3747 1
3751 1
11944 2
3753 3
17010 1
15645 3
3764 1
9845 1
14281 2
11963 2
15717 0
3777 2
3779 1
3785 3
3786 0
8855 1
3790 2
10189 1
3792 0
11989 0
11990 1
3805 2
11999 2
3808 2
8827 2
3814 1
3816 2
12013 2
4733 2
3827 0
3832 1
12029 0
12032 2
12040 0
642 1
6104 2
3862 2
12062 2
3876 2
12069 1
3879 2
3880 0
12074 2
12076 2
4221 2
3889 2
12084 1
12086 1
5858 2
12091 2
12095 0
12098 1
12100 2
15670 3
12102 0
3912 1
12105 2
12110 2
12113 2
7481 1
18404 2
12125 0
12130 2
12136 2
8959 0
12139 2
658 0
3950 0
3389 2
12149 1
3958 2
12154 0
12158 2
12159 0
12162 1
3973 1
3975 0
3976 2
3979 1
12173 0
12175 2
3984 1
3985 2
12181 1
665 1
12184 2
3396 0
3995 1
666 0
4003 1
4006 2
12202 2
12204 0
12206 1
12207 2
12209 2
4019 1
4020 1
4021 1
12214 2
4029 2
12222 2
12223 1
4036 1
4038 0
12235 0
674 0
12240 1
4050 1
12963 1
4052 1
4058 2
12253 0
4063 2
12257 0
12258 2
12259 2
12260 1
4070 3
4079 0
12272 2
12968 1
12277 0
4086 2
4087 0
18467 0
16994 2
10239 2
8874 3
12286 1
10240 1
4101 3
4102 3
12300 2
4114 1
4119 2
12313 2
12314 2
4123 1
4124 2
4126 0
2053 0
12320 3
8048 3
12324 2
12325 0
12330 1
12331 2
4140 0
4141 0
4143 0
12339 1
4148 1
4151 2
12344 2
4153 2
15711 2
12348 1
12141 1
15714 1
12366 2
4176 3
4177 2
12372 0
6158 2
12375 1
4191 2
4192 2
4504 2
12387 2
12389 2
12391 1
12392 1
4201 2
4202 1
4203 1
12402 1
12410 2
4799 1
12413 1
4225 2
12421 0
12424 2
12426 0
10264 0
4245 2
12438 0
2073 2
4249 1
12446 0
4256 2
4257 2
12958 0
4261 2
4262 2
4263 2
4265 3
12999 1
4270 0
6173 0
12465 1
12466 1
12470 2
13001 1
4280 1
11636 1
14367 1
4284 1
714 1
12481 0
17099 2
6177 1
4296 0
4297 0
4299 3
4301 1
12494 2
17101 3
12496 1
15736 1
12498 2
4307 2
17102 0
4312 2
4314 1
4815 2
4316 1
12509 2
4318 2
12514 0
4323 2
14374 0
12521 2
6183 2
4333 2
4335 2
4336 0
4338 1
4341 1
4342 2
4345 2
12539 2
12543 2
4354 2
12549 2
4359 2
12552 2
12554 3
4365 2
2093 0
16785 3
1782 1
4370 1
4372 2
4374 2
12569 1
4380 2
12573 0
7557 2
4384 2
4385 1
12578 0
4389 2
4390 1
12584 2
732 1
4394 1
10290 0
12592 2
12595 2
4404 0
4405 2
12599 2
13023 2
2101 1
12610 0
12611 2
12615 2
4425 2
4426 0
738 2
12622 1
12623 0
12624 2
12626 2
4436 2
7566 2
4438 3
12632 1
8932 0
4442 2
4446 3
4457 2
4461 0
4462 2
12656 0
12657 2
4468 1
13515 1
4471 1
4473 1
4475 0
4477 0
4478 2
7573 1
12672 3
4483 0
4484 1
4485 2
12678 1
4490 1
4491 1
2114 0
12686 2
749 0
4496 1
4498 2
4501 0
4503 2
12696 1
2116 2
12698 2
4507 1
4508 2
7578 1
4511 1
12705 2
4516 0
4518 1
4849 0
12714 1
12715 2
12717 1
4526 2
4528 2
4529 2
4532 1
12726 0
12727 1
12728 2
4537 2
4538 2
4539 1
4540 1
12742 1
13047 0
4559 3
4560 0
17144 3
11978 0
10035 2
4566 2
17145 1
12761 2
12762 3
4571 0
12765 2
4577 2
8955 1
4580 1
4583 1
4589 2
12782 0
4593 2
12786 0
12788 2
5063 2
4600 1
12794 3
12795 0
12796 0
4605 2
4609 1
3499 0
12804 1
4616 0
12809 1
12811 2
4620 0
4621 2
4623 2
4626 2
4629 0
4630 0
12824 3
4633 2
12826 2
12828 0
4637 1
12832 1
4641 2
6235 2
4644 1
12839 0
12840 1
10332 1
4651 0
4653 0
4656 1
4658 2
12852 2
4662 0
4665 2
4668 2
4669 2
12862 2
4672 2
4674 1
12870 1
2145 2
12872 2
12874 1
12875 0
4687 0
4688 1
12884 1
8974 2
4698 2
4700 0
4704 1
4705 1
4706 0
4707 2
4709 1
4710 1
4712 2
12906 2
4717 0
12910 2
4719 0
4721 2
4723 0
12916 1
4726 1
12919 1
4728 2
4729 2
4730 1
12925 1
4735 3
4736 2
12929 0
12930 2
4741 1
12934 0
4745 1
12943 2
4752 1
12946 1
4755 1
11716 1
959 2
4764 0
12957 1
4766 1
3525 0
12960 2
12961 2
4771 2
4776 2
12971 1
12972 2
12973 3
4784 1
4785 0
4786 3
12981 1
4790 1
3529 0
12984 2
4793 1
12986 2
12987 1
4796 2
12989 2
12991 0
17184 1
4803 3
12998 1
4807 1
4808 1
4809 2
4811 3
13004 2
4813 1
4814 2
13007 1
4819 1
13014 2
13015 1
8996 2
4826 1
4827 1
6266 2
4830 0
4831 1
17346 0
4833 3
13028 0
13030 2
4839 0
13032 1
17191 0
808 2
13043 2
4853 0
4855 2
4863 1
4866 0
17195 0
13060 0
13062 0
4871 0
4872 2
4874 2
14466 0
4878 0
4881 1
13074 0
13256 1
4885 1
4887 1
4888 2
18564 0
14217 2
10373 2
4897 2
13090 2
12711 2
4904 0
8325 2
18567 3
13107 0
13108 0
13110 1
4916 2
13114 2
13121 0
4934 1
4935 0
4937 2
13131 2
13134 1
13135 2
13137 2
13139 0
13113 0
13147 1
13153 2
13154 2
4963 3
13156 0
13157 2
13158 1
13160 1
16805 0
13168 2
18579 2
13174 0
4986 2
13184 1
13188 0
4997 2
4929 0
5001 2
13195 0
13196 0
5005 3
13199 1
5012 0
13206 1
13209 2
10394 0
13214 1
5024 2
5026 2
13221 3
5030 2
13227 2
2077 2
5043 2
13237 1
13239 0
5049 3
13244 2
13245 2
5054 1
5057 3
2209 0
5064 2
13257 2
13259 2
13266 1
5076 1
13271 1
13272 0
13276 2
5085 1
13281 0
11771 1
5099 1
13292 0
13293 1
5102 2
13295 1
13297 0
17235 0
13300 2
13303 2
9044 0
13308 1
13310 1
13311 2
5121 2
5123 2
13317 0
13320 2
13329 2
5138 0
13331 2
13332 2
5141 0
13334 0
5143 1
13337 2
13341 0
13345 3
859 2
13348 1
5157 2
13352 0
7687 1
13356 2
861 2
13360 2
862 0
5181 0
2229 2
5185 0
5186 0
5187 0
13380 2
13384 2
13386 1
5195 2
5196 2
5197 3
5200 0
13394 0
5203 2
15886 0
5206 1
13401 2
13405 2
5214 2
5219 1
13413 2
3601 3
5224 0
13418 1
13419 1
13420 3
13427 2
13161 1
5244 0
13438 1
5247 2
5249 2
13446 3
1266 0
13453 1
5265 2
13458 0
13460 0
4267 1
13464 3
5275 1
18629 2
5284 0
13477 2
13484 0
5293 2
13495 0
13497 1
13503 2
5314 1
5318 0
13511 2
13512 1
17271 2
13518 2
13520 2
5335 1
5336 1
13529 1
5338 0
5340 2
13533 1
5345 2
7543 2
5348 3
15910 1
13542 0
13544 2
892 2
5356 0
5357 1
5360 1
5361 2
5367 2
5369 2
5372 2
13565 2
5374 1
13567 3
9999 2
13569 2
5378 2
15915 1
13572 2
13573 2
17281 0
5384 0
13577 1
13578 2
13580 2
13581 0
13583 2
13585 2
13586 0
13587 2
13590 2
5401 2
5408 1
13602 2
5411 2
13607 2
13608 2
13610 1
9095 2
13612 2
5422 2
13622 2
13626 3
6367 2
5436 3
5437 2
13630 0
13632 2
5441 2
17291 2
9478 2
13638 2
15457 2
13651 0
910 1
13655 1
13659 1
800 2
5472 2
5476 0
5477 0
5478 0
13675 1
13677 0
13680 0
5490 1
5495 3
5496 2
5497 2
5503 1
13696 2
13702 2
5513 2
13707 2
13710 2
5519 1
13712 0
12459 1
13718 2
13720 2
13722 3
5532 1
13727 1
6384 0
5539 1
5541 2
13734 1
13736 0
17097 2
5549 3
13742 2
5552 1
5553 2
5555 3
9118 2
13750 2
8914 2
13753 1
13754 2
5564 1
5565 1
5567 2
13216 0
5570 3
3659 0
18678 0
13766 0
13772 2
5581 2
5583 2
13779 1
5588 3
13781 1
13782 2
5595 0
13793 0
11857 0
5608 1
5614 0
1278 0
5619 1
5623 0
5627 1
5628 1
5630 2
5632 1
5035 2
5636 0
5637 1
13830 0
5639 2
5642 0
5643 3
5644 3
18690 1
5648 1
5652 0
13846 2
5656 0
5659 0
5663 2
5664 2
5668 2
5669 1
5670 1
13867 2
13828 1
10504 0
5683 1
5684 3
13878 1
11871 2
13884 2
5698 2
13892 3
13893 1
13895 0
13896 0
5705 3
1281 0
13902 0
5373 1
13911 2
5720 2
13915 3
3685 2
13921 1
13922 1
13925 0
13926 3
5736 2
13929 1
18706 2
5742 1
13935 1
13937 1
14611 1
13941 0
2324 2
737 2
13949 3
5758 2
13951 3
5761 1
17345 0
13964 3
13965 0
13966 3
13967 1
13970 0
13974 1
18713 1
13976 3
5785 2
5787 0
13981 3
13984 0
18715 3
5797 0
5798 2
7793 3
5803 1
13996 1
14000 2
14001 2
14002 0
14003 2
14004 3
5814 2
5819 1
14012 1
14013 1
5067 2
5828 0
5830 2
14023 1
14029 2
14030 2
5843 2
14036 1
5845 0
5847 0
14628 0
5851 3
5853 2
14050 1
5859 2
14053 2
5862 2
14059 1
5868 2
5870 0
14065 0
5875 2
5878 0
5879 2
5881 2
14077 3
5891 0
14084 1
5894 0
5895 2
11653 0
5901 1
5903 2
5904 2
14100 0
5909 3
14103 1
5912 2
14107 0
5916 1
14113 3
5925 2
14119 1
5928 2
14123 1
14126 2
5935 0
14129 1
14130 1
14133 2
5943 0
14136 2
14137 2
14138 1
14139 1
5108 1
14145 2
17061 2
5960 3
14156 1
14164 2
4836 0
5975 3
14168 1
5978 0
14171 0
5980 3
5982 2
5983 0
5987 1
14180 1
5989 2
14184 1
5995 1
14188 2
3730 2
14190 2
3731 1
6004 0
14198 3
14199 1
14201 0
6013 2
14209 0
14210 2
14212 2
6022 2
6024 2
1004 0
14219 0
14221 0
6030 3
14224 1
14227 1
6045 1
14240 1
6057 2
6058 0
14251 0
1010 1
6472 0
14258 2
6067 2
14262 2
6071 2
14264 2
14265 2
14268 2
14275 1
14277 2
14278 2
6089 3
14285 0
6094 2
14287 1
14292 0
6101 0
1567 2
14297 2
14302 2
6114 3
6115 3
6118 1
6119 1
6122 2
14316 2
6129 2
14322 2
6135 2
6136 2
14330 0
6140 2
1841 2
6143 3
14337 1
17409 1
6152 3
14345 3
6154 2
14347 2
14350 1
1027 0
6164 2
5388 2
6167 1
14360 1
14362 1
14365 3
6175 1
6176 1
14369 2
6182 0
14375 0
14376 2
6185 2
14378 0
16050 3
14382 2
6191 1
6193 3
14386 2
14062 3
6196 2
6200 1
6201 2
6203 2
6204 2
6206 2
6207 2
14403 0
6213 2
6222 0
17421 1
6228 2
14427 2
14428 3
14430 3
14431 1
14433 2
16059 0
5137 1
6251 2
14446 0
6256 2
6260 1
14453 0
14454 2
14458 2
14463 1
6274 3
14467 1
7873 1
15550 0
14474 3
6283 1
6286 3
6293 1
6295 3
14488 3
14489 1
14491 1
14494 0
14497 0
6307 1
14503 2
14510 2
6325 1
14521 3
6333 1
14527 3
14533 2
14535 1
16076 2
14538 2
6349 2
14546 0
6355 3
6357 2
6359 2
6360 3
13349 0
14561 3
14562 1
14571 2
6380 0
6383 1
14576 0
6386 1
14580 3
14586 2
14589 1
6398 3
6407 2
14603 2
14604 2
6416 3
6418 0
6419 2
6424 0
6429 1
14623 0
9264 1
14626 1
6436 1
6438 0
6442 1
14636 2
6445 1
6446 2
10632 1
9523 0
14945 1
14649 2
14651 2
9269 2
6466 2
14661 2
14662 2
6471 1
14664 1
6473 2
14666 2
17128 3
6479 0
1080 1
14675 2
10036 2
6488 2
6492 3
14685 0
16583 2
6495 0
6497 0
12006 0
6504 2
16104 0
6514 1
17470 0
6527 1
14724 2
14725 0
14729 0
14731 2
14737 2
13379 0
14740 3
6553 0
14746 2
14750 2
6566 1
14761 1
14765 0
6576 2
6577 1
6583 2
6588 1
6594 3
13387 1
14793 1
6603 1
14800 2
14801 1
14802 2
14803 2
14804 2
14805 2
6616 1
6617 2
6620 2
6621 2
14816 1
14819 2
14820 2
6631 2
6632 2
14825 2
6634 0
14829 2
11405 0
12769 2
14838 1
9300 1
6653 1
14846 1
14849 2
14679 0
14851 2
6662 2
6664 2
14858 2
14865 0
6675 3
14870 3
6681 3
6683 2
14878 2
14768 0
14882 2
6692 2
14887 0
6698 1
6702 1
6703 1
6704 1
8337 0
14899 1
6708 1
6709 0
14902 2
14904 2
18227 2
14912 0
14913 2
6723 1
17505 0
14924 1
6736 0
14929 1
6740 1
6744 1
6747 2
6753 0
14949 0
4573 1
14952 1
17511 1
1589 3
14959 0
2953 2
14966 0
6775 0
4464 2
14972 2
5226 1
14975 1
6787 0
14984 0
6794 2
6796 0
6797 2
14993 0
6802 3
6803 1
14996 2
6806 0
6809 0
6810 1
15004 2
6815 0
6816 1
15009 2
18558 0
6823 0
15017 1
15021 2
6830 2
6835 1
15029 1
6841 2
15034 2
15039 2
15040 1
15041 2
6850 1
15043 2
15045 2
15046 1
6856 1
15050 2
15051 2
6860 1
16162 3
15055 2
6869 1
15062 1
6871 0
15067 2
15069 2
15072 0
6608 2
6884 0
6886 2
6887 1
6892 2
15085 2
15086 2
4683 0
6896 1
16168 0
15093 3
15095 1
6904 0
15097 2
13439 1
6908 2
6910 2
15103 1
15105 1
15106 1
15109 1
15110 1
15111 3
6922 1
6923 0
15116 2
15117 2
14808 2
6930 1
15123 1
15124 3
6933 3
14809 2
15129 1
12079 3
6942 1
17541 1
15137 3
6946 2
6947 3
15140 0
15144 0
15145 0
6957 1
6958 2
9352 1
6963 2
6965 2
6967 2
15160 1
15162 1
15165 0
15167 2
15171 1
6980 1
6984 1
8939 2
15181 1
17549 1
15185 0
13249 3
15192 0
7001 0
15194 2
15195 2
7004 2
15197 2
7006 2
7007 3
15204 2
7013 0
1169 0
7018 1
15212 3
7023 1
7024 2
7025 2
15220 2
15225 1
15227 3
15228 0
7037 1
7038 0
7039 1
15235 1
15237 2
7046 1
17147 0
15240 0
15242 0
15243 1
7052 1
15245 2
7056 2
7059 2
12448 1
7062 0
9369 3
7069 0
15264 2
15266 1
7076 1
15270 0
10737 3
7085 0
15278 3
7087 1
7089 2
15284 1
7093 0
7094 2
15287 2
7096 2
7097 2
7099 3
15293 0
7102 2
10741 1
15296 2
17568 0
15301 2
7110 2
7112 1
15305 2
7115 0
7116 1
7120 2
1187 2
15316 1
7125 0
15318 2
15319 0
7129 2
7130 0
15324 1
15329 2
7139 0
15333 2
7142 1
15344 3
7157 2
7158 2
15355 2
7164 2
9386 2
7166 3
7169 1
5292 2
15371 2
15374 0
15375 1
15376 3
7185 2
7188 2
17582 0
15384 0
7203 2
7206 2
6241 1
240 1
7214 2
16221 0
15409 2
7219 3
7221 0
7222 0
15417 2
786 0
7228 1
15421 0
17589 0
7235 2
15428 2
7241 1
7244 0
7246 2
15443 0
15445 2
7255 2
15448 2
15455 0
7265 1
7271 1
15471 1
15473 0
15474 0
14867 0
7284 0
15479 0
15487 3
7298 0
15491 1
2582 2
15494 3
15496 0
7306 2
15499 2
15500 2
15503 2
15505 0
9411 2
15509 1
15510 2
15513 0
15514 0
15515 0
15517 1
15519 1
7328 2
15521 2
7332 2
17606 1
15526 1
15529 0
7349 2
15543 1
1226 1
7358 0
15552 1
7361 0
7363 0
15557 1
15558 1
7367 2
15561 1
15562 0
15565 1
7374 3
17613 0
15573 0
15574 0
7386 1
15579 2
15584 2
246 0
7394 2
15589 2
2599 2
7407 2
15600 2
15602 2
15603 1
15610 0
7419 0
15616 0
15617 2
15620 1
1239 0
15628 3
15630 1
7440 2
15633 0
15634 0
15638 2
7447 2
7449 2
7450 2
15644 1
7453 1
7454 1
15647 1
15524 1
7461 1
15654 2
7463 0
15656 0
15657 2
7467 2
5341 1
15665 1
15667 2
15669 1
7478 1
15671 0
7480 1
15673 3
15675 2
15676 0
15677 1
15679 0
7488 2
7489 2
7491 2
15684 0
15688 0
15693 0
15694 1
15695 0
7504 3
6712 2
9443 2
15701 0
7510 0
15704 0
17636 1
15706 1
15707 1
7519 3
15712 0
15713 2
7522 2
7525 3
15718 0
7527 3
15721 2
15722 2
15725 0
15726 1
15728 1
7538 3
13545 3
7544 2
15738 2
15741 1
15744 2
15746 0
7555 0
15748 2
15749 1
15752 1
15755 0
7565 1
15758 2
15760 0
15761 2
7571 1
15764 0
15765 2
15769 2
15770 2
15774 0
15775 0
15776 2
13552 2
798 2
18163 0
15782 1
13553 0
7593 2
15788 1
15789 0
15790 0
15794 1
10346 3
1268 0
15802 3
7611 1
7612 1
15805 2
7615 2
7616 2
8096 2
7618 0
9462 2
7624 3
15818 2
15820 1
15824 2
15825 0
15830 3
13561 1
7645 0
15839 1
7649 2
15842 0
15845 2
15852 2
15855 1
15859 1
17662 2
15863 2
5375 2
7677 3
15872 3
15873 0
7683 2
15877 0
9473 1
15882 0
7691 1
7693 2
7694 1
7695 2
15895 0
15896 1
7705 0
15898 2
7707 2
15900 2
7709 3
15902 1
7715 0
1286 2
7718 2
15911 3
7722 3
13575 0
7726 0
15921 2
7732 1
7733 3
15930 2
17674 2
7747 2
7751 2
15261 2
7753 3
7760 3
15954 1
15957 0
7766 1
15959 1
15962 0
14989 0
15973 2
7783 0
2343 1
15977 0
15980 2
7789 2
15983 2
15984 0
6760 0
7795 0
15992 0
7802 0
15996 0
15997 1
15999 1
16000 2
7810 1
6763 0
16008 0
1303 1
16018 1
16021 0
7831 1
16027 1
16029 0
7839 2
16032 1
7841 3
16034 2
7843 1
16036 1
16040 2
7852 3
16049 1
7858 2
16052 0
16053 1
7864 3
7865 2
16058 0
7867 1
16061 1
16063 1
13600 1
7875 1
16073 1
7882 1
7884 2
16079 2
7890 2
16085 0
7894 2
16088 1
7897 2
7898 0
16091 2
16093 2
16095 1
16630 3
7908 0
7912 0
16114 2
7924 3
16117 2
7927 1
5418 1
16341 0
16129 1
16132 0
16134 0
16143 2
16144 0
13614 2
7961 2
16154 3
7963 2
16156 2
16157 2
16160 0
7970 1
16164 1
7973 0
7975 2
7976 0
7978 0
16176 0
16178 1
17715 0
7989 2
16182 1
16183 2
16186 2
16187 1
8001 1
16196 1
18505 2
8009 2
16204 1
16206 0
16207 0
8017 3
16213 0
8022 0
16215 1
16220 2
8029 3
16224 2
13627 2
16228 3
12262 2
16232 0
8042 0
16238 3
16240 1
16241 0
8051 0
16244 1
8054 2
16247 0
1343 2
8061 0
18272 0
8067 1
10907 1
16261 1
16262 1
16265 1
16266 2
8076 2
16269 2
8079 0
16275 0
8084 1
16277 2
16278 2
16279 0
8090 2
10906 2
8095 3
16288 1
16291 2
16292 0
8101 1
8102 1
16295 1
16297 0
16301 1
16304 2
16306 1
16307 0
17737 2
8123 0
16317 0
16321 0
16325 0
15001 1
16329 0
16331 1
8149 2
16343 1
16345 1
8155 1
8156 1
8160 0
8164 0
16361 2
16364 0
9001 0
16367 2
16368 1
16373 1
8182 2
16375 0
16376 2
17748 1
16380 0
16381 1
8190 2
16383 1
