16386 2
16387 2
8198 2
16392 3
16393 2
8202 0
16395 0
16396 1
16397 1
16398 0
6829 1
16 0
8211 0
8212 0
16405 2
16406 0
16407 0
8216 0
8217 0
8218 3
27 0
16412 0
16414 2
16415 2
16418 0
17755 0
16420 2
16421 3
41 0
1364 3
8236 3
1373 3
16433 2
16437 1
8247 1
8250 1
16443 2
7367 2
13664 0
66 1
68 2
8261 2
70 0
71 1
16456 2
73 2
74 0
16460 2
16461 2
79 3
16464 1
81 0
8276 1
16469 1
8278 2
87 3
16473 0
8285 1
16484 1
16485 0
8295 2
104 0
16489 3
17767 1
108 2
116 3
117 0
118 1
8312 1
16404 3
122 3
4256 2
16509 1
126 2
16371 2
128 1
16513 1
8325 2
8326 2
16519 0
8330 2
139 3
16524 1
6850 1
8334 0
8335 0
144 2
7097 2
148 1
16534 0
151 1
16540 2
157 0
8351 1
8353 1
162 2
163 2
8356 3
16550 1
8220 0
173 2
8368 1
177 1
16562 2
8371 2
180 3
181 1
8374 2
183 2
16568 1
1396 2
12554 3
16572 3
189 3
190 3
8383 2
8385 0
1115 1
197 2
8391 2
200 0
8393 2
202 2
8396 0
8226 2
206 3
208 2
8401 2
8402 2
12323 3
212 0
8407 2
16600 1
8228 2
218 3
219 0
220 2
8413 2
16608 0
16612 1
16613 2
16614 0
2769 0
16616 1
233 2
8426 2
16620 3
8430 2
16623 3
240 1
16625 0
8434 0
8435 3
16628 0
246 0
16631 0
16632 2
16633 0
16636 2
8447 0
8449 2
8450 1
260 2
16646 1
8455 0
16648 0
8458 1
8460 2
8461 3
8462 0
271 2
8465 0
8466 0
279 0
8473 2
8474 3
283 3
284 1
16669 0
287 2
8480 1
8481 0
6875 1
8486 2
8488 2
6876 2
299 1
8496 2
8497 1
6284 0
307 0
16693 1
310 2
16695 2
312 1
8507 2
1418 0
8510 2
319 2
8512 0
15072 0
16706 1
16707 0
324 1
4648 1
16712 0
12343 1
8524 2
333 0
16719 2
8528 1
16721 1
8530 3
16723 3
16724 2
5467 0
16732 1
16733 2
16734 1
8543 3
16737 2
16740 0
8549 0
16742 1
16743 2
8553 2
15079 3
10105 0
368 0
8561 0
8563 2
8564 2
16757 0
374 2
3013 1
379 0
16765 2
8574 0
383 0
384 1
8578 2
387 0
8580 0
16774 1
392 1
8585 1
394 2
16779 2
397 3
8591 3
16784 2
16785 3
8594 1
8599 0
8600 1
16452 1
8604 2
8605 1
8608 1
8609 2
8611 2
420 1
423 2
17820 0
427 2
16814 2
8625 2
16818 0
16819 2
436 2
16821 1
438 0
16823 0
8632 2
8633 0
16827 2
444 2
16829 1
4652 3
16832 0
9632 1
6004 0
16836 1
453 1
454 2
455 1
16841 2
460 0
8655 2
8656 0
16849 0
16851 2
8660 3
469 1
16854 2
16855 1
16856 2
16857 1
8667 2
477 2
478 1
16865 0
8675 2
8676 0
1446 2
486 2
8679 2
488 2
16873 1
491 0
8684 1
16878 0
2813 0
496 2
1448 1
498 0
499 3
500 2
8693 2
16886 2
13737 2
504 3
16889 2
508 0
509 3
510 2
85 0
8704 0
16897 2
8708 2
517 0
16902 2
15279 2
16906 1
16907 0
16909 1
8718 2
16911 0
16930 2
8724 1
8725 1
535 0
8728 2
538 0
8732 1
541 2
16926 2
543 2
16928 2
545 2
546 1
8739 3
548 1
13930 1
552 1
16937 2
554 2
16939 1
8748 3
9650 2
558 1
10657 0
562 3
16948 0
565 1
16950 2
8759 1
1460 3
8762 1
574 0
16959 2
16960 1
8769 1
8771 3
581 1
583 1
16969 1
587 1
8780 1
589 1
16975 1
8784 1
16977 0
8786 1
4195 1
16980 2
597 1
1465 2
8792 1
16985 1
6927 2
8796 0
16989 1
16991 3
611 1
8805 2
8806 0
8808 0
617 0
17002 1
566 3
8813 1
8814 2
17007 0
17008 2
8817 1
628 0
630 0
105 0
15124 3
634 0
13759 0
17020 3
8829 3
17022 0
8831 0
8832 2
641 0
8835 1
17028 0
17029 0
646 3
17857 0
17033 2
17034 0
651 0
8846 3
658 0
660 2
661 1
17046 1
17049 1
17050 1
8515 2
16753 2
8862 2
17056 2
673 2
674 0
17059 0
8868 2
17061 2
17062 0
8871 2
17065 0
17066 2
17067 1
17068 3
4210 3
8880 0
17074 1
4211 3
8884 2
15134 1
17078 2
8890 0
700 2
706 2
17091 0
4214 0
8902 2
6945 0
712 2
17097 2
8906 2
17099 2
2850 2
17104 0
3769 2
8914 2
9678 3
17110 0
16505 0
730 2
732 1
18281 0
8927 3
17120 2
1488 1
741 2
742 0
7104 0
8937 0
8938 2
8939 2
749 0
750 2
8943 1
752 3
8946 0
17140 0
17142 0
8952 2
8953 1
8954 2
8955 1
764 2
8386 2
766 1
5589 3
17152 1
17153 0
17154 0
16938 0
5590 3
774 1
17159 3
8968 0
17161 2
8970 2
13378 2
786 0
787 2
790 2
17175 3
17180 2
8989 1
8990 2
8991 2
8993 0
802 1
8995 2
8996 2
8997 0
17191 0
810 0
811 0
17197 0
9008 0
17201 1
17202 0
9011 2
820 2
17205 1
17206 1
9018 2
17211 1
16522 1
9022 3
832 2
17218 1
8331 2
17220 1
9029 0
17224 3
17225 0
17226 0
17227 1
844 2
17229 3
6302 0
9039 1
17235 0
852 2
854 0
17239 1
856 0
17242 2
17244 0
861 2
862 0
863 0
17248 1
9059 0
868 3
17255 0
17257 0
874 3
9067 2
17260 2
17262 0
879 2
17264 0
17265 2
882 0
9075 2
9076 0
885 1
888 2
17273 2
9082 2
17275 0
9084 1
17277 1
9086 1
896 0
17281 0
9090 1
17284 0
902 1
17287 1
17289 1
17290 2
9099 0
17292 1
17294 0
9105 0
9109 3
918 0
17304 2
9113 0
5615 3
9116 1
17309 0
7123 2
17311 2
9123 2
932 3
9125 2
16973 0
17323 0
9132 2
9133 0
9033 1
16541 0
9138 0
467 1
9140 2
17333 2
9142 0
952 1
17338 1
17342 2
960 2
961 1
9154 2
9155 2
9156 1
9158 3
10125 1
9165 3
6989 1
17362 2
17365 0
17368 1
164 0
988 0
17376 0
9186 2
9196 0
6994 1
17390 1
17391 0
9201 0
1010 1
17395 2
17396 2
17399 2
9209 1
9210 1
1019 0
9212 1
1023 2
9216 0
9217 2
9218 2
1027 0
1028 1
9224 1
9230 0
9232 2
17426 2
9237 2
17432 2
9241 2
17435 3
17437 0
9246 0
9247 0
17440 2
9249 0
1058 2
5638 0
9254 1
4273 0
17448 1
9257 0
17450 1
17453 1
9262 2
1071 1
9264 1
179 3
9270 2
17463 1
9272 3
1081 0
9274 2
9277 0
9278 1
1088 0
1089 3
9282 3
9283 1
17476 0
17477 1
1094 3
9287 0
17480 2
1098 2
12471 0
17484 0
17488 2
1106 0
1107 1
1108 2
8377 1
9304 2
9307 2
9308 1
9309 1
9310 0
2917 0
9312 2
9316 0
17509 2
9318 0
9319 2
17512 1
17513 2
17514 2
1133 2
9326 0
1137 0
17522 0
17939 0
2517 0
15209 1
9336 2
17529 1
191 0
17532 2
17533 3
1150 2
1151 1
15314 0
1153 0
9347 1
17542 1
17544 2
9353 0
17546 2
17548 1
194 0
9358 1
17552 1
17553 2
9362 0
17556 2
1174 2
17559 2
17560 1
1177 2
1178 0
7023 1
1180 1
9373 3
17566 3
17567 3
9376 0
17569 2
1186 0
1187 2
1192 2
17577 1
17578 2
16583 2
9389 0
9390 1
17583 3
8392 2
9397 2
9398 1
17593 2
9402 2
17951 2
17598 2
9409 1
1218 2
1219 0
9412 1
11126 1
1222 0
1225 2
1226 1
17612 2
9421 2
12316 2
17616 0
11128 2
1234 1
1235 2
17620 0
9429 1
9430 0
1239 0
17628 2
1245 0
18045 0
17632 1
17634 1
1251 1
17637 0
9446 1
17639 1
17640 1
17641 1
17642 1
9451 0
17645 0
1264 3
9457 2
17650 1
17651 0
17652 1
11134 1
17654 3
1271 0
9464 0
9465 1
17659 2
17660 2
17663 1
17664 0
1281 0
17666 2
13867 2
9476 2
17669 2
9478 2
9479 2
1288 2
17674 2
2946 2
9486 3
9488 3
1297 0
9491 0
9492 2
17966 1
17686 2
17687 1
1304 2
17689 2
17692 3
17693 3
17695 2
1584 2
17698 0
1317 3
17702 2
1321 2
1322 2
1323 0
17708 2
17710 2
221 3
17713 0
1330 0
1331 1
12865 2
17719 1
1336 2
17721 2
1338 1
9531 2
9532 3
17725 0
9534 0
17727 1
17728 0
17730 1
9543 2
17736 0
17737 2
1355 1
9548 0
17741 2
17743 2
18511 3
9554 2
1363 2
9556 2
9557 1
1366 0
10280 2
9563 0
17756 0
17978 0
1375 2
17762 2
8502 1
1383 2
17980 0
9578 1
16615 0
1391 0
9588 2
17849 2
9592 1
9594 2
17787 3
1405 2
9599 0
1408 0
9601 2
17797 3
9606 1
1416 3
17801 2
17802 1
9611 2
9616 0
17809 0
7585 2
9623 2
9625 0
1435 0
1436 1
17821 2
1605 0
1440 2
16624 2
9635 2
1444 2
9637 1
8777 0
9639 2
9640 2
9642 0
17835 2
9645 2
15261 2
17840 2
17841 1
17842 2
13142 1
17846 0
9657 0
9658 2
17851 1
1468 2
9661 1
9665 2
9666 1
9668 1
9669 2
9673 1
1482 1
8439 2
9676 2
7074 2
1486 0
17872 0
9683 0
8233 1
9597 2
1499 3
16144 0
17887 2
9696 1
18000 0
9702 2
17895 0
9052 1
1524 1
9718 3
17913 2
9722 2
9726 2
9727 0
1538 2
10144 0
17924 0
1542 2
1543 1
1544 1
10417 3
9815 2
1548 2
17934 2
17935 1
1554 2
4355 2
17940 0
17944 1
1562 0
9755 0
17948 2
17949 2
9759 0
11184 1
17956 2
17957 0
17958 2
17959 2
9770 1
17964 0
9773 2
18614 2
17968 0
17969 0
9781 1
1591 1
9784 2
17977 2
9786 0
17979 2
1596 2
1597 1
1598 0
9791 2
9792 2
17985 2
1602 3
17989 1
1606 1
1608 1
4364 2
1610 1
1611 3
17997 3
269 0
1616 0
3000 2
9810 2
9812 0
1621 0
1622 2
11193 0
18008 1
18020 0
18011 2
9820 0
15290 2
1630 1
18015 2
9826 2
1636 0
9829 2
9830 2
1639 2
9832 0
9835 2
274 2
18030 2
18032 0
1640 2
18034 1
1652 2
1653 2
1655 2
1656 3
9849 0
1658 3
1659 0
18044 0
1661 1
1662 2
9857 0
18027 2
18052 0
1670 0
1671 1
18056 0
18057 2
1674 2
1677 0
18062 2
9872 1
9874 0
9876 0
9838 1
9878 3
1687 2
1688 0
16052 0
18076 0
16666 1
9886 0
9887 3
1697 0
18082 0
9891 3
1702 2
18033 0
16668 1
1706 0
9900 2
9901 2
1711 2
1712 1
1713 0
18098 2
1715 0
1720 0
9914 3
16671 1
1724 2
1725 2
1726 2
1727 0
5513 2
16672 0
1732 2
289 2
9928 1
18121 1
1738 2
18126 0
8483 0
1748 0
18133 2
18134 2
17789 1
1695 2
18141 0
1758 3
18145 1
18146 0
1764 2
16678 1
9958 0
1767 2
9960 0
1769 2
18154 1
18155 1
18156 1
18157 2
18159 2
1779 0
9854 1
18166 0
297 2
332 2
1785 2
13951 3
9981 2
1790 2
18175 1
1792 0
1793 0
18178 1
1795 0
17245 1
1800 0
18185 0
9995 2
1804 1
9999 2
1809 2
1810 3
10003 1
1812 3
18197 0
11225 0
18201 1
18203 2
1820 3
1821 1
10014 1
18207 2
18210 0
10020 3
10023 3
18216 2
18217 0
1152 0
11245 3
18221 2
1838 2
1839 2
18225 2
10035 2
10036 2
10037 2
1846 0
1847 0
18232 2
1849 0
10043 1
1852 1
10045 1
10046 2
1855 2
1856 2
18241 0
1858 1
18243 0
285 1
18246 2
18247 2
10056 2
1865 0
18250 2
62 2
1872 0
18258 1
18264 1
1883 1
18235 2
9610 2
18272 0
18276 0
1894 2
18279 1
10088 1
10089 2
1898 3
3047 0
18284 1
1902 1
18287 1
11240 3
18290 0
10099 2
1909 0
18294 1
1911 0
18297 0
18298 2
1917 0
1918 2
18303 0
1921 2
18306 2
1924 2
18310 3
10119 1
18312 1
10121 1
18315 3
18316 1
1933 2
18319 0
10129 2
1939 1
10132 1
1944 0
1946 0
7487 1
18334 1
10143 1
1952 1
1957 0
18344 2
13696 2
10155 2
1964 2
1965 2
13981 3
1969 0
1970 0
1971 2
10164 2
1694 2
18358 3
18360 2
18363 1
1980 0
18365 1
18366 2
4427 1
18372 1
7704 1
18375 1
1992 2
1993 2
18379 1
10189 1
1998 3
18383 2
18384 2
13987 2
10196 1
2005 1
10201 1
2010 1
10207 2
10210 1
18404 2
18409 3
1703 1
10220 0
338 1
18414 3
6887 1
10225 0
18419 1
18420 2
18421 3
340 1
18426 1
2043 1
18428 2
10237 0
2047 2
18434 3
2052 2
14580 3
2057 2
18443 2
18446 2
15363 2
10261 2
10262 3
18455 2
18457 1
2075 0
2076 2
10269 0
10270 3
10272 2
18096 2
2083 2
10276 2
18470 1
2087 2
2088 2
2089 1
10282 2
18475 0
1714 0
10286 1
10925 1
18482 0
2099 2
2100 0
2101 1
10294 1
10295 0
10298 2
18491 0
17657 0
2113 2
10306 1
2116 2
18502 3
10311 2
10312 2
2121 0
10316 2
10317 1
2126 0
10319 3
2128 1
2129 1
2132 0
18517 0
2134 2
10328 2
18521 0
2138 2
10331 0
18524 1
357 0
2145 2
18107 3
2149 2
18534 2
15377 2
10345 2
359 3
18543 0
18544 0
2163 1
14014 0
10358 2
2169 0
10366 2
2176 2
9920 0
18563 0
18564 0
18567 3
10380 1
18574 2
18575 3
10384 0
2193 0
10386 1
2196 0
10391 1
2200 1
367 0
2207 1
2208 3
10401 2
18594 2
2211 0
10404 2
18597 3
2214 1
10407 2
892 2
18604 2
10413 0
2222 2
18607 1
18608 0
2225 1
12622 1
2306 1
10422 2
18615 1
10426 1
2236 2
2237 3
10433 2
18626 3
18627 0
18628 2
3348 2
18632 2
18633 0
2252 1
2254 2
18640 1
12664 1
10450 2
2261 1
18649 0
2266 0
10460 1
2269 0
10462 0
10463 2
2272 0
18659 1
2278 2
12672 3
2280 1
10475 1
2284 2
10478 2
3895 0
18675 0
10485 1
18678 0
10489 0
8575 3
1749 0
2304 0
18689 2
10498 2
2307 2
1750 1
10502 2
2311 0
6569 3
10505 2
10510 0
10511 0
18704 1
2321 0
5580 1
18707 1
18708 2
10517 1
388 1
9352 1
10523 2
2333 2
10527 3
18723 1
18724 0
18726 1
18727 3
3122 3
18736 1
2353 1
18738 0
7219 3
2356 2
18142 1
18742 0
18743 0
2362 2
2364 2
10559 2
18752 0
2371 2
18757 0
10568 1
2377 0
16446 0
10573 1
10575 1
2385 2
2386 2
18771 2
2388 2
18774 3
2391 0
2393 3
10589 2
4717 0
10592 2
2403 1
18790 0
401 2
18792 2
10602 2
2412 0
10605 1
17090 3
10607 1
10609 0
10611 0
10613 1
18806 2
10618 2
10619 0
18812 2
10624 0
2433 1
1771 1
10632 1
10634 1
4503 2
10636 1
10637 0
18832 1
18834 1
18347 2
5870 0
18839 2
2458 0
10993 3
2463 3
2465 1
2466 0
10660 2
18853 2
10663 3
2472 2
16796 3
18859 1
2478 3
10672 2
18163 0
8266 2
10677 3
10678 2
2490 2
2491 0
2493 0
10689 3
2500 2
10693 2
2503 0
10697 0
8293 1
2507 1
2510 0
1926 3
2514 1
10707 2
2516 2
15438 0
10714 1
2525 1
2527 1
2530 0
13996 1
10724 0
12905 3
2539 2
10734 1
12712 3
2546 2
903 0
9982 1
2552 1
2555 1
10748 2
10749 1
2558 1
10753 2
8619 3
10757 2
15976 0
10761 0
8269 0
4525 1
2576 0
10771 1
2580 2
10773 1
10774 1
6782 1
10777 1
2586 1
2587 1
10780 0
2589 0
10782 0
2591 0
10786 2
13056 0
2597 0
2599 2
2606 3
10800 0
2609 0
10802 0
10803 3
10805 0
2615 2
10809 1
2623 0
2624 2
2627 2
10820 3
10822 1
2632 0
10825 0
10826 0
10831 2
2640 2
12728 2
10835 0
10837 2
16455 2
2653 3
10846 2
2655 2
2658 2
10851 1
10852 2
10853 2
10855 1
2664 0
10857 0
10862 0
10863 0
10865 1
10866 0
10868 0
3177 3
10873 0
10878 2
10881 2
10884 0
13384 2
10893 1
10895 1
10896 1
10898 0
10902 1
10903 2
10906 2
2715 2
10908 0
10910 1
10911 2
10913 3
2722 1
1819 0
2724 1
9638 3
2731 3
2732 0
2733 2
2738 3
2739 2
12745 2
7932 2
2751 0
2752 0
10945 2
2758 2
2762 2
11383 1
2764 3
2766 0
10961 0
2771 0
2772 2
15785 0
1729 1
16847 0
10973 2
2783 3
2788 0
2791 2
2793 0
2794 3
2795 0
2797 3
2801 2
2803 2
2804 2
2807 3
11002 3
3199 3
11005 1
2815 0
7711 0
11010 3
11011 0
2821 1
2822 0
11015 2
2824 2
2825 2
2549 2
2831 3
2835 2
11029 0
8665 2
11035 0
11038 2
11040 3
11042 2
12763 2
11045 2
2854 1
1841 2
11048 0
11050 1
11051 3
2863 0
11056 0
11057 2
11058 2
11059 0
2874 0
2876 3
7306 2
1845 0
2880 2
11073 1
2882 2
2883 0
2884 0
11077 1
11078 2
12769 2
11082 2
2891 2
2894 3
11087 2
1848 3
2898 2
11093 0
11094 1
18233 2
2904 1
11097 1
2909 1
2911 2
2912 1
11107 1
16870 2
11110 3
11111 3
11112 1
17828 3
11118 0
2928 1
3219 3
2934 0
2936 0
2942 2
11135 0
11138 2
11139 1
2952 2
16876 3
11146 3
2955 0
11149 0
2960 0
1929 0
11155 0
917 1
11162 2
2973 2
2975 1
8688 2
10915 2
11174 0
2988 0
11183 2
2992 2
18248 2
2995 2
14881 1
2998 0
11191 2
11192 2
3001 2
11194 2
1866 2
3006 0
16885 0
3012 2
11205 0
11206 0
15521 2
1737 1
11215 1
16888 1
11220 1
8697 0
3033 0
11226 2
8258 0
15525 2
3040 2
3041 1
3043 3
3044 2
11239 2
3048 3
3049 2
11243 2
3052 1
3053 2
3057 0
3058 1
7337 0
5972 3
11261 3
3070 2
3072 0
3074 1
11267 2
11268 2
3079 2
1166 2
3081 2
11274 2
10741 1
4610 1
14168 1
3093 3
17571 1
12804 1
3099 0
3100 0
11293 2
3102 2
3104 0
3105 1
11300 2
3110 2
9378 2
11305 2
3114 3
11307 2
11312 2
6105 1
3123 3
5982 2
3126 0
11320 0
11444 2
3132 1
8714 1
11326 0
11327 2
10080 2
3138 1
3139 0
11333 0
11334 2
11335 2
11336 2
3145 3
3146 0
11341 1
18188 1
11346 2
3156 0
11349 0
11351 0
3160 0
10084 1
3076 2
8719 3
3165 1
4197 2
3169 3
3171 2
11367 0
11368 0
11369 2
3179 2
11373 2
3182 3
3183 2
11379 3
3191 2
3193 1
3194 2
10090 0
11391 0
11393 2
11397 2
11403 2
11404 1
3213 0
3215 2
3216 2
15555 1
11414 1
11417 2
3228 3
3231 1
11424 3
11425 2
11428 3
11429 0
11430 0
11432 0
12828 0
11463 1
3244 0
3245 1
11439 0
3249 1
3252 3
3253 1
3255 1
11449 1
11451 1
3260 0
3261 1
11454 0
3263 2
11457 2
11458 2
11459 0
11460 0
11461 1
11462 0
8737 2
3274 1
8738 0
3278 3
11471 2
3280 2
3281 3
547 1
3287 2
3288 2
3279 2
11484 1
11487 0
3296 0
11495 3
11496 3
4647 0
11503 0
11504 3
3313 2
3283 0
11508 2
3318 0
3320 2
11513 3
11514 2
4475 0
3324 2
8746 2
11518 2
3327 0
3328 1
3333 1
3334 1
10113 2
8260 0
11532 2
14210 2
8749 2
3347 0
11540 2
11543 2
11544 2
3353 1
11547 2
3358 0
11554 1
3363 1
10118 2
11562 1
1476 1
11565 1
3375 2
11568 2
6024 2
3378 1
3380 1
3381 1
3382 0
11575 0
564 1
3386 3
3389 2
3393 1
11586 0
10123 2
3396 0
3397 0
3399 0
10124 0
3403 3
3407 0
11601 0
3410 2
3411 0
3413 2
1441 1
11613 1
11614 1
3423 1
3424 3
3425 2
11620 1
11622 0
5297 0
3435 3
11629 0
3440 1
14572 0
11640 2
8767 0
11644 1
3455 3
3456 0
15244 0
3458 3
3460 2
3461 0
3463 2
11656 2
11658 0
11662 2
3471 2
11666 2
11674 0
11678 0
3489 3
3490 2
11684 2
8775 0
3502 2
3503 2
3504 2
11698 3
15603 1
585 2
11705 0
3515 1
4682 2
11710 1
3520 2
3521 2
588 1
3531 0
11724 2
8781 3
11732 0
11734 1
3543 0
11736 1
11738 1
17576 1
11741 1
11742 0
10149 1
16976 1
3557 2
5574 2
11755 1
3564 3
3567 2
3568 0
1960 1
3572 1
3573 0
3665 0
14249 0
11768 2
596 1
11773 2
3584 1
11779 0
3588 0
18348 1
14372 0
3595 0
11790 3
18349 1
17305 2
11794 3
6062 3
6025 2
11800 2
11802 0
3611 3
11804 1
10335 2
11806 2
11808 1
14256 1
3619 2
3621 2
11815 1
11817 0
11818 0
11819 2
11821 1
8797 3
3633 1
11826 2
6067 2
11828 1
11831 1
11833 1
17852 2
11836 0
3646 0
11839 3
11841 2
11842 0
3652 0
3658 2
3659 0
3660 3
11854 0
9942 2
11857 0
3666 0
3670 0
3671 2
3672 1
3673 1
16997 2
11874 1
3683 1
11877 2
11878 1
11879 2
11880 1
3689 1
17308 2
12903 3
11884 2
11887 2
3696 0
3699 1
3701 2
3703 2
11896 1
11897 0
3706 2
11899 2
11900 2
4714 1
3710 0
11905 3
4715 0
11913 1
11914 1
3727 2
11920 0
3730 2
3731 1
11924 3
3734 2
1988 2
8815 2
3740 0
11941 2
4721 2
11944 2
11955 0
9845 1
17012 3
3770 2
11963 2
3777 2
8822 2
11974 0
3784 2
11978 0
3790 2
1997 3
3792 0
3793 0
3796 2
10190 0
17017 0
3807 0
3808 2
3809 0
3811 2
2309 2
7462 1
12006 0
3819 0
3820 1
12013 2
8830 0
12023 1
639 0
12032 2
12034 1
18677 0
12037 2
16590 3
3850 1
8809 0
3129 3
2009 0
644 1
7221 0
12062 2
12065 0
3876 2
4742 1
3879 2
3880 0
12073 1
12076 2
12077 2
3887 2
3889 2
8841 2
3897 0
12091 2
3901 0
12094 2
11573 2
12100 2
12103 3
12109 2
12110 2
12113 2
3924 3
654 0
12122 3
12127 2
12134 2
12135 0
12136 2
12138 1
17042 2
3950 0
15677 1
12144 1
12145 1
12149 1
12152 1
12154 0
3963 2
12157 3
12158 2
12159 0
12170 2
12173 0
3982 0
18413 3
12176 1
3985 2
3988 0
12184 2
3997 2
3999 0
12192 0
6128 2
4003 1
10499 3
4009 3
12202 2
12205 1
4016 1
12210 2
4019 1
4766 1
12214 2
12218 2
4027 0
2877 0
12223 1
4033 2
4035 0
4037 3
11864 2
14327 2
7227 2
12963 1
4055 1
4058 2
15138 0
12252 2
12253 0
4063 2
12257 0
12258 2
12259 2
12260 1
4069 3
12262 2
4071 0
12267 0
4078 1
12271 0
12272 2
12277 0
4087 0
4088 0
12283 0
12284 0
13557 0
12289 1
4098 1
8875 2
4106 2
12306 2
4115 0
12309 0
4119 2
18249 3
12314 2
4124 2
4126 0
12319 2
4129 0
4131 0
12324 2
15708 2
4140 0
12333 1
12413 1
6152 3
3422 1
4151 2
12344 2
4788 3
12346 0
7519 3
14346 1
17077 3
4162 0
4164 0
4167 2
4173 2
12370 2
2594 2
4180 0
12376 2
12377 2
412 0
4187 3
16340 0
4189 0
9414 0
12387 2
3430 3
12391 1
4200 3
4201 2
12395 3
4205 2
4206 3
12402 1
12403 2
4212 0
12405 2
5323 2
7529 2
12408 0
4218 1
4221 2
4222 2
4223 0
4505 0
4225 2
7556 0
4229 1
17568 0
12424 2
12426 0
12429 0
3437 0
18382 1
14360 1
4242 0
707 0
4245 2
2073 2
16781 0
4249 1
6170 3
17093 1
12448 1
4806 1
4262 2
6143 3
3688 1
4267 1
4270 0
6173 0
12464 0
12465 1
12470 2
713 0
12473 1
4282 0
12480 2
15734 2
12486 2
12487 0
4297 0
4298 0
4300 0
4302 1
416 0
4308 2
12501 2
12503 0
4312 2
12505 1
4314 1
9691 3
4319 0
4320 2
12514 0
4323 2
12516 3
4327 1
17106 0
4335 2
4336 0
4337 2
4338 1
13011 0
12532 2
12533 2
4342 2
10281 2
12539 2
4354 2
2091 2
726 2
4359 2
4360 1
4362 0
12556 0
12558 0
4368 1
1782 1
4370 1
4371 2
4374 2
12567 1
4377 3
4378 0
4379 2
12573 0
4383 2
4386 3
13019 2
4389 2
4396 0
2098 2
12594 1
12595 2
12596 2
4405 2
4407 0
9694 0
10292 3
4414 2
16929 2
4422 2
12615 2
12616 0
12619 1
4430 1
6200 1
12626 2
4437 3
4438 3
4439 2
12632 1
4152 2
4442 2
15759 3
12637 1
12638 2
12643 1
17126 2
12648 2
12649 1
12650 1
12652 2
4462 2
4463 1
12657 2
4471 1
4472 2
12667 0
12671 0
4480 1
17131 1
4484 1
4485 2
12678 1
4490 1
12686 2
4498 2
12692 2
4501 0
12695 3
4504 2
10308 0
12698 2
4510 1
4511 1
13040 2
4515 2
4520 0
4521 1
4522 1
12717 1
4527 1
4528 2
4529 2
12723 0
4532 1
7582 3
12727 1
4536 0
4537 2
12730 1
12732 1
12733 1
4853 0
12737 1
12738 0
12739 2
12741 1
4551 0
4552 1
4553 2
12746 1
4855 2
4557 1
4561 3
14882 2
12960 2
4568 0
3492 0
4571 0
12765 2
4574 3
4577 2
4579 3
4580 1
11882 3
12774 1
4583 1
4584 0
12778 0
12780 1
4593 2
12786 0
4595 1
12788 2
12790 0
4599 1
12792 1
4601 1
12795 0
4605 2
8960 0
12802 1
3499 0
9428 2
13057 2
4616 0
4617 2
12811 2
4622 2
4626 2
4627 3
12821 0
4630 0
4632 2
13060 0
12827 1
4636 0
4641 2
12836 3
12839 0
12840 1
12841 1
12843 1
12844 3
4653 0
4654 1
4656 1
12849 0
4658 2
12852 2
4662 0
4666 0
4667 2
4668 2
12861 2
4671 0
6240 0
4674 1
12870 1
10337 2
12872 2
12873 1
12874 1
4683 0
4688 1
12881 0
15034 2
4695 2
4696 1
4697 1
4248 0
4700 0
12896 0
4705 1
4706 0
7611 1
4709 1
4711 1
4713 0
12906 2
12907 0
17170 3
12910 2
7613 0
12705 2
4726 1
12919 1
4728 2
4729 2
4730 1
12923 3
4732 0
4733 2
4734 2
4736 2
12930 2
12931 0
12932 1
12933 0
12934 0
12935 0
4744 1
12937 0
7618 0
12945 2
12946 1
4757 2
4762 0
10351 2
12957 1
12958 0
4768 2
12961 2
4771 2
4772 0
12966 3
4776 2
4777 1
12972 2
12977 2
12980 0
12981 1
4790 1
4793 1
12986 2
12987 1
12989 2
4798 0
4801 1
4803 3
4805 1
12998 1
4807 1
4808 1
5542 2
4811 3
13004 2
4813 1
4814 2
4816 1
13010 0
4819 1
14345 3
13013 1
13014 2
6980 1
17188 2
4826 1
4827 1
4830 0
13093 1
13024 2
4833 3
13027 0
4836 0
13030 2
4839 0
4844 1
4848 1
13041 2
4850 0
13043 2
4852 0
13045 1
13047 0
4856 1
13051 2
13053 0
3236 0
4865 1
4866 0
13059 3
4868 0
13064 3
4874 2
4878 0
13075 2
4884 0
13078 0
10372 1
4892 0
4894 0
13088 1
4900 0
4901 0
4905 2
4908 1
4909 0
13107 0
13110 1
13112 1
13114 2
13118 0
4928 0
4929 0
13123 2
3983 2
7649 2
4936 0
4937 2
13130 2
4939 0
13133 2
13136 2
13137 2
13138 0
4948 2
4950 2
13143 0
13146 0
2191 1
17210 2
13150 3
4959 0
13153 2
4962 0
4963 3
13156 0
4971 2
13164 2
4973 0
4979 1
13173 2
13174 0
4986 2
13181 1
13182 0
13185 1
13188 0
4997 2
5001 2
13195 0
13196 0
5005 3
13202 1
4931 2
5012 0
13205 2
5014 0
13207 1
13208 2
13210 2
5025 2
13220 2
16807 1
5030 2
11761 1
5035 2
5038 0
5039 0
13233 1
11079 2
13237 1
5046 2
13239 0
13240 2
11764 2
13245 2
5054 1
5351 0
5057 3
13250 2
8079 0
11766 0
2209 0
13256 1
470 1
13259 2
15818 2
13262 2
5072 3
15864 0
13266 1
13270 3
13271 1
13272 0
13273 1
5082 2
17231 0
13276 2
12141 1
13278 2
5087 1
5090 3
14502 1
13286 3
13289 2
13292 0
9963 0
5105 0
13298 1
13301 2
13303 2
13304 2
13305 2
5116 3
5121 2
13317 0
13319 0
13324 2
14509 2
13329 2
5138 0
13331 2
13332 2
13337 2
5146 0
5151 0
5155 0
13348 1
18609 0
13353 0
5167 1
13360 2
13364 3
5173 2
13366 0
13367 3
5177 3
13371 3
5186 0
5187 0
13381 0
4961 1
5192 3
5195 2
5196 2
2628 1
5206 1
13401 2
5210 3
13405 2
5214 2
2435 0
5218 0
13412 0
5221 0
5222 0
13415 0
13418 1
13419 1
5228 2
14525 1
15891 0
13431 2
5247 2
5248 0
11086 1
876 3
5258 1
13453 1
13457 0
13458 0
13459 0
9071 0
880 0
13477 2
5290 3
13485 2
2248 2
5301 0
884 1
13498 2
13499 1
13500 0
5312 0
5315 0
5318 0
5321 3
13514 2
13515 1
5360 1
5329 0
1672 3
5336 1
5337 1
5338 0
13532 0
13544 2
10448 3
5348 3
5349 2
13542 0
178 0
5352 1
13545 3
13551 2
13552 2
13553 0
894 2
13560 0
8219 2
5372 2
5374 1
13567 3
5379 1
13572 2
13573 2
13575 0
13577 1
13578 2
13580 2
13581 0
13589 0
5399 3
9092 0
5404 2
13600 1
17638 0
9094 0
1040 0
13607 2
13610 1
5419 2
6910 2
5422 2
3181 3
13616 2
13618 1
9097 1
18655 2
5436 3
9098 2
13632 2
4000 0
5444 2
5445 0
13638 2
13641 2
13645 3
13646 1
6009 3
17147 0
13650 3
10467 2
910 1
5463 1
13656 1
13659 1
15930 2
5471 0
5472 2
15931 0
5477 0
5478 0
5481 0
18663 3
13676 0
5486 2
11838 2
13689 0
13690 2
15697 0
13695 2
5504 0
13697 2
13699 0
13703 1
10476 3
13707 2
17096 1
13710 2
5519 1
5520 0
9112 2
5524 2
12459 1
13718 2
921 2
13723 2
13727 1
13729 1
5538 0
5539 1
13732 2
13734 1
5545 1
5556 1
13750 2
185 2
13754 2
5564 1
5567 2
13760 2
5571 1
5572 3
13766 0
5576 1
13769 0
5578 3
5579 2
13772 2
5581 2
5583 2
14916 0
13777 3
5587 1
18109 2
13781 1
13782 2
5595 0
5600 0
13222 3
5606 0
5607 1
5612 2
14917 1
12462 2
5619 1
5623 0
5626 3
5627 1
5628 1
5630 2
13823 1
13227 2
13828 1
13830 0
5641 0
11863 1
13836 2
5645 0
5646 2
5649 1
5650 0
18691 1
13230 2
13846 2
5657 1
5661 1
5663 2
15963 2
18694 2
5670 1
13864 2
13865 2
18695 0
13869 1
13873 2
13879 2
4281 0
5691 2
13884 2
5698 2
13898 3
13900 0
13902 0
5712 0
10283 2
5719 1
7780 0
5729 0
13922 1
5731 2
13926 3
13927 1
10011 1
1282 0
17649 1
10514 2
5745 2
13938 2
6419 2
13941 0
5751 2
2324 2
13949 3
18468 0
5761 1
5763 2
13959 1
13961 0
13965 0
13966 3
15981 0
13968 0
5777 2
13974 1
13976 3
13978 2
5787 0
18714 1
13982 0
5791 1
18715 3
5797 0
7558 0
13993 2
13995 2
5804 1
13997 0
5810 0
5811 2
14004 3
14007 1
10832 0
5819 1
5820 1
5822 1
14015 0
14029 2
5838 2
14379 3
14034 0
14036 1
3705 0
2221 0
14042 2
5851 3
5853 2
14048 1
1286 2
5860 2
5863 2
14631 2
5868 2
14062 3
11901 1
14065 0
14066 3
14067 0
11902 2
5879 2
5881 2
14074 3
14084 1
5893 1
5894 0
5896 2
14089 1
14090 2
5079 3
14094 1
5903 2
14098 2
5907 2
5909 3
14103 1
5912 2
5913 1
14109 3
14113 3
5922 0
16564 1
5925 2
14118 0
14119 1
17182 1
14122 3
5932 1
5933 2
14126 2
14128 2
7816 0
14133 2
14134 0
5943 0
14137 2
14138 1
14139 1
14140 2
2357 2
14147 2
14157 2
5968 2
12392 1
14164 2
2381 2
5975 3
5976 3
5978 0
14171 0
18746 2
199 1
14175 0
14177 2
14180 1
16017 2
5993 3
14186 2
11922 1
5998 3
6000 0
6001 0
6002 1
11923 3
14196 0
6005 1
14198 3
14199 1
14201 0
6012 0
6013 2
14208 0
2368 1
6018 1
14212 2
11926 0
6022 2
14215 0
14216 2
5100 2
13293 1
14224 1
14227 1
14228 0
14233 0
14234 0
6044 3
6045 1
6047 2
14240 1
14243 1
6053 1
6057 2
14254 2
6064 2
18760 3
14259 1
16030 2
6071 2
14264 2
6073 2
14266 0
14271 0
6080 1
14274 2
14275 1
6086 3
14280 0
14285 0
14287 1
14292 0
6101 0
14294 0
16036 1
14302 2
6112 0
14305 0
6114 3
6115 3
7846 3
6121 3
14314 2
6123 2
14317 0
14320 2
6129 2
14322 2
14323 2
6132 2
6135 2
10580 0
14330 0
6140 2
14334 0
14335 2
6145 2
6146 3
14339 3
14340 0
6150 0
6151 2
14344 0
6153 0
6154 2
6156 0
6158 2
6159 2
9219 1
6164 2
14357 2
14359 1
6168 1
6169 2
14362 1
14364 1
14365 3
6174 2
14367 1
6176 1
6180 3
6182 0
14375 0
6187 2
14380 0
14383 0
10299 2
14386 2
7515 3
6196 2
14390 0
14392 2
14393 2
14394 2
6205 2
6206 2
6207 2
18483 2
14403 0
14408 2
14410 2
8936 1
6222 0
14419 3
14422 3
6231 2
6232 2
14427 2
14428 3
7866 2
14432 3
14433 2
6243 0
14437 2
14440 0
6250 2
6251 2
13330 0
14447 0
17554 2
14453 0
14454 2
14117 2
14458 2
6267 2
14461 0
14463 1
14464 3
14466 0
10604 3
6282 2
14476 0
7874 0
6289 0
14486 0
17433 1
14488 3
14494 0
6306 1
6310 1
14503 2
6315 0
6317 2
14510 2
14513 2
14519 0
14521 3
6330 2
6332 2
6333 1
6335 0
14530 0
14533 2
14534 1
14535 1
14540 1
484 0
14545 3
14546 0
6356 1
14549 2
6359 2
6368 2
14561 3
2427 2
14564 0
14569 0
6378 1
6379 1
6380 0
7890 2
6384 0
14579 0
6388 3
6393 2
6395 1
6398 3
14591 2
14592 2
12761 2
6122 2
6407 2
6410 3
14604 2
14605 0
14611 1
14612 0
6422 1
6423 3
14616 0
6426 1
17455 0
6429 1
14623 0
14625 2
14627 2
6439 2
6440 1
6445 1
6446 2
6448 1
2440 2
6451 2
14644 1
6453 3
6455 1
6456 1
14651 2
5125 0
2443 0
6468 1
6473 2
14666 2
6475 0
14671 0
14680 2
6492 3
3813 0
14690 2
14693 3
6503 2
6504 2
6505 0
16104 0
2451 2
14710 2
6519 2
6520 0
6522 2
2453 0
14724 2
5673 3
14728 3
7916 2
14730 1
17474 2
3821 2
14736 2
14738 3
14740 3
8827 2
9284 0
6560 0
6563 3
14756 0
7921 3
14761 1
14762 0
17479 0
6573 0
6576 2
6577 1
14773 0
14779 2
6588 1
14782 2
14752 2
14787 0
14791 2
6600 0
1100 0
14795 1
10658 2
14800 2
6609 0
14755 1
14804 2
14805 2
14808 2
14809 2
6619 2
6621 2
6622 0
5200 0
16123 1
14822 0
6631 2
14825 2
14826 2
2471 3
14828 0
14829 2
6642 3
6643 3
14837 0
6646 1
6647 2
9300 1
14842 2
14843 3
6652 3
6653 1
14849 2
6658 1
14851 2
14852 1
6662 2
7937 0
14865 0
6675 3
6676 0
6679 2
14872 2
6682 3
6683 2
14876 2
14878 2
6687 2
14768 0
6690 1
17499 2
6692 2
14886 1
6695 3
6697 2
6701 1
6702 1
6703 1
6704 1
8337 0
6706 1
14899 1
6708 1
6709 0
6710 1
6711 1
6712 2
6718 2
14912 0
12393 1
6722 2
6723 1
6724 2
6725 0
6726 2
14919 1
6730 1
14924 1
6733 0
6734 3
6738 0
14931 1
1861 0
14942 3
14945 1
6755 3
14949 0
14950 2
6759 2
14952 1
6763 0
6764 2
6765 0
9865 3
14963 3
6772 1
6773 1
14966 0
1129 0
14969 3
14971 0
14972 2
14974 1
14977 0
6787 0
6788 1
14981 1
14983 2
14987 3
14989 0
6801 1
6802 3
14996 2
17518 0
15000 0
6809 0
15004 2
18662 2
8683 1
15009 2
6823 0
1138 2
4137 2
1864 1
6833 1
6834 0
13427 2
6840 2
6842 3
15035 3
6846 3
6848 0
15042 2
6851 1
15044 1
6855 1
15055 2
10702 2
6871 0
15067 2
15068 2
15069 2
15071 0
6880 1
6881 2
15074 0
6884 0
6886 2
14801 1
6890 1
15083 0
6892 2
15085 2
775 2
6899 1
6902 0
15095 1
15097 2
15102 1
15103 1
6912 2
9344 1
15106 1
15107 1
15109 1
5568 3
6923 0
15116 2
776 3
15119 0
12703 3
15123 1
6932 0
6933 3
6617 2
6936 1
6939 2
15132 1
6941 0
6942 1
15135 2
15137 3
6946 2
15140 0
9350 2
15144 0
15145 0
6961 1
15155 0
6964 1
6965 2
6966 0
6967 2
15160 1
15162 1
1162 3
15167 2
6978 0
15172 2
15174 2
15176 1
15177 2
6986 2
6987 1
9921 3
15181 1
15182 0
9357 1
6993 2
15186 1
15189 0
15191 2
2532 0
7004 2
7005 2
7006 2
7008 2
7011 0
7017 1
7018 1
15212 3
15213 0
7022 3
15215 0
7024 2
7026 0
7027 0
15220 2
15225 1
15227 3
15228 0
7039 1
15233 2
7042 0
7044 3
15239 2
15240 0
15241 2
7050 1
1175 2
7052 1
15245 2
15246 0
15250 3
7060 0
7061 2
7062 0
15258 1
15259 0
7069 0
7070 2
15264 2
15266 1
5275 1
7076 1
15270 0
10737 3
15272 0
17564 2
7082 0
7085 0
15278 3
7087 1
15280 1
15282 2
15284 1
15286 1
16201 1
15289 3
7098 2
1183 0
7100 0
7103 2
15296 2
7105 1
16203 0
14838 1
15303 2
15304 2
7116 1
15309 1
7118 1
15311 2
7120 2
7122 2
9379 1
15316 1
15319 0
7130 0
15323 2
15329 2
7139 0
15333 2
7142 1
7143 0
15339 3
15340 3
2557 0
8375 0
7153 0
7155 2
7157 2
9240 0
15351 1
7164 2
7166 3
7167 0
15362 2
17579 3
16214 2
7174 1
7176 1
7179 3
15374 0
15375 1
15376 3
7185 2
15378 0
10755 0
15384 0
15387 2
266 2
7205 1
4483 0
13489 0
7210 3
15403 1
15405 2
7214 2
15409 2
15411 0
16880 0
15417 2
3935 0
7228 1
7229 0
7230 2
9788 0
7235 2
11232 0
7238 2
7240 3
7242 0
7244 0
7246 2
15439 1
15448 2
17594 1
15457 2
5307 0
15461 0
15462 3
7274 1
15473 0
7282 2
2901 0
15484 1
15485 3
15486 2
7295 2
15488 3
15490 1
15491 1
15492 0
2582 2
15494 3
15495 1
15496 0
15498 0
15499 2
15500 2
9410 2
15503 2
15504 0
15505 0
15506 1
15509 1
15510 2
15513 0
15516 2
16961 3
16240 1
15522 1
15523 0
7332 2
244 3
15526 1
15529 0
15534 0
14397 0
3704 1
16243 1
10783 3
9418 1
15552 1
15553 0
7362 1
7363 0
15558 1
15559 3
15561 1
15562 0
15563 0
15565 1
7374 3
15567 1
7380 0
15573 0
15574 0
7386 1
15579 2
7388 2
3962 0
15582 0
7391 1
15584 2
15589 2
11615 1
7403 1
7405 2
7409 1
15602 2
9427 2
7413 1
15607 1
1236 1
15610 0
15612 1
7422 0
15616 0
15617 2
15619 0
15625 1
7067 0
17160 0
7440 2
15633 0
15634 0
10798 0
7447 2
1339 3
7450 2
15645 3
7454 1
15647 1
15649 3
9250 2
7461 1
15654 2
7463 0
15657 2
15664 1
15666 1
2611 1
15669 1
15670 3
7479 0
7481 1
9439 2
15676 0
10342 2
14901 0
7488 2
7489 2
7490 3
15684 0
5345 2
15691 0
15693 0
15694 1
15696 0
14904 2
9443 2
15701 0
15704 0
15707 1
7516 2
13541 2
15713 2
15714 1
7525 3
7527 3
15721 2
15722 2
9447 1
7532 2
15725 0
7534 2
7535 0
9448 0
7538 3
17999 0
7541 1
7615 2
7545 1
7546 2
15740 1
15741 1
15742 1
15744 2
1888 2
15746 0
15748 2
15750 0
14913 2
15752 1
7561 2
15755 0
15756 1
15757 2
15758 2
7567 2
15760 0
15761 2
15765 2
11709 1
15774 0
15775 0
15776 2
15777 2
15778 0
15780 0
15781 1
5361 2
7593 2
15788 1
1266 0
15793 0
6527 1
15798 1
9460 2
12191 0
7612 1
15805 2
9461 2
7616 2
8096 2
15810 0
15813 0
7624 3
15817 2
7626 2
6255 2
8098 1
7636 0
5437 2
7639 2
7640 3
10620 0
15835 1
7645 0
8438 2
15842 0
7651 2
7657 2
15854 1
15855 1
7665 0
7667 1
7670 3
15863 2
7672 3
1279 0
7680 1
15874 3
7683 2
11167 1
15877 0
15880 1
8108 2
15882 0
15883 0
9474 1
7694 1
15889 1
11713 2
7699 2
15892 1
15895 0
11696 2
7705 0
15898 2
15901 1
9477 2
7714 0
7715 0
15909 0
7718 2
11441 3
7728 2
16307 0
7732 1
15925 2
7738 2
10847 1
1290 1
4021 1
15938 0
7747 2
7752 1
8119 0
7757 0
9533 2
7766 1
15959 1
15962 0
7771 2
7774 1
2661 0
15969 0
15972 0
2714 0
7783 0
6533 0
15977 0
15978 3
7789 2
15983 2
15984 0
6760 0
15991 0
15992 0
15993 1
7802 0
15995 2
15997 1
7806 1
15999 1
16000 2
5562 1
16002 2
16003 2
16006 1
4079 0
16008 0
533 0
16013 0
16014 2
16015 1
17688 0
15809 1
7828 3
16021 0
13627 2
7837 3
7838 2
7839 2
16034 2
7844 0
16037 1
16038 2
16039 2
9263 1
16045 3
16049 1
16050 3
7860 0
16053 1
16054 1
3240 2
16057 1
16058 0
7867 1
16060 2
16061 1
7627 0
16064 2
16066 1
16331 1
6774 0
7878 0
16073 1
7887 0
16081 2
16082 2
16088 1
7898 0
7899 1
7901 0
16098 0
15539 0
7912 0
7913 1
16108 2
16110 2
16113 2
16115 2
16117 2
7927 1
7929 3
16122 1
7931 0
16124 1
16125 2
7936 2
16129 1
16132 0
16134 0
7946 3
7947 2
16140 3
16141 1
7952 0
7954 0
7955 2
16148 2
16152 1
7962 0
17711 1
16161 2
7970 1
7973 0
7974 0
7975 2
4061 0
16176 0
7986 2
16181 1
16186 2
7998 3
16192 0
16196 1
16197 0
16200 0
8009 2
16202 0
9527 1
8014 2
16207 0
8723 1
8017 3
16211 2
8020 2
16213 0
8022 0
16217 2
8028 3
16226 0
8035 3
16228 3
14993 0
17724 0
16234 2
16359 1
13629 1
8048 3
1359 1
17726 2
16245 1
8054 2
16250 2
8059 3
9536 0
10907 1
8069 2
16263 2
16264 3
16265 1
16266 2
8075 2
16271 2
16272 0
8084 1
16277 2
16279 0
9271 0
8090 2
16283 0
16285 0
16288 1
16290 0
16291 2
16292 0
8101 1
16091 2
8103 2
16297 0
18819 0
16301 1
8115 2
1353 0
6815 0
16316 1
3271 2
16319 0
16321 0
16324 0
16325 0
10747 3
16327 1
8727 0
16329 0
12279 2
16333 1
8142 3
5453 2
16336 3
8146 2
16339 0
8148 0
8149 2
8150 0
16347 2
8156 1
16350 2
16351 3
16356 0
16358 2
8167 0
4092 0
8170 2
16365 1
16367 2
9555 1
16372 1
16382 1
16375 0
16376 2
16377 1
16379 2
16380 0
8190 2
8191 0
