8194 1
2455 2
16391 1
8200 0
16393 2
16395 0
16386 2
16400 1
8210 0
8212 0
21 0
8219 2
16412 0
16414 2
16415 2
16417 0
8226 2
8227 2
8228 2
8232 0
8234 2
16428 0
16429 2
8238 0
16432 0
8241 2
52 1
8247 1
16443 2
16445 2
16446 0
65 1
66 1
16451 0
69 1
16455 2
16456 2
73 2
74 0
16462 0
16463 0
16469 1
88 2
8286 2
6843 2
16484 1
16485 0
8295 2
104 0
8297 2
1383 2
16492 0
8302 2
113 2
17189 3
119 1
120 3
16505 0
16509 1
127 1
8320 0
132 2
8325 2
16518 2
16519 0
8330 2
139 3
8335 0
144 2
148 1
151 1
8345 3
154 0
156 0
157 0
6853 0
13680 0
27 0
16548 0
8358 0
9585 0
170 0
8363 1
175 3
178 0
8371 2
180 3
16568 1
16569 0
8382 0
8385 0
194 0
8387 1
16581 1
16583 2
200 0
201 1
202 2
8397 2
16590 3
8399 0
208 2
209 2
8402 2
16419 1
8407 2
216 1
4132 0
220 2
221 3
18011 2
1638 0
16612 1
16614 0
16616 1
233 2
16618 2
16620 3
16641 0
8430 2
16623 3
8432 1
241 0
8434 0
244 3
246 0
8439 2
16632 2
249 2
251 1
16636 2
254 0
8447 0
5504 0
16642 0
16644 2
16646 1
5505 0
16648 0
8458 1
8460 2
8462 0
271 2
16658 0
9603 1
8469 2
284 1
16669 0
289 2
291 1
292 0
16677 2
16433 2
8488 2
8489 0
16683 2
15069 2
8496 2
305 2
16691 2
309 0
16694 1
16695 2
312 1
16697 2
8506 1
16700 2
8510 2
319 2
16705 1
16706 1
16713 0
332 2
8525 2
8526 2
16719 2
12344 2
16722 2
339 3
342 2
344 2
345 3
346 3
16733 2
8543 3
16737 2
16738 1
8549 0
16742 1
16743 2
16744 2
8553 2
362 1
8555 2
2248 2
365 2
366 2
368 0
16753 2
8564 2
16759 1
16760 0
16765 2
383 0
384 1
385 2
16770 1
387 0
8581 0
16774 1
8583 3
8585 1
394 2
8587 1
16450 0
16784 2
8593 0
8594 1
16787 1
8596 0
16790 1
8599 0
408 0
410 2
8603 1
8604 2
8608 1
8609 2
8611 2
8612 0
16806 1
16807 1
427 2
428 2
8621 0
8622 2
9629 1
72 1
16818 0
8627 0
17822 3
438 0
8633 0
8634 2
8635 2
444 2
16829 1
446 2
6901 0
1440 2
8642 0
16835 0
16836 1
16837 1
454 2
455 1
16843 3
8655 2
16848 2
466 3
16851 2
16852 1
16854 2
16855 1
16856 2
477 2
16862 1
8671 3
8672 0
16865 0
8674 0
8675 2
16869 0
8679 2
488 2
9639 2
8684 1
16929 2
16886 2
8696 2
8697 0
16891 3
508 0
8277 2
8704 0
16897 2
515 0
8710 3
8713 1
524 2
525 0
526 0
8720 1
16913 3
11011 0
533 0
534 2
8728 2
17203 2
538 0
1455 0
8732 1
8734 0
6917 2
16928 2
545 2
8738 0
547 1
8740 2
16934 1
16935 2
8744 2
553 1
555 2
556 1
16941 0
16946 2
16948 0
16949 0
8758 2
16953 1
8762 1
16956 1
575 1
8769 1
8771 3
8772 0
583 1
16969 1
8778 1
16971 1
588 1
591 1
8786 1
8788 2
4267 1
16982 0
17849 2
16984 1
8794 1
603 1
8796 0
13754 2
608 0
16993 2
8802 1
16995 1
12390 2
8806 0
17000 1
617 0
8810 2
8814 2
18297 0
8819 1
8477 0
17013 2
630 0
632 0
633 2
634 0
8827 2
636 2
17021 0
17022 0
641 0
642 1
8835 1
8837 0
8841 2
651 0
17036 2
17037 2
654 0
660 2
663 2
664 0
17049 1
667 2
8862 2
17055 2
8869 2
17062 0
8871 2
8875 2
17075 0
17078 2
17085 0
702 1
17087 0
704 0
17089 0
17091 0
4388 0
13772 2
8906 2
17099 2
716 1
717 0
17104 0
17106 0
6947 3
2263 2
8921 2
730 2
17115 2
17118 2
17119 0
8929 2
8930 2
17125 2
742 0
8935 2
744 2
745 1
8938 2
8939 2
749 0
8943 1
17136 0
17137 2
8946 0
17140 0
757 2
605 3
17145 1
763 0
17148 1
17149 3
17151 2
17157 0
774 1
17160 0
8970 2
780 2
8974 2
17167 2
17168 2
9688 3
786 0
787 2
17172 1
11905 3
790 2
797 1
16517 1
17184 1
801 2
803 2
17188 2
8997 0
6961 1
17194 2
9005 3
814 2
8756 2
9009 2
9011 2
17205 1
9014 3
9015 0
825 2
9018 2
9019 1
16522 1
9022 3
9026 2
17220 1
17224 3
841 1
17227 1
844 2
2483 1
846 0
849 2
5211 2
17235 0
4238 0
854 0
17239 1
856 0
5604 0
859 2
17244 0
861 2
862 0
9055 0
17249 0
3575 1
873 1
17260 2
17262 0
879 2
17265 2
882 0
9075 2
17268 1
17271 2
888 2
889 0
9082 2
9084 1
894 2
9088 3
17281 0
9092 0
9094 0
9095 2
17290 2
9099 0
9100 2
2882 2
910 1
9104 2
17297 0
9107 0
17300 1
17302 2
920 2
9113 0
17308 2
9578 1
17310 1
17311 2
928 1
930 0
932 3
9129 2
9130 3
9136 2
945 3
17330 3
9608 1
4254 3
577 1
952 1
957 2
17344 0
961 1
17346 0
17348 0
17349 0
9158 3
17353 1
9170 0
163 2
9173 2
17368 1
8356 3
9178 1
17371 0
17376 0
17381 2
16673 1
17391 0
17392 2
9201 0
1010 1
17395 2
10154 0
17399 2
1020 0
1021 0
9214 3
17407 2
9216 0
9217 2
1026 2
17411 1
17414 0
1032 1
17418 0
6999 0
1036 0
1037 3
17422 2
9231 2
17424 1
17425 0
17426 2
9236 1
12462 2
17430 2
17432 2
8367 0
1052 0
1054 2
9249 0
17448 1
17450 1
9262 2
17455 0
9270 2
1082 2
1083 0
1084 0
1085 0
17470 0
17472 0
17476 0
17477 1
1094 3
9287 0
17480 2
13836 2
1098 2
1102 0
9296 3
9297 0
1106 0
17491 2
1108 2
9301 0
18586 2
185 2
9304 2
1114 1
17499 2
9308 1
9310 0
1119 2
9312 2
17768 2
17506 2
9316 0
17509 2
9318 0
17512 1
17515 3
17516 2
17517 1
1135 2
1137 0
9330 0
17524 2
8767 0
17532 2
17533 3
1150 2
1151 1
9347 1
1156 3
9349 2
9351 3
9352 1
17545 1
9355 3
17548 1
17549 1
17550 2
17552 1
17553 2
9363 1
1173 2
1174 2
17559 2
9368 2
1181 3
17568 0
17569 2
1186 0
1187 2
1189 2
17574 1
17576 1
17577 1
9386 2
17581 1
9390 1
1200 0
8392 2
1202 1
17587 0
9397 2
17590 2
17591 1
17593 2
9402 2
1211 3
9337 3
9411 2
9413 0
9414 0
9588 2
1226 1
17612 2
17613 0
17616 0
11128 2
17618 2
9427 2
1236 1
1405 2
1242 3
16591 2
17628 2
17631 0
9443 2
9446 1
17639 1
17640 1
1257 0
17642 1
9451 0
16594 2
9454 2
1264 3
17650 1
17651 0
9461 2
9462 2
1271 0
9464 0
1273 2
1274 0
7039 1
17660 2
13866 0
9470 2
17664 0
15232 1
17666 2
5675 1
9477 2
9479 2
1290 1
9484 1
2946 2
9486 3
16600 1
9491 0
9492 2
9493 1
9494 1
17689 2
9499 2
17692 3
17695 2
17697 0
1314 1
17702 2
1322 2
17707 2
1324 2
17970 0
9518 2
17711 1
1329 3
1331 1
17719 1
17972 0
1338 1
12511 0
17724 0
17725 0
17726 2
9538 0
13878 1
17737 2
17741 2
7053 1
9555 1
9558 1
17753 0
1370 2
1371 0
17756 0
9566 0
1375 2
17760 2
1377 2
1380 0
17765 1
17766 0
17767 1
4956 0
8775 0
1387 1
1391 0
17777 0
2963 3
1396 2
17783 2
9592 1
17787 3
9596 0
9597 2
9599 0
1408 0
9601 2
17794 1
17795 1
9604 2
17797 3
9606 1
1415 2
1416 3
12595 2
1418 0
9611 2
1420 0
1421 0
1422 2
17807 1
9618 0
9619 0
9620 2
9621 1
17814 2
17819 2
1436 1
1437 3
1438 1
9632 1
240 1
17827 1
1444 2
9637 1
16625 0
12530 1
15261 2
1456 0
9651 1
17846 0
9657 0
9658 2
17852 2
9661 1
9662 2
9892 0
9673 1
1482 1
16631 0
1484 0
1486 0
9805 0
17872 0
9681 2
9683 0
9684 1
1496 1
9691 3
9694 0
9697 3
17893 0
17895 0
17896 1
9705 0
12871 0
15272 0
15714 1
9722 2
11178 3
1534 0
13259 2
9730 0
16418 0
17924 0
9734 0
9735 0
9739 2
1549 0
17934 2
12054 0
17940 0
1559 0
17944 1
17945 2
1562 0
17949 2
17952 2
9761 1
17955 2
17958 2
1576 1
1577 3
1579 2
9773 2
17966 1
17968 0
17969 0
1586 2
1588 0
17973 2
1591 1
9786 0
17979 2
1597 1
9791 2
17985 2
1602 3
9795 0
17989 1
1608 1
9801 2
1611 3
17996 1
9826 2
17999 0
18000 0
3000 2
9810 2
9812 0
1622 2
3001 2
18008 1
9817 2
1627 0
18013 0
18014 3
1637 3
1634 2
6612 2
9829 2
18022 1
1641 2
1643 1
8466 0
18032 0
9843 0
1652 2
1655 2
1658 3
1659 0
1661 1
9854 1
1663 2
9835 2
18052 0
9863 2
18056 0
9865 3
1674 2
1677 0
18062 2
9874 0
18067 0
1685 2
1686 2
18076 0
1693 2
1694 2
9887 3
9890 0
9891 3
1700 2
1703 1
18088 2
15878 2
18095 0
1712 1
18100 1
1717 2
1723 1
10423 0
18110 1
1727 0
9921 3
18114 2
9927 2
9928 1
18121 1
18122 1
18126 0
18127 0
1746 2
8483 0
1748 0
1749 0
8484 3
1755 1
1695 2
18141 0
18142 1
293 0
1430 0
1761 0
1764 2
1767 2
18156 1
18157 2
18158 0
296 0
18163 0
1780 0
1662 2
18166 0
18167 1
1784 1
9978 2
9855 0
1790 2
18175 1
18178 1
18180 0
18181 1
18183 0
18186 2
1803 0
9998 0
9999 2
1809 2
10003 1
18197 0
333 0
11225 0
18200 2
18201 1
18203 2
11226 2
10014 1
1823 2
18209 0
1826 2
1827 2
1828 2
16689 1
10024 0
18217 0
10026 2
5767 0
10028 1
18221 2
18222 0
10031 2
10032 1
18225 2
10034 1
10035 2
10036 2
10038 2
1847 0
18232 2
1852 1
9866 0
8501 0
10048 2
15328 3
1858 1
1861 0
18246 2
10056 2
1865 0
1866 2
18255 0
1872 0
18260 1
18261 1
313 1
18264 1
1881 0
10075 0
1884 0
18271 0
10080 2
18273 2
10083 2
18279 1
10088 1
10089 2
1899 0
18284 1
18287 1
10099 2
18292 0
1909 0
10102 0
1911 0
10105 0
18301 2
1918 2
1919 2
1920 2
1923 2
1924 2
18070 0
10118 2
1927 3
18312 1
10123 2
1932 0
1934 0
3053 2
18324 2
18326 0
1944 0
10137 2
10138 3
18331 1
10141 0
10143 1
18337 0
10146 2
1959 2
18344 2
1961 2
1962 3
10155 2
1964 2
1966 0
18351 0
5521 2
1970 0
10166 2
1979 1
1980 0
18365 1
18366 2
10175 0
10179 0
18372 1
15350 0
13978 2
18375 1
18376 2
16716 0
10188 0
14251 0
10190 0
10191 3
18384 2
2001 0
18387 2
10196 1
18390 0
18391 0
10200 2
2009 0
2011 1
10207 2
10208 2
18401 1
18404 2
10213 2
2025 1
18412 0
338 1
18414 3
18419 1
18420 2
18421 3
18426 1
2047 2
2052 2
18437 0
2054 3
18439 2
2057 2
18443 2
10652 1
10256 0
10257 2
2067 2
18452 2
10261 2
10264 0
2073 2
1711 2
2076 2
18461 0
10270 3
10271 0
17800 2
2083 2
10276 2
18469 2
18470 1
18471 2
10281 2
18475 0
2092 2
10288 1
18483 2
2100 0
2102 2
11273 3
10296 1
18491 0
18493 2
2112 2
2113 2
7179 3
2116 2
10311 2
2121 0
10316 2
10317 1
18511 3
18512 3
2129 1
18515 2
10324 1
7182 0
10327 1
10328 2
8800 1
2138 2
15375 1
10332 1
10335 2
10337 2
18530 0
18534 2
2154 0
18541 0
18542 0
10351 2
2161 0
18547 0
10357 1
10358 2
10363 0
10366 2
2176 2
10369 2
10372 1
6892 2
18567 3
18569 1
15894 1
18572 0
2189 0
18574 2
18575 3
10384 0
18579 2
18581 2
18584 1
2201 2
2202 2
18587 3
18589 1
18590 0
2207 1
18592 0
18594 2
10403 0
10406 0
8561 0
18600 2
892 2
2218 1
10411 2
10412 2
10413 0
2222 2
2224 3
18609 0
10420 2
2229 2
18615 1
2234 2
10428 0
9930 3
2238 2
18626 3
18632 2
10441 2
18634 1
4471 1
12193 0
2254 2
5837 0
18640 1
4472 2
15395 0
2261 1
18647 2
10456 1
18649 0
2266 0
18651 1
10460 1
10461 2
10462 0
10463 2
10464 1
10466 0
2276 0
2278 2
2279 3
18664 0
10476 3
10479 2
2288 2
7208 2
18675 0
10484 2
10485 1
10486 2
18682 1
18687 0
2304 0
18690 1
2307 2
10502 2
18695 0
2312 2
10505 2
12674 3
10510 0
10513 0
4483 0
2324 2
10517 1
18710 2
18714 1
18715 3
483 2
10527 3
10530 1
18723 1
18724 0
10533 2
18727 3
10537 2
10541 2
2353 1
2356 2
2357 2
10551 2
2362 2
18747 1
2364 2
2365 3
18750 1
15413 2
2371 2
18760 3
2377 0
2378 1
10575 1
2385 2
18771 2
18772 1
18773 3
18776 3
10585 0
18784 1
18785 3
10595 2
18790 0
10599 0
2408 0
2409 2
10602 2
2412 0
18799 3
10609 0
18084 0
10613 1
18809 2
2426 1
18811 1
18812 2
10621 2
18814 2
12693 1
10624 0
18819 0
10628 2
8598 0
2440 2
10635 0
18830 0
2450 2
18837 2
18839 2
10648 2
10649 2
10650 2
2460 0
8602 1
10659 3
2471 3
2472 2
412 0
2475 1
10668 2
18861 2
1779 0
10676 0
2485 0
2486 2
2491 0
416 0
2498 2
2501 1
9975 0
2508 0
10702 2
2514 1
419 0
2517 0
10711 2
2522 3
10715 1
13723 2
11268 2
15761 2
2528 0
2529 0
10724 0
9086 1
10726 2
2535 2
10734 1
5419 2
2546 2
9982 1
2553 1
10746 0
1791 3
2558 1
10753 2
10754 2
4523 2
2566 3
2568 0
2569 2
2572 0
10767 0
10771 1
10773 1
10774 1
2585 0
2586 1
10780 0
2591 0
2593 2
10790 0
2600 2
10798 0
10801 2
2269 0
10803 3
2612 2
2615 2
10809 1
10812 1
10814 1
10815 2
2624 2
2625 0
10818 0
2627 2
10820 3
10822 1
2633 2
2634 2
2638 0
2639 0
2640 2
12728 2
2642 0
10837 2
2650 1
1807 0
2653 3
2654 2
16728 1
2657 0
2658 2
4539 1
2660 1
10853 2
10001 0
7271 1
10862 0
8545 0
2674 0
10868 0
2678 3
10873 0
2686 1
10879 2
10881 2
2690 0
10884 0
10887 2
8546 2
2702 2
10897 3
6364 1
8644 2
10906 2
2715 2
2718 2
10913 3
10011 1
10919 0
2731 3
7282 2
2738 3
2739 2
10184 0
10935 0
18207 2
2748 3
10941 0
2751 0
10945 2
2755 0
2756 2
2758 2
5921 1
2762 2
11383 1
2768 1
2769 0
2820 3
10971 0
638 0
2782 1
2783 3
2785 2
8420 2
10982 0
2791 2
2792 2
2793 0
8658 0
10991 1
14330 0
18216 2
2803 2
2804 2
2807 3
468 0
11004 2
1834 0
11009 2
10027 2
11012 2
470 1
2822 0
11015 2
11016 0
2826 2
1837 2
12760 0
2836 1
1838 2
11038 2
11397 2
2848 0
2851 1
11045 2
2854 1
1841 2
2859 1
11058 2
11059 0
11065 2
4575 2
2880 2
11073 1
11074 2
2883 0
2884 0
11077 1
11078 2
15500 2
2893 0
11086 1
2898 2
2899 2
2901 0
11094 1
5945 2
11097 1
2909 1
2910 1
11107 1
2916 3
11109 2
11111 3
11112 1
18236 3
2922 1
2923 1
11118 0
2928 1
2930 0
11125 1
11126 1
2936 0
11129 2
11132 2
11133 0
13713 2
2944 2
11138 2
11139 1
11140 1
1857 2
11145 2
16550 1
2959 2
2962 0
11155 0
11156 2
11159 3
11162 2
2903 2
16932 3
2973 2
11167 1
2977 0
11173 1
2986 0
2988 0
2992 2
2995 2
10440 2
11192 2
11193 0
11194 2
18250 2
15103 1
11200 1
3010 3
7738 2
3013 1
3014 0
11212 0
11215 1
3024 3
9648 2
11220 1
3033 0
3034 2
353 2
11230 2
3039 1
3040 2
12795 0
3047 0
3048 3
3049 2
3052 1
11245 3
12797 1
3058 1
3060 1
9922 1
11434 2
3071 1
3076 2
3079 2
1166 2
3081 2
10071 1
11276 1
11278 1
14833 0
3101 0
3103 0
3105 1
11299 1
11302 0
3249 1
11307 2
3119 2
11312 2
18653 1
3125 0
4617 2
11320 0
3129 3
3253 1
3136 1
11329 2
11330 1
11334 2
11335 2
11336 2
11343 2
3154 3
18275 1
6022 2
11349 0
11350 1
11355 3
11451 1
924 1
11371 2
11372 0
3183 2
3186 1
11379 3
7358 0
3191 2
3194 2
11388 1
3198 0
11391 0
11393 2
3205 1
11398 2
3207 2
11404 1
3215 2
3216 2
3218 3
11411 2
3222 1
537 3
11424 3
11425 2
8731 0
11428 3
11429 0
11430 0
3240 2
11433 2
3242 3
11463 1
3244 0
3246 2
11439 0
2563 2
11441 3
3251 0
16926 2
14196 0
8735 1
11452 2
3261 1
3263 2
11457 2
11458 2
3275 1
11461 1
3270 1
3271 2
3273 0
11467 1
16930 2
3280 2
3286 1
3287 2
3288 2
11481 3
3290 3
11484 1
3295 0
3296 0
551 1
3312 0
11507 0
11508 2
16937 2
3320 2
11515 0
11518 2
13477 2
11522 2
11523 1
3333 1
11531 1
4332 2
3349 2
11543 2
3353 1
3354 2
3355 1
3358 0
11553 2
3363 1
1270 0
11557 2
3366 0
11559 2
11562 1
11563 1
3375 2
10120 1
11570 3
3380 1
11575 0
11577 1
3386 3
11579 2
18662 2
11586 0
18315 3
11588 1
566 3
3409 0
11607 2
3416 0
3387 1
11610 2
11612 3
11613 1
3422 1
4667 2
11620 1
9116 1
10480 2
11634 2
11636 1
11640 2
11641 2
3451 1
3453 2
11647 1
3456 0
11649 2
3459 0
3460 2
10134 0
3463 2
3469 1
11662 2
3472 2
579 0
11672 2
11674 0
11678 0
11679 1
15600 2
1947 1
4678 1
3495 2
3499 0
11694 1
3504 2
3506 0
3509 2
8573 1
5404 2
3515 1
12457 2
3521 2
3523 2
11716 1
16972 1
3530 0
3319 1
11724 2
11734 1
3548 3
11741 1
11742 0
3323 2
11751 1
11754 0
11755 1
3566 1
3568 0
3571 2
3572 1
14249 0
11768 2
16980 2
3580 0
11773 2
11774 1
11776 2
7424 3
3586 0
11779 0
3588 0
11239 2
11785 0
3595 0
3330 1
3602 0
13759 0
11800 2
11525 1
3621 2
3622 2
6407 2
11817 0
11818 0
11822 0
16989 1
11825 2
11826 2
6067 2
13760 2
11831 1
11833 1
11837 0
17539 3
3648 0
11841 2
11842 0
3652 0
3655 1
14263 2
3660 3
11857 0
3667 2
17755 0
3669 0
3671 2
3674 2
3676 2
3677 2
3678 2
16997 2
11852 1
11874 1
18363 1
11877 2
3687 0
11880 1
11881 1
3690 2
11884 2
11886 2
11887 2
11889 1
3699 1
3701 2
3703 2
11897 0
14271 0
17002 1
11902 2
11903 3
3713 2
11907 2
11909 2
11912 2
11913 1
3351 3
3727 2
3730 2
3731 1
11924 3
11932 0
3754 2
3755 3
15645 3
11952 2
1992 2
3763 2
3764 1
3768 0
3770 2
3779 1
12918 0
3782 2
16220 2
3786 0
12919 1
3788 2
3789 0
10189 1
3792 0
11987 3
14286 1
15675 2
11998 2
11999 2
3808 2
2000 3
4731 2
3813 0
12006 0
3815 1
8828 1
12011 3
12013 2
12019 0
8830 0
3833 0
12028 0
14293 0
12040 0
8834 2
3862 2
12058 2
12059 0
9676 2
12061 3
2311 0
12065 0
3874 3
3876 2
12069 1
3879 2
12073 1
12076 2
7474 2
3887 2
3889 2
15667 2
12086 1
3901 0
12097 1
12100 2
12101 1
12103 3
12106 2
15406 2
12109 2
12110 2
12118 2
3928 2
3932 3
12127 2
12944 2
12131 3
12136 2
12139 2
3950 0
12144 1
12145 1
3955 0
12152 1
12153 1
12154 0
14314 2
3967 3
12160 0
3976 2
12173 0
3983 2
3984 1
17048 3
12181 1
12184 2
3396 0
3994 0
14319 0
3996 3
133 2
4001 1
4003 1
12196 3
4006 2
16773 2
12202 2
12206 1
4019 1
12958 0
16939 1
8863 3
4029 2
12222 2
12223 1
14046 0
4768 2
4035 0
12238 3
14865 0
14329 3
4058 2
15138 0
4061 0
4063 2
12257 0
4066 1
12259 2
12262 2
12264 1
12270 2
4079 0
4081 1
4084 1
4086 2
12279 2
12281 0
4093 1
15820 1
12293 3
4102 3
15703 1
12300 2
7229 0
12304 0
12306 2
4115 0
18436 2
12314 2
4126 0
12324 2
4134 0
12327 2
4137 2
12330 1
12331 2
4140 0
4143 0
4148 1
4151 2
4152 2
12348 1
4164 0
4167 2
12360 1
4170 1
4173 2
4175 2
4177 2
12370 2
12371 2
12372 0
4182 3
12380 0
4794 2
18143 1
4192 2
10778 0
12389 2
4198 0
18449 1
12988 1
4205 2
4206 3
12402 1
4212 0
12405 2
4214 0
12408 0
4217 3
12411 2
3434 1
4230 0
12423 2
7532 2
12426 0
12430 1
15725 0
4245 2
4248 0
12446 0
4256 2
12451 1
4262 2
4265 3
12459 1
15730 1
4270 0
10269 0
12466 1
12470 2
3143 2
18463 0
714 1
8326 2
12480 2
12487 0
4296 0
4302 1
12496 1
11626 0
18467 0
4310 0
12504 0
12505 1
12506 1
4316 1
12509 2
4318 2
4319 0
8912 3
4323 2
14374 0
4326 0
12521 2
16511 0
12524 1
4333 2
12526 1
4335 2
4336 0
4337 2
4338 1
4340 0
4345 2
12539 2
4354 2
2091 2
15745 2
12554 3
4364 2
4369 2
4370 1
4371 2
4374 2
4377 3
4378 0
12571 1
4380 2
12573 0
4383 2
12578 0
12579 0
12580 2
4389 2
4391 2
12589 1
12591 1
2099 2
12596 2
12598 1
4409 1
12603 3
4414 2
12613 1
4423 2
15423 0
738 2
12622 1
4435 1
4436 2
4437 3
12632 1
4441 1
12635 0
12637 1
741 2
4448 1
12645 0
12647 1
4457 2
12652 2
4461 0
4462 2
14397 0
17061 2
12662 1
12663 2
12664 1
4479 2
12672 3
14632 2
4482 1
17131 1
10305 2
12681 0
4490 1
12684 1
12686 2
4495 1
4497 0
4498 2
10307 0
4501 0
12696 1
12698 2
4511 1
12704 1
7579 1
12711 2
4520 0
4522 1
12715 2
4524 1
12717 1
4527 1
17336 2
4532 1
12726 0
12727 1
4536 0
756 0
12730 1
12731 0
4853 0
4545 0
4549 0
12742 1
3489 3
12745 2
12748 2
12754 2
4568 0
4569 0
4571 0
12765 2
4574 3
12767 3
4577 2
4579 3
4580 1
4581 1
4584 0
764 2
13394 0
12780 1
12782 0
8957 0
12786 0
4595 1
12788 2
12790 0
18516 2
8959 0
12796 0
4605 2
12799 0
4609 1
4610 1
4611 2
12805 1
4615 0
12809 1
12813 2
2136 0
4626 2
4627 3
4632 2
4633 2
12827 1
12828 0
10330 3
4642 0
10331 0
4648 1
12843 1
12844 3
4653 0
4654 1
12847 2
12849 0
4658 2
4659 2
12852 2
12853 2
12856 2
2143 3
4668 2
12861 2
12862 2
12865 2
4674 1
4677 1
12870 1
18529 0
12872 2
17164 1
12874 1
4685 0
4686 2
4687 0
4688 1
4689 0
9289 3
4696 1
4698 2
12898 1
4709 1
12903 3
12905 3
12906 2
12908 0
8978 1
4719 0
4721 2
4724 2
4726 1
4727 1
12923 3
4733 2
4734 2
12928 1
12929 0
12930 2
12932 1
4741 1
4744 1
2467 0
4751 0
4752 1
4754 2
4755 1
4758 0
12957 1
4766 1
12960 2
12961 2
12963 1
4772 0
4773 2
4777 1
4779 1
12972 2
4893 1
4784 1
4785 0
12981 1
11721 1
12985 0
12986 2
12987 1
4796 2
4797 2
12990 3
4799 1
12992 0
17345 0
4803 3
4805 1
7015 2
4807 1
4808 1
4809 2
13002 1
4811 3
13004 2
4813 1
4814 2
13009 2
13010 0
4820 2
13014 2
4826 1
4827 1
13021 0
13023 2
4835 1
13028 0
13030 2
4839 0
4840 0
4848 1
13042 2
13043 2
13045 1
4854 0
4855 2
4856 1
13054 1
4863 1
13056 0
4866 0
13060 0
13062 0
2177 1
13067 3
13077 2
13078 0
2180 2
8619 3
3709 2
4897 2
4898 2
4900 0
4901 0
17054 1
13096 2
4905 2
4908 1
4910 0
4911 2
13104 3
13107 0
4916 2
13110 1
2185 2
13112 1
13108 0
14894 2
4927 2
4929 0
13122 1
17206 1
15841 2
13129 2
4939 0
13135 2
6984 1
4920 0
4948 2
13113 0
2191 1
13148 2
15254 3
13150 3
4959 0
13153 2
17211 1
13156 0
13158 1
13160 1
13163 0
4973 0
4974 0
14623 0
1997 3
13173 2
13174 0
4983 0
4984 2
13177 1
4986 2
4987 0
13181 1
4990 2
13183 0
13188 0
4997 2
4998 3
13195 0
13196 0
4930 2
13199 1
13204 2
13205 2
13208 2
9028 0
13210 2
5020 2
5021 2
11760 2
13220 2
5030 2
5031 3
5032 0
13226 0
2077 2
5037 2
13230 2
5039 0
13233 1
13237 1
5046 2
13244 2
13245 2
5057 3
13256 1
13257 2
5067 2
14498 2
13266 1
2211 0
13272 0
13273 1
13275 2
13276 2
13277 2
13278 2
5088 1
13282 2
5091 2
17233 2
5098 0
5100 2
5101 3
13295 1
13296 1
13301 2
13303 2
13140 3
5115 1
12991 0
13310 1
3584 1
5123 2
15637 2
17238 1
13320 2
13323 2
13329 2
13332 2
14510 2
13334 0
5146 0
13339 3
16811 2
13342 2
11781 1
10416 1
5156 0
13349 0
13351 2
13353 0
13354 1
13355 2
17245 1
13360 2
5171 1
13366 0
2228 0
13370 0
13371 3
17792 0
13376 3
5186 0
13379 0
5190 2
4961 1
2231 2
5196 2
5198 2
13392 0
3992 3
13396 0
5206 1
5208 1
4964 0
7695 2
10426 1
5214 2
13407 0
5217 0
5219 1
13412 0
13415 0
18620 2
13418 1
13419 1
5229 2
13423 0
13424 2
13429 1
9065 2
7701 0
8237 2
5251 2
5253 3
3581 0
2630 1
13458 0
5268 1
13461 0
5272 0
5274 0
17263 0
5277 0
5279 1
13473 3
5283 2
5284 0
6177 1
5291 0
9576 0
5293 2
13489 0
5299 0
5301 0
5303 0
9076 0
5306 1
13500 0
4982 1
5318 0
13511 2
13512 1
5321 3
5322 2
13515 1
15906 2
13519 2
5329 0
13522 0
9081 2
13529 1
5338 0
13532 0
5345 2
5348 3
13542 0
5352 1
17276 0
13551 2
5360 1
5361 2
13557 0
5369 2
13569 2
5378 2
10380 1
5380 1
13573 2
13575 0
13578 2
5387 2
13581 0
13586 0
13587 2
13588 2
3630 2
13590 2
13594 3
13596 2
5090 3
5411 2
3633 1
13608 2
5417 3
13610 1
17287 1
3634 3
5423 0
5424 0
5425 0
5431 0
5433 0
13627 2
5436 3
13634 2
5444 2
5445 0
13638 2
17292 1
5464 2
18660 1
5469 1
13662 0
13664 0
13666 0
5475 0
5476 0
5477 0
5478 0
1819 0
5481 0
13676 0
18459 2
17299 0
5494 3
5495 3
5497 2
11839 3
9311 2
13695 2
13696 2
11840 0
13698 1
5507 0
5508 2
5511 0
6380 0
13707 2
13710 2
9112 2
5526 0
5531 3
14576 0
5538 0
5539 1
13734 1
13737 2
14578 1
13742 2
5553 2
10483 0
8914 2
5562 1
5564 1
13758 0
5567 2
5568 3
3659 0
3968 3
5576 1
13769 0
12188 2
5579 2
5580 1
5581 2
5583 2
5587 1
5590 3
13783 2
13796 0
5606 0
3665 0
13801 0
5615 3
5619 1
13814 3
5623 0
13816 2
11860 1
5626 3
2915 2
5630 2
13823 1
5632 1
13825 0
13827 0
2075 0
5639 2
5641 0
5644 3
10498 2
13229 2
5649 1
5038 0
5657 1
5659 0
13570 3
5666 0
5669 1
5670 1
17329 3
5674 1
13867 2
9138 0
13871 1
5680 1
5684 3
5685 2
5686 2
13879 2
5691 2
9142 0
5702 0
13900 0
3682 2
13902 0
5712 0
5713 2
3683 1
5716 0
5718 0
5720 2
13920 2
5729 0
13927 1
7556 0
5742 1
9149 0
3688 1
3689 1
5753 0
5754 2
737 2
2325 0
7787 1
13959 1
5770 0
13965 0
5776 2
5777 2
10831 2
15983 2
9157 3
13984 0
10523 2
17350 0
13990 0
5806 0
14000 2
14002 0
5811 2
5812 0
5814 2
10832 0
5818 2
14011 3
16015 1
5821 2
4831 1
14015 0
14019 2
5828 0
5833 3
5377 2
14029 2
13261 2
14036 1
5845 0
5847 0
5849 0
14042 2
5851 3
14045 0
8651 0
14047 1
5858 2
5859 2
5868 2
5871 3
14065 0
14067 0
3710 0
5879 2
14078 1
14087 3
5896 2
14090 2
14101 0
14103 1
5912 2
5916 1
5918 2
3717 2
14640 0
5922 0
5925 2
5927 3
14121 3
5930 2
5933 2
5937 0
14130 1
2801 2
14133 2
5943 0
14137 2
14138 1
9184 2
14147 2
5961 2
14156 1
14157 2
5966 2
13283 2
4836 0
14167 0
14171 0
14172 1
5982 2
10555 0
5990 0
14186 2
5095 2
2109 0
14194 2
8656 0
14198 3
14202 3
6011 2
6013 2
7829 1
14212 2
6021 2
14214 2
6023 1
14219 0
6028 0
14221 0
14222 0
14224 1
14226 2
18755 3
10294 1
6044 3
6045 1
14239 0
14240 1
6051 2
6053 1
6057 2
1470 2
6059 1
14252 0
14253 2
14254 2
6063 3
6066 3
1011 3
6068 2
14262 2
6071 2
6073 2
6074 1
14267 1
14270 0
1013 2
14274 2
14280 0
6094 2
14287 1
5113 2
6101 0
6103 2
248 1
14301 0
14302 2
14309 0
6120 2
6122 2
17405 2
14322 2
6131 0
6132 2
6134 1
14327 2
6136 2
6137 1
6138 0
6139 0
6140 2
14336 1
6150 0
1025 2
6152 3
6154 2
14348 2
6159 2
14353 0
1027 0
14357 2
14360 1
13316 0
14364 1
6173 0
6174 2
6175 1
6176 1
14369 2
14371 1
16027 1
6182 0
6183 2
14376 2
6187 2
14380 0
6191 1
14386 2
6196 2
14389 2
14390 0
13027 0
6200 1
14393 2
14394 2
6204 2
6205 2
6206 2
6211 0
14404 1
14408 2
14413 2
14414 2
14417 0
9230 0
14422 3
6231 2
14424 1
16058 0
14430 3
14432 3
6241 1
14437 2
6251 2
14444 2
14449 2
14455 0
754 2
14458 2
6270 2
11120 0
10604 3
6282 2
6286 3
14480 0
9240 0
15758 2
14488 3
14489 1
10607 1
14492 0
6306 1
10030 2
14501 0
14505 2
6315 0
6318 0
14511 0
14513 2
5150 0
11978 0
6335 0
14533 2
14535 1
14540 1
6349 2
14542 2
14544 2
14546 0
14552 2
13348 1
6363 2
14556 2
6367 2
14561 3
6373 1
6374 1
6378 1
6379 1
14572 0
16082 2
6383 1
6384 0
6386 1
6387 2
6389 1
14584 0
12488 0
6398 3
16085 0
14596 1
14599 3
18612 1
14604 2
14607 2
14608 2
6417 0
6418 0
14611 1
6422 1
6424 0
6425 3
1071 1
6428 1
6429 1
1843 0
14625 2
14627 2
14631 2
10580 0
7900 2
14634 0
18218 2
6446 2
14639 0
6448 1
14644 1
6454 0
14945 1
6456 1
14651 2
12763 2
6465 0
6466 2
6467 2
17462 0
6470 3
3809 0
6475 0
15155 0
14673 2
14680 2
6494 0
6500 3
6504 2
17468 1
6506 2
6507 2
17469 0
7912 0
14710 2
6521 0
6523 2
16584 0
6527 1
14721 0
14724 2
14725 0
14728 3
14730 1
14731 2
14732 2
3821 2
18840 2
16312 2
14746 2
14756 0
2128 1
14761 1
5191 2
14773 0
6583 2
14778 2
492 0
14782 2
5195 2
14789 2
6600 0
14793 1
1038 0
6603 1
6604 2
6605 0
14800 2
14803 2
14804 2
14805 2
6617 2
6619 2
6621 2
6622 0
6625 2
6627 0
6630 3
14823 3
6632 2
10663 3
14829 2
10664 1
6643 3
6646 1
6648 2
6651 1
14847 0
2131 0
1040 0
6673 1
6675 3
6676 0
6679 2
14874 2
14876 2
14878 2
14881 1
6691 1
14884 2
14886 1
14888 2
6697 2
6702 1
6703 1
14896 0
6705 0
14899 1
6708 1
1118 2
16137 1
14904 2
6713 0
6715 2
14913 2
6723 1
14916 0
6725 0
14918 3
9313 0
14921 1
14924 1
6733 0
14932 2
18228 2
6744 1
14937 3
6747 2
14942 3
6752 2
6753 0
14947 1
6757 0
14951 2
6760 0
14960 2
6772 1
6770 2
14964 0
14966 0
14967 0
6776 2
6777 0
14972 2
14975 1
6784 3
45 1
6787 0
6788 1
14981 1
14983 2
14984 0
6793 0
10319 3
14988 1
14989 0
6798 1
6803 1
14996 2
15000 0
6809 0
6810 1
15004 2
6815 0
15009 2
6819 3
17685 2
15020 0
15021 2
15022 2
6835 1
6836 1
6837 1
6839 3
6840 2
15035 3
6845 0
15039 2
15041 2
6850 1
6851 1
15044 1
228 2
6855 1
6860 1
6865 0
6867 1
15061 0
15062 1
6871 0
15067 2
15068 2
6877 0
6878 0
6881 2
15074 0
6886 2
15084 3
15085 2
1149 0
10707 2
15093 3
1048 3
3881 0
6905 1
6906 0
6907 2
15102 1
10709 2
6912 2
15105 1
15106 1
15107 1
15109 1
6920 2
6922 1
15117 2
6928 1
15122 2
15123 1
6933 3
6936 1
6937 0
6939 2
10714 1
15135 2
15136 1
15137 3
6946 2
14811 2
15140 0
15144 0
15145 0
6954 3
6955 0
6958 2
15151 3
17544 2
6963 2
15156 3
15160 1
15162 1
6977 0
15176 1
9356 3
6991 0
6994 1
6995 2
15189 0
6998 2
13249 3
15192 0
7001 0
15194 2
15195 2
15207 3
16188 3
7018 1
7020 2
6232 2
7022 3
7023 1
7024 2
7025 2
17555 3
15221 0
15225 1
15229 2
15231 0
7040 0
15234 3
15235 1
15238 0
15241 2
15244 0
15245 2
13464 3
7058 3
7061 2
7062 0
15255 0
7064 2
7065 3
15258 1
1138 2
7069 0
15264 2
15265 1
15266 1
7076 1
7077 2
15270 0
7079 3
7080 0
7081 0
15276 2
6237 0
15279 2
7088 0
15281 2
14835 0
15287 2
15289 3
7098 2
7099 3
2549 2
7105 1
7109 0
15303 2
15304 2
16204 1
11504 3
10057 0
7120 2
7121 2
15316 1
7129 2
7130 0
7131 0
7133 2
18241 0
5285 2
7136 0
15329 2
7138 0
7139 0
7142 1
7155 2
7158 2
7160 3
15355 2
7164 2
7176 1
15371 2
15373 3
15374 0
7183 0
15376 3
7185 2
10755 0
15380 1
15381 2
7194 2
9392 0
7202 0
7203 2
11151 1
7206 2
1201 0
15400 2
15401 0
15403 1
7214 2
7216 2
7219 3
7221 0
15417 2
7227 2
7228 1
2150 2
7230 2
7231 0
7235 2
1206 2
7241 1
7244 0
7246 2
15439 1
15440 1
7250 2
15448 2
7264 2
15463 0
15473 0
15474 0
7288 0
15482 1
16064 2
15485 3
18792 2
15490 1
15492 0
15496 0
15499 2
16088 1
15503 2
15506 1
1219 0
15509 1
15510 2
15517 1
7332 2
376 2
15527 1
7336 0
15529 0
15531 0
7345 0
15539 0
7349 2
1225 2
10783 3
9418 1
15550 0
15552 1
7362 1
7365 0
6689 2
15560 0
15561 1
15562 0
16885 0
15565 1
7374 3
3960 2
15574 0
6692 2
15578 0
15579 2
7388 2
15582 0
7391 1
15584 2
15594 3
7403 1
7405 2
12157 3
7408 2
7409 1
15602 2
9794 0
14889 0
17620 0
15612 1
15616 0
7425 3
7426 0
15621 2
7436 1
15630 1
7440 2
15634 0
2606 3
15638 2
7447 2
7448 2
15641 0
7450 2
15644 1
7453 1
8069 2
7459 2
15653 0
15654 2
15655 2
15656 0
5340 2
9215 0
15661 1
15666 1
6707 1
14979 3
15669 1
15670 3
15671 0
7481 1
7482 0
7483 0
15676 0
15677 1
7887 0
6709 0
7488 2
7489 2
6796 0
7491 2
7495 0
7497 2
15693 0
15694 1
1251 1
15701 0
2617 1
15704 0
15705 1
15706 1
7516 2
15711 2
15713 2
7522 2
15715 2
15718 0
15719 1
15722 2
9447 1
15724 0
7533 0
15726 1
7535 0
15728 1
9448 0
7538 3
15731 1
15734 2
15735 0
7544 2
15737 0
7548 2
15741 1
7553 0
15746 0
7555 0
15748 2
15750 0
10817 1
7561 2
15754 0
2626 0
7566 2
15759 3
15760 0
7569 2
15765 2
7578 1
15771 0
7580 2
15773 2
15774 0
7585 2
15778 0
7587 0
15781 1
7592 2
7593 2
15788 1
1266 0
7603 2
15798 1
10825 0
7608 0
15801 0
15803 0
7618 0
15812 2
7621 0
7623 1
7624 3
15817 2
16348 2
15827 3
7638 1
9465 1
7643 0
7649 2
15842 0
17659 2
15851 1
15852 2
7661 0
7665 0
15861 1
6740 1
7675 0
15871 1
7681 0
14986 0
7687 1
7688 2
8780 1
7691 1
7693 2
16301 1
15889 1
15893 0
7702 2
7705 0
15898 2
15899 1
15901 1
2779 2
7714 0
15910 1
7719 1
7720 0
15915 1
7728 2
16307 0
9532 3
7737 1
15930 2
7740 0
5386 1
7743 2
7745 1
7747 2
7751 2
7753 3
5389 2
15953 1
15954 1
15957 0
7766 1
15959 1
7773 0
7778 0
7779 2
15978 3
15979 1
7789 2
7791 1
15984 0
7794 2
7795 0
15991 0
15992 0
17684 2
15994 2
7805 2
15999 1
16000 2
16002 2
16003 2
7812 0
17686 2
7816 0
2127 0
7819 3
7821 0
16014 2
7823 2
16021 0
7832 3
2016 0
7838 2
16032 1
16034 2
1307 0
16041 1
16043 2
16045 3
16046 0
16050 3
18538 2
7865 2
7866 2
16059 0
8991 2
6774 0
16073 1
7884 2
17698 0
16079 2
7890 2
4046 1
7896 0
7898 0
16092 2
7901 0
7905 0
7906 2
16104 0
16108 2
7917 2
16110 2
7919 0
16113 2
16115 2
16117 2
16120 1
16130 0
1323 0
16134 0
7945 2
2174 0
7950 0
16143 2
16145 0
16147 3
16152 1
16156 2
16157 2
7968 0
16161 2
7970 1
7977 1
16171 0
8449 2
16176 0
2017 0
7986 2
16180 0
16186 2
7995 2
7996 2
6794 2
8000 0
8001 1
16196 1
16201 1
8010 1
16203 0
8012 0
16207 0
16209 2
8024 0
16356 0
8028 3
8033 3
16226 0
5435 0
8166 2
1340 2
8042 0
16235 1
8044 1
8046 0
9533 2
16240 1
8051 0
16250 2
16252 1
16254 2
8066 2
16261 1
16265 1
16266 2
16269 2
8079 0
8082 0
8085 2
16279 0
16282 1
8094 0
8095 3
16290 0
8108 2
8109 2
16302 1
16304 2
16306 1
8115 2
16309 1
1353 0
543 2
8124 0
16321 0
15001 1
16333 1
8142 3
9549 2
16336 3
8152 3
16347 2
8156 1
16349 1
8159 3
8455 0
16093 2
6732 2
16358 2
8168 2
8170 2
16367 2
16369 0
16371 2
8190 2
8182 2
16376 2
16382 1
