8192 2
8193 0
16386 2
4910 0
16388 2
0 0
16391 1
8200 0
16393 2
8203 0
16396 1
16397 1
17567 3
18004 2
16401 2
8210 0
16387 2
8212 0
4528 2
16407 0
8219 2
16412 0
17754 2
16414 2
16415 2
15760 0
33 0
16418 0
8227 2
16420 2
8198 2
16422 2
16423 0
11458 2
17756 0
6623 0
16428 0
8237 2
8241 2
52 1
16437 1
15823 0
8247 1
16440 2
8250 1
16443 2
16445 2
62 2
16447 2
17951 2
66 1
68 2
69 1
8262 2
16455 2
16456 2
73 2
74 0
75 2
16460 2
1378 3
8270 0
5475 0
8279 2
88 2
16473 0
8285 1
8286 2
8288 2
16400 1
16484 1
8293 1
8295 2
10940 2
8298 0
1383 2
110 0
6845 0
8304 0
114 0
10915 2
8460 2
12279 2
8312 1
16404 3
122 3
123 0
16509 1
126 2
10039 2
15040 1
16514 2
1387 1
132 2
133 2
4096 0
16519 0
136 0
8329 0
16522 1
139 3
8333 2
16527 2
144 2
7097 2
8338 2
147 0
148 1
8358 0
8342 2
151 1
15277 1
8734 0
8348 2
16541 0
16542 0
16543 2
16544 3
16545 2
162 2
163 2
8356 3
16550 1
1393 2
9280 1
169 1
173 2
15827 3
175 3
8368 1
177 1
178 0
8371 2
8222 2
183 2
16568 1
15009 2
12554 3
187 1
17737 2
8385 0
195 2
4801 1
197 2
7639 2
8391 2
200 0
201 1
16586 2
5495 3
16588 3
16590 3
16591 2
8401 2
16594 2
7372 2
11191 2
214 0
8407 2
8228 2
218 3
15055 2
220 2
8413 2
8415 1
224 2
14192 2
8420 2
4134 0
16614 0
16615 0
16616 1
233 2
16618 2
16619 0
16620 3
237 2
8430 2
9597 2
240 1
16625 0
244 3
15011 0
246 0
247 2
16632 2
5503 1
16638 0
8447 0
16640 1
8449 2
16644 2
261 2
16646 1
263 2
16652 0
8461 3
8462 0
271 2
8465 0
274 2
8468 0
8469 2
279 0
280 3
8473 2
16666 1
16668 1
14194 2
16670 0
8479 0
8480 1
6875 1
292 0
8485 2
8486 2
16433 2
8488 2
16681 1
16682 0
16683 2
16684 2
16687 1
8496 2
305 2
4147 2
8502 1
13705 0
313 1
315 1
316 0
16701 2
8510 2
319 2
12690 0
8513 0
17803 1
324 1
8517 1
15073 1
16713 0
16859 3
8524 2
15074 0
16719 2
336 0
16721 1
340 1
16725 1
8536 1
8539 1
16733 2
8543 3
8544 3
16737 2
354 2
8548 2
16741 2
16742 1
16743 2
16744 2
16745 0
15079 3
9618 0
16752 2
8562 1
371 0
8564 2
16757 0
374 2
16759 1
376 2
16761 1
16765 2
383 0
384 1
16770 1
387 0
390 1
8583 3
392 1
11197 3
8586 0
16779 2
8588 1
397 3
8592 2
401 2
8594 1
405 0
8599 0
409 0
410 2
411 2
412 0
16799 1
416 0
8609 2
8610 1
18082 0
420 1
14951 2
16807 1
424 0
8617 0
427 2
8621 0
16814 2
9629 1
8625 2
16818 0
8628 1
16821 1
438 0
16457 2
1694 2
8633 0
18291 0
8266 2
446 2
8640 0
1440 2
450 1
451 1
8644 2
453 1
454 2
455 1
16841 2
8650 1
459 0
1442 2
8654 0
16847 0
464 2
8657 2
466 3
16851 2
8660 3
16854 2
6905 1
16856 2
16857 1
475 1
11187 0
16861 1
16863 2
16864 2
16865 0
8675 2
9638 3
488 2
16873 1
8683 1
12551 2
2813 0
8688 2
8690 1
8275 2
16884 1
15102 1
16886 2
504 3
505 3
7109 0
8699 1
509 3
8702 2
16896 1
16897 2
16898 2
16900 2
2150 2
16902 2
15105 1
8715 0
524 2
15106 1
8718 2
658 0
4184 2
533 0
8727 0
537 3
538 0
8731 0
8732 1
16925 2
16926 2
543 2
8737 2
8738 0
8739 3
551 1
16937 2
8746 2
16939 1
18022 1
558 1
4383 2
9660 2
562 3
13747 1
8756 2
16949 0
8758 2
8759 1
8762 1
572 0
573 1
574 0
8767 0
8769 1
8771 3
581 1
8775 0
8776 1
585 2
16971 1
16972 1
1760 0
591 1
16976 1
9656 1
594 0
595 1
16980 2
17849 2
8792 1
8292 2
8794 1
8795 3
8796 0
16989 1
8799 2
609 2
11477 2
611 1
16997 2
614 2
8807 2
17001 0
17002 1
8811 1
8812 2
621 2
8814 2
8815 2
8816 0
12494 2
17011 0
628 0
629 1
17014 1
8824 0
17019 1
636 2
17022 0
1385 3
17024 2
641 0
8835 1
17028 0
17030 1
9665 2
8841 2
8842 2
651 0
17036 2
8845 0
17038 1
655 2
657 3
8850 0
17043 0
660 2
17045 0
6937 0
664 0
17049 1
666 0
8860 1
669 2
8862 2
17055 2
8864 2
17059 0
17061 2
17062 0
8871 2
680 0
8873 2
17066 2
8875 2
17068 3
8877 1
6941 0
17072 2
17074 1
17075 0
8884 2
17077 3
17078 2
12571 1
8890 0
6943 2
701 2
702 1
17089 0
706 2
707 0
708 2
8902 2
17095 0
8904 1
17097 2
714 1
17099 2
716 1
15138 0
17104 0
13772 2
8914 2
17108 0
9678 3
8919 2
8921 2
730 2
731 0
732 1
4218 1
8929 2
17122 0
13118 0
2287 2
15142 0
742 0
8935 2
744 2
746 2
17131 1
749 0
17134 1
4221 2
7390 0
17137 2
17138 1
9683 0
17140 0
757 2
17142 0
8952 2
8953 1
8955 1
764 2
17149 3
766 1
8959 0
17153 0
17154 0
8963 2
773 2
774 1
15847 1
8968 0
17161 2
8970 2
780 2
8322 2
17997 3
8975 2
17168 2
785 2
786 0
787 2
8980 1
17173 1
790 2
8984 1
17177 0
8986 2
795 2
17180 2
5482 0
8990 2
8991 2
8992 3
801 2
803 2
17188 2
8997 0
4664 0
17193 2
17194 2
17196 1
17197 0
9008 0
17202 0
9011 2
9694 0
17207 3
825 2
9018 2
17211 1
17213 0
9022 3
9023 2
832 2
17217 2
17218 1
12427 2
17220 1
837 0
15843 0
17224 3
17226 0
844 2
17229 3
9038 2
17231 0
17233 2
17235 0
852 2
9045 2
11065 2
856 0
9049 2
9051 1
860 3
861 2
862 0
16528 1
9058 3
9060 3
870 2
9063 1
17256 2
9065 2
874 3
13799 2
17262 0
879 2
17264 0
17265 2
17266 0
884 1
885 1
887 2
888 2
9081 2
9082 2
17275 0
17276 0
894 2
895 1
9088 3
17283 0
9092 0
9093 1
9095 2
17290 2
17291 2
17292 1
11074 2
910 1
911 2
913 2
9826 2
17300 1
917 1
17302 2
17303 0
9112 2
9113 0
17307 2
9116 1
17309 0
17310 1
17311 2
17313 2
9123 2
932 3
9125 2
934 0
9127 2
9129 2
17322 2
375 0
17325 1
9134 0
9135 1
9136 2
9137 2
9138 0
17331 1
9140 2
6851 1
951 0
952 1
9145 0
17338 1
17340 0
957 2
17342 2
959 2
961 1
18572 0
9155 2
9156 1
161 0
17356 2
17359 0
17360 2
9169 0
4259 2
9173 2
1942 0
17367 1
17368 1
9177 1
16127 3
9184 2
17379 2
9188 1
17381 2
1002 0
4371 2
17391 0
9201 0
1010 1
17395 2
17399 2
9209 1
10945 2
1021 0
1022 2
9215 0
9216 0
17409 1
9218 2
1027 0
1028 1
1030 2
17416 1
1034 2
1035 2
1038 0
9231 2
1040 0
17426 2
17427 3
10427 1
9237 2
1046 2
15193 1
17432 2
13828 1
1050 1
1051 1
1052 0
7002 2
17438 2
9247 0
17440 2
1057 0
17445 2
1063 2
9256 1
11100 0
17450 1
16562 2
9262 2
1071 1
9264 1
9265 1
17458 2
1075 0
1077 2
9270 2
17463 1
9272 3
17466 0
17467 2
17472 0
17473 0
17474 2
17476 0
17477 1
1094 3
9287 0
17480 2
1548 2
8375 0
9292 1
11106 1
4699 1
17488 2
9297 0
11107 1
9300 1
1109 3
18586 2
16131 1
7012 0
9307 2
9308 1
9309 1
9310 0
1119 2
9312 2
17505 0
17509 2
9318 0
17512 1
286 1
9322 1
16950 2
17516 2
17517 1
17519 2
1137 0
1138 2
17523 2
190 3
17527 0
10264 0
9338 2
17532 2
17533 3
1150 2
9343 2
1154 2
1155 0
1156 3
17541 1
9350 2
17543 0
17544 2
7020 2
9354 1
17548 1
17549 1
1166 2
17551 2
17552 1
17553 2
17554 2
5736 2
9364 2
7022 3
17558 1
17559 2
17560 1
9369 3
1178 0
15215 0
1181 3
16540 2
16581 1
9376 0
17569 2
17570 2
1187 2
1188 1
17573 1
17574 1
9383 0
8223 0
17577 1
17578 2
1195 0
17581 1
9390 1
8392 2
1203 2
9397 2
9398 1
17593 2
9403 1
17597 1
17598 2
17600 1
18044 0
17602 0
9411 2
9412 1
17606 1
17607 2
2992 2
17609 1
1226 1
17612 2
9421 2
9422 0
17616 0
11128 2
9426 2
9427 2
17620 0
206 3
15225 1
1240 0
1241 2
1242 3
8399 0
1245 0
1248 0
17633 3
1250 0
1251 1
9446 1
9447 1
17640 1
17641 1
17642 1
9451 0
1260 0
17645 0
1262 2
9455 1
17649 1
1266 0
17651 0
17652 1
9461 2
9462 2
9465 1
1274 0
1275 0
17660 2
9470 2
17663 1
17664 0
1281 0
1282 0
5675 1
9476 2
17669 2
17670 0
9479 2
17672 0
17673 2
9482 0
17675 2
9484 1
1294 2
17680 0
1299 1
9492 2
17686 2
12505 1
17688 0
17689 2
1306 3
11773 2
17692 3
9501 0
6863 0
17695 2
17696 1
9505 2
17698 0
219 0
17702 2
17969 0
1321 2
1322 2
17707 2
17502 3
9517 3
17710 2
17713 0
1330 0
1331 1
9525 2
17719 1
9528 1
1338 1
17723 1
1340 2
17725 0
17726 2
17727 1
9536 0
9538 0
9540 2
16139 2
1353 0
1354 1
1355 1
17740 3
1358 2
9555 1
9556 2
1365 0
16612 1
9562 2
17755 0
1372 1
17758 0
1375 2
11193 0
9569 2
17762 2
17763 0
1380 0
230 0
17767 1
1596 2
9578 1
6283 1
1391 0
1392 1
8424 2
882 0
9588 2
17982 2
9590 2
9321 0
9592 1
17785 0
3897 0
17983 3
9596 0
8426 2
1407 2
1410 2
9604 2
1414 2
1415 2
17800 2
17801 2
9610 2
9611 2
1420 0
9615 2
320 3
1425 2
1426 0
17987 0
1428 0
17814 2
9623 2
9624 1
9625 0
9626 2
1436 1
17821 2
1439 2
9632 1
1441 1
9634 1
9635 2
1444 2
9637 1
1446 2
9639 2
9642 0
17835 2
9645 2
1454 2
17839 0
1456 0
17841 1
1458 2
17843 2
8232 0
1464 2
9657 0
17850 1
7141 0
17852 2
2231 2
17854 0
1471 1
9664 1
1473 1
1474 2
1611 3
9669 2
10142 2
3313 2
9672 1
9673 1
1482 1
9675 1
9676 2
1486 0
1487 0
1488 1
11171 2
17879 0
1496 1
14780 2
16144 0
17887 2
17889 0
1509 2
9702 2
17895 0
17896 1
9705 0
9708 2
9711 0
596 1
1521 3
16963 0
1523 0
17910 0
17911 0
9720 1
5716 0
9722 2
9724 1
1534 0
1538 2
17924 0
17925 0
1542 2
1545 2
1546 0
1547 2
9740 2
17934 2
1551 2
17936 0
17937 2
7086 0
2234 2
17944 1
1561 2
1562 0
7087 1
17948 2
17949 2
8349 2
1567 2
17952 2
9761 1
1416 3
9764 0
9765 0
9768 2
5724 0
9770 1
9771 1
17964 0
9773 2
9777 0
9778 0
17971 2
17973 2
1591 1
1592 3
17977 2
1594 1
17979 2
17980 0
1597 1
1598 0
9791 2
9792 2
17985 2
9795 0
1605 0
1606 1
1608 1
9801 2
1610 1
17995 2
4418 0
9805 0
17998 2
1615 2
18000 0
11192 2
9810 2
9811 0
9812 0
1621 0
1622 2
9815 2
18008 1
9817 2
18010 0
1627 0
1629 0
9823 0
1634 2
1635 2
18020 0
9829 2
9830 2
9831 2
1640 2
9833 2
10403 0
16658 0
9838 1
873 1
18032 0
18033 0
17687 1
1651 2
1652 2
1653 2
18038 2
9852 0
1661 1
1662 2
9855 0
18048 2
9857 0
1666 2
1667 1
1668 2
1671 1
18056 0
18057 2
1674 2
18059 1
9868 1
1677 0
18062 2
1645 0
9873 2
9874 0
18067 0
4377 3
9839 0
18076 0
1693 2
9886 0
1695 2
9890 0
9891 3
9892 0
9893 3
1702 2
1703 1
18088 2
18091 2
9900 2
9902 0
1711 2
1712 1
1713 0
18098 2
5747 0
18100 1
1717 2
16424 1
18104 0
18036 2
1722 0
287 2
330 0
18109 2
18110 1
18037 1
1729 1
10377 2
1732 2
9927 2
18121 1
18122 1
5751 2
12578 0
18126 0
12579 0
18134 2
1753 3
1755 1
1756 0
18141 0
18142 1
18143 1
18144 2
1761 0
9954 0
1763 0
18148 0
18149 1
9606 1
1767 2
17244 0
1769 2
18154 1
18155 1
18156 1
18157 2
18045 0
2514 1
296 0
1779 0
1780 0
9854 1
18166 0
297 2
332 2
18169 1
1786 1
1788 2
9981 2
9982 1
18175 1
1792 0
1795 0
7126 0
17245 1
1665 0
300 2
18186 2
9995 2
1804 1
9998 0
18191 2
10000 0
11224 2
1810 3
9859 2
1812 3
18197 0
18199 2
18201 1
18203 2
1820 3
3034 2
18207 2
1826 2
10019 3
1828 2
18214 2
16689 1
10024 0
1833 0
18218 2
18219 0
15064 0
1837 2
1839 2
10032 1
1841 2
10034 1
10035 2
10036 2
10037 2
10038 2
1847 0
18232 2
10041 2
1850 2
18235 2
1852 1
18237 1
10046 2
10047 1
6177 1
10049 2
1858 1
18245 0
18246 2
10055 2
10056 2
1865 0
18250 2
12599 2
18252 1
1869 0
18254 2
13965 0
18258 1
18261 1
16697 2
18264 1
18265 1
4427 1
18267 2
18269 2
10078 2
1887 2
10080 2
14793 1
18275 1
18276 0
18279 1
10088 1
10089 2
18282 1
3047 0
18284 1
1902 1
1904 2
10099 2
18292 0
1911 0
10104 1
10105 0
10106 2
18301 2
1918 2
17249 0
1920 2
10113 2
15339 3
1924 2
5782 0
10118 2
1927 3
18312 1
1929 0
5247 2
1932 0
10125 1
1934 0
18319 0
18324 2
10134 0
1943 0
1944 0
16708 0
17504 2
18334 1
1951 1
18337 0
10146 2
1691 2
18340 2
10149 1
9480 2
10151 3
18344 2
1961 2
10154 0
10155 2
1964 2
1965 2
1968 0
1969 0
1970 0
1971 2
10164 2
18078 2
10166 2
329 1
18360 2
18361 3
1978 0
1979 1
6067 2
18366 2
18367 0
10176 1
10179 0
18376 2
16716 0
18378 1
18379 1
10188 0
10189 1
18383 2
18384 2
10196 1
2006 1
10201 1
2011 1
18398 0
18085 1
18400 0
18401 1
18402 0
18404 2
10213 2
4596 1
13467 2
2025 1
18411 3
10220 0
18414 3
18419 1
18420 2
18424 1
10233 1
18426 1
2043 1
2047 2
10242 1
2052 2
18437 0
3073 1
10434 2
13996 1
18443 2
2061 3
18446 2
10257 2
2069 3
12344 2
2072 2
18457 1
18095 0
2076 2
18461 0
15365 1
18464 0
18096 2
347 3
10276 2
18470 1
10279 2
18472 0
10281 2
10282 2
18475 0
2092 2
14002 0
10286 1
18479 0
10288 1
18481 0
2098 2
18483 2
18484 2
2102 2
11273 3
10296 1
1716 1
10299 2
10301 2
18496 0
10305 2
10308 0
10309 3
8361 2
8545 0
2120 2
2121 0
10314 0
2124 2
10317 1
10318 1
10319 3
2128 1
2130 1
2132 0
18517 0
10327 1
10328 2
2137 2
2138 2
10331 0
8549 0
2145 2
18530 0
9915 2
10340 3
358 1
18534 2
18535 1
2152 2
10345 2
18538 2
12647 1
18541 0
2158 1
18544 0
2163 1
2164 2
1726 2
10358 2
8553 2
7188 2
17254 1
5823 2
2173 1
10366 2
10367 1
2176 2
10369 2
8555 2
10373 2
18618 2
18567 3
2185 2
10379 2
2188 2
18574 2
365 2
10386 1
18579 2
2196 0
4462 2
2199 2
18584 1
2201 2
10394 0
7194 2
2207 1
10401 2
18594 2
2211 0
10405 2
10407 2
2216 1
10410 2
18604 2
10413 0
2222 2
2223 2
4270 0
18609 0
2227 2
10420 2
10421 2
10422 2
18615 1
10426 1
18619 2
10428 0
2238 2
2239 2
18626 3
2243 2
18628 2
18629 2
18630 0
10440 2
18633 0
4471 1
18636 2
18637 1
2254 2
18639 1
18640 1
18641 2
18642 2
11299 1
2261 1
10454 0
2263 2
10456 1
18649 0
10441 2
18651 1
16824 0
2269 0
10462 0
10463 2
2272 0
18659 1
2276 0
11302 0
2278 2
10471 1
2280 1
18665 2
10475 1
2284 2
381 0
18673 0
10483 0
10484 2
10486 2
10487 0
10488 2
18681 2
18682 1
18683 1
15402 2
2303 0
18688 1
10498 2
18694 2
2311 0
9999 2
18700 2
4482 1
2318 0
18704 1
2321 0
2323 0
2324 2
10517 1
18710 2
14041 2
10521 2
18714 1
10523 2
2333 2
8261 2
18719 0
10530 1
18723 1
2342 2
18727 3
18729 0
9781 1
18733 2
10542 2
14045 0
10545 1
14768 0
10548 1
2357 2
18742 0
18743 0
2360 2
10554 2
2364 2
18750 1
15413 2
2368 1
10561 2
2371 2
16699 0
10565 2
2377 0
3320 2
2380 1
10573 1
10575 1
10576 2
2385 2
18771 2
10580 0
18773 3
18774 3
18775 1
2392 2
2393 3
4495 1
10589 2
10590 2
4717 0
2400 2
16784 2
2402 0
3131 0
18150 2
2406 1
18791 1
18792 2
18794 0
2412 0
10605 1
10606 1
10607 1
9960 0
10611 0
10612 2
18806 2
16993 2
10616 1
2426 1
10619 0
2430 2
3136 1
18819 0
18820 2
8810 2
2438 2
10632 1
2441 2
10634 1
12695 3
10636 1
3138 1
4173 2
10640 3
18833 0
2451 2
2452 2
18838 0
18839 2
18840 2
10650 2
13928 1
2264 2
1173 2
10658 2
10660 2
18853 2
2471 3
2472 2
8604 2
2475 1
2476 0
18861 2
10670 1
10672 2
2482 2
5875 2
10676 0
2109 0
10678 2
2487 2
18164 1
10685 0
1174 2
10689 3
2498 2
2500 2
17529 1
2503 0
10696 2
18167 1
10700 2
10701 2
2510 0
2513 1
1993 2
2516 2
2517 0
10710 2
10711 2
10714 1
10715 1
2524 1
2525 1
2527 1
10723 2
12710 1
10727 2
2536 0
1721 2
2540 1
3154 3
1789 2
2544 0
8616 2
2546 2
10740 1
2549 2
2551 0
2553 1
10746 0
10747 3
2556 1
10749 1
2558 1
4545 0
16452 1
10755 0
16381 1
2565 0
2568 0
10761 0
10766 0
10767 0
2578 1
10771 1
10773 1
10774 1
2586 1
2587 1
10780 0
10781 2
2590 2
10785 2
890 1
359 3
2597 0
2599 2
2600 2
2601 1
1799 2
2605 0
10798 0
16384 0
2609 0
10802 0
2611 1
2612 2
2615 2
2616 1
10809 1
7055 1
10812 1
10814 1
10816 0
10817 1
2626 0
2627 2
2628 1
10822 1
10383 0
10825 0
2634 2
3361 0
10830 1
10831 2
2640 2
4536 0
10834 0
10838 1
10839 0
2648 3
11364 1
14095 2
2654 2
2655 2
10848 3
10849 0
10850 1
10852 2
10853 2
1809 2
10856 2
2665 1
10858 1
10860 1
2669 1
10862 0
10863 0
2672 2
10868 0
10869 1
10870 2
10871 2
10872 1
5272 0
10879 2
10881 2
10882 0
10883 2
10884 0
2200 1
10887 2
14103 1
10893 1
10895 1
10897 3
10898 0
2707 0
10900 1
2709 0
12715 2
10905 2
10906 2
10907 1
2718 2
10911 2
10913 3
1819 0
2724 1
2728 3
2730 1
2731 3
10924 1
11378 0
1821 1
15094 2
6365 0
2739 2
679 0
2742 2
12745 2
1823 2
8638 1
9366 1
2751 0
2752 0
2753 2
2754 2
2757 0
7184 0
5921 1
2763 0
2765 2
2766 0
2767 1
2769 0
2771 0
2774 0
2775 1
2778 2
8655 2
10973 2
6912 2
2783 3
2787 0
2788 0
1830 0
2790 1
2791 2
2792 2
2794 3
8658 0
2798 0
10991 1
10992 2
2801 2
5276 2
2803 2
2804 2
2807 3
11823 1
11002 3
11004 2
11005 1
2815 0
11011 0
2822 0
11015 2
11016 0
2825 2
18221 2
2833 0
2834 1
2839 2
11035 0
11038 2
11040 3
11041 2
2851 1
2852 1
11045 2
2854 1
18225 2
2856 2
476 2
2858 1
11051 3
14130 1
2862 2
12765 2
11056 0
368 0
11059 0
11825 2
1844 2
2874 0
2879 2
2880 2
2882 2
2883 0
2884 0
11078 2
481 1
6603 1
2889 1
11082 2
2891 2
2893 0
15372 0
11087 2
1848 3
2899 2
2900 1
2901 0
2902 1
2904 1
11097 1
15503 2
2908 0
18234 2
11102 3
2256 0
2912 1
3216 2
2914 1
5947 0
15100 1
11111 3
2921 2
2922 1
17828 3
2924 0
2925 2
2928 1
16872 1
2934 0
2936 0
11129 2
2939 2
11132 2
11133 0
15509 1
2944 2
2946 2
11139 1
3222 1
1857 2
2952 2
1324 2
2955 0
11149 0
2960 0
2962 0
11155 0
11417 2
2968 2
8687 2
2973 2
11166 0
2975 1
2977 0
2979 2
1463 1
2982 3
11175 1
9101 0
2985 2
2986 0
18247 2
2991 2
11184 1
14557 1
2995 2
5961 2
3000 2
3001 2
11194 2
3004 0
1866 2
16885 0
11201 0
11202 0
3012 2
3013 1
3014 0
373 2
3016 1
16740 0
3018 2
17587 0
7330 0
11214 2
16888 1
11218 1
9648 2
11220 1
3030 1
3032 2
11428 3
11226 2
3035 3
353 2
11230 2
11429 0
3040 2
11236 1
11239 2
3048 3
3049 2
11245 3
3056 2
3059 0
11254 2
11255 0
8962 3
9333 3
3070 2
3072 0
512 1
3074 1
11267 2
11268 2
3081 2
3082 2
3086 0
3087 2
1880 1
3095 0
11288 0
1882 0
3102 2
12805 1
3104 0
3105 1
15116 2
5979 0
11300 2
3110 2
11307 2
11309 0
11310 1
11312 2
12808 3
3122 3
17562 1
11444 2
11323 2
18297 0
11327 2
11328 2
1888 2
11330 1
3141 2
11334 2
9448 0
11336 2
4620 0
8717 2
11344 2
14314 2
11346 2
10083 2
11349 0
11350 1
3076 2
11355 3
4531 1
3165 1
3167 1
10916 2
11363 2
13199 1
11365 1
11366 0
3178 1
11696 2
11372 0
11373 2
3182 3
15549 1
3186 1
11379 3
7358 0
3191 2
12569 1
3195 2
11388 1
10090 0
13756 2
11393 2
1899 0
11397 2
11398 2
3207 2
3208 2
3209 2
11402 0
3213 0
3214 1
3215 2
11408 2
12824 3
3220 1
11414 1
9109 3
3225 2
3227 3
18111 1
3230 1
3231 1
11424 3
11425 2
11426 3
16923 2
3236 0
3237 1
11430 0
3239 0
11432 0
11433 2
3242 3
3243 1
3244 0
18349 1
3249 1
1907 0
8805 2
3253 1
11446 1
3273 0
11451 1
3261 1
11454 0
3263 2
11457 2
3266 0
11467 1
545 2
3272 0
11465 3
9929 2
3275 1
11468 0
3277 0
349 1
3280 2
17840 2
15566 0
3286 1
3287 2
3288 2
13879 2
18298 2
3294 0
4645 0
3296 0
3298 1
3299 0
3305 1
9057 1
16935 2
11502 2
11503 0
11504 3
5293 2
3314 3
3316 0
10476 3
1747 0
553 1
11512 2
11513 3
3323 2
3324 2
554 2
11518 2
3327 0
3328 1
3330 1
555 2
3333 1
1921 2
11528 1
4652 3
11531 1
11532 2
3341 0
14211 0
11540 2
18844 1
3350 2
3352 1
3354 2
37 0
11549 3
3358 0
11553 2
11554 1
14214 2
6205 2
3369 2
3371 0
11565 1
3375 2
3377 2
3378 1
3380 1
3381 1
11574 2
12852 2
3387 1
11581 2
4661 0
11584 3
3394 2
3396 0
566 3
11590 0
3399 0
168 1
8406 1
11599 1
3408 1
11601 0
3410 2
11491 0
3412 2
10126 3
3415 1
18390 0
9661 1
11610 2
3419 2
11612 3
11613 1
3422 1
11615 1
4667 2
11620 1
3430 3
16956 1
3434 1
3435 3
4669 2
3440 1
3442 0
3187 2
3444 2
11637 1
11638 2
3449 2
16959 2
3453 2
13754 2
3456 0
3458 3
3461 0
11654 0
577 1
3466 2
11659 2
9352 1
12866 2
11662 2
11663 0
18328 1
4675 1
11669 3
10137 2
11672 2
11674 0
3483 1
11677 2
11678 0
3487 0
15600 2
3491 2
11684 2
9118 2
3495 2
9650 2
583 1
3501 1
3502 2
3503 2
3504 2
3505 0
11698 3
11865 0
3509 2
16969 1
3512 1
11508 2
3515 1
4682 2
3520 2
3521 2
11510 2
1660 1
8028 3
8780 1
11723 0
11724 2
4685 0
11729 1
11733 3
11734 1
11738 1
9789 1
3548 3
11741 1
11742 0
11743 1
11744 2
11747 2
3557 2
11750 0
16977 0
10171 0
3564 3
11757 3
3566 1
15940 0
11761 1
8575 3
3572 1
11766 0
8788 2
15122 2
3579 1
3580 0
3581 0
1483 2
3585 2
11779 0
3588 0
6060 0
3595 0
11789 2
11791 3
16984 1
3603 2
3604 3
13759 0
3606 3
8793 1
11800 2
4552 1
11802 0
3611 3
11808 1
9301 0
3619 2
3621 2
3622 2
11815 1
11821 1
8797 3
3633 1
11826 2
16677 2
11831 1
11833 1
11834 2
11838 2
11839 3
11840 0
11841 2
11842 0
10534 2
18358 3
3655 1
5850 2
11849 0
3658 2
14918 3
11853 1
11854 0
11855 0
11857 0
4707 2
11860 1
3669 0
3671 2
3672 1
3673 1
3674 2
3677 2
3679 2
11874 1
18363 1
11877 2
11879 2
3688 1
13489 0
17308 2
15634 0
11887 2
15635 1
3701 2
3702 2
12905 3
3704 1
11897 0
3706 2
11900 2
618 1
11902 2
3712 2
11905 3
11907 2
11910 0
11913 1
9450 3
11915 0
3727 2
3730 2
3731 1
622 0
3734 2
3740 0
3745 2
3747 1
11941 2
3751 1
6876 2
1992 2
11955 0
9845 1
4217 3
3768 0
3770 2
11963 2
671 1
3773 2
17013 2
13173 2
3777 2
3778 0
8822 2
15649 3
3786 0
3787 2
3790 2
632 0
11987 3
3796 2
10609 0
4729 2
3800 2
3801 3
11997 0
3807 0
3810 2
3811 2
6128 2
3814 1
1218 2
7063 0
12013 2
3822 3
4733 2
17858 0
638 0
3830 0
12023 1
3834 2
546 1
12034 1
12037 2
3849 0
12043 0
8809 0
12052 0
12053 1
3862 2
2009 0
644 1
12058 2
12059 0
3869 0
3871 0
8585 1
12065 0
3876 2
12069 1
8858 2
3879 2
3880 0
12076 2
3887 2
3889 2
12082 0
496 2
3892 2
17042 2
17033 2
12089 1
3899 2
3901 0
12097 1
12098 1
17035 2
12100 2
12101 1
12103 3
12940 0
12106 2
12108 2
12109 2
12110 2
12941 1
12113 2
6115 3
16946 2
11577 1
3928 2
10212 0
3932 3
12127 2
12128 1
17484 0
11579 2
17041 1
12136 2
12137 2
12138 1
3947 0
4754 2
3950 0
3389 2
12145 1
5209 2
12153 1
12154 0
11583 0
3965 2
12158 2
3967 3
3968 3
12161 3
3970 3
3971 1
15681 1
3978 2
3979 1
11586 0
3982 0
12175 2
12176 1
3985 2
8428 0
3988 0
12181 1
665 1
12184 2
11588 1
3994 0
3995 1
3996 3
12189 0
12190 0
12191 0
8319 0
4001 1
4003 1
16557 2
6129 2
15084 3
4009 3
12202 2
12204 0
4013 2
4014 2
4765 1
12208 2
12209 2
12210 2
4019 1
4020 1
12958 0
4022 0
8863 3
889 0
12223 1
12960 2
12955 2
4038 0
4042 2
12235 0
4045 3
4047 1
12240 1
4050 1
4771 2
12244 2
4053 1
8483 0
9955 0
4057 2
4058 2
12252 2
4061 0
4062 1
8869 2
12257 0
4066 1
12259 2
12260 1
12262 2
3409 0
12265 1
17048 3
12267 0
12270 2
12271 0
12272 2
4081 1
12274 0
4087 0
4088 0
4090 1
14335 2
12284 0
12285 0
7509 0
18179 1
17067 1
4102 3
12295 2
15903 2
12972 2
4106 2
4107 2
12300 2
4109 2
7512 0
12306 2
4115 0
4119 2
16285 0
18436 2
12314 2
4124 2
14321 2
4126 0
4129 0
12322 2
12323 3
12324 2
12326 2
12327 2
3420 2
12330 1
6151 2
4140 0
4141 0
4142 0
4143 0
14344 0
4146 0
12339 1
4148 1
2593 2
12342 2
6847 0
14050 1
12348 1
12349 1
4160 2
12355 1
4164 0
4167 2
4169 3
7720 0
15958 3
7522 2
12366 2
6157 0
12372 0
2062 2
5322 2
3428 1
16645 1
4187 3
12380 0
12986 2
4191 2
12384 1
12387 2
12390 2
13413 2
12392 1
4201 2
4202 1
4203 1
8484 3
4205 2
4206 3
12402 1
4211 3
4212 0
7529 2
12408 0
12409 0
12410 2
4219 0
12412 2
11626 0
4222 2
4223 0
4224 0
4225 2
12420 2
12423 2
12424 2
12426 0
4235 2
12428 3
8898 1
4238 0
4239 0
12433 2
12434 2
12435 2
4245 2
12440 2
4249 1
18850 1
4255 0
4256 2
12449 2
12450 0
12451 1
17094 1
4262 2
12417 2
14364 1
12459 1
12461 2
12462 2
14365 3
12465 1
12466 1
3629 1
12470 2
12471 0
4282 0
8906 2
12480 2
12481 0
12486 2
12487 0
4296 0
4300 0
4301 1
4302 1
13005 1
12496 1
12499 1
4308 2
9418 1
4313 2
4314 1
9691 3
4319 0
4320 2
12513 2
12514 0
4323 2
4324 2
1235 2
4327 1
12521 2
4331 1
17106 0
17875 0
4335 2
4336 0
4337 2
4339 3
4341 1
4342 2
12537 3
12539 2
4348 2
12541 1
12544 0
4353 2
4354 2
10283 2
12548 0
13014 2
4359 2
4362 0
727 2
4364 2
2093 0
4369 2
12562 3
12563 2
4374 2
12568 2
7556 0
4378 0
6191 1
4380 2
12573 0
15749 1
4384 2
4386 3
13019 2
12580 2
4389 2
4390 1
4392 1
12587 3
4397 2
16786 1
13021 0
12592 2
4402 1
2099 2
8330 2
4407 0
4408 2
11658 0
14389 2
12610 0
12611 2
12612 3
4421 0
4422 2
12615 2
12617 2
12618 1
12619 1
12620 3
12621 1
12622 1
12623 0
4541 0
4433 1
12626 2
4436 2
12629 2
12630 2
17160 0
12632 1
4152 2
2330 0
12635 0
12636 0
4445 0
12638 2
4349 2
4449 2
9304 2
18491 0
7569 2
4457 2
4458 2
4459 2
12652 2
12654 0
4463 1
12656 0
12657 2
4467 0
12662 1
12663 2
4473 1
4475 0
12668 2
8938 2
4478 2
10559 2
10304 3
16516 1
4483 0
4484 1
4485 2
12679 2
4491 1
4493 2
12686 2
12687 2
4496 1
4498 2
12691 0
12692 2
4501 0
4503 2
12696 1
2116 2
4507 1
150 2
4511 1
4514 2
4516 0
18502 3
4518 1
4519 0
4520 0
12713 2
4523 2
12717 1
4526 2
4527 1
12720 1
4529 2
4851 2
4532 1
4533 0
12727 1
12728 2
12729 0
12730 1
4539 1
12732 1
12733 1
4542 1
17141 2
11608 2
12737 1
4546 1
12739 2
16791 2
12743 0
11975 1
10316 2
12747 2
12750 2
14413 2
760 1
11487 0
12755 0
4565 1
4566 2
4570 1
12763 2
12764 0
4573 1
15781 1
9154 2
4580 1
4581 1
4582 2
12775 0
12776 2
17148 1
12778 0
10322 0
4590 0
12786 0
4595 1
12788 2
12790 0
12795 0
4605 2
6850 1
4609 1
4610 1
12804 1
699 3
12806 0
4616 0
4617 2
12810 0
12811 2
7246 2
4621 2
4623 2
4626 2
771 1
5064 2
617 0
4630 0
10329 1
4632 2
12826 2
7599 2
4636 0
4637 1
16343 1
12832 1
4641 2
4643 1
4870 0
12840 1
6236 0
4651 0
12844 3
4653 0
6523 2
12847 2
4656 1
12849 0
4658 2
4659 2
4660 2
12853 2
4662 0
12856 2
4665 2
10335 2
4668 2
12861 2
12862 2
4671 0
4672 2
4674 1
12867 1
12868 2
12869 2
4678 1
4679 0
12872 2
17164 1
12874 1
4683 0
12877 2
12878 0
4688 1
12882 2
14435 0
12885 1
12891 2
12893 0
4705 1
12898 1
11707 2
4709 1
4711 1
4712 2
4713 0
12906 2
11572 1
17170 3
5067 2
11709 1
17271 2
4721 2
4722 0
6732 2
4726 1
12919 1
12920 1
788 2
12923 3
12925 1
8981 2
12928 1
5886 2
12931 0
17174 2
11713 2
4744 1
12938 0
4747 3
4748 1
15810 0
12943 2
4752 1
12945 2
12946 1
12947 1
18542 0
8985 0
8331 2
4761 0
12954 0
6255 2
4764 0
12957 1
4766 1
4768 2
12961 2
12963 1
4773 2
4776 2
13084 2
11343 2
12971 1
4780 0
8989 1
15816 2
12980 0
12981 1
4790 1
12985 0
4794 2
12987 1
4796 2
12989 2
4798 0
3433 3
4896 3
12994 1
4805 1
4806 1
4807 1
4808 1
4809 2
13002 1
4811 3
13004 2
4813 1
4814 2
13007 1
4816 1
13010 0
17187 2
4820 2
13013 1
4822 0
4823 2
4825 2
4826 1
4827 1
4829 0
13023 2
13024 2
4833 3
13026 1
13027 0
4837 2
13030 2
4839 0
4840 0
4841 2
4842 1
4843 2
4848 1
4850 0
13043 2
4852 0
13045 1
4855 2
4856 1
13055 1
4864 3
4865 1
4866 0
13060 0
2617 1
13062 0
4871 0
13100 1
4875 0
4877 2
4878 0
13077 2
4888 2
13082 0
6470 3
4892 0
8619 3
13088 1
4897 2
4898 2
4901 0
4902 0
13096 2
4905 2
4908 1
13102 1
4913 3
13106 2
13107 0
13108 0
13110 1
18569 1
4916 2
13114 2
13117 0
4926 1
13119 0
4929 0
13122 1
13123 2
13127 2
13128 1
4937 2
13130 2
4939 0
13135 2
13136 2
4947 0
4948 2
13143 0
13146 0
13147 1
13148 2
7530 1
13150 3
4961 1
13154 2
9019 1
13156 0
13157 2
13159 3
13160 1
4971 2
13165 1
15636 2
829 1
13168 2
4979 1
4981 2
13174 0
4985 1
4986 2
2035 2
4989 0
18581 2
13185 1
4994 1
4997 2
13191 0
11756 0
10391 1
712 2
5005 3
13198 1
7661 0
5008 0
13201 2
13202 1
13204 2
13205 2
13208 2
13209 2
13210 2
5020 2
5021 2
13214 1
5024 2
5025 2
13218 0
5030 2
5035 2
9417 1
13229 2
13230 2
2205 1
13233 1
5043 2
5046 2
5047 0
13240 2
5051 3
10261 2
13245 2
5054 1
5058 2
13131 2
5063 2
13256 1
13257 2
13259 2
12171 2
14498 2
13262 2
9037 2
5072 3
13266 1
2167 0
846 0
13271 1
13273 1
5082 2
13275 2
13276 2
18801 2
13280 1
10535 2
5090 3
13283 2
5093 2
13286 3
3689 1
13290 1
13292 0
13293 1
13295 1
13297 0
13299 2
5108 1
13301 2
5110 1
13303 2
9044 0
5115 1
13313 2
13314 0
5123 2
13317 0
10412 2
5130 1
13323 2
5132 2
13329 2
17492 1
13331 2
13332 2
13334 0
5143 1
5144 2
13340 2
10537 2
5150 0
7685 2
5152 2
5155 0
13348 1
2225 1
13352 0
13353 0
13356 2
13358 1
5167 1
13360 2
5171 1
8943 1
13366 0
13367 3
13371 3
5180 0
5183 3
5184 3
5185 0
5186 0
7691 1
5191 2
4017 2
5194 2
12448 1
5196 2
4962 0
3992 3
5203 2
5204 2
17252 2
13405 2
5214 2
13407 0
13411 0
5221 0
13414 2
2356 2
2236 2
13420 3
5229 2
13427 2
17820 0
18622 2
17257 0
5240 0
5242 2
5244 0
17258 2
13439 1
13442 2
9067 2
5253 3
5254 0
13449 2
5258 1
13453 1
10268 1
5265 2
13458 0
5269 0
15897 0
13464 3
5273 0
13466 1
17263 0
13183 0
2245 1
2631 1
13474 0
8632 2
5284 0
13477 2
13479 2
5086 1
8905 2
10269 0
13485 2
5294 2
18632 2
5299 0
13494 3
5303 0
8474 3
17268 1
13498 2
13499 1
13503 2
5312 0
2251 2
5317 0
5318 0
13512 1
13514 2
13515 1
13516 1
5326 0
13520 2
5329 0
3145 3
11811 2
15726 1
199 1
5336 1
14635 0
5338 0
13532 0
5341 1
5342 0
15909 0
5345 2
5348 3
5349 2
13542 0
10449 2
5352 1
892 2
13547 2
5357 1
8608 1
13551 2
13552 2
5361 2
5362 2
1579 2
5368 0
5369 2
13563 2
5373 1
5374 1
6357 2
13568 3
17280 1
5378 2
10380 1
13572 2
2262 0
13577 1
13578 2
13580 2
13581 0
13583 2
13585 2
13586 0
13588 2
13589 0
5401 2
2362 2
13596 2
13602 2
13604 0
13605 2
13607 2
13608 2
13610 1
903 0
13612 2
13613 0
5422 2
13615 1
13616 2
5425 0
13618 1
11827 0
18654 0
13622 2
5001 2
4818 0
13626 3
14559 2
5436 3
5437 2
13631 2
13632 2
10464 1
5443 2
5444 2
5445 0
13638 2
5447 0
13196 0
3639 2
5453 2
13646 1
13647 2
2091 2
10467 2
5463 1
13656 1
13659 1
800 2
5469 1
5472 2
13200 0
13666 0
15312 3
5476 0
18662 2
5478 0
5481 0
13674 0
18663 3
13680 0
18664 0
5490 1
5491 2
13687 2
5496 2
5497 2
13690 2
13691 2
2638 0
5502 1
13695 2
5505 0
5506 2
5507 0
13702 2
5513 2
13710 2
13711 2
13714 1
5524 2
13718 2
921 2
5529 1
13723 2
2691 0
13727 1
13728 3
13729 1
5538 0
5539 1
5545 1
13741 2
5550 2
13744 1
5553 2
18675 0
5556 1
13749 0
5561 2
5562 1
5564 1
5565 1
5567 2
13760 2
13764 2
7005 2
5576 1
13769 0
5579 2
5580 1
5581 2
5583 2
18680 0
5586 0
5587 1
13780 1
13781 1
13782 2
12734 0
5595 0
11469 2
17317 1
5601 1
5603 0
17386 0
3665 0
5608 1
5609 2
5610 2
17319 0
11985 0
13808 2
5619 1
5623 0
13818 3
5630 2
13823 1
5632 1
5636 0
5637 1
5639 2
5641 0
13834 2
13836 2
18690 1
5646 2
5037 2
5098 0
5652 0
5654 2
5655 2
5657 1
5658 3
5659 0
13852 2
5663 2
5666 0
5668 2
18465 1
5670 1
7730 1
13864 2
13865 2
13867 2
13871 1
13873 2
14312 2
5685 2
5686 2
5687 2
5691 2
13884 2
17880 0
12913 2
17334 0
13895 0
5705 3
5706 0
13900 0
13902 0
16929 2
17336 2
5714 0
13907 0
13908 1
10510 0
5720 2
1827 2
13914 3
13916 2
13919 3
6416 3
7283 0
13925 0
13927 1
10011 1
16023 1
13933 0
11880 1
6419 2
5748 0
13246 2
13943 2
18708 2
9151 0
16405 2
5758 2
2325 0
5761 1
11103 0
5763 2
5765 2
1175 2
17650 1
16559 0
13967 1
5776 2
5777 2
13974 1
5785 2
13978 2
5787 0
10522 1
13984 0
5793 1
7793 3
5800 1
13993 2
16669 0
5804 1
13997 0
5806 0
10525 0
14825 2
5810 0
5811 2
5812 0
5814 2
14007 1
7796 3
5819 1
18065 0
5822 1
11893 2
5824 2
5826 0
14019 2
5828 0
5830 2
5831 0
10287 2
3703 2
5377 2
5837 0
5840 0
5841 1
14035 3
14036 1
5845 0
5847 0
5849 0
14042 2
5851 3
5853 2
8495 2
5858 2
5859 2
5861 1
5865 1
14631 2
17115 2
14066 3
14067 0
14068 0
14070 0
5879 2
14073 0
5882 1
10732 3
14634 0
14078 1
5888 2
5891 0
14084 1
5894 0
5896 2
14090 2
5903 2
5909 3
5911 0
5913 1
5915 3
5916 1
9532 3
14640 0
5922 0
17770 3
14116 1
5925 2
14121 3
5930 2
13351 2
14126 2
743 0
14128 2
13139 0
14131 1
14132 3
14133 2
14134 0
5943 0
14136 2
14137 2
14138 1
14139 1
7563 2
5951 0
17376 0
5957 1
1835 1
6455 1
14156 1
5968 2
13565 2
14164 2
14168 1
14171 0
18746 2
5982 2
14175 0
1563 3
14177 2
5987 1
14180 1
5989 2
16839 0
18748 2
14186 2
14189 0
14190 2
477 2
6002 1
14199 1
14201 0
14202 3
18751 3
6013 2
1564 1
14208 0
14209 0
6019 1
14212 2
6021 2
6022 2
6023 1
14216 2
6025 2
14218 0
14219 0
6028 0
14221 0
14224 1
14225 0
18755 3
1292 2
14233 0
14234 0
10294 1
6044 3
6045 1
14238 1
14239 0
14240 1
14241 2
14242 0
6053 1
14246 2
11769 1
6056 2
6057 2
14250 2
6059 1
14252 0
14256 1
6065 2
14258 2
14259 1
7567 2
14262 2
6071 2
202 2
6073 2
14267 1
14269 0
14270 0
14271 0
14274 2
14277 2
10841 3
12414 2
14280 0
14284 1
6094 2
14287 1
6100 2
6103 2
6104 2
14298 1
6107 2
4510 1
14302 2
6111 1
18768 0
14307 2
14309 0
6118 1
18769 0
6120 2
6122 2
14317 0
5769 0
6127 0
14320 2
1601 1
14322 2
14323 2
6132 2
6135 2
2388 2
6138 0
6140 2
16724 2
2389 2
14336 1
14337 1
6150 0
5121 2
6152 3
6154 2
14347 2
6156 0
14349 1
6158 2
6159 2
14352 2
6161 1
14355 2
6164 2
14357 2
14360 1
14362 1
2657 0
6172 0
6173 0
6174 2
14367 1
14369 2
11144 1
6182 0
14377 1
6187 2
14380 0
7858 2
17008 2
14383 0
14386 2
6196 2
2387 2
14391 0
6200 1
6201 2
10591 2
8170 2
6206 2
6207 2
18784 1
9754 2
14403 0
6497 0
14408 2
14409 2
14410 2
14412 2
6221 1
14414 2
18459 2
14417 0
14418 0
6227 2
14420 2
14422 3
6231 2
14428 3
7866 2
14430 3
14432 3
14433 2
10543 2
6243 0
15208 2
18790 0
18830 0
14439 2
6248 2
6250 2
6251 2
14444 2
7869 2
6259 0
6370 2
14454 2
14455 0
14458 2
14459 0
6269 1
6270 2
6272 3
8665 2
14467 1
6276 1
17430 2
209 2
13335 0
13058 0
14477 0
14480 0
6289 0
6290 0
2414 2
14488 3
14490 2
14491 1
750 2
6304 1
14497 0
6306 1
6307 1
14501 0
14503 2
6313 0
6315 0
6318 0
14512 1
6324 1
18804 2
6330 2
6331 2
6336 2
6338 1
6340 2
14533 2
14534 1
9249 0
14538 2
18807 2
6349 2
14542 2
2424 3
14546 0
9153 2
6356 1
14549 2
6363 2
10618 2
6367 2
14560 1
14561 3
5122 2
2427 2
14566 3
1576 1
14571 2
4304 2
16082 2
6383 1
6384 0
6386 1
7462 1
6393 2
14586 2
6396 0
16307 0
5091 2
6399 0
588 1
11990 1
6407 2
13034 0
5389 2
14603 2
14604 2
18217 0
14607 2
14608 2
14610 0
14611 1
6424 0
14617 2
6427 2
6429 1
14623 0
6488 2
14625 2
9099 0
6438 0
1073 3
6440 1
14633 0
6442 1
6443 2
14636 2
6445 1
6446 2
6448 1
2440 2
6451 2
6452 1
10337 2
6454 0
14647 2
14648 0
14650 1
14651 2
6462 0
9269 2
6465 0
6466 2
6467 2
6468 1
14662 2
14664 1
6473 2
14666 2
6475 0
14668 0
14669 2
14671 0
14673 2
10638 1
14680 2
12243 2
17674 2
1082 2
7909 2
18832 1
14690 2
6500 3
12006 0
6502 2
5672 3
7036 1
2126 0
7912 0
6514 1
10027 2
8946 0
6522 2
14715 2
6533 0
14721 0
10583 2
14724 2
14725 0
6534 0
14730 1
2455 2
14732 2
13378 2
15701 0
14736 2
10648 2
14738 3
5187 0
14746 2
14750 2
14751 2
14753 2
14755 1
9286 0
10156 1
7921 3
14761 1
16040 2
14765 0
6576 2
6577 1
6493 2
6584 2
14779 2
6588 1
6589 1
14782 2
6591 2
6593 2
2911 2
5195 2
4584 0
14791 2
6600 0
16041 1
7090 3
6604 2
14797 1
5197 3
14800 2
14804 2
14805 2
6614 2
6616 1
6617 2
14811 2
6621 2
14815 2
6624 2
16123 1
6631 2
6633 0
14826 2
10663 3
14829 2
14830 2
7791 1
6642 3
6643 3
6646 1
6647 2
6648 2
1108 2
7935 2
14845 0
767 2
18776 3
14849 2
14850 2
14851 2
6662 2
1790 2
14857 0
14858 2
14865 0
6674 1
14867 0
6676 0
6679 2
14874 2
6683 2
14878 2
6687 2
14880 2
6689 2
6690 1
17499 2
6692 2
7942 1
14886 1
6695 3
18772 1
6697 2
6702 1
6703 1
14896 0
14899 1
6708 1
6709 0
14902 2
7945 2
14904 2
18227 2
6715 2
6719 1
8719 3
6722 2
6723 1
14916 0
6725 0
6726 2
9313 0
14920 0
14921 1
6730 1
14923 0
14924 1
12772 0
6734 3
14928 2
14929 1
9226 3
6740 1
6744 1
14941 1
14942 3
9317 0
14945 1
14947 1
14950 2
6759 2
14952 1
14953 3
14954 2
6764 2
6765 0
6767 2
14960 2
9320 2
4537 2
6772 1
10686 0
14966 0
14967 0
6776 2
14971 0
14972 2
17514 2
6782 1
4863 1
17411 1
4043 2
6787 0
6788 1
14981 1
14983 2
14984 0
5228 2
6794 2
13549 2
6796 0
14989 0
14990 2
9325 0
4318 2
10592 2
14787 0
14996 2
6806 0
6808 0
6809 0
6810 1
6811 1
15004 2
15005 1
6815 0
15008 2
6817 1
6819 3
9274 2
6828 1
6829 1
15022 2
6833 1
6834 0
6836 1
6839 3
15034 2
6843 2
15036 0
15037 1
6846 3
15039 2
6848 0
15042 2
15043 2
10793 0
6853 0
15046 1
6855 1
14796 2
15050 2
6859 1
6860 1
6861 0
6605 0
10702 2
18505 2
6871 0
6872 2
16164 1
6874 1
15067 2
15068 2
15069 2
18455 2
5283 2
15072 0
6881 2
15232 1
4048 0
15078 2
6887 1
6892 2
15085 2
15086 2
5245 0
4192 2
15091 1
1737 1
15093 3
6902 0
15095 1
15097 2
6047 2
6907 2
10050 1
7978 0
6910 2
10709 2
15104 1
17632 1
6914 2
4137 2
15109 1
15111 3
6920 2
17613 0
15117 2
13324 2
15119 0
14808 2
6930 1
15123 1
15124 3
14809 2
6936 1
15129 1
7596 1
15132 1
15133 1
6942 1
15135 2
15136 1
15137 3
6946 2
6619 2
15140 0
15141 1
6950 0
15144 0
15145 0
6954 3
6957 1
6961 1
6962 2
6965 2
6966 0
6967 2
15160 1
15162 1
6971 1
17546 2
4051 1
15169 3
15170 1
15172 2
12086 1
15175 1
6984 1
6986 2
15179 2
6991 0
1186 0
6993 2
15186 1
6996 2
15189 0
6998 2
6999 0
17691 2
7001 0
15194 2
15195 2
7004 2
7871 0
7006 2
2486 2
7008 2
7009 2
15202 2
10599 0
15204 2
3107 2
7016 2
15209 1
7018 1
15212 3
9362 0
15214 1
7023 1
7024 2
15219 0
15220 2
7029 0
12540 0
7031 1
17556 2
15226 2
15228 0
9103 2
7039 1
7040 0
15233 2
7043 2
15236 0
7045 2
15240 0
15241 2
15243 1
7052 1
15245 2
14965 0
15249 2
15250 3
15253 2
15254 3
17561 2
7064 2
15258 1
7067 0
7068 1
15261 2
13056 0
15264 2
15266 1
7075 3
15268 0
15272 0
15273 0
7084 1
7085 0
15278 3
15279 2
15282 2
15283 0
15284 1
7093 0
7094 2
16201 1
7096 2
15289 3
7099 3
7102 2
7103 2
7108 1
15301 2
7110 2
15303 2
7114 2
7116 1
9378 2
15311 2
7120 2
17571 1
15316 1
15318 2
10745 0
7129 2
7130 0
12377 2
15324 1
15329 2
7139 0
7140 0
15333 2
5012 0
4521 1
5287 2
7148 0
6653 1
15344 3
8340 2
10750 2
7158 2
15351 1
15355 2
5290 3
7166 3
17151 2
7169 1
15362 2
16214 2
6657 1
7176 1
5292 2
14505 2
15374 0
15375 1
15376 3
15377 2
2563 2
15380 1
15381 2
8150 0
15386 2
7195 0
15388 0
15389 2
10757 2
9787 3
7202 0
7205 1
7206 2
5297 0
7208 2
15401 0
7210 3
7212 2
7214 2
15409 2
7219 3
7221 0
15414 3
9377 2
15417 2
7227 2
7229 0
7230 2
15423 0
11152 2
15428 2
15429 2
15431 2
7240 3
15434 2
7243 2
15051 2
15438 0
15440 1
15444 2
15445 2
4052 1
13497 1
15448 2
6704 1
7260 2
5306 1
7264 2
15457 2
15461 0
10026 2
15471 1
15472 2
15473 0
2723 2
6675 3
15480 1
14868 2
15482 1
15485 3
15486 2
15488 3
15490 1
15491 1
15492 0
2582 2
7306 2
15500 2
9410 2
12141 1
15504 0
15505 0
15506 1
7315 0
15508 0
16238 3
15510 2
2153 2
15513 0
4505 0
15515 0
15517 1
4795 3
15519 1
15521 2
15522 1
7332 2
13510 3
15526 1
7335 0
7337 0
15531 0
11881 1
16852 1
15534 0
4686 2
15539 0
7349 2
7350 1
15543 1
17610 2
15550 0
15552 1
15553 0
7363 0
15558 1
14881 1
15561 1
15562 0
15563 0
8156 1
15565 1
7374 3
15567 1
7379 2
15574 0
17431 3
14884 2
7386 1
15579 2
7388 2
7389 2
15582 0
15584 2
8059 3
15588 1
15589 2
9425 1
15593 0
15596 3
7405 2
15599 0
7408 2
15602 2
15603 1
7413 1
15606 2
15607 1
9428 2
15610 0
15614 0
15615 2
15616 0
15617 2
15619 0
7430 3
17623 1
15628 3
7960 0
2157 0
15632 2
15633 0
7442 2
7443 0
4885 1
15638 2
7447 2
15641 0
7450 2
7451 2
7452 2
15645 3
16261 1
7457 0
7459 2
1468 2
15653 0
15654 2
15656 0
15657 2
794 2
13533 1
8072 1
15670 3
15672 1
7481 1
15674 2
15675 2
15676 0
1613 2
14901 0
7488 2
7489 2
7491 2
15684 0
1249 0
7496 0
7497 2
17162 0
7500 2
15694 1
15696 0
6712 2
9443 2
1341 2
15703 1
15704 0
15706 1
15707 1
7516 2
15710 3
15712 0
15714 1
10811 2
15716 0
15717 0
15718 0
15719 1
15721 2
15722 2
17639 1
7532 2
15725 0
7534 2
15728 1
15729 1
7538 3
7541 1
7615 2
10344 1
15740 1
15741 1
3989 2
15744 2
2624 2
15746 0
7555 0
15748 2
7557 2
7558 0
15752 1
15754 0
12183 2
7565 1
15758 2
15759 3
7568 2
15761 2
10819 2
15764 0
15765 2
15766 1
7575 2
7576 2
15769 2
15773 2
15775 0
15777 2
7072 0
15780 0
7589 0
15782 1
15783 2
1723 1
7593 2
7594 3
15787 3
15788 1
15789 0
15790 0
3997 2
15793 0
15794 1
7604 2
15798 1
15529 0
4345 2
7612 1
7613 0
15807 2
16288 1
7618 0
17654 3
3527 2
7624 3
15817 2
15818 2
7627 0
15820 1
5164 3
15825 0
15826 3
16291 2
7636 0
7637 2
15830 3
1273 2
15832 0
7641 0
15834 1
9466 0
7646 2
15839 1
17167 2
7649 2
15842 0
7651 2
15845 2
14882 2
15853 1
15855 1
7893 2
15859 1
9257 0
7670 3
15863 2
15866 1
9471 2
7676 0
7677 3
15870 1
15871 1
10692 1
542 2
2646 2
18348 1
18821 2
15882 0
15883 0
7692 2
17666 2
6816 1
7695 2
7696 0
15889 1
7699 2
15892 1
12206 1
15894 1
15895 0
15896 1
5380 1
15898 2
15899 1
15900 2
2166 1
9477 2
7712 2
7714 0
15907 1
15908 1
7717 3
15911 3
4571 0
15916 0
7728 2
15921 2
15922 2
15923 1
7732 1
215 1
15929 1
15930 2
17182 1
7740 0
1290 1
14988 1
7747 2
7748 2
7751 2
10799 1
7753 3
15951 0
15954 1
6755 3
15957 0
7766 1
15959 1
15962 0
15963 2
7773 0
9217 2
7775 0
7778 0
15971 2
15972 0
7781 2
7782 1
7783 0
7784 0
15979 1
15980 2
4029 2
15984 0
6760 0
7795 0
15988 1
4198 0
10857 0
7803 0
7805 2
15999 1
16000 2
16002 2
16003 2
16005 1
16006 1
4079 0
16008 0
16009 0
16010 0
16011 1
16014 2
16015 1
16018 1
2170 1
7831 1
16024 1
4036 1
16026 2
2671 0
16028 1
7837 3
7838 2
16032 1
16034 2
16035 3
16036 1
16037 1
16039 2
7848 2
1308 3
7852 3
7855 3
16049 1
16050 3
7862 2
16056 1
16058 0
9503 2
16060 2
16061 1
16063 1
16064 2
16066 1
7875 1
16068 2
16069 2
7878 0
16073 1
7883 0
16076 2
1314 1
7888 0
7890 2
7891 2
16084 0
16085 0
14237 0
16088 1
7897 2
16090 1
16091 2
7900 2
7902 0
7905 0
16098 0
7908 0
16279 0
7910 3
16104 0
16106 2
16108 2
16110 2
16113 2
16114 2
16115 2
16116 1
16117 2
16118 1
7929 3
7931 0
7932 2
16341 0
7936 2
7939 2
7941 0
16134 0
7943 2
16136 1
16137 1
16138 2
7947 2
7949 2
16143 2
7952 0
16145 0
7955 2
7957 0
16152 1
7961 2
7962 0
7963 2
18335 1
16157 2
8978 1
7968 0
7970 1
4357 1
7974 0
7975 2
16168 0
4060 1
17178 2
7982 1
11177 0
7986 2
7988 2
16183 2
16184 2
16186 2
7998 3
13621 2
16192 0
8001 1
8003 2
16196 1
16198 0
8007 3
8009 2
9527 1
16204 1
12258 2
8014 2
16207 0
8021 0
8022 0
8024 0
14991 2
16220 2
18726 1
16223 2
16224 2
16226 0
9531 2
16232 0
8041 0
16234 2
16235 1
8044 1
8046 0
9533 2
16362 2
16242 1
16244 1
16245 1
10361 0
6804 0
16250 2
1343 2
16252 1
16253 2
16908 1
10901 2
8064 1
8069 2
16263 2
16264 3
16265 1
16266 2
8076 2
15002 0
8080 0
8082 0
16275 0
16276 1
16277 2
16278 2
15001 1
16281 1
16282 1
16283 0
10635 0
2714 0
8094 0
16287 0
8096 2
13363 2
16290 0
2715 2
16292 0
16295 1
8104 2
8108 2
16301 1
16302 1
16306 1
8115 2
8117 2
8119 0
15276 2
16314 0
16317 0
16319 0
16321 0
16325 0
16327 1
8137 2
16330 3
8139 1
16333 1
8143 0
8144 1
8184 2
16339 0
8149 2
16342 2
8151 2
16344 2
16345 1
16347 2
16348 2
16350 2
8159 3
16356 0
11183 2
8166 2
8168 2
16361 2
1363 2
16366 0
4093 1
8178 0
8179 2
16372 1
16373 1
8182 2
16376 2
16379 2
16380 0
8189 2
8190 2
16383 1
