16384 0
16386 2
16387 2
16388 2
8198 2
16393 2
16394 1
14239 0
16396 1
8347 3
16398 0
14185 1
8210 0
16404 3
16405 2
16407 0
8216 0
16411 1
16412 0
16413 2
16414 2
16415 2
8224 1
8226 2
8227 2
8228 2
37 0
16422 2
16424 1
8234 2
16429 2
8240 0
8241 2
6835 1
52 1
16438 3
8201 2
16441 2
16443 2
16445 2
7367 2
16449 2
66 1
16395 0
68 2
69 1
9569 2
16456 2
74 0
75 2
16460 2
16461 2
16463 0
8276 1
16469 1
8278 2
17188 2
88 2
89 1
90 1
16477 2
16478 1
17765 1
12551 2
16482 0
16484 1
16485 0
102 1
8295 2
8296 2
1640 2
1383 2
108 2
4114 1
8302 2
8303 2
8304 0
113 2
115 1
117 0
118 1
8212 0
122 3
6847 0
16509 1
126 2
8213 1
8320 0
16513 1
8322 2
132 2
8326 2
6849 0
8330 2
139 3
16525 0
8335 0
144 2
4120 0
146 3
147 0
148 1
149 0
12313 2
8344 1
8345 3
8346 1
16539 0
16540 2
8349 2
17776 3
8354 1
8355 0
8356 3
16550 1
168 1
12316 2
2759 2
16557 2
16558 2
8221 0
8368 1
177 1
178 0
8371 2
180 3
183 2
8377 1
186 2
187 1
11463 1
5493 2
8385 0
16580 0
16581 1
199 1
200 0
201 1
202 2
204 1
16418 0
206 3
16591 2
16592 1
209 2
16594 2
8403 3
2766 0
8407 2
8412 1
5498 2
8415 1
8418 2
5499 2
16612 1
16614 0
16616 1
8425 3
16618 2
16619 0
8430 2
9597 2
240 1
16625 0
16627 0
244 3
8437 3
246 0
16631 0
16632 2
250 1
5503 1
16636 2
16637 3
16638 0
8449 2
16642 0
16644 2
16645 1
16646 1
266 2
8460 2
8461 3
8462 0
271 2
274 2
16663 2
280 3
8473 2
16666 1
283 3
16668 1
285 1
287 2
16672 0
8481 0
8483 0
8484 3
293 0
16678 1
16433 2
8488 2
297 2
299 1
300 2
16687 1
8496 2
305 2
16691 2
310 2
16695 2
312 1
315 1
18014 3
17802 1
319 2
16704 3
16705 1
16706 1
12013 2
324 1
8517 1
16710 3
15073 1
16712 0
16713 0
332 2
334 3
16719 2
16721 1
1375 2
8533 3
16726 0
346 3
347 3
16732 1
16734 1
17351 1
8545 0
8546 2
16739 1
8548 2
16741 2
16742 1
359 3
360 2
8553 2
362 1
363 2
366 2
16752 2
16755 2
8564 2
14787 0
374 2
16759 1
16760 0
378 3
379 0
16765 2
8574 0
383 0
16768 2
8578 2
387 0
388 1
13718 2
16774 1
8583 3
392 1
8586 0
396 1
397 3
8592 2
15289 3
8594 1
16451 0
7924 3
408 0
409 0
410 2
411 2
8604 2
8261 2
8609 2
8610 1
5531 3
420 1
16806 1
16807 1
16808 1
427 2
8621 0
16814 2
16817 1
8628 1
437 2
8630 2
8631 1
440 1
8633 0
442 1
18291 0
444 2
8266 2
15093 3
1440 2
18564 0
8643 1
8644 2
16837 1
454 2
455 1
456 1
16841 2
16843 3
460 0
1442 2
462 3
16847 0
464 2
16851 2
16852 1
16854 2
6905 1
16856 2
8665 2
8666 2
475 1
476 2
477 2
16862 1
8672 0
16865 0
16866 1
483 2
485 2
4177 2
488 2
489 3
492 0
16878 0
9878 3
8689 2
498 0
16884 1
8693 2
16886 2
8697 0
6911 1
508 0
509 3
510 2
5838 2
512 1
16897 2
8746 2
8514 1
16902 2
519 1
16905 1
8714 1
8715 0
524 2
16909 1
526 0
8719 3
8720 1
533 0
17134 1
535 0
8728 2
537 3
538 0
8731 0
8732 1
541 2
8734 0
15109 1
16928 2
545 2
18840 2
8739 3
548 1
550 1
551 1
8744 2
553 1
554 2
1655 2
16940 2
17842 2
558 1
8752 2
15112 1
8202 0
13747 1
8756 2
16949 0
16950 2
8759 1
2201 2
8761 1
8762 1
8763 0
16956 1
573 1
574 0
575 1
577 1
8771 3
581 1
16966 2
8775 0
585 2
587 1
8780 1
8781 3
15117 2
16976 1
16977 0
8786 1
12387 2
16980 2
16982 0
1465 2
8792 1
8793 1
13659 1
605 3
16990 2
8293 1
8800 1
16993 2
8802 1
611 1
8804 1
8805 2
8806 0
17852 2
17002 1
8811 1
620 3
8813 1
622 0
17007 0
4200 3
15123 1
17012 3
17013 2
8822 2
633 2
8828 1
17021 0
638 0
8831 0
641 0
8834 2
643 2
17028 0
17029 0
17030 1
9665 2
8841 2
8842 2
17036 2
17037 2
654 0
17207 3
17042 2
661 1
8855 1
664 0
17049 1
8858 2
12399 2
8860 1
17053 2
8862 2
17055 2
17056 2
112 3
674 0
675 0
676 2
17061 2
17062 0
8871 2
6940 0
17066 2
17067 1
8877 1
17070 3
688 0
8881 2
17074 1
17077 3
17078 2
8888 3
8889 2
8890 0
15135 2
700 2
17085 0
17089 0
17090 3
17091 0
17093 1
17094 1
8904 1
17097 2
8906 2
17099 2
6946 2
17102 0
8911 1
8912 3
17106 0
2851 1
8916 2
8917 1
8919 2
17112 0
8921 2
730 2
17115 2
17872 0
8930 2
6227 2
741 2
17126 2
8935 2
744 2
746 2
17131 1
749 0
750 2
8943 1
17136 0
8946 0
8947 1
4222 2
8952 2
17145 1
8954 2
8955 1
764 2
17151 2
8960 0
128 1
17154 0
8963 2
773 2
774 1
17159 3
8968 0
17162 0
780 2
8974 2
17167 2
8976 2
786 0
787 2
8980 1
17173 1
790 2
791 1
8984 1
12420 2
8986 2
17179 1
8988 3
17181 2
8990 2
8992 3
801 2
8995 2
8996 2
8999 0
9000 1
17194 2
17196 1
814 2
17199 2
9009 2
17203 2
17205 1
9014 3
9015 0
17208 0
17209 1
9018 2
9019 1
3028 2
16522 1
15157 2
17216 1
17217 2
17218 1
8331 2
9029 0
17225 0
17226 0
17227 1
844 2
17229 3
17231 0
849 2
17759 1
17235 0
852 2
17237 2
17239 1
856 0
17241 1
858 1
16527 2
860 3
861 2
862 0
865 1
9058 3
6971 1
869 0
17254 1
9063 1
9065 2
874 3
17260 2
8338 2
9070 2
879 2
17896 1
882 0
883 1
17268 1
885 1
9078 0
17271 2
9080 0
889 0
890 1
9083 1
17276 0
894 2
895 1
17280 1
9089 2
8486 2
900 1
17285 0
902 1
9095 2
17900 2
4043 2
907 1
17292 1
910 1
911 2
17296 3
17297 0
9106 0
17300 1
9110 2
9111 2
920 2
921 2
17307 2
17308 2
17309 0
17310 1
17311 2
928 1
17313 2
931 3
932 3
933 1
17321 2
938 1
17323 0
17324 2
17327 1
6984 1
9139 2
17333 2
9143 1
952 1
6662 2
9352 1
959 2
9153 2
9154 2
2891 2
964 3
9157 3
9158 3
9159 0
17737 2
6988 0
9162 1
15308 1
162 2
17360 2
14955 2
2894 3
17368 1
9178 1
987 1
17374 1
17379 2
552 1
17381 2
5795 3
17389 3
17391 0
9201 0
1010 1
17395 2
17396 2
9726 2
17399 2
9209 1
1018 1
9212 1
1022 2
9216 0
17409 1
9218 2
17411 1
1028 1
17414 0
9224 1
1034 2
1035 2
9228 2
1037 3
17422 2
1040 0
17426 2
17427 3
12037 2
12462 2
17430 2
17432 2
8491 3
1051 1
7002 2
17440 2
9254 1
9256 1
9257 0
17450 1
1067 2
17452 0
9261 0
9262 2
1071 1
9264 1
9265 1
12664 1
17460 1
9269 2
9270 2
1079 2
9273 3
9274 2
1083 0
1084 0
13834 2
4277 2
9280 1
9282 3
9283 1
17476 0
17477 1
1094 3
9287 0
17480 2
17932 0
9292 1
17487 2
17488 2
9297 0
1107 1
9300 1
1109 3
18586 2
185 2
17496 3
1113 2
17495 1
17499 2
9308 1
18859 1
9310 0
17503 2
9312 2
9313 0
9314 0
9316 0
17509 2
17510 2
9319 2
17512 1
9321 0
1130 2
11111 3
17516 2
1133 2
1135 2
17520 1
9330 0
1141 1
15209 1
1144 2
1145 3
17530 1
1147 2
17532 2
1150 2
9343 2
17536 2
17537 0
17538 1
17539 3
17541 1
17542 1
17544 2
17545 1
1162 3
17548 1
17549 1
9358 1
17551 2
17552 1
17553 2
17554 2
5736 2
9364 2
1174 2
1561 2
17560 1
1177 2
15215 0
1180 1
17566 3
17567 3
17568 0
9377 2
17570 2
1563 3
17572 2
17573 1
9382 1
17575 1
17576 1
17577 1
17578 2
16583 2
1196 2
17581 1
17582 0
1200 0
1201 0
17586 2
9396 1
17589 0
9398 1
9401 0
17594 1
1211 3
15316 1
17597 1
9828 1
1218 2
9412 1
17607 2
9588 2
17610 2
17612 2
9421 2
3253 1
8397 2
9425 1
9426 2
9427 2
17620 0
16590 3
15225 1
1240 0
1241 2
8399 0
9436 3
17631 0
208 2
1251 1
1252 1
1253 0
17638 0
17639 1
17640 1
1257 0
17642 1
17643 0
8402 2
1262 2
9455 1
17649 1
17650 1
9459 2
17652 1
9461 2
9462 2
9463 2
9044 0
1273 2
17659 2
9468 0
1277 1
9470 2
17663 1
17664 0
9473 1
17666 2
1284 1
9477 2
9478 2
1288 2
17673 2
1290 1
9483 3
1292 2
17678 1
9773 2
4312 2
1299 1
17684 2
1301 2
17686 2
17688 0
17689 2
17690 1
1307 0
17692 3
1309 2
15237 2
1312 0
17697 0
9507 0
17700 1
2950 2
17702 2
1319 0
1321 2
1323 0
1324 2
15047 0
11144 1
1331 1
12510 1
17718 1
17719 1
1337 0
1338 1
9531 2
1340 2
1341 2
17726 2
1343 2
9536 0
17729 1
9540 2
1349 0
9543 2
1353 0
1355 1
17740 3
1357 2
17743 2
17744 1
15321 1
9555 1
17748 1
9557 1
9558 1
17753 0
9562 2
1371 0
17756 0
17757 1
9566 0
9567 3
1377 2
17762 2
17764 2
230 0
17045 0
17767 1
17768 2
15994 2
9578 1
9580 1
17774 1
1391 0
1392 1
1393 2
6593 2
1396 2
8629 1
17783 2
9592 1
9593 2
9594 2
17787 3
9596 0
17789 1
4210 3
9599 0
1408 0
9601 2
12322 2
9606 1
1601 1
1416 3
17801 2
9610 2
9611 2
13959 1
11504 3
9615 2
1425 2
9618 0
17811 1
9621 1
17814 2
9624 1
17817 1
1436 1
1437 3
17233 2
1605 0
9632 1
9634 1
1444 2
9637 1
1446 2
9639 2
9640 2
1449 2
9642 0
17835 2
4338 1
7069 0
17840 2
1608 1
1458 2
594 0
1461 2
9657 0
17850 1
17851 1
1468 2
9661 1
17854 0
9663 2
1473 1
17858 0
9669 2
9671 1
9672 1
1482 1
9676 2
1485 3
1486 0
9679 1
1488 1
9690 2
9691 3
9693 1
9694 0
17887 2
9702 2
18001 2
9052 1
8444 0
17899 0
9708 2
9709 2
4349 2
7080 0
17907 0
1524 1
15714 1
9812 0
9722 2
12543 2
9724 1
17468 1
1534 0
4961 1
1538 2
17924 0
1542 2
9735 0
9736 1
1545 2
9815 2
1548 2
17934 2
1551 2
18008 1
1556 1
870 2
1558 3
9817 2
17944 1
17945 2
9754 2
15279 2
17948 2
17949 2
1567 2
17952 2
15280 1
17955 2
17956 2
15281 2
17960 0
9770 1
1579 2
17964 0
1581 1
17966 1
1583 2
17968 0
17971 2
9781 1
1591 1
9784 2
17977 2
9786 0
17979 2
1596 2
12554 3
1598 0
9791 2
9792 2
17985 2
1602 3
1603 2
17989 1
17992 2
9801 2
17995 2
17996 1
1613 2
17998 2
1615 2
15875 1
3000 2
9810 2
9811 0
18004 2
3001 2
1624 2
1636 0
1627 0
7098 2
1630 1
18015 2
1632 1
9825 0
9826 2
6612 2
18020 0
9829 2
9830 2
9832 0
9833 2
1646 0
9839 0
18032 0
18033 0
9843 0
1652 2
1653 2
18039 1
1656 3
9850 0
7103 2
9852 0
1661 1
1662 2
9856 1
9857 0
18050 3
18402 0
18052 0
18053 2
1671 1
18056 0
1673 2
9866 0
9867 0
1676 1
1677 0
18062 2
9873 2
1685 2
18070 0
281 3
9882 1
1691 2
4595 1
6603 1
18079 2
1696 2
1697 0
18082 0
18083 1
18084 0
18085 1
1702 2
1703 1
18088 2
1706 0
18091 2
9900 2
1709 0
1710 0
9903 1
1712 1
15304 2
18098 2
5747 0
18100 1
14809 2
1721 2
8479 0
9916 1
18109 2
18110 1
9845 1
8480 1
1732 2
18334 1
16673 1
18121 1
1738 2
18123 2
1740 0
7640 3
18126 0
18127 0
1746 2
1747 0
18133 2
1750 1
1751 2
9944 0
1755 1
1695 2
1757 1
18142 1
8485 2
18144 2
18145 1
18147 1
1764 2
18149 1
9958 0
1767 2
1769 2
18154 1
16679 1
18156 1
18157 2
1775 0
18161 1
1779 0
18164 1
9854 1
1782 1
16681 1
18169 1
9978 2
9981 2
9982 1
16972 1
3577 0
18178 1
1795 0
1800 0
18186 2
9995 2
1804 1
9999 2
10001 0
18194 3
5807 1
18199 2
18201 1
10010 0
18203 2
18204 2
3034 2
1823 2
16688 2
1827 2
10020 3
16871 0
18214 2
10023 3
18216 2
18217 0
18218 2
1835 1
1836 1
18221 2
18222 0
10031 2
18224 0
18225 2
10034 1
10035 2
10036 2
10037 2
18230 0
1847 0
18232 2
18233 2
18235 2
1852 1
18237 1
10046 2
1855 2
10048 2
1857 2
1858 1
10051 1
14792 2
1861 0
18246 2
10055 2
1865 0
18250 2
18252 1
1869 0
1872 0
18260 1
12703 3
18264 1
11236 1
4410 0
1888 2
10082 3
18275 1
10084 1
1893 1
1154 2
18279 1
10088 1
1897 3
18282 1
11239 2
18284 1
10095 2
18289 0
18290 0
10099 2
10100 2
3064 1
18294 1
609 2
10104 1
10105 0
18301 2
1918 2
1920 2
18306 2
1924 2
1925 3
18310 3
1927 3
18312 1
10121 1
18314 2
1687 2
10125 1
10126 3
18319 0
18321 2
18324 2
18326 0
1944 0
10138 3
10140 2
10141 0
10142 2
18614 2
18337 0
10146 2
18340 2
10151 3
1960 1
1961 2
1962 3
10155 2
1964 2
18349 1
1693 2
10161 3
1970 0
1973 0
18358 3
329 1
884 1
18363 1
14796 2
9886 0
1983 2
9768 2
10179 0
3885 2
18374 1
18376 2
16716 0
18379 1
10189 1
10190 0
18383 2
18384 2
18344 2
2002 0
1699 1
10196 1
4430 1
2006 1
2009 0
2010 1
9887 3
18397 1
10207 2
10208 2
18401 1
10342 2
10212 0
10213 2
2024 2
18409 3
18411 3
10870 2
12626 2
6887 1
18419 1
18420 2
18421 3
8524 2
12628 1
18426 1
18427 3
18428 2
10237 0
15071 0
2047 2
18432 1
18434 3
13995 2
2052 2
18437 0
10247 1
18443 2
18444 0
11266 3
18446 2
2283 2
10256 0
2065 0
2067 2
2069 3
2072 2
2073 2
1711 2
10268 1
10269 0
10270 3
2079 3
17800 2
2083 2
18469 2
2086 0
15521 2
2088 2
10281 2
10282 2
18475 0
9906 2
2094 1
10287 2
2096 1
11272 2
2098 2
18483 2
10292 3
350 0
10294 1
10296 1
10298 2
18491 0
10301 2
10302 0
2259 1
2112 2
2113 2
10306 1
15371 2
2116 2
10309 3
10311 2
2121 0
10314 0
10316 2
10317 1
18511 3
2128 1
2129 1
14801 1
10323 3
2132 0
9891 3
10327 1
16740 0
2138 2
10332 1
10335 2
887 2
10337 2
16711 0
10340 3
358 1
2150 2
2152 2
14012 1
10346 3
18539 2
2158 1
18543 0
10352 1
16744 2
1726 2
10358 2
16745 0
72 1
15380 1
2171 0
2173 1
10366 2
2176 2
14257 1
12651 0
10372 1
2181 1
18567 3
18568 0
2185 2
2252 1
18572 0
2189 0
18574 2
3619 2
10386 1
18579 2
2196 0
4462 2
10391 1
2200 1
10393 1
2202 2
9075 2
2206 0
2207 1
2208 3
10401 2
18594 2
10403 0
2212 1
14022 2
2214 1
10407 2
2216 1
18601 0
10410 2
18603 0
18604 2
13713 2
18609 0
10420 2
15390 0
10422 2
18615 1
12660 2
10426 1
18619 2
18170 0
18122 1
18622 2
13129 2
2242 1
18627 0
18629 2
18632 2
2249 1
4471 1
10444 0
18637 1
2254 2
18640 1
18641 2
10450 2
11299 1
2260 2
2261 1
10454 0
2263 2
2264 2
18649 0
2267 1
2268 2
8570 1
621 2
10464 1
2273 1
10466 0
10467 2
18662 2
10471 1
2280 1
18665 2
10475 1
2284 2
10478 2
10479 2
76 2
10483 0
18677 0
7209 2
18682 1
2304 0
384 1
18690 1
2307 2
18693 2
10502 2
2311 0
18697 1
18698 0
10507 2
18701 2
10510 0
18703 2
18704 1
18705 2
18706 2
18707 1
2324 2
10517 1
18710 2
2329 2
10522 1
18715 3
2333 2
1987 1
10527 3
10528 3
10530 1
18723 1
18724 0
18725 1
2342 2
12679 2
3897 0
10542 2
5853 2
18737 2
2356 2
1758 3
2358 1
2359 3
2360 2
10554 2
18747 1
2364 2
394 2
2367 0
2368 1
10561 2
18754 2
10563 2
18756 2
9899 1
18760 3
2377 0
10652 1
9563 0
10573 1
10574 2
10575 1
10576 2
2385 2
18771 2
2388 2
18773 3
10583 2
16992 2
10586 0
10588 3
10589 2
1765 1
10592 2
18785 3
10594 2
10595 2
18788 1
18150 2
18790 0
6354 0
2409 2
18794 0
10604 3
16786 1
10607 1
10609 0
2418 3
10611 0
10612 2
18806 2
18153 0
2424 3
2426 1
2427 2
18812 2
10621 2
18815 2
10624 0
18817 2
2434 2
18819 0
2436 0
11329 2
2440 2
10634 1
18828 1
1773 1
2448 2
2449 2
18834 1
2452 2
8601 2
10648 2
10649 2
2460 0
8602 1
15429 2
10659 3
10660 2
10663 3
2472 2
16796 3
2475 1
10668 2
18861 2
12571 1
10674 1
2483 1
2484 0
2485 0
2486 2
10679 2
10680 1
10994 1
8539 1
2491 0
2035 2
2494 0
2497 0
2617 1
2499 3
10692 1
10693 2
2503 0
10697 0
18167 1
10700 2
10702 2
15437 1
2513 1
2514 1
16803 1
9631 1
10710 2
10711 2
2520 2
10713 2
10714 1
11343 2
2524 1
10717 1
2527 1
10723 2
10724 0
10727 2
10729 1
12711 2
2540 1
10734 1
2199 2
2544 0
12712 3
2546 2
2547 1
10740 1
10741 1
10742 2
12713 2
2552 1
2555 1
10748 2
10749 1
10750 2
16452 1
10755 0
10756 3
2565 0
2566 3
2568 0
2569 2
12717 1
2576 0
10769 0
10771 1
10772 3
10773 1
10774 1
2585 0
2586 1
2587 1
10780 0
2591 0
10784 0
2594 2
2595 2
10789 2
2599 2
10792 0
10793 0
2602 3
2603 2
10796 2
2605 0
10798 0
10799 1
2608 1
10801 2
2611 1
12456 1
2613 1
2615 2
10809 1
10811 2
10812 1
13999 1
2622 1
2623 0
2624 2
10817 1
2628 1
12726 0
2630 1
13181 1
10825 0
2634 2
4535 3
10830 1
10831 2
2640 2
16824 0
2643 1
2645 1
2646 2
2648 3
2650 1
18512 3
2653 3
2654 2
10847 1
10849 0
10851 1
9363 1
10854 0
2663 1
10856 2
9636 2
10860 1
2670 1
16829 1
10864 2
8939 2
2678 3
10871 2
10873 0
2753 2
8639 0
10881 2
2690 0
10884 0
4164 0
18366 2
2702 2
10895 1
10897 3
10898 0
10899 3
10901 2
2710 3
10904 3
10905 2
9092 0
2715 2
2716 1
9347 1
6910 2
2722 1
10915 2
2724 1
10917 1
9638 3
2728 3
2729 1
2731 3
10924 1
2733 2
1821 1
12744 0
2738 3
2739 2
2741 2
2742 2
2743 3
18207 2
2748 3
2750 1
2751 0
10945 2
2756 2
2757 0
2758 2
18209 0
2761 1
2762 2
3191 2
2764 3
2765 2
17550 2
2769 0
2775 1
2776 0
18212 1
2778 2
2779 2
10973 2
10974 3
4457 2
16848 2
3366 0
1830 0
2791 2
2792 2
2794 3
10991 1
10992 2
2801 2
2802 2
2804 2
2807 3
3094 2
11391 0
11004 2
10026 2
11010 3
5931 2
11012 2
11015 2
11016 0
2825 2
16908 1
12759 1
2835 2
16857 1
11034 2
1839 2
11037 1
11038 2
17778 0
11041 2
17695 2
4571 0
11045 2
2854 1
1841 2
2856 2
2858 1
11051 3
11053 2
2863 0
11056 0
8709 1
11058 2
11059 0
11065 2
2874 0
13479 2
10004 2
1845 0
11072 1
14826 2
2882 2
2883 0
2884 0
10038 2
11078 2
8673 1
11080 2
2889 1
11082 2
10039 2
6687 2
11086 1
11089 2
2899 2
2901 0
2903 2
2904 1
11097 1
2909 1
11102 3
2256 0
2912 1
3216 2
10043 1
11109 2
11110 3
2919 0
17828 3
2924 0
11118 0
1853 1
2928 1
8281 1
2935 2
11128 2
11132 2
4150 1
2944 2
1189 2
11138 2
11139 1
11140 1
3222 1
11142 1
10049 2
2952 2
9100 2
11148 2
11149 0
2960 0
2962 0
11155 0
10052 1
4867 0
2973 2
10053 1
2979 2
2980 0
11173 1
16881 1
11176 1
2985 2
18247 2
15350 0
2992 2
2993 1
2995 2
2951 2
11191 2
11192 2
11193 0
11194 2
11197 3
17558 1
11201 0
3012 2
10822 1
3016 1
11214 2
11215 1
11216 1
11218 1
11220 1
3030 1
16889 2
11224 2
11225 0
11226 2
3036 0
11229 2
11230 2
15525 2
3040 2
3042 2
3044 2
3238 2
3047 0
3048 3
3049 2
11431 2
3052 1
11246 3
12797 1
11249 3
3058 1
14003 2
11254 2
3241 1
11256 0
3065 1
3242 3
3070 2
1466 2
16896 1
3074 1
11435 2
3076 2
12841 1
3079 2
1166 2
11273 3
3082 2
8286 2
3087 2
3093 3
11286 2
2558 1
9295 0
11293 2
3102 2
11295 2
3104 0
3105 1
14171 0
3110 2
11303 0
11305 2
16206 0
11307 2
3250 2
3119 2
11312 2
11316 0
13987 2
3132 1
11327 2
11328 2
10080 2
3138 1
3141 2
11334 2
11335 2
11336 2
8716 1
15543 1
11341 1
17290 2
4621 2
11344 2
11346 2
10083 2
11348 1
11349 0
11350 1
11353 1
11354 2
11355 3
528 2
3170 3
3171 2
11364 1
18278 1
3177 3
3178 1
11371 2
3182 3
15549 1
11379 3
3188 2
11383 1
3195 2
10472 1
5562 1
3200 0
11393 2
11397 2
11398 2
11402 0
8727 0
3212 1
11406 3
3215 2
11408 2
18734 2
7363 0
9129 2
11414 1
3224 3
12351 2
18287 1
8018 3
18111 1
3230 1
3231 1
11424 3
11425 2
11426 3
16923 2
3236 0
3237 1
11430 0
3239 0
3240 2
11433 2
11434 2
3271 2
3244 0
3245 1
8837 0
11441 3
10201 1
3251 0
7823 2
16926 2
18292 0
11450 2
5564 1
3261 1
3263 2
3264 0
11458 2
3268 2
11461 1
3270 1
16929 2
3272 0
11465 3
3274 1
11467 1
3276 1
3278 3
6383 1
3280 2
11473 1
3282 0
547 1
3286 1
1913 2
3288 2
11839 3
15567 1
11484 1
731 0
3296 0
11491 0
11492 2
8742 1
11494 3
3305 1
3307 1
3309 1
11502 2
3312 0
3313 2
11507 0
11508 2
3318 0
16937 2
3320 2
15134 1
11514 2
3323 2
3324 2
16938 0
11518 2
3328 1
11521 1
3330 1
4651 0
11530 1
11531 1
11532 2
14210 2
11480 0
3347 0
11540 2
3349 2
11544 2
6020 1
3354 2
12847 2
3358 0
3359 3
12848 2
11554 1
3363 1
9024 2
11558 3
12849 0
3368 1
7388 2
11562 1
11565 1
3374 1
3375 2
3377 2
563 2
3380 1
11573 2
658 0
4660 2
1641 2
3387 1
11580 1
3389 2
11584 3
3393 1
3659 0
3395 1
11588 1
3399 0
3400 0
6842 3
7053 1
14221 0
3409 0
2383 1
3412 2
10757 2
3414 0
3416 0
3419 2
11612 3
16954 2
3422 1
11615 1
3424 3
11618 1
4667 2
11620 1
3430 3
10129 2
3432 1
3433 3
3434 1
3435 3
11629 0
3439 0
3440 1
3441 1
11634 2
11636 1
11638 2
11639 1
17506 2
3449 2
11647 1
3456 0
11649 2
3458 3
11652 2
11653 0
3463 2
11658 0
11659 2
3468 0
3469 1
11662 2
11666 2
16963 0
3476 2
3479 2
3480 2
11674 0
3483 1
18330 0
11678 0
16965 0
3489 3
3491 2
11684 2
12870 1
11003 0
583 1
15602 2
3502 2
14237 0
3504 2
3505 0
3506 0
11451 1
3509 2
2525 1
1951 1
4682 2
3521 2
11716 1
11510 2
390 1
3527 2
588 1
11724 2
16973 0
11731 2
11733 3
11738 1
11739 1
3548 3
11741 1
10280 2
11743 1
11744 2
17849 2
11747 2
11748 0
3557 2
5574 2
2915 2
11755 1
3564 3
16978 2
11758 2
11760 2
13485 2
3572 1
11766 0
14249 0
3576 0
596 1
12667 0
11773 2
4693 2
11776 2
3585 2
11779 0
3588 0
5643 3
15617 2
18348 1
11786 1
3595 0
1965 2
3601 3
18191 2
3605 1
11798 2
14263 2
11800 2
2588 1
13772 2
11806 2
11808 1
11811 2
3621 2
666 0
11815 1
17101 3
11819 2
16989 1
11824 1
11825 2
3634 3
16677 2
13760 2
606 0
8850 0
11831 1
11833 1
11834 2
607 1
11836 0
9123 2
11838 2
18357 2
11840 0
11841 2
11842 0
3655 1
5850 2
11849 0
7214 2
3660 3
3662 0
3663 0
11856 3
3666 0
11860 1
11861 1
3671 2
11864 2
3673 1
3674 2
3675 1
3676 2
3677 2
3678 2
11871 2
11873 1
11874 1
1979 1
3684 3
11877 2
8426 2
11879 2
11880 1
17155 1
3690 2
11883 1
11884 2
2043 1
3694 1
11887 2
3696 0
11889 1
1982 0
3702 2
3703 2
3704 1
11899 2
4714 1
11902 2
11905 3
10319 3
7446 2
11912 2
8812 2
11915 0
4771 2
3727 2
3730 2
3731 1
8814 2
3353 1
11928 0
12911 1
3740 0
3741 2
3745 2
12127 2
3747 1
11941 2
11944 2
3754 2
15645 3
1992 2
3764 1
3768 0
3769 2
5581 2
11963 2
3772 1
3775 2
3777 2
3778 0
16743 2
3784 2
3785 3
3788 2
3790 2
3791 2
3792 0
12920 1
3796 2
14286 1
4729 2
15675 2
10191 3
3805 2
7461 1
1771 1
12006 0
3815 1
636 2
11559 2
18386 1
3822 3
2855 2
18387 2
17022 0
3834 2
12028 0
12029 0
12032 2
10198 0
12040 0
3849 0
12042 2
6103 2
3373 3
8835 1
3862 2
12055 2
14586 2
12058 2
12060 2
4741 1
3876 2
12069 1
3879 2
3880 0
12372 0
12076 2
12077 2
3887 2
3889 2
12084 1
12937 0
12089 1
11428 3
4767 1
3901 0
3381 1
12097 1
12098 1
12100 2
11574 2
3912 1
652 2
12106 2
12108 2
12109 2
12110 2
12112 2
12118 2
12119 3
9678 3
18404 2
3932 3
12126 2
17975 2
12130 2
11579 2
12136 2
12138 1
12139 2
12141 1
3950 0
3952 2
12145 1
14589 1
12148 1
13498 2
12154 0
6133 1
12157 3
12158 2
12159 0
3968 3
3392 1
7770 3
3973 1
3975 0
9116 1
12170 2
3979 1
12172 1
12175 2
3984 1
17048 3
5295 1
665 1
12184 2
3396 0
12188 2
17050 1
3998 0
3999 0
6128 2
667 2
12196 3
4006 2
17052 2
12202 2
12206 1
12207 2
4017 2
12210 2
4019 1
4020 1
4766 1
16939 1
4024 1
8863 3
12222 2
12223 1
12960 2
12227 0
4037 3
4038 0
673 2
14327 2
4044 2
8866 0
12240 1
18424 1
12243 2
12244 2
18425 0
4058 2
4059 3
12252 2
4063 2
12257 0
12258 2
12259 2
3136 1
12265 1
4074 1
4937 2
18227 2
12270 2
4079 0
12272 2
4081 1
13557 0
12277 0
4087 0
4088 0
12281 0
4090 1
8874 3
4094 3
4098 1
12971 1
12293 3
4103 2
8791 2
4106 2
12300 2
4109 2
12466 1
12306 2
12308 2
4117 3
8815 2
12312 0
18436 2
4123 1
4124 2
12319 2
10503 2
8880 0
18011 2
4131 0
12324 2
4137 2
12330 1
12331 2
1415 2
4141 0
4143 0
6152 3
4148 1
12342 2
4151 2
12344 2
4788 3
12346 0
12348 1
4789 3
12355 1
12356 0
4167 2
12361 2
12363 3
15958 3
4173 2
4175 2
4176 3
4792 2
12370 2
12371 2
4180 0
4181 0
12375 1
12377 2
12380 0
18143 1
4192 2
6959 0
4504 2
4195 1
12390 2
12391 1
12392 1
12393 1
4203 1
4204 0
4206 3
15249 2
8869 2
12402 1
4212 0
7529 2
4216 3
12409 0
4218 1
12411 2
4220 2
4221 2
12414 2
10261 2
4225 2
4226 0
4228 1
12421 0
12424 2
12426 0
8898 1
4238 0
12431 3
10264 0
12436 2
4245 2
16781 0
4249 1
12448 1
12451 1
1175 2
8902 2
4262 2
12417 2
12457 2
13781 1
12459 1
4270 0
14365 3
13317 0
12465 1
11599 1
14366 0
12470 2
8905 2
4280 1
12473 1
3143 2
14367 1
12480 2
12481 0
15734 2
12486 2
12487 0
13782 2
4297 0
3599 1
4302 1
717 0
12496 1
4305 1
9662 2
9418 1
4314 1
12509 2
4318 2
4319 0
4320 2
17104 0
4322 1
4323 2
4324 2
4325 2
1235 2
4327 1
12521 2
4331 1
4332 2
8914 2
4335 2
4337 2
12530 1
723 2
12532 2
4341 1
4342 2
4344 3
4345 2
4825 2
12539 2
2211 0
12541 1
725 1
12544 0
4353 2
4354 2
2091 2
4359 2
4360 1
16512 1
4364 2
11650 2
4370 1
4371 2
10286 1
4374 2
12567 1
12569 1
4378 0
4379 2
4380 2
12573 0
12574 3
4383 2
8383 2
4385 1
12578 0
13019 2
12580 2
4389 2
3965 2
4392 1
12585 0
12588 2
4399 1
7560 3
2099 2
12596 2
12167 1
12599 2
3420 2
13941 0
12602 0
4411 3
8603 1
3466 2
4414 2
2101 1
12611 2
2102 2
12615 2
4425 2
12850 2
12622 1
12623 0
12624 2
6200 1
4434 1
4835 1
4436 2
3470 1
4438 3
11999 2
4442 2
12635 0
13001 1
12637 1
12638 2
17125 2
4449 2
9304 2
12645 0
7569 2
12648 2
12649 1
4458 2
4459 2
12652 2
12654 0
4523 2
12657 2
4468 1
4470 1
12663 2
4472 2
4475 0
4477 0
7573 1
12672 3
4483 0
4484 1
4485 2
10305 2
1786 1
16833 2
4493 2
12686 2
17133 0
12905 3
4497 0
4498 2
12692 2
4501 0
4503 2
6151 2
10308 0
12698 2
4507 1
4508 2
4510 1
4511 1
4848 1
15771 0
7603 2
4517 1
4518 1
4519 0
4520 0
4521 1
4522 1
12715 2
4525 1
12718 1
11677 2
4528 2
4529 2
17336 2
4532 1
4534 1
12727 1
4536 0
4537 2
4538 2
2606 3
12732 1
12733 1
4542 1
4853 0
4544 1
12737 1
12739 2
4549 0
12742 1
18155 1
4552 1
4553 2
12747 2
4557 1
4559 3
12755 0
12757 2
4566 2
10505 2
4568 0
12761 2
4570 1
12763 2
4572 0
12765 2
4574 3
7589 0
2880 2
12769 2
12771 1
4580 1
8923 2
4584 0
17148 1
12778 0
3495 2
12780 1
15197 2
12782 0
4591 0
4593 2
12786 0
12787 2
12788 2
12790 0
12792 1
4601 1
12795 0
4604 2
4605 2
2133 1
4608 0
4609 1
4610 1
12806 0
4616 0
4617 2
4620 0
12813 2
4623 2
6250 2
4626 2
771 1
4629 0
4630 0
4631 0
4632 2
3503 2
12828 0
4637 1
12832 1
4641 2
13405 2
4648 1
2140 0
12842 2
12843 1
4653 0
4654 1
16725 1
4656 1
17160 0
4658 2
4659 2
12852 2
6238 0
4662 0
12856 2
12859 1
4668 2
12861 2
12862 2
4671 0
12865 2
4674 1
15798 1
4678 1
4679 0
12872 2
12874 1
4683 0
4684 0
4688 1
12885 1
4694 1
4699 1
14341 1
4702 0
4703 3
4704 1
4705 1
12898 1
15803 0
5669 1
4709 1
4710 1
12904 2
4713 0
12906 2
4716 3
4717 0
12910 2
4719 0
4721 2
4722 0
4723 0
4726 1
12919 1
4728 2
12921 2
4732 0
4733 2
4736 2
12929 0
12930 2
12931 0
12933 0
4744 1
4745 1
4747 3
4748 1
12941 1
12942 2
4751 0
4752 1
12946 1
4755 1
4757 2
15707 1
10351 2
4764 0
17178 2
12958 0
7621 0
4768 2
12961 2
12962 0
12963 1
4772 0
4773 2
12966 3
12967 0
4776 2
17180 2
2323 0
12972 2
3978 2
8989 1
4784 1
12977 2
9088 3
10525 0
12981 1
4790 1
12983 2
12984 2
12985 0
4795 3
4796 2
7626 2
12991 0
12992 0
4797 2
4802 1
4803 3
210 2
4805 1
12998 1
4807 1
4808 1
4809 2
4811 3
13289 2
4813 1
4814 2
4815 2
4816 1
13009 2
13014 2
13016 2
13017 1
4826 1
4827 1
13020 0
4831 1
13027 0
13028 0
4837 2
4839 0
4840 0
4842 1
4843 2
4844 1
10365 2
13040 2
13041 2
13043 2
13045 1
4855 2
4856 1
11073 1
4863 1
13056 0
4866 0
13059 3
13060 0
15165 0
13064 3
13067 3
4876 3
4878 0
18166 0
13077 2
13080 1
2180 2
13529 1
13084 2
15834 1
4896 3
4897 2
13090 2
13092 1
4901 0
13095 2
4906 3
13100 1
4909 0
13106 2
13107 0
4916 2
13110 1
13112 1
13108 0
13114 2
4926 1
4927 2
4929 0
13122 1
13123 2
4932 0
4918 2
4934 1
4935 0
10380 1
4256 2
9439 2
13135 2
13136 2
4947 0
13140 3
13141 0
4950 2
13144 1
13145 1
13146 0
13147 1
13148 2
17210 2
13150 3
13151 3
13153 2
4962 0
17211 1
13159 3
13160 1
4971 2
4973 0
13168 2
6575 2
13170 0
4979 1
13532 0
13173 2
13174 0
7657 2
4986 2
962 2
4989 0
4990 2
3985 2
832 2
4995 1
13188 0
4997 2
4982 1
5001 2
13195 0
13196 0
9026 2
18584 1
5010 0
5011 3
3566 1
13206 1
13207 1
13208 2
13209 2
13210 2
5021 2
13214 1
13220 2
5030 2
5031 3
5033 3
197 2
5037 2
13230 2
15691 0
2350 2
14494 0
5046 2
13239 0
13240 2
11764 2
13244 2
13245 2
5054 1
13248 1
13249 3
5058 2
13131 2
14353 0
3574 2
2209 0
13256 1
13259 2
2210 2
845 1
5072 3
13266 1
13267 2
13271 1
13273 1
9039 1
13276 2
5086 1
5088 1
4944 0
13282 2
13283 2
5095 2
14627 2
5100 2
13293 1
11081 1
13295 1
10408 2
5108 1
13301 2
13303 2
4948 2
13307 1
13309 1
9045 2
5121 2
5123 2
13142 1
13320 2
10412 2
13324 2
13326 3
14509 2
5137 1
5138 0
13331 2
13332 2
13334 0
5143 1
13336 0
13337 2
5147 2
10907 1
16811 2
13342 2
15877 0
13346 2
17084 1
5156 0
5157 2
13351 2
5160 0
17244 0
13356 2
5211 2
17245 1
13360 2
14966 0
5171 1
13364 3
5173 2
5176 1
5177 3
13371 3
13372 1
13373 2
10421 2
13376 3
5185 0
5186 0
13379 0
5189 3
5191 2
13384 2
14903 2
5194 2
13387 1
5196 2
13154 2
5198 2
5201 1
13395 2
5205 0
12994 1
5209 2
228 2
18618 2
5214 2
5217 0
13410 1
10427 1
13413 2
5222 0
2236 2
13419 1
13420 3
13424 2
5233 2
13427 2
13428 3
2238 2
17257 0
5243 2
5244 0
13438 1
5247 2
10432 2
13442 2
13443 1
13448 0
876 3
5258 1
17633 3
13455 3
5265 2
10541 2
8873 2
13466 1
5283 2
5284 0
5285 2
5286 2
17265 2
7708 1
5293 2
7709 3
5297 0
5298 1
5299 0
5301 0
5632 1
5303 0
13496 2
13497 1
5306 1
13499 1
4981 2
13504 2
5314 1
2251 2
17270 1
5318 0
17635 0
13512 1
13513 0
5322 2
13515 1
13519 2
13520 2
5331 3
5332 2
18638 0
5336 1
5337 1
8725 1
5340 2
9082 2
13535 2
5345 2
17574 1
7718 2
10569 3
10449 2
5352 1
892 2
5357 1
5358 1
13551 2
5360 1
5361 2
13555 3
5365 3
3444 2
13561 1
6668 0
5372 2
5374 1
13567 3
5376 2
13569 2
5378 2
13572 2
13573 2
5382 0
17281 0
13577 1
13578 2
5387 2
5389 2
8090 2
18648 2
13586 0
13587 2
13588 2
17284 0
4817 2
13595 0
13596 2
7019 2
9093 1
13603 0
13604 0
5415 0
13608 2
13609 2
13610 1
5419 2
13612 2
11826 2
13614 2
13616 2
13621 2
13622 2
13193 2
13624 1
18655 2
13628 1
13629 1
5440 0
5441 2
13634 2
13638 2
13641 2
13642 1
13647 2
10820 3
5457 2
18659 1
5460 2
9102 1
5463 1
16276 1
9103 2
7738 2
12730 1
13666 0
15312 3
2910 1
2278 2
5478 0
13672 2
5481 0
13674 0
3183 2
13676 0
13202 1
5486 2
13680 0
18664 0
5490 1
5491 2
2975 1
3646 0
5495 3
5496 2
5497 2
13690 2
7743 2
12731 0
13695 2
13696 2
11640 2
13699 0
5508 2
10559 2
13704 2
5513 2
13708 3
3650 2
13710 2
6381 1
5521 2
18733 2
5526 0
7549 2
13720 2
13722 3
13723 2
11057 2
5018 1
13726 2
13727 1
5539 1
13732 2
14369 2
13734 1
13737 2
5548 2
9117 2
5552 1
13745 2
18675 0
5556 1
16505 0
13751 1
13754 2
16552 2
13756 2
13758 0
5567 2
5568 3
10551 2
5571 1
9460 2
13766 0
5576 1
5579 2
5580 1
13773 0
5583 2
5587 1
5588 3
11854 0
5590 3
5591 2
9124 1
13787 2
13789 3
13790 1
17317 1
5601 1
8370 0
5609 2
5612 2
14917 1
13807 0
13808 2
5619 1
13812 0
14590 1
5623 0
5626 3
5627 1
16827 2
5630 2
5631 0
1674 2
15736 1
13828 1
5637 1
5639 2
5641 0
5642 0
3038 1
13836 2
2306 1
13838 1
13229 2
15043 2
13844 3
13845 1
13846 2
5655 2
5658 3
5659 0
13852 2
5661 1
5664 2
5666 0
18694 2
5670 1
17329 3
5673 3
13867 2
16283 0
13871 1
5680 1
13873 2
5684 3
5686 2
13879 2
14374 0
13884 2
7009 2
5697 2
5698 2
5699 0
1729 1
13893 1
8646 1
13898 3
13899 0
5708 0
13902 0
14605 0
5712 0
10283 2
5719 1
5720 2
13916 2
5930 2
6416 3
1009 1
13925 0
2373 1
13927 1
13928 1
13933 0
5742 1
13935 1
3688 1
13938 2
6419 2
5749 1
5751 2
18708 2
5754 2
17343 0
5758 2
18709 3
5761 1
6422 1
961 1
7557 2
7567 2
13965 0
5776 2
5777 2
14617 2
5785 2
13978 2
5787 0
18714 1
5793 1
10523 2
5797 0
13993 2
5803 1
13996 1
13997 0
18717 2
14001 2
5810 0
5811 2
5812 0
5813 2
5814 2
12641 0
15988 1
5820 1
3701 2
5824 2
5826 0
5067 2
5829 1
5830 2
5831 0
14024 0
17356 2
14028 1
14029 2
18315 3
8105 2
5843 2
14036 1
5845 0
14038 2
17785 0
14041 2
14042 2
14043 0
14044 0
14045 0
14050 1
14053 2
5862 2
16562 2
5865 1
5869 2
14063 1
14064 0
14632 2
5874 2
5875 2
5878 0
5879 2
5881 2
7807 2
14077 3
17654 3
5005 3
14635 0
14084 1
5894 0
5899 2
16836 1
9554 2
5903 2
5909 3
14103 1
14104 1
1785 2
11005 1
18746 2
5922 0
5925 2
2353 1
14120 2
5929 1
14122 3
14123 1
14125 2
10498 2
14129 1
17170 3
14133 2
11913 1
14136 2
14137 2
5946 0
14139 1
14140 2
14142 3
5381 2
5957 1
13281 0
5961 2
6455 1
14156 1
5090 3
14727 1
5091 2
14168 1
14170 1
5979 0
2362 2
5982 2
5983 0
5984 1
14177 2
2927 2
14180 1
18748 2
14187 0
14189 0
14190 2
5999 2
14192 2
9969 2
14194 2
14198 3
14199 1
14201 0
18751 3
6013 2
1564 1
14209 0
6018 1
6019 1
14212 2
6022 2
6023 1
14216 2
6025 2
14219 0
10562 1
14224 1
14226 2
2371 2
357 0
14233 0
6044 3
6045 1
6047 2
14240 1
14241 2
14243 1
6053 1
6055 1
6057 2
14250 2
14251 0
14253 2
6064 2
6065 2
6066 3
6067 2
6068 2
14261 0
14262 2
6071 2
15851 1
6073 2
6074 1
14269 0
14270 0
1013 2
14274 2
14275 1
14278 2
2380 1
6091 1
14285 0
6094 2
14287 1
6099 1
6100 2
6102 2
17401 3
6104 2
14297 2
11660 1
17184 1
9210 1
14302 2
14672 1
6115 3
14309 0
6118 1
6119 1
14312 2
11115 2
14317 0
18753 0
14320 2
3752 3
14322 2
14323 2
6132 2
9214 3
6135 2
14329 3
6139 0
6140 2
14335 2
6144 1
6145 2
4569 0
6149 0
6150 0
1025 2
14344 0
14345 3
6154 2
14347 2
6156 0
1026 2
6158 2
6159 2
6161 1
14355 2
6164 2
14357 2
14360 1
6169 2
14362 1
8737 2
14364 1
6173 0
6174 2
2714 0
6176 1
6177 1
6179 0
6180 3
1030 2
6182 0
14376 2
6187 2
14380 0
7858 2
14382 2
14385 1
14386 2
14387 2
6196 2
14392 2
6201 2
14394 2
6205 2
6206 2
6207 2
6209 2
14404 1
14407 1
14408 2
16301 1
14410 2
14411 2
14414 2
14417 0
2403 1
14420 2
6231 2
6232 2
14425 2
6235 2
7866 2
14430 3
14432 3
14433 2
3771 0
14437 2
14438 0
14442 1
6251 2
14444 2
4027 0
14446 0
6255 2
14451 0
14453 0
14454 2
14458 2
6267 2
8392 2
10602 2
6270 2
14463 1
14465 1
14467 1
16927 1
8938 2
6282 2
6286 3
14488 3
14489 1
14491 1
14492 0
6302 0
7516 2
6306 1
17435 3
14501 0
14502 1
2417 1
14504 2
7848 2
17941 1
151 1
14510 2
6319 1
14512 1
14513 2
14514 3
6329 0
6330 2
6331 2
6333 1
6336 2
1056 0
14531 0
17669 2
14533 2
14535 1
1575 1
14538 2
6348 3
6349 2
14542 2
14546 0
13305 2
6356 1
14549 2
6359 2
3485 1
14553 1
903 0
6363 2
14556 2
10618 2
10032 1
6368 2
6370 2
18811 1
14565 1
14566 3
15655 2
14571 2
16082 2
2429 1
14576 0
6385 2
6386 1
6387 2
6390 2
14583 0
8669 2
16307 0
6398 3
14591 2
8942 1
6862 3
14603 2
14604 2
6413 1
14607 2
14608 2
14611 1
16955 0
16089 3
6424 0
10628 2
6426 1
6428 1
6429 1
14625 2
8300 2
14629 1
6438 0
14631 2
6440 1
14633 0
6443 2
6445 1
6446 2
8398 1
10632 1
13363 2
14646 1
14647 2
6456 1
14651 2
13791 2
14658 1
6467 2
6468 1
9863 2
1045 1
14664 1
6473 2
14666 2
9271 0
16137 1
14669 2
6478 3
6480 2
13368 1
1081 0
6488 2
14682 2
6493 2
6495 0
17947 1
18832 1
14690 2
6500 3
3814 1
6502 2
6505 0
6506 2
6507 2
2450 2
5181 0
6512 0
16104 0
6515 2
1187 2
14710 2
6521 0
6522 2
14716 1
14717 1
17472 0
14722 2
14337 1
14724 2
7037 1
14728 3
7916 2
14730 1
18839 2
17474 2
16683 2
3821 2
18048 2
14737 2
14738 3
5187 0
14742 2
6553 0
14746 2
18538 2
4624 1
6563 3
9493 1
2444 1
6566 1
7921 3
18844 1
14762 0
3492 0
6573 0
8675 2
6576 2
6577 1
9054 0
6585 1
14779 2
6588 1
6589 1
14782 2
6591 2
1856 2
14785 2
9494 1
5195 2
14789 2
14791 2
6600 0
14793 1
14795 1
6604 2
6605 0
12495 2
6608 2
6856 1
5063 2
14804 2
14805 2
14807 2
6616 1
18852 0
14811 2
14812 3
6621 2
6622 0
6623 0
6625 2
7040 0
14821 2
6631 2
6632 2
6634 0
14828 0
14829 2
7933 2
17491 2
7934 2
14838 1
14761 1
14841 2
6651 1
6653 1
14849 2
14850 2
14851 2
14852 1
9302 2
12783 1
1790 2
14858 2
14859 1
808 2
14863 1
14864 2
5208 1
14867 0
14868 2
14869 1
6679 2
6681 3
14874 2
6683 2
14876 2
14878 2
14879 2
14680 2
14881 1
6691 1
6692 2
14886 1
6695 3
18772 1
6697 2
6698 1
14892 1
6701 1
14894 2
6703 1
6704 1
14899 1
6708 1
6709 0
14902 2
12041 1
14904 2
10676 0
15772 2
6715 2
14908 1
6718 2
14911 0
14912 0
17504 2
6722 2
6723 1
6724 2
6725 0
3770 2
14921 1
14925 2
6734 3
6736 0
6740 1
14934 2
6744 1
6752 2
14945 1
10683 3
14948 0
10045 1
14952 1
14954 2
1127 1
14957 1
12524 1
9320 2
6770 2
18229 1
6774 0
6775 0
6776 2
6777 0
6778 1
14972 2
9322 1
2500 2
6784 3
6786 1
6787 0
6788 1
13865 2
14983 2
6792 0
14985 1
6794 2
14138 1
6796 0
14989 0
6798 1
14991 2
6802 3
6803 1
14996 2
6806 0
7683 2
6809 0
6810 1
15004 2
6813 1
17412 3
2501 1
15008 2
5232 3
7963 2
17685 2
15014 0
15017 1
6828 1
1138 2
6833 1
6834 0
15027 1
6836 1
6838 1
2505 3
6840 2
6841 2
15034 2
6845 0
15038 2
15039 2
12266 2
6850 1
6851 1
6853 0
6855 1
15048 2
6857 1
6858 2
15051 2
6860 1
15053 2
15054 2
15055 2
9503 2
1335 2
15062 1
6871 0
6873 0
15066 2
15067 2
15068 2
6877 0
6879 2
6881 2
15074 0
6883 3
6886 2
15079 3
15080 2
6889 3
8611 2
500 2
15084 3
15087 2
6898 1
14803 2
6901 0
15094 2
15095 1
15096 3
15097 2
15098 2
1151 1
15100 1
15101 1
15102 1
8959 0
6912 2
15105 1
15107 1
6917 2
15110 1
5249 2
6920 2
6923 0
9505 2
15119 0
6929 2
6930 1
6931 2
15124 3
6933 3
15126 1
6617 2
6936 1
6939 2
15132 1
6941 0
6942 1
6943 2
15136 1
15137 3
15138 0
15139 2
15140 0
15141 1
15143 2
15144 0
15145 0
6957 1
6958 2
15151 3
6961 1
15155 0
6964 1
6965 2
6966 0
15160 1
15162 1
10719 0
232 1
15167 2
6976 2
6978 0
15172 2
6982 0
15175 1
15176 1
15177 2
15180 1
6994 1
2531 1
15189 0
6998 2
15191 2
17691 2
15194 2
7994 0
7006 2
7008 2
1168 3
16873 1
7015 2
7016 2
7017 1
7018 1
15211 3
7021 3
7022 3
7023 1
7024 2
15217 2
15219 0
15220 2
15223 0
17556 2
15227 3
15228 0
15229 2
7038 0
15231 0
15232 1
7044 3
7045 2
15241 2
7051 1
7052 1
15245 2
7056 2
7057 0
15250 3
7061 2
7062 0
7063 0
7064 2
15260 2
15261 2
9011 2
15264 2
7073 2
15266 1
7076 1
10737 3
15272 0
15277 1
7087 1
7088 0
7089 2
15282 2
15283 0
15284 1
7093 0
8009 2
1600 2
7097 2
12595 2
4712 2
2549 2
15296 2
7105 1
8420 2
15303 2
7112 1
6647 2
7116 1
7118 1
7120 2
7121 2
15315 2
10330 3
7125 0
15318 2
7129 2
13058 0
15323 2
15324 1
7133 2
9381 3
18651 1
7138 0
7139 0
15333 2
15334 1
7146 1
15339 3
1329 3
14845 0
7155 2
15349 1
7158 2
7160 3
13943 2
7166 3
15362 2
17942 0
15365 1
17424 1
6657 1
15368 3
7179 3
15374 0
15375 1
15376 3
7185 2
7186 3
2563 2
7188 2
9390 1
7194 2
15387 2
7198 3
13414 2
7200 1
7204 0
7205 1
7206 2
13489 0
7208 2
8028 3
15402 2
15403 1
7212 2
15405 2
15406 2
15409 2
7219 3
9868 1
15413 2
15417 2
15418 3
7227 2
7228 1
7229 0
15423 0
15428 2
1206 2
15431 2
15432 1
7241 1
7242 0
7243 2
7244 0
7245 0
7246 2
15440 1
12131 3
17593 2
15448 2
6671 3
3515 1
15433 1
7264 2
15457 2
14865 0
17973 2
15471 1
15472 2
15473 0
15474 0
15475 0
15477 2
788 2
15479 0
15480 1
2580 2
15482 1
8042 0
15486 2
15487 3
15488 3
9415 1
15490 1
2582 2
5477 0
15496 0
7306 2
15499 2
9245 2
9410 2
15503 2
15505 0
15508 0
15509 1
14873 2
17604 0
15514 0
15517 1
14015 0
7328 2
1597 1
15522 1
220 2
7332 2
13510 3
15529 0
13511 2
15534 0
5858 2
15539 0
7349 2
5321 3
15545 3
15546 0
663 2
1226 1
15550 0
15552 1
15554 2
5323 2
4577 2
15557 1
15558 1
6689 2
9420 1
7370 3
15563 0
7372 2
15565 1
7374 3
17613 0
15568 3
15569 0
7462 1
15574 0
15577 3
7386 1
15579 2
15580 2
7391 1
15584 2
7395 1
15589 2
15590 1
15594 3
15596 3
7405 2
7407 2
15600 2
7410 2
15603 1
15604 2
7413 1
15607 1
9428 2
15611 3
5851 3
15615 2
15616 0
7425 3
15619 0
15620 1
17559 2
16813 1
15625 1
15627 1
15629 1
7440 2
6702 1
15638 2
7447 2
7448 2
7450 2
7452 2
7453 1
16261 1
15649 3
7459 2
15653 0
15654 2
4527 1
15657 2
15658 2
7467 2
6707 1
15669 1
15670 3
15672 1
7481 1
8978 1
7483 0
15676 0
15677 1
7887 0
15679 0
7488 2
7489 2
7491 2
15684 0
15687 1
7496 0
3341 0
10807 0
7500 2
6712 2
15699 1
15701 0
15703 1
15704 0
15706 1
7515 3
15708 2
15711 2
6797 2
15713 2
7522 2
795 2
9446 1
15719 1
15721 2
7532 2
15725 0
15727 0
13544 2
16468 2
10814 1
7542 2
17641 1
7544 2
7545 1
7547 1
15740 1
15741 1
3989 2
15744 2
15746 0
9451 0
15748 2
15749 1
14913 2
15752 1
7561 2
16279 0
14914 2
15758 2
15759 3
15760 0
15761 2
15765 2
15769 2
7578 1
7579 1
7580 2
15773 2
15775 0
15776 2
7585 2
7587 0
15780 0
15781 1
9457 2
7592 2
7593 2
7594 3
2631 1
15788 1
3997 2
423 2
8237 2
7606 0
7607 1
18439 2
15801 0
7611 1
7612 1
10826 0
7615 2
7617 1
7618 0
15812 2
15813 0
7622 0
7624 3
15818 2
15820 1
15824 2
15825 0
10089 2
5369 2
15832 0
7642 2
13348 1
7648 0
7649 2
15842 0
7651 2
15845 2
10916 2
2641 1
17660 2
7658 0
7659 1
15852 2
15854 1
15855 1
15856 0
7665 0
1619 2
10463 2
15863 2
14932 2
5422 2
15868 2
7677 3
17168 2
15871 1
13568 3
7682 2
542 2
10838 1
15878 2
7688 2
7689 2
7691 1
7692 2
7693 2
6816 1
7695 2
7696 0
15890 2
7699 2
15892 1
433 2
15895 0
5380 1
15898 2
7707 2
15900 2
15901 1
15902 1
7711 0
15906 2
15908 1
15910 1
15911 3
7721 2
15915 1
15916 0
16737 2
7728 2
15921 2
15922 2
15923 1
7732 1
10846 2
5713 2
7736 3
12212 1
15930 2
2655 2
4021 1
15936 2
7747 2
15940 0
7751 2
9484 1
18055 2
15953 1
15954 1
14947 1
9486 3
7766 1
15959 1
15962 0
15963 2
7772 1
14949 0
7777 1
7778 0
7779 2
7780 0
15973 2
7782 1
7783 0
15978 3
15979 1
7789 2
15983 2
15984 0
7793 3
7794 2
7795 0
7796 3
7079 3
2234 2
9492 2
7802 0
15996 0
15999 1
16000 2
16002 2
16003 2
7812 0
16005 1
12225 2
7817 1
2127 0
7819 3
7820 2
16014 2
16015 1
1304 2
16018 1
16020 1
16021 0
12209 2
7831 1
7832 3
16025 1
16027 1
7838 2
8133 1
16032 1
16034 2
9499 2
16036 1
12230 1
16040 2
16041 1
4039 2
10636 1
16049 1
16050 3
16051 0
16053 1
16056 1
7865 2
16058 0
16059 0
16060 2
16061 1
16062 2
16064 2
16065 0
16066 1
7875 1
16068 2
16069 2
16801 0
1313 3
16073 1
9448 0
16075 1
7884 2
16078 1
16079 2
16081 2
7890 2
7891 2
7894 2
16088 1
7897 2
7898 0
16091 2
7900 2
7902 0
16336 3
7906 2
7909 2
7911 2
7912 0
7913 1
16106 2
13607 2
16108 2
7917 2
16110 2
16113 2
16114 2
16115 2
16116 1
16117 2
7927 1
16120 1
16121 1
16123 1
7932 2
16125 2
16126 0
16127 3
11721 1
7940 0
8150 0
7942 1
16135 2
7945 2
16138 2
7947 2
10882 0
16143 2
16144 0
16344 2
10473 0
16148 2
9518 2
16150 2
16151 1
16152 1
7961 2
16155 1
16156 2
16157 2
7966 1
14981 1
16160 0
7970 1
12251 2
7972 2
7974 0
7975 2
7976 0
16348 2
16174 3
16176 0
14984 0
7986 2
16179 3
16183 2
16184 2
16186 2
7995 2
16188 3
7998 3
11619 1
16196 1
12690 0
16201 1
16203 0
16204 1
8014 2
16207 0
17937 2
8020 2
16213 0
16220 2
15329 2
16223 2
16224 2
16226 0
17723 1
16228 3
16231 1
5436 3
16234 2
16235 1
8044 1
16238 3
5437 2
1359 1
16244 1
16245 1
8054 2
16250 2
17727 1
16252 1
8170 2
16254 2
15111 3
8066 2
16259 1
12165 1
8069 2
8070 0
16263 2
16090 1
16265 1
16266 2
8075 2
8076 2
16269 2
8079 0
8082 0
16275 0
1363 2
8085 2
16278 2
15001 1
16282 1
12271 0
16285 0
16286 0
16290 0
16291 2
16292 0
8101 1
16294 3
8104 2
16297 0
1523 0
8108 2
8109 2
8110 2
16304 2
8113 3
16306 1
8115 2
8116 2
1634 2
8119 0
543 2
10324 1
4362 0
16318 0
16319 0
13545 3
16321 0
16325 0
10913 3
1036 0
16330 3
16331 1
16332 2
8142 3
8144 1
16337 2
9397 2
1635 2
8149 2
16342 2
16343 1
8152 3
16345 1
8154 3
16347 2
8156 1
16349 1
16350 2
8159 3
1360 1
16355 1
16356 0
16358 2
16362 2
7869 2
9929 2
8179 2
16372 1
16382 1
8182 2
16376 2
9556 2
8186 2
16379 2
16380 0
16381 1
8190 2
