16386 2
8195 0
16388 2
8198 2
2073 2
13912 1
16393 2
8202 0
8203 0
16396 1
4092 0
2733 2
8208 0
8210 0
16404 3
16405 2
16406 0
13657 0
16408 0
16409 0
8219 2
8220 0
8221 0
16414 2
16415 2
7256 2
33 0
16419 1
16420 2
37 0
16422 2
16424 1
8233 1
1364 3
8199 0
8237 2
8240 0
8241 2
15027 1
52 1
16437 1
8247 1
56 0
8249 2
16443 2
13017 1
16445 2
16446 0
2741 2
16449 2
66 1
8260 0
8262 2
9569 2
73 2
8266 2
76 2
78 1
16464 1
16465 1
1379 0
3276 1
85 0
8278 2
88 2
16476 2
16477 2
16481 1
13915 3
99 0
16484 1
16485 0
8295 2
16489 3
1383 2
8300 2
109 3
16494 0
111 3
8305 0
114 0
115 1
118 1
8212 0
122 3
16509 1
126 2
8213 1
16512 1
16513 1
8322 2
8323 1
16516 1
133 2
134 0
2753 2
8328 0
16522 1
8331 2
16527 2
144 2
12312 0
15043 2
148 1
16533 1
151 1
8345 3
16538 0
9583 2
8348 2
16541 0
158 3
162 2
8355 0
8356 3
166 1
169 1
171 2
10479 2
173 2
15827 3
8367 0
177 1
178 0
179 3
180 3
181 1
16572 3
10954 0
190 3
8383 2
193 1
8386 2
8387 1
16580 0
197 2
198 0
8391 2
200 0
8393 2
202 2
8396 0
8397 2
16590 3
15053 2
209 2
8402 2
8403 3
7372 2
16597 0
214 0
8407 2
216 1
8228 2
16591 2
220 2
16608 0
225 0
8418 2
8419 0
10961 0
16616 1
8425 3
8426 2
8427 2
8428 0
16621 0
8430 2
16624 2
16625 0
8434 0
17466 0
16628 0
8438 2
16632 2
8441 2
250 1
2736 0
16636 2
16637 3
254 0
8447 0
16640 1
5504 0
16645 1
16646 1
8455 0
8456 0
266 2
8460 2
8461 3
45 1
8465 0
1311 1
8738 0
276 3
16663 2
280 3
8473 2
16666 1
16615 0
284 1
8477 0
287 2
8480 1
8481 0
8482 0
8483 0
1414 2
8486 2
16679 1
8488 2
297 2
16682 0
16683 2
8495 2
8496 2
307 0
16693 1
310 2
8504 0
16436 1
8510 2
16703 3
8512 0
8513 0
8514 1
324 1
947 2
17804 2
330 0
332 2
333 0
16719 2
16721 1
8530 3
339 3
8532 1
16725 1
344 2
8538 1
5519 1
16732 1
349 1
350 0
8543 3
8544 3
353 2
8548 2
8549 0
358 1
359 3
16745 0
13651 0
15079 3
1426 0
366 2
367 0
16753 2
5195 2
371 0
8564 2
16759 1
376 2
16761 1
8570 1
379 0
16765 2
8574 0
383 0
384 1
8577 1
16770 1
5526 0
390 1
65 1
392 1
393 2
8587 1
396 1
16781 0
401 2
10379 2
405 0
16790 1
8599 0
68 2
410 2
8603 1
8604 2
8605 1
16799 1
8608 1
8609 2
8610 1
419 0
420 1
2801 2
18836 1
16811 2
428 2
8621 0
8622 2
16818 0
16819 2
8628 1
8629 1
438 0
16823 0
8632 2
442 1
444 2
74 0
446 2
16831 1
8640 0
8643 1
16836 1
16837 1
454 2
16839 0
16840 0
16460 2
458 3
16843 3
10805 0
16846 1
4173 2
464 2
6753 0
467 1
16852 1
469 1
16854 2
16855 1
8665 2
475 1
477 2
16862 1
481 1
8676 0
9638 3
16874 0
15292 1
16876 3
289 2
495 0
8689 2
16882 3
500 2
6910 2
504 3
8697 0
11861 1
508 0
509 3
510 2
8704 0
16897 2
8706 3
8746 2
8708 2
517 0
16902 2
8711 0
15279 2
521 0
8714 1
16907 0
526 0
8719 3
8724 1
533 0
8727 0
8728 2
537 3
3004 0
16923 2
8732 1
9838 1
542 2
16927 1
16928 2
545 2
16930 2
8739 3
548 1
551 1
8745 1
16938 0
16939 1
11133 0
559 0
8752 2
15112 1
5747 0
16948 0
8757 2
8758 2
567 2
8761 1
8762 1
8764 1
6922 1
574 0
8767 0
576 2
577 1
8771 3
583 1
8777 0
586 3
4662 0
588 1
16973 0
16975 1
16976 1
16977 0
594 0
16980 2
5249 2
9657 0
16984 1
8793 1
16986 0
8795 3
4930 2
605 3
606 0
8799 2
8801 0
8802 1
611 1
12390 2
8807 2
8808 0
617 0
17002 1
8811 1
17005 1
8814 2
7029 0
12392 1
17010 1
629 1
630 0
105 0
632 0
634 0
5567 2
636 2
12394 0
17022 0
17024 2
17025 0
8835 1
644 1
17029 0
646 3
8841 2
650 1
17035 2
17036 2
8845 0
654 0
17040 1
17041 1
8850 0
661 1
662 0
8855 1
664 0
17049 1
8858 2
16495 1
8860 1
1386 3
8862 2
17055 2
17056 2
673 2
674 0
17059 0
17062 0
679 0
680 0
16935 2
17067 1
685 1
7424 3
8880 0
1441 1
693 2
8887 3
699 3
17084 1
17085 0
8895 3
705 0
8898 1
8899 0
17092 1
709 1
8902 2
712 2
17097 2
17099 2
716 1
717 0
8910 2
719 3
8912 3
13772 2
8914 2
17108 0
9678 3
17110 0
12409 0
16391 1
8922 1
731 0
17119 0
14800 2
738 2
17797 3
17125 2
742 0
743 0
744 2
8937 0
8938 2
17131 1
17133 0
8943 1
17136 0
17137 2
754 2
756 0
17142 0
759 3
8952 2
8953 1
6102 2
127 1
8956 2
14210 2
17151 2
9300 1
17153 0
17154 0
2859 1
17156 2
17159 3
776 3
17211 1
17879 0
3056 2
782 3
8976 2
786 0
787 2
17173 1
790 2
17175 3
8985 0
17178 2
795 2
8989 1
8991 2
8992 3
8993 0
802 1
803 2
8468 0
17191 0
808 2
2209 0
810 0
9003 2
17196 1
9008 0
17202 0
820 2
825 2
9018 2
9019 1
8330 2
17214 0
15157 2
17218 1
16523 2
9028 0
837 0
841 1
17226 0
17227 1
844 2
9037 2
9038 2
9039 1
849 2
17234 3
17235 0
852 2
17237 2
854 0
856 0
17241 1
9051 1
17244 0
17245 1
862 0
9055 0
8336 0
9059 0
8485 2
8337 0
9065 2
874 3
5607 1
876 3
17262 0
879 2
17264 0
17265 2
882 0
9075 2
17268 1
17270 1
17272 0
889 0
9082 2
17275 0
892 2
9086 1
895 1
17280 1
17215 0
9090 1
9092 0
9093 1
903 0
904 1
17290 2
14245 1
9100 2
17293 0
910 1
9103 2
17296 3
17297 0
9106 0
9107 0
9108 2
9109 3
17302 2
17303 0
9112 2
921 2
9115 1
17308 2
17310 1
17313 2
930 0
16539 0
17316 2
9125 2
17319 0
936 3
156 0
17324 2
157 0
17328 0
9138 0
9139 2
9142 0
952 1
17338 1
957 2
9151 0
17344 0
12448 1
17347 0
9157 3
9158 3
17352 0
13815 0
9164 0
8354 1
2893 0
17360 2
8216 0
17367 1
17368 1
16548 0
768 0
9182 0
17376 0
9186 2
17379 2
17381 2
1002 0
11090 0
1006 0
17391 0
9201 0
1010 1
17395 2
17396 2
5630 2
18310 3
17399 2
9209 1
17402 1
17404 1
9213 3
1023 2
9216 0
17409 1
1027 0
1028 1
9223 1
9224 1
9225 0
6999 0
9228 2
9229 1
1038 0
16557 2
4399 1
17426 2
9236 1
15193 1
17432 2
5636 0
1051 1
1052 0
17437 0
1054 2
9247 0
17440 2
9250 2
1098 2
12465 1
17448 1
9257 0
17450 1
1067 2
17452 0
16562 2
9262 2
1071 1
9264 1
9265 1
17458 2
1075 0
12173 0
9270 2
17463 1
1080 1
9274 2
9275 2
1085 0
17470 0
17472 0
17473 0
17474 2
17475 0
17476 0
1094 3
9287 0
9290 3
17485 0
9741 2
12472 1
17491 2
1108 2
17934 2
1110 2
1111 2
16131 1
17499 2
9308 1
9310 0
11109 2
9312 2
17505 0
17506 2
1123 0
9316 0
17509 2
17510 2
13841 0
17512 1
17514 2
17516 2
9325 0
17519 2
1137 0
1138 2
12313 2
17526 0
13677 0
1144 2
9337 3
17530 1
17531 0
17532 2
1149 0
1150 2
9343 2
17536 2
17537 0
17538 1
17539 3
17541 1
17542 1
8385 0
17544 2
9353 0
17549 1
1166 2
17551 2
1168 3
17553 2
9363 1
9364 2
1173 2
1174 2
1175 2
9368 2
1177 2
1180 1
5222 0
17522 0
17568 0
9377 2
1186 0
1187 2
17574 1
1192 2
17948 2
17578 2
16583 2
9389 0
9390 1
1199 0
9860 1
13756 2
8769 1
40 0
9400 0
1210 3
17596 1
17598 2
13027 0
9409 1
1218 2
8644 2
17605 1
17610 2
11127 1
17613 0
12316 2
17616 0
1233 1
9427 2
9428 2
9429 1
1239 0
207 2
1245 0
17631 0
1248 0
17633 3
1250 0
1251 1
17637 0
9446 1
1255 0
9448 0
17641 1
17642 1
10974 3
17645 0
7407 2
11226 2
17649 1
17650 1
9459 2
9461 2
9462 2
1271 0
9464 0
17657 0
9466 0
17659 2
17660 2
9770 1
17662 2
17663 1
17664 0
9473 1
9474 1
17668 0
17670 0
1287 1
17228 0
1290 1
1291 0
1294 2
1295 1
1297 0
17682 0
9491 0
9492 2
9493 1
17687 1
1304 2
17689 2
1306 3
17691 2
1308 3
17693 3
9503 2
1313 3
17698 0
9507 0
1317 3
17702 2
1319 0
1322 2
17710 2
1328 0
1331 1
12865 2
17719 1
1336 2
1337 0
1338 1
17723 1
1340 2
1341 2
17726 2
17727 1
9536 0
17729 1
17730 1
7052 1
1354 1
5687 2
9548 0
1358 2
1359 1
18511 3
9554 2
1363 2
17748 1
1369 2
17755 0
17756 0
1373 3
1377 2
17762 2
8502 1
17766 0
17767 1
1596 2
9578 1
9579 2
9580 1
2846 2
1391 0
8424 2
15201 3
9592 1
17785 0
9594 2
17787 3
9596 0
9597 2
9599 0
1408 0
17793 1
17794 1
9604 2
9605 1
9606 1
1415 2
17800 2
16620 3
1418 0
9611 2
1420 0
9615 2
9616 0
17809 0
9618 0
17811 1
17813 1
9623 2
14505 2
1436 1
1437 3
1438 1
1439 2
240 1
7067 0
1444 2
9637 1
1446 2
9639 2
17832 3
9642 0
17835 2
9645 2
9646 1
16688 2
17841 1
9650 2
17843 2
17844 0
16961 3
1465 2
17851 1
17852 2
9661 1
17855 2
17856 0
9665 2
1474 2
1476 1
9669 2
9673 1
1482 1
9675 1
9676 2
7074 2
1486 0
9679 1
4156 0
17875 0
17876 0
1493 0
4345 2
7142 1
9690 2
9691 3
9693 1
9694 0
17887 2
9697 3
9702 2
17895 0
17896 1
9705 0
9707 1
9811 0
16638 0
2985 2
501 1
17913 2
9722 2
9724 1
17917 1
9727 0
12277 0
10144 0
17924 0
17925 0
1542 2
9735 0
1544 1
15276 2
1546 0
1548 2
12546 0
9742 1
7116 1
1553 1
17939 0
17941 1
1558 3
1559 0
1561 2
9754 2
1563 3
1564 1
17949 2
1567 2
17955 2
17958 2
1578 0
263 2
17964 0
9773 2
1583 2
17969 0
11187 0
9781 1
1591 1
17979 2
17980 0
1597 1
1599 0
9792 2
17985 2
1602 3
17987 0
9796 0
17989 1
9798 0
1608 1
9801 2
1610 1
17997 3
1614 1
17999 0
18000 0
1619 2
9812 0
1622 2
15289 3
18008 1
18010 0
271 2
9820 0
1630 1
1634 2
1636 0
9829 2
18022 1
1639 2
1640 2
1641 2
10693 2
18027 2
1644 1
1645 0
1646 0
9839 0
18032 0
9832 0
4371 2
1652 2
1653 2
16705 1
9849 0
1658 3
1659 0
18044 0
1661 1
9854 1
1663 2
15296 2
1666 2
1667 1
18052 0
18053 2
1670 0
1671 1
18056 0
9866 0
9867 0
1677 0
18062 2
9873 2
9874 0
17469 0
9876 0
18069 0
9879 0
10149 1
9882 1
18076 0
18077 0
18078 2
9887 3
9889 0
18082 0
4379 2
9892 0
1703 1
6176 1
1707 0
1708 3
9902 0
1711 2
1712 1
1713 0
9907 2
1717 2
1719 2
1720 0
1722 0
9915 2
18108 0
18109 2
18110 1
1727 0
9921 3
1732 2
1734 1
1735 1
5467 0
1737 1
1740 0
12333 1
18126 0
1747 0
1748 0
18133 2
1750 1
9944 0
1753 3
1754 1
1755 1
18141 0
18142 1
12581 0
1760 0
9953 0
1762 0
1763 0
1764 2
16678 1
18150 2
1767 2
9960 0
1769 2
16433 2
18155 1
18156 1
1773 1
18158 0
18159 2
16680 1
18163 0
1662 2
18166 0
12585 0
18170 0
9981 2
16090 1
14851 2
18178 1
8491 3
8959 0
18183 0
1800 0
9995 2
18188 1
18190 1
1807 0
10001 0
18196 1
18197 0
10006 0
11225 0
18200 2
18201 1
18202 1
1819 0
1821 1
10014 1
1823 2
10016 1
18209 0
1827 2
10020 3
18214 2
18216 2
18218 2
1835 1
1837 2
1838 2
10031 2
10032 1
1841 2
10034 1
1843 0
10036 2
10037 2
10038 2
1847 0
18232 2
10043 1
1852 1
18058 0
10047 1
18241 0
10051 1
1861 0
18246 2
10056 2
18250 2
1867 1
16429 2
16697 2
18264 1
1882 0
18269 2
7141 0
1888 2
10083 2
18276 0
1893 1
1894 2
18279 1
18282 1
3047 0
18284 1
1902 1
10095 2
1905 0
10099 2
10100 2
1909 0
18296 0
18297 0
10109 0
1918 2
1920 2
18306 2
1924 2
18309 1
10118 2
1927 3
18312 1
10542 2
18315 3
10124 0
16706 1
1934 0
10127 1
18320 0
18321 2
12611 2
10134 0
1944 0
18329 1
7151 0
10140 2
1950 0
12613 1
4391 2
18337 0
10146 2
1957 0
1958 0
10151 3
1960 1
1961 2
10154 0
10155 2
18348 1
1965 2
1966 0
1968 0
1969 0
1971 2
1973 0
18358 3
16713 0
1976 1
10169 2
1978 0
18363 1
1982 0
1987 1
18372 1
15350 0
1991 2
18376 2
1994 0
11255 0
18380 0
10189 1
18382 1
18384 2
18385 1
10196 1
2006 1
18391 0
10200 2
10201 1
8527 2
18397 1
13989 0
18400 0
10209 0
5087 1
2020 3
10213 2
2025 1
10218 2
10220 0
12626 2
18415 2
2032 0
10225 0
18419 1
18420 2
18421 3
10233 1
16162 3
10236 1
1706 0
4437 3
18434 3
18091 2
2052 2
2053 0
10247 1
10248 2
18443 2
2061 3
18446 2
2283 2
10256 0
16728 1
10261 2
18455 2
2072 2
18457 1
10270 3
18463 0
18464 0
18096 2
2043 1
15345 0
2086 0
18472 0
10281 2
10282 2
18475 0
10285 1
10286 1
18479 0
10288 1
18481 0
2098 2
2099 2
10292 3
10294 1
9890 0
10298 2
18491 0
2109 0
10303 1
10304 3
18497 0
10306 1
2115 1
2116 2
2121 0
10709 2
10315 0
10316 2
10317 1
10319 3
2128 1
18104 0
18514 1
2131 0
2132 0
3086 0
10327 1
10328 2
15074 0
2138 2
18524 1
10333 1
10335 2
10336 0
10337 2
10340 3
18533 2
2150 2
2152 2
10346 3
16743 2
18541 0
2159 3
2160 1
18545 2
2162 3
2163 1
18551 0
2171 0
18558 0
2176 2
18564 0
18567 3
18568 0
18569 1
18571 1
18572 0
2189 0
18574 2
365 2
10384 0
13712 0
2196 0
18581 2
18584 1
16751 1
18588 2
2207 1
2208 3
10401 2
18594 2
10405 2
10406 0
10407 2
5831 0
18604 2
10413 0
2222 2
10415 2
18609 0
10419 0
10422 2
18615 1
2233 0
10427 1
18620 2
2237 3
10430 0
18623 0
10432 2
10433 2
18626 3
2243 2
18628 2
3348 2
18632 2
17260 2
2251 2
18636 2
18637 1
18639 1
18640 1
2257 0
10450 2
10451 1
2260 2
10454 0
18649 0
10458 1
18651 1
2268 2
2269 0
10462 0
621 2
10464 1
2273 1
8571 0
2276 0
3110 2
2278 2
2279 3
2280 1
18665 2
18666 2
10475 1
2285 2
2287 2
10483 0
9078 0
18678 0
18679 3
10488 2
2297 2
18682 1
16382 1
16989 1
2303 0
2304 0
16768 2
10498 2
18692 2
18693 2
8533 3
2311 0
2313 1
18698 0
18237 1
288 3
2532 0
10510 0
10511 0
18704 1
18705 2
10514 2
10515 0
2324 2
10517 1
10518 2
10519 0
18714 1
10523 2
10716 1
2333 2
18718 1
16773 2
18726 1
2343 1
16775 1
18733 2
2350 2
18739 0
1758 3
18743 0
10552 0
624 2
18746 2
10555 0
2364 2
18749 1
3125 0
10560 0
2369 0
2371 2
18757 0
18145 1
18760 3
16780 0
2378 1
10573 1
2383 1
2385 2
2386 2
18771 2
10580 0
10581 0
10582 1
2393 3
2395 0
10589 2
898 2
2399 1
18784 1
2402 0
3131 0
9958 0
18790 0
10599 0
18792 2
10602 2
2412 0
10605 1
10606 1
10607 1
10609 0
18519 3
10612 2
10613 1
18807 2
2424 3
2427 2
10620 0
10621 2
2430 2
10624 0
2433 1
2434 2
18819 0
2436 0
10632 1
2443 0
2444 1
10637 0
18830 0
18157 2
10640 3
10641 1
2452 2
2453 0
18839 2
10648 2
10650 2
2460 0
8602 1
2462 2
3141 2
10657 0
16795 1
10660 2
2469 0
14065 0
2472 2
16796 3
3143 2
2476 0
18861 2
1035 2
10672 2
1779 0
10676 0
10678 2
10679 2
2490 2
2491 0
10685 0
2494 0
10689 3
2500 2
17529 1
10697 0
8293 1
2507 1
10700 2
10702 2
2517 0
8612 0
10714 1
11343 2
2524 1
2525 1
11268 2
2528 0
3903 2
10722 2
10723 2
10724 0
2534 1
12843 1
2539 2
2540 1
11346 2
2542 1
16997 2
2544 0
12712 3
2546 2
10741 1
2551 0
10744 3
2553 1
10746 0
2555 1
2556 1
10749 1
2558 1
10755 0
2566 3
2572 0
10769 0
10771 1
10773 1
10774 1
10778 0
10780 0
10782 0
2591 0
10788 1
10789 2
10793 0
2602 3
10798 0
2609 0
10802 0
2611 1
2613 1
2615 2
10809 1
10810 1
17257 0
10814 1
16821 1
10816 0
10818 0
1803 0
2628 1
10822 1
672 0
10825 0
2634 2
4535 3
2638 0
2639 0
2640 2
2641 1
2642 0
9998 0
10838 1
5903 2
2653 3
2654 2
2655 2
2657 0
10850 1
2661 0
1998 3
4540 1
15910 1
10860 1
2671 0
10864 2
2673 1
2674 0
10868 0
14949 0
10872 1
10873 0
2686 1
10879 2
10882 0
2691 0
10884 0
2272 0
10895 1
10897 3
10898 0
2707 0
10901 2
10902 1
14002 0
3073 1
10905 2
2714 0
2715 2
9347 1
10911 2
10913 3
18203 2
2724 1
11693 0
2730 1
12743 0
10925 1
8747 2
10928 3
2738 3
2739 2
10933 0
2742 2
10935 0
2855 2
18207 2
10940 2
16842 1
2751 0
10945 2
10953 0
2762 2
2763 0
2764 3
2765 2
2766 0
2769 0
8654 0
18212 1
2778 2
16847 0
10973 2
2782 1
2783 3
911 2
1830 0
2791 2
2793 0
2794 3
2797 3
2798 0
10991 1
5928 2
2802 2
2803 2
2821 1
15486 2
10998 0
2807 3
7295 2
11004 2
1834 0
16853 0
2817 0
470 1
2822 0
11016 0
11017 0
7298 0
18221 2
2833 0
2834 1
11395 0
2004 0
2845 1
11038 2
11039 0
11040 3
17695 2
2851 1
11045 2
2854 1
18225 2
5005 3
11049 0
11051 3
12765 2
11056 0
6642 3
11058 2
11059 0
11063 0
11065 2
14149 1
15498 0
2880 2
1804 1
2882 2
2883 0
2884 0
11078 2
4577 2
6784 3
11082 2
1460 3
11085 2
11087 2
16736 0
2898 2
2901 0
11096 2
11097 1
11098 0
2910 1
2911 2
2630 1
2917 0
2919 0
2925 2
11118 0
2927 2
2928 1
2929 0
11411 2
11124 2
11126 1
2935 2
2936 0
2939 2
11132 2
2941 3
11134 1
2944 2
17556 2
11139 1
11140 1
11141 0
11142 1
2955 0
2957 0
8009 2
2960 0
2961 0
2962 0
11165 0
11166 0
2975 1
2979 2
2980 0
11175 1
2984 2
11177 0
2986 0
2987 0
2988 0
9374 1
2991 2
2992 2
2993 1
2009 0
2995 2
3000 2
3001 2
11196 0
8693 2
11200 1
15520 0
11202 0
3012 2
3014 0
9840 0
3016 1
16740 0
9349 2
11214 2
3023 0
8830 0
11218 1
11220 1
11221 2
16889 2
3032 2
3033 0
3034 2
3036 0
11229 2
11230 2
3039 1
3040 2
3041 1
3043 3
3238 2
11239 2
3048 3
3049 2
7335 0
7118 1
11245 3
10435 2
4221 2
3057 0
3058 1
3059 0
3061 0
3063 0
17560 1
3070 2
3072 0
16896 1
3074 1
11267 2
3076 2
16742 1
3079 2
3080 2
675 0
5975 3
11276 1
11277 0
11278 1
5405 2
3094 2
2530 0
16900 2
3099 0
3100 0
11295 2
4651 0
3105 1
11299 1
11302 0
3114 3
11307 2
11309 0
11312 2
11313 1
3122 3
11315 0
11316 0
11317 3
5983 0
3132 1
11326 0
11327 2
10080 2
3138 1
11333 0
11334 2
11335 2
11336 2
18381 1
11341 1
8561 0
3154 3
18275 1
3156 0
11349 0
11351 0
12787 2
11353 1
16911 0
378 3
11358 0
3167 1
5561 2
11451 1
18278 1
11366 0
11368 0
3177 3
3178 1
11372 0
21 0
3183 2
3186 1
3187 2
6380 0
3191 2
3193 1
3197 0
12821 0
11393 2
10745 0
11397 2
11398 2
15553 0
11403 2
11404 1
3213 0
3215 2
11408 2
7363 0
11414 1
3224 3
538 0
3230 1
9382 1
6927 2
11425 2
11426 3
3236 0
11429 0
11430 0
11431 2
3240 2
11433 2
3244 0
3249 1
3250 2
3253 1
3255 1
3257 3
543 2
3261 1
6928 1
3263 2
11457 2
11458 2
3269 3
3270 1
11463 1
3272 0
3273 0
3274 1
11468 0
11469 2
11471 2
3281 3
547 1
11476 0
3286 1
10105 0
11484 1
3293 3
3294 0
11487 0
3296 0
3298 1
3299 0
17295 0
11495 3
11496 3
3305 1
11499 0
3311 1
11504 3
3315 2
3316 0
16993 2
3318 0
3320 2
3321 1
11515 0
3324 2
4650 2
11518 2
11519 0
11521 1
3330 1
14841 2
3333 1
11445 1
3341 0
11538 1
11540 2
3349 2
3350 2
11543 2
3354 2
11547 2
6187 2
11549 3
3359 3
11553 2
11554 1
3363 1
11557 2
4657 1
12660 2
11565 1
3374 1
3375 2
3376 2
1749 0
9999 2
3380 1
7390 0
3382 0
4660 2
3387 1
3388 1
931 3
3390 0
11583 0
11584 3
11488 1
11586 0
3395 1
3396 0
3397 0
3399 0
3400 0
18316 1
3406 1
11599 1
3409 0
3413 2
16953 1
3416 0
932 3
11612 3
11613 1
11614 1
11615 1
3424 3
3427 2
3428 1
3429 2
11622 0
10129 2
3433 3
9116 1
11629 0
3438 0
573 1
18118 1
3441 1
3443 0
8766 2
3447 2
11640 2
11641 2
575 1
3452 0
18664 0
3454 0
3459 0
11652 2
11653 0
3463 2
11656 2
3466 2
3468 0
12866 2
16963 0
11668 2
11672 2
11674 0
3483 1
3485 1
11678 0
3489 3
11683 0
11684 2
8775 0
3500 2
3501 1
3502 2
14237 0
3505 0
3506 0
3508 0
10142 2
8573 1
11508 2
3515 1
296 0
4682 2
15605 1
3520 2
3521 2
11716 1
8780 1
11723 0
11724 2
14242 0
11512 2
6051 2
11732 0
3541 1
12393 1
11738 1
591 1
11741 1
11743 1
11744 2
17849 2
11746 2
15037 1
3897 0
3564 3
8786 1
3567 2
11760 2
11764 2
3573 0
11766 0
3576 0
11771 1
11773 2
3585 2
11779 0
1964 2
11786 1
3595 0
11788 2
11790 3
18349 1
11793 1
11756 0
11523 1
11797 2
11802 0
11804 1
11525 1
11808 1
11265 3
3618 0
603 1
3621 2
666 0
11815 1
4485 2
11817 0
11821 1
3630 2
11823 1
3632 0
3634 3
11827 0
11831 1
11833 1
16991 3
11838 2
11840 0
11841 2
11842 0
11844 2
3653 2
3655 1
5850 2
11849 0
3658 2
3660 3
11853 1
3663 0
11856 3
3665 0
3666 0
3667 2
3669 0
3670 0
3671 2
11864 2
11865 0
3674 2
11867 1
8805 2
1153 0
11874 1
1979 1
3685 2
11878 1
3688 1
11881 1
11884 2
11885 0
11887 2
3696 0
17581 1
7443 0
18366 2
3703 2
11897 0
11902 2
9398 1
11905 3
4715 0
7447 2
3725 3
3727 2
3730 2
3732 0
8581 0
11927 0
3740 0
11546 0
3745 2
3748 3
11941 2
11944 2
11768 2
1992 2
3763 2
3765 2
3766 3
4217 3
3768 0
3771 0
17014 1
18675 0
10188 0
3786 0
3790 2
1997 3
3792 0
12920 1
10190 0
11990 1
4729 2
3801 3
6946 2
3805 2
15653 0
3811 2
12006 0
2001 0
3820 1
12013 2
3822 3
12925 1
9129 2
12019 0
638 0
12023 1
3833 0
18404 2
12032 2
12928 1
12037 2
641 0
15131 1
8809 0
6675 3
1227 0
14101 0
12053 1
3862 2
12055 2
3869 0
12062 2
12933 0
12065 0
3876 2
7473 1
3880 0
12073 1
3887 2
3889 2
12083 2
6110 0
12086 1
17033 2
12089 1
17315 1
12094 2
12095 0
2016 0
12098 1
651 0
11574 2
12102 0
3752 3
12106 2
12107 0
12108 2
12109 2
12110 2
12112 2
12113 2
12117 0
3926 0
10212 0
3930 0
9246 0
2021 0
12132 0
12133 0
12134 2
14538 2
12136 2
3947 0
658 0
3950 0
12154 0
3963 2
12159 0
3392 1
7555 0
4758 0
12170 2
3394 2
12175 2
3985 2
3988 0
3989 2
3990 0
12184 2
11588 1
3994 0
572 0
12189 0
3998 0
12191 0
12192 0
4001 1
4002 1
4003 1
4006 2
13055 1
12202 2
4011 2
4013 2
12206 1
17053 2
4017 2
12210 2
4019 1
12212 1
12958 0
12214 2
1339 3
4027 0
4029 2
4030 1
12223 1
4033 2
4035 0
4037 3
4038 0
12232 2
12235 0
4045 3
4046 1
4048 0
4050 1
12243 2
14865 0
9955 0
12249 1
4058 2
12251 2
12252 2
16502 0
1499 3
12257 0
4066 1
12259 2
12262 2
18428 2
12268 2
12270 2
4079 0
12272 2
17321 2
12274 0
4085 1
12278 1
4087 0
18467 0
2047 2
12284 0
4093 1
7509 0
12957 1
4097 0
4099 2
6683 2
12300 2
10242 1
17069 3
8593 0
4113 1
10011 1
18435 1
4120 0
10244 3
12314 2
4123 1
4124 2
4126 0
12319 2
12323 3
12324 2
17050 1
9685 2
12331 2
4141 0
4142 0
4143 0
4146 0
12339 1
4148 1
4149 0
12344 2
3423 1
12348 1
4157 3
17077 3
4160 2
4162 0
4164 0
4169 3
7522 2
12372 0
4181 0
9084 1
12375 1
12376 2
11620 1
12960 2
10505 2
18143 1
4191 2
4192 2
13394 0
12987 1
4198 0
4200 3
4201 2
4202 1
4205 2
4206 3
12402 1
13699 0
4212 0
12405 2
12406 2
16285 0
4219 0
12412 2
12413 1
4222 2
4225 2
12425 1
12426 0
6167 1
706 2
4238 0
4239 0
4245 2
12438 0
12439 0
4248 0
4249 1
4251 2
12444 3
12445 2
4255 0
4256 2
12449 2
4259 2
4261 2
4262 2
4267 1
12461 2
4270 0
6173 0
8904 1
12466 1
713 0
4280 1
12477 3
12481 0
4291 0
4293 1
12487 0
4296 0
4297 0
4299 3
12492 2
4302 1
12495 2
12496 1
3448 2
11461 1
12499 1
12501 2
4310 0
12503 0
4312 2
12506 1
8327 3
15738 2
13510 3
17104 0
4322 1
4323 2
4325 2
4326 0
4328 3
12521 2
4331 1
4335 2
4338 1
12531 0
12532 2
12533 2
4342 2
2089 1
4344 3
12537 3
12539 2
12541 1
4353 2
4354 2
2091 2
12549 2
14062 3
6419 2
12554 3
4363 2
12558 0
4369 2
4370 1
12563 2
13239 0
4374 2
12567 1
4377 3
4378 0
12571 1
4380 2
730 2
14876 2
4383 2
4385 1
12578 0
12579 0
17487 2
4389 2
2097 3
4393 3
5329 0
12587 3
18482 0
12591 1
12592 2
18483 2
12596 2
4407 0
4408 2
4409 1
12602 0
4831 1
4412 3
4413 3
13024 2
4418 0
16929 2
147 0
4421 0
12615 2
4428 1
4434 1
4512 0
7566 2
4438 3
4439 2
4503 2
4442 2
15759 3
14214 2
12638 2
5058 2
12643 1
9795 0
8934 1
5331 3
15761 2
12648 2
12649 1
12652 2
4461 0
12654 0
12656 0
12657 2
3422 1
12662 1
4471 1
12665 1
12667 0
1697 0
4477 0
12671 0
2112 2
12674 3
4484 1
2877 0
12678 1
4491 1
12684 1
12686 2
749 0
4498 2
4501 0
12695 3
4505 0
12698 2
4509 1
4510 1
4511 1
12704 1
4513 0
4514 2
139 3
4518 1
12711 2
4520 0
12713 2
1828 2
12715 2
4524 1
12717 1
4527 1
4528 2
4529 2
4532 1
4534 1
12727 1
4536 0
4537 2
12730 1
12732 1
12734 0
12737 1
4546 1
12739 2
4551 0
12744 0
12745 2
13047 0
12748 2
1468 2
4559 3
12757 2
4566 2
17145 1
4568 0
12761 2
12763 2
4572 0
9215 0
4574 3
15781 1
12768 0
12769 2
4578 2
4580 1
4581 1
2129 1
12776 2
12777 0
12778 0
4588 0
4590 0
4592 0
12786 0
4595 1
12788 2
12790 0
12792 1
10324 1
12794 3
12795 0
4605 2
4609 1
12802 1
12808 3
12809 1
12810 0
12811 2
13520 2
12813 2
4623 2
12429 0
14424 1
4626 2
4627 3
4629 0
4631 0
12824 3
4636 0
12975 1
4642 0
6235 2
4645 0
12839 0
12840 1
10332 1
12842 2
775 2
12844 3
4653 0
4654 1
12847 2
4656 1
12849 0
4658 2
4659 2
12852 2
8244 3
12854 0
4663 0
12856 2
4665 2
4666 0
4668 2
12861 2
12862 2
4671 0
4672 2
14432 3
4674 1
15798 1
12870 1
6241 1
12872 2
12874 1
4683 0
12431 3
12878 0
4687 0
4688 1
4689 0
12884 1
4878 0
2149 2
4705 1
4706 0
4709 1
4710 1
12903 3
4713 0
12906 2
12907 0
12908 0
4717 0
12910 2
4719 0
12913 2
4722 0
4723 0
4726 1
430 0
4728 2
12921 2
4732 0
4733 2
4736 2
12932 1
17174 2
4744 1
4747 3
4748 1
12941 1
2157 0
12946 1
4755 1
2886 0
10524 2
18543 0
4764 0
8986 2
4766 1
4768 2
12961 2
4770 2
12963 1
4773 2
12966 3
2161 0
12970 2
4779 1
12972 2
17181 2
4784 1
4785 0
16213 0
12981 1
3529 0
4793 1
12986 2
4795 3
12990 3
4803 3
4806 1
4807 1
4808 1
4809 2
4811 3
4813 1
4814 2
9852 0
4816 1
13010 0
4819 1
4822 0
13092 1
4827 1
13020 0
3434 1
13023 2
4832 2
4833 3
10363 0
4839 0
4840 0
4842 1
807 2
4844 1
13037 1
4848 1
13096 2
4850 0
13043 2
13045 1
4854 0
4855 2
4856 1
9651 1
13053 0
4862 1
4863 1
4866 0
4867 0
13060 0
4872 2
13689 0
13072 0
4881 1
13074 0
13075 2
13076 3
13102 1
13078 0
4888 2
16672 0
8619 3
13087 0
13090 2
4900 0
4901 0
4904 0
4906 3
13100 1
4910 0
13103 3
4913 3
13107 0
13108 0
13110 1
2185 2
4920 0
13114 2
1065 2
13119 0
4929 0
13122 1
13123 2
4934 1
4935 0
13128 1
6284 0
4939 0
13135 2
13136 2
13137 2
4948 2
13142 1
13143 0
4952 2
13145 1
13146 0
4955 0
13150 3
4959 0
4961 1
4962 0
4963 3
13156 0
13157 2
13160 1
14350 1
13163 0
9022 3
13174 0
13176 0
13178 0
9023 2
4989 0
10389 0
13185 1
13193 2
13196 0
13197 0
13199 1
5008 0
3440 1
13202 1
5012 0
13205 2
13208 2
13209 2
5018 1
7663 2
13213 0
13215 3
5024 2
5025 2
5026 2
16807 1
5030 2
5031 3
13224 3
5035 2
15858 0
1545 2
13233 1
5046 2
4937 2
3572 1
579 0
13245 2
5054 1
15861 1
13248 1
5057 3
13250 2
5060 3
15862 2
5063 2
13256 1
13257 2
13261 2
5073 3
13266 1
13695 2
13273 1
17231 0
13276 2
5085 1
6309 0
5088 1
5089 1
13282 2
3579 1
5093 2
5098 0
15075 2
13295 1
13298 1
13301 2
13303 2
13304 2
5113 2
853 0
5121 2
13315 0
17083 1
13320 2
10412 2
13323 2
13324 2
14901 0
2221 0
5137 1
5138 0
13332 2
13333 1
13334 0
5145 2
5150 0
5151 0
13345 3
5154 2
13147 1
13348 1
13349 0
13350 0
10417 3
5160 0
860 3
13356 2
5165 0
861 2
13360 2
13363 2
13364 3
13365 1
13366 0
13151 3
9636 2
5181 0
5182 0
13376 3
13377 0
13378 2
13379 0
5189 3
13386 1
13387 1
5196 2
5197 3
13392 0
16540 2
5205 0
5206 1
5208 1
13405 2
5214 2
4965 0
13221 3
13410 1
5219 1
13413 2
13414 2
5224 0
10428 0
17255 0
13421 0
5231 2
13425 3
13427 2
5238 3
13431 2
5240 0
13433 2
13435 2
5244 0
5245 0
8358 0
2240 2
13442 2
9067 2
5255 0
13449 2
5258 1
7703 3
13452 0
13453 1
5262 0
13457 0
13458 0
5267 0
13460 0
5269 0
13464 3
5273 0
17263 0
13470 3
880 0
13477 2
17493 0
5289 0
13485 2
13489 0
5299 0
13494 3
5303 0
13499 1
13501 1
13173 2
13504 2
5314 1
5317 0
5318 0
13511 2
14540 1
5322 2
13515 1
13518 2
12998 1
888 2
13522 0
3619 2
5335 1
5336 1
5337 1
5338 0
13532 0
890 1
5342 0
5345 2
5347 2
5348 3
5349 2
13542 0
13543 0
13544 2
17276 0
5361 2
5357 1
6725 0
13551 2
7720 0
5362 2
5363 3
13559 2
5368 0
5371 1
13565 2
5374 1
13567 3
13568 3
9088 3
5378 2
13573 2
1543 1
13577 1
13578 2
13580 2
5389 2
13586 0
13589 0
5399 3
13596 2
2266 0
13602 2
13603 0
5414 1
13608 2
13610 1
9095 2
13612 2
13613 0
5422 2
10461 2
13616 2
17288 1
5430 0
5171 1
13627 2
5436 3
5437 2
13631 2
5441 2
5444 2
5445 0
13638 2
5447 0
13640 1
17292 1
5637 1
13647 2
10820 3
6371 0
5463 1
13656 1
5465 2
13658 2
13659 1
5471 0
13664 0
13667 0
5476 0
5477 0
5478 0
13672 2
5481 0
5482 0
5483 1
13676 0
5485 0
5486 2
7741 0
13680 0
10472 1
5490 1
7645 0
10473 0
5497 2
5498 2
13691 2
5501 1
5502 1
16550 1
13696 2
5505 0
5506 2
5507 0
13704 2
5513 2
1790 2
919 0
13710 2
13711 2
5520 0
5016 0
13718 2
9113 0
13723 2
13727 1
14576 0
5538 0
5539 1
5545 1
5548 2
5551 1
13745 2
13747 1
13753 1
13754 2
5564 1
13759 0
8875 2
11915 0
5573 0
5576 1
13769 0
5579 2
5580 1
5581 2
5583 2
2368 1
14584 0
5587 1
5589 3
13782 2
13784 1
5593 0
5594 2
5595 0
1401 2
933 1
13793 0
5642 0
5603 0
13796 0
13222 3
5606 0
11857 0
5572 3
5612 2
5613 1
5614 0
5615 3
5032 0
5619 1
13814 3
5623 0
5626 3
5628 1
13822 1
5631 0
5632 1
13227 2
13828 1
8371 2
13830 0
5639 2
3461 0
5641 0
13834 2
15959 1
13836 2
5645 0
5646 2
5648 1
5649 1
5650 0
5651 0
13845 1
5657 1
5658 3
5659 0
5661 1
5663 2
5664 2
9136 2
5666 0
13859 0
5669 1
5670 1
13867 2
8918 0
5682 3
17331 1
13876 0
5685 2
13879 2
5690 1
5691 2
13884 2
5698 2
10507 2
1729 1
13898 3
5047 0
13900 0
13902 0
5712 0
5373 1
2318 0
5719 1
5720 2
13913 0
13914 3
18703 2
13917 2
5727 0
4457 2
2320 0
1020 0
13927 1
5736 2
15194 2
13933 0
18707 1
13246 2
13943 2
5753 0
7011 0
13953 1
18710 2
961 1
5770 0
13965 0
15314 0
5776 2
5777 2
13971 3
7790 1
13975 1
5787 0
13982 0
13984 0
13988 0
17350 0
5800 1
13993 2
13996 1
13997 0
10525 0
14001 2
5810 0
5811 2
5812 0
5814 2
14007 1
5819 1
5826 0
16288 1
5828 0
14023 1
14028 1
14029 2
5838 2
5840 0
14034 0
5843 2
14036 1
5845 0
3705 0
14041 2
14042 2
5851 3
5853 2
14047 1
5857 1
5858 2
5859 2
5860 2
5861 1
18727 3
5868 2
5870 0
14064 0
5873 1
14066 3
3710 0
5878 0
5879 2
14073 0
5882 1
10732 3
14077 3
6443 2
14084 1
5894 0
3713 2
5896 2
5898 0
14095 2
13290 1
4475 0
11907 2
14100 0
5909 3
14103 1
5913 1
5916 1
9532 3
5919 1
5920 2
14640 0
5922 0
13275 2
5925 2
5926 0
14119 1
14120 2
5929 1
5930 2
14123 1
14128 2
14131 1
14132 3
14133 2
5943 0
14136 2
5945 2
14138 1
14139 1
14142 3
18741 0
9184 2
1562 0
14147 2
6859 1
14383 0
2359 3
14156 1
14157 2
5968 2
14164 2
7241 1
14167 0
14168 1
5978 0
14171 0
10554 2
5982 2
14175 0
5984 1
14180 1
17825 1
4403 2
14186 2
16018 1
14191 2
6002 1
6004 0
6006 1
6008 1
11924 3
6012 0
6013 2
14208 0
14209 0
6018 1
14212 2
3734 2
6022 2
14219 0
14221 0
14222 0
14225 0
14228 0
5103 1
6044 3
6045 1
14238 1
14239 0
14240 1
16841 2
14243 1
6053 1
6054 2
1009 1
6057 2
14251 0
14253 2
14254 2
3741 2
6064 2
14257 1
6069 1
14262 2
6071 2
4021 1
10568 1
11932 0
14277 2
14280 0
14282 1
6094 2
14287 1
14289 1
6098 0
7843 1
6100 2
8824 0
6104 2
10575 1
14302 2
6111 1
14305 0
14306 1
14309 0
6119 1
6121 3
6122 2
14317 0
6127 0
6129 2
14322 2
14323 2
6132 2
6135 2
6136 2
6137 1
14330 0
14331 2
6140 2
6143 3
6146 3
6149 0
6150 0
6152 3
14345 3
2387 2
14347 2
6156 0
6157 0
6158 2
6164 2
14357 2
10585 0
14360 1
6169 2
6170 3
6172 0
14365 3
18134 2
14367 1
14368 2
6177 1
6179 0
14373 1
6182 0
6183 2
14376 2
14378 0
10026 2
14380 0
14382 2
14685 0
16517 1
14386 2
14118 0
6196 2
2934 0
14391 0
423 2
14397 0
6206 2
14401 0
14403 0
14405 1
14408 2
14409 2
8061 0
6221 1
14414 2
14415 1
14419 3
14420 2
6229 1
14422 3
6231 2
6232 2
14427 2
9425 1
16058 0
14431 1
6240 0
14433 2
6243 0
13329 2
1299 1
6250 2
6251 2
6253 2
6255 2
215 1
14451 0
16062 2
14458 2
14459 0
18794 0
6270 2
14464 3
6273 2
14699 0
14471 1
10604 3
6282 2
14476 0
6286 3
14479 0
10485 1
9240 0
6290 0
6293 1
9241 2
14488 3
14489 1
6298 1
14494 0
6304 1
14498 2
6307 1
14501 0
14503 2
14504 2
6313 0
1624 2
6315 0
6316 2
14512 1
14513 2
6325 1
10849 0
6330 2
6332 2
14525 1
6334 0
6335 0
14529 0
6338 1
6340 2
14533 2
14535 1
6346 2
2388 2
6348 3
6349 2
16851 2
14546 0
6355 3
6356 1
6359 2
6363 2
6367 2
6368 2
14561 3
6370 2
10619 0
14564 0
6373 1
6374 1
3793 0
18812 2
6379 1
14572 0
6383 1
6384 0
13352 0
14579 0
6388 3
10622 2
13353 0
6392 0
6393 2
14586 2
4573 1
6398 3
6399 0
14592 2
97 0
3798 2
6407 2
13034 0
6411 1
14604 2
14605 0
6416 3
6417 0
6418 0
14611 1
1032 1
6424 0
6426 1
6427 2
6429 1
14623 0
6432 2
14625 2
14628 0
18319 0
14632 2
14634 0
14635 0
6445 1
6446 2
10853 2
6448 1
2440 2
6451 2
6452 1
14645 1
6454 0
14647 2
6456 1
14650 1
5553 2
13791 2
6462 0
6465 0
6466 2
6467 2
6468 1
17462 0
14662 2
14664 1
6473 2
14666 2
1079 2
6476 0
6479 0
6480 2
14675 2
14676 0
6488 2
14681 2
17674 2
8945 2
1082 2
6494 0
6499 2
6500 3
3814 1
427 2
6506 2
6507 2
10516 3
13373 2
14704 0
16104 0
6514 1
1086 0
6518 3
6520 0
6521 0
6522 2
14718 2
14724 2
6534 0
1089 3
14728 3
14730 1
14731 2
5186 0
3821 2
14745 3
6553 0
9286 0
6566 1
10527 3
14761 1
3492 0
1037 3
14765 0
6575 2
14768 0
6577 1
16115 2
14772 1
6583 2
16116 1
6587 1
14781 0
6595 0
14789 2
6600 0
14793 1
6603 1
6605 0
6608 2
14802 2
14803 2
14804 2
6614 2
12025 0
6616 1
14809 2
6619 2
6621 2
6622 0
18853 2
14816 1
14817 2
9297 0
6634 0
14828 0
14829 2
14834 1
14838 1
17492 1
14845 0
9301 0
14848 1
14849 2
18859 1
14852 1
16129 1
10668 2
17495 1
6668 0
6671 3
9304 2
6674 1
14867 0
14868 2
6679 2
14872 2
14873 2
14874 2
16519 0
9497 0
14877 2
14878 2
14879 2
14883 1
6692 2
14885 1
14886 1
6695 3
6696 3
14889 0
6699 1
6701 1
6702 1
6703 1
6704 1
6706 1
14899 1
6708 1
6709 0
14902 2
14903 2
14904 2
6580 0
7946 3
14912 0
14913 2
14914 2
6723 1
14916 0
2486 2
18773 3
5217 0
14920 0
15227 3
14924 1
5218 0
6734 3
6736 0
14929 1
6740 1
14934 2
18228 2
6744 1
6747 2
14942 3
6751 0
14945 1
6754 0
14779 2
9318 0
14951 2
14952 1
14953 3
14954 2
1589 3
16865 0
14964 0
14965 0
6774 0
6776 2
2135 1
14971 0
14974 1
9756 0
6787 0
14980 0
14983 2
14984 0
6794 2
6795 2
14988 1
14989 0
6798 1
14993 0
6802 3
6804 0
6806 0
16412 0
6809 0
6810 1
15004 2
6813 1
6815 0
15008 2
15009 2
15011 0
16594 2
6828 1
15021 2
5683 1
15026 1
6835 1
6836 1
17140 0
9775 0
15034 2
6843 2
6845 0
15039 2
6848 0
6849 0
15042 2
6851 1
1533 0
6853 0
15046 1
6855 1
6857 1
9230 0
15051 2
6861 0
15054 2
15055 2
15777 2
6866 2
6867 1
6869 1
15062 1
6871 0
6872 2
12068 0
15067 2
15068 2
15069 2
6881 2
15232 1
6883 3
6884 0
7867 1
18813 1
6887 1
3879 2
6892 2
15085 2
6898 1
6902 0
15095 1
6904 0
6905 1
15098 2
6907 2
15102 1
15103 1
6912 2
15105 1
15106 1
15107 1
15109 1
15111 3
6920 2
15114 2
15115 3
15116 2
5250 1
6926 3
15119 0
2140 0
6930 1
15123 1
15124 3
17416 1
6617 2
15128 0
6937 0
6939 2
6942 1
15135 2
15136 1
15137 3
15138 0
14811 2
15140 0
15141 1
15145 0
6955 0
6957 1
16904 3
1160 0
6963 2
6964 1
6965 2
6966 0
11503 0
15160 1
15162 1
15235 1
15165 0
4051 1
6978 0
15174 2
15175 1
6984 1
15177 2
15179 2
6988 0
8416 0
15182 0
15184 0
8258 0
2531 1
15189 0
10053 1
15191 2
7001 0
7002 2
16600 1
7006 2
7008 2
17552 1
7010 1
16577 0
15204 2
7013 0
5265 2
7016 2
15209 1
7018 1
15213 0
7022 3
16468 2
10486 2
15220 2
15221 0
8963 2
15225 1
7035 0
15228 0
15231 0
7040 0
10731 3
15240 0
15241 2
7050 1
9367 0
15244 0
7053 1
15246 0
7056 2
5272 0
15250 3
15251 3
10734 1
7064 2
7065 3
15259 0
7068 1
7069 0
7070 2
12101 1
15264 2
7073 2
15266 1
5275 1
7076 1
15269 1
2545 3
7084 1
7085 0
7087 1
7088 0
15281 2
7090 3
15284 1
7093 0
15287 2
7097 2
7100 0
15293 0
7104 0
7105 1
7108 1
6646 1
15304 2
17129 1
13959 1
7115 0
15308 1
17570 2
15310 1
7120 2
7122 2
9379 1
15316 1
1601 1
15319 0
7128 2
7129 2
7130 0
15323 2
7132 0
7134 1
7136 0
7138 0
7139 0
15333 2
15334 1
8017 3
15340 3
15342 0
2557 0
17576 1
7155 2
7157 2
7158 2
17577 1
15355 2
7164 2
9386 2
7166 3
7167 0
15363 2
7179 3
7181 0
15374 0
15375 1
15376 3
7185 2
7186 3
16040 2
15515 0
512 1
15384 0
7195 0
15395 0
7207 0
15401 0
15402 2
12573 0
17971 2
15413 2
7222 0
7225 0
7226 0
7228 1
7229 0
7230 2
9397 2
6667 0
15428 2
15429 2
7240 3
15433 1
7242 0
241 0
7244 0
7246 2
15439 1
15440 1
15442 0
15445 2
15448 2
14863 1
7260 2
18505 2
7264 2
15457 2
15461 0
15462 3
15463 0
12135 0
1606 1
15471 1
7280 0
15473 0
7283 0
7284 0
15482 1
15485 3
7294 0
15487 3
15488 3
12760 0
15490 1
15491 1
15494 3
15496 0
7306 2
16088 1
13064 3
15503 2
15504 0
15505 0
15506 1
13633 0
15509 1
15510 2
9791 2
15514 0
7323 0
17042 2
15517 1
15518 0
9413 0
16338 2
15522 1
11428 3
7332 2
15525 2
16611 0
7336 0
7337 0
15530 0
15532 3
16884 1
15534 0
15537 0
15539 0
2231 2
5321 3
10783 3
9418 1
7358 0
15552 1
7361 0
7362 1
15555 1
7365 0
15558 1
7369 0
16885 0
7153 0
15565 1
7374 3
15569 0
4610 1
15574 0
14884 2
7388 2
15581 1
15582 0
2597 0
246 0
15588 1
15589 2
13521 0
15594 3
7403 1
7405 2
15599 0
7408 2
15602 2
15603 1
4741 1
11997 0
17620 0
15610 0
15611 3
7421 0
15614 0
1237 2
15616 0
15617 2
15627 1
15628 3
15634 0
15635 1
17433 1
2606 3
15639 1
15641 0
7450 2
15645 3
15647 1
7459 2
14616 0
15654 2
15655 2
15656 0
15657 2
15658 2
7467 2
15660 0
8432 1
7472 3
8072 1
15667 2
15668 1
15669 1
15670 3
15671 0
15672 1
7481 1
8978 1
15676 0
1613 2
15679 0
7489 2
4341 1
6710 1
1249 0
7496 0
15691 0
15694 1
15695 0
6712 2
7506 2
15701 0
7510 0
15703 1
15704 0
15705 1
15706 1
17981 1
15711 2
15712 0
8080 0
15714 1
15716 0
15717 0
15718 0
15721 2
15722 2
17639 1
15724 0
15725 0
7535 0
17640 1
7538 3
2622 1
15734 2
15735 0
15736 1
16618 2
7546 2
15741 1
16891 3
2624 2
15746 0
15747 1
15748 2
15749 1
8435 3
2083 2
15755 0
8968 0
2626 0
15758 2
7567 2
7569 2
15766 1
1616 0
15769 2
15770 2
15775 0
15776 2
1264 3
15780 0
7589 0
15782 1
9457 2
7592 2
7593 2
15788 1
1266 0
3997 2
7606 0
7608 0
7612 1
10826 0
7617 1
7618 0
10827 0
7620 2
15814 1
7624 3
18436 2
7627 0
5164 3
15824 2
15825 0
2342 2
16291 2
15829 0
15830 3
9465 1
7634 2
15834 1
15837 0
7646 2
15839 1
7648 0
7649 2
15845 2
7658 0
7659 1
1277 1
7664 3
7893 2
11074 2
1278 0
7670 3
7672 3
15866 1
1279 0
7676 0
7677 3
15871 1
15872 3
16261 1
7691 1
7692 2
7693 2
7694 1
7695 2
15889 1
7699 2
7701 0
15895 0
7705 0
15898 2
7709 3
15902 1
4252 0
7714 0
17442 3
15908 1
1286 2
7718 2
15911 3
4571 0
5167 1
7722 3
7724 3
7726 0
7728 2
17672 0
16307 0
15924 1
6750 2
15926 0
15927 0
7736 3
13351 2
15930 2
15931 0
18534 2
7743 2
7747 2
15940 0
4022 0
7751 2
15261 2
7753 3
10351 2
2487 2
15954 1
6755 3
15957 0
7766 1
16313 2
15961 1
15962 0
15963 2
15966 2
15967 0
15969 0
7778 0
15971 2
15972 0
15973 2
7783 0
15977 0
15979 1
532 3
15983 2
15984 0
6760 0
11989 0
7795 0
7796 3
10857 0
15993 1
15994 2
7803 0
15999 1
16003 2
7812 0
16008 0
16011 1
16014 2
7825 0
7826 3
12227 0
11701 2
7831 1
7832 3
16027 1
17690 1
7838 2
16032 1
16033 3
16035 3
16036 1
7848 2
17692 3
16043 2
16045 3
7855 3
15810 0
16049 1
16050 3
14963 3
16052 0
6772 1
7866 2
16059 0
16060 2
16061 1
7870 3
16064 2
16065 0
7874 0
16068 2
14966 0
7878 0
7879 0
16073 1
7888 0
16081 2
7890 2
12238 3
7894 2
7895 1
7896 0
7897 2
7898 0
7900 2
7901 0
16094 1
7906 2
7910 3
7912 0
16105 0
16107 0
16108 2
16109 2
16110 2
7921 3
16085 0
7923 0
7924 3
16117 2
7927 1
4411 3
16122 1
7931 0
16125 2
7934 2
7936 2
7937 0
7939 2
16134 0
7945 2
16138 2
16142 1
16143 2
16144 0
7954 0
10883 2
7960 0
7961 2
7963 2
16156 2
16157 2
7966 1
16160 0
9267 0
7970 1
4357 1
7974 0
7975 2
7976 0
7977 1
16170 1
16171 0
16176 0
7986 2
16182 1
16186 2
16189 0
16191 1
8001 1
16196 1
16197 0
16198 0
14671 0
16201 1
16202 0
16203 0
16204 1
12258 2
8014 2
9528 1
8021 0
8022 0
8024 0
16217 2
8028 3
8032 3
8033 3
16226 0
16227 1
16232 0
18544 0
8044 1
17725 0
16240 1
16241 0
16244 1
8054 2
16251 2
8170 2
16254 2
8069 2
16263 2
16264 3
16265 1
16266 2
8075 2
8725 1
16272 0
16275 0
269 0
4078 1
16279 0
8093 3
16286 0
8096 2
8098 1
10907 1
16292 0
8101 1
16294 3
8103 2
6812 1
16301 1
8110 2
15005 1
16305 0
16306 1
8115 2
16309 1
8119 0
16312 2
8121 0
17738 0
16318 0
16319 0
8128 2
8130 1
1355 1
16324 0
16325 0
15001 1
17740 3
16330 3
16331 1
16332 2
16333 1
8142 3
8143 0
16336 3
16337 2
8146 2
2723 2
16340 0
8151 2
16345 1
8154 3
17743 2
8156 1
16350 2
8159 3
16356 0
11183 2
16359 1
16360 1
16361 2
16362 2
8173 0
12285 0
11729 1
9555 1
16372 1
16814 2
16376 2
9556 2
16380 0
8190 2
