8192 2
16386 2
16387 2
8201 2
16394 1
16395 0
16396 1
10925 1
16400 1
8211 0
16404 3
16405 2
16409 0
8219 2
16412 0
8221 0
16415 2
16418 0
8228 2
8231 2
8237 2
16430 2
48 1
16433 2
16434 2
16393 2
16440 2
16441 2
8250 1
16445 2
62 2
15029 1
66 1
16452 1
71 1
16456 2
74 0
16460 2
16461 2
8270 0
16464 1
16466 1
85 0
8278 2
87 3
88 2
8285 1
16478 1
8289 2
16484 1
8293 1
8296 2
4365 2
8299 1
108 2
8240 0
119 1
8212 0
122 3
16507 1
16509 1
126 2
16514 2
8323 1
132 2
16517 1
14189 0
8330 2
8331 2
16527 2
144 2
8337 0
8338 2
8339 0
148 1
9582 2
151 1
8345 3
9583 2
16540 2
157 0
159 2
8353 1
162 2
27 0
8356 3
1393 2
8361 2
8365 1
16559 0
177 1
16562 2
180 3
186 2
187 1
16572 3
8381 1
197 2
199 1
8392 2
8393 2
202 2
206 3
209 2
210 2
8407 2
16420 2
218 3
16603 3
8412 1
228 2
16616 1
5736 2
16618 2
16620 3
8430 2
16623 3
240 1
16626 2
8435 3
16628 0
8438 2
16631 0
250 1
13695 2
16636 2
16637 3
254 0
256 1
16643 2
16644 2
261 2
16646 1
8455 0
16648 0
16650 0
271 2
274 2
279 0
280 3
16668 1
16669 0
8480 1
289 2
16675 0
8485 2
16678 1
8241 2
8488 2
297 2
299 1
16687 1
8496 2
16689 1
16691 2
16693 1
310 2
16695 2
8504 0
16698 0
8507 2
1418 0
16702 3
319 2
8513 0
16706 1
8515 2
16708 0
8517 1
329 1
16439 1
8524 2
16718 1
16719 2
16720 2
16721 1
16722 2
8531 1
284 1
16727 1
16728 1
347 3
16732 1
16734 1
8543 3
8544 3
353 2
16738 1
8548 2
6886 2
358 1
16743 2
16745 0
363 2
8558 2
16752 2
6888 3
15278 3
8564 2
16757 0
376 2
377 0
8570 1
16765 2
383 0
384 1
5526 0
16774 1
391 3
15084 3
394 2
396 1
397 3
8593 0
8594 1
16789 3
8598 0
8599 0
11132 2
8601 2
16794 3
411 2
16796 3
8608 1
8609 2
8610 1
8611 2
420 1
16807 1
8616 2
16811 2
16813 1
16814 2
16815 2
786 0
8264 0
16818 0
16821 1
8630 2
8634 2
16827 2
8266 2
450 1
454 2
455 1
3058 1
16841 2
16843 3
461 2
16846 1
8655 2
16848 2
16849 0
467 1
16853 0
16854 2
16860 0
16861 1
478 1
16865 0
483 2
9638 3
486 2
16873 1
8683 1
16876 3
8274 0
1653 2
16882 3
500 2
501 1
502 2
504 3
8697 0
7109 0
16891 3
509 3
8702 2
511 2
16896 1
15020 0
517 0
8710 3
519 1
523 0
524 2
525 0
526 0
528 2
530 2
532 3
533 0
535 0
8728 2
2820 3
538 0
16923 2
8732 1
16926 2
1040 0
545 2
8738 0
8739 3
15110 1
550 1
551 1
552 1
8746 2
16939 1
8748 3
1458 2
558 1
16946 2
563 2
8756 2
8757 2
16950 2
567 2
16953 1
8762 1
574 0
8767 0
16960 1
8769 1
8771 3
581 1
583 1
8776 1
8777 0
588 1
8781 3
16975 1
16976 1
5748 0
8786 1
8787 2
16980 2
16982 0
9657 0
603 1
8796 0
16989 1
606 0
16991 3
8800 1
16993 2
8804 1
16997 2
614 2
18024 3
17002 1
8811 1
620 3
8814 2
5749 1
17012 3
629 1
630 0
8826 0
8827 2
8829 3
17022 0
17023 1
17024 2
641 0
17028 0
8837 0
17030 1
17033 2
8842 2
651 0
17036 2
654 0
17040 1
657 3
17042 2
3568 0
17046 1
8855 1
664 0
17049 1
8858 2
17052 2
671 1
8866 0
8868 2
17062 0
16935 2
682 0
8875 2
17068 3
17069 3
17074 1
8883 0
8884 2
17077 3
17081 0
17086 3
706 2
708 2
17094 1
15137 3
713 0
8906 2
17099 2
7116 1
717 0
8910 2
8911 1
8912 3
8914 2
725 1
726 2
17111 2
332 2
17119 0
737 2
738 2
17123 2
12145 1
741 2
1934 0
8935 2
744 2
17131 1
748 2
749 0
750 2
8943 1
8945 2
17138 1
8948 2
17141 2
605 3
8952 2
8953 1
762 1
8955 1
764 2
766 1
17151 2
3026 3
17153 0
17154 0
8963 2
774 1
776 3
779 0
780 2
782 3
17167 2
17168 2
8978 1
787 2
788 2
17173 1
790 2
9028 0
16516 1
795 2
8988 3
8989 1
17182 1
8991 2
8992 3
802 1
17188 2
8997 0
808 2
9001 0
17194 2
9011 2
17205 1
17206 1
9015 0
17209 1
9019 1
16522 1
832 2
17218 1
139 3
17220 1
7571 1
841 1
9034 0
17227 1
844 2
17229 3
17232 1
17233 2
851 0
852 2
17239 1
856 0
17244 0
17245 1
9054 0
9055 0
9059 0
868 3
870 2
9063 1
873 1
17258 2
875 2
17262 0
9071 0
17265 2
883 1
17268 1
885 1
9078 0
18033 0
888 2
889 0
9082 2
17276 0
894 2
17280 1
11072 1
898 2
17283 0
900 1
9093 1
907 1
17293 0
17294 0
911 2
913 2
9106 0
17300 1
9109 3
920 2
921 2
17306 2
923 1
924 1
17310 1
17313 2
932 3
17317 1
934 0
9127 2
936 3
8348 2
938 1
17323 0
940 0
17325 1
8349 2
944 0
17329 3
17330 3
5619 1
17333 2
9142 0
952 1
8351 1
959 2
961 1
962 2
17348 0
8761 1
17350 0
9162 1
9164 0
17361 3
12451 1
17368 1
987 1
17376 0
17379 2
17381 2
1004 0
15186 1
17390 1
17391 0
3034 2
9201 0
1010 1
17395 2
9204 0
17399 2
9209 1
9212 1
17407 2
9216 0
17409 1
1026 2
1027 0
1028 1
9036 3
17419 1
7945 2
9229 1
9231 2
9232 2
17426 2
9237 2
9238 0
1051 1
1052 0
9245 2
17438 2
9247 0
17440 2
17444 3
1063 2
9256 1
9261 0
15197 2
9264 1
9266 3
9269 2
9270 2
17463 1
9272 3
1081 0
9274 2
2911 2
17468 1
17469 0
17470 0
17472 0
1089 3
17475 0
17476 0
17477 1
9286 0
9287 0
17480 2
17932 0
9290 3
1100 0
16949 0
9297 0
1107 1
9300 1
1111 2
1113 2
17498 1
1115 1
9308 1
9309 1
2917 0
17504 2
17505 0
17506 2
14792 2
9316 0
16677 2
9318 0
1127 1
9320 2
9312 2
4402 1
9325 0
1135 2
1137 0
17522 0
17524 2
17527 0
17532 2
9341 2
1150 2
9343 2
17536 2
1153 0
17539 3
17541 1
17543 0
17544 2
9353 0
17546 2
1163 2
17549 1
17550 2
1169 0
1173 2
1174 2
1175 2
17560 1
1177 2
17562 1
17563 2
1181 3
16581 1
1184 3
16679 1
1186 0
1187 2
17572 2
17574 1
1191 3
9384 3
17577 1
9386 2
16583 2
9388 2
9389 0
9390 1
1200 0
200 0
17586 2
9396 1
9397 2
9398 1
17593 2
1211 3
9407 0
2020 3
1218 2
9411 2
17606 1
17953 0
1225 2
17610 2
17613 0
9424 1
9425 1
9427 2
9428 2
4302 1
17623 1
1240 0
17628 2
9439 2
1251 1
17636 1
1253 0
9446 1
17639 1
17641 1
17642 1
17644 1
16594 2
1264 3
17649 1
17650 1
9461 2
17654 3
1273 2
17659 2
17660 2
1277 1
12501 2
9473 1
17666 2
9477 2
9478 2
17672 0
1290 1
1291 0
17676 0
11138 2
1294 2
17680 0
17682 0
9491 0
9492 2
17687 1
1304 2
17689 2
1306 3
17692 3
17693 3
17695 2
1312 0
9505 2
17698 0
9507 0
17702 2
1322 2
17708 2
17710 2
17711 1
1329 3
1330 0
1331 1
17719 1
1339 3
1340 2
1341 2
9534 0
17727 1
9536 0
9540 2
9543 2
1353 0
1355 1
9548 0
9549 2
1359 1
9554 2
9555 1
9558 1
16612 1
1370 2
17755 0
17756 0
14503 2
17758 0
1375 2
1377 2
17762 2
8502 1
1380 0
17767 1
9578 1
1387 1
17774 1
1391 0
232 1
4138 3
9588 2
17785 0
9596 0
9597 2
9599 0
17794 1
17795 1
1138 2
9606 1
1416 3
17801 2
17802 1
17804 2
17986 0
9615 2
9616 0
1425 2
9618 0
9623 2
17820 0
9629 1
1439 2
8432 1
1444 2
9637 1
1446 2
9639 2
17835 2
1452 1
9645 2
17838 3
7069 0
9648 2
17841 1
9650 2
17849 2
17850 1
1468 2
9661 1
17854 0
17995 2
9669 2
1478 1
9671 1
9673 1
1482 1
9675 1
9676 2
9677 1
17997 3
1488 1
9681 2
9683 0
1614 1
9688 3
9691 3
9692 2
9693 1
9694 0
17887 2
4538 2
1616 0
9702 2
17895 0
2983 2
17900 2
1618 1
12541 1
4920 0
9718 3
9812 0
9722 2
12543 2
17916 0
17918 0
17924 0
1545 2
18055 2
17935 1
17937 2
1554 2
17940 0
17941 1
17944 1
9754 2
15279 2
17949 2
1567 2
17952 2
9761 1
17956 2
1575 1
1576 1
1577 3
9770 1
4359 2
7090 3
16965 0
1583 2
17968 0
17971 2
1589 3
10568 1
17978 0
17979 2
1596 2
1597 1
9792 2
17985 2
1602 3
1605 0
13921 1
1608 1
1610 1
1611 3
17996 1
1613 2
17998 2
1615 2
9808 2
9810 2
18004 2
1622 2
3001 2
9816 2
9817 2
18013 0
1630 1
1632 1
9829 2
1638 0
1639 2
9832 0
1641 2
9834 3
18027 2
18028 1
16658 0
9839 0
18032 0
1640 2
18034 1
4371 2
9845 1
18038 2
15295 2
18044 0
1661 1
18048 2
8849 2
1666 2
1667 1
18052 0
1671 1
18056 0
9865 3
1674 2
9867 0
9868 1
1677 0
18062 2
9872 1
9874 0
1685 2
9878 3
4377 3
1688 0
1420 0
18076 0
18078 2
18079 2
9890 0
1702 2
1703 1
9897 1
18091 2
1711 2
1712 1
3016 1
9906 2
1717 2
9910 0
9911 2
1721 2
9914 3
1723 1
10423 0
18110 1
18111 1
9921 3
18114 2
1737 1
9930 3
1740 0
1746 2
1748 0
1750 1
17789 1
1753 3
1754 1
18141 0
18142 1
18143 1
6878 0
18145 1
1659 0
1764 2
8486 2
1767 2
9960 0
18153 0
1771 1
18156 1
18157 2
18159 2
4392 1
1779 0
18166 0
18167 1
1784 1
18170 0
13951 3
9981 2
1790 2
18175 1
18176 2
9856 1
18179 1
18183 0
9995 2
18188 1
18190 1
18191 2
1808 2
1809 2
10005 3
18199 2
18201 1
18203 2
10012 1
1821 1
18207 2
5687 2
9608 1
1827 2
1833 0
10026 2
10027 2
18221 2
10030 2
18224 0
18225 2
1843 0
18228 2
10037 2
18230 0
18233 2
18234 2
1852 1
1853 1
10047 1
10048 2
18241 0
1858 1
18243 0
10052 1
1861 0
18246 2
10056 2
1866 2
1867 1
17252 2
1872 0
18264 1
8506 1
10078 2
10080 2
10083 2
18279 1
10089 2
18282 1
3047 0
18284 1
1901 3
18287 1
1904 2
10098 1
18291 0
5519 1
8510 2
10102 0
1918 2
1921 2
18306 2
1924 2
1925 3
18310 3
1927 3
18312 1
1929 0
18314 2
18315 3
10125 1
10126 3
18319 0
18320 0
16707 0
10132 1
1944 0
324 1
10146 2
10149 1
10151 3
18344 2
1961 2
10154 0
1964 2
1965 2
18351 0
1970 0
1971 2
9886 0
18358 3
18361 3
1979 1
18366 2
10176 1
10179 0
10184 0
1993 2
1994 0
18379 1
10189 1
10191 3
18387 2
2004 0
334 3
2006 1
2007 1
10201 1
12342 2
9887 3
18397 1
10207 2
2522 3
18401 1
18404 2
18413 3
18414 3
6887 1
10225 0
18419 1
18420 2
18421 3
18089 1
18424 1
18426 1
2043 1
18428 2
2047 2
18434 3
2052 2
18437 0
2054 3
2057 2
18443 2
2061 3
15363 2
2072 2
2073 2
10268 1
10269 0
10270 3
18463 0
10272 2
18096 2
2083 2
10276 2
18470 1
2088 2
10281 2
10282 2
2091 2
4434 1
2094 1
2095 1
2098 2
2099 2
10292 3
10293 1
10295 0
10298 2
10299 2
2108 3
3082 2
18497 0
10306 1
2116 2
17581 1
18504 1
2121 0
10316 2
10317 1
10318 1
10319 3
2128 1
2131 0
2132 0
2134 2
10327 1
2136 0
18521 0
10330 3
2140 0
1722 0
10335 2
2144 2
10337 2
18530 0
10339 1
2149 2
10342 2
2152 2
10345 2
359 3
6179 0
18541 0
18542 0
10351 2
2163 1
1726 2
10358 2
4457 2
2170 1
10363 0
10366 2
10367 1
18567 3
2184 3
2185 2
2188 2
10382 2
10384 0
18579 2
2199 2
10392 2
18586 2
18589 1
14258 2
2208 3
10401 2
18594 2
2212 1
2215 1
2216 1
18601 0
10410 2
10412 2
8562 1
2223 2
10416 1
18609 0
342 2
10422 2
18615 1
9076 0
2234 2
2236 2
1738 2
2238 2
18623 0
10432 2
18626 3
2243 2
18629 2
18632 2
18634 1
2251 2
2254 2
18640 1
10449 2
2258 2
18644 2
2261 1
10454 0
10456 1
18649 0
10458 1
18651 1
2268 2
18654 0
10464 1
10467 2
2278 2
18663 3
2280 1
2281 2
10475 1
2284 2
2286 2
8573 1
18676 2
10486 2
18679 3
16716 0
10489 0
18682 1
622 0
18686 1
18687 0
18688 1
16768 2
10498 2
2307 2
18693 2
10502 2
2311 0
2312 2
18697 1
2315 2
18700 2
18701 2
10510 0
10511 0
18704 1
10514 2
2324 2
10517 1
12676 3
18714 1
18715 3
14042 2
5820 1
10530 1
17263 0
10533 2
2345 1
9781 1
10542 2
14045 0
2352 3
2353 1
2355 2
2356 2
1759 2
18748 2
2365 3
10559 2
2368 1
18753 0
2371 2
11263 3
2376 3
2377 0
16446 0
2380 1
10573 1
10574 2
10575 1
2385 2
2386 2
18771 2
2388 2
2391 0
18777 3
18778 0
2395 0
2398 1
2399 1
2406 1
10599 0
18794 0
2412 0
10605 1
10607 1
18801 2
2424 3
18809 2
2426 1
2427 2
10620 0
10621 2
18814 2
18815 2
2432 3
2433 1
18819 0
16790 1
10631 2
10632 1
10634 1
12695 3
10636 1
3138 1
4173 2
12696 1
2450 2
2451 2
2452 2
14062 3
18839 2
10648 2
2458 0
10993 3
18844 1
410 2
11333 0
2464 1
10663 3
2472 2
8604 2
2475 1
2476 0
2478 3
2479 0
18869 0
10679 2
8539 1
2491 0
7242 0
10689 3
2498 2
10692 1
2503 0
2505 3
5879 2
10702 2
16803 1
2516 2
2517 0
2520 2
10713 2
10714 1
11343 2
14474 3
2527 1
2529 0
2531 1
10724 0
2536 0
2539 2
3672 1
2542 1
2543 0
424 0
2546 2
10740 1
9982 1
2552 1
2553 1
10747 3
2556 1
12714 1
2558 1
1792 0
10754 2
10755 0
2569 2
2572 0
10771 1
10773 1
10774 1
10777 1
2588 1
2591 0
10784 0
10785 2
2595 2
2600 2
2601 1
2603 2
2606 3
10799 1
2609 0
10802 0
10805 0
10001 0
2615 2
10809 1
5819 1
10814 1
12908 0
10819 2
10820 3
438 0
10822 1
2631 1
2633 2
12727 1
2640 2
2641 1
10835 0
2646 2
16455 2
9999 2
2653 3
2654 2
2655 2
10849 0
2659 1
2660 1
10853 2
10855 1
10856 2
10857 0
10863 0
10864 2
10865 1
10867 1
11273 3
10869 1
10873 0
5272 0
10876 0
10878 2
10879 2
10880 2
10881 2
10883 2
10884 0
10887 2
4727 1
8642 0
10895 1
10897 3
10898 0
10901 2
2712 0
10905 2
2714 0
2715 2
10908 0
2717 0
2393 3
10911 2
10913 3
2722 1
1819 0
10916 2
10917 1
4728 2
2731 3
2733 2
2735 1
12744 0
2738 3
2739 2
2742 2
16731 0
1823 2
2751 0
2752 0
10945 2
2754 2
2755 0
2759 2
2762 2
2764 3
2765 2
2768 1
2769 0
2777 1
11822 0
10973 2
8918 0
2783 3
8656 0
2791 2
10985 0
2794 3
2797 3
10991 1
16294 3
2801 2
2803 2
2804 2
2807 3
288 3
11004 2
18218 2
469 1
11012 2
4566 2
11015 2
2826 2
12759 1
10548 1
1837 2
5277 0
11027 0
2836 1
11029 0
2839 2
11034 2
11035 0
11037 1
11038 2
3205 1
11040 3
10032 1
2851 1
2852 1
11045 2
2854 1
1841 2
11053 2
11055 2
11056 0
11058 2
3277 0
11065 2
2874 0
11070 0
2879 2
2880 2
11073 1
2882 2
2884 0
10038 2
11078 2
481 1
11080 2
13058 0
10462 0
8675 2
11092 3
2901 0
2902 1
1849 0
2904 1
11097 1
2909 1
2910 1
2256 0
2914 1
11109 2
2919 0
11112 1
18236 3
2922 1
2924 0
2925 2
11118 0
18237 1
2929 0
2934 0
2935 2
2936 0
2937 2
2939 2
2940 1
2942 2
11136 2
18240 0
2946 2
11142 1
11145 2
11146 3
2955 0
2957 0
14095 2
11155 0
917 1
1860 2
11162 2
2973 2
2979 2
17830 3
11176 1
2985 2
11178 3
11181 1
11182 2
11183 2
2992 2
2994 1
2995 2
3000 2
11193 0
11194 2
18250 2
11198 3
8693 2
6374 1
10059 2
3014 0
11208 1
11209 2
2364 2
11214 2
3023 0
3025 1
11218 1
11220 1
11221 2
3030 1
11225 0
11226 2
3036 0
15525 2
3040 2
1465 2
3042 2
11236 1
11239 2
3048 3
3049 2
3052 1
11245 3
3057 0
7194 2
3061 0
11258 3
16469 1
1466 2
3072 0
3073 1
3074 1
11268 2
11269 3
3078 1
3079 2
3081 2
11274 2
3083 1
4610 1
3087 2
11288 0
9786 0
3098 1
10196 1
3101 0
11295 2
3104 0
3105 1
11300 2
16902 2
3110 2
11305 2
3114 3
11307 2
3116 0
18269 2
11312 2
3122 3
11316 0
11320 0
3131 0
11327 2
3136 1
1888 2
11330 1
3139 0
3141 2
11334 2
11335 2
11336 2
16908 1
11339 2
8477 0
12813 2
11344 2
3154 3
18275 1
11348 1
11350 1
11351 0
3168 3
11364 1
3178 1
3179 2
3181 3
3261 1
11379 3
12820 2
1899 0
11397 2
3206 2
3207 2
11401 0
11402 0
3215 2
3216 2
11409 1
11411 2
5998 3
11414 1
537 3
8730 2
11425 2
3236 0
3237 1
11430 0
11431 2
11432 0
11433 2
3244 0
3246 2
11441 3
10099 2
11444 2
3253 1
3257 3
3258 2
11453 2
3262 1
3263 2
11458 2
3268 2
11461 1
3270 1
16929 2
6110 0
11465 3
9929 2
11467 1
3276 1
16930 2
3279 2
3280 2
3281 3
3286 1
3287 2
3288 2
3290 3
11484 1
11487 0
3303 1
3307 1
11504 3
3313 2
11508 2
3320 2
3323 2
3324 2
4650 2
11519 0
3328 1
3329 0
11523 1
14538 2
3333 1
11529 2
11532 2
3341 0
16941 0
3344 1
5567 2
14212 2
3354 2
3357 1
3358 0
3359 3
3360 1
3361 0
11554 1
12387 2
7388 2
11562 1
10119 1
3373 3
3375 2
6024 2
3378 1
8755 0
3380 1
11573 2
11574 2
11575 0
3386 3
3387 1
3389 2
4661 0
11584 3
3393 1
3394 2
10123 2
3396 0
3397 0
3399 0
8806 0
16753 2
17255 0
1401 2
3411 0
11604 1
3413 2
3415 1
3420 2
11613 1
3422 1
3424 3
11617 1
11618 1
3428 1
3430 3
3434 1
3436 1
3437 0
11633 0
11637 1
11639 1
11640 2
11641 2
18037 1
11645 1
3454 0
3461 0
577 1
11656 2
11659 2
12866 2
3470 1
3472 2
18328 1
18591 1
11668 2
3478 2
3482 2
3485 1
11678 0
11679 1
15119 0
3489 3
11682 2
3491 2
8775 0
7410 2
14237 0
3504 2
8300 2
3506 0
16969 1
11704 2
3515 1
3516 3
11709 1
7413 1
11712 2
3521 2
11715 0
3524 0
11724 2
11512 2
11732 0
11738 1
11741 1
11742 0
11743 1
11744 2
3557 2
3564 3
3567 2
11760 2
595 1
3572 1
11766 0
3576 0
8788 2
3327 0
3580 0
11773 2
3583 2
3585 2
11779 0
3588 0
3589 1
18348 1
11786 1
3595 0
18349 1
3602 0
6062 3
11800 2
3611 3
3612 0
11808 1
11811 2
3621 2
3622 2
11815 1
11821 1
3630 2
8797 3
11824 1
11825 2
3634 3
11828 1
11831 1
11833 1
11834 2
607 1
3646 0
18357 2
3649 2
11842 0
11843 2
11844 2
11845 2
4705 1
3658 2
11855 0
11856 3
11857 0
3671 2
11864 2
3673 1
3674 2
3675 1
11873 1
11874 1
18363 1
11877 2
3688 1
11881 1
17308 2
11883 1
11887 2
11889 1
3702 2
4713 0
3704 1
11897 0
3706 2
14100 0
3709 2
11902 2
11905 3
3717 2
3719 2
11913 1
11914 1
7447 2
3727 2
11920 0
3730 2
3731 1
11924 3
3733 0
3734 2
3740 0
3741 2
3745 2
3747 1
11941 2
4721 2
11944 2
11952 2
1992 2
11954 0
3764 1
3765 2
11963 2
3777 2
3782 2
11976 0
11978 0
11979 0
3792 0
3793 0
11990 1
18383 2
7461 1
3810 2
3811 2
7462 1
12006 0
12011 3
3820 1
12013 2
3822 3
2855 2
638 0
3830 0
12023 1
14292 0
12034 1
12037 2
16590 3
11565 1
9403 1
3862 2
2009 0
3865 0
12061 3
12062 2
12933 0
12069 1
3879 2
3880 0
12073 1
12083 2
3893 0
12086 1
12089 1
1226 1
3901 0
12100 2
12103 3
12104 2
12107 0
12110 2
12113 2
7481 1
3463 2
10212 0
4768 2
12126 2
8848 0
11579 2
12134 2
17041 1
12136 2
658 0
3950 0
12144 1
3953 1
12154 0
12158 2
3967 3
3392 1
12170 2
3979 1
12173 0
12175 2
3984 1
3985 2
3988 0
12181 1
12184 2
3997 2
3999 0
4001 1
6129 2
4009 3
4010 2
4011 2
4013 2
12206 1
2035 2
4766 1
12214 2
4024 1
12218 2
4027 0
12223 1
12225 2
12227 0
4037 3
12235 0
674 0
4048 0
4050 1
12248 2
4058 2
12252 2
4063 2
4064 3
12257 0
12260 1
12262 2
15697 0
12265 1
4074 1
1500 3
4079 0
4087 0
18107 3
3412 2
14335 2
4092 0
12288 0
12293 3
4103 2
15703 1
12300 2
17322 2
12304 0
4118 2
4119 2
10244 3
4123 1
4126 0
12319 2
12320 3
12324 2
12327 2
15708 2
12330 1
6151 2
4143 0
12338 3
4148 1
11614 1
4150 1
4151 2
12344 2
12346 0
12348 1
12349 1
4230 0
12354 2
14347 2
4164 0
12141 1
4169 3
7522 2
4177 2
12372 0
4182 3
12377 2
12380 0
15717 0
4195 1
12903 3
4197 2
12392 1
12393 1
4203 1
4212 0
702 1
12408 0
12411 2
12412 2
4221 2
12414 2
4505 0
12417 2
4226 0
12422 2
12424 2
12426 0
4235 2
4237 0
12431 3
10264 0
12435 2
4245 2
4249 1
4250 1
12445 2
4256 2
4259 2
4261 2
4262 2
4263 2
2076 2
13781 1
12461 2
12462 2
12465 1
4276 2
12470 2
4809 2
12472 1
4281 0
10271 0
714 1
3445 1
14368 2
12486 2
12487 0
12488 0
4297 0
10236 1
12494 2
13005 1
9662 2
4307 2
4308 2
4309 2
4310 0
12503 0
4312 2
4318 2
4319 0
4320 2
12513 2
12514 0
4323 2
4325 2
4327 1
4328 3
12521 2
12524 1
13010 0
12526 1
4335 2
4336 0
12531 0
4341 1
4342 2
12536 1
12539 2
12540 0
4349 2
8917 1
4354 2
4357 1
12551 2
145 2
12553 2
12554 3
4364 2
2873 0
4366 3
4370 1
12563 2
10286 1
4374 2
4375 3
12569 1
4380 2
12573 0
4383 2
8758 2
4385 1
12579 0
12580 2
4389 2
12584 2
12587 3
16786 1
4399 1
12594 1
10291 1
2100 0
12603 3
12611 2
4421 0
12615 2
4428 1
12622 1
12623 0
4433 1
12626 2
4436 2
7566 2
12630 2
4441 1
4442 2
12635 0
12638 2
4837 2
11664 1
18491 0
12649 1
4459 2
12652 2
4462 2
10301 2
3928 2
12657 2
4467 0
4471 1
14879 2
12668 2
14978 3
4478 2
15765 2
4480 1
12674 3
4483 0
4484 1
4485 2
4491 1
12686 2
4497 0
4498 2
4501 0
4503 2
4504 2
18500 2
12698 2
4511 1
12705 2
4514 2
4515 2
4517 1
4518 1
4522 1
12715 2
4524 1
4525 1
4527 1
4528 2
4529 2
4531 1
4532 1
4535 3
4536 0
4537 2
12730 1
4539 1
12732 1
4541 0
4542 1
13045 1
12737 1
4546 1
12739 2
4549 0
18155 1
4552 1
4553 2
12747 2
12748 2
4557 1
4560 0
17144 3
12754 2
12757 2
13791 2
10505 2
4570 1
4571 0
8553 2
4573 1
4574 3
4575 2
12770 1
4579 3
4580 1
4581 1
4583 1
17065 0
12778 0
4588 0
4589 2
12783 1
4595 1
17150 3
12790 0
12792 1
10324 1
4605 2
12802 1
3499 0
4865 1
12811 2
4621 2
4622 2
11693 0
4626 2
4627 3
5064 2
4630 0
4632 2
12826 2
12827 1
4637 1
12836 3
12839 0
12840 1
12842 2
12843 1
4653 0
4654 1
12847 2
4656 1
4658 2
12852 2
14430 3
4662 0
11612 3
12861 2
12865 2
4674 1
12867 1
12868 2
4677 1
12870 1
2145 2
12872 2
12874 1
4683 0
4684 0
4688 1
12882 2
12883 1
16523 2
4694 1
10522 1
4699 1
784 0
4706 0
11707 2
4709 1
4710 1
4711 1
12905 3
4714 1
4716 3
12909 2
4719 0
17271 2
12913 2
4726 1
12919 1
12920 1
4729 2
4733 2
4735 3
4736 2
3520 2
12930 2
12932 1
4741 1
11713 2
4744 1
12937 0
5195 2
4748 1
15810 0
12942 2
6253 2
4752 1
12946 1
12950 0
8985 0
14343 2
18543 0
4764 0
4523 2
12958 0
12960 2
12964 2
12966 3
12971 1
12972 2
4781 1
17181 2
4784 1
12977 2
4786 3
12981 1
4793 1
4795 3
8343 1
7626 2
12991 0
12992 0
17184 1
12994 1
4803 3
4805 1
12998 1
4807 1
4808 1
13001 1
13004 2
13090 2
4814 2
4815 2
4818 0
13013 1
4822 0
6980 1
4825 2
4826 1
4827 1
17346 0
4833 3
13027 0
4836 0
13029 3
13030 2
4839 0
4844 1
4845 2
6269 1
13040 2
13041 2
13043 2
4853 0
4855 2
4856 1
13051 2
4862 1
14464 3
4866 0
13060 0
4871 0
13064 3
6274 3
4878 0
13076 3
13077 2
8434 0
13083 2
4894 0
4897 2
4898 2
13078 0
4901 0
4902 0
13095 2
4904 0
11620 1
4911 2
13106 2
13107 0
4916 2
13112 1
3710 0
4926 1
4929 0
13122 1
13123 2
13124 3
4935 0
13128 1
6711 1
4938 0
4939 0
13134 1
13135 2
13136 2
13137 2
18574 2
4950 2
825 2
13150 3
4959 0
4961 1
13154 2
17211 1
13156 0
13160 1
4973 0
4974 0
829 1
13169 1
4979 1
13172 0
13173 2
13174 0
4984 2
4986 2
4989 0
13184 1
4993 2
4995 1
4997 2
1803 0
13195 0
13202 1
4931 2
13204 2
13205 2
13207 1
13208 2
13209 2
2202 2
13214 1
15856 0
13220 2
13221 3
5030 2
5031 3
13224 3
13227 2
13230 2
5039 0
15200 0
5051 3
13244 2
17226 0
13246 2
5057 3
5060 3
5063 2
13256 1
13257 2
13259 2
13260 3
13261 2
845 1
5072 3
5073 3
13266 1
13272 0
18596 1
13276 2
5085 1
5086 1
5090 3
5091 2
8561 0
5095 2
10407 2
5100 2
5101 3
13295 1
1072 0
13297 0
5108 1
13301 2
13303 2
13304 2
5113 2
13307 1
5116 3
5121 2
5123 2
5124 2
13317 0
18604 2
5130 1
13143 0
13324 2
5133 3
13329 2
5138 0
13332 2
5555 3
13334 0
13336 0
13337 2
5146 0
16715 0
5154 2
5155 0
13348 1
13349 0
2225 1
5160 0
13356 2
13358 1
861 2
13360 2
5171 1
13366 0
16176 0
13370 0
15882 0
13376 3
5185 0
13378 2
5187 0
13380 2
18614 2
13384 2
13387 1
5196 2
5197 3
8902 2
173 2
3992 3
13397 0
13399 2
13401 2
5214 2
13407 0
13410 1
13413 2
13414 2
13415 0
18620 2
13418 1
871 0
13420 3
13421 0
13427 2
10430 0
15661 1
2166 1
874 3
5248 0
5249 2
5254 0
5258 1
10434 2
13165 1
14087 3
5265 2
13458 0
9070 2
6499 2
13464 3
879 2
14633 0
13470 3
3449 2
5283 2
13479 2
13484 0
5293 2
13489 0
9075 2
5301 0
13494 3
884 1
5306 1
13501 1
4981 2
13504 2
5317 0
5318 0
13512 1
5321 3
13514 2
5323 2
13520 2
13176 0
5332 2
13526 1
5336 1
5338 0
18148 0
13532 0
13534 1
5345 2
5348 3
13541 2
2257 0
5352 1
13547 2
5358 1
13551 2
5360 1
13553 0
5363 3
13557 0
13559 2
13565 2
5374 1
9088 3
5378 2
17637 0
13572 2
9089 2
13578 2
6359 2
5389 2
11909 2
13586 0
13587 2
13589 0
5399 3
13593 1
6181 0
3632 0
5410 2
13603 0
5414 1
13607 2
5417 3
5418 1
6910 2
13613 0
5423 0
5424 0
4545 0
13621 2
5430 0
5433 0
13626 3
5436 3
5437 2
13631 2
13632 2
5441 2
9099 0
5444 2
5445 0
13638 2
5447 0
13640 1
13645 3
13646 1
5459 3
910 1
13654 3
5463 1
13656 1
13664 0
15931 0
5476 0
18662 2
9105 0
5482 0
13675 1
13676 0
7947 2
13681 3
5490 1
11838 2
5494 3
5495 3
5496 2
916 0
5503 1
13696 2
13700 0
11841 2
5513 2
13710 2
13711 2
3651 0
13718 2
7549 2
13720 2
13723 2
13727 1
5539 1
13732 2
16840 0
13734 1
13737 2
17097 2
3655 1
5548 2
5549 3
5552 1
5553 2
18734 2
5556 1
9118 2
13750 2
5562 1
5564 1
13759 0
5572 3
6751 0
5576 1
10487 0
5580 1
5581 2
5583 2
13777 3
5587 1
5588 3
5589 3
13782 2
2297 2
13784 1
11469 2
13789 3
5598 0
9125 2
5600 0
5642 0
13222 3
5606 0
5612 2
5613 1
13808 2
17645 0
17321 2
13817 1
13818 3
14591 2
9130 3
5630 2
13824 0
5035 2
13828 1
5637 1
5639 2
13834 2
13836 2
18690 1
9133 0
13841 0
15043 2
5651 0
5654 2
5657 1
5659 0
8099 3
5663 2
5668 2
5670 1
5672 3
5674 1
13867 2
5676 1
5680 1
17331 1
5684 3
13879 2
13884 2
13283 2
5698 2
10507 2
13892 3
13893 1
6412 2
3682 2
13904 0
3683 1
5716 0
13913 0
18703 2
18467 0
13925 0
13927 1
13928 1
13930 1
18706 2
11880 1
5747 0
464 2
5054 1
18708 2
13946 0
17104 0
5759 2
5763 2
5765 2
17345 0
7557 2
13965 0
5776 2
5777 2
5780 1
13974 1
9467 2
13978 2
5787 0
13981 3
10523 2
9158 3
13990 0
13992 0
13993 2
13997 0
10525 0
5808 2
5809 2
5810 0
5814 2
7013 0
5818 2
14011 3
14012 1
5822 1
5823 2
5824 2
5067 2
5831 0
3703 2
5836 1
14029 2
5841 1
14034 0
5843 2
14036 1
14040 1
5850 2
5851 3
5853 2
18725 1
5859 2
5860 2
14059 1
5870 0
14066 3
6913 0
5876 0
14069 0
10537 2
5881 2
14074 3
7807 2
14083 3
14084 1
5894 0
3713 2
14089 1
5903 2
5907 2
5908 1
2350 2
5913 1
5916 1
5919 1
5921 1
5922 0
14116 1
5925 2
14119 1
5929 1
14122 3
14123 1
5935 0
14131 1
14133 2
15096 3
5943 0
5945 2
14138 1
14140 2
14144 2
5953 2
18534 2
5957 1
13019 2
5961 2
14647 2
13282 2
5966 2
5971 2
14164 2
5975 3
14168 1
5978 0
14171 0
5980 3
5982 2
5983 0
1563 3
7132 0
14180 1
2593 2
14184 1
5993 3
14186 2
5995 1
11922 1
14190 2
14191 2
477 2
14194 2
6003 1
14199 1
2367 0
6013 2
10560 0
6018 1
6019 1
6020 1
6021 2
6022 2
6023 1
14216 2
17388 2
14221 0
6030 3
14223 2
14224 1
8657 2
6044 3
6045 1
14238 1
14239 0
14240 1
14243 1
6053 1
14249 0
14254 2
6472 0
6066 3
1011 3
6068 2
4296 0
14265 2
4132 0
14273 1
11932 0
6086 3
14280 0
14287 1
6097 3
6100 2
6101 0
14294 0
6104 2
6105 1
14298 1
6108 2
14302 2
14305 0
5115 1
6119 1
13308 1
6123 2
14317 0
6128 2
14321 2
14322 2
14323 2
6132 2
6135 2
14330 0
6140 2
6141 2
14334 0
6143 3
6144 1
14337 1
6146 3
6150 0
1025 2
6152 3
6154 2
18775 1
6157 0
6159 2
6488 2
14355 2
6164 2
6165 0
10585 0
14360 1
6169 2
14364 1
14365 3
6174 2
14367 1
6176 1
14369 2
13680 0
14373 1
6182 0
14375 0
14376 2
14380 0
7858 2
14382 2
6191 1
14385 1
14386 2
6196 2
14390 0
6200 1
6201 2
14394 2
6203 2
6206 2
6207 2
18483 2
14403 0
1804 1
14407 1
14408 2
10516 3
13846 2
14412 2
14414 2
1037 3
6225 2
14419 3
6228 2
6231 2
14427 2
7866 2
6238 0
14431 1
14433 2
14437 2
5137 1
14442 1
6251 2
18045 0
7869 2
14449 2
6259 0
14454 2
9483 3
14458 2
6267 2
10602 2
14463 1
6272 3
14466 0
6276 1
17430 2
6279 2
6282 2
14121 3
14488 3
14490 2
14491 1
14497 0
6307 1
13790 1
10609 0
14504 2
6315 0
14510 2
14511 0
14513 2
6330 2
6331 2
14525 1
6334 0
18760 3
6340 2
14533 2
6346 2
6348 3
6349 2
14546 0
6356 1
14549 2
14550 1
6521 0
5156 0
10618 2
6370 2
14564 0
6373 1
14566 3
17282 3
6380 0
6383 1
6385 2
6386 1
14579 0
14580 3
14586 2
6399 0
14592 2
18816 2
14599 3
6409 1
6410 3
6411 1
14604 2
18217 0
17453 1
7896 0
14420 2
6422 1
6423 3
14617 2
6428 1
14623 0
14624 1
14625 2
14627 2
6440 1
6441 0
14634 0
14635 0
15763 1
6445 1
6446 2
7901 0
6448 1
2440 2
8990 2
13581 0
6453 3
4270 0
6455 1
6456 1
14649 2
14650 1
14651 2
10308 0
6468 1
14662 2
6471 1
14664 1
2444 1
14666 2
6475 0
16098 0
6481 2
14675 2
14676 0
14679 0
14680 2
14685 0
6495 0
14690 2
6763 0
6505 0
6506 2
6507 2
2126 0
5181 0
16104 0
18835 0
1086 0
14710 2
18836 1
12765 2
6523 2
15493 2
10583 2
6532 1
14725 0
14730 1
14731 2
5186 0
14738 3
9283 1
14742 2
10311 2
14748 0
1094 3
14758 1
8402 2
14761 1
6575 2
14768 0
6577 1
6580 0
14773 0
219 0
14779 2
14780 2
1098 2
14782 2
6593 2
14787 0
14791 2
6600 0
14793 1
6603 1
6605 0
14800 2
14804 2
14805 2
6614 2
6616 1
6617 2
14811 2
6620 2
6624 2
14817 2
6631 2
14825 2
6634 0
14828 0
6639 2
14834 1
14838 1
6648 2
14841 2
6653 1
6657 1
6662 2
14860 2
12716 1
14865 0
6674 1
14868 2
14869 1
6679 2
14872 2
2663 1
14876 2
14877 2
14878 2
6687 2
6576 2
14882 2
6692 2
14886 1
14887 0
6697 2
6701 1
6702 1
6704 1
12884 1
14899 1
6708 1
6709 0
14903 2
14904 2
14905 2
14912 0
14913 2
14914 2
16139 2
6724 2
6725 0
9313 0
6730 1
2487 2
1122 1
7949 2
14929 1
6740 1
14941 1
17509 2
14945 1
6754 0
14947 1
6756 1
5222 0
14951 2
17683 0
3100 0
14955 2
17512 1
6770 2
18229 1
6774 0
6775 0
2135 1
14971 0
14972 2
6782 1
2500 2
17411 1
6786 1
13419 1
6788 1
14983 2
6793 0
6794 2
14987 3
6796 0
14989 0
14990 2
13047 0
427 2
14996 2
6806 0
15000 0
6809 0
6810 1
15004 2
15005 1
15008 2
15009 2
2333 2
15017 1
6828 1
15021 2
6830 2
6833 1
6835 1
6836 1
6837 1
15034 2
3871 0
15036 0
6845 0
15039 2
15040 1
16160 0
15042 2
6851 1
15044 1
15045 2
15046 1
6855 1
15048 2
6859 1
6860 1
6862 3
15055 2
9503 2
6867 1
2138 2
6869 1
15062 1
6871 0
15067 2
15068 2
15070 2
15071 0
15072 0
6881 2
15074 0
15075 2
15078 2
15079 3
15080 2
6890 1
6892 2
15085 2
6894 0
15087 2
6896 1
6899 1
15093 3
6902 0
6904 0
6905 1
6907 2
6908 2
15102 1
15103 1
15104 1
15105 1
15106 1
15107 1
15109 1
6918 2
15111 3
6923 0
6927 2
15120 0
12703 3
6930 1
15123 1
15124 3
6933 3
2521 3
15128 0
15132 1
6941 0
15134 1
15135 2
15136 1
6945 0
6946 2
6619 2
15140 0
15144 0
15145 0
9351 3
6957 1
6958 2
9352 1
15155 0
6965 2
6967 2
15162 1
15170 1
15172 2
15175 1
6984 1
15177 2
6986 2
15179 2
8939 2
6991 0
6993 2
6994 1
6996 2
15193 1
7005 2
7006 2
7008 2
5264 3
15202 2
15205 0
15206 0
7053 1
15209 1
14823 3
15212 3
15213 0
7022 3
7023 1
7024 2
15217 2
15225 1
7039 1
15232 1
15237 2
15238 0
15241 2
7050 1
15243 1
7052 1
15245 2
15246 0
7055 1
7056 2
15249 2
15250 3
7060 0
15253 2
7062 0
7063 0
15259 0
7068 1
15261 2
7070 2
15264 2
15266 1
7076 1
10737 3
15273 0
15275 1
7086 0
7087 1
7089 2
15282 2
15284 1
7093 0
4848 1
16201 1
15289 3
7098 2
9375 0
7103 2
15296 2
13330 0
6646 1
15303 2
15304 2
15308 1
9378 2
15311 2
7120 2
15316 1
7129 2
7130 0
15324 1
15329 2
15333 2
3921 2
10748 2
3784 2
14845 0
7157 2
7158 2
9385 3
15355 2
17578 2
7166 3
7169 1
17579 3
14849 2
15371 2
15374 0
15375 1
15376 3
15377 2
7188 2
15381 2
512 1
15386 2
15388 0
18516 2
9392 0
8696 2
5297 0
8028 3
15404 0
15405 2
7214 2
7218 3
15411 0
6787 0
15413 2
15417 2
7226 0
7227 2
7228 1
8424 2
17589 0
7232 1
15428 2
18790 0
7238 2
15431 2
15434 2
7243 2
7245 0
7246 2
15440 1
15443 0
15444 2
15457 2
18791 1
15462 3
15477 2
15478 2
15479 0
15480 1
8426 2
15486 2
15487 3
15488 3
15490 1
2582 2
15494 3
15496 0
7306 2
15500 2
15502 1
15503 2
15504 0
15506 1
15509 1
15511 0
15514 0
17429 0
6682 3
15518 0
15520 0
15522 1
7332 2
13510 3
16241 0
15531 0
15532 3
15539 0
7349 2
15543 1
15544 1
10783 3
9418 1
15550 0
15552 1
7362 1
6689 2
15561 1
15562 0
15563 0
7372 2
15565 1
7374 3
15567 1
15574 0
15576 1
15577 3
15579 2
15580 2
3962 0
15589 2
15590 1
15594 3
7403 1
15596 3
7405 2
7407 2
15600 2
15602 2
15605 1
15606 2
15607 1
1236 1
15612 1
7421 0
15614 0
15615 2
15616 0
15617 2
15627 1
15628 3
15629 1
7440 2
7441 0
15634 0
8704 0
15639 1
15641 0
7450 2
7452 2
7453 1
8069 2
7457 0
7460 2
15653 0
15654 2
15657 2
15658 2
7469 2
7472 3
8072 1
15666 1
7478 1
7480 1
15673 3
15676 0
7489 2
7491 2
16362 2
10807 0
15693 0
15695 0
6712 2
6713 0
15704 0
15705 1
7516 2
15710 3
5349 2
6797 2
15713 2
15714 1
15715 2
17638 0
7529 2
15722 2
1255 0
7532 2
15726 1
7538 3
7541 1
15734 2
15735 0
12180 1
15741 1
9344 1
7556 0
15749 1
7564 2
15757 2
15758 2
7567 2
7568 2
15761 2
6723 1
15764 0
7573 1
6106 0
7580 2
15773 2
15774 0
15775 0
15776 2
7585 2
15781 1
15782 1
9457 2
7594 3
15788 1
1266 0
15790 0
15796 3
15798 1
10825 0
7609 2
15802 3
15803 0
15807 2
8096 2
7618 0
10827 0
15812 2
9462 2
15815 1
7624 3
15818 2
15820 1
15821 1
6733 0
15825 0
16291 2
17657 0
15837 0
7649 2
7651 2
15844 2
15845 2
15847 1
15848 1
7659 1
15852 2
15853 1
15855 1
7664 3
14167 0
7667 1
7670 3
16297 0
15864 0
15867 2
7677 3
15871 1
15872 3
15877 0
7687 1
7688 2
7690 2
7694 1
7695 2
15889 1
7701 0
15895 0
15898 2
7707 2
7709 3
7712 2
7715 0
15908 1
15909 0
7718 2
15911 3
7730 1
4019 1
7732 1
15925 2
7734 2
7738 2
10847 1
17674 2
14988 1
7747 2
4022 0
7759 1
15954 1
8169 2
7765 2
7766 1
5987 1
14949 0
7783 0
15979 1
15980 2
7789 2
7791 1
15984 0
7795 0
7796 3
15990 2
15992 0
7802 0
7803 0
15999 1
16000 2
16002 2
16003 2
7812 0
7815 2
16008 0
7819 3
16015 1
16021 0
7831 1
16024 1
16025 1
16026 2
17690 1
7838 2
16032 1
16034 2
17510 2
16036 1
16037 1
16041 1
16045 3
16049 1
16050 3
1080 1
16058 0
7867 1
16060 2
10036 2
2677 2
16064 2
16065 0
16067 2
16073 1
16078 1
7887 0
7888 0
16081 2
16082 2
7894 2
4900 0
16088 1
16093 2
263 2
7906 2
536 3
7912 0
16105 0
16106 2
16107 0
16108 2
1962 3
16110 2
16113 2
16115 2
15983 2
16123 1
7932 2
16125 2
16129 1
7939 2
16134 0
1324 2
16343 1
16140 3
16141 1
16143 2
16144 0
7955 2
16152 1
7963 2
16158 3
7968 0
16164 1
7974 0
7975 2
7976 0
17714 3
7984 3
7986 2
17715 0
17511 1
16186 2
12255 1
7997 2
7998 3
16196 1
18505 2
8009 2
16203 0
16204 1
8014 2
16207 0
8017 3
3813 0
8021 0
8022 0
16220 2
16224 2
9531 2
16228 3
16792 0
4071 0
16238 3
17725 0
8049 0
16243 1
16244 1
17726 2
16247 0
8059 3
8060 0
8061 0
18272 0
16261 1
16262 1
16263 2
16264 3
16265 1
16266 2
8076 2
8079 0
8083 0
8084 1
16277 2
16279 0
8088 0
16282 1
16283 0
8092 3
16285 0
16288 1
10907 1
16292 0
8102 1
8104 2
6812 1
8112 2
16305 0
8116 2
163 2
1907 0
16316 1
16319 0
16324 0
16325 0
8134 3
16330 3
12279 2
8142 3
16336 3
8145 1
2723 2
16340 0
8150 0
8151 2
16347 2
8156 1
16350 2
8159 3
16356 0
8167 0
8168 2
16361 2
8170 2
16367 2
16368 1
16371 2
16372 1
16382 1
16376 2
8186 2
16379 2
16380 0
8189 2
8190 2
