0 0
16386 2
16388 2
16391 1
16393 2
16394 1
16396 1
16397 1
16400 1
13656 1
15603 1
16404 3
21 0
16407 0
8216 0
8219 2
16412 0
16415 2
8226 2
8228 2
16422 2
8232 0
8237 2
8238 0
16431 2
16432 0
16433 2
15027 1
52 1
16437 1
16438 3
8247 1
8249 2
16443 2
16445 2
62 2
16447 2
66 1
68 2
8262 2
9569 2
16456 2
73 2
8266 2
16459 2
16460 2
16461 2
8272 2
16466 1
17763 0
16468 2
85 0
16470 1
8279 2
8282 2
16476 2
93 3
16478 1
8288 2
97 0
16484 1
16485 0
8295 2
104 0
8298 0
8299 1
109 3
110 0
16495 1
113 2
115 1
16502 0
14458 2
122 3
16509 1
8319 0
8320 0
16513 1
1387 1
132 2
133 2
16518 2
16521 0
16522 1
8331 2
16524 1
16525 0
8334 0
16527 2
144 2
145 2
16534 0
151 1
8346 1
8347 3
16540 2
157 0
159 2
161 0
162 2
8356 3
166 1
13681 3
168 1
8363 1
173 2
16558 2
8367 0
177 1
16562 2
8371 2
8375 0
16568 1
185 2
186 2
190 3
8383 2
8386 2
15051 2
197 2
8391 2
200 0
8393 2
202 2
13687 2
8396 0
8397 2
8398 1
207 2
16592 1
8401 2
16594 2
8403 3
212 0
214 0
8407 2
16601 1
218 3
6863 0
220 2
17786 2
8415 1
226 0
17787 3
8420 2
16613 2
16614 0
10961 0
8424 2
233 2
8426 2
16619 0
237 2
8430 2
17789 1
16626 2
8435 3
16629 0
8439 2
16632 2
8443 3
16638 0
6869 1
16644 2
261 2
16646 1
8455 0
16648 0
271 2
16657 1
274 2
16430 2
5192 3
9011 2
8474 3
284 1
16671 1
8480 1
4374 2
8483 0
8486 2
16679 1
8488 2
297 2
16683 2
300 2
8496 2
305 2
8498 3
16691 2
2782 1
8502 1
15286 1
313 1
316 0
317 2
8510 2
319 2
320 3
8513 0
16706 1
324 1
8517 1
16711 0
328 0
16713 0
16716 0
8525 2
8526 2
16719 2
8531 1
16724 2
8533 3
342 2
16727 1
16728 1
347 3
16734 1
8543 3
16737 2
354 2
16741 2
359 3
16744 2
8553 2
8555 2
8022 0
8558 2
11468 0
11469 2
8564 2
16757 0
376 2
378 3
8571 0
16765 2
383 0
385 2
8469 2
13718 2
390 1
16776 0
393 2
394 2
8592 2
8593 0
8594 1
16787 1
16452 1
410 2
15087 2
8604 2
416 0
8611 2
420 1
8613 2
16807 1
16808 1
71 1
8621 0
16814 2
1437 3
287 2
16817 1
16818 0
8627 0
16821 1
438 0
16823 0
440 1
442 1
16827 2
444 2
74 0
8638 1
16831 1
450 1
451 1
8644 2
454 2
8744 2
16840 0
16841 2
8651 0
461 2
462 3
16847 0
464 2
16851 2
16852 1
16854 2
16855 1
16857 1
16858 0
16865 0
8675 2
9638 3
6850 1
16884 1
8693 2
16886 2
504 3
4180 0
7109 0
512 1
16898 2
8710 3
2817 0
16905 1
8714 1
8715 0
524 2
16909 1
8718 2
8719 3
12376 2
8723 1
532 3
533 0
8728 2
17203 2
538 0
16923 2
8732 1
16926 2
6917 2
16928 2
16929 2
546 1
547 1
548 1
551 1
552 1
553 1
16938 0
8747 2
8748 3
8749 2
558 1
16477 2
8752 2
9660 2
563 2
16950 2
567 2
8761 1
8763 0
8764 1
573 1
8766 2
8767 0
8771 3
16965 0
8775 0
8777 0
8780 1
16973 0
591 1
16978 2
16980 2
599 0
8795 3
8796 0
5562 1
606 0
16991 3
8800 1
16993 2
8802 1
16995 1
16997 2
8806 0
17852 2
17002 1
8811 1
8812 2
6930 1
8814 2
17008 2
8296 2
12494 2
6931 2
17013 2
630 0
634 0
17019 1
17020 3
17021 0
638 0
17023 1
641 0
8834 2
17027 2
17029 0
647 0
8841 2
8842 2
17035 2
17036 2
8845 0
654 0
17040 1
8849 2
17042 2
660 2
17046 1
664 0
17049 1
8858 2
17051 1
8862 2
8863 3
17056 2
673 2
15131 1
8869 2
17062 0
8872 2
4387 3
17066 2
8875 2
17068 3
8877 1
688 0
17074 1
6942 1
15026 1
15135 2
8892 1
701 2
704 0
17089 0
17091 0
708 2
4214 0
711 3
712 2
17097 2
17098 2
17099 2
717 0
5581 2
15139 2
8916 2
1486 0
8918 0
8921 2
17115 2
17119 0
1488 1
4219 0
8932 0
741 2
223 2
744 2
745 1
8938 2
17131 1
17132 1
749 0
754 2
13753 1
17142 0
6953 2
8952 2
761 3
17147 0
764 2
766 1
17151 2
16512 1
17154 0
8963 2
17157 0
17159 3
8968 0
17161 2
8970 2
779 0
780 2
17167 2
17168 2
17170 3
787 2
17173 1
790 2
17176 2
2936 0
17180 2
17181 2
8990 2
16517 1
8992 3
801 2
8326 2
807 2
808 2
2209 0
17194 2
17195 0
17197 0
9008 0
17202 0
6963 2
17205 1
17206 1
825 2
9018 2
17211 1
829 1
15157 2
9024 2
17218 1
17220 1
9697 3
17225 0
17227 1
844 2
9037 2
9038 2
17233 2
852 2
856 0
858 1
860 3
861 2
862 0
17248 1
17249 0
17252 2
12433 2
874 3
875 2
17260 2
879 2
17265 2
882 0
883 1
17268 1
7589 0
9079 1
888 2
17273 2
9082 2
17276 0
9088 3
17283 0
9095 2
904 1
17290 2
17291 2
9100 2
17293 0
910 1
9103 2
17297 0
9106 0
17299 0
9109 3
3031 1
9111 2
17304 2
17307 2
17308 2
17310 1
17311 2
17313 2
17317 1
17318 2
9127 2
9129 2
938 1
17324 2
9135 1
9136 2
9137 2
9139 2
9142 0
16944 1
9144 3
9145 0
17340 0
17341 0
17342 2
961 1
11463 1
964 3
10125 1
970 0
15181 1
17360 2
18036 2
983 0
17368 1
9177 1
3007 2
17376 0
17379 2
16550 1
17383 3
5628 1
17391 0
17392 2
9201 0
1010 1
17395 2
8190 2
9209 1
9210 1
9212 1
1021 0
17406 2
9216 0
9218 2
171 2
1028 1
9221 1
1034 2
1035 2
9228 2
8365 1
9236 1
9237 2
17430 2
17432 2
17433 1
16559 0
9246 0
13829 0
17440 2
17441 2
17444 3
17926 0
1065 2
17450 1
1067 2
178 0
9262 2
1071 1
9265 1
17460 1
9269 2
9270 2
9271 0
9272 3
9273 3
9274 2
1084 0
5642 0
17474 2
17476 0
17477 1
9286 0
9287 0
17480 2
9292 1
5645 0
9296 3
17491 2
9304 2
1114 1
9307 2
9308 1
9310 0
11109 2
9312 2
1122 1
9316 0
17509 2
9318 0
17512 1
9322 1
8900 2
17519 2
1137 0
12211 2
1144 2
17532 2
1150 2
9343 2
1152 0
10404 2
9349 2
17542 1
17544 2
4403 2
1162 3
10155 2
17549 1
1166 2
17552 1
17553 2
17554 2
17556 2
7022 3
1174 2
17559 2
17560 1
17563 2
17564 2
1181 3
16581 1
1186 0
1187 2
17573 1
17574 1
17575 1
17576 1
17578 2
16583 2
17581 1
9390 1
1204 0
9397 2
1210 3
9409 1
1218 2
9411 2
2934 0
9414 0
9415 1
17609 1
17610 2
9421 2
9422 0
9424 1
9425 1
17499 2
9427 2
9428 2
206 3
1239 0
1240 0
1242 3
1243 2
17628 2
1250 0
1251 1
1951 1
17637 0
9446 1
9447 1
17640 1
1257 0
17642 1
8402 2
1264 3
9457 2
1266 0
9459 2
17652 1
9461 2
17654 3
9465 1
1274 0
17659 2
17660 2
9770 1
17662 2
17663 1
17665 2
17666 2
1284 1
9477 2
17674 2
9484 1
17680 0
17683 0
9492 2
17688 0
17689 2
1307 0
17692 3
16602 1
17695 2
17696 1
9505 2
17698 0
9508 0
17707 2
17710 2
17711 1
1331 1
17716 3
9525 2
17719 1
1336 2
1338 1
9531 2
1340 2
1341 2
17726 2
1343 2
9536 0
9540 2
17736 0
17737 2
17738 0
1355 1
17740 3
9549 2
1358 2
9553 1
9554 2
1363 2
1365 0
17753 0
1370 2
17755 0
17756 0
17757 1
1375 2
1377 2
17762 2
17979 2
1380 0
9574 1
17767 1
11230 2
1385 3
9578 1
9579 2
2846 2
9583 2
17777 0
12867 1
9588 2
9592 1
1402 1
9595 2
9596 0
9597 2
9598 2
1408 0
1409 0
9604 2
17797 3
9606 1
1415 2
17800 2
9610 2
9611 2
9615 2
1425 2
17810 1
17813 1
9623 2
17817 1
17819 2
9629 1
9630 2
1441 1
9634 1
15259 0
9636 2
9637 1
1446 2
9639 2
9642 0
17835 2
9645 2
1454 2
15261 2
9648 2
18052 0
9651 1
1460 3
1461 2
9657 0
17850 1
17851 1
1468 2
9662 2
17855 2
9664 1
1473 1
1474 2
13485 2
9669 2
10142 2
15265 1
9673 1
1482 1
9676 2
15266 1
9678 3
1613 2
9680 0
9685 2
1496 1
9690 2
9691 3
2435 0
17885 0
15231 0
17887 2
17889 0
9702 2
17895 0
17899 0
9709 2
9711 0
9811 0
17910 0
501 1
17913 2
9722 2
17917 1
8739 3
1538 2
1540 1
1542 2
1545 2
1548 2
17934 2
7085 0
17944 1
1561 2
9754 2
15279 2
1416 3
17959 2
9768 2
18056 0
12551 2
17964 0
9773 2
1583 2
17968 0
9778 0
11187 0
1588 0
9781 1
1591 1
9787 3
1596 2
9791 2
9792 2
17985 2
17986 0
17987 0
17989 1
1608 1
9801 2
1610 1
17997 3
1615 2
1619 2
9812 0
9815 2
9816 2
9817 2
18015 2
1632 1
9826 2
16694 1
9829 2
1639 2
1640 2
3004 0
18027 2
9838 1
9839 0
18032 0
18034 1
1651 2
1652 2
18038 2
1655 2
1658 3
1659 0
1660 1
1661 1
1662 2
9855 0
18048 2
9857 0
18050 3
1667 1
1668 2
1669 1
15123 1
1672 3
18057 2
1674 2
18062 2
9878 3
8473 2
9882 1
18076 0
9886 0
1695 2
18083 1
1700 2
1703 1
9896 2
9897 1
18091 2
1708 3
1712 1
1713 0
18098 2
1715 0
1716 1
9910 0
1719 2
1721 2
18107 3
18108 0
1726 2
1727 0
1729 1
603 1
1732 2
8241 2
18118 1
15308 1
18126 0
291 1
1748 0
18134 2
1753 3
1754 1
1755 1
1758 3
18144 2
18148 0
18150 2
11217 2
17244 0
1769 2
18155 1
18156 1
18157 2
4392 1
1779 0
18165 0
18167 1
18170 0
9981 2
1790 2
7125 0
1795 0
1800 0
16684 2
9995 2
18190 1
9999 2
10004 2
18197 0
1814 0
9860 1
18203 2
3034 2
10014 1
18207 2
5687 2
18209 0
1827 2
18212 1
18213 2
18216 2
1833 0
10026 2
18219 0
18221 2
16488 2
1839 2
10032 1
18225 2
12595 2
6608 2
10037 2
10038 2
9865 3
18232 2
18234 2
10043 1
1852 1
18237 1
1855 2
10048 2
18243 0
310 2
18246 2
3041 1
10056 2
18250 2
4407 0
18252 1
16429 2
1872 0
3043 3
18261 1
10071 1
18264 1
3044 2
1882 0
18269 2
10078 2
1887 2
10080 2
14793 1
18275 1
1892 1
18277 0
18279 1
10088 1
10089 2
18282 1
1900 2
18286 2
16701 2
1904 2
1909 0
18294 1
1911 0
1913 2
1918 2
1920 2
1923 2
1924 2
18310 3
18312 1
18315 3
18316 1
1933 2
10129 2
10130 2
1944 0
16708 0
1947 1
10140 2
18334 1
16709 1
18337 0
10152 3
1961 2
9067 2
1964 2
18349 1
1969 0
1970 0
10164 2
10165 3
12068 0
1976 1
2248 2
18365 1
18366 2
10175 0
12619 1
18374 1
1991 2
1992 2
332 2
18379 1
1997 3
333 0
18384 2
1699 1
2005 1
2006 1
18391 0
10201 1
18394 2
18397 1
10207 2
2016 0
10212 0
10218 2
9895 2
18414 3
18419 1
18420 2
18089 1
16784 2
12628 1
18426 1
18427 3
16725 1
18434 3
13995 2
2052 2
18437 0
18439 2
10248 2
9900 2
18442 1
8535 2
2061 3
18446 2
2065 0
11267 2
18452 2
10261 2
2072 2
2073 2
2074 1
2075 0
10268 1
10270 3
18465 1
2083 2
2086 0
18471 2
10281 2
10282 2
2091 2
12637 1
2098 2
18483 2
2100 0
12638 2
10294 1
18487 2
10296 1
18100 1
10298 2
18491 0
18493 2
10306 1
10308 0
2118 1
2121 0
10316 2
10317 1
2126 0
18511 3
2128 1
2129 1
10324 1
10325 1
10327 1
2137 2
2138 2
10332 1
10335 2
2145 2
1312 0
10340 3
18534 2
13165 1
2152 2
18538 2
18541 0
2158 1
10351 2
6073 2
10358 2
2167 0
2170 1
14015 0
10365 2
10367 1
2176 2
10369 2
618 1
18566 2
18568 0
10379 2
18572 0
10382 2
10384 0
18579 2
18580 2
18581 2
2199 2
2200 1
18588 2
18589 1
18591 1
18593 2
2210 2
18596 1
10405 2
18598 2
12657 2
18600 2
18604 2
8562 1
2222 2
2223 2
10416 1
18609 0
10420 2
2229 2
18614 2
18615 1
2236 2
14259 1
10430 0
2242 1
10435 2
2246 3
10440 2
18633 0
10443 0
2254 2
18639 1
18640 1
10449 2
18642 2
3107 2
2260 2
10453 2
18647 2
10456 1
18649 0
2268 2
10462 0
10463 2
10464 1
10466 0
10467 2
18660 1
7206 2
18662 2
10471 1
10472 1
10475 1
2284 2
2287 2
18675 0
10485 1
18678 0
10487 0
10489 0
18682 1
18686 1
18687 0
2306 1
18693 2
10502 2
10505 2
1168 3
10507 2
18701 2
10510 0
10511 0
18704 1
18706 2
18707 1
2324 2
10517 1
18710 2
670 2
10521 2
10522 1
18715 3
14042 2
10527 3
10530 1
18724 0
18725 1
2342 2
10535 2
2345 1
2346 0
11745 2
18733 2
1442 2
2352 3
18142 1
2358 1
18743 0
2360 2
18746 2
2364 2
10559 2
2368 1
10563 2
10564 2
18760 3
10569 3
2378 1
10572 3
10573 1
10574 2
10575 1
2385 2
18771 2
18772 1
2389 2
2393 3
10586 0
10589 2
14053 2
18785 3
10594 2
9958 0
18790 0
8809 0
18792 2
10601 1
10602 2
1444 2
10604 3
2413 2
10606 1
10607 1
10609 0
10611 0
10612 2
2421 1
18807 2
18809 2
10618 2
2427 2
10621 2
18814 2
2431 0
18816 2
13720 2
1771 1
2436 0
10630 2
18830 0
18831 2
10640 3
2450 2
2452 2
18839 2
10648 2
10993 3
2464 1
10660 2
2472 2
10665 0
18859 1
18861 2
10670 1
10672 2
10675 2
2484 0
2485 0
8418 2
2487 2
8539 1
2491 0
18632 2
17541 1
8608 1
6357 2
2500 2
2503 0
10700 2
10702 2
629 1
2514 1
2516 2
2517 0
10711 2
2520 2
8612 0
10714 1
3630 2
2524 1
2525 1
2526 1
2528 0
10722 2
2531 1
423 2
5636 0
10735 3
10736 0
10737 3
2546 2
2547 1
10741 1
16220 2
10745 0
2558 1
10752 2
10753 2
10754 2
10755 0
8568 0
2565 0
2568 0
10761 0
6905 1
8269 0
15448 2
10771 1
2580 2
10773 1
2582 2
10776 1
8623 3
10781 2
2591 0
2592 1
2593 2
2594 2
10788 1
10789 2
2600 2
14087 3
10798 0
10799 1
10802 0
435 1
2612 2
2613 1
10806 2
2615 2
10809 1
10812 1
13999 1
10814 1
10817 1
10819 2
2630 1
2631 1
10825 0
2634 2
2637 0
10830 1
2639 0
2640 2
8632 2
13727 1
2646 2
2650 1
1807 0
10845 2
2654 2
2655 2
10848 3
10849 0
2659 1
2660 1
10853 2
10855 1
10856 2
10857 0
10858 1
10861 2
2673 1
10867 1
10873 0
10878 2
14101 0
10883 2
3363 1
2702 2
10895 1
10896 1
10897 3
10901 2
18201 1
10905 2
10906 2
2715 2
10913 3
1819 0
2724 1
2730 1
2731 3
4552 1
2738 3
2741 2
2742 2
10935 0
2744 0
16731 0
2750 1
2751 0
10945 2
459 0
13439 1
2759 2
3191 2
2764 3
2766 0
8653 1
2769 0
10020 3
1456 0
2772 2
8654 0
14312 2
2777 1
2778 2
8655 2
10973 2
10974 3
1829 1
8276 1
10981 0
10982 0
2791 2
2792 2
2793 0
10991 1
10992 2
2801 2
366 2
2807 3
11002 3
11004 2
14122 3
15488 3
10027 2
11015 2
2826 2
1458 2
1838 2
16331 1
8665 2
11036 2
8666 2
11038 2
11040 3
18224 0
2851 1
11044 1
11045 2
2854 1
2855 2
2858 1
11052 0
11053 2
11056 0
11065 2
2880 2
11073 1
2882 2
2884 0
11078 2
15500 2
2891 2
11087 2
11089 2
2901 0
2902 1
11095 2
11097 1
2909 1
2917 0
11112 1
2921 2
2922 1
11115 2
2924 0
11118 0
2928 1
11126 1
11128 2
11129 2
2938 2
2939 2
11132 2
2941 3
11134 1
15509 1
2944 2
11138 2
11139 1
11141 0
11143 1
11145 2
14095 2
15647 1
11155 0
16441 2
6100 2
2973 2
10053 1
3227 3
9567 3
2982 3
2983 2
2985 2
18247 2
11183 2
2995 2
3000 2
11193 0
11194 2
3231 1
11196 0
1866 2
16885 0
3012 2
11207 3
3016 1
3018 2
11212 0
17096 1
11215 1
8696 2
11220 1
3030 1
505 3
11226 2
3035 3
3036 0
15514 0
3039 1
3040 2
1465 2
12795 0
11236 1
11430 0
11239 2
3048 3
3049 2
11243 2
3052 1
3053 2
3056 2
11249 3
1671 1
3069 0
3070 2
3072 0
16896 1
3074 1
11435 2
3076 2
11269 3
11273 3
3082 2
3086 0
3087 2
3094 2
1881 0
2530 0
11292 0
11293 2
3102 2
3104 0
3105 1
11299 1
11300 2
16902 2
3110 2
6923 0
11307 2
3119 2
11315 0
3125 0
8713 1
3129 3
11327 2
18272 0
11330 1
3139 0
4658 2
3141 2
11334 2
11335 2
11336 2
3147 2
923 1
8717 2
18654 0
11346 2
10083 2
11348 1
3159 1
10084 1
16745 0
3172 2
11366 0
11367 0
3177 3
11370 1
11371 2
3182 3
3261 1
1897 3
11391 0
11393 2
18383 2
18284 1
11402 0
11403 2
3213 0
3215 2
3216 2
11409 1
11411 2
3220 1
3223 2
3224 3
18287 1
11421 2
11423 0
11424 3
11425 2
3236 0
3238 2
11432 0
3241 1
11434 2
15559 3
3244 0
8837 0
3252 3
11565 1
3254 1
3255 1
543 2
3260 0
7370 3
3263 2
3265 0
11458 2
3267 0
11461 1
3270 1
8737 2
11465 3
6241 1
3276 1
16930 2
3279 2
3280 2
11473 1
3283 0
3285 1
11478 3
10105 0
11471 2
11484 1
11487 0
11492 2
3303 1
3305 1
3306 0
3310 2
11504 3
3313 2
3314 3
11510 2
11512 2
3322 3
3323 2
3324 2
8746 2
3327 0
3328 1
3330 1
11523 1
3332 1
3286 1
3334 1
3287 2
11532 2
16941 0
3347 0
11540 2
11544 2
18308 0
3354 2
3355 1
3357 1
11550 1
3359 3
11553 2
11554 1
11555 1
6022 2
3373 3
3375 2
11568 2
3377 2
3380 1
3381 1
3382 0
3387 1
3389 2
3392 1
3394 2
3395 1
8758 2
3399 0
11592 0
8406 1
10479 2
3408 1
17255 0
11604 1
3414 0
3416 0
11609 2
11610 2
3419 2
3422 1
3423 1
3425 2
11620 1
11621 0
3430 3
3432 1
572 0
3434 1
3435 3
3440 1
3444 2
11639 1
11640 2
3449 2
575 1
3458 3
15595 1
11653 0
3463 2
4674 1
11662 2
3472 2
3473 0
579 0
11671 0
11672 2
12869 2
3489 3
11684 2
11685 3
3495 2
583 1
3501 1
3505 0
11699 1
11701 2
16969 1
11705 0
3515 1
3520 2
3521 2
18121 1
11724 2
3320 2
11731 2
11732 0
11734 1
11741 1
17849 2
11746 2
3557 2
11752 0
3564 3
3568 0
18344 2
11764 2
11766 0
6057 2
3576 0
8788 2
11773 2
3583 2
11776 2
3585 2
11779 0
11781 1
18348 1
3595 0
1965 2
11793 1
3603 2
3605 1
11800 2
11806 2
11808 1
9353 0
3619 2
3621 2
11815 1
11817 0
11818 0
11822 0
11824 1
11826 2
11827 0
16990 2
3638 2
11831 1
3038 1
11833 1
11836 0
11838 2
11839 3
16992 2
3650 2
11843 2
11844 2
11845 2
11849 0
11850 3
14263 2
11853 1
11854 0
11855 0
11857 0
3667 2
11863 1
3673 1
3674 2
3675 1
8805 2
3681 1
11874 1
3683 1
11877 2
11878 1
3690 2
11884 2
11885 0
11887 2
3702 2
3703 2
3348 2
3706 2
4714 1
11902 2
11905 3
11906 1
11909 2
3719 2
17004 1
3722 0
7447 2
3727 2
3728 2
3730 2
622 0
3734 2
11927 0
3740 0
3741 2
11934 0
2207 1
624 2
5853 2
11547 2
11941 2
3752 3
7452 2
3755 3
7453 1
11952 2
18376 2
3763 2
11958 0
3768 0
3769 2
3770 2
11963 2
3773 2
3775 2
11968 1
3778 0
12918 0
3782 2
3784 2
11977 0
3790 2
3791 2
11987 3
11988 0
3798 2
10807 0
10191 3
3808 2
3813 0
3815 1
8828 1
12013 2
3822 3
16774 1
12019 0
17022 0
3830 0
3833 0
3841 2
12037 2
128 1
3855 0
12053 1
3862 2
2009 0
7221 0
4741 1
3874 3
3876 2
12069 1
3879 2
3880 0
12073 1
12076 2
12077 2
3887 2
3889 2
12082 0
12088 3
12089 1
12091 2
3901 0
3903 2
12100 2
12106 2
12109 2
12110 2
15138 0
3928 2
18404 2
3936 1
12130 2
11579 2
3950 0
12136 2
12137 2
12138 1
12139 2
658 0
12142 2
6951 0
12152 1
12153 1
12154 0
3963 2
12157 3
12158 2
3967 3
12162 1
12170 2
12171 2
12173 0
3983 2
3984 1
3985 2
3988 0
12181 1
12182 3
12184 2
17050 1
14320 2
4006 2
6129 2
4009 3
12202 2
4011 2
12206 1
4017 2
952 1
12958 0
4024 1
12217 1
4027 0
12960 2
12227 0
4038 0
12235 0
4047 1
12243 2
12244 2
4057 2
4058 2
12251 2
12252 2
12253 0
4062 1
4063 2
12257 0
4066 1
12259 2
12261 1
12262 2
12265 1
12268 2
12269 3
12271 0
4081 1
12274 0
12276 3
12279 2
2047 2
682 0
17067 1
4103 2
4106 2
12304 0
4113 1
12306 2
12307 1
12313 2
12314 2
4124 2
15303 2
4126 0
12323 3
12324 2
12327 2
4137 2
12331 2
4140 0
4142 0
4143 0
4150 1
4151 2
12344 2
4153 2
4156 0
17077 3
18443 2
4164 0
4167 2
4169 3
17079 2
4173 2
12366 2
4175 2
12370 2
12372 0
4184 2
12377 2
4189 0
12390 2
11586 0
4201 2
4205 2
4206 3
4212 0
12405 2
12406 2
7529 2
10260 1
4218 1
12411 2
4220 2
4221 2
4222 2
6165 0
4225 2
4226 0
4228 1
12423 2
12424 2
12426 0
6167 1
4802 1
4239 0
10264 0
12434 2
12435 2
4245 2
4248 0
4249 1
4250 1
4251 2
4256 2
12451 1
4262 2
12455 3
4265 3
4267 1
4935 0
4270 0
14365 3
12464 0
12465 1
12466 1
4277 2
713 0
4280 1
12473 1
17055 2
8906 2
12480 2
12487 0
4300 0
4301 1
4302 1
12495 2
12496 1
3448 2
11641 2
4312 2
6180 3
12509 2
4318 2
4320 2
4322 1
4323 2
4325 2
4817 2
12521 2
4332 2
4335 2
4337 2
12530 1
4339 3
12533 2
4342 2
12539 2
12540 0
12541 1
4352 3
4354 2
4822 0
4359 2
12553 2
4367 3
4370 1
4371 2
15632 2
12567 1
15748 2
4380 2
12573 0
4383 2
4827 1
4389 2
4391 2
12584 2
7559 2
12591 1
12592 2
15752 1
12594 1
2099 2
12596 2
12599 2
4411 3
2329 2
4414 2
4418 0
4422 2
12615 2
4425 2
4427 1
12626 2
10786 2
4436 2
7566 2
4438 3
1817 1
12632 1
4441 1
12635 0
4445 0
13372 1
11664 1
12643 1
12645 0
12648 2
17127 0
12652 2
4462 2
2109 0
12656 0
17061 2
12660 2
12663 2
13996 1
8730 2
4482 1
4484 1
4485 2
8940 2
12686 2
15768 1
4498 2
4499 0
4501 0
12695 3
4504 2
4505 0
12698 2
4507 1
4511 1
12704 1
4515 2
12709 0
4518 1
12712 3
4521 1
12714 1
4524 1
12717 1
4526 2
4527 1
12720 1
4529 2
4532 1
12727 1
4536 0
4537 2
4538 2
4539 1
12732 1
4542 1
13045 1
12737 1
12739 2
12740 0
12744 0
12747 2
4557 1
4559 3
12754 2
12755 0
4565 1
4566 2
8953 1
4570 1
12765 2
4574 3
4575 2
12770 1
4580 1
4582 2
4583 1
4588 0
4589 2
12786 0
12787 2
12788 2
12790 0
12793 2
12794 3
8959 0
4605 2
12799 0
4609 1
4610 1
12804 1
12805 1
17153 0
4617 2
12811 2
4621 2
4626 2
12819 1
12820 2
4632 2
12827 1
12828 0
4637 1
4645 0
4652 3
4653 0
4656 1
12849 0
12850 2
12852 2
12853 2
4662 0
12857 0
12858 0
4667 2
12861 2
12862 2
4671 0
12865 2
12866 2
8971 2
12868 2
4677 1
4678 1
10337 2
12872 2
12874 1
4683 0
12877 2
4686 2
4688 1
12882 2
12884 1
15525 2
12891 2
4705 1
4707 2
4708 1
4709 1
4710 1
4711 1
4712 2
12905 3
12906 2
12907 0
786 0
4721 2
4724 2
4726 1
12919 1
4729 2
4733 2
4734 2
4736 2
11712 2
12930 2
12932 1
12933 0
12934 0
11713 2
4744 1
12939 0
4752 1
12946 1
4755 1
18542 0
4761 0
12955 2
4765 1
4766 1
4768 2
12961 2
4773 2
12966 3
4777 1
11343 2
12972 2
4781 1
7624 3
12981 1
12986 2
12987 1
4798 0
12992 0
12994 1
4803 3
4805 1
12998 1
4807 1
4808 1
4811 3
13004 2
13005 1
13009 2
13010 0
13011 0
13014 2
13017 1
4826 1
13019 2
4829 0
13023 2
13024 2
4833 3
13027 0
13030 2
4839 0
4842 1
4843 2
4844 1
4845 2
13038 1
6269 1
4848 1
13042 2
13043 2
4852 0
4853 0
4854 0
13047 0
13051 2
13053 0
4863 1
13058 0
13060 0
4874 2
4877 2
4878 0
13077 2
13078 0
13088 1
4897 2
13090 2
13094 3
13097 2
4910 0
4911 2
13107 0
4926 1
4929 0
13122 1
13123 2
7649 2
13128 1
4937 2
13133 2
13134 1
13135 2
6984 1
13138 0
13139 0
18574 2
13143 0
4952 2
13146 0
4956 0
13150 3
4959 0
4961 1
4963 3
13156 0
6712 2
4971 2
15714 1
4979 1
13174 0
13175 2
4985 1
4986 2
15850 2
13182 0
17216 1
4997 2
13190 3
13196 0
4930 2
13199 1
18584 1
13202 1
13204 2
5015 3
13208 2
13209 2
11351 0
5020 2
5021 2
11760 2
5030 2
11761 1
5034 3
5035 2
13229 2
9715 2
5044 2
5046 2
841 1
17626 1
3572 1
5051 3
13244 2
13245 2
5054 1
17546 2
5057 3
5060 3
10401 2
5064 2
13257 2
13259 2
13260 3
18594 2
17229 3
13264 0
13266 1
13267 2
13271 1
13273 1
13275 2
13277 2
5086 1
13279 2
13136 2
5090 3
5091 2
5093 2
5095 2
13288 2
13290 1
10407 2
13292 0
13295 1
13298 1
13300 2
13301 2
5110 1
13303 2
5113 2
5115 1
13308 1
18174 2
13317 0
13320 2
10412 2
13324 2
14509 2
13329 2
5138 0
13331 2
13332 2
5141 0
13334 0
5144 2
13337 2
3589 1
18608 0
5154 2
5155 0
13348 1
13351 2
13352 0
13148 2
5162 2
13358 1
5167 1
13360 2
2627 2
5173 2
13366 0
18612 1
5179 0
5180 0
13373 2
5182 0
13376 3
13377 0
5186 0
10422 2
5190 2
13153 2
13384 2
5194 2
13387 1
5201 1
13394 0
13396 0
5206 1
13401 2
5211 2
13405 2
5214 2
13407 0
5216 0
5218 0
13413 2
5222 0
13419 1
13420 3
5229 2
5230 0
5231 2
13425 3
13431 2
5240 0
5244 0
5247 2
5248 0
5251 2
13444 1
9473 1
876 3
13455 3
5265 2
13458 0
13460 0
8873 2
7705 0
5272 0
5276 2
5277 0
5279 1
4813 1
5284 0
13481 2
5290 3
5291 0
5292 2
5293 2
13489 0
6723 1
5302 0
13496 2
884 1
13503 2
5312 0
2251 2
5317 0
13510 3
13511 2
13512 1
5321 3
5322 2
13515 1
13516 1
13520 2
17272 0
5331 3
13524 2
13526 1
889 0
5336 1
5340 2
13178 0
5345 2
5347 2
5349 2
5351 0
13544 2
892 2
13549 2
13551 2
5361 2
5362 2
5363 3
4990 2
13559 2
5369 2
5372 2
5373 1
5374 1
13567 3
5376 2
17280 1
5378 2
5380 1
13573 2
7817 1
13578 2
13580 2
5389 2
18648 2
13586 0
13588 2
13589 0
2265 2
5401 2
5404 2
18694 2
13602 2
13605 2
5414 1
13607 2
5416 1
18652 2
13610 1
6910 2
13613 0
5422 2
13618 1
13621 2
13622 2
13625 0
18655 2
5436 3
5437 2
5440 0
5441 2
13634 2
13636 1
7734 2
13638 2
13640 1
17292 1
13646 1
17294 0
5463 1
5464 2
13657 0
5469 1
5476 0
2278 2
5478 0
13672 2
5482 0
13676 0
11944 2
2280 1
5490 1
5495 3
5496 2
5497 2
5498 2
12731 0
13695 2
5504 0
11841 2
11913 1
5513 2
10822 1
13710 2
13711 2
5526 0
7549 2
5528 0
13723 2
13724 3
3653 2
5539 1
5541 2
13734 1
13742 2
13747 1
5556 1
13750 2
13751 1
5560 1
5561 2
13754 2
16552 2
5564 1
3658 2
5567 2
5568 3
5571 1
5574 2
3965 2
5576 1
13769 0
5579 2
5580 1
13773 0
5583 2
5587 1
13781 1
13782 2
5591 2
13784 1
5594 2
13788 3
13790 1
13791 2
5606 0
5608 1
13801 0
5610 2
5612 2
13806 1
5619 1
17001 0
13690 2
5630 2
13828 1
5637 1
3461 0
5641 0
13834 2
3671 2
10498 2
5646 2
5037 2
13841 0
5653 1
17550 2
5659 0
13852 2
13858 0
5669 1
13864 2
13866 0
13867 2
13871 1
13872 1
5683 1
5686 2
13879 2
5690 1
13883 0
13884 2
13888 0
5698 2
11873 1
5047 0
16036 1
13902 0
6413 1
5712 0
17336 2
5714 0
5716 0
5720 2
7781 2
13920 2
13922 1
13927 1
5736 2
13930 1
6419 2
13943 2
5753 0
16405 2
5761 1
7557 2
5770 0
5772 0
13965 0
5780 1
13975 1
13978 2
5787 0
18714 1
1011 3
10523 2
13990 0
5800 1
13993 2
5803 1
5804 1
13997 0
5806 0
18717 2
5808 2
13256 1
5810 0
5814 2
14007 1
14011 3
5820 1
5823 2
5824 2
5067 2
14029 2
5838 2
5841 1
14036 1
2340 3
5850 2
5851 3
14045 0
5858 2
5860 2
5861 1
5862 2
5865 1
14059 1
14066 3
5879 2
5886 2
14083 3
14084 1
5893 1
5894 0
5895 2
5898 0
17367 1
5903 2
6238 0
14100 0
5909 3
3470 1
14103 1
5912 2
5921 1
5922 0
5925 2
5929 1
5930 2
14130 1
14131 1
5943 0
14136 2
14137 2
14138 1
14142 3
5951 0
14147 2
14151 2
2212 1
14156 1
14157 2
13283 2
18748 2
14168 1
10019 3
14171 0
2362 2
5982 2
5983 0
5984 1
14177 2
14180 1
5989 2
10556 0
14188 2
14191 2
14192 2
14194 2
6004 0
14199 1
5550 2
6011 2
6013 2
14209 0
6018 1
14211 0
14212 2
14214 2
6465 0
14216 2
6025 2
14218 0
14220 1
14221 0
6030 3
14224 1
3747 1
6039 2
5103 1
6045 1
14239 0
14240 1
14243 1
6053 1
6055 1
14249 0
14251 0
14253 2
14254 2
6067 2
1601 1
6071 2
5108 1
14268 2
14274 2
14275 1
14277 2
14279 2
14280 0
13569 2
6094 2
14287 1
6099 1
14292 0
18766 2
18044 0
6104 2
14297 2
2383 1
14302 2
14305 0
14307 2
6116 0
14309 0
6120 2
6121 3
14314 2
14317 0
6128 2
14321 2
14322 2
14323 2
6132 2
1022 2
6135 2
17935 1
6137 1
6140 2
1841 2
14335 2
14337 1
6146 3
6150 0
6151 2
14345 3
6154 2
14347 2
14349 1
6158 2
6159 2
14353 0
14355 2
6164 2
14357 2
10585 0
14360 1
17412 3
14362 1
16047 3
6172 0
6173 0
6176 1
6177 1
6179 0
3253 1
6182 0
14376 2
6185 2
5116 3
8935 2
14384 0
10299 2
14386 2
6196 2
14391 0
14392 2
6201 2
14394 2
6203 2
6205 2
6206 2
6207 2
2116 2
14401 0
14403 0
6213 2
14408 2
10516 3
14413 2
6222 0
6227 2
14420 2
6231 2
14425 2
6235 2
14429 1
14430 3
14433 2
14437 2
14439 2
6251 2
6253 2
16061 1
14449 2
6259 0
14393 2
6266 2
6267 2
18794 0
14464 3
6274 3
18795 0
7873 1
6282 2
14121 3
6286 3
16067 2
1383 2
9241 2
14488 3
14491 1
14498 2
6307 1
14501 0
14502 1
14503 2
14504 2
14505 2
6315 0
6316 2
6317 2
14510 2
14511 0
6330 2
6332 2
6335 0
6338 1
14531 0
14533 2
14538 2
2388 2
6348 3
6349 2
424 0
14546 0
6355 3
6356 1
14549 2
9252 2
6367 2
14560 1
6369 1
6370 2
6373 1
6374 1
6378 1
6380 0
6383 1
14576 0
6385 2
6387 2
6389 1
13353 0
6393 2
1079 2
6400 2
14595 1
17064 3
6409 1
6411 1
14604 2
18217 0
17453 1
6416 3
6418 0
14611 1
6422 1
7897 2
6424 0
14617 2
6426 1
6428 1
16090 1
14624 1
14627 2
14631 2
10580 0
18218 2
6445 1
6446 2
6451 2
6452 1
14647 2
14648 0
14650 1
14651 2
14657 0
6466 2
6467 2
14661 2
14664 1
6473 2
14666 2
6475 0
14668 0
16098 0
14671 0
6480 2
1080 1
6488 2
14681 2
14682 2
6493 2
5399 3
6497 0
6498 2
6504 2
17468 1
6506 2
6507 2
7912 0
6515 2
12492 2
8946 0
6522 2
6523 2
9219 1
8936 1
14731 2
14732 2
4855 2
18840 2
14742 2
14750 2
13381 0
14754 1
14758 1
14761 1
5191 2
6575 2
14768 0
6577 1
14772 1
14773 0
14775 1
6585 1
14779 2
6589 1
16117 2
6592 3
5195 2
13313 2
6597 1
14791 2
6600 0
8991 2
14800 2
5063 2
14804 2
14001 2
6616 1
18852 0
6619 2
6620 2
6621 2
15769 2
14820 2
14821 2
6631 2
14825 2
14828 0
14829 2
16125 2
14832 0
14834 1
14837 0
14838 1
14841 2
14844 2
14845 0
14849 2
14851 2
6662 2
14864 2
14867 0
14868 2
14869 1
6679 2
14873 2
14874 2
6683 2
14876 2
14877 2
14878 2
2132 0
6576 2
1115 1
6692 2
17500 2
6699 1
10301 2
6702 1
6703 1
6704 1
14899 1
6708 1
6709 0
6710 1
14904 2
10676 0
6715 2
14908 1
2133 1
17504 2
14914 2
7947 2
14916 0
6725 0
14918 3
14921 1
14924 1
17506 2
4043 2
14931 1
6740 1
14935 2
6744 1
1124 2
14941 1
6750 2
14945 1
6755 3
13414 2
14951 2
14952 1
6762 1
6770 2
14963 3
14966 0
14967 0
14972 2
14973 2
6782 1
17411 1
1027 0
6787 0
6788 1
14983 2
14984 0
6794 2
14987 3
6796 0
14989 0
6802 3
6803 1
14996 2
6806 0
6809 0
6810 1
13423 0
15004 2
6817 1
5233 2
6828 1
1138 2
12061 3
6834 0
6835 1
6839 3
15034 2
6845 0
15038 2
15039 2
15042 2
6851 1
15044 1
6853 0
6855 1
6856 1
6858 2
6859 1
15055 2
15057 0
6866 2
2510 0
6871 0
6873 0
6875 1
15068 2
15070 2
6880 1
6881 2
15078 2
6887 1
6892 2
15085 2
6895 0
6898 1
6901 0
15095 1
15096 3
6612 2
6907 2
6908 2
15102 1
15103 1
15105 1
15106 1
15107 1
15109 1
15110 1
15111 3
6429 1
6928 1
15122 2
13443 1
15124 3
6933 3
15127 1
7265 1
6939 2
15132 1
15134 1
6943 2
15137 3
6946 2
14811 2
15141 1
15143 2
15144 0
15145 0
6954 3
16178 1
15155 0
6965 2
15158 0
6967 2
15160 1
9354 1
15166 0
15167 2
6976 2
10720 1
15170 1
15172 2
15175 1
15176 1
15177 2
6989 1
6991 0
15184 0
6993 2
4520 0
15189 0
6998 2
17691 2
15193 1
15194 2
7994 0
7006 2
7008 2
7009 2
10599 0
13457 0
15208 2
7018 1
14823 3
7020 2
15214 1
7023 1
7024 2
15217 2
15220 2
15221 0
15225 1
15228 0
1173 2
7040 0
209 2
7042 0
15235 1
7044 3
15238 0
15241 2
7052 1
15246 0
7055 1
13464 3
15250 3
7063 0
5418 1
7069 0
15264 2
7073 2
7074 2
7076 1
15270 0
15273 0
15277 1
7087 1
15284 1
7093 0
7094 2
16201 1
1600 2
7097 2
15290 2
7102 2
7103 2
15296 2
7105 1
15301 2
16058 0
16204 1
7114 2
7116 1
15310 1
7120 2
7122 2
15315 2
15316 1
15317 1
15318 2
2553 1
7129 2
15329 2
7139 0
7142 1
9383 0
7151 0
7155 2
7158 2
8020 2
7164 2
13482 3
7166 3
16213 0
15362 2
15364 2
15365 1
15366 1
7180 2
15373 3
15374 0
15375 1
15376 3
2563 2
15381 2
7194 2
7202 0
7203 2
7205 1
15398 0
5297 0
7208 2
7209 2
15405 2
7214 2
15409 2
15413 2
7227 2
2150 2
17589 0
15425 0
7235 2
15429 2
7238 2
15432 1
7241 1
15440 1
7256 2
7260 2
16063 1
13608 2
7264 2
15457 2
15067 2
15461 0
6595 0
15471 1
15473 0
15479 0
15480 1
15482 1
15486 2
7296 0
13504 2
15491 1
7300 2
10774 1
15496 0
7306 2
15499 2
7308 0
9410 2
15503 2
15504 0
15505 0
7315 0
8046 0
15510 2
7322 0
15517 1
7327 0
15522 1
10779 3
7332 2
5318 0
15534 0
15539 0
15541 2
15544 1
10783 3
9418 1
15552 1
7362 1
7365 0
15558 1
7367 2
15562 0
7372 2
15565 1
7374 3
17613 0
6617 2
6691 1
15572 1
15574 0
13612 2
15577 3
15579 2
7388 2
15581 1
7391 1
16251 2
15589 2
15592 0
4338 1
15594 3
7403 1
15596 3
7405 2
7407 2
15602 2
1235 2
7413 1
6697 2
17620 0
15610 0
7419 0
15612 1
15616 0
2975 1
7440 2
15633 0
15634 0
16693 1
15638 2
15639 1
7449 2
7450 2
15644 1
15645 3
16261 1
7457 0
15653 0
15654 2
15655 2
15657 2
15661 1
14979 3
15669 1
15673 3
7482 0
7483 0
15676 0
7485 0
15679 0
7488 2
7489 2
7491 2
15684 0
14902 2
7495 0
7497 2
7499 3
15696 0
7505 2
7506 2
9443 2
15701 0
6713 0
15704 0
15705 1
15707 1
15710 3
15713 2
7522 2
15716 0
15721 2
15722 2
17639 1
7532 2
7535 0
15729 1
7538 3
17641 1
15736 1
15737 0
15741 1
3989 2
15744 2
15746 0
6753 0
7556 0
15749 1
14913 2
7560 3
7561 2
15754 0
15755 0
7564 2
15757 2
15758 2
7567 2
15761 2
7570 2
15763 1
15765 2
7576 2
6724 2
7578 1
15773 2
15775 0
15776 2
15777 2
15778 0
16283 0
15780 0
15781 1
15782 1
17649 1
15788 1
17650 1
3051 0
7599 2
10346 3
15798 1
2633 2
7611 1
7612 1
7613 0
7615 2
12193 0
15816 2
7626 2
15820 1
7631 0
15824 2
15825 0
16291 2
1273 2
18690 1
7645 0
15840 1
15841 2
15842 0
9467 2
16294 3
7658 0
15852 2
7661 0
7662 0
13565 2
7665 0
7667 1
7670 3
15863 2
7672 3
7675 0
15871 1
7681 0
12203 2
1281 0
15880 1
7689 2
7691 1
7695 2
7696 0
7699 2
7701 0
15895 0
13572 2
15898 2
7709 3
15902 1
5381 2
7349 2
15906 2
15907 1
15908 1
7718 2
15911 3
15913 2
7723 2
7726 0
2653 3
15921 2
16307 0
7732 1
5713 2
1290 1
4021 1
7747 2
7751 2
17359 0
7759 1
15954 1
7766 1
15959 1
10852 2
15962 0
15963 2
14949 0
7778 0
15971 2
15973 2
2714 0
7783 0
15977 0
7789 2
15983 2
15984 0
16364 0
7795 0
15988 1
15990 2
15992 0
1300 3
7802 0
7805 2
7806 1
15999 1
16000 2
16003 2
16005 1
16006 1
16008 0
16009 0
7819 3
16014 2
16015 1
16018 1
7832 3
16025 1
16026 2
16027 1
16032 1
7841 3
16035 3
7844 0
16037 1
16038 2
16040 2
13596 2
16043 2
16045 3
16046 0
7855 3
16049 1
16050 3
16056 1
7865 2
7866 2
9503 2
16060 2
7869 2
16062 2
7871 0
16064 2
16065 0
16066 1
7875 1
16068 2
16069 2
8140 1
16075 1
7884 2
16078 1
16081 2
7890 2
8142 3
16088 1
1316 3
7898 0
263 2
7906 2
16279 0
16337 2
16104 0
16106 2
5415 0
16108 2
7917 2
16110 2
16113 2
16115 2
14974 1
16121 1
16123 1
7932 2
7933 2
7934 2
7943 2
7945 2
16139 2
7955 2
7959 2
13904 0
16157 2
16159 0
16160 0
16164 1
7974 0
7976 0
16176 0
7986 2
7988 2
16186 2
7998 3
16191 1
8001 1
16196 1
5430 0
8009 2
16203 0
8012 0
16212 2
17725 0
16214 2
16217 2
4636 0
8028 3
16221 0
16224 2
8033 3
16234 2
16235 1
8044 1
16238 3
13629 1
16240 1
16243 1
16245 1
8054 2
8059 3
16252 1
16254 2
16260 1
8069 2
16264 3
16265 1
16266 2
8075 2
8076 2
17727 1
8082 0
8083 0
16277 2
16278 2
8087 0
5444 2
8090 2
8091 3
16285 0
8096 2
8098 1
10907 1
16292 0
8102 1
8103 2
16297 0
16301 1
16304 2
8999 0
8115 2
8116 2
1634 2
8119 0
16316 1
16321 0
15009 2
4087 0
16332 2
16334 1
16376 2
16339 0
8149 2
16342 2
16344 2
8156 1
16349 1
16350 2
8159 3
8160 0
16361 2
8170 2
8172 1
16368 1
8178 0
9555 1
16372 1
545 2
8184 2
16379 2
16380 0
16381 1
16382 1
9557 1
