8192 2
8193 0
16386 2
16389 0
16391 1
6828 1
8202 0
16396 1
16397 1
8210 0
16404 3
16406 0
8218 3
8219 2
16412 0
9562 2
16414 2
16415 2
8224 1
8227 2
8228 2
37 0
16423 0
16424 1
41 0
10367 1
16429 2
16431 2
48 1
16433 2
8247 1
8250 1
16443 2
16445 2
7367 2
8258 0
10095 2
16452 1
69 1
16454 3
16455 2
16456 2
73 2
8266 2
16460 2
8270 0
79 3
16464 1
81 0
82 3
16469 1
8278 2
87 3
88 2
90 1
16476 2
93 3
8289 2
16484 1
16485 0
8295 2
104 0
8297 2
8299 1
16495 1
113 2
114 0
8309 2
13673 2
120 3
8313 2
122 3
8317 1
126 2
16511 0
8320 0
8322 2
8323 1
9057 1
16518 2
16520 2
8329 0
16522 1
16523 2
8333 2
8335 0
16528 1
15043 2
16534 0
151 1
8345 3
8347 3
16540 2
157 0
16543 2
8353 1
16546 0
16411 1
16548 0
16550 1
171 2
16557 2
175 3
177 1
178 0
8371 2
8372 3
183 2
16569 0
186 2
16572 3
190 3
16577 0
6859 1
199 1
200 0
201 1
202 2
8396 0
8397 2
8398 1
207 2
208 2
209 2
16594 2
16595 3
212 0
8406 1
8407 2
219 0
220 2
13690 2
223 2
16612 1
16613 2
16614 0
16616 1
8426 2
237 2
8430 2
16623 3
240 1
16626 2
8435 3
8438 2
250 1
5503 1
16636 2
8445 3
254 0
8447 0
16640 1
17792 0
16644 2
261 2
16646 1
8455 0
16648 0
266 2
8459 2
271 2
1100 0
16658 0
5507 0
8468 0
16663 2
280 3
8473 2
285 1
286 1
287 2
8480 1
8481 0
8485 2
8486 2
16679 1
8488 2
297 2
16683 2
16684 2
16104 0
17468 1
8496 2
305 2
16691 2
8502 1
8506 1
15071 0
8510 2
319 2
8512 0
16705 1
324 1
8517 1
16711 0
16713 0
16714 0
16439 1
332 2
8525 2
16718 1
16719 2
8531 1
340 1
16725 1
8539 1
16732 1
16733 2
8543 3
8544 3
353 2
354 2
16741 2
16742 1
16743 2
360 2
8553 2
8554 3
363 2
8741 0
366 2
10105 0
368 0
8563 2
8564 2
16757 0
376 2
16762 0
16763 3
381 0
384 1
16774 1
16775 1
66 1
398 0
8592 2
16785 3
16786 1
8596 0
405 0
16792 0
410 2
8604 2
16800 3
8609 2
8610 1
16803 1
420 1
70 0
16807 1
424 0
8617 0
427 2
8621 0
16814 2
16815 2
8625 2
16818 0
435 1
16821 1
5131 2
8633 0
8634 2
444 2
74 0
446 2
8639 0
8640 0
1440 2
8642 0
451 1
454 2
16839 0
16841 2
458 3
8651 0
461 2
4173 2
464 2
8658 0
16851 2
16852 1
16853 0
16854 2
16856 2
8665 2
476 2
477 2
16862 1
8671 3
16865 0
8675 2
9638 3
16870 2
8679 2
16872 1
16873 1
16874 0
16876 3
8274 0
16878 0
8687 2
496 2
498 0
15102 1
16886 2
504 3
16891 3
508 0
509 3
512 1
515 0
16384 0
8711 0
16904 3
8714 1
8716 1
525 0
526 0
658 0
528 2
8721 2
15107 1
533 0
536 3
8729 1
538 0
16923 2
8732 1
16926 2
6917 2
16928 2
16929 2
8739 3
4736 2
549 2
550 1
16935 2
16937 2
16938 0
16939 1
8748 3
558 1
8751 2
9660 2
562 3
564 1
8758 2
8764 1
8767 0
8769 1
581 1
16966 2
583 1
8777 0
586 3
587 1
8780 1
3659 0
16975 1
8784 1
17848 1
8786 1
16980 2
1465 2
18662 2
16986 0
6927 2
8796 0
8797 3
16990 2
16991 3
8800 1
16993 2
8802 1
611 1
8804 1
8805 2
8807 2
617 0
8811 1
8812 2
17005 1
8814 2
16488 2
17012 3
17013 2
17014 1
632 0
13759 0
17020 3
17022 0
8832 2
17025 0
642 1
643 2
17030 1
17031 2
8841 2
651 0
17036 2
654 0
17040 1
657 3
17042 2
17043 0
661 1
662 0
663 2
17049 1
8858 2
8303 2
17054 1
17055 2
673 2
674 0
17059 0
17061 2
17062 0
17063 1
680 0
8873 2
17066 2
17067 1
17068 3
17069 3
17070 3
8881 2
8883 0
8884 2
12571 1
6943 2
705 0
17090 3
17091 0
708 2
17094 1
712 2
17097 2
17099 2
717 0
17102 0
17105 0
8914 2
6947 3
9678 3
726 2
16505 0
17118 2
17119 0
737 2
8930 2
8932 0
17126 2
743 0
744 2
745 1
8938 2
17131 1
749 0
750 2
16509 1
17137 2
17138 1
9683 0
17140 0
8952 2
8953 1
8955 1
17149 3
17151 2
8960 0
17154 0
17156 2
774 1
17159 3
17163 0
780 2
17167 2
784 0
786 0
787 2
16393 2
790 2
791 1
8985 0
17178 2
2863 0
17181 2
8990 2
8991 2
8992 3
801 2
9691 3
8996 2
8997 0
17190 1
17191 0
9000 1
17193 2
17194 2
17195 0
814 2
820 2
17206 1
137 1
825 2
9019 1
8330 2
17214 0
15157 2
9024 2
17218 1
8331 2
17220 1
837 0
5601 1
17225 0
1119 2
844 2
17229 3
846 0
17231 0
17232 1
9044 0
9045 2
17238 1
17239 1
16527 2
860 3
17245 1
144 2
17252 2
870 2
9063 1
9065 2
876 3
17262 0
879 2
17265 2
882 0
884 1
17271 2
888 2
889 0
9082 2
17276 0
894 2
17280 1
9089 2
17282 3
9707 1
9092 0
9093 1
9095 2
2643 1
907 1
9100 2
9101 0
910 1
17296 3
916 0
918 0
9111 2
6850 1
9113 0
17307 2
9116 1
17310 1
17311 2
17315 1
932 3
1122 1
9127 2
9129 2
938 1
9134 0
6984 1
952 1
3305 1
9149 0
9152 2
961 1
17346 0
9155 2
17349 0
17350 0
17352 0
9164 0
6989 1
9169 0
17365 0
17368 1
8356 3
988 0
17376 0
17379 2
17381 2
1002 0
1004 0
15186 1
17391 0
15582 0
1009 1
1010 1
17395 2
17399 2
9209 1
1018 1
17403 1
17404 1
9213 3
1022 2
1023 2
9216 0
9217 2
17411 1
17412 3
1030 2
1034 2
1035 2
173 2
17425 0
1045 1
17430 2
1048 3
17192 0
17444 3
9734 0
17450 1
1067 2
9262 2
1071 1
9265 1
17460 1
9270 2
1079 2
180 3
1082 2
1084 0
17469 0
17470 0
1089 3
17474 2
17767 1
17476 0
17477 1
1094 3
9287 0
17480 2
1098 2
17484 0
9297 0
17491 2
9300 1
17493 0
17495 1
9304 2
1113 2
1114 1
9307 2
9308 1
9310 0
1401 2
17505 0
17506 2
17509 2
1674 2
17937 2
9320 2
9321 0
11111 3
17516 2
1133 2
9326 0
1135 2
1137 0
17522 0
17523 2
9332 2
17527 0
1144 2
17530 1
2500 2
17533 3
1150 2
13845 1
17539 3
17541 1
9352 1
7020 2
1162 3
17548 1
17549 1
17550 2
7021 3
17552 1
17553 2
17554 2
17556 2
1174 2
1175 2
1177 2
17563 2
9372 1
17565 0
17568 0
1186 0
1187 2
17573 1
17574 1
17575 1
1192 2
17577 1
9386 2
1195 0
9388 2
17583 3
9392 0
9398 1
8393 2
9402 2
1211 3
1213 1
608 0
9407 0
17602 0
17605 1
3314 3
9418 1
17612 2
9425 1
8594 1
9427 2
9428 2
206 3
1239 0
9432 2
17956 2
1242 3
16591 2
17957 0
17632 1
8400 0
1250 0
1251 1
17637 0
9446 1
17639 1
17640 1
17641 1
17642 1
9451 0
17645 0
1262 2
1264 3
17649 1
17650 1
9459 2
1268 0
9461 2
9462 2
9465 1
9466 0
17660 2
9770 1
17662 2
17663 1
17664 0
1281 0
17666 2
9771 1
9476 2
9477 2
9478 2
9479 2
17228 0
1290 1
1291 0
15430 1
1297 0
1298 2
1299 1
1300 3
1301 2
9494 1
17689 2
1307 0
17692 3
9501 0
6863 0
1313 3
9507 0
1322 2
1324 2
9517 3
9518 2
1329 3
1408 0
1331 1
17718 1
9527 1
1338 1
17723 1
17724 0
1341 2
9534 0
17727 1
9536 0
17736 0
1353 0
1354 1
1355 1
9548 0
17741 2
2957 0
9554 2
9555 1
12866 2
7054 1
1366 0
9560 3
17753 0
17754 2
4410 0
17756 0
9566 0
1375 2
17760 2
17762 2
17979 2
1381 2
1383 2
9788 0
9578 1
9580 1
17774 1
1597 1
17777 0
329 1
9592 1
9593 2
9594 2
1405 2
9599 0
9600 1
1410 2
9604 2
9606 1
1415 2
17800 2
17802 1
9611 2
1420 0
11504 3
1423 2
9618 0
17813 1
1430 0
9623 2
9624 1
9625 0
17820 0
17822 3
1605 0
9632 1
8432 1
17827 1
9636 2
9637 1
1446 2
9639 2
9640 2
9642 0
17835 2
9645 2
17839 0
9648 2
9650 2
17843 2
4413 3
1462 1
9656 1
9657 0
1466 2
9659 1
1468 2
1470 2
10422 2
1473 1
17858 0
9669 2
9671 1
9673 1
1482 1
9676 2
1486 0
9679 1
17872 0
4344 3
17875 0
13376 3
9597 2
9688 3
15268 0
9690 2
1499 3
9694 0
17887 2
4347 3
1414 2
17895 0
17896 1
17899 0
17900 2
9709 2
16637 3
11176 1
9718 3
9720 1
17917 1
9727 0
1538 2
17924 0
17925 0
1542 2
9735 0
1546 0
13911 2
1548 2
4354 2
17935 1
17936 0
1553 1
17944 1
17945 2
1562 0
7087 1
17948 2
16645 1
1568 3
16419 1
9764 0
9765 0
17959 2
9768 2
1577 3
17962 1
1579 2
17964 0
9773 2
1583 2
17968 0
17969 0
2995 2
9781 1
17974 1
1591 1
17977 2
9786 0
13919 3
1596 2
16650 0
9791 2
9792 2
1601 1
1602 3
17987 0
6600 0
17989 1
1608 1
9801 2
1610 1
17996 1
9805 0
1614 1
17999 0
1616 0
9811 0
9812 0
9816 2
9817 2
1627 0
1630 1
1637 3
1632 1
1634 2
9829 2
9830 2
18023 3
9832 0
18027 2
274 2
9839 0
18032 0
18033 0
16659 0
1652 2
9845 1
18038 2
1655 2
276 3
1658 3
1660 1
1661 1
9854 1
1663 2
9857 0
1666 2
15614 0
1670 0
1671 1
18056 0
18057 2
9866 0
9867 0
9868 1
18062 2
9873 2
9874 0
1687 2
18076 0
9885 1
18078 2
1695 2
18081 2
18082 0
1699 1
1701 2
1703 1
18088 2
18091 2
1709 0
8513 0
8477 0
1712 1
3016 1
1714 0
1717 2
1719 2
18104 0
1721 2
1722 0
18107 3
9916 1
18110 1
1653 2
16672 0
289 2
9928 1
18121 1
9930 3
5751 2
1740 0
1741 3
18133 2
9942 2
1751 2
1755 1
1757 1
18142 1
18143 1
1760 0
1763 0
1767 2
9960 0
1769 2
18155 1
1772 0
18157 2
4267 1
18159 2
1779 0
1782 1
18167 1
15316 1
1788 2
9981 2
9982 1
18175 1
16972 1
18178 1
18183 0
1800 0
9995 2
13879 2
9999 2
10000 0
10001 0
10002 3
10003 1
1812 3
18197 0
11225 0
1817 1
18203 2
1820 3
18207 2
18209 0
10018 0
1827 2
10020 3
18216 2
1833 0
10026 2
10027 2
18221 2
10032 1
18225 2
18227 2
10036 2
10038 2
18232 2
1849 0
10043 1
1852 1
6668 0
10047 1
6177 1
1857 2
1858 1
18243 0
1861 0
1862 3
18247 2
10978 0
10057 0
18250 2
9505 2
18252 1
18261 1
18264 1
7140 0
1882 0
18267 2
18268 1
18269 2
1887 2
10080 2
18273 2
18275 1
10084 1
18279 1
10088 1
1898 3
10092 1
1902 1
18287 1
1904 2
10098 1
10099 2
18293 0
1911 0
10104 1
1913 2
18298 2
1916 3
1918 2
1920 2
18305 0
18306 2
11243 2
18310 3
1927 3
18312 1
18314 2
18316 1
10125 1
1934 0
18319 0
18320 0
10129 2
18323 0
10132 1
1942 0
18331 1
1949 2
18334 1
10143 1
10146 2
10147 3
18340 2
10149 1
1959 2
18344 2
1961 2
10154 0
1964 2
1965 2
1969 0
1970 0
18355 3
18357 2
18358 3
1975 1
1976 1
1979 1
18364 1
18366 2
4427 1
18372 1
15350 0
1697 0
1992 2
1997 3
10190 0
4429 3
18384 2
2001 0
18386 1
18387 2
10196 1
18390 0
2008 2
18393 2
2010 1
18397 1
18085 1
18401 1
18402 0
10212 0
10213 2
7164 2
10218 2
10220 0
18419 1
18420 2
18421 3
18424 1
12628 1
18426 1
10236 1
2047 2
18434 3
1421 0
2052 2
5804 1
18442 1
18443 2
2061 3
10254 2
2065 0
18452 2
10261 2
2251 2
2072 2
2073 2
10267 0
10269 0
2083 2
2086 0
18472 0
2089 1
18475 0
5798 2
18481 0
2098 2
18483 2
10292 3
18486 3
10295 0
2104 3
5812 0
18491 0
10300 2
10301 2
2112 2
10305 2
10306 1
2116 2
18502 3
10311 2
2120 2
2121 0
10315 0
10316 2
10317 1
2126 0
10319 3
2128 1
1720 0
10323 3
2132 0
11278 1
18521 0
2138 2
10331 0
10332 1
8549 0
2145 2
17854 0
2150 2
2152 2
10345 2
2154 0
359 3
10349 1
10351 2
11471 2
10356 1
1726 2
10358 2
4457 2
10363 0
2800 2
6619 2
2175 1
2176 2
10372 1
18567 3
2184 3
18569 1
10379 2
2188 2
18575 3
10386 1
18579 2
2196 0
12654 0
10391 1
2200 1
2201 2
2205 1
2208 3
10401 2
18594 2
2211 0
2212 1
10406 0
18600 2
2218 1
18604 2
10413 0
10414 1
2224 3
2225 1
18612 1
10421 2
18614 2
18615 1
18617 1
10426 1
10427 1
2236 2
1711 2
10433 2
5803 1
10440 2
12663 2
18637 1
2254 2
18639 1
18640 1
18643 2
14030 2
18647 2
18649 0
18651 1
10460 1
10461 2
10463 2
10464 1
2273 1
18659 1
2278 2
18663 3
10475 1
2284 2
18669 1
16765 2
2288 2
18675 0
10484 2
18677 0
10486 2
18682 1
18683 1
2304 0
12079 3
10498 2
2307 2
8533 3
18696 3
10505 2
18698 0
18135 2
4482 1
10510 0
17255 0
10514 2
2323 0
10516 3
10517 1
18710 2
10519 0
4484 1
18714 1
10523 2
18718 1
10530 1
18724 0
2341 3
2343 1
18729 0
18733 2
2352 3
10545 1
18739 0
1758 3
10554 2
2365 3
10559 2
18753 0
2371 2
18757 0
9343 2
10567 1
18760 3
2377 0
10573 1
10574 2
2383 1
2385 2
2386 2
18771 2
2388 2
18773 3
2391 0
10585 0
18779 0
10589 2
2399 1
10592 2
18785 3
18790 0
18791 1
2410 2
1444 2
2412 0
18797 2
12901 2
10609 0
10611 0
2422 1
10616 1
18809 2
2426 1
18811 1
10621 2
18814 2
2431 0
10624 0
7446 2
1771 1
18824 3
18156 1
10634 1
2443 0
2444 1
11330 1
18830 0
10640 3
2452 2
5870 0
18839 2
10648 2
10650 2
2460 0
8602 1
4992 1
18853 2
2472 2
2475 1
5874 2
10670 1
2479 0
10672 2
10676 0
10678 2
2487 2
2491 0
18632 2
8608 1
10692 1
18166 0
16723 3
5539 1
2516 2
10709 2
1785 2
10713 2
10714 1
2524 1
2525 1
2528 0
2531 1
10724 0
4518 1
2534 1
2539 2
10733 0
4520 0
2546 2
903 0
2549 2
4521 1
10745 0
2555 1
10750 2
10755 0
10451 1
10767 0
10769 0
10771 1
10773 1
10777 1
10780 0
3162 1
10782 0
10783 3
2592 1
2595 2
14086 1
2599 2
10796 2
2606 3
10800 0
2609 0
10802 0
16819 2
2614 1
2615 2
2617 1
10811 2
10812 1
2622 1
10816 0
2626 0
2627 2
10820 3
438 0
10822 1
6907 2
10825 0
2634 2
12727 1
10830 1
2640 2
2642 0
10835 0
10837 2
16825 1
10841 3
10843 1
10849 0
10852 2
10853 2
18193 1
15910 1
10860 1
10861 2
10868 0
10873 0
8000 0
16832 0
10882 0
10884 0
10893 1
10894 3
1181 3
2705 0
10898 0
2707 0
10901 2
18201 1
10905 2
10906 2
2715 2
2716 1
10913 3
2722 1
10011 1
10919 0
455 1
7282 2
2738 3
2739 2
10933 0
2745 0
2748 3
10941 0
2750 1
2751 0
10945 2
2763 0
2764 3
1826 2
2769 0
2771 0
2772 2
2774 0
2778 2
2779 2
10972 0
10973 2
2783 3
2786 0
2788 0
2790 1
2791 2
2792 2
10985 0
2794 3
2797 3
10991 1
10992 2
2801 2
10994 1
2804 2
2807 3
931 3
11004 2
18218 2
2818 0
5931 2
11012 2
470 1
2822 0
11393 2
11016 0
2825 2
2826 2
2831 3
2835 2
16857 1
11040 3
11041 2
2851 1
2852 1
11045 2
2854 1
11051 3
11052 0
11053 2
11055 2
11057 2
11058 2
11059 0
11065 2
2874 0
2876 3
2878 3
2879 2
2880 2
2882 2
2883 0
2884 0
11078 2
2891 2
2893 0
483 2
2900 1
14137 2
2006 1
11097 1
11099 2
7189 2
2909 1
11103 0
11408 2
2917 0
2919 0
11112 1
2921 2
2922 1
2926 1
11119 1
2928 1
2929 0
11123 2
11124 2
2933 0
2936 0
2937 2
1855 2
11132 2
2942 2
2944 2
11138 2
2553 1
11142 1
11144 1
11146 3
2955 0
11149 0
2960 0
2962 0
11156 2
11158 2
11010 3
2903 2
2973 2
2975 1
18246 2
2982 3
2983 2
2984 2
11178 3
2988 0
10056 2
11187 0
3000 2
11194 2
1866 2
11198 3
16885 0
11200 1
17189 3
3012 2
11208 1
1737 1
3023 0
11220 1
3030 1
3033 0
11226 2
3035 3
11230 2
3039 1
14013 1
11236 1
11237 2
11239 2
3048 3
3049 2
7335 0
3052 1
11245 3
12797 1
3058 1
11255 0
11259 2
3070 2
16896 1
3074 1
3076 2
3079 2
11273 3
3082 2
14167 0
11276 1
3086 0
3087 2
3094 2
11289 0
3098 1
3102 2
11295 2
3104 0
14171 0
11833 1
3110 2
3114 3
11307 2
3116 0
11309 0
3118 0
3119 2
11327 2
11329 2
3138 1
3140 1
3141 2
11334 2
11335 2
11336 2
524 2
3149 3
4621 2
3152 3
3154 3
11348 1
11349 0
11353 1
11354 2
3165 1
8720 1
11367 0
11368 0
3177 3
11370 1
11371 2
3182 3
3183 2
3185 0
11379 3
6380 0
3191 2
3107 2
17019 1
11398 2
4713 0
18284 1
11402 0
11404 1
3266 0
3215 2
3216 2
11409 1
3222 1
11416 2
11417 2
3227 3
3230 1
11423 0
11425 2
11426 3
3236 0
11429 0
11430 0
11431 2
11432 0
11433 2
11435 2
3244 0
18290 0
11440 0
3250 2
542 2
3257 3
11450 2
11451 1
11454 0
3263 2
3264 0
11457 2
11458 2
11461 1
3270 1
11463 1
3295 0
3277 0
3278 3
3279 2
3280 2
547 1
11476 0
3287 2
11480 0
3291 2
11484 1
11487 0
3296 0
3298 1
11491 0
11497 0
551 1
3309 1
11502 2
3312 0
3313 2
11506 1
3316 0
3318 0
11511 1
3320 2
3323 2
554 2
11518 2
11519 0
3330 1
4651 0
3334 1
17971 2
11528 1
2566 3
11531 1
11540 2
18844 1
3351 3
3353 1
3354 2
3355 1
3358 0
3359 3
11553 2
11554 1
1926 3
11559 2
15580 2
3371 0
3373 3
3374 1
3375 2
3376 2
3377 2
3379 1
3380 1
3381 1
3382 0
3386 3
3387 1
3388 1
3389 2
11584 3
3393 1
3394 2
3395 1
11588 1
1932 0
3404 1
3409 0
3299 0
10126 3
3416 0
3417 3
14223 2
3420 2
3422 1
3425 2
8817 1
3427 2
11620 1
11621 0
3431 1
11626 0
11629 0
11631 2
3440 1
11634 2
11635 0
11636 1
11637 1
11639 1
11640 2
11641 2
3451 1
12390 2
3461 0
11654 0
577 1
11658 0
11661 2
11662 2
11663 0
13209 2
4480 1
11668 2
11669 3
11672 2
11674 0
3485 1
3487 0
3489 3
3491 2
11684 2
3494 2
3495 2
8775 0
3501 1
3503 2
3504 2
3506 0
8573 1
3516 3
3520 2
14029 2
4683 0
3529 0
11724 2
11733 3
11738 1
591 1
11742 0
11744 2
17849 2
11748 0
3557 2
11753 1
3564 3
3566 1
3567 2
3568 0
13485 2
3572 1
3573 0
12667 0
11773 2
17850 1
3584 1
3585 2
11779 0
3588 0
18348 1
11786 1
3595 0
3602 0
11795 3
11800 2
3611 3
11805 0
8862 2
11808 1
3619 2
3621 2
3622 2
11815 1
11817 0
11819 2
11820 3
3629 1
605 3
11826 2
606 0
3638 2
11831 1
6068 2
17852 2
11836 0
9123 2
11838 2
11840 0
11841 2
3650 2
3651 0
3652 0
3655 1
11849 0
11850 3
11851 1
3660 3
3664 2
11857 0
3666 0
11861 1
3670 0
3671 2
11579 2
3674 2
10294 1
3677 2
11871 2
11873 1
11874 1
3683 1
3685 2
11878 1
11880 1
11881 1
11882 3
11884 2
3694 1
11887 2
3696 0
11889 1
11891 3
17001 0
11897 0
16555 3
11900 2
3710 0
11903 3
3713 2
3715 1
3717 2
11913 1
7447 2
3727 2
3728 2
3730 2
3731 1
1488 1
3734 2
11932 0
11546 0
3747 1
11941 2
11943 0
11944 2
15128 0
18376 2
3763 2
3764 1
10827 0
3769 2
11963 2
3779 1
3780 1
3781 1
3784 2
3785 3
4727 1
8855 1
3790 2
3791 2
3792 0
8824 0
1998 3
7460 2
18383 2
11997 0
11999 2
3809 0
3810 2
3811 2
12006 0
10193 0
12013 2
3822 3
12018 0
638 0
3841 2
12037 2
12040 0
12041 1
8809 0
11565 1
8835 1
3862 2
12058 2
3869 0
12062 2
12065 0
12066 0
3876 2
12069 1
3879 2
3880 0
12073 1
12077 2
3887 2
15265 1
6110 0
3895 0
3901 0
12094 2
3903 2
14265 2
12100 2
12106 2
12108 2
12109 2
12110 2
12839 0
6115 3
3924 3
4936 0
18404 2
12122 3
10228 0
3934 0
12130 2
15675 2
12132 0
12134 2
17041 1
12138 1
3947 0
3949 0
12145 1
4755 1
12149 1
12153 1
12154 0
12157 3
17045 0
12160 0
3392 1
132 2
3973 1
3978 2
12171 2
11586 0
3984 1
3985 2
3988 0
12184 2
3679 2
3996 3
12189 0
12190 0
12191 0
4000 0
4001 1
12197 3
4006 2
4009 3
5589 3
4011 2
12206 1
4017 2
4019 1
4020 1
12958 0
12214 2
4025 2
4768 2
4034 2
12229 2
4038 0
4039 2
12232 2
12235 0
8866 0
5930 2
675 0
4053 1
12250 2
12253 0
12255 1
4066 1
12262 2
18428 2
12270 2
12272 2
12279 2
4088 0
6143 3
12284 0
12286 1
4103 2
12139 2
12300 2
8877 1
4113 1
4114 1
4115 0
4120 0
12313 2
4124 2
4126 0
12319 2
12324 2
12325 0
4138 3
4140 0
4142 0
14344 0
4148 1
4151 2
12344 2
4153 2
12351 2
4503 2
12141 1
4169 3
15714 1
4175 2
4176 3
4177 2
12371 2
139 3
4181 0
12375 1
4187 3
4192 2
699 3
16525 0
12391 1
12392 1
4201 2
4205 2
4206 3
12989 2
12402 1
12406 2
12408 0
4221 2
12414 2
4505 0
12417 2
4228 1
8898 1
12433 2
4245 2
4248 0
4249 1
4251 2
12448 1
2075 0
4262 2
15729 1
3688 1
12459 1
4270 0
2077 2
12464 0
12465 1
12478 0
12480 2
12486 2
12487 0
12488 0
4302 1
12496 1
4306 3
18467 0
12501 2
3449 2
4312 2
4318 2
4323 2
14374 0
4327 1
4328 3
12521 2
4331 1
4332 2
4333 2
4335 2
4336 0
12531 0
4342 2
12536 1
17057 0
12539 2
17409 1
12546 0
2091 2
4359 2
12554 3
2873 0
4366 3
12559 1
4370 1
4374 2
12567 1
4377 3
4378 0
4379 2
12573 0
4383 2
4385 1
4386 3
4827 1
4389 2
4391 2
12584 2
12587 3
4396 0
12592 2
4403 2
12602 0
12603 3
12605 2
6197 1
4418 0
12611 2
4421 0
12615 2
12616 0
12618 1
12619 1
12620 3
738 2
12622 1
6200 1
4434 1
4436 2
3470 1
4439 2
12632 1
4442 2
15759 3
13787 2
13029 3
12643 1
12645 0
17879 0
12649 1
12652 2
4462 2
4463 1
12657 2
4467 0
4471 1
4472 2
4475 0
4477 0
12672 3
12674 3
12676 3
4485 2
4487 2
10515 0
12681 0
4490 1
12686 2
4495 1
4497 0
4498 2
4501 0
12695 3
12697 0
12698 2
13039 0
4508 2
4509 1
4511 1
12705 2
12710 1
12711 2
12712 3
12713 2
12717 1
12718 1
4528 2
4529 2
12723 0
4532 1
4535 3
4536 0
4537 2
4538 2
4539 1
12732 1
12734 0
12738 0
12739 2
12740 0
5767 0
4557 1
14413 2
4561 3
12754 2
4566 2
12759 1
12760 0
3492 0
4570 1
4571 0
4572 0
12765 2
4574 3
12771 1
4582 2
12775 0
4584 0
12780 1
4590 0
4592 0
4593 2
4595 1
12788 2
4862 1
12790 0
7593 2
12792 1
10324 1
12794 3
4605 2
2210 2
1790 2
12802 1
3499 0
14611 1
12809 1
12811 2
12813 2
11693 0
4626 2
4627 3
5064 2
4629 0
4631 0
4632 2
4636 0
12830 3
12832 1
4643 1
12836 3
4645 0
4647 0
4650 2
12843 1
4652 3
4653 0
4654 1
12847 2
4657 1
4658 2
12852 2
12853 2
4662 0
4663 0
12856 2
4666 0
10335 2
4668 2
12861 2
4671 0
4672 2
12865 2
4674 1
8971 2
12869 2
12870 1
4679 0
12872 2
12875 0
4688 1
12883 1
4693 2
4696 1
12893 0
4705 1
4708 1
4709 1
12905 3
12906 2
12907 0
12908 0
12909 2
12911 1
12914 2
4723 0
5340 2
4726 1
12919 1
12920 1
4729 2
4732 0
4733 2
12928 1
12930 2
4741 1
12934 0
4744 1
4745 1
4748 1
12941 1
6253 2
4752 1
4753 2
12946 1
12947 1
4757 2
12950 0
6978 0
8986 2
4766 1
12960 2
12961 2
12963 1
4772 0
18708 2
4776 2
12971 1
12972 2
4785 0
4786 3
12984 2
12985 0
4795 3
4797 2
4798 0
4896 3
12994 1
18709 3
12998 1
12999 1
4808 1
13001 1
4813 1
4814 2
4817 2
13010 0
803 2
13012 1
4822 0
17188 2
13019 2
13023 2
11072 1
13027 0
4837 2
13030 2
4839 0
13032 1
13034 0
4843 2
4844 1
13038 1
6708 1
13041 2
4850 0
13043 2
4853 0
13051 2
13054 1
4863 1
4865 1
4866 0
13060 0
4872 2
4873 3
4875 0
4877 2
4878 0
13077 2
8434 0
4887 1
2180 2
13088 1
4897 2
4900 0
13093 1
4902 0
4906 3
4909 0
4913 3
13107 0
4916 2
13110 1
4920 0
13108 0
13114 2
4928 0
4929 0
4931 2
9014 3
13128 1
14476 0
4256 2
13133 2
13136 2
13137 2
13138 0
4948 2
17209 1
13144 1
10383 0
13148 2
13150 3
15845 2
13153 2
17211 1
4965 0
13159 3
4981 2
4986 2
13184 1
7804 1
4995 1
4997 2
1888 2
13192 2
5001 2
2199 2
13196 0
18584 1
13204 2
13207 1
13208 2
9028 0
5021 2
9029 0
14491 1
5030 2
5031 3
13227 2
13229 2
18589 1
13233 1
5044 2
5046 2
13244 2
5053 0
5054 1
5057 3
5380 1
5063 2
13256 1
9036 3
13259 2
6306 1
5072 3
13265 2
13266 1
10403 0
7534 2
13271 1
13272 0
13273 1
13275 2
13276 2
13277 2
13282 2
13283 2
13285 2
5095 2
13288 2
15991 0
13292 0
4807 1
7677 3
13297 0
6035 0
13300 2
13301 2
5110 1
13303 2
13304 2
852 2
5115 1
13308 1
5123 2
10809 1
13320 2
10412 2
13323 2
5132 2
13329 2
5138 0
13331 2
13332 2
5141 0
13334 0
5143 1
2899 2
1889 2
13342 2
416 0
18608 0
5154 2
13348 1
13349 0
18609 0
13353 0
2222 2
13355 2
861 2
13360 2
5171 1
6608 2
5184 3
5186 0
13380 2
13381 0
5191 2
13384 2
5194 2
10423 0
5196 2
5197 3
5198 2
7693 2
13392 0
13395 2
5208 1
868 3
1810 3
5211 2
13405 2
5214 2
5216 0
5217 0
5218 0
13413 2
13414 2
13415 0
13418 1
13419 1
13421 0
13424 2
13427 2
17257 0
5241 2
5244 0
8358 0
5251 2
17260 2
17633 3
8904 1
5265 2
13458 0
13459 0
9070 2
13464 3
9450 3
17263 0
13471 1
13474 0
7707 2
13477 2
5290 3
4345 2
5293 2
5297 0
5299 0
5306 1
13500 0
8293 1
5315 0
5318 0
13513 0
5322 2
13519 2
450 1
5329 0
3145 3
1672 3
13525 2
5335 1
5336 1
5337 1
13532 0
890 1
5345 2
13541 2
10569 3
14545 3
13545 3
13547 2
13551 2
5362 2
15727 0
13557 0
5368 0
5372 2
5373 1
5374 1
14549 2
896 0
5378 2
13572 2
13573 2
13580 2
5389 2
13582 0
11821 1
11909 2
13586 0
13589 0
14553 1
13594 3
11823 1
5406 0
13599 0
13600 1
17638 0
13602 2
13603 0
5414 1
13607 2
13608 2
5418 1
5419 2
13612 2
3634 3
5422 2
13618 1
5433 0
13626 3
5436 3
13631 2
17985 2
6368 2
9099 0
5444 2
5445 0
13638 2
13642 1
13644 3
13646 1
17293 0
6201 2
10467 2
5460 2
13655 1
5464 2
12457 2
5476 0
5477 0
5478 0
5481 0
13674 0
10471 1
13676 0
5485 0
13679 2
13681 3
5490 1
5491 2
3646 0
5494 3
5496 2
13689 0
5498 2
5502 1
13695 2
13696 2
13697 2
2283 2
17302 2
5511 0
5513 2
13710 2
13711 2
13713 2
13714 1
11843 2
5526 0
921 2
13720 2
3310 2
2287 2
13726 2
13727 1
14576 0
5538 0
9115 1
13732 2
17308 2
5548 2
5549 3
5550 2
13744 1
13747 1
5556 1
13753 1
5562 1
5564 1
5567 2
13760 2
18095 0
5573 0
5576 1
5578 3
5579 2
5580 1
5581 2
5583 2
5587 1
5588 3
13781 1
13782 2
14585 0
9124 1
5594 2
15951 0
13788 3
13790 1
11856 3
2299 2
5606 0
3665 0
5608 1
5609 2
5610 2
5612 2
7762 1
5614 0
5619 1
5623 0
5626 3
5630 2
5035 2
13828 1
5637 1
13830 0
5639 2
5641 0
13834 2
13836 2
2306 1
5650 0
10499 3
13844 3
5653 1
13846 2
5656 0
5658 3
13852 2
8643 1
5666 0
3675 1
5669 1
5670 1
13864 2
13865 2
13867 2
13871 1
5680 1
5684 3
2313 1
5691 2
13884 2
14647 2
5698 2
5699 0
13892 3
13893 1
5702 0
13900 0
3682 2
2645 1
17336 2
13906 1
5719 1
5722 0
5724 0
13917 2
11877 2
13920 2
13921 1
13927 1
13928 1
18706 2
13934 3
13937 1
18707 1
13941 0
13943 2
2324 2
5754 2
13951 3
5761 1
13959 1
7557 2
5769 0
5771 1
6466 2
13965 0
13967 1
5777 2
8103 2
13974 1
2329 2
13976 3
13978 2
5787 0
13981 3
3466 2
9157 3
18715 3
5797 0
13990 0
5800 1
13993 2
13995 2
13996 1
13997 0
5806 0
13999 1
5809 2
5810 0
5811 2
14004 3
5814 2
14007 1
5821 2
5822 1
5823 2
5826 0
13723 2
17652 1
5831 0
3703 2
9196 0
5838 2
14036 1
14038 2
14042 2
14046 0
14050 1
5859 2
14053 2
14107 0
5865 1
6439 2
14062 3
14063 1
14064 0
14065 0
14066 3
14067 0
5879 2
14073 0
14074 3
7807 2
14077 3
14084 1
5894 0
11905 3
5079 3
742 0
14098 2
11907 2
5908 1
16018 1
9177 1
5913 1
18746 2
14111 3
5925 2
5926 0
14122 3
14123 1
5935 0
5937 0
14130 1
2355 2
14133 2
5943 0
5945 2
14138 1
14139 1
8927 3
9184 2
5957 1
14155 3
14157 2
14161 1
5972 3
5975 3
5978 0
11919 3
5980 3
2362 2
5982 2
5983 0
14177 2
14180 1
5989 2
14189 0
5998 3
14194 2
6003 1
6005 1
14198 3
6013 2
7838 2
6015 0
14208 0
6017 2
6018 1
14211 0
14212 2
6022 2
6024 2
6025 2
14219 0
6028 0
14221 0
14222 0
1019 0
14224 1
14226 2
10563 2
14234 0
16516 1
6044 3
6045 1
6047 2
14243 1
13295 1
3740 0
14251 0
6060 0
14254 2
14256 1
14664 1
6067 2
14260 3
14261 0
6070 2
6071 2
6073 2
6074 1
14267 1
14271 0
6080 1
13302 1
6086 3
6087 3
14287 1
6097 3
14294 0
7844 0
10575 1
14302 2
6112 0
14307 2
6116 0
6118 1
6120 2
6122 2
6123 2
14316 2
6205 2
14321 2
14322 2
14323 2
6132 2
6134 1
6135 2
6136 2
14330 0
6140 2
14333 3
14335 2
14337 1
6151 2
6152 3
14345 3
6154 2
14347 2
14348 2
6159 2
1027 0
6164 2
14357 2
2393 3
14360 1
1028 1
6171 1
14364 1
6173 0
6174 2
14367 1
14368 2
14369 2
6180 3
6182 0
14375 0
14378 0
6187 2
14380 0
14386 2
6196 2
14389 2
14390 0
14391 0
14392 2
14393 2
18210 0
14397 0
6206 2
7410 2
9754 2
14403 0
14408 2
8936 1
8458 1
14419 3
14420 2
6231 2
6235 2
7866 2
14430 3
14433 2
3771 0
5137 1
14442 1
6251 2
13330 0
16061 1
6259 0
14453 0
9483 3
6265 3
14458 2
6267 2
6270 2
14463 1
14467 1
14474 3
6283 1
6284 0
6286 3
9240 0
14484 3
10607 1
14497 0
14498 2
14501 0
14503 2
6315 0
14510 2
14513 2
6325 1
14519 0
6330 2
6332 2
6335 0
6336 2
14533 2
14538 2
6349 2
2424 3
14546 0
6356 1
6357 2
6359 2
6360 3
9252 2
6367 2
14560 1
15215 0
6373 1
14569 0
14572 0
6384 0
6386 1
6387 2
14580 3
14583 0
6393 2
14586 2
18815 2
6398 3
14592 2
588 1
14604 2
13307 1
14610 0
6419 2
6424 0
6427 2
6428 1
16090 1
14623 0
14624 1
6436 1
14631 2
6445 1
6446 2
4579 3
2440 2
14642 2
6451 2
14645 1
6455 1
9268 1
7580 2
14651 2
6462 0
6464 0
14658 1
488 2
12001 0
6472 0
14666 2
6475 0
14668 0
7906 2
10637 0
6481 2
6488 2
14681 2
9274 2
6494 0
6497 0
14690 2
3814 1
6505 0
11128 2
6514 1
14710 2
6522 2
6527 1
14721 0
14724 2
6533 0
6534 0
14728 3
16108 2
14731 2
9282 3
3821 2
14737 2
14738 3
17475 0
14742 2
14743 2
14749 2
3271 2
14761 1
16040 2
14767 1
14768 0
6578 2
6586 0
14779 2
14782 2
6591 2
13387 1
14789 2
14791 2
14792 2
14793 1
6603 1
14800 2
6609 0
14804 2
6616 1
14809 2
14811 2
6622 0
2469 0
15647 1
14822 0
14828 0
14829 2
14832 0
6646 1
6647 2
14841 2
16861 1
14845 0
14849 2
14852 1
6662 2
7937 0
14860 2
6676 0
2478 3
6679 2
14872 2
14873 2
14874 2
14876 2
768 0
14879 2
6689 2
6691 1
6692 2
14886 1
6695 3
12330 1
6697 2
14770 1
6702 1
6703 1
6707 1
14900 0
6709 0
6710 1
14904 2
6715 2
14911 0
14914 2
6723 1
14916 0
6725 0
14921 1
14924 1
13410 1
9226 3
6740 1
6747 2
14945 1
11136 2
14950 2
14951 2
14952 1
14954 2
6765 0
17512 1
6772 1
6773 1
14966 0
14968 2
6778 1
14972 2
14975 1
14978 3
6787 0
6788 1
14983 2
14984 0
14986 0
14987 3
14988 1
14989 0
6803 1
14996 2
6806 0
6807 2
15001 1
6810 1
15004 2
15008 2
15020 0
15021 2
6833 1
6834 0
6835 1
6839 3
15034 2
6843 2
6846 3
6849 0
15042 2
6851 1
15045 2
6857 1
15051 2
6860 1
6861 0
4901 0
15055 2
6867 1
15062 1
6871 0
8978 1
15067 2
15068 2
15069 2
4411 3
6879 2
15072 0
6881 2
6883 3
15078 2
6887 1
1853 1
15083 0
15093 3
6902 0
6905 1
8993 0
13439 1
6910 2
6912 2
15105 1
14142 3
15109 1
6922 1
15116 2
15117 2
15119 0
6930 1
15123 1
15124 3
6933 3
6936 1
6939 2
2522 3
15134 1
15135 2
15136 1
15137 3
6946 2
15139 2
15140 0
15144 0
5687 2
6957 1
6958 2
17544 2
6964 1
6965 2
15160 1
6969 0
15162 1
17546 2
15166 0
15170 1
6980 1
7990 3
15175 1
15176 1
9356 3
17145 1
15181 1
6994 1
6996 2
15189 0
6998 2
15193 1
15194 2
101 1
7008 2
15202 2
10599 0
7015 2
7018 1
15212 3
9362 0
7023 1
7024 2
15217 2
15219 0
15220 2
15225 1
15227 3
15228 0
15230 2
7039 1
15233 2
7042 0
7044 3
17147 0
6636 1
7050 1
7052 1
15245 2
15246 0
7056 2
228 2
15250 3
16195 2
7062 0
7064 2
15259 0
7069 0
15264 2
7073 2
15266 1
7076 1
7079 3
15272 0
15273 0
15276 2
15277 1
15278 3
15279 2
15280 1
15283 0
15284 1
16201 1
15289 3
7098 2
920 2
8010 1
7103 2
15296 2
15299 0
15303 2
7114 2
7115 0
15308 1
9378 2
15310 1
7120 2
7124 0
16206 0
15319 0
7129 2
7130 0
7131 0
7138 0
7139 0
15332 1
7143 0
6653 1
17576 1
7157 2
7158 2
15356 1
17578 2
7179 3
15374 0
15375 1
15376 3
7186 3
2563 2
7188 2
15381 2
15386 2
1199 0
7201 1
7205 1
7206 2
7209 2
7210 3
7214 2
7216 2
15409 2
7218 3
7219 3
15413 2
15414 3
7227 2
7229 0
15428 2
7238 2
7239 1
7240 3
7241 1
15434 2
7244 0
15440 1
15444 2
15461 0
7274 1
17973 2
17597 1
15473 0
14427 2
7283 0
788 2
8041 0
14868 2
15482 1
15488 3
15491 1
7300 2
15494 3
15496 0
7306 2
7307 0
15500 2
15503 2
15504 0
15506 1
13633 0
15509 1
15510 2
15511 0
15513 0
15514 0
13610 1
15517 1
15520 0
15521 2
15522 1
11428 3
7332 2
15525 2
15526 1
15527 1
7337 0
15534 0
4609 1
15544 1
1226 1
15551 3
15552 1
10784 0
7363 0
15557 1
15559 3
15561 1
15562 0
15565 1
7374 3
18678 0
7381 0
15577 3
15579 2
7388 2
7390 0
13520 2
7394 2
15589 2
15594 3
7403 1
15596 3
7405 2
7407 2
15600 2
15602 2
15603 1
17432 2
7415 2
15608 1
15610 0
7422 0
15616 0
15617 2
15619 0
15628 3
15633 0
15634 0
10798 0
15638 2
15639 1
7450 2
15644 1
15645 3
16261 1
7459 2
15652 1
15653 0
15654 2
15657 2
15661 1
15662 0
15665 1
7474 2
15667 2
15669 1
7481 1
7482 0
7483 0
15676 0
15677 1
1613 2
7487 1
7489 2
3979 1
15684 0
1249 0
795 2
13916 2
15691 0
7500 2
15693 0
15695 0
6712 2
15703 1
15704 0
7516 2
7519 3
7522 2
7525 3
15721 2
7532 2
15725 0
15726 1
7535 0
9448 0
15730 1
7540 0
10814 1
7544 2
7545 1
15738 2
15741 1
2624 2
7555 0
7556 0
15749 1
7558 0
7561 2
16279 0
15757 2
15758 2
7567 2
15765 2
7576 2
6724 2
15770 2
1843 0
14917 1
15776 2
15778 0
7587 0
15780 0
15781 1
15782 1
7591 3
12188 2
15788 1
10346 3
15798 1
7607 1
7608 0
9460 2
3999 0
7612 1
15807 2
7618 0
15811 2
15812 2
7624 3
7626 2
15820 1
15824 2
15825 0
15827 3
7637 2
15830 3
7641 0
15834 1
17345 0
8101 1
7649 2
15843 0
16294 3
7657 2
7658 0
7659 1
15853 1
15854 1
15859 1
9470 2
7670 3
12202 2
15871 1
15872 3
7682 2
15877 0
15878 2
7687 1
15880 1
15882 0
9474 1
15886 0
7695 2
7699 2
15894 1
15895 0
7705 0
15898 2
15899 1
15902 1
15908 1
15909 0
10077 1
15916 0
15921 2
7732 1
7733 3
7737 1
7738 2
15931 0
18534 2
7742 1
7744 3
7746 2
7747 2
15261 2
7753 3
16311 2
13581 0
15954 1
7766 1
15959 1
15962 0
15963 2
7773 0
7775 0
7778 0
15971 2
15972 0
7781 2
7784 0
7789 2
15984 0
15986 1
7796 3
8443 3
9492 2
15996 0
15999 1
16000 2
16003 2
7812 0
16005 1
16010 0
7820 2
7822 1
14957 1
7826 3
16021 0
7831 1
7832 3
16025 1
16026 2
16027 1
16030 2
16325 0
17719 1
16036 1
16039 2
7848 2
16045 3
17693 3
16050 3
7860 0
13628 1
16056 1
7865 2
16058 0
16059 0
16060 2
7869 2
14965 0
16064 2
7873 1
16066 1
7878 0
16071 0
16073 1
7882 1
16081 2
7890 2
16087 2
7897 2
7898 0
7901 0
16630 3
16098 0
7910 3
16583 2
7912 0
7916 2
4050 1
16110 2
16113 2
16114 2
16115 2
16116 1
16117 2
7927 1
16120 1
7929 3
7931 0
16125 2
7936 2
16129 1
16132 0
16133 1
7945 2
16138 2
7947 2
16143 2
16145 0
7954 0
14979 3
7960 0
16156 2
4058 2
7966 1
2993 1
7970 1
16163 3
7972 2
7974 0
7975 2
7976 0
8976 2
16176 0
6792 0
7986 2
9558 1
16182 1
16183 2
16186 2
7995 2
16188 3
7998 3
16192 0
8003 2
16196 1
16197 0
16198 0
16200 0
8009 2
16202 0
16203 0
12258 2
8014 2
16207 0
8017 3
8018 3
8022 0
13625 0
8024 0
8028 3
8029 3
16226 0
8035 3
8166 2
8038 1
1340 2
16235 1
8044 1
16238 3
8048 3
17726 2
8054 2
16093 2
8059 3
16252 1
8064 1
5440 0
8069 2
16263 2
16265 1
16266 2
8076 2
8082 0
16276 1
6809 0
8090 2
16367 2
15818 2
4080 3
16290 0
10907 1
16292 0
5446 1
8102 1
16295 1
6812 1
16301 1
8116 2
17737 2
543 2
8121 0
16318 0
8127 0
16321 0
8133 1
17740 3
16330 3
16331 1
16332 2
8144 1
8148 0
15775 0
16343 1
16344 2
16347 2
8156 1
17184 1
8162 0
16356 0
16358 2
16359 1
8170 2
8173 0
8189 2
5459 3
16372 1
16373 1
8182 2
17748 1
16379 2
9929 2
16381 1
8190 2
8191 0
