8192 2
16386 2
1366 0
8198 2
16391 1
16393 2
16394 1
16395 0
16396 1
16397 1
10925 1
8209 0
8210 0
16404 3
21 0
16406 0
16411 1
16412 0
16414 2
4101 3
8224 1
8226 2
16419 1
16420 2
16422 2
16423 0
16424 1
15277 1
12295 2
873 1
16429 2
48 1
8241 2
8242 1
8247 1
4639 2
8250 1
17759 1
16445 2
62 2
16447 2
66 1
16451 0
16452 1
69 1
2324 2
16455 2
16456 2
73 2
16458 2
16460 2
1378 3
8270 0
8276 1
16469 1
8278 2
88 2
89 1
9823 0
91 1
16482 0
6843 2
16484 1
8293 1
8296 2
105 0
11733 3
17767 1
8300 2
4114 1
8302 2
8303 2
8304 0
8309 2
16502 0
120 3
16505 0
122 3
16507 1
16509 1
126 2
16511 0
8320 0
8322 2
5483 1
132 2
133 2
16519 0
16522 1
139 3
18229 1
16527 2
144 2
8337 0
8338 2
147 0
148 1
151 1
8344 1
8345 3
2460 0
16540 2
8349 2
16543 2
13680 0
162 2
8219 2
8356 3
14190 2
8358 0
12316 2
8363 1
8364 2
173 2
8367 0
177 1
16562 2
8371 2
13257 2
183 2
744 2
9588 2
16415 2
16572 3
8381 1
11463 1
8383 2
8385 0
15051 2
16580 0
197 2
16583 2
8392 2
8393 2
202 2
204 1
206 3
8399 0
8400 0
8401 2
8402 2
8227 2
213 2
214 0
8407 2
8228 2
8412 1
5498 2
224 2
8418 2
16611 0
8420 2
16613 2
16614 0
8424 2
18284 1
16618 2
8427 2
4475 0
8430 2
240 1
16625 0
8434 0
4918 2
244 3
8437 3
8438 2
12188 2
8441 2
251 1
16636 2
16638 0
16640 1
8449 2
16643 2
260 2
261 2
16646 1
8455 0
16648 0
6712 2
8460 2
270 0
271 2
16657 1
8466 0
8468 0
8469 2
8470 1
16663 2
8473 2
16666 1
284 1
8477 0
287 2
8480 1
289 2
8483 0
293 0
8486 2
16433 2
8488 2
16681 1
16683 2
300 2
16434 2
16687 1
8496 2
305 2
16691 2
309 0
16694 1
175 3
16697 2
16650 0
8507 2
316 0
16701 2
8510 2
319 2
320 3
16705 1
16706 1
5515 1
324 1
326 1
16713 0
332 2
334 3
16719 2
16721 1
338 1
339 3
340 1
342 2
16727 1
5519 1
16732 1
16733 2
16734 1
8543 3
8545 0
8546 2
16443 2
8548 2
16741 2
16742 1
359 3
360 2
8553 2
15079 3
8558 2
16752 2
8562 1
16755 2
8564 2
16757 0
374 2
16759 1
8568 0
16761 1
8570 1
8571 0
380 1
16765 2
383 0
7105 1
387 0
16773 2
390 1
392 1
15084 3
394 2
4162 0
398 0
1377 2
16784 2
15289 3
8594 1
6830 2
7924 3
16790 1
4714 1
8601 2
410 2
411 2
412 0
8605 1
16799 1
8608 1
8610 1
8611 2
420 1
8613 2
16806 1
423 2
16808 1
17820 0
426 1
16811 2
8620 2
8621 0
16814 2
16818 0
1651 2
436 2
16821 1
8630 2
16823 0
440 1
16825 1
6318 0
74 0
446 2
448 3
449 1
450 1
9835 2
16836 1
16837 1
454 2
1441 1
456 1
16841 2
458 3
16843 3
461 2
8654 0
8655 2
464 2
16851 2
16852 1
469 1
16854 2
16856 2
8665 2
16860 0
477 2
16862 1
8671 3
481 1
482 1
4926 1
16868 2
1446 2
486 2
5295 1
488 2
13928 1
16874 0
8683 1
16876 3
16878 0
8687 2
16881 1
16884 1
6910 2
16886 2
503 3
504 3
84 3
506 1
16891 3
511 2
16896 1
16897 2
16898 2
515 0
517 0
16902 2
8711 0
8713 1
8714 1
523 0
524 2
6914 2
8718 2
16911 0
528 2
16913 3
15107 1
8724 1
8725 1
535 0
8728 2
537 3
538 0
16923 2
8732 1
16925 2
16926 2
6917 2
16928 2
16929 2
16930 2
8739 3
548 1
551 1
552 1
16937 2
8746 2
16939 1
13588 2
9650 2
558 1
559 0
16946 2
563 2
16948 0
8757 2
8758 2
8759 1
8761 1
8762 1
16955 0
16956 1
573 1
574 0
16959 2
577 1
16962 2
8771 3
8772 0
1462 1
16966 2
583 1
585 2
586 3
8780 1
8781 3
590 1
591 1
592 1
9567 3
8787 2
8788 2
599 0
601 1
8794 1
15119 0
8796 0
17850 1
16991 3
6928 1
8802 1
611 1
16997 2
8806 0
7931 0
17001 0
17002 1
8811 1
620 3
621 2
8814 2
14625 2
12392 1
12494 2
15123 1
17013 2
630 0
4201 2
632 0
633 2
13759 0
17020 3
17021 0
17022 0
8832 2
641 0
8835 1
17028 0
8837 0
8840 1
17033 2
8842 2
651 0
17036 2
8845 0
654 0
8847 3
8848 0
657 3
17042 2
660 2
16494 0
8855 1
17048 3
17049 1
8858 2
16495 1
17052 2
669 2
8862 2
2750 1
8864 2
7955 2
17059 0
17061 2
17062 0
8873 2
17066 2
17067 1
17068 3
8877 1
8880 0
12298 2
17076 1
15134 1
17078 2
8888 3
8889 2
8890 0
17084 1
17085 0
17086 3
17089 0
9675 1
708 2
17093 1
6957 1
17095 0
712 2
5580 1
8906 2
17099 2
15138 0
17102 0
8911 1
12408 0
8914 2
8916 2
17111 2
17112 0
8921 2
17115 2
17116 1
297 2
17119 0
8928 1
737 2
738 2
13371 3
8932 0
17126 2
8935 2
12389 2
714 1
746 2
17131 1
749 0
750 2
8943 1
752 3
17137 2
17138 1
18847 3
757 2
7663 2
8952 2
17145 1
8956 2
766 1
17151 2
17152 1
128 1
17154 0
8963 2
17156 2
773 2
774 1
17159 3
776 3
17161 2
8734 0
780 2
782 3
11053 2
17168 2
17880 0
8978 1
787 2
788 2
17173 1
790 2
8984 1
8324 0
8986 2
795 2
17180 2
17181 2
798 2
8991 2
17184 1
801 2
802 1
8995 2
17188 2
8997 0
17190 1
8999 0
808 2
17193 2
8327 3
17197 0
814 2
8756 2
10120 1
17203 2
1343 2
9014 3
10393 1
9018 2
9019 1
829 1
9022 3
6965 2
832 2
17219 1
17220 1
9033 1
17227 1
844 2
845 1
17568 0
17231 0
3491 2
17235 0
2756 2
9045 2
17238 1
856 0
17241 1
17243 1
860 3
861 2
862 0
16528 1
17251 1
8485 2
15445 2
17255 0
18037 1
13668 3
874 3
875 2
17260 2
9070 2
17263 0
17264 0
17265 2
882 0
6576 2
17268 1
17270 1
887 2
9080 0
12436 2
9082 2
17275 0
17276 0
894 2
895 1
17280 1
9089 2
11989 0
9707 1
9092 0
9093 1
17191 0
903 0
904 1
17289 1
9099 0
2882 2
910 1
911 2
912 3
303 2
914 1
916 0
917 1
9110 2
9111 2
9112 2
17305 2
923 1
17308 2
9578 1
17310 1
17311 2
17313 2
932 3
933 1
17318 2
17319 0
9129 2
17324 2
17325 1
157 0
944 0
9138 0
17331 1
9140 2
9141 1
9142 0
15177 2
952 1
9147 1
4669 2
961 1
17346 0
964 3
9157 3
9158 3
5915 3
10125 1
17353 1
13815 0
15308 1
16546 0
17359 0
9307 2
17364 2
17368 1
9177 1
9178 1
17376 0
9186 2
17379 2
17381 2
10126 3
11089 2
8299 1
17764 2
17388 2
17391 0
1010 1
17395 2
17396 2
10154 0
16553 1
7699 2
9209 1
9210 1
9212 1
17406 2
17407 2
9216 0
17409 1
9218 2
1027 0
17412 3
9221 1
17416 1
16739 1
1034 2
1035 2
9228 2
1037 3
17422 2
9231 2
9232 2
11096 2
17429 0
17430 2
11097 1
9241 2
17435 3
1052 0
15194 2
17438 2
17440 2
9252 2
17445 2
15311 2
9257 0
17450 1
1543 1
9310 0
17453 1
9262 2
1071 1
9264 1
9265 1
1075 0
9269 2
9270 2
17463 1
3582 2
9274 2
11103 0
17468 1
17469 0
9278 1
3855 0
1089 3
9282 3
9283 1
17476 0
17477 1
9286 0
9287 0
17480 2
17074 1
9300 1
6856 1
9296 3
9297 0
1106 0
17491 2
17492 1
17493 0
185 2
9304 2
17498 1
1115 1
9308 1
9309 1
17502 3
2917 0
9312 2
17505 0
17506 2
8379 1
17509 2
17510 2
9319 2
17512 1
1129 0
17514 2
9323 0
9325 0
9326 0
17520 1
1137 0
1138 2
5651 0
17524 2
1141 1
17529 1
9338 2
191 0
17532 2
1402 1
1150 2
9343 2
1152 0
1153 0
1154 2
9347 1
17542 1
17543 0
17544 2
9353 0
17546 2
9355 3
9356 3
17549 1
15213 0
17553 2
17554 2
9363 1
17556 2
1173 2
1174 2
17559 2
9368 2
6313 0
17562 1
17563 2
9372 1
1562 0
17567 3
9376 0
17569 2
17570 2
1187 2
17574 1
17575 1
1192 2
17577 1
17578 2
8391 2
1196 2
17581 1
9390 1
200 0
1202 1
17589 0
9398 1
201 1
17593 2
9402 2
1211 3
1212 3
9405 2
17598 2
1215 1
9409 1
1218 2
17604 0
17605 1
9415 1
9416 1
17609 1
9418 1
17612 2
9421 2
9424 1
11128 2
9427 2
9428 2
16590 3
9430 0
1240 0
9433 2
1242 3
7123 2
17628 2
17632 1
1250 0
1251 1
1252 1
17637 0
9446 1
17639 1
17640 1
17641 1
17642 1
1575 1
9453 3
1262 2
9455 1
1264 3
9457 2
17650 1
9459 2
9460 2
9461 2
9462 2
17655 3
17657 0
17659 2
17660 2
663 2
10351 2
17663 1
17664 0
1281 0
17666 2
1283 2
9476 2
9477 2
9478 2
9479 2
9481 2
1290 1
215 1
1292 2
11138 2
1581 1
1298 2
1299 1
9492 2
17685 2
9494 1
17687 1
9496 2
17689 2
9499 2
17692 3
9501 0
589 1
17695 2
5680 1
17699 2
17703 2
220 2
1322 2
11143 1
1324 2
12502 2
17710 2
8413 2
17713 0
1330 0
1331 1
17303 0
12865 2
2953 2
1336 2
17721 2
1338 1
17723 1
17724 0
9533 2
17726 2
17727 1
9536 0
1700 2
2227 2
9543 2
17736 0
1353 0
4955 0
1355 1
4748 1
9549 2
9551 1
17744 1
9554 2
9555 1
1364 3
9558 1
17751 2
16612 1
17755 0
17756 0
17757 1
1375 2
17760 2
9569 2
17762 2
17979 2
1380 0
1381 2
17766 0
1383 2
17980 0
1386 3
1387 1
1389 3
9582 2
9583 2
1393 2
12867 1
17779 2
1396 2
17536 2
9591 0
9592 1
9594 2
17787 3
9596 0
9597 2
9599 0
1408 0
9601 2
17795 1
9604 2
15254 3
9606 1
1601 1
1416 3
1418 0
9611 2
1420 0
1422 2
17807 1
17813 1
1430 0
9623 2
14505 2
8115 2
17819 2
1436 1
9629 1
17822 3
1605 0
1440 2
4483 0
17827 1
1444 2
9637 1
9638 3
9639 2
1449 2
9642 0
17835 2
9645 2
9646 1
1455 0
9648 2
1608 1
1458 2
8435 3
17846 0
9656 1
9657 0
9658 2
17851 1
17852 2
1469 2
9662 2
1471 1
9664 1
1473 1
17858 0
13485 2
1476 1
9669 2
9672 1
9673 1
1482 1
1483 2
9676 2
7074 2
9678 3
9679 1
17872 0
9682 1
9683 0
9684 1
1614 1
1494 3
12537 3
1496 1
15268 0
9690 2
9691 3
9694 0
17887 2
9696 1
9697 3
4347 3
17893 0
1414 2
17895 0
17896 1
17899 0
9712 2
16963 0
1523 0
9718 3
9719 1
9720 1
9722 2
17917 1
1534 0
1538 2
17924 0
1542 2
16641 0
1544 1
1545 2
1546 0
9815 2
11781 1
17934 2
1551 2
9816 2
4355 2
17941 1
17944 1
17945 2
9754 2
15279 2
17948 2
17949 2
17951 2
17952 2
9761 1
1627 0
17956 2
17958 2
17959 2
9768 2
9770 1
17964 0
9773 2
17967 1
17969 0
1586 2
17971 2
1588 0
9781 1
9784 2
17978 0
9787 3
1596 2
1597 1
17982 2
1599 0
9792 2
17985 2
1602 3
1603 2
12874 1
17989 1
17992 2
9801 2
1611 3
4418 0
1613 2
17998 2
17999 0
9808 2
9810 2
9811 0
18004 2
1621 0
11193 0
18008 1
9817 2
18011 2
1629 0
11522 2
1631 1
9826 2
9829 2
9830 2
9831 2
1640 2
8439 2
1639 2
18028 1
16658 0
9838 1
9839 0
1648 1
18033 0
12563 2
18036 2
1653 2
1655 2
1658 3
9852 0
1661 1
1662 2
18048 2
9857 0
1666 2
18027 2
1671 1
18056 0
1674 2
9867 0
9868 1
1677 0
18062 2
13933 0
9873 2
18066 1
13695 2
18069 0
9878 3
9882 1
5239 0
18076 0
9885 1
18078 2
9887 3
1696 2
1697 0
9891 3
18084 0
9893 3
1702 2
18088 2
9899 1
1709 0
1711 2
1712 1
18098 2
5747 0
18100 1
1717 2
9911 2
1652 2
14245 1
18108 0
1725 2
1726 2
1727 0
1729 1
9922 1
16970 2
9929 2
9930 3
13943 2
1740 0
18126 0
7117 2
1746 2
4387 3
1748 0
18133 2
1750 1
5753 0
9946 2
1755 1
18141 0
18142 1
18143 1
1761 0
9954 0
3797 2
1765 1
18150 2
1767 2
1768 1
1769 2
18154 1
1771 1
18156 1
1773 1
11579 2
18159 2
296 0
1779 0
9972 0
9854 1
18166 0
18167 1
15316 1
11588 1
1788 2
9981 2
1790 2
18175 1
9856 1
18178 1
18179 1
18183 0
16684 2
1151 1
1805 3
18190 1
18191 2
3032 2
18194 3
18196 1
18197 0
10426 1
18201 1
18202 1
18203 2
10012 1
3034 2
18207 2
18209 0
1827 2
10020 3
18214 2
10023 3
18216 2
1833 0
1834 0
9863 2
1836 1
18221 2
1838 2
10031 2
10032 1
18225 2
1842 1
12595 2
10036 2
10037 2
10038 2
10039 2
1848 3
10041 2
18234 2
10043 1
1852 1
18237 1
10047 1
1856 2
1858 1
10051 1
10053 1
10054 1
10055 2
10056 2
1865 0
18250 2
18252 1
10155 2
1872 0
10428 0
18261 1
313 1
18264 1
1881 0
1882 0
5791 1
1888 2
10081 3
10082 3
18275 1
1894 2
18279 1
10088 1
10089 2
18282 1
3047 0
1900 2
10095 2
1904 2
10099 2
16702 3
7145 2
10104 1
10105 0
18298 2
18301 2
1918 2
1920 2
1921 2
11243 2
1924 2
1686 2
18312 1
18316 1
1933 2
1934 0
16704 3
10129 2
8515 2
10132 1
18326 0
1944 0
10139 2
10142 2
10143 1
10146 2
10147 3
15068 2
10149 1
1958 0
18344 2
1961 2
1962 3
12615 2
1964 2
1965 2
1966 0
13981 3
1969 0
1970 0
1971 2
1972 0
1973 0
10166 2
1975 1
1976 1
1978 0
18363 1
18365 1
18366 2
7158 2
1991 2
1992 2
8524 2
10189 1
18382 1
18384 2
10196 1
18390 0
10201 1
2011 1
18397 1
10207 2
2016 0
18404 2
4433 1
2024 2
18412 0
4434 1
18414 3
2032 0
18419 1
18420 2
18421 3
10233 1
18426 1
2043 1
8426 2
8797 3
2047 2
68 2
18091 2
2052 2
16726 0
10247 1
18443 2
2061 3
18446 2
13997 0
18399 1
10261 2
18455 2
10264 0
2073 2
1160 0
9903 1
10269 0
10270 3
18463 0
18464 0
2083 2
10276 2
15366 1
10279 2
10281 2
10282 2
2091 2
2093 0
10286 1
10287 2
11907 2
888 2
18483 2
10292 3
12638 2
10294 1
18487 2
2105 0
10299 2
2109 0
10305 2
10652 1
10307 0
2116 2
2118 1
10311 2
18504 1
2121 0
14007 1
10316 2
354 2
2126 0
10319 3
2128 1
2129 1
18620 2
10324 1
2134 2
10328 2
16740 0
2138 2
11279 1
10332 1
1722 0
10335 2
10337 2
18530 0
10339 1
10340 3
18836 1
2150 2
617 0
10344 1
10345 2
10346 3
16743 2
10349 1
2158 1
18109 2
18544 0
10355 1
17530 1
10358 2
10361 0
10366 2
2176 2
2179 2
178 0
2181 1
18566 2
18567 3
2185 2
15383 2
18572 0
2189 0
18574 2
18575 3
10384 0
10386 1
17531 0
18580 2
18581 2
2198 1
10391 1
18584 1
2201 2
18589 1
10398 1
2207 1
2208 3
10401 2
18594 2
10404 2
10405 2
10407 2
18600 2
2218 1
18604 2
10413 0
2223 2
2224 3
18609 0
14202 3
4467 0
10420 2
10421 2
10422 2
18615 1
18616 1
2234 2
2235 2
2236 2
10429 2
2238 2
373 2
2240 2
10433 2
18626 3
18628 2
2245 1
3348 2
2247 1
18632 2
2249 1
8531 1
12663 2
18636 2
2254 2
18639 1
18640 1
376 2
11299 1
18644 2
14030 2
10454 0
10456 1
18649 0
10441 2
18651 1
3076 2
10463 2
10464 1
2273 1
10466 0
379 0
9081 2
2278 2
10471 1
18664 0
18665 2
18666 2
10475 1
2284 2
18669 1
8805 2
2288 2
15400 2
10483 0
18676 2
18677 0
10486 2
18679 3
10488 2
2297 2
18682 1
12671 0
4441 1
1749 0
18688 1
18353 0
10498 2
18691 1
18692 2
17262 0
10502 2
2311 0
10505 2
9999 2
7213 0
18704 1
18705 2
18706 2
18707 1
10516 3
10517 1
2329 2
18714 1
10523 2
2333 2
18718 1
10527 3
10530 1
2341 3
18726 1
18727 3
10536 1
18729 0
2346 0
8807 2
10541 2
2350 2
18735 0
18736 1
2353 1
10547 2
10548 1
10551 2
2360 2
2362 2
14047 1
2364 2
18750 1
10559 2
2368 1
18754 2
18755 3
10564 2
10565 2
10567 1
10568 1
2377 0
16446 0
10573 1
2382 0
10575 1
18768 0
2385 2
2386 2
18771 2
2388 2
18773 3
10583 2
2392 2
2393 3
10586 0
18779 0
10589 2
4717 0
2400 2
8592 2
10594 2
10595 2
16710 3
18790 0
8809 0
18792 2
2409 2
10602 2
2413 2
10606 1
353 2
18801 2
10611 0
10612 2
2422 1
18153 0
2426 1
2427 2
10620 0
2429 1
18814 2
2432 3
18817 2
2434 2
2435 0
10628 2
18821 2
2438 2
10631 2
10632 1
2443 0
2444 1
10637 0
18830 0
10641 1
2450 2
18835 0
2452 2
18839 2
18840 2
10650 2
18844 1
16794 3
2462 2
3141 2
4992 1
10660 2
2469 0
10662 2
2471 3
2472 2
16796 3
3143 2
10668 2
10670 1
10672 2
13176 0
2482 2
2486 2
2487 2
18164 1
2490 2
2491 0
12728 2
1040 0
10689 3
2498 2
10692 1
1782 1
2502 1
10696 2
10698 2
1783 1
10700 2
10701 2
10702 2
2513 1
10707 2
10709 2
10711 2
8612 0
10714 1
10715 1
2525 1
15087 2
2528 0
9564 0
2531 1
2532 0
2534 1
2535 2
2536 0
10729 1
16807 1
10734 1
2544 0
2545 3
10738 2
2547 1
2549 2
10742 2
16220 2
10745 0
2555 1
10748 2
16810 3
11349 0
10753 2
1108 2
10755 0
10756 3
2565 0
2566 3
9346 2
2571 1
2572 0
10724 0
4525 1
2578 1
10771 1
2580 2
10773 1
10774 1
9906 2
1177 2
10777 1
10780 0
10781 2
10783 3
2592 1
2594 2
2595 2
2597 0
2599 2
2603 2
10796 2
2605 0
2606 3
10799 1
10800 0
10803 3
2612 2
9907 2
10001 0
2615 2
10809 1
10810 1
2622 1
10815 2
2624 2
10817 1
2626 0
2627 2
10820 3
438 0
10822 1
2631 1
9892 0
9635 2
10831 2
2640 2
8632 2
10837 2
10838 1
10839 0
1807 0
4538 2
2654 2
2655 2
10849 0
12731 0
10852 2
10853 2
10855 1
10856 2
2665 1
10858 1
9636 2
10860 1
10861 2
10863 0
14966 0
10865 1
15457 2
8638 1
10873 0
3178 1
10879 2
10881 2
2690 0
3179 2
14103 1
2272 0
10895 1
10222 2
10897 3
4078 1
10901 2
10905 2
10906 2
2715 2
10911 2
10913 3
10915 2
2724 1
10917 1
10918 2
15473 0
7183 0
2730 1
2733 2
2735 1
2546 2
2739 2
2741 2
2742 2
10935 0
2744 0
2747 2
18095 0
10942 0
2751 0
2752 0
2753 2
2755 0
437 2
2758 2
10953 0
2762 2
11383 1
2764 3
8653 1
2769 0
10019 3
2637 0
2778 2
10973 2
16848 2
10981 0
10982 0
2791 2
2794 3
564 1
2797 3
2798 0
10991 1
2800 2
2801 2
10994 1
18022 1
2821 1
2807 3
3094 2
11004 2
2813 0
2815 0
11010 3
11005 1
11012 2
470 1
11015 2
2826 2
12759 1
11020 2
16461 2
14125 2
2833 0
10030 2
2839 2
11034 2
11035 0
2844 0
11038 2
2847 1
7187 0
1840 2
2851 1
11045 2
2854 1
1841 2
2856 2
2858 1
11051 3
11052 0
10034 1
2862 2
4573 1
11056 0
368 0
2867 1
11061 0
15131 1
11065 2
11515 0
7306 2
2878 3
2879 2
2880 2
11073 1
11074 2
2883 0
11078 2
11079 2
4019 1
1847 0
4329 0
11085 2
11086 1
18232 2
8675 2
5945 2
2904 1
12772 0
2909 1
2911 2
12372 0
11109 2
11111 3
11112 1
2927 2
6759 2
2933 0
11126 1
11127 1
2936 0
2938 2
2939 2
11132 2
12778 0
2942 2
3644 1
2944 2
11137 2
2946 2
8827 2
11141 0
2950 2
2951 2
2952 2
11145 2
2954 2
2955 0
16550 1
2958 2
2959 2
1438 1
11155 0
8686 3
11159 3
2968 2
2903 2
2973 2
2974 0
11168 0
12647 1
18246 2
2983 2
9467 2
2985 2
18247 2
2988 0
11181 1
11182 2
11183 2
2992 2
2993 1
11187 0
2998 0
10440 2
3000 2
3001 2
11194 2
501 1
11201 0
3012 2
502 2
3014 0
11209 2
3018 2
17096 1
11214 2
11215 1
11218 1
11220 1
3030 1
8697 0
12376 2
3236 0
11226 2
11229 2
11230 2
3040 2
1465 2
3043 3
11236 1
11239 2
3048 3
3049 2
3050 0
3239 0
3052 1
11245 3
4605 2
5203 2
3058 1
14914 2
11254 2
3063 0
14164 2
3069 0
11262 2
1466 2
3072 0
512 1
3074 1
11268 2
14166 2
3078 1
3079 2
3081 2
11278 1
3087 2
11281 2
12803 1
3021 2
11286 2
10717 1
3098 1
3099 0
3100 0
3102 2
11295 2
3104 0
3105 1
3107 2
3108 2
3110 2
9378 2
13197 0
3114 3
11307 2
3116 0
11310 1
11312 2
14834 1
3129 3
1468 2
11041 2
11327 2
18272 0
3138 1
3139 0
15653 0
11334 2
11335 2
11336 2
11338 2
3147 2
11343 2
11345 1
11346 2
10083 2
11348 1
526 0
11350 1
3162 1
8719 3
11356 2
3165 1
10916 2
11363 2
3172 2
11366 0
11367 0
11370 1
11371 2
3181 3
3182 3
3183 2
11378 0
12819 1
3188 2
3191 2
17837 1
5562 1
11393 2
5995 1
11397 2
11398 2
3207 2
12949 2
10092 1
16919 1
11405 0
3215 2
3216 2
11409 1
3221 1
11414 1
3226 2
18287 1
11421 2
3230 1
3231 1
3232 0
11425 2
11426 3
11428 3
11429 0
11430 0
11431 2
3241 1
11434 2
11435 2
13747 1
3246 2
11441 3
3252 3
3253 1
3273 0
3256 3
11450 2
11451 1
11452 2
3261 1
3263 2
3264 0
11457 2
11458 2
11461 1
3270 1
545 2
3272 0
11465 3
11467 1
3277 0
3278 3
3279 2
3280 2
17840 2
11477 2
3286 1
14201 0
3288 2
11481 3
3291 2
11484 1
10106 2
3294 0
11487 0
3296 0
3298 1
11491 0
11492 2
11494 3
3303 1
3305 1
1630 1
16935 2
3568 0
11502 2
3311 1
11504 3
3313 2
3315 2
11508 2
11510 2
3320 2
11514 2
3323 2
11518 2
3327 0
11521 1
3330 1
11478 3
14209 0
11528 1
16940 2
15114 2
11479 3
11532 2
14210 2
11540 2
3349 2
3112 1
11544 2
3353 1
3354 2
11547 2
3357 1
3358 0
3359 3
11554 1
3363 1
11558 3
8042 0
3373 3
3375 2
11568 2
3377 2
3378 1
3380 1
11573 2
658 0
14217 2
4660 2
3386 3
3387 1
3393 1
11586 0
11587 2
3396 0
566 3
3399 0
3400 0
567 2
11469 2
3406 1
6029 2
11601 0
3410 2
3299 0
11604 1
3413 2
3415 1
3416 0
11609 2
11610 2
3419 2
11612 3
11613 1
3422 1
11615 1
3425 2
11619 1
11620 1
11621 0
3430 3
3431 1
8764 1
3434 1
6133 1
8765 0
3440 1
3441 1
11634 2
3444 2
14572 0
3446 2
11639 1
11640 2
11641 2
17300 1
8767 0
11644 1
11652 2
3463 2
3466 2
9352 1
12866 2
3470 1
3471 2
11664 1
3473 0
483 2
579 0
3310 2
3480 2
11673 1
11674 0
11677 2
11678 0
11300 2
3489 3
3490 2
1947 1
11684 2
11505 2
8775 0
11693 0
3503 2
11696 2
3505 0
12119 3
18334 1
3242 3
12462 2
3515 1
3516 3
11709 1
11713 2
3523 2
588 1
9901 2
3535 3
11512 2
6051 2
11732 0
3541 1
3542 0
1956 0
11738 1
16975 1
11741 1
11742 0
16485 0
11744 2
8784 1
2846 2
11747 2
3556 0
3557 2
11752 0
3564 3
14576 0
3566 1
3567 2
11760 2
11761 1
3572 1
11766 0
3576 0
16980 2
3579 1
3580 0
11773 2
11774 1
3583 2
3585 2
11779 0
3589 1
18348 1
4484 1
11787 1
11789 2
7691 1
11791 3
11792 2
3603 2
16214 2
3605 1
3606 3
11800 2
11802 0
1484 0
11806 2
11808 1
3619 2
3621 2
11815 1
11817 0
11819 2
11820 3
14258 2
3630 2
16989 1
14851 2
11825 2
3634 3
11831 1
11833 1
11836 0
11837 0
11838 2
17539 3
3648 0
3651 0
11844 2
11845 2
3655 1
11848 2
11849 0
3658 2
3659 0
3660 3
16994 2
3663 0
11856 3
11857 0
3667 2
3671 2
11864 2
3673 1
3674 2
11867 1
3676 2
3677 2
3678 2
4709 1
11873 1
11874 1
3683 1
11877 2
11878 1
3688 1
11881 1
4711 1
11884 2
3694 1
11887 2
11889 1
3701 2
3702 2
12905 3
3704 1
11897 0
3706 2
3708 3
3709 2
11902 2
3713 2
12907 0
3717 2
11913 1
11914 1
7447 2
3727 2
3730 2
3731 1
11924 3
3734 2
12945 2
3738 1
4719 0
3740 0
3741 2
11934 0
14277 2
11936 0
3745 2
12900 1
11941 2
4762 0
18663 3
11944 2
15644 1
18376 2
11955 0
9845 1
3768 0
3769 2
15647 1
3777 2
3779 1
3781 1
3782 2
18675 0
3784 2
4727 1
3788 2
3790 2
3791 2
3792 0
3793 0
11988 0
2371 2
18130 1
8645 0
3807 0
3808 2
3810 2
3811 2
2309 2
3813 0
12006 0
8828 1
3820 1
3821 2
3822 3
12925 1
12019 0
638 0
3832 1
3833 0
3834 2
12029 0
12032 2
5882 1
13273 1
12037 2
9791 2
12040 0
12042 2
11565 1
401 2
14296 2
643 2
12053 1
3862 2
6105 1
12062 2
17029 0
14974 1
12065 0
3876 2
12069 1
15132 1
3879 2
3880 0
13153 2
3882 1
12076 2
3885 2
3887 2
3889 2
6110 0
12086 1
8841 2
13378 2
3897 0
12091 2
3901 0
3381 1
12097 1
1221 2
8843 2
12100 2
12103 3
3912 1
12105 2
12106 2
11575 0
12108 2
12109 2
12110 2
18134 2
15672 1
12118 2
15673 3
12122 3
2313 1
12126 2
3936 1
4752 1
15675 2
6118 1
12134 2
8849 2
2863 0
12139 2
4754 2
3950 0
3952 2
3953 1
3954 1
3958 2
12154 0
3963 2
12158 2
17590 2
9028 0
3970 3
3973 1
5100 2
2860 0
4195 1
10220 0
3978 2
3979 1
12173 0
3982 0
3983 2
12176 1
3985 2
12180 1
12181 1
12183 2
12184 2
12185 1
3995 1
3996 3
3997 2
12191 0
14320 2
4006 2
14321 2
4225 2
12202 2
12203 2
12206 1
12957 1
4017 2
12210 2
12211 2
4766 1
4024 1
13773 0
671 1
4029 2
12223 1
4768 2
4034 2
407 2
4038 0
4039 2
3135 2
14327 2
4047 1
2209 0
7227 2
4050 1
8867 2
7502 1
4055 1
12248 2
4057 2
4058 2
11599 1
12252 2
12253 0
4063 2
17399 2
12257 0
12258 2
10235 2
4069 3
12262 2
12268 2
12270 2
12271 0
4081 1
15699 1
3682 2
12279 2
14335 2
12284 0
12285 0
4098 1
8875 2
12293 3
4103 2
4780 0
4106 2
4107 2
12300 2
4109 2
12305 1
12306 2
4117 3
4118 2
4121 0
12314 2
4123 1
4124 2
15706 1
4126 0
12320 3
4129 0
4131 0
12324 2
12325 0
17050 1
7516 2
12331 2
4141 0
4142 0
12413 1
12341 3
12342 2
4151 2
12344 2
4153 2
14346 1
12354 2
4164 0
12357 3
12141 1
4169 3
4173 2
12366 2
6157 0
11323 2
12370 2
4180 0
4181 0
4793 1
4184 2
3428 1
10011 1
15358 2
4189 0
4191 2
4192 2
12987 1
12388 2
4197 2
12390 2
4200 3
12393 1
4203 1
16234 2
12399 2
4209 3
12402 1
12405 2
4214 0
7529 2
4216 3
12412 2
4221 2
4222 2
4223 0
4224 0
12417 2
4227 2
4228 1
4229 1
12422 2
8897 2
12424 2
12426 0
4235 2
4237 0
12433 2
17091 0
4244 2
4245 2
18457 1
4249 1
4250 1
18145 1
4252 0
12446 0
709 1
4256 2
4257 2
12450 0
12998 1
4262 2
11633 0
4264 1
12457 2
4267 1
4270 0
2077 2
13317 0
12465 1
12466 1
9144 3
4277 2
12470 2
12471 0
4280 1
6175 1
12476 2
17098 2
12480 2
12481 0
4011 2
12486 2
4296 0
13004 2
4300 0
3962 0
4302 1
13005 1
12496 1
6357 2
12499 1
4308 2
12501 2
4310 0
12503 0
4312 2
4313 2
4314 1
12509 2
4318 2
8212 0
4320 2
11055 2
4322 1
4323 2
12516 3
4325 2
4326 0
12521 2
18471 2
4332 2
4335 2
4336 0
4339 3
4341 1
4342 2
8560 1
4345 2
12539 2
4349 2
4352 3
4353 2
4354 2
18475 0
12548 0
4822 0
4359 2
8919 2
4367 3
4368 1
12562 3
4371 2
4372 2
2094 1
4374 2
12569 1
4378 0
12571 1
4380 2
12573 0
15749 1
18633 0
4827 1
4389 2
5282 2
12584 2
12589 1
12591 1
12592 2
15855 1
4402 1
2099 2
12597 1
8330 2
4407 0
18484 2
13023 2
4413 3
2101 1
4832 2
5057 3
15755 0
4421 0
4422 2
4423 2
4425 2
12619 1
12622 1
11661 2
14392 2
12626 2
13027 0
4436 2
16669 0
4438 3
4439 2
17124 0
4442 2
7567 2
12636 0
4446 3
4448 1
4450 1
12643 1
4838 0
7569 2
12648 2
4457 2
4459 2
12652 2
4462 2
6205 2
4464 2
12657 2
4466 2
18425 0
4471 1
12664 1
9969 2
12669 2
4479 2
12672 3
8292 2
12674 3
12675 3
12676 3
1786 1
4491 1
10306 1
12686 2
4495 1
4497 0
4498 2
12692 2
4501 0
17215 0
12695 3
12696 1
45 1
12698 2
4508 2
12701 3
4511 1
12704 1
12705 2
4514 2
4515 2
4517 1
4518 1
4520 0
7580 2
12714 1
12715 2
4524 1
12717 1
12718 1
4529 2
4851 2
4532 1
4533 0
4534 1
12727 1
4536 0
12730 1
4539 1
12732 1
12734 0
17141 2
11608 2
12737 1
9153 2
12739 2
16791 2
15777 2
4552 1
12745 2
18852 0
12747 2
12748 2
4557 1
12750 2
4559 3
760 1
2527 1
12755 0
10318 1
4566 2
8953 1
4568 0
4570 1
4571 0
12764 0
12765 2
4574 3
12769 2
12770 1
12771 1
4580 1
4581 1
4582 2
4583 1
4584 0
17148 1
4586 1
12780 1
15197 2
12782 0
12783 1
4593 2
12786 0
12788 2
12790 0
12792 1
12793 2
4863 1
12797 1
4609 1
4610 1
3499 0
4617 2
12811 2
12813 2
8975 2
3501 1
4624 1
4625 2
4626 2
4627 3
4629 0
4632 2
4633 2
12826 2
12827 1
12828 0
4637 1
12830 3
8676 0
4642 0
700 2
12836 3
4645 0
4647 0
12840 1
9702 2
12843 1
4652 3
4653 0
12847 2
4656 1
12849 0
4658 2
8884 2
12852 2
4661 0
4665 2
12861 2
12862 2
4671 0
701 2
4674 1
4675 1
12868 2
12869 2
14433 2
12872 2
4682 2
2338 2
4685 0
4688 1
4689 0
12882 2
12883 1
6020 1
4697 1
4698 2
17167 2
4703 3
13250 2
4705 1
12898 1
4707 2
4708 1
10342 2
4710 1
12903 3
12904 2
4713 0
12906 2
3703 2
7522 2
7613 0
4721 2
7795 0
4726 1
12919 1
12920 1
4729 2
12923 3
4733 2
4734 2
4735 3
12928 1
4741 1
3521 2
9978 2
12940 0
12941 1
18541 0
18358 3
4753 2
12946 1
4755 1
18542 0
8985 0
12954 0
4763 2
12956 2
4765 1
12958 0
5845 0
12960 2
12961 2
12963 1
4773 2
5269 0
12967 0
4776 2
4777 1
12971 1
12972 2
4781 1
12975 1
4784 1
7624 3
4786 3
18547 0
12981 1
12984 2
12985 0
10798 0
8343 1
15818 2
4798 0
12991 0
800 2
17345 0
4804 2
4806 1
4807 1
4808 1
13001 1
13002 1
4811 3
4812 1
4813 1
4814 2
13007 1
13010 0
803 2
12821 0
13014 2
13015 1
13016 2
8996 2
4826 1
13019 2
14458 2
4830 0
4831 1
13024 2
2343 1
4835 1
4836 0
13030 2
4839 0
13032 1
13095 2
4844 1
4845 2
4848 1
13041 2
13042 2
13043 2
13045 1
4855 2
4856 1
4858 1
13051 2
4860 2
13054 1
13055 1
4865 1
4866 0
9525 2
13060 0
4877 2
2160 1
4881 1
13075 2
13076 3
13077 2
2072 2
13079 0
10372 1
13083 2
13084 2
15834 1
13088 1
13090 2
11739 1
4901 0
4902 0
17054 1
13096 2
13097 2
2183 2
17202 0
4911 2
13106 2
13107 0
4916 2
13110 1
13108 0
13114 2
11743 1
14474 3
13118 0
13119 0
4929 0
4931 2
4932 0
17206 1
4934 1
8598 0
13128 1
2188 2
13133 2
13136 2
13137 2
7651 2
4948 2
10382 2
13142 1
13147 1
13148 2
4958 2
15845 2
4961 1
4962 0
17211 1
13156 0
13157 2
13158 1
13159 3
13160 1
13161 1
13165 1
15636 2
13168 2
6575 2
18579 2
4981 2
13174 0
13175 2
4984 2
4985 1
4986 2
4987 0
4989 0
4991 1
13184 1
13185 1
4994 1
4997 2
13190 3
5001 2
682 0
2199 2
13196 0
5005 3
13198 1
13200 0
13202 1
5013 3
13206 1
5015 3
13208 2
13209 2
5018 1
13211 3
5020 2
5021 2
4933 0
13216 0
5025 2
13220 2
10533 2
5030 2
5032 0
13227 2
5037 2
2205 1
13233 1
5043 2
2206 0
5046 2
17225 0
17626 1
13244 2
13245 2
5054 1
13247 2
13249 3
5058 2
5063 2
13256 1
17228 0
13259 2
13261 2
13262 2
13263 3
5072 3
13266 1
5076 1
7534 2
9052 1
5079 3
13272 0
2212 1
5082 2
13275 2
5084 3
13278 2
10535 2
5090 3
13283 2
13286 3
5095 2
12909 2
8353 1
13290 1
2215 1
13292 0
10945 2
11758 2
13295 1
13297 0
13300 2
13301 2
13302 1
13303 2
13304 2
852 2
5115 1
13308 1
10410 2
17237 2
13312 2
13313 2
5122 2
5123 2
4950 2
6908 2
8354 1
13320 2
10412 2
5130 1
13323 2
13324 2
1843 0
8763 0
17983 3
14811 2
5137 1
5138 0
13331 2
13332 2
5141 0
13334 0
5143 1
5144 2
13337 2
5147 2
10537 2
5151 0
5154 2
5155 0
13348 1
13349 0
6690 1
13351 2
5160 0
17244 0
4809 2
13356 2
13358 1
17245 1
5168 1
5171 1
9054 0
13366 0
5179 0
11786 1
5183 3
5184 3
5185 0
5186 0
3595 0
5188 1
18614 2
5190 2
5191 2
5192 3
5193 2
15201 3
5195 2
5196 2
13154 2
5198 2
13392 0
5201 1
13394 0
4963 3
15886 0
13399 2
5209 2
5211 2
13405 2
5214 2
5217 0
5219 1
13413 2
13414 2
13415 0
13417 3
13418 1
13419 1
17256 2
13427 2
13429 1
13431 2
7700 2
5244 0
13438 1
5247 2
5248 0
5249 2
13442 2
13443 1
7702 2
13446 3
15895 0
10434 2
5264 3
13458 0
13461 0
13464 3
879 2
17053 2
5904 2
14533 2
13474 0
5283 2
5284 0
13477 2
11804 1
8905 2
5293 2
5294 2
13487 1
5297 0
13490 1
4405 2
5301 0
5303 0
13498 2
13499 1
13503 2
5313 2
5314 1
5315 0
5318 0
13511 2
13512 1
5321 3
13514 2
13519 2
13520 2
5329 0
1672 3
889 0
5336 1
13529 1
5338 0
13532 0
13535 2
5345 2
5348 3
17636 1
13542 0
5351 0
5352 1
892 2
13547 2
5357 1
13551 2
13552 2
5361 2
5362 2
13557 0
13558 2
5369 2
13563 2
5372 2
13565 2
5374 1
13567 3
13568 3
9088 3
5378 2
3627 0
5380 1
13573 2
17281 0
5384 0
13578 2
6521 0
5388 2
5389 2
15728 1
13586 0
13587 2
10818 0
13589 0
13590 2
5399 3
13592 2
17284 0
11823 1
13596 2
5405 2
13600 1
15920 1
13602 2
5411 2
13605 2
636 2
13607 2
13608 2
13609 2
13610 1
5419 2
13612 2
11826 2
5422 2
13616 2
17288 1
18032 0
5909 3
13622 2
13193 2
12089 1
13627 2
5436 3
5437 2
13631 2
5440 0
5441 2
13634 2
16548 0
5444 2
13638 2
5447 0
5453 2
13646 1
13647 2
5457 2
10467 2
5463 1
13656 1
5465 2
13658 2
9103 2
13662 0
13666 0
5476 0
5477 0
5478 0
17297 0
5481 0
13674 0
13675 1
5486 2
7741 0
5488 0
5490 1
13549 2
5493 2
5496 2
5497 2
13690 2
1073 3
5501 1
5503 1
2283 2
5508 2
13702 2
14368 2
13704 2
5513 2
13707 2
13708 3
13710 2
13711 2
14901 0
13714 1
5524 2
18733 2
13718 2
9113 0
13720 2
13723 2
13727 1
13729 1
5538 0
5539 1
13732 2
5541 2
13734 1
5545 1
17097 2
5549 3
5552 1
2367 0
18734 2
7020 2
13750 2
13753 1
13754 2
13215 3
5564 1
5567 2
13760 2
5569 1
6911 1
5574 2
5576 1
13769 0
18462 3
5579 2
13772 2
5581 2
5583 2
6187 2
5587 1
13780 1
5589 3
13782 2
13783 2
13787 2
13788 3
459 0
5600 0
5603 0
18859 1
5606 0
5608 1
5612 2
5613 1
13806 1
13807 0
310 2
5619 1
6398 3
13814 3
5623 0
5626 3
5627 1
5628 1
16827 2
5630 2
5632 1
5035 2
13828 1
5637 1
5639 2
5641 0
13834 2
3038 1
8644 2
18737 2
13229 2
5648 1
13842 0
10499 3
5652 0
13845 1
13846 2
5655 2
5657 1
5659 0
13852 2
5663 2
5664 2
9136 2
18694 2
5670 1
5672 3
13865 2
13866 0
13867 2
15965 3
13872 1
947 2
15966 2
5686 2
13879 2
16829 1
5691 2
13884 2
15072 0
5697 2
13892 3
3681 1
6412 2
5047 0
13900 0
13901 2
15750 0
13240 2
5716 0
16830 1
5720 2
13915 3
13916 2
2476 0
18467 0
13922 1
5732 0
13925 0
13927 1
5736 2
13930 1
10514 2
13938 2
14611 1
13941 0
5751 2
1937 1
18708 2
5758 2
13951 3
5761 1
5765 2
13959 1
5770 0
13965 0
13967 1
13969 2
5780 1
5781 0
5782 0
13975 1
17348 0
13978 2
5787 0
10522 1
17349 0
16678 1
18715 3
5797 0
1284 1
13992 0
193 1
13995 2
13996 1
8331 2
16569 0
10525 0
14001 2
5810 0
5811 2
5812 0
5814 2
13287 2
10832 0
18719 0
5821 2
4503 2
5828 0
5829 1
5830 2
5831 0
14024 0
8604 2
14029 2
5838 2
14033 1
5843 2
14036 1
740 2
11932 0
5847 0
14040 1
14041 2
14042 2
5851 3
5853 2
14046 0
18725 1
5858 2
7803 0
5862 2
5863 2
14631 2
5868 2
14062 3
14066 3
17108 0
5879 2
14074 3
7807 2
17654 3
14084 1
5893 1
14090 2
5901 1
5903 2
8202 0
5907 2
14100 0
14101 0
5911 0
5912 2
5913 1
12472 1
5916 1
16291 2
5921 1
1561 2
5925 2
5926 0
5927 3
5928 2
13276 2
5930 2
4523 2
5933 2
14126 2
5935 0
14130 1
14132 3
14133 2
14134 0
5943 0
14137 2
14138 1
16010 0
14645 1
14144 2
14145 2
16011 1
6860 1
7820 2
13282 2
5968 2
5971 2
5972 3
2381 2
5975 3
14168 1
7823 2
18746 2
5982 2
5987 1
14180 1
5989 2
14184 1
5993 3
14187 0
14189 0
5998 3
14192 2
6004 0
6462 0
14199 1
6009 3
2439 1
6011 2
6012 0
6013 2
6015 0
6017 2
6018 1
6019 1
14212 2
6021 2
6022 2
6025 2
4565 1
14219 0
14220 1
14221 0
14222 0
14224 1
14225 0
10563 2
5102 2
7566 2
14232 2
6044 3
6045 1
14238 1
14239 0
14240 1
6151 2
14243 1
6053 1
14246 2
6055 1
6057 2
14251 0
6060 0
14254 2
11672 2
14256 1
4307 2
6066 3
6067 2
14262 2
14264 2
6073 2
8902 2
14267 1
14269 0
6080 1
14273 1
14274 2
6084 1
104 0
6086 3
14279 2
14280 0
14281 2
14282 1
5111 3
16034 2
6094 2
14287 1
18752 0
5113 2
6100 2
6103 2
6104 2
16036 1
6107 2
14301 0
14302 2
14306 1
13307 1
14309 0
14310 3
14673 2
17404 1
13570 3
3751 1
14316 2
14317 0
10024 0
6128 2
6129 2
14322 2
859 2
6132 2
1022 2
6134 1
6135 2
10580 0
14330 0
6139 0
6140 2
6141 2
14334 0
6143 3
15753 0
14337 1
6150 0
9217 2
14344 0
14345 3
6154 2
18775 1
6156 0
14349 1
6158 2
6159 2
14352 2
14680 2
9219 1
6164 2
14357 2
6167 1
14360 1
14364 1
6173 0
6174 2
14367 1
6176 1
6177 1
14373 1
6182 0
14375 0
14376 2
6185 2
10026 2
14380 0
17008 2
6493 2
14384 0
9224 1
14386 2
6196 2
6753 0
6200 1
6201 2
14394 2
6203 2
6204 2
14397 0
6206 2
11957 0
17610 2
6209 2
14403 0
6213 2
2389 2
14408 2
5132 2
10025 1
17665 2
6221 1
6222 0
14415 1
6225 2
1038 0
14422 3
6231 2
14424 1
9482 0
14427 2
14428 3
7866 2
14430 3
14413 2
6241 1
11963 2
14437 2
13329 2
6248 2
6250 2
6251 2
10301 2
6255 2
17939 0
14449 2
6259 0
6260 1
14453 0
14454 2
14455 0
6266 2
6267 2
6269 1
6270 2
14463 1
2391 0
14467 1
6279 2
3227 3
6282 2
13335 0
14121 3
10080 2
6289 0
6290 0
4152 2
14488 3
14489 1
14492 0
15991 0
14498 2
17488 2
14501 0
14502 1
10609 0
17436 3
6315 0
6317 2
14510 2
14511 0
14515 3
6324 1
6325 1
5322 2
6330 2
6332 2
14525 1
6335 0
6336 2
5121 2
18806 2
14538 2
18807 2
6348 3
6349 2
424 0
14545 3
14546 0
14549 2
14550 1
6359 2
5156 0
6363 2
3023 0
2279 3
6367 2
14560 1
14562 1
18811 1
14565 1
14571 2
6380 0
7890 2
10621 2
6384 0
6386 1
13353 0
6393 2
14586 2
1304 2
14591 2
6400 2
10624 0
6407 2
14600 2
6409 1
6411 1
14604 2
14605 0
14608 2
3800 2
6418 0
6419 2
6421 1
6423 3
6424 0
2436 0
6426 1
6428 1
6429 1
14623 0
13360 2
4033 2
14627 2
14629 1
6439 2
14632 2
14633 0
6442 1
6443 2
9465 1
6445 1
6446 2
7901 0
6448 1
2440 2
14642 2
6453 3
14647 2
6456 1
10035 2
14650 1
14651 2
12763 2
1077 2
6465 0
6466 2
6467 2
14661 2
14662 2
14664 1
6473 2
14666 2
7906 2
6480 2
6481 2
14679 0
6488 2
14682 2
14685 0
6494 0
6495 0
6497 0
14690 2
13037 1
3814 1
14737 2
6504 2
1084 0
6506 2
14704 0
16104 0
2451 2
17470 0
13713 2
10644 2
6522 2
14715 2
17472 0
4309 2
14724 2
14725 0
14726 1
17473 0
14728 3
14730 1
14731 2
14733 1
12013 2
10648 2
14738 3
3044 2
14742 2
14745 3
98 2
12611 2
14750 2
13381 0
14755 1
9493 1
764 2
6566 1
16113 2
14761 1
14762 0
16040 2
10653 1
14768 0
6577 1
6579 2
11403 2
14773 0
6583 2
1583 2
14779 2
14780 2
14782 2
14787 0
14791 2
14792 2
9292 1
6603 1
6604 2
6605 0
12495 2
14803 2
14804 2
13390 2
6614 2
6616 1
6617 2
6619 2
6620 2
6621 2
14405 1
18224 0
5200 0
17133 0
14820 2
6631 2
14824 3
10663 3
14829 2
6639 2
14832 0
6641 0
6642 3
13395 2
16126 0
6646 1
6647 2
6648 2
1899 0
6651 1
6653 1
1109 3
14848 1
6657 1
2475 1
14852 1
6662 2
14857 0
14860 2
6671 3
14864 2
14866 0
6675 3
2478 3
11570 3
6679 2
14872 2
14873 2
6683 2
14876 2
14878 2
14879 2
8406 1
14881 1
1488 1
6691 1
6692 2
11134 1
14888 2
6697 2
6698 1
14892 1
6702 1
6704 1
14899 1
6708 1
6709 0
6710 1
16137 1
14904 2
6713 0
6715 2
14908 1
17136 0
14912 0
6722 2
6723 1
6724 2
10678 2
6726 2
9313 0
14921 1
6730 1
14924 1
14925 2
14929 1
14931 1
6740 1
7950 0
14934 2
18228 2
6747 2
6748 2
14941 1
14942 3
6751 0
14945 1
6587 1
9318 0
13864 2
6760 0
14954 2
14955 2
6765 0
6767 2
9320 2
6770 2
6771 3
7410 2
6774 0
9321 0
6776 2
10864 2
5446 1
14971 0
14972 2
6782 1
6784 3
14978 3
6787 0
6788 1
14983 2
6794 2
14988 1
6797 2
13047 0
16866 1
427 2
14996 2
15001 1
6810 1
6812 1
6813 1
6815 0
15008 2
15009 2
15010 1
16594 2
15017 1
16722 2
6828 1
15022 2
14412 2
6600 0
15027 1
6836 1
15029 1
8938 2
6839 3
6841 2
15034 2
3871 0
15037 1
15038 2
15039 2
10048 2
15041 2
6850 1
6851 1
15044 1
6853 0
6855 1
15048 2
2508 0
9230 0
6859 1
7134 1
6861 0
6862 3
15055 2
9503 2
15057 0
6868 1
6869 1
15062 1
6871 0
6873 0
15067 2
6876 2
6877 0
15070 2
14503 2
6881 2
15075 2
7867 1
6886 2
6887 1
15080 2
6890 1
6892 2
15085 2
6894 0
1149 0
6896 1
6898 1
15093 3
6902 0
7977 1
6904 0
6905 1
8993 0
6907 2
15100 1
15101 1
15102 1
15103 1
6912 2
15105 1
15106 1
7979 2
15109 1
6918 2
15111 3
15112 1
6922 1
15116 2
15117 2
6927 2
15120 0
14808 2
6931 2
15124 3
6933 3
15126 1
6939 2
6940 0
6941 0
6942 1
15135 2
6946 2
15139 2
15140 0
15141 1
6950 0
6951 0
15144 0
15145 0
1159 2
6956 0
16178 1
6959 0
6961 1
6962 2
6963 2
6964 1
15157 2
15160 1
15162 1
6971 1
4051 1
6978 0
1163 2
15172 2
15174 2
15176 1
17548 1
6986 2
15179 2
9921 3
15182 0
15184 0
6994 1
17849 2
15189 0
6998 2
15191 2
15192 0
15193 1
7002 2
15195 2
7004 2
7005 2
7006 2
7008 2
7009 2
7011 0
15204 2
5683 1
1889 2
7018 1
10727 2
15212 3
7021 3
7022 3
7023 1
7024 2
15217 2
15220 2
15221 0
15225 1
15228 0
15229 2
15231 0
15232 1
15233 2
15235 1
7044 3
15238 0
15241 2
7052 1
15245 2
7055 1
7056 2
5272 0
15250 3
7059 2
7611 1
7061 2
7062 0
15255 0
156 0
9237 2
15261 2
9011 2
15264 2
7073 2
15266 1
7076 1
15275 1
7084 1
7085 0
7087 1
7088 0
12104 2
15284 1
15541 2
15286 1
16201 1
7097 2
4712 2
3449 2
15295 2
15296 2
1184 3
7909 2
15301 2
7110 2
15303 2
7112 1
7113 1
15306 1
7116 1
1186 0
15310 1
12459 1
7120 2
7122 2
15315 2
10330 3
7125 0
15318 2
2553 1
7129 2
7130 0
15323 2
7133 2
5561 2
5285 2
7136 0
7137 0
15330 0
7139 0
12240 1
15333 2
7142 1
2556 1
7146 1
13741 2
10749 1
16605 2
7157 2
15350 0
7160 3
7878 0
15355 2
7164 2
9386 2
7166 3
7169 1
9786 0
15365 1
17424 1
14849 2
7176 1
15371 2
7180 2
15374 0
15375 1
15376 3
7185 2
2563 2
2967 2
15381 2
6786 1
10605 1
15385 2
7194 2
15387 2
3930 0
18516 2
7203 2
7205 1
14957 1
1201 0
7208 2
7209 2
15403 1
15405 2
7214 2
7215 2
7216 2
15409 2
7219 3
7221 0
15419 2
7228 1
9397 2
7235 2
15428 2
1206 2
15430 1
7240 3
6668 0
15439 1
15440 1
7249 2
7253 0
7254 1
7255 2
15448 2
2575 0
5306 1
7264 2
7265 1
18791 1
15461 0
11379 3
17596 1
17973 2
15472 2
12136 2
14867 0
13336 0
15480 1
18161 1
15485 3
15486 2
7295 2
7300 2
15494 3
1217 2
15496 0
15498 0
15499 2
15500 2
15503 2
15504 0
15505 0
15506 1
12142 2
15510 2
15513 0
15514 0
15517 1
5777 2
16961 3
15520 0
15521 2
15522 1
1849 0
7332 2
15525 2
15527 1
2588 1
15531 0
15533 2
15534 0
15539 0
2231 2
7349 2
15544 1
7337 0
15546 0
6687 2
1226 1
15550 0
16245 1
15552 1
10784 0
15555 1
15556 1
7365 0
14157 2
7367 2
7369 0
15562 0
15563 0
15565 1
7374 3
17613 0
15569 0
15570 0
15574 0
15579 2
7388 2
15581 1
15584 2
15585 1
8060 0
15594 3
15596 3
7405 2
18777 3
7407 2
15600 2
15602 2
7102 2
15604 2
15606 2
7415 2
15610 0
9051 1
7578 1
17780 1
7424 3
7425 3
15620 1
15627 1
15628 3
7440 2
15633 0
15634 0
15635 1
7444 0
14894 2
8704 0
15639 1
7448 2
7450 2
7452 2
15645 3
7454 1
8069 2
12885 1
1243 2
15652 1
7461 1
15654 2
7463 0
15657 2
15658 2
7467 2
13376 3
7474 2
6707 1
15669 1
15670 3
15671 0
7480 1
7481 1
7482 0
7483 0
15676 0
7487 1
7489 2
6796 0
16267 2
15684 0
10806 2
15688 0
7497 2
15691 0
15694 1
15695 0
15696 0
7505 2
7506 2
9443 2
15701 0
7510 0
2617 1
15705 1
7514 1
15707 1
15708 2
3984 1
15714 1
15716 0
15717 0
15718 0
15719 1
15721 2
15722 2
9447 1
7532 2
15726 1
7535 0
2433 1
15730 1
8083 0
7541 1
7542 2
15736 1
15738 2
15741 1
15746 0
15748 2
7557 2
7558 0
15752 1
7561 2
15754 0
16279 0
7564 2
15757 2
15758 2
17645 0
15761 2
7571 1
15764 0
15765 2
7575 2
1616 0
14916 0
15770 2
15772 2
16282 1
15775 0
15776 2
7585 2
15778 0
15780 0
15781 1
17649 1
11148 2
7593 2
15787 3
15788 1
1266 0
15792 2
15793 0
7603 2
15798 1
10825 0
7608 0
17652 1
10619 0
7612 1
15805 2
7615 2
7616 2
8096 2
7618 0
15812 2
1270 0
4001 1
11165 0
15817 2
7626 2
16348 2
16290 0
7631 0
15825 0
7634 2
15827 3
7636 0
1273 2
15832 0
7642 2
7645 0
7649 2
5371 1
15844 2
16294 3
4892 0
2641 1
18218 2
15850 2
8103 2
15852 2
15853 1
5373 1
15856 0
2225 1
7667 1
7670 3
8105 2
15871 1
5376 2
7682 2
15875 1
15877 0
9473 1
15249 2
15883 0
7693 2
7694 1
7695 2
924 1
15892 1
4014 2
15894 1
7703 3
2196 0
13572 2
15898 2
15899 1
15900 2
7709 3
7712 2
16304 2
15906 2
7715 0
15908 1
17670 0
15910 1
15911 3
15913 2
11839 3
15916 0
4076 3
10845 2
7728 2
13078 0
15923 1
7732 1
7737 1
17170 3
10847 1
18534 2
4021 1
7747 2
7751 2
7752 1
9484 1
8119 0
7758 1
7759 1
15954 1
14947 1
7765 2
7766 1
15959 1
15962 0
15963 2
7773 0
7774 1
7778 0
15971 2
7780 0
7783 0
8124 0
14171 0
15979 1
15980 2
7789 2
7408 2
15983 2
15984 0
7794 2
16628 0
15988 1
15990 2
10857 0
17684 2
15995 2
15996 0
7806 1
15999 1
16000 2
16001 0
16002 2
16003 2
16005 1
16006 1
12225 2
7817 1
2127 0
7819 3
533 0
16013 0
16014 2
16015 1
7825 0
16018 1
16021 0
16024 1
16025 1
16027 1
7838 2
16032 1
2672 2
8990 2
1307 0
7844 0
16037 1
16038 2
16039 2
7848 2
16041 1
16043 2
7852 3
8172 1
7854 2
16047 3
16049 1
16050 3
10867 1
7863 1
16056 1
7865 2
16058 0
16059 0
16060 2
16061 1
16064 2
7873 1
16066 1
12235 0
16069 2
14837 0
17697 0
16072 0
16073 1
6775 0
7884 2
16078 1
16079 2
16081 2
16082 2
17674 2
14237 0
16088 1
16089 3
7898 0
16091 2
16092 2
16093 2
7902 0
7905 0
16098 0
7908 0
5414 1
7911 2
7912 0
16105 0
16106 2
16108 2
16110 2
7921 3
16115 2
16116 1
16117 2
16118 1
16120 1
16123 1
7932 2
5418 1
7934 2
16127 3
7936 2
16129 1
17995 2
16134 0
16135 2
16136 1
7945 2
16138 2
7947 2
7949 2
16142 1
16143 2
9139 2
16145 0
14979 3
7957 0
16157 2
7968 0
16161 2
7970 1
7975 2
16169 2
16170 1
6791 2
16172 2
13618 1
7982 1
16176 0
7986 2
7988 2
7989 2
16182 1
16184 2
16185 1
16186 2
16188 3
14986 0
7998 3
16191 1
8001 1
8002 2
8003 2
16196 1
5430 0
15815 1
17179 1
8009 2
16203 0
18778 0
8014 2
16207 0
8017 3
12259 2
16212 2
17725 0
8022 0
16217 2
11724 2
2995 2
8033 3
8036 1
8038 1
16231 1
16693 1
16235 1
16238 3
1341 2
8048 3
8051 0
9534 0
8054 2
16250 2
8059 3
16252 1
16362 2
2709 0
13632 2
16261 1
16263 2
8072 1
16265 1
16266 2
8075 2
8076 2
16269 2
16271 2
8082 0
5443 2
8923 2
6809 0
8088 0
542 2
6816 1
16909 1
2714 0
11999 2
8095 3
16288 1
8097 1
8098 1
10907 1
16292 0
8101 1
8102 1
16295 1
8104 2
15004 2
12659 0
17735 2
16301 1
8110 2
15005 1
8112 2
16307 0
16309 1
17737 2
16316 1
16318 0
15413 2
16321 0
16325 0
8135 3
8727 0
4087 0
16332 2
8142 3
8144 1
16337 2
8146 2
16339 0
16340 0
16343 1
16344 2
16345 1
8154 3
16347 2
8156 1
16350 2
8159 3
8162 0
16355 1
16356 0
2726 1
16358 2
8168 2
16361 2
8170 2
16364 0
8173 0
16366 0
1363 2
16372 1
16382 1
8182 2
16376 2
17748 1
12384 1
16379 2
16381 1
8190 2
