0 0
16385 2
16386 2
8198 2
16393 2
8202 0
13655 1
16397 1
16398 0
16400 1
8210 0
8211 0
8212 0
16406 0
27 0
16414 2
16415 2
8226 2
8227 2
8228 2
8229 1
16428 0
16429 2
16430 2
48 1
16433 2
16437 1
16438 3
8248 3
10913 3
16443 2
16444 0
16445 2
8254 3
66 1
16451 0
16452 1
69 1
16455 2
8264 0
73 2
74 0
16459 2
8268 2
16466 1
16468 2
16470 1
8283 1
93 3
16481 1
16482 0
16484 1
16488 2
106 1
107 2
108 2
16494 0
2749 3
8304 0
115 1
8310 2
16505 0
122 3
16508 1
16509 1
8319 0
16513 1
132 2
16517 1
8326 2
16519 0
16521 0
16522 1
139 3
16525 0
16527 2
144 2
8337 0
15043 2
148 1
150 2
151 1
153 1
9583 2
16540 2
157 0
16542 0
15045 2
16544 3
8353 1
8354 1
8355 0
16548 0
8358 0
8360 2
8368 1
177 1
16562 2
9587 1
8374 2
183 2
186 2
191 0
193 1
194 0
16581 1
16583 2
200 0
201 1
17783 2
8398 1
8400 0
16594 2
8403 3
16598 2
13689 0
216 1
218 3
6863 0
8413 2
8415 1
16612 1
16613 2
16614 0
233 2
16618 2
236 0
16624 2
16625 0
8434 0
8435 3
16629 0
246 0
16631 0
8442 2
254 0
8447 0
16640 1
8449 2
6828 1
16645 1
16646 1
16648 0
266 2
16652 0
8461 3
8237 2
16658 0
8468 0
4142 0
280 3
9604 2
283 3
16668 1
287 2
16672 0
289 2
16675 0
8484 3
8486 2
8241 2
8488 2
6876 2
299 1
16686 1
15069 2
8496 2
15714 1
10974 3
1417 1
16697 2
8507 2
16700 2
2117 1
319 2
320 3
16705 1
323 0
324 1
16709 1
16713 0
4151 2
333 0
8527 2
16721 1
8530 3
8532 1
8533 3
16726 0
8535 2
16730 0
16731 0
16732 1
8541 2
16734 1
8544 3
8546 2
8549 0
16742 1
16743 2
16744 2
16745 0
362 1
6887 1
16748 0
8558 2
367 0
371 0
8564 2
16446 0
377 0
378 3
379 0
16765 2
8574 0
383 0
384 1
8581 0
390 1
16776 0
6892 2
394 2
8587 1
8258 0
16785 3
16786 1
8259 2
8599 0
8601 2
410 2
16796 3
8261 2
416 0
16801 0
8611 2
16805 0
16807 1
16808 1
2469 0
429 3
16814 2
435 1
437 2
440 1
444 2
446 2
8639 0
16832 0
16833 2
450 1
16835 0
8644 2
454 2
16460 2
16842 1
8651 0
461 2
462 3
8655 2
16848 2
8658 0
16851 2
16854 2
8664 1
8665 2
8666 2
16860 0
478 1
16865 0
16866 1
8675 2
486 2
16872 1
16874 0
8683 1
16878 0
8687 2
16884 1
501 1
16886 2
8697 0
8698 1
509 3
16896 1
16897 2
16900 2
2150 2
16902 2
519 1
16906 1
524 2
525 0
16911 0
528 2
533 0
8727 0
8729 1
538 0
16923 2
8732 1
541 2
16926 2
16927 1
16928 2
545 2
8739 3
548 1
8741 0
16934 1
551 1
8745 1
8746 2
8747 2
8748 3
8750 2
559 0
6920 2
562 3
563 2
8756 2
16949 0
8759 1
8761 1
8762 1
8763 0
573 1
8766 2
575 1
16960 1
577 1
578 1
8771 3
16964 2
16965 0
16966 2
583 1
8777 0
16970 2
587 1
8780 1
98 2
16976 1
16978 2
16979 1
596 1
8789 2
18757 0
16983 0
8793 1
8794 1
603 1
8796 0
16989 1
606 0
16991 3
16993 2
8802 1
611 1
8805 2
8806 0
616 3
8809 0
17002 1
620 3
621 2
8814 2
8815 2
8296 2
17010 1
17011 0
17013 2
8822 2
633 2
8827 2
638 0
641 0
8835 1
17028 0
17030 1
8841 2
8842 2
651 0
8845 0
654 0
17042 2
17044 0
110 0
664 0
17049 1
8858 2
17052 2
8862 2
17055 2
8864 2
8866 0
17062 0
17064 3
8873 2
17066 2
17067 1
17068 3
17075 0
17076 1
15134 1
17078 2
699 3
17084 1
701 2
704 0
707 0
709 1
8902 2
15137 3
712 2
17097 2
17099 2
6946 2
8910 2
17104 0
17105 0
722 0
15139 2
8916 2
8917 1
8918 0
17111 2
8921 2
297 2
17119 0
17120 2
737 2
17122 0
740 2
17125 2
742 0
8935 2
744 2
8939 2
17133 0
8317 1
8945 2
17138 1
8947 1
17140 0
757 2
605 3
8952 2
8953 1
8954 2
127 1
764 2
766 1
17151 2
8963 2
17156 2
774 1
8967 1
17160 0
17163 0
17164 1
782 3
17167 2
17168 2
17169 0
786 0
787 2
17173 1
790 2
8984 1
8985 0
794 2
795 2
17181 2
8990 2
801 2
803 2
17188 2
806 1
808 2
8483 0
9003 2
17196 1
17201 1
16394 1
11059 0
17206 1
9015 0
9018 2
9019 1
8330 2
17215 0
9024 2
8331 2
17220 1
9034 0
17227 1
844 2
9038 2
12429 0
850 1
17235 0
852 2
9045 2
854 0
17239 1
8335 0
17244 0
861 2
862 0
17247 2
870 2
17257 0
874 3
17262 0
879 2
147 0
17268 1
17271 2
888 2
9082 2
9083 1
9084 1
894 2
9087 3
9088 3
18173 2
9090 1
17283 0
9092 0
8342 2
9095 2
9098 2
17292 1
910 1
9107 0
917 1
9111 2
6850 1
9113 0
17307 2
17308 2
17309 0
17310 1
17311 2
18580 2
9123 2
9124 1
9129 2
9132 2
9138 0
9140 2
951 0
17336 2
953 2
17339 1
9352 1
17342 2
17343 0
9152 2
961 1
9156 1
17350 0
17351 1
17354 3
9164 0
17358 1
17360 2
17362 2
17368 1
164 0
9178 1
61 1
17379 2
16550 1
1003 0
2898 2
17391 0
9201 0
1010 1
17395 2
17401 3
17404 1
9213 3
4944 0
1027 0
1028 1
11094 1
1030 2
9223 1
9036 3
17419 1
9228 2
9229 1
9230 0
9231 2
9232 2
9238 0
15194 2
1054 2
9247 0
1056 0
9249 0
9250 2
1589 3
9252 2
12856 2
9256 1
9257 0
17450 1
9259 3
178 0
1070 1
1071 1
9264 1
9265 1
9269 2
9270 2
9274 2
17469 0
17470 0
9280 1
1089 3
17474 2
17477 1
9287 0
17480 2
1098 2
9292 1
17491 2
1108 2
17934 2
1111 2
9304 2
17497 3
17499 2
9308 1
9309 1
1118 2
17504 2
9316 0
17509 2
9319 2
17512 1
1129 0
17514 2
1133 2
1134 0
17519 2
1139 3
17525 1
8767 0
553 1
1150 2
1151 1
1152 0
1153 0
17541 1
17542 1
17544 2
9353 0
1163 2
17549 1
17551 2
17552 1
9363 1
1174 2
17559 2
17560 1
1177 2
17562 1
17563 2
1180 1
15315 2
9375 0
17570 2
17571 1
17574 1
17577 1
17578 2
1195 0
9388 2
9389 0
9390 1
9392 0
8392 2
1204 0
9397 2
8769 1
8393 2
17592 3
17593 2
17595 2
17597 1
1218 2
9411 2
9412 1
1221 2
9414 0
17610 2
17612 2
17613 0
9425 1
17618 2
9427 2
1236 1
12494 2
17627 1
17628 2
2938 2
17631 0
17632 1
1250 0
1251 1
17636 1
1253 0
9446 1
17640 1
17641 1
17642 1
17644 1
17645 0
1262 2
1264 3
9457 2
17650 1
9460 2
9461 2
17654 3
9463 2
1273 2
1274 0
15231 0
17660 2
1279 0
17664 0
4407 0
17666 2
1284 1
9477 2
17670 0
17674 2
9483 3
1292 2
2946 2
1297 0
1299 1
9492 2
17685 2
17686 2
1303 1
17688 0
17689 2
17692 3
17693 3
9505 2
17698 0
17699 2
1319 0
1322 2
1324 2
1329 3
1330 0
17719 1
17721 2
1338 1
1339 3
1341 2
17726 2
17727 1
9536 0
9539 0
9543 2
17737 2
1355 1
9548 0
45 1
1358 2
17744 1
9555 1
9556 2
1365 0
9558 1
8356 3
9563 0
17756 0
17757 1
17758 0
1375 2
17761 0
17762 2
1595 2
230 0
9866 0
17767 1
17768 2
9578 1
1387 1
9580 1
2962 0
1391 0
11155 0
17781 3
9591 0
9592 1
9593 2
17787 3
9597 2
1408 0
17793 1
17794 1
12448 1
9606 1
1415 2
17800 2
17801 2
9611 2
1420 0
9615 2
9616 0
1425 2
9618 0
17813 1
4335 2
1436 1
1437 3
1438 1
9632 1
4483 0
1442 2
1444 2
9639 2
9642 0
9645 2
9646 1
7069 0
9648 2
1608 1
17842 2
16627 0
1461 2
17846 0
13897 0
9656 1
4340 0
17851 1
17852 2
9661 1
9663 2
9664 1
1473 1
13485 2
9669 2
9671 1
9673 1
1482 1
17867 0
9676 2
1486 0
9679 1
1488 1
9691 3
9692 2
17887 2
17889 0
17891 0
1509 2
9702 2
17895 0
17896 1
9706 1
9707 1
5714 0
9711 0
7080 0
16638 0
9720 1
11178 3
17921 0
17924 0
9053 2
1544 1
1545 2
9612 0
9741 2
9742 1
17935 1
5720 2
12054 0
7086 0
17942 0
9817 2
17944 1
1561 2
7087 1
17948 2
261 2
17952 2
1416 3
17955 2
17959 2
17961 0
9770 1
4359 2
17964 0
9773 2
17966 1
9775 0
264 0
9781 1
1591 1
1592 3
9785 2
1594 1
17979 2
1596 2
1597 1
1598 0
9792 2
17987 0
17989 1
1606 1
17992 2
1610 1
17996 1
9805 0
1615 2
9808 2
9812 0
12558 0
1622 2
3001 2
18008 1
18020 0
18010 0
271 2
7098 2
1630 1
9826 2
9828 1
9829 2
1640 2
1641 2
8238 0
1702 2
9838 1
9839 0
18032 0
18033 0
18038 2
9833 2
12603 3
1661 1
1662 2
9855 0
18048 2
9857 0
18050 3
18052 0
9862 1
1671 1
1672 3
18057 2
1674 2
18062 2
9872 1
18066 1
1688 0
1693 2
9886 0
18079 2
1696 2
9889 0
18082 0
1699 1
4421 0
1703 1
18091 2
1708 3
1710 0
1711 2
1925 3
9906 2
18100 1
1717 2
1718 2
1719 2
1721 2
9915 2
9916 1
18109 2
18110 1
1727 0
9920 0
9923 0
8481 0
9929 2
1738 2
1655 2
1740 0
18130 1
1747 0
1748 0
1749 0
1753 3
1755 1
18142 1
4389 2
6878 0
18147 1
18148 0
9958 0
9960 0
7213 0
1771 1
18156 1
1773 1
1775 0
296 0
18162 0
1779 0
9854 1
18167 1
15316 1
1788 2
9981 2
1790 2
18178 1
16683 2
3030 1
1800 0
18186 2
9998 0
18191 2
1808 2
1810 3
1812 3
10005 3
7129 2
18201 1
18203 2
3034 2
10014 1
1823 2
18210 0
1827 2
18212 1
18214 2
18218 2
1835 1
18221 2
1839 2
10032 1
18225 2
10034 1
10035 2
18228 2
10038 2
10039 2
18232 2
10041 2
18234 2
18235 2
1852 1
10045 1
16693 1
10048 2
18241 0
1858 1
1860 2
18245 0
1862 3
10055 2
18248 2
18250 2
1867 1
18255 0
1872 0
10066 3
18259 1
18264 1
1883 1
18271 0
10080 2
18274 3
18275 1
7142 1
10087 3
10088 1
10089 2
18282 1
18284 1
18287 1
18289 0
18292 0
18293 0
1911 0
10104 1
10105 0
10108 1
18301 2
1918 2
1922 1
1924 2
18309 1
18312 1
18316 1
10125 1
1934 0
10127 1
10129 2
16707 0
18324 2
1944 0
1946 0
1949 2
8517 1
10144 0
18337 0
10146 2
1958 0
10151 3
18344 2
10154 0
18347 2
1964 2
1965 2
13981 3
1970 0
1971 2
10164 2
18357 2
1976 1
18361 3
919 0
18363 1
18366 2
18372 1
18374 1
18375 1
10184 0
10185 0
9890 0
1998 3
18384 2
18387 2
10196 1
2006 1
18391 0
2009 0
2010 1
16719 2
18397 1
10207 2
10208 2
18401 1
18404 2
10213 2
10214 0
2025 1
10220 0
18415 2
16980 2
13992 0
10226 1
2035 2
18420 2
18424 1
12628 1
2043 1
10237 0
8797 3
16725 1
9343 2
614 2
18446 2
13997 0
10260 1
18455 2
2072 2
2073 2
10267 0
18464 0
1712 1
8539 1
2086 0
10279 2
10282 2
2091 2
1714 0
10286 1
16733 2
10288 1
2098 2
18483 2
10294 1
10296 1
1716 1
10299 2
2109 0
2113 2
10306 1
18499 1
2116 2
10309 3
10310 1
18503 3
18504 1
2121 0
10316 2
10317 1
10319 3
2128 1
10321 0
10324 1
10327 1
10328 2
2137 2
2138 2
18523 0
18524 1
10333 1
16741 2
2144 2
10337 2
10339 1
18534 2
617 0
1724 2
18541 0
2158 1
1725 2
2160 1
10358 2
2169 0
10363 0
10366 2
2176 2
10369 2
18563 0
18564 0
2184 3
2185 2
10379 2
18572 0
2189 0
2191 1
10384 0
10386 1
18579 2
2196 0
10390 0
2207 1
10401 2
2210 2
2211 0
14022 2
2215 1
18600 2
14023 1
18604 2
10413 0
18609 0
10418 1
18615 1
10426 1
2236 2
8565 3
2240 2
10433 2
2246 3
18632 2
5836 1
18637 1
2254 2
14029 2
18640 1
18641 2
2258 2
18644 2
18645 0
2262 0
2264 2
18649 0
18651 1
2268 2
10461 2
10466 0
10467 2
2278 2
18663 3
10473 0
18666 2
10475 1
2284 2
10479 2
18675 0
18679 3
10488 2
2297 2
18682 1
8575 3
10493 0
18688 1
16768 2
10498 2
10499 3
2309 2
10502 2
10503 2
10505 2
18701 2
10511 0
18704 1
18706 2
18707 1
2324 2
10517 1
18714 1
10523 2
2338 2
4715 0
2340 3
16774 1
18726 1
10535 2
2346 0
10541 2
2350 2
10543 2
18737 2
2355 2
2356 2
2357 2
2358 1
2362 2
18143 1
2364 2
10563 2
18756 2
2373 1
18760 3
2377 0
2380 1
2381 2
10575 1
2385 2
18771 2
2388 2
18773 3
10582 1
18775 1
18778 0
10590 2
10591 2
10592 2
3131 0
2406 1
10599 0
18792 2
2409 2
10602 2
8594 1
2414 2
15421 0
10609 0
18807 2
2424 3
10618 2
10619 0
10620 0
14811 2
2431 0
18816 2
18155 1
10628 2
18821 2
11329 2
18824 3
4326 0
16791 2
10636 1
10637 0
18831 2
18832 1
2449 2
2452 2
18839 2
2458 0
2463 3
18852 0
18853 2
18161 1
8604 2
18859 1
2476 0
10670 1
10672 2
10674 1
10676 0
2491 0
2497 0
2500 2
2501 1
2503 0
10701 2
10702 2
10655 0
2516 2
2517 0
10714 1
2524 1
2525 1
8813 1
2528 0
10724 0
9086 1
2534 1
2540 1
10734 1
16997 2
2544 0
10737 3
2546 2
10739 3
10741 1
2551 0
2552 1
10745 0
2555 1
11349 0
5268 1
10755 0
2565 0
2571 1
2572 0
2575 0
10770 1
10773 1
2582 2
2583 3
10777 1
2586 1
2587 1
10780 0
10783 3
10786 2
10791 1
10792 0
10796 2
10798 0
10799 1
10801 2
10802 0
8627 0
10805 0
10806 2
2615 2
10809 1
2621 1
10815 2
2624 2
10818 0
2628 1
10822 1
2631 1
10824 0
10825 0
658 0
10831 2
2640 2
2642 0
11747 2
10841 3
2650 1
5903 2
10844 1
12730 1
2655 2
10850 1
10851 1
10853 2
10856 2
12732 1
2666 0
9636 2
10863 0
10864 2
10865 1
10866 0
10868 0
8638 1
10872 1
10873 0
17820 0
16831 1
2686 1
18197 0
10881 2
10882 0
11371 2
10884 0
10891 0
10893 1
2702 2
10895 1
10897 3
2706 2
10901 2
10009 0
10906 2
2715 2
6910 2
2722 1
2723 2
10916 2
10917 1
10924 1
2735 1
2736 0
2739 2
2742 2
2744 0
18207 2
18095 0
2750 1
2751 0
2756 2
2758 2
2759 2
2762 2
2764 3
2769 0
16846 1
1828 2
2778 2
16847 0
2782 1
2783 3
8656 0
2788 0
2789 0
2790 1
2791 2
2797 3
10991 1
10992 2
2801 2
10996 1
2807 3
3199 3
11004 2
11005 1
12757 2
2822 0
11015 2
11016 0
11017 0
11020 2
2835 2
11034 2
11035 0
2845 1
11038 2
11040 3
17280 1
2851 1
11045 2
2854 1
2855 2
2860 0
11053 2
2862 2
4573 1
18227 2
11065 2
2874 0
2877 0
11070 0
11694 1
2880 2
11073 1
2882 2
2883 0
11078 2
2891 2
11087 2
11090 0
2902 1
2904 1
11097 1
2909 1
2911 2
2912 1
11109 2
11118 0
11119 1
2928 1
2929 0
11122 0
11125 1
11130 0
10047 1
11132 2
2941 3
11135 0
11136 2
7463 0
11138 2
11141 0
11142 1
2955 0
11149 0
2960 0
11154 0
2963 3
2968 2
11164 0
2973 2
11168 0
2977 0
2979 2
2983 2
2532 0
18247 2
2988 0
11183 2
2992 2
10056 2
11187 0
11191 2
3000 2
11193 0
11194 2
3005 0
3007 2
3008 0
3014 0
11207 3
3018 2
4465 0
11217 2
11220 1
11222 0
11225 0
11226 2
3036 0
11229 2
3038 1
3040 2
3042 2
11239 2
3048 3
3049 2
11431 2
3052 1
3056 2
3057 0
12377 2
3063 0
11258 3
11259 2
3073 1
3074 1
11267 2
3076 2
11273 3
3094 2
11289 0
3098 1
11295 2
3105 1
18267 2
3108 2
6923 0
3114 3
11307 2
3116 0
3125 0
3126 0
12809 1
11320 0
104 0
1468 2
11324 1
11326 0
11327 2
18272 0
11330 1
3140 1
3141 2
11334 2
11335 2
11336 2
3145 3
11340 2
9344 1
11343 2
3152 3
3154 3
10083 2
3156 0
3157 0
11351 0
3162 1
10332 1
3165 1
18277 0
3168 3
3170 3
11364 1
11366 0
11367 0
11368 0
924 1
18279 1
3183 2
11379 3
3191 2
11386 0
3195 2
10090 0
11391 0
3200 0
11393 2
11395 0
11397 2
11398 2
3208 2
11401 0
11403 2
3212 1
3213 0
3215 2
11411 2
3221 1
3229 1
3230 1
11425 2
11430 0
3239 0
3241 1
11434 2
3244 0
3245 1
11440 0
11444 2
3253 1
11449 1
8735 1
3261 1
11454 0
3263 2
11457 2
11458 2
15930 2
11461 1
11463 1
11465 3
3274 1
4768 2
3279 2
11477 2
3286 1
3287 2
3288 2
11484 1
11487 0
3296 0
9657 0
3299 0
3305 1
3306 0
6384 0
11502 2
11504 3
3313 2
11508 2
11511 1
3320 2
11514 2
3323 2
3324 2
16938 0
11518 2
3327 0
3329 0
12840 1
3341 0
11540 2
5567 2
3354 2
9659 1
3359 3
11554 1
11562 1
11563 1
4658 2
3376 2
11570 3
8755 0
3380 1
3381 1
3382 0
3387 1
11583 0
11584 3
3393 1
3395 1
11588 1
3399 0
3400 0
1932 0
567 2
3406 1
11599 1
3409 0
11603 3
3414 0
18390 0
18319 0
11612 3
11613 1
3422 1
3425 2
11620 1
11621 0
11622 0
11043 0
3433 3
3434 1
3435 3
11629 0
11631 2
3440 1
14227 1
4670 2
3446 2
3448 2
11641 2
11643 1
3452 0
3454 0
3456 0
15595 1
3460 2
3461 0
3463 2
11658 0
11659 2
11660 1
12866 2
3470 1
11668 2
3479 2
3480 2
3482 2
15599 0
3485 1
11678 0
11300 2
3488 2
3489 3
11684 2
11685 3
11690 0
8775 0
15665 1
3502 2
11704 2
11707 2
11715 0
588 1
11724 2
589 1
11731 2
11732 0
11733 3
11738 1
11739 1
11741 1
11742 0
11744 2
11515 0
3897 0
11644 1
11755 1
3564 3
3566 1
1960 1
595 1
3573 0
3665 0
14249 0
12884 1
11771 1
11773 2
3585 2
18348 1
11786 1
3603 2
11797 2
11805 0
11808 1
3619 2
3621 2
3628 0
11821 1
11823 1
11825 2
11826 2
6067 2
3637 2
11831 1
11833 1
11836 0
11838 2
3648 0
11841 2
11845 2
3654 0
11849 0
3658 2
3659 0
11855 0
11856 3
11857 0
8803 0
3669 0
3675 1
11871 2
11873 1
11874 1
1979 1
11877 2
11878 1
11880 1
11883 1
11884 2
11885 0
11887 2
17581 1
12905 3
11897 0
3706 2
11902 2
3712 2
11905 3
11907 2
3719 2
3727 2
3730 2
11923 3
622 0
3740 0
3745 2
5853 2
3747 1
1847 0
8817 1
3752 3
7453 1
627 1
3766 3
3768 0
3771 0
3772 1
629 1
11968 1
3777 2
3778 0
3781 1
11975 1
3792 0
3793 0
10190 0
11990 1
1763 0
10807 0
14287 1
15653 0
3811 2
3813 0
12006 0
12011 3
3822 3
17022 0
14585 0
12029 0
14293 0
12032 2
3842 0
14210 2
12037 2
12040 0
3849 0
3850 1
3373 3
17027 2
12053 1
3862 2
12057 1
2311 0
3873 0
12066 0
3876 2
12069 1
3879 2
3880 0
3882 1
12076 2
12077 2
3887 2
12083 2
12087 0
11572 1
3403 3
3899 2
3901 0
12098 1
12100 2
12106 2
12107 0
12108 2
12110 2
12114 0
3928 2
2020 3
11042 2
12125 0
12127 2
8860 1
6791 2
12136 2
12137 2
3949 0
5587 1
12145 1
3955 0
660 2
12154 0
3965 2
12158 2
12159 0
3968 3
3392 1
3973 1
12170 2
12172 1
12173 0
3985 2
3986 0
12181 1
12184 2
3396 0
16227 1
13772 2
666 0
4001 1
4003 1
12197 3
4006 2
15084 3
4009 3
12202 2
12206 1
12211 2
12212 1
4766 1
4022 0
4027 0
4029 2
10556 0
12223 1
672 0
12227 0
4037 3
4038 0
12232 2
12235 0
674 0
4047 1
4048 0
18425 0
4057 2
4058 2
12252 2
12253 0
4063 2
4064 3
12257 0
12258 2
12259 2
12264 1
12265 1
12266 2
12270 2
12272 2
12968 1
4087 0
18467 0
12283 0
12284 0
409 0
4102 3
4106 2
15703 1
12300 2
4115 0
4118 2
12312 0
12314 2
4126 0
12322 2
12324 2
12325 0
4134 0
12330 1
4140 0
4141 0
2320 0
4143 0
14344 0
12338 3
12341 3
6153 0
12344 2
4153 2
12346 0
14346 1
12360 1
4169 3
4170 1
4173 2
4176 3
12370 2
2594 2
12372 0
3428 1
4195 1
4204 0
15143 2
15721 2
12408 0
4221 2
4226 0
12420 2
12421 0
12426 0
4237 0
4239 0
12435 2
4245 2
18457 1
4248 0
4250 1
12445 2
12446 0
17093 1
4256 2
12450 0
4262 2
6143 3
12456 1
14364 1
4270 0
6173 0
12465 1
9144 3
14366 0
12470 2
8905 2
12473 1
4282 0
12481 0
12486 2
12487 0
12488 0
4297 0
4299 3
4302 1
12496 1
11640 2
2083 2
12505 1
4320 2
12513 2
4323 2
1235 2
12521 2
4333 2
15741 1
4337 2
4338 1
12532 2
12536 1
4352 3
4354 2
18475 0
17110 0
12551 2
12552 2
12554 3
2873 0
4366 3
10285 1
6965 2
4374 2
17113 1
7556 0
4378 0
4379 2
4380 2
12573 0
4383 2
4384 2
4385 1
12579 0
12581 0
4390 1
4394 1
12588 2
4397 2
8925 2
2099 2
7561 2
4409 1
4411 3
4413 3
4414 2
12610 0
12611 2
2102 2
4425 2
6200 1
4435 1
4436 2
7566 2
6201 2
12632 1
4152 2
2330 0
7567 2
12636 0
12638 2
741 2
12641 0
12643 1
4838 0
12648 2
4458 2
743 0
12652 2
12654 0
12657 2
12660 2
13515 1
12665 1
4475 0
12671 0
12672 3
16516 1
17131 1
4485 2
12678 1
4487 2
18306 2
4491 1
12686 2
4497 0
4498 2
4499 0
12692 2
4501 0
4504 2
4505 0
4508 2
4509 1
4511 1
18502 3
4518 1
12712 3
12714 1
4523 2
12717 1
4527 1
4528 2
10312 2
4532 1
7582 3
12727 1
4536 0
4537 2
4538 2
4539 1
4540 1
12734 0
12739 2
4550 0
4553 2
4557 1
12750 2
13023 2
6222 0
4566 2
17145 1
4570 1
4571 0
12765 2
15781 1
1234 1
12769 2
4580 1
4581 1
4582 2
8956 2
16404 3
4589 2
12782 0
12787 2
12788 2
12790 0
7593 2
12792 1
8959 0
4605 2
12803 1
4617 2
12811 2
4620 0
12815 3
2136 0
4626 2
12819 1
12820 2
4629 0
4630 0
4633 2
12826 2
4636 0
4642 0
12836 3
4648 1
12841 1
12843 1
4652 3
4653 0
4654 1
12847 2
4656 1
4872 2
12850 2
12852 2
12853 2
4662 0
4664 0
12861 2
12862 2
4671 0
4674 1
12867 1
7606 0
17341 0
12874 1
4683 0
12877 2
4686 2
4688 1
12883 1
16523 2
8974 2
15801 0
4696 1
4697 1
4698 2
4699 1
4704 1
4705 1
4707 2
4709 1
4712 2
4713 0
12906 2
12907 0
12908 0
8978 1
12910 2
4719 0
4721 2
12914 2
4723 0
11614 1
4726 1
12919 1
12920 1
4729 2
4732 0
4733 2
12928 1
12930 2
4741 1
12934 0
12935 0
4744 1
4745 1
4748 1
12941 1
4752 1
17176 2
4754 2
4755 1
18542 0
12950 0
12951 0
12953 2
4763 2
8986 2
12958 0
12960 2
12961 2
4770 2
4771 2
4772 0
4776 2
4777 1
7623 1
4781 1
12975 1
12977 2
12981 1
4790 1
12986 2
4795 3
12989 2
4799 1
12992 0
4801 1
4807 1
4808 1
4811 3
4813 1
4814 2
4815 2
4816 1
4819 1
4820 2
13014 2
4823 2
4824 2
8996 2
4826 1
4827 1
4829 0
4831 1
4832 2
8617 0
13028 0
4837 2
13030 2
4839 0
4843 2
4844 1
13041 2
4850 0
13043 2
13045 1
4854 0
4856 1
13053 0
13056 0
9982 1
4866 0
13060 0
13064 3
7800 0
7639 2
13069 1
4878 0
13072 0
4884 0
4887 1
4896 3
4897 2
4898 2
4900 0
4901 0
4904 0
13100 1
4910 0
4911 2
13107 0
13108 0
13114 2
4929 0
4930 2
13123 2
13124 3
13136 2
13138 0
13139 0
4950 2
4952 2
13146 0
4955 0
4961 1
14272 0
17211 1
13156 0
2194 3
829 1
13168 2
13173 2
13174 0
13177 1
4986 2
7658 0
13182 0
7659 1
4997 2
13195 0
13196 0
13201 2
13204 2
13209 2
5018 1
12715 2
13214 1
13216 0
5026 2
13220 2
13221 3
5030 2
5034 3
8351 1
13229 2
5039 0
13237 1
13239 0
13240 2
5054 1
5057 3
13252 0
5064 2
13257 2
5067 2
5651 0
18594 2
5072 3
13266 1
13267 2
13270 3
3577 0
6309 0
5088 1
5089 1
13282 2
5091 2
5095 2
13290 1
10407 2
13292 0
13293 1
13295 1
13297 0
16264 3
13303 2
5115 1
17237 2
15872 3
5122 2
5123 2
13316 0
13317 0
5126 0
7681 0
13320 2
10412 2
5130 1
13323 2
5132 2
5137 1
5138 0
13331 2
13332 2
5141 0
13334 0
5144 2
13337 2
5146 0
13342 2
5154 2
13348 1
13349 0
5160 0
860 3
13354 1
13358 1
17245 1
13360 2
5171 1
13364 3
13366 0
13367 3
9055 0
5185 0
5186 0
5187 0
13384 2
8629 1
10423 0
5196 2
4962 0
5200 0
16813 1
5214 2
5218 0
13411 0
13413 2
5224 0
18723 1
5226 1
13424 2
13427 2
13428 3
5244 0
13438 1
5258 1
13453 1
2599 2
5265 2
13458 0
13460 0
13461 0
13464 3
5273 0
9071 0
5281 0
13479 2
7708 1
13484 0
5293 2
5294 2
13489 0
13496 2
13497 1
13500 0
1268 0
13510 3
13512 1
13513 0
5322 2
5323 2
13516 1
5360 1
5326 0
13519 2
13520 2
5331 3
5332 2
5336 1
5338 0
3451 1
5345 2
15910 1
13542 0
10449 2
13544 2
14090 2
13551 2
13552 2
13553 0
5362 2
5365 3
13559 2
15981 0
2260 2
5372 2
5373 1
5377 2
17637 0
13572 2
5382 0
13575 0
13578 2
13580 2
17282 3
13586 0
4995 1
13588 2
13589 0
13595 0
5406 0
1271 0
2600 2
13607 2
13608 2
903 0
13612 2
5422 2
13621 2
5430 0
5433 0
13626 3
5436 3
5437 2
13631 2
5440 0
5441 2
5444 2
13638 2
5447 0
13641 2
13642 1
6370 2
13650 3
9102 1
5463 1
13656 1
5465 2
13659 1
5469 1
13664 0
5477 0
5478 0
1819 0
5481 0
13675 1
13676 0
5485 0
14640 0
13680 0
13685 1
14221 0
2281 2
5496 2
5497 2
5498 2
5501 1
5502 1
13695 2
13697 2
13698 1
5508 2
6380 0
17303 0
2093 0
13710 2
13717 2
13719 1
13720 2
13729 1
5538 0
13732 2
11846 0
5542 2
6385 2
5545 1
5548 2
9117 2
13747 1
13751 1
13753 1
13754 2
5564 1
13757 0
13758 0
13759 0
5569 1
11851 1
13765 0
5574 2
5580 1
5581 2
5583 2
13779 1
5589 3
13782 2
18681 2
13784 1
13786 0
13789 3
13790 1
5601 1
5603 0
7006 2
5606 0
5607 1
5609 2
5612 2
5618 0
13817 1
5630 2
14372 0
13827 0
13828 1
5637 1
13830 0
5639 2
5641 0
13834 2
5644 3
5645 0
5646 2
5649 1
2307 2
13845 1
5656 0
5658 3
5661 1
5664 2
5666 0
5668 2
5670 1
13864 2
13867 2
13872 1
13873 2
5682 3
5686 2
2313 1
13884 2
5697 2
5698 2
13893 1
8494 0
6412 2
1281 0
952 1
13906 1
5716 0
9145 0
13912 1
5930 2
13919 3
13921 1
13922 1
13925 0
13927 1
5736 2
13929 1
13930 1
13934 3
5743 1
5747 0
464 2
13941 0
13943 2
18708 2
5758 2
960 2
13954 1
5771 1
13965 0
13967 1
5777 2
5780 1
8103 2
13976 3
5787 0
10522 1
5791 1
18715 3
13990 0
5800 1
13993 2
7794 2
13256 1
5810 0
5811 2
5812 0
5814 2
5823 2
14019 2
5830 2
5831 0
5832 0
14028 1
5837 0
5838 2
5841 1
5843 2
14036 1
5847 0
14040 1
18724 0
5851 3
7802 0
14047 1
5858 2
5859 2
5863 2
5865 1
14059 1
5868 2
14062 3
5871 3
5872 0
14066 3
5879 2
5884 0
14077 3
14084 1
5894 0
5895 2
11653 0
13017 1
13271 1
14095 2
5904 2
14103 1
14107 0
5920 2
5921 1
5925 2
5928 2
14121 3
14122 3
5935 0
5937 0
14130 1
14133 2
8654 0
14137 2
14138 1
14140 2
14142 3
14144 2
5960 3
5090 3
14648 0
14163 0
5972 3
5975 3
14170 1
7823 2
5982 2
17381 2
14177 2
5989 2
5993 3
14189 0
14190 2
14191 2
16702 3
14195 2
14196 0
14198 3
14199 1
6009 3
6013 2
1564 1
14208 0
6018 1
14212 2
6021 2
6022 2
6024 2
6025 2
6026 2
7831 1
6028 0
14658 1
9317 0
14226 2
6035 0
10564 2
6044 3
14239 0
14241 2
14243 1
6053 1
6055 1
11932 0
14250 2
14251 0
14253 2
14256 1
6472 0
14259 1
6068 2
6069 1
14262 2
14264 2
14267 1
13843 0
14271 0
10568 1
14274 2
6084 1
14278 2
6094 2
10573 1
14292 0
6101 0
6102 2
9209 1
5386 1
6108 2
14307 2
14309 0
14312 2
1020 0
6127 0
6128 2
14322 2
14323 2
6135 2
14330 0
6139 0
6140 2
6141 2
14335 2
9216 0
6149 0
5121 2
6152 3
14345 3
6154 2
14349 1
6158 2
6159 2
14352 2
6164 2
6165 0
11662 2
14360 1
14362 1
6172 0
14365 3
6174 2
14367 1
14171 0
6177 1
18482 0
6180 3
6182 0
14380 0
14384 0
14386 2
14392 2
1843 0
6206 2
6207 2
6209 2
14407 1
14408 2
6221 1
14414 2
14415 1
14417 0
14419 3
14420 2
6231 2
14424 1
9482 0
7866 2
14430 3
14433 2
6243 0
18790 0
14438 0
13329 2
6251 2
14446 0
14451 0
6505 0
14459 0
6268 0
18794 0
14466 0
14467 1
1046 2
6282 2
14476 0
6286 3
14482 2
14488 3
10607 1
14496 0
14498 2
6307 1
14501 0
6313 0
6314 3
14509 2
14511 0
16850 3
14513 2
14521 3
6330 2
6332 2
14531 0
14533 2
14535 1
14538 2
14540 1
6349 2
6350 2
14545 3
14546 0
6363 2
6365 0
6367 2
14562 1
14563 1
14566 3
14572 0
6383 1
14576 0
13352 0
6386 1
14580 3
13353 0
6392 0
6393 2
18815 2
14591 2
6403 3
14597 1
14604 2
2443 0
6418 0
14611 1
6422 1
6424 0
5167 1
214 0
14625 2
14626 1
17945 2
6438 0
6440 1
14633 0
14636 2
6445 1
6446 2
14639 0
6448 1
18491 0
6451 2
14644 1
6453 3
6456 1
14649 2
11999 2
6460 0
6462 0
17461 3
11672 2
6467 2
6470 3
14664 1
14666 2
6475 0
14668 0
14669 2
6481 2
14675 2
14676 0
14679 0
17466 0
6494 0
6495 0
6497 0
6498 2
762 1
316 0
14710 2
6522 2
16584 0
11674 0
17472 0
14724 2
6533 0
8936 1
14734 0
14742 2
6553 0
14745 3
14751 2
16858 0
6563 3
9493 1
14761 1
1037 3
14766 1
6575 2
6576 2
6577 1
14773 0
219 0
14775 1
14777 2
18811 1
6587 1
6588 1
6590 0
14784 1
6593 2
6595 0
14789 2
14791 2
6600 0
6603 1
6605 0
14800 2
14802 2
14755 1
14804 2
14807 2
6616 1
6617 2
6619 2
6622 0
14815 2
14826 2
14828 0
14829 2
14832 0
6641 0
1107 1
14838 1
6648 2
9300 1
14845 0
2475 1
14858 2
14865 0
6674 1
6676 0
2478 3
6679 2
14767 1
14878 2
6690 1
6691 1
6692 2
14887 0
6697 2
6699 1
6702 1
6705 0
6706 1
6709 0
14903 2
14904 2
6713 0
14908 1
6719 1
14912 0
6722 2
6723 1
14916 0
6725 0
14921 1
6730 1
6732 2
6733 0
6737 1
6740 1
6741 0
6744 1
6747 2
14941 1
6751 0
14945 1
14949 0
14951 2
6760 0
6761 0
6763 0
6765 0
14959 0
14964 0
6774 0
6775 0
6776 2
14972 2
9322 1
6782 1
6227 2
6787 0
6788 1
14981 1
10689 3
6793 0
6794 2
14989 0
14993 0
14996 2
17518 0
6806 0
7961 2
6809 0
6810 1
15004 2
15005 1
2944 2
15014 0
17285 0
15020 0
500 2
6837 1
6840 2
3501 1
6846 3
15039 2
15040 1
15041 2
15042 2
6851 1
6853 0
12065 0
6856 1
6858 2
15051 2
6860 1
6861 0
15055 2
6866 2
15062 1
6871 0
6873 0
6875 1
15068 2
6877 0
15070 2
15072 0
6881 2
6886 2
15079 3
15080 2
1866 2
15085 2
15376 3
6898 1
15094 2
15095 1
15096 3
6907 2
15102 1
15103 1
15105 1
15106 1
15107 1
15109 1
15111 3
15112 1
15115 3
15116 2
15117 2
6930 1
15123 1
15124 3
6936 1
6939 2
15133 1
6942 1
15135 2
6945 0
15138 0
6947 3
15140 0
15141 1
6950 0
6951 0
15145 0
6955 0
4596 1
6961 1
6963 2
15157 2
6966 0
6967 2
15160 1
15162 1
6623 0
6978 0
15171 1
15172 2
15177 2
15181 1
6991 0
15184 0
6995 2
4520 0
15189 0
15191 2
7001 0
7002 2
15195 2
7871 0
15198 1
7007 3
7008 2
7010 1
7011 0
779 0
7018 1
7022 3
7023 1
15220 2
7031 1
15225 1
15229 2
7039 1
15233 2
9366 1
15239 2
15241 2
7052 1
15245 2
5272 0
7061 2
15260 2
15261 2
15264 2
15266 1
7075 3
7076 1
7077 2
15272 0
15273 0
17421 1
7085 0
15278 3
15279 2
15284 1
15286 1
16201 1
15290 2
1183 0
7102 2
7103 2
7104 0
15299 0
15301 2
15304 2
7114 2
7116 1
7120 2
7122 2
7123 2
784 0
7125 0
2553 1
15321 1
7134 1
7136 0
7137 0
7138 0
7139 0
7140 0
15333 2
15334 1
7143 0
7151 0
7153 0
7155 2
9385 3
15355 2
7164 2
9386 2
7166 3
9786 0
7172 0
7174 1
15368 3
5292 2
15374 0
15375 1
7184 0
2563 2
7194 2
7195 0
7203 2
5297 0
15404 0
15405 2
15413 2
15417 2
7228 1
7229 0
15426 1
7235 2
15428 2
7240 3
15244 0
7246 2
15440 1
9400 0
15442 0
15443 0
15448 2
3515 1
15457 2
15460 0
15461 0
6673 1
7274 1
15473 0
15482 1
15215 0
15487 3
15491 1
10774 1
15494 3
15496 0
15499 2
15500 2
15503 2
15505 0
15506 1
15509 1
15510 2
15511 0
15513 0
15514 0
15517 1
8048 3
15522 1
10779 3
5318 0
7336 0
15529 0
15531 0
15532 3
15539 0
7349 2
7350 1
15544 1
7337 0
2591 0
8014 2
15552 1
7363 0
15560 0
7372 2
15565 1
7374 3
15567 1
15568 3
7380 0
15574 0
3961 0
14884 2
7386 1
7388 2
15582 0
7394 2
7395 1
15589 2
6695 3
15596 3
7405 2
7407 2
7408 2
7409 1
15602 2
15603 1
7413 1
15607 1
15615 2
15616 0
15617 2
15618 0
15625 1
15628 3
15634 0
15635 1
15638 2
7447 2
15641 0
7450 2
15645 3
7454 1
16261 1
7457 0
15650 0
7461 1
15654 2
2609 0
15657 2
8432 1
1245 0
15664 1
7473 1
15669 1
15672 1
7481 1
15676 0
7485 0
1613 2
2613 1
7488 2
7489 2
15684 0
7499 3
15695 0
6712 2
7509 0
7510 0
7511 0
15704 0
15705 1
15706 1
15707 1
7516 2
7519 3
6797 2
7522 2
15715 2
7525 3
15718 0
15719 1
7528 3
7529 2
15724 0
15725 0
15726 1
7541 1
7542 2
9449 0
7544 2
7549 2
15744 2
15748 2
15749 1
15752 1
15753 0
8087 0
14914 2
15758 2
15759 3
7568 2
15761 2
15762 2
15764 0
15765 2
15768 1
15769 2
7578 1
15774 0
15775 0
15777 2
15780 0
7589 0
17649 1
2705 0
15785 0
15787 3
15788 1
15789 0
7598 2
12189 0
7603 2
15798 1
7608 0
17652 1
15802 3
7612 1
7615 2
7618 0
15812 2
12193 0
7624 3
7627 0
15822 0
15825 0
15827 3
17657 0
7641 0
15834 1
2639 0
7649 2
15845 2
7655 3
1887 2
11565 1
16295 1
15852 2
7661 0
7662 0
15855 1
7665 0
7667 1
15862 2
17127 0
7677 3
15871 1
7680 1
15873 0
7683 2
15877 0
13569 2
15880 1
7691 1
7693 2
7694 1
7695 2
15889 1
15895 0
15898 2
7707 2
15900 2
15902 1
15903 2
15906 2
7718 2
15911 3
7721 2
7722 3
2653 3
15920 1
4019 1
7734 2
7738 2
7740 0
1290 1
7745 1
7747 2
15940 0
7751 2
17676 0
7754 1
18055 2
5389 2
15954 1
7765 2
7766 1
15962 0
15963 2
7778 0
15971 2
7783 0
15977 0
15978 3
15979 1
7789 2
15983 2
15984 0
8170 2
15986 1
7796 3
7798 1
14953 3
15992 0
15994 2
7806 1
15999 1
16000 2
16001 0
16002 2
16003 2
16008 0
16011 1
16013 0
14957 1
7825 0
16018 1
16023 1
7832 3
16027 1
16028 1
7837 3
16030 2
16032 1
16036 1
16037 1
16038 2
16045 3
16048 1
16049 1
16050 3
7865 2
16058 0
7867 1
16060 2
16061 1
16063 1
16065 0
16066 1
16331 1
16069 2
7878 0
14967 0
7884 2
7888 0
16081 2
7890 2
7895 1
7896 0
7898 0
7900 2
16093 2
7902 0
7903 3
18056 0
7910 3
7912 0
1900 2
7916 2
16109 2
7918 0
7919 0
16113 2
16115 2
16117 2
8148 0
7934 2
16341 0
16129 1
8150 0
7945 2
16138 2
7947 2
16140 3
16143 2
16145 0
7954 0
7955 2
7957 0
16150 2
17723 1
7968 0
16162 3
16164 1
7975 2
7977 1
14983 2
7982 1
7986 2
16183 2
7998 3
10632 1
16196 1
16198 0
8009 2
18543 0
16204 1
16206 0
16207 0
8017 3
8021 0
8022 0
16215 1
8164 0
2703 0
16224 2
16226 0
8035 3
16231 1
16232 0
13628 1
8042 0
8044 1
16238 3
17725 0
16240 1
16244 1
16247 0
6804 0
8059 3
8061 0
8062 3
17728 0
16259 1
8069 2
16263 2
8072 1
16265 1
16266 2
16269 2
8079 0
16272 0
8082 0
16276 1
8085 2
16279 0
16909 1
2714 0
16288 1
13363 2
10907 1
8101 1
16294 3
4081 1
16297 0
18819 0
16301 1
8110 2
16304 2
8116 2
1353 0
18603 0
16318 0
16319 0
16321 0
8130 1
16325 0
16327 1
15001 1
16330 3
12279 2
16334 1
8143 0
16340 0
8149 2
16342 2
8152 3
2724 1
5727 0
8156 1
16350 2
8159 3
8162 0
16356 0
8167 0
16361 2
16362 2
16364 0
16367 2
1363 2
16374 0
16376 2
16379 2
16380 0
8190 2
