14 0
29 0
41 0
61 1
66 1
68 2
70 0
73 2
74 0
75 2
79 3
82 3
88 2
104 0
105 0
112 3
117 0
118 1
120 3
122 3
129 3
132 2
133 2
134 0
139 3
144 2
147 0
151 1
158 3
161 0
162 2
163 2
166 1
173 2
178 0
183 2
185 2
190 3
197 2
200 0
201 1
210 2
214 0
218 3
221 3
223 2
224 2
232 1
233 2
237 2
246 0
250 1
264 0
271 2
284 1
285 1
287 2
289 2
291 1
296 0
297 2
303 2
305 2
307 0
312 1
315 1
316 0
319 2
324 1
329 1
332 2
342 2
344 2
346 3
351 0
353 2
357 0
358 1
359 3
360 2
366 2
367 0
376 2
378 3
381 0
383 0
384 1
387 0
388 1
390 1
392 1
394 2
397 3
410 2
411 2
412 0
420 1
423 2
427 2
432 1
434 1
437 2
438 0
440 1
444 2
448 3
450 1
451 1
454 2
455 1
456 1
458 3
459 0
461 2
464 2
467 1
483 2
486 2
496 2
500 2
504 3
506 1
508 0
509 3
510 2
515 0
524 2
528 2
529 2
533 0
535 0
537 3
538 0
541 2
542 2
545 2
547 1
551 1
554 2
555 2
558 1
562 3
565 1
572 0
573 1
574 0
577 1
581 1
583 1
585 2
586 3
590 1
591 1
604 3
605 3
611 1
617 0
618 1
622 0
628 0
629 1
630 0
633 2
638 0
642 1
644 1
652 2
654 0
657 3
660 2
665 1
666 0
669 2
670 2
672 0
674 0
676 2
681 3
685 1
688 0
702 1
704 0
708 2
712 2
713 0
714 1
721 0
725 1
727 2
730 2
732 1
738 2
743 0
744 2
749 0
754 2
755 2
756 0
760 1
763 0
764 2
767 2
768 0
774 1
780 2
786 0
787 2
788 2
790 2
792 0
795 2
797 1
801 2
808 2
810 0
821 1
825 2
828 3
832 2
844 2
849 2
851 0
856 0
861 2
862 0
865 1
874 3
875 2
876 3
879 2
880 0
883 1
885 1
890 1
892 2
894 2
895 1
896 0
903 0
910 1
911 2
916 0
920 2
921 2
926 3
931 3
932 3
951 0
952 1
953 2
957 2
959 2
961 1
969 1
987 1
1004 0
1010 1
1011 3
1027 0
1028 1
1030 2
1032 1
1038 0
1040 0
1048 3
1050 1
1052 0
1057 0
1058 2
1063 2
1065 2
1070 1
1071 1
1073 3
1077 2
1079 2
1081 0
1082 2
1085 0
1088 0
1089 3
1092 0
1094 3
1098 2
1100 0
1102 0
1107 1
1108 2
1109 3
1115 1
1118 2
1133 2
1137 0
1138 2
1144 2
1150 2
1152 0
1154 2
1166 2
1173 2
1174 2
1175 2
1177 2
1186 0
1187 2
1188 1
1189 2
1196 2
1203 2
1205 1
1210 3
1211 3
1217 2
1218 2
1221 2
1225 2
1226 1
1236 1
1242 3
1243 2
1245 0
1246 3
1250 0
1251 1
1257 0
1258 0
1259 1
1265 3
1266 0
1268 0
1270 0
1274 0
1283 2
1286 2
1290 1
1292 2
1296 3
1314 1
1321 2
1322 2
1324 2
1328 0
1329 3
1331 1
1338 1
1340 2
1341 2
1343 2
1344 0
1349 0
1354 1
1355 1
1359 1
1364 3
1370 2
1372 1
1373 3
1375 2
1381 2
1383 2
1385 3
1387 1
1390 2
1391 0
1393 2
1395 1
1396 2
1401 2
1405 2
1415 2
1416 3
1418 0
1420 0
1422 2
1436 1
1437 3
1440 2
1444 2
1446 2
1449 2
1454 2
1458 2
1460 3
1465 2
1468 2
1473 1
1479 3
1482 1
1483 2
1486 0
1500 3
1521 3
1538 2
1540 1
1542 2
1545 2
1546 0
1548 2
1551 2
1561 2
1563 3
1575 1
1576 1
1583 2
1591 1
1596 2
1597 1
1605 0
1608 1
1610 1
1618 1
1619 2
1621 0
1622 2
1624 2
1629 0
1636 0
1640 2
1641 2
1646 0
1652 2
1653 2
1661 1
1662 2
1666 2
1671 1
1672 3
1674 2
1676 1
1684 3
1687 2
1696 2
1701 2
1702 2
1703 1
1705 0
1711 2
1713 0
1715 0
1717 2
1719 2
1723 1
1726 2
1732 2
1737 1
1738 2
1746 2
1750 1
1751 2
1753 3
1755 1
1757 1
1758 3
1768 1
1769 2
1773 1
1782 1
1784 1
1785 2
1789 2
1790 2
1795 0
1800 0
1805 3
1809 2
1817 1
1819 0
1821 1
1827 2
1828 2
1835 1
1836 1
1837 2
1838 2
1839 2
1840 2
1842 1
1843 0
1847 0
1852 1
1858 1
1860 2
1861 0
1865 0
1866 2
1882 0
1884 0
1887 2
1897 3
1901 3
1904 2
1907 0
1909 0
1911 0
1918 2
1920 2
1921 2
1923 2
1924 2
1925 3
1927 3
1932 0
1934 0
1944 0
1947 1
1949 2
1958 0
1961 2
1964 2
1965 2
1970 0
1982 0
1983 2
1987 1
1990 3
1992 2
1993 2
1994 0
1998 3
2001 0
2005 1
2006 1
2008 2
2009 0
2010 1
2025 1
2035 2
2043 1
2047 2
2052 2
2053 0
2062 2
2072 2
2073 2
2077 2
2083 2
2086 0
2087 2
2091 2
2093 0
2095 1
2098 2
2099 2
2112 2
2113 2
2116 2
2120 2
2121 0
2126 0
2128 1
2129 1
2130 1
2132 0
2138 2
2146 3
2150 2
2166 1
2171 0
2176 2
2183 2
2184 3
2185 2
2189 0
2191 1
2193 0
2196 0
2198 1
2200 1
2201 2
2202 2
2207 1
2208 3
2212 1
2214 1
2215 1
2221 0
2223 2
2234 2
2235 2
2236 2
2240 2
2251 2
2252 1
2254 2
2259 1
2260 2
2261 1
2262 0
2263 2
2265 2
2269 0
2272 0
2273 1
2275 2
2276 0
2278 2
2280 1
2284 2
2287 2
2297 2
2304 0
2305 0
2306 1
2309 2
2315 2
2318 0
2323 0
2324 2
2329 2
2330 0
2333 2
2350 2
2353 1
2355 2
2356 2
2358 1
2362 2
2364 2
2365 3
2368 1
2371 2
2380 1
2385 2
2386 2
2388 2
2393 3
2398 1
2403 1
2426 1
2427 2
2430 2
2436 0
2440 2
2444 1
2450 2
2451 2
2452 2
2458 0
2460 0
2462 2
2465 1
2466 0
2469 0
2471 3
2472 2
2478 3
2479 0
2483 1
2487 2
2491 0
2493 0
2500 2
2503 0
2505 3
2513 1
2514 1
2521 3
2522 3
2525 1
2526 1
2527 1
2528 0
2529 0
2539 2
2543 0
2546 2
2553 1
2555 1
2563 2
2565 0
2566 3
2572 0
2576 0
2578 1
2580 2
2582 2
2586 1
2591 0
2593 2
2597 0
2599 2
2600 2
2601 1
2606 3
2609 0
2615 2
2622 1
2624 2
2625 0
2626 0
2627 2
2631 1
2634 2
2637 0
2639 0
2640 2
2642 0
2648 3
2650 1
2654 2
2655 2
2664 0
2667 0
2675 3
2678 3
2706 2
2714 0
2715 2
2723 2
2724 1
2725 2
2731 3
2732 0
2735 1
2736 0
2738 3
2739 2
2742 2
2744 0
2746 0
2751 0
2753 2
2754 2
2755 0
2756 2
2762 2
2764 3
2766 0
2768 1
2769 0
2772 2
2784 0
2788 0
2791 2
2792 2
2794 3
2797 3
2800 2
2801 2
2803 2
2804 2
2807 3
2813 0
2820 3
2825 2
2835 2
2846 2
2847 1
2850 2
2851 1
2854 1
2855 2
2873 0
2874 0
2879 2
2880 2
2882 2
2883 0
2884 0
2891 2
2892 2
2893 0
2898 2
2901 0
2904 1
2908 0
2909 1
2910 1
2911 2
2914 1
2915 2
2917 0
2919 0
2921 2
2922 1
2926 1
2927 2
2928 1
2938 2
2939 2
2941 3
2942 2
2944 2
2946 2
2952 2
2959 2
2960 0
2962 0
2968 2
2973 2
2975 1
2979 2
2986 0
2988 0
2991 2
2992 2
3000 2
3001 2
3004 0
3010 3
3012 2
3018 2
3021 2
3033 0
3034 2
3036 0
3040 2
3043 3
3047 0
3048 3
3049 2
3052 1
3053 2
3057 0
3058 1
3063 0
3064 1
3070 2
3074 1
3076 2
3079 2
3081 2
3082 2
3087 2
3094 2
3098 1
3100 0
3102 2
3103 0
3104 0
3105 1
3110 2
3114 3
3117 3
3119 2
3122 3
3129 3
3135 2
3141 2
3147 2
3149 3
3154 3
3160 0
3162 1
3165 1
3170 3
3171 2
3172 2
3175 3
3177 3
3181 3
3185 0
3186 1
3187 2
3188 2
3191 2
3195 2
3197 0
3206 2
3207 2
3215 2
3216 2
3220 1
3221 1
3223 2
3224 3
3225 2
3230 1
3231 1
3236 0
3237 1
3239 0
3244 0
3247 2
3249 1
3252 3
3253 1
3255 1
3258 2
3260 0
3261 1
3263 2
3266 0
3268 2
3270 1
3272 0
3281 3
3285 1
3286 1
3287 2
3288 2
3296 0
3299 0
3313 2
3315 2
3320 2
3323 2
3325 0
3327 0
3328 1
3329 0
3330 1
3347 0
3349 2
3351 3
3352 1
3354 2
3358 0
3359 3
3369 2
3371 0
3375 2
3377 2
3380 1
3381 1
3383 1
3387 1
3389 2
3394 2
3396 0
3397 0
3400 0
3409 0
3414 0
3416 0
3419 2
3422 1
3424 3
3427 2
3431 1
3434 1
3435 3
3437 0
3440 1
3441 1
3444 2
3446 2
3447 2
3453 2
3454 0
3455 3
3460 2
3461 0
3469 1
3470 1
3472 2
3480 2
3485 1
3490 2
3491 2
3492 0
3495 2
3503 2
3504 2
3515 1
3516 3
3520 2
3521 2
3541 1
3542 0
3556 0
3557 2
3564 3
3567 2
3575 1
3581 0
3582 2
3585 2
3589 1
3595 0
3601 3
3605 1
3606 3
3616 3
3619 2
3621 2
3628 0
3633 1
3634 3
3637 2
3638 2
3652 0
3655 1
3658 2
3660 3
3661 2
3665 0
3666 0
3668 0
3669 0
3670 0
3671 2
3672 1
3673 1
3674 2
3675 1
3676 2
3677 2
3678 2
3679 2
3682 2
3683 1
3684 3
3687 0
3688 1
3690 2
3694 1
3696 0
3699 1
3703 2
3706 2
3712 2
3713 2
3717 2
3721 2
3727 2
3730 2
3731 1
3734 2
3740 0
3741 2
3745 2
3747 1
3750 1
3751 1
3752 3
3763 2
3765 2
3770 2
3777 2
3781 1
3784 2
3785 3
3786 0
3790 2
3791 2
3792 0
3796 2
3801 3
3807 0
3808 2
3809 0
3810 2
3811 2
3812 3
3813 0
3814 1
3815 1
3819 0
3822 3
3830 0
3832 1
3841 2
3862 2
3876 2
3879 2
3880 0
3887 2
3889 2
3897 0
3901 0
3912 1
3925 3
3936 1
3950 0
3960 2
3965 2
3967 3
3968 3
3970 3
3973 1
3974 3
3978 2
3984 1
3985 2
3986 0
3992 3
3994 0
3995 1
3997 2
3999 0
4006 2
4009 3
4010 2
4011 2
4015 1
4016 1
4017 2
4019 1
4021 1
4024 1
4030 1
4037 3
4038 0
4043 2
4044 2
4049 1
4050 1
4053 1
4057 2
4058 2
4060 1
4061 0
4063 2
4069 3
4070 3
4076 3
4079 0
4081 1
4087 0
4090 1
4094 3
4098 1
4101 3
4103 2
4106 2
4107 2
4114 1
4121 0
4126 0
4129 0
4131 0
4141 0
4142 0
4146 0
4151 2
4152 2
4164 0
4169 3
4173 2
4182 3
4191 2
4192 2
4197 2
4200 3
4201 2
4205 2
4206 3
4219 0
4220 2
4221 2
4225 2
4232 3
4238 0
4239 0
4245 2
4249 1
4256 2
4261 2
4262 2
4267 1
4270 0
4273 0
4276 2
4280 1
4296 0
4302 1
4307 2
4312 2
4318 2
4319 0
4320 2
4322 1
4323 2
4328 3
4331 1
4333 2
4335 2
4337 2
4338 1
4340 0
4342 2
4354 2
4359 2
4360 1
4362 0
4363 2
4364 2
4367 3
4370 1
4371 2
4374 2
4379 2
4380 2
4383 2
4385 1
4387 3
4389 2
4394 1
4397 2
4399 1
4407 0
4413 3
4414 2
4418 0
4421 0
4422 2
4425 2
4427 1
4433 1
4436 2
4441 1
4442 2
4446 3
4448 1
4451 3
4457 2
4462 2
4464 2
4467 0
4468 1
4471 1
4475 0
4480 1
4483 0
4485 2
4490 1
4497 0
4498 2
4501 0
4503 2
4511 1
4512 0
4516 0
4517 1
4518 1
4520 0
4521 1
4527 1
4528 2
4529 2
4531 1
4532 1
4535 3
4536 0
4537 2
4538 2
4539 1
4540 1
4542 1
4545 0
4552 1
4553 2
4557 1
4559 3
4560 0
4566 2
4571 0
4573 1
4574 3
4577 2
4582 2
4583 1
4584 0
4585 1
4586 1
4593 2
4594 1
4597 0
4599 1
4601 1
4605 2
4609 1
4610 1
4613 0
4614 0
4621 2
4622 2
4626 2
4629 0
4630 0
4632 2
4633 2
4636 0
4637 1
4639 2
4643 1
4652 3
4653 0
4656 1
4657 1
4658 2
4659 2
4662 0
4666 0
4668 2
4671 0
4674 1
4675 1
4678 1
4682 2
4683 0
4684 0
4685 0
4688 1
4689 0
4695 2
4697 1
4704 1
4705 1
4707 2
4708 1
4709 1
4710 1
4712 2
4713 0
4716 3
4717 0
4719 0
4721 2
4724 2
4726 1
4729 2
4732 0
4733 2
4736 2
4740 0
4741 1
4744 1
4745 1
4748 1
4752 1
4753 2
4754 2
4755 1
4757 2
4764 0
4766 1
4768 2
4776 2
4777 1
4784 1
4785 0
4786 3
4792 2
4796 2
4797 2
4798 0
4801 1
4803 3
4805 1
4807 1
4808 1
4811 3
4813 1
4814 2
4815 2
4822 0
4827 1
4829 0
4830 0
4831 1
4836 0
4839 0
4843 2
4844 1
4848 1
4849 0
4854 0
4855 2
4856 1
4860 2
4863 1
4864 3
4865 1
4866 0
4870 0
4874 2
4877 2
4878 0
4882 1
4885 1
4888 2
4897 2
4898 2
4900 0
4901 0
4904 0
4905 2
4906 3
4909 0
4910 0
4911 2
4913 3
4927 2
4929 0
4930 2
4931 2
4932 0
4936 0
4937 2
4942 0
4944 0
4948 2
4955 0
4958 2
4959 0
4963 3
4973 0
4980 1
4981 2
4986 2
4991 1
4993 2
4997 2
5000 3
5012 0
5013 3
5015 3
5020 2
5026 2
5030 2
5031 3
5034 3
5035 2
5044 2
5046 2
5051 3
5054 1
5057 3
5058 2
5063 2
5072 3
5082 2
5086 1
5090 3
5091 2
5095 2
5100 2
5101 3
5102 2
5108 1
5110 1
5115 1
5116 3
5121 2
5122 2
5123 2
5125 0
5126 0
5129 2
5132 2
5137 1
5138 0
5145 2
5148 2
5154 2
5171 1
5177 3
5179 0
5180 0
5183 3
5185 0
5186 0
5187 0
5191 2
5192 3
5195 2
5196 2
5197 3
5201 1
5202 3
5211 2
5214 2
5222 0
5224 0
5225 3
5226 1
5232 3
5242 2
5244 0
5247 2
5251 2
5253 3
5255 0
5258 1
5265 2
5267 0
5276 2
5283 2
5285 2
5287 2
5292 2
5293 2
5294 2
5297 0
5299 0
5301 0
5306 1
5307 0
5312 0
5317 0
5318 0
5321 3
5322 2
5331 3
5335 1
5336 1
5340 2
5345 2
5348 3
5352 1
5357 1
5361 2
5362 2
5363 3
5365 3
5367 2
5369 2
5372 2
5374 1
5375 2
5376 2
5378 2
5379 1
5381 2
5384 0
5387 2
5389 2
5399 3
5401 2
5413 1
5436 3
5437 2
5444 2
5447 0
5448 0
5457 2
5461 2
5463 1
5465 2
5476 0
5478 0
5483 1
5484 2
5485 0
5490 1
5494 3
5495 3
5496 2
5497 2
5498 2
5499 2
5503 1
5504 0
5508 2
5513 2
5515 1
5524 2
5526 0
5529 1
5538 0
5542 2
5544 3
5545 1
5548 2
5549 3
5550 2
5551 1
5555 3
5561 2
5562 1
5564 1
5567 2
5568 3
5569 1
5571 1
5572 3
5573 0
5576 1
5579 2
5580 1
5581 2
5583 2
5587 1
5588 3
5589 3
5590 3
5593 0
5603 0
5606 0
5608 1
5609 2
5610 2
5612 2
5613 1
5614 0
5615 3
5619 1
5622 0
5623 0
5624 2
5627 1
5628 1
5630 2
5631 0
5632 1
5637 1
5639 2
5641 0
5645 0
5648 1
5650 0
5653 1
5657 1
5658 3
5666 0
5668 2
5669 1
5670 1
5672 3
5673 3
5674 1
5680 1
5686 2
5690 1
5691 2
5697 2
5698 2
5705 3
5706 0
5712 0
5720 2
5727 0
5729 0
5736 2
5742 1
5745 2
5758 2
5776 2
5777 2
5787 0
5794 1
5797 0
5802 0
5804 1
5807 1
5810 0
5811 2
5812 0
5814 2
5818 2
5819 1
5820 1
5821 2
5823 2
5826 0
5828 0
5831 0
5833 3
5837 0
5839 2
5841 1
5845 0
5851 3
5853 2
5858 2
5859 2
5863 2
5865 1
5870 0
5878 0
5879 2
5881 2
5888 2
5894 0
5895 2
5903 2
5904 2
5907 2
5908 1
5909 3
5911 0
5912 2
5913 1
5915 3
5916 1
5922 0
5925 2
5928 2
5930 2
5932 1
5943 0
5948 2
5961 2
5971 2
5975 3
5976 3
5978 0
5980 3
5982 2
5983 0
5987 1
5989 2
5998 3
5999 2
6000 0
6003 1
6005 1
6011 2
6013 2
6017 2
6018 1
6021 2
6022 2
6023 1
6039 2
6044 3
6045 1
6053 1
6055 1
6057 2
6060 0
6062 3
6065 2
6067 2
6068 2
6071 2
6073 2
6075 3
6084 1
6086 3
6089 3
6094 2
6102 2
6104 2
6105 1
6108 2
6112 0
6115 3
6118 1
6119 1
6121 3
6124 0
6128 2
6135 2
6140 2
6141 2
6143 3
6151 2
6152 3
6153 0
6154 2
6156 0
6164 2
6169 2
6172 0
6174 2
6175 1
6176 1
6177 1
6182 0
6187 2
6188 2
6193 3
6196 2
6197 1
6200 1
6201 2
6202 1
6203 2
6204 2
6206 2
6207 2
6209 2
6227 2
6231 2
6236 0
6240 0
6243 0
6248 2
6250 2
6251 2
6253 2
6256 2
6265 3
6266 2
6267 2
6270 2
6276 1
6277 2
6282 2
6284 0
6286 3
6295 3
6304 1
6307 1
6309 0
6310 1
6313 0
6314 3
6315 0
6317 2
6319 1
6324 1
6331 2
6332 2
6338 1
6349 2
6356 1
6357 2
6359 2
6360 3
6367 2
6368 2
6369 1
6378 1
6379 1
6380 0
6383 1
6384 0
6393 2
6396 0
6398 3
6404 0
6407 2
6410 3
6411 1
6413 1
6414 2
6422 1
6424 0
6426 1
6433 1
6445 1
6446 2
6448 1
6451 2
6452 1
6453 3
6454 0
6462 0
6467 2
6468 1
6475 0
6485 0
6488 2
6493 2
6495 0
6497 0
6500 3
6501 0
6504 2
6505 0
6507 2
6513 0
6522 2
6563 3
6566 1
6575 2
6576 2
6577 1
6583 2
6588 1
6593 2
6594 3
6597 1
6603 1
6608 2
6612 2
6616 1
6617 2
6619 2
6620 2
6621 2
6622 0
6623 0
6626 3
6630 3
6631 2
6632 2
6633 0
6641 0
6646 1
6648 2
6657 1
6662 2
6671 3
6673 1
6674 1
6676 0
6679 2
6681 3
6682 3
6683 2
6689 2
6692 2
6697 2
6700 0
6702 1
6704 1
6705 0
6706 1
6707 1
6708 1
6709 0
6712 2
6714 0
6715 2
6723 1
6724 2
6725 0
6726 2
6732 2
6733 0
6734 3
6740 1
6747 2
6751 0
6752 2
6753 0
6754 0
6755 3
6759 2
6764 2
6770 2
6774 0
6778 1
6787 0
6788 1
6791 2
6792 0
6795 2
6796 0
6798 1
6799 2
6801 1
6802 3
6803 1
6806 0
6809 0
6810 1
6811 1
6813 1
6816 1
6817 1
6819 3
6824 0
6828 1
6830 2
6834 0
6837 1
6838 1
6839 3
6840 2
6842 3
6845 0
6847 0
6848 0
6849 0
6850 1
6851 1
6853 0
6854 1
6856 1
6857 1
6858 2
6860 1
6861 0
6863 0
6871 0
6872 2
6878 0
6880 1
6881 2
6884 0
6886 2
6887 1
6888 3
6890 1
6892 2
6898 1
6899 1
6901 0
6904 0
6907 2
6908 2
6910 2
6911 1
6912 2
6913 0
6914 2
6921 0
6922 1
6923 0
6925 0
6927 2
6930 1
6933 3
6936 1
6939 2
6941 0
6946 2
6951 0
6953 2
6955 0
6961 1
6962 2
6963 2
6964 1
6965 2
6967 2
6969 0
6977 0
6980 1
6982 0
6984 1
6989 1
6994 1
6995 2
6998 2
6999 0
7001 0
7004 2
7005 2
7006 2
7008 2
7009 2
7018 1
7023 1
7024 2
7026 0
7035 0
7036 1
7037 1
7038 0
7039 1
7044 3
7045 2
7050 1
7051 1
7052 1
7055 1
7056 2
7058 3
7061 2
7062 0
7069 0
7070 2
7073 2
7076 1
7080 0
7085 0
7087 1
7088 0
7090 3
7093 0
7096 2
7097 2
7098 2
7100 0
7103 2
7104 0
7105 1
7114 2
7120 2
7122 2
7126 0
7129 2
7130 0
7133 2
7134 1
7136 0
7137 0
7138 0
7139 0
7141 0
7143 0
7149 1
7157 2
7158 2
7160 3
7162 0
7164 2
7166 3
7179 3
7184 0
7185 2
7186 3
7201 1
7203 2
7205 1
7208 2
7209 2
7213 0
7214 2
7215 2
7219 3
7221 0
7227 2
7228 1
7229 0
7230 2
7231 0
7235 2
7239 1
7240 3
7242 0
7244 0
7246 2
7256 2
7264 2
7282 2
7284 0
7298 0
7306 2
7328 2
7330 0
7335 0
7337 0
7367 2
7370 3
7374 3
7386 1
7388 2
7389 2
7403 1
7405 2
7407 2
7408 2
7410 2
7425 3
7440 2
7442 2
7444 0
7447 2
7450 2
7452 2
7453 1
7458 1
7459 2
7461 1
7467 2
7475 0
7481 1
7483 0
7487 1
7488 2
7489 2
7491 2
7493 2
7505 2
7506 2
7510 0
7516 2
7522 2
7525 3
7527 3
7529 2
7532 2
7534 2
7538 3
7541 1
7542 2
7543 2
7545 1
7548 2
7556 0
7557 2
7558 0
7561 2
7563 2
7566 2
7567 2
7568 2
7569 2
7570 2
7575 2
7576 2
7578 1
7580 2
7589 0
7592 2
7594 3
7596 1
7606 0
7611 1
7612 1
7615 2
7618 0
7623 1
7624 3
7626 2
7627 0
7636 0
7639 2
7640 3
7642 2
7646 2
7649 2
7651 2
7661 0
7662 0
7663 2
7667 1
7670 3
7672 3
7675 0
7676 0
7677 3
7681 0
7682 2
7683 2
7695 2
7701 0
7707 2
7714 0
7715 0
7716 0
7726 0
7730 1
7733 3
7734 2
7736 3
7746 2
7747 2
7748 2
7751 2
7758 1
7759 1
7760 3
7762 1
7766 1
7772 1
7778 0
7780 0
7783 0
7789 2
7791 1
7795 0
7796 3
7802 0
7817 1
7820 2
7825 0
7831 1
7832 3
7837 3
7838 2
7844 0
7848 2
7852 3
7858 2
7864 3
7865 2
7866 2
7869 2
7870 3
7873 1
7878 0
7879 0
7884 2
7885 3
7890 2
7891 2
7896 0
7897 2
7898 0
7900 2
7901 0
7902 0
7910 3
7912 0
7913 1
7917 2
7924 3
7927 1
7931 0
7932 2
7934 2
7936 2
7937 0
7943 2
7945 2
7947 2
7952 0
7954 0
7955 2
7956 2
7967 3
7974 0
7975 2
7976 0
7986 2
8000 0
8001 1
8004 2
8009 2
8014 2
8017 3
8018 3
8020 2
8021 0
8022 0
8024 0
8028 3
8029 3
8033 3
8038 1
8054 2
8064 1
8069 2
8073 2
8075 2
8076 2
8082 0
8087 0
8090 2
8096 2
8098 1
8101 1
8110 2
8113 3
8115 2
8116 2
8119 0
8135 3
8140 1
8142 3
8145 1
8149 2
8150 0
8152 3
8156 1
8159 3
8162 0
8165 2
8167 0
8170 2
8172 1
8173 0
8179 2
8182 2
8186 2
8190 2
8192 2
8193 0
8194 1
8195 0
8197 2
8199 0
8201 2
8202 0
8210 0
8212 0
8213 1
8214 1
8219 2
8220 0
8222 2
8223 0
8224 1
8226 2
8228 2
8237 2
8238 0
8241 2
8260 0
8261 2
8262 2
8265 0
8266 2
8268 2
8274 0
8275 2
8276 1
8278 2
8283 1
8292 2
8300 2
8302 2
8303 2
8309 2
8312 1
8317 1
8324 0
8330 2
8331 2
8333 2
8334 0
8335 0
8338 2
8345 3
8353 1
8356 3
8358 0
8361 2
8365 1
8368 1
8371 2
8379 1
8383 2
8385 0
8386 2
8391 2
8392 2
8393 2
8396 0
8398 1
8401 2
8402 2
8403 3
8407 2
8412 1
8413 2
8416 0
8418 2
8420 2
8424 2
8426 2
8427 2
8428 0
8430 2
8434 0
8435 3
8437 3
8438 2
8440 1
8441 2
8444 0
8447 0
8449 2
8459 2
8461 3
8465 0
8468 0
8469 2
8473 2
8474 3
8477 0
8478 0
8480 1
8483 0
8485 2
8486 2
8488 2
8495 2
8496 2
8506 1
8514 1
8515 2
8525 2
8530 3
8533 3
8535 2
8536 1
8539 1
8548 2
8549 0
8553 2
8559 3
8564 2
8571 0
8573 1
8577 1
8578 2
8580 0
8583 3
8588 1
8592 2
8599 0
8601 2
8604 2
8608 1
8609 2
8611 2
8612 0
8613 2
8616 2
8621 0
8622 2
8625 2
8627 0
8629 1
8630 2
8632 2
8633 0
8635 2
8638 1
8639 0
8644 2
8646 1
8650 1
8651 0
8654 0
8655 2
8657 2
8665 2
8667 2
8669 2
8671 3
8675 2
8679 2
8686 3
8687 2
8688 2
8690 1
8691 2
8693 2
8696 2
8704 0
8708 2
8710 3
8718 2
8719 3
8721 2
8725 1
8727 0
8728 2
8732 1
8737 2
8738 0
8739 3
8740 2
8742 1
8745 1
8746 2
8747 2
8750 2
8758 2
8759 1
8761 1
8762 1
8764 1
8765 0
8767 0
8771 3
8772 0
8773 2
8775 0
8777 0
8780 1
8781 3
8785 0
8786 1
8788 2
8790 0
8793 1
8796 0
8799 2
8802 1
8804 1
8805 2
8806 0
8808 0
8809 0
8811 1
8813 1
8814 2
8817 1
8822 2
8825 1
8827 2
8830 0
8831 0
8834 2
8835 1
8837 0
8840 1
8841 2
8842 2
8843 2
8845 0
8849 2
8858 2
8860 1
8862 2
8863 3
8866 0
8868 2
8873 2
8877 1
8880 0
8883 0
8884 2
8889 2
8898 1
8900 2
8902 2
8905 2
8906 2
8910 2
8911 1
8912 3
8916 2
8918 0
8919 2
8921 2
8922 1
8923 2
8925 2
8927 3
8929 2
8932 0
8935 2
8937 0
8938 2
8940 2
8942 1
8945 2
8946 0
8953 1
8955 1
8956 2
8962 3
8963 2
8970 2
8975 2
8984 1
8986 2
8988 3
8990 2
8991 2
8992 3
8996 2
8999 0
9000 1
9001 0
9009 2
9011 2
9014 3
9018 2
9019 1
9023 2
9024 2
9028 0
9029 0
9036 3
9039 1
9049 2
9052 1
9057 1
9058 3
9070 2
9075 2
9078 0
9082 2
9083 1
9084 1
9088 3
9089 2
9091 3
9092 0
9093 1
9095 2
9098 2
9100 2
9103 2
9106 0
9107 0
9108 2
9111 2
9112 2
9113 0
9116 1
9118 2
9127 2
9129 2
9130 3
9132 2
9136 2
9137 2
9138 0
9139 2
9142 0
9154 2
9158 3
9164 0
9177 1
9178 1
9184 2
9196 0
9201 0
9209 1
9210 1
9214 3
9215 0
9216 0
9218 2
9223 1
9231 2
9232 2
9236 1
9247 0
9250 2
9264 1
9265 1
9266 3
9269 2
9270 2
9271 0
9272 3
9274 2
9275 2
9280 1
9287 0
9289 3
9290 3
9292 1
9296 3
9297 0
9299 3
9300 1
9301 0
9302 2
9304 2
9307 2
9308 1
9310 0
9312 2
9313 0
9316 0
9317 0
9318 0
9319 2
9320 2
9332 2
9333 3
9341 2
9343 2
9350 2
9351 3
9352 1
9355 3
9364 2
9373 3
9374 1
9376 0
9377 2
9378 2
9381 3
9383 0
9386 2
9389 0
9397 2
9402 2
9403 1
9407 0
9411 2
9413 0
9418 1
9421 2
9426 2
9427 2
9428 2
9439 2
9443 2
9446 1
9450 3
9451 0
9454 2
9457 2
9459 2
9460 2
9461 2
9462 2
9465 1
9470 2
9473 1
9474 1
9477 2
9478 2
9480 2
9482 0
9483 3
9485 1
9486 3
9492 2
9493 1
9499 2
9503 2
9507 0
9517 3
9531 2
9533 2
9536 0
9540 2
9543 2
9548 0
9554 2
9556 2
9563 0
9565 1
9578 1
9580 1
9588 2
9592 1
9593 2
9597 2
9598 2
9599 0
9601 2
9603 1
9604 2
9606 1
9608 1
9610 2
9611 2
9616 0
9618 0
9623 2
9626 2
9629 1
9630 2
9636 2
9637 1
9639 2
9645 2
9648 2
9651 1
9656 1
9657 0
9663 2
9666 1
9668 1
9669 2
9673 1
9675 1
9676 2
9683 0
9690 2
9691 3
9692 2
9694 0
9697 3
9702 2
9705 0
9707 1
9712 2
9715 2
9718 3
9734 0
9735 0
9741 2
9754 2
9762 3
9768 2
9770 1
9771 1
9780 2
9781 1
9782 2
9784 2
9787 3
9792 2
9795 0
9798 0
9808 2
9810 2
9811 0
9812 0
9820 0
9829 2
9832 0
9839 0
9856 1
9865 3
9866 0
9867 0
9873 2
9874 0
9878 3
9879 0
9887 3
9889 0
9890 0
9891 3
9892 0
9893 3
9896 2
9901 2
9906 2
9907 2
9921 3
9922 1
9929 2
9981 2
9982 1
9995 2
9999 2
10000 0
10003 1
10004 2
10006 0
10027 2
10030 2
10035 2
10036 2
10038 2
10041 2
10044 1
10045 1
10047 1
10050 1
10055 2
10056 2
10059 2
10060 2
10078 2
10080 2
10084 1
10087 3
10088 1
10089 2
10090 0
10092 1
10095 2
10098 1
10099 2
10105 0
10113 2
10119 1
10120 1
10121 1
10125 1
10129 2
10130 2
10134 0
10139 2
10140 2
10142 2
10146 2
10154 0
10161 3
10165 3
10166 2
10172 2
10176 1
10190 0
10196 1
10201 1
10207 2
10210 1
10212 0
10213 2
10216 2
10220 0
10222 2
10240 1
10242 1
10247 1
10254 2
10260 1
10261 2
10264 0
10270 3
10276 2
10279 2
10281 2
10282 2
10288 1
10294 1
10299 2
10301 2
10304 3
10306 1
10308 0
10309 3
10310 1
10311 2
10312 2
10316 2
10317 1
10318 1
10319 3
10324 1
10326 0
10328 2
10330 3
10332 1
10333 1
10335 2
10337 2
10339 1
10340 3
10342 2
10344 1
10351 2
10358 2
10364 2
10366 2
10371 2
10373 2
10379 2
10380 1
10384 0
10386 1
10391 1
10401 2
10405 2
10406 0
10407 2
10408 2
10410 2
10411 2
10412 2
10413 0
10415 2
10416 1
10419 0
10427 1
10428 0
10430 0
10449 2
10450 2
10453 2
10462 0
10464 1
10466 0
10467 2
10471 1
10475 1
10479 2
10484 2
10485 1
10486 2
10487 0
10488 2
10498 2
10499 3
10502 2
10505 2
10507 2
10509 0
10510 0
10513 0
10514 2
10515 0
10516 3
10517 1
10519 0
10522 1
10523 2
10527 3
10530 1
10531 0
10533 2
10542 2
10551 2
10556 0
10559 2
10560 0
10563 2
10564 2
10565 2
10573 1
10575 1
10576 2
10580 0
10581 0
10589 2
10595 2
10599 0
10602 2
10604 3
10605 1
10607 1
10609 0
10616 1
10620 0
10621 2
10622 2
10624 0
10628 2
10630 2
10632 1
10635 0
10636 1
10637 0
10648 2
10650 2
10658 2
10659 3
10660 2
10663 3
10670 1
10672 2
10676 0
10679 2
10680 1
10681 0
10686 0
10690 3
10693 2
10701 2
10702 2
10709 2
10712 2
10714 1
10716 1
10724 0
10726 2
10734 1
10741 1
10743 1
10745 0
10749 1
10753 2
10754 2
10755 0
10766 0
10771 1
10773 1
10774 1
10776 1
10779 3
10780 0
10781 2
10783 3
10785 2
10786 2
10788 1
10789 2
10790 0
10793 0
10796 2
10797 0
10798 0
10799 1
10801 2
10808 3
10809 1
10812 1
10816 0
10817 1
10822 1
10825 0
10827 0
10829 0
10838 1
10839 0
10843 1
10846 2
10849 0
10851 1
10853 2
10855 1
10856 2
10863 0
10864 2
10865 1
10867 1
10869 1
10877 0
10878 2
10879 2
10880 2
10881 2
10882 0
10883 2
10884 0
10887 2
10893 1
10895 1
10899 3
10904 3
10905 2
10906 2
10907 1
10913 3
10915 2
10919 0
10940 2
10941 0
10945 2
10973 2
10974 3
10985 0
10991 1
10993 3
11004 2
11005 1
11014 3
11016 0
11034 2
11035 0
11036 2
11038 2
11039 0
11045 2
11046 2
11047 2
11051 3
11053 2
11056 0
11058 2
11059 0
11065 2
11073 1
11074 2
11078 2
11079 2
11082 2
11085 2
11086 1
11089 2
11092 3
11094 1
11096 2
11097 1
11106 1
11109 2
11111 3
11112 1
11128 2
11129 2
11130 0
11132 2
11138 2
11141 0
11145 2
11148 2
11149 0
11151 1
11155 0
11159 3
11163 1
11164 0
11169 3
11173 1
11178 3
11181 1
11183 2
11184 1
11187 0
11191 2
11193 0
11194 2
11196 0
11199 3
11200 1
11205 0
11214 2
11215 1
11218 1
11220 1
11224 2
11225 0
11226 2
11229 2
11230 2
11234 1
11239 2
11245 3
11254 2
11261 3
11262 2
11263 3
11267 2
11273 3
11274 2
11276 1
11277 0
11292 0
11293 2
11294 3
11295 2
11299 1
11300 2
11307 2
11309 0
11312 2
11315 0
11317 3
11321 1
11323 2
11327 2
11329 2
11330 1
11331 3
11334 2
11335 2
11336 2
11340 2
11346 2
11348 1
11349 0
11350 1
11351 0
11354 2
11355 3
11358 0
11365 1
11366 0
11368 0
11372 0
11378 0
11379 3
11382 2
11383 1
11393 2
11395 0
11397 2
11398 2
11402 0
11414 1
11416 2
11421 2
11424 3
11425 2
11430 0
11434 2
11441 3
11446 1
11448 3
11451 1
11453 2
11454 0
11457 2
11458 2
11461 1
11463 1
11465 3
11471 2
11481 3
11487 0
11488 1
11497 0
11499 0
11501 3
11504 3
11508 2
11510 2
11512 2
11513 3
11518 2
11519 0
11528 1
11532 2
11540 2
11544 2
11554 1
11562 1
11565 1
11573 2
11575 0
11579 2
11581 2
11586 0
11599 1
11601 0
11610 2
11612 3
11615 1
11618 1
11619 1
11620 1
11629 0
11633 0
11638 2
11640 2
11641 2
11643 1
11645 1
11650 2
11652 2
11653 0
11654 0
11658 0
11659 2
11662 2
11669 3
11672 2
11674 0
11678 0
11679 1
11684 2
11690 0
11694 1
11704 2
11707 2
11713 2
11717 2
11724 2
11729 1
11733 3
11734 1
11738 1
11742 0
11743 1
11744 2
11747 2
11748 0
11751 1
11756 0
11757 3
11760 2
11764 2
11766 0
11771 1
11773 2
11779 0
11781 1
11786 1
11789 2
11791 3
11795 3
11798 2
11800 2
11802 0
11808 1
11815 1
11816 0
11823 1
11824 1
11825 2
11826 2
11827 0
11828 1
11831 1
11833 1
11836 0
11838 2
11839 3
11840 0
11841 2
11844 2
11845 2
11849 0
11851 1
11854 0
11856 3
11860 1
11861 1
11863 1
11870 3
11871 2
11874 1
11877 2
11879 2
11880 1
11882 3
11884 2
11885 0
11887 2
11902 2
11905 3
11907 2
11909 2
11913 1
11916 0
11923 3
11924 3
11925 3
11926 0
11941 2
11944 2
11952 2
11963 2
11968 1
11975 1
11998 2
11999 2
12011 3
12013 2
12023 1
12032 2
12034 1
12037 2
12053 1
12055 2
12061 3
12065 0
12069 1
12073 1
12076 2
12077 2
12082 0
12083 2
12091 2
12094 2
12097 1
12098 1
12100 2
12102 0
12103 3
12106 2
12109 2
12110 2
12113 2
12126 2
12127 2
12133 0
12135 0
12136 2
12137 2
12139 2
12142 2
12144 1
12145 1
12149 1
12154 0
12157 3
12164 0
12170 2
12176 1
12180 1
12181 1
12183 2
12184 2
12189 0
12191 0
12192 0
12193 0
12196 3
12205 1
12206 1
12207 2
12209 2
12210 2
12212 1
12214 2
12218 2
12220 1
12230 1
12232 2
12235 0
12238 3
12252 2
12257 0
12259 2
12260 1
12262 2
12265 1
12266 2
12268 2
12270 2
12272 2
12279 2
12285 0
12293 3
12298 2
12300 2
12306 2
12308 2
12312 0
12313 2
12314 2
12319 2
12323 3
12324 2
12330 1
12332 2
12344 2
12348 1
12349 1
12354 2
12366 2
12370 2
12372 0
12380 0
12390 2
12392 1
12393 1
12410 2
12411 2
12416 1
12417 2
12424 2
12426 0
12428 3
12429 0
12430 1
12431 3
12433 2
12434 2
12435 2
12439 0
12448 1
12450 0
12459 1
12462 2
12464 0
12465 1
12466 1
12476 2
12478 0
12486 2
12487 0
12496 1
12503 0
12506 1
12509 2
12514 0
12521 2
12537 3
12539 2
12546 0
12548 0
12552 2
12554 3
12556 0
12558 0
12559 1
12563 2
12573 0
12579 0
12581 0
12588 2
12590 3
12591 1
12594 1
12595 2
12596 2
12598 1
12599 2
12601 0
12603 3
12611 2
12612 3
12618 1
12620 3
12626 2
12628 1
12630 2
12634 0
12635 0
12636 0
12638 2
12639 0
12640 1
12641 0
12643 1
12648 2
12649 1
12651 0
12652 2
12654 0
12656 0
12657 2
12662 1
12663 2
12664 1
12669 2
12672 3
12686 2
12692 2
12695 3
12698 2
12700 1
12702 2
12712 3
12717 1
12718 1
12727 1
12728 2
12730 1
12732 1
12734 0
12737 1
12739 2
12740 0
12741 1
12744 0
12748 2
12750 2
12757 2
12760 0
12761 2
12763 2
12765 2
12769 2
12771 1
12772 0
12774 1
12780 1
12783 1
12786 0
12787 2
12788 2
12790 0
12792 1
12795 0
12796 0
12802 1
12807 3
12808 3
12813 2
12820 2
12827 1
12828 0
12836 3
12839 0
12840 1
12842 2
12843 1
12847 2
12850 2
12852 2
12856 2
12861 2
12862 2
12863 1
12865 2
12866 2
12867 1
12869 2
12870 1
12872 2
12874 1
12877 2
12883 1
12896 0
12898 1
12905 3
12906 2
12907 0
12908 0
12909 2
12910 2
12918 0
12919 1
12924 2
12928 1
12930 2
12932 1
12933 0
12941 1
12944 2
12946 1
12951 0
12953 2
12958 0
12960 2
12961 2
12963 1
12964 2
12968 1
12971 1
12972 2
12985 0
12987 1
12998 1
12999 1
13010 0
13011 0
13013 1
13014 2
13016 2
13017 1
13019 2
13020 0
13023 2
13024 2
13027 0
13030 2
13037 1
13041 2
13042 2
13043 2
13045 1
13047 0
13053 0
13054 1
13056 0
13060 0
13076 3
13077 2
13090 2
13092 1
13096 2
13097 2
13100 1
13102 1
13104 3
13107 0
13108 0
13110 1
13112 1
13122 1
13123 2
13127 2
13128 1
13136 2
13140 3
13143 0
13150 3
13153 2
13154 2
13156 0
13168 2
13169 1
13173 2
13175 2
13178 0
13181 1
13184 1
13194 0
13195 0
13196 0
13199 1
13202 1
13204 2
13208 2
13209 2
13220 2
13221 3
13226 0
13229 2
13237 1
13244 2
13245 2
13248 1
13253 2
13256 1
13257 2
13260 3
13266 1
13267 2
13271 1
13273 1
13276 2
13277 2
13278 2
13279 2
13282 2
13283 2
13285 2
13290 1
13295 1
13297 0
13300 2
13301 2
13302 1
13303 2
13316 0
13317 0
13322 2
13323 2
13329 2
13331 2
13332 2
13334 0
13335 0
13339 3
13348 1
13349 0
13351 2
13353 0
13360 2
13364 3
13366 0
13373 2
13375 0
13376 3
13383 2
13397 0
13401 2
13412 0
13413 2
13414 2
13418 1
13419 1
13424 2
13427 2
13428 3
13433 2
13435 2
13439 1
13442 2
13443 1
13446 3
13448 0
13449 2
13455 3
13458 0
13459 0
13461 0
13463 0
13464 3
13477 2
13479 2
13482 3
13489 0
13490 1
13494 3
13496 2
13498 2
13500 0
13503 2
13511 2
13512 1
13519 2
13520 2
13532 0
13534 1
13539 1
13542 0
13544 2
13545 3
13547 2
13549 2
13551 2
13552 2
13557 0
13559 2
13565 2
13567 3
13568 3
13570 3
13572 2
13573 2
13578 2
13581 0
13583 2
13585 2
13586 0
13588 2
13594 3
13596 2
13600 1
13602 2
13603 0
13605 2
13607 2
13608 2
13612 2
13625 0
13626 3
13628 1
13629 1
13634 2
13638 2
13642 1
13644 3
13645 3
13646 1
13647 2
13653 0
13656 1
13658 2
13659 1
13660 3
13670 2
13676 0
13687 2
13689 0
13691 2
13695 2
13696 2
13697 2
13699 0
13702 2
13708 3
13710 2
13718 2
13720 2
13721 1
13723 2
13726 2
13727 1
13729 1
13732 2
13737 2
13741 2
13744 1
13747 1
13752 1
13754 2
13759 0
13760 2
13769 0
13773 0
13776 1
13779 1
13782 2
13783 2
13786 0
13790 1
13807 0
13815 0
13820 1
13823 1
13834 2
13836 2
13838 1
13845 1
13852 2
13864 2
13865 2
13869 1
13871 1
13879 2
13889 1
13892 3
13893 1
13896 0
13897 0
13898 3
13899 0
13900 0
13902 0
13914 3
13917 2
13919 3
13920 2
13929 1
13930 1
13938 2
13943 2
13951 3
13965 0
13974 1
13975 1
13981 3
13984 0
13990 0
13993 2
13999 1
14002 0
14011 3
14025 1
14029 2
14031 0
14035 3
14036 1
14041 2
14042 2
14047 1
14048 1
14054 1
14060 2
14062 3
14065 0
14066 3
14073 0
14074 3
14084 1
14086 1
14087 3
14090 2
14095 2
14096 1
14098 2
14103 1
14107 0
14119 1
14121 3
14125 2
14126 2
14128 2
14133 2
14134 0
14137 2
14138 1
14140 2
14142 3
14144 2
14150 1
14151 2
14156 1
14157 2
14166 2
14171 0
14175 0
14180 1
14185 1
14186 2
14189 0
14190 2
14191 2
14194 2
14198 3
14199 1
14208 0
14210 2
14212 2
14214 2
14219 0
14221 0
14222 0
14224 1
14228 0
14233 0
14234 0
14238 1
14244 2
14246 2
14251 0
14252 0
14254 2
14256 1
14257 1
14258 2
14259 1
14262 2
14263 2
14264 2
14265 2
14272 0
14274 2
14275 1
14277 2
14278 2
14280 0
14287 1
14288 0
14289 1
14292 0
14293 0
14294 0
14296 2
14302 2
14307 2
14309 0
14310 3
14312 2
14316 2
14317 0
14320 2
14322 2
14323 2
14327 2
14335 2
14337 1
14345 3
14346 1
14347 2
14349 1
14352 2
14355 2
14357 2
14360 1
14364 1
14365 3
14367 1
14368 2
14369 2
14371 1
14373 1
14378 0
14380 0
14382 2
14385 1
14386 2
14387 2
14389 2
14391 0
14392 2
14393 2
14408 2
14411 2
14412 2
14418 0
14420 2
14425 2
14427 2
14430 3
14431 1
14432 3
14433 2
14444 2
14449 2
14451 0
14454 2
14455 0
14458 2
14461 0
14474 3
14477 0
14486 0
14488 3
14489 1
14490 2
14498 2
14501 0
14503 2
14505 2
14509 2
14510 2
14512 1
14513 2
14514 3
14515 3
14531 0
14533 2
14535 1
14538 2
14540 1
14542 2
14545 3
14546 0
14550 1
14556 2
14560 1
14564 0
14565 1
14571 2
14572 0
14576 0
14578 1
14580 3
14584 0
14586 2
14591 2
14592 2
14604 2
14607 2
14611 1
14617 2
14622 2
14625 2
14626 1
14627 2
14632 2
14637 0
14638 1
14644 1
14647 2
14648 0
14651 2
14663 2
14664 1
14666 2
14668 0
14674 2
14675 2
14676 0
14682 2
14690 2
14693 3
14715 2
14724 2
14725 0
14728 3
14730 1
14731 2
14736 2
14737 2
14746 2
14748 0
14750 2
14753 2
14761 1
14773 0
14777 2
14782 2
14787 0
14789 2
14791 2
14792 2
14793 1
14796 2
14800 2
14801 1
14802 2
14804 2
14808 2
14809 2
14811 2
14812 3
14815 2
14823 3
14824 3
14828 0
14829 2
14830 2
14834 1
14842 2
14844 2
14845 0
14848 1
14849 2
14850 2
14851 2
14858 2
14864 2
14867 0
14871 0
14874 2
14876 2
14878 2
14881 1
14884 2
14886 1
14888 2
14899 1
14901 0
14902 2
14904 2
14909 1
14912 0
14913 2
14916 0
14917 1
14921 1
14924 1
14930 0
14934 2
14936 0
14940 0
14945 1
14947 1
14951 2
14952 1
14955 2
14963 3
14965 0
14966 0
14967 0
14971 0
14972 2
14975 1
14977 0
14978 3
14979 3
14981 1
14983 2
14988 1
14989 0
14993 0
14996 2
14997 0
15001 1
15004 2
15008 2
15009 2
15017 1
15021 2
15034 2
15035 3
15039 2
15042 2
15043 2
15044 1
15046 1
15047 0
15050 2
15051 2
15055 2
15060 3
15062 1
15066 2
15067 2
15068 2
15069 2
15070 2
15071 0
15072 0
15075 2
15077 0
15078 2
15079 3
15080 2
15085 2
15086 2
15087 2
15091 1
15093 3
15094 2
15101 1
15102 1
15103 1
15105 1
15107 1
15109 1
15111 3
15112 1
15114 2
15115 3
15116 2
15119 0
15120 0
15123 1
15124 3
15128 0
15129 1
15132 1
15133 1
15134 1
15135 2
15137 3
15138 0
15139 2
15140 0
15141 1
15143 2
15144 0
15145 0
15151 3
15156 3
15157 2
15160 1
15162 1
15166 0
15167 2
15170 1
15171 1
15172 2
15177 2
15179 2
15180 1
15184 0
15188 0
15189 0
15190 0
15191 2
15192 0
15193 1
15197 2
15206 0
15211 3
15213 0
15215 0
15217 2
15220 2
15225 1
15228 0
15229 2
15230 2
15231 0
15232 1
15233 2
15238 0
15241 2
15243 1
15245 2
15246 0
15248 1
15250 3
15253 2
15254 3
15259 0
15260 2
15261 2
15264 2
15266 1
15270 0
15275 1
15276 2
15279 2
15282 2
15289 3
15293 0
15296 2
15304 2
15308 1
15312 3
15316 1
15323 2
15329 2
15333 2
15363 2
15368 3
15373 3
15374 0
15375 1
15376 3
15377 2
15380 1
15401 0
15403 1
15405 2
15409 2
15411 0
15413 2
15414 3
15417 2
15418 3
15424 0
15428 2
15433 1
15439 1
15440 1
15442 0
15448 2
15455 0
15457 2
15461 0
15462 3
15467 0
15471 1
15473 0
15482 1
15484 1
15486 2
15487 3
15488 3
15491 1
15493 2
15494 3
15495 1
15496 0
15500 2
15503 2
15505 0
15506 1
15509 1
15510 2
15514 0
15517 1
15519 1
15522 1
15523 0
15525 2
15530 0
15532 3
15539 0
15543 1
15552 1
15554 2
15559 3
15562 0
15563 0
15565 1
15571 0
15574 0
15577 3
15579 2
15582 0
15584 2
15589 2
15593 0
15599 0
15600 2
15602 2
15603 1
15606 2
15612 1
15613 1
15616 0
15620 1
15625 1
15627 1
15628 3
15629 1
15634 0
15638 2
15639 1
15641 0
15645 3
15647 1
15649 3
15652 1
15654 2
15656 0
15658 2
15669 1
15670 3
15676 0
15677 1
15679 0
15684 0
15688 0
15693 0
15694 1
15697 0
15699 1
15701 0
15703 1
15704 0
15706 1
15707 1
15708 2
15714 1
15716 0
15717 0
15719 1
15721 2
15723 0
15727 0
15734 2
15735 0
15736 1
15741 1
15744 2
15745 2
15746 0
15748 2
15749 1
15757 2
15758 2
15759 3
15761 2
15764 0
15769 2
15770 2
15772 2
15773 2
15775 0
15776 2
15778 0
15780 0
15781 1
15786 0
15787 3
15788 1
15796 3
15798 1
15801 0
15809 1
15814 1
15815 1
15818 2
15820 1
15827 3
15830 3
15834 1
15842 0
15844 2
15847 1
15852 2
15855 1
15859 1
15864 0
15866 1
15871 1
15873 0
15874 3
15877 0
15878 2
15886 0
15892 1
15894 1
15895 0
15898 2
15899 1
15900 2
15902 1
15908 1
15919 0
15920 1
15921 2
15923 1
15930 2
15931 0
15936 2
15954 1
15957 0
15958 3
15959 1
15962 0
15963 2
15965 3
15966 2
15973 2
15977 0
15978 3
15982 2
15983 2
15984 0
15991 0
15992 0
15994 2
15999 1
16000 2
16001 0
16002 2
16003 2
16005 1
16006 1
16010 0
16011 1
16015 1
16018 1
16020 1
16021 0
16026 2
16032 1
16034 2
16036 1
16037 1
16038 2
16040 2
16041 1
16043 2
16046 0
16049 1
16050 3
16052 0
16054 1
16056 1
16058 0
16060 2
16061 1
16064 2
16065 0
16066 1
16069 2
16073 1
16076 2
16079 2
16082 2
16085 0
16086 0
16087 2
16088 1
16089 3
16091 2
16093 2
16098 0
16104 0
16106 2
16108 2
16109 2
16110 2
16113 2
16114 2
16115 2
16117 2
16122 1
16123 1
16127 3
16131 1
16134 0
16138 2
16139 2
16143 2
16144 0
16145 0
16148 2
16154 3
16157 2
16158 3
16159 0
16178 1
16182 1
16183 2
16184 2
16186 2
16188 3
16191 1
16192 0
16198 0
16200 0
16201 1
16202 0
16203 0
16207 0
16209 2
16213 0
16214 2
16215 1
16224 2
16228 3
16234 2
16235 1
16242 1
16243 1
16247 0
16250 2
16252 1
16254 2
16260 1
16261 1
16263 2
16264 3
16265 1
16266 2
16275 0
16276 1
16279 0
16284 3
16285 0
16288 1
16290 0
16291 2
16292 0
16294 3
16301 1
16307 0
16318 0
16319 0
16321 0
16324 0
16325 0
16327 1
16332 2
16334 1
16336 3
16337 2
16338 2
16342 2
16344 2
16345 1
16349 1
16356 0
16359 1
16366 0
16367 2
16369 0
16372 1
16374 0
16376 2
16377 1
16379 2
16380 0
16381 1
16382 1
16386 2
16387 2
16395 0
16396 1
16397 1
16404 3
16405 2
16406 0
16407 0
16412 0
16414 2
16415 2
16418 0
16419 1
16422 2
16423 0
16424 1
16429 2
16430 2
16432 0
16433 2
16436 1
16438 3
16443 2
16444 0
16445 2
16447 2
16454 3
16455 2
16456 2
16460 2
16461 2
16464 1
16468 2
16476 2
16484 1
16495 1
16507 1
16509 1
16512 1
16513 1
16514 2
16515 2
16517 1
16518 2
16519 0
16521 0
16522 1
16523 2
16527 2
16533 1
16534 0
16540 2
16541 0
16550 1
16553 1
16566 3
16569 0
16572 3
16581 1
16583 2
16584 0
16587 0
16588 3
16590 3
16594 2
16595 3
16597 0
16598 2
16605 2
16612 1
16613 2
16614 0
16618 2
16625 0
16626 2
16629 0
16631 0
16632 2
16636 2
16637 3
16639 1
16640 1
16644 2
16646 1
16647 0
16648 0
16650 0
16657 1
16663 2
16666 1
16668 1
16670 0
16672 0
16673 1
16678 1
16684 2
16686 1
16689 1
16697 2
16699 0
16700 2
16701 2
16702 3
16704 3
16705 1
16710 3
16713 0
16715 0
16716 0
16719 2
16720 2
16723 3
16728 1
16730 0
16731 0
16732 1
16733 2
16736 0
16741 2
16743 2
16744 2
16747 3
16752 2
16757 0
16765 2
16771 0
16773 2
16775 1
16776 0
16784 2
16785 3
16786 1
16792 0
16794 3
16799 1
16800 3
16804 3
16805 0
16806 1
16807 1
16814 2
16815 2
16818 0
16819 2
16825 1
16830 1
16831 1
16833 2
16834 1
16837 1
16839 0
16841 2
16847 0
16849 0
16851 2
16852 1
16854 2
16856 2
16858 0
16865 0
16870 2
16871 0
16876 3
16880 0
16884 1
16893 2
16897 2
16900 2
16904 3
16911 0
16914 1
16919 1
16923 2
16926 2
16927 1
16928 2
16929 2
16930 2
16935 2
16938 0
16939 1
16940 2
16941 0
16948 0
16950 2
16953 1
16956 1
16961 3
16962 2
16966 2
16973 0
16977 0
16978 2
16980 2
16985 1
16989 1
16991 3
16992 2
16993 2
17001 0
17002 1
17004 1
17008 2
17010 1
17012 3
17016 0
17019 1
17022 0
17023 1
17027 2
17028 0
17035 2
17036 2
17040 1
17041 1
17042 2
17044 0
17049 1
17050 1
17052 2
17055 2
17056 2
17059 0
17062 0
17063 1
17065 0
17066 2
17067 1
17073 2
17074 1
17077 3
17078 2
17086 3
17089 0
17090 3
17091 0
17093 1
17095 0
17097 2
17098 2
17099 2
17104 0
17109 0
17112 0
17113 1
17115 2
17117 1
17118 2
17119 0
17121 2
17129 1
17131 1
17133 0
17135 2
17142 0
17143 1
17147 0
17151 2
17152 1
17153 0
17154 0
17156 2
17159 3
17167 2
17168 2
17170 3
17173 1
17176 2
17180 2
17181 2
17182 1
17184 1
17188 2
17194 2
17199 2
17205 1
17206 1
17207 3
17211 1
17215 0
17217 2
17218 1
17220 1
17225 0
17226 0
17227 1
17231 0
17233 2
17235 0
17237 2
17239 1
17242 2
17244 0
17252 2
17255 0
17256 2
17260 2
17262 0
17263 0
17264 0
17265 2
17276 0
17277 1
17290 2
17292 1
17294 0
17295 0
17296 3
17300 1
17302 2
17303 0
17307 2
17308 2
17310 1
17313 2
17315 1
17319 0
17321 2
17322 2
17325 1
17328 0
17330 3
17331 1
17334 0
17338 1
17341 0
17346 0
17350 0
17352 0
17353 1
17362 2
17364 2
17367 1
17368 1
17376 0
17378 3
17379 2
17381 2
17384 0
17389 3
17390 1
17391 0
17395 2
17399 2
17401 3
17402 1
17404 1
17411 1
17417 1
17422 2
17430 2
17431 3
17432 2
17435 3
17440 2
17441 2
17442 3
17446 1
17450 1
17452 0
17453 1
17455 0
17468 1
17469 0
17470 0
17473 0
17474 2
17476 0
17477 1
17480 2
17487 2
17491 2
17494 2
17495 1
17496 3
17497 3
17498 1
17499 2
17502 3
17506 2
17509 2
17510 2
17511 1
17512 1
17516 2
17520 1
17523 2
17525 1
17527 0
17529 1
17532 2
17537 0
17539 3
17541 1
17543 0
17544 2
17550 2
17551 2
17552 1
17553 2
17556 2
17559 2
17560 1
17563 2
17564 2
17566 3
17567 3
17568 0
17569 2
17574 1
17576 1
17577 1
17578 2
17581 1
17582 0
17593 2
17594 1
17595 2
17600 1
17607 2
17610 2
17612 2
17613 0
17616 0
17620 0
17623 1
17627 1
17628 2
17632 1
17634 1
17636 1
17638 0
17639 1
17640 1
17641 1
17642 1
17649 1
17650 1
17651 0
17654 3
17659 2
17660 2
17662 2
17663 1
17664 0
17665 2
17666 2
17669 2
17670 0
17672 0
17673 2
17674 2
17678 1
17686 2
17687 1
17689 2
17692 3
17693 3
17695 2
17700 1
17703 2
17706 1
17710 2
17719 1
17723 1
17726 2
17727 1
17728 0
17735 2
17736 0
17737 2
17739 1
17740 3
17743 2
17744 1
17749 1
17752 1
17754 2
17755 0
17756 0
17759 1
17762 2
17767 1
17770 3
17777 0
17779 2
17785 0
17787 3
17795 1
17797 3
17800 2
17801 2
17807 1
17811 1
17813 1
17821 2
17827 1
17835 2
17838 3
17841 1
17842 2
17843 2
17845 0
17849 2
17850 1
17851 1
17852 2
17895 0
17896 1
17899 0
17900 2
17924 0
17934 2
17937 2
17939 0
17941 1
17944 1
17945 2
17948 2
17953 0
17955 2
17959 2
17960 0
17961 0
17964 0
17966 1
17967 1
17968 0
17971 2
17977 2
17979 2
17980 0
17983 3
17985 2
17986 0
17987 0
17988 3
17989 1
17992 2
17997 3
17998 2
17999 0
18000 0
18001 2
18010 0
18015 2
18020 0
18027 2
18028 1
18030 2
18032 0
18033 0
18034 1
18041 0
18048 2
18050 3
18052 0
18055 2
18056 0
18057 2
18059 1
18062 2
18070 0
18071 3
18078 2
18079 2
18081 2
18082 0
18083 1
18084 0
18085 1
18091 2
18096 2
18100 1
18108 0
18111 1
18126 0
18130 1
18132 1
18133 2
18134 2
18139 1
18142 1
18150 2
18153 0
18155 1
18156 1
18159 2
18163 0
18164 1
18166 0
18167 1
18174 2
18176 2
18179 1
18181 1
18183 0
18186 2
18188 1
18190 1
18191 2
18194 3
18195 1
18196 1
18200 2
18201 1
18202 1
18203 2
18204 2
18207 2
18209 0
18212 1
18213 2
18214 2
18217 0
18218 2
18221 2
18222 0
18224 0
18225 2
18227 2
18228 2
18229 1
18232 2
18233 2
18237 1
18246 2
18247 2
18250 2
18252 1
18255 0
18261 1
18264 1
18265 1
18271 0
18275 1
18277 0
18279 1
18281 0
18282 1
18284 1
18286 2
18287 1
18292 0
18293 0
18298 2
18306 2
18310 3
18312 1
18315 3
18319 0
18320 0
18321 2
18324 2
18328 1
18332 3
18340 2
18344 2
18348 1
18349 1
18351 0
18355 3
18358 3
18361 3
18362 3
18363 1
18366 2
18367 0
18372 1
18375 1
18376 2
18379 1
18381 1
18383 2
18384 2
18385 1
18387 2
18397 1
18400 0
18401 1
18404 2
18413 3
18414 3
18418 1
18419 1
18420 2
18421 3
18422 3
18424 1
18426 1
18428 2
18432 1
18434 3
18436 2
18443 2
18446 2
18452 2
18463 0
18465 1
18470 1
18471 2
18475 0
18481 0
18483 2
18491 0
18504 1
18511 3
18515 2
18517 0
18520 1
18521 0
18534 2
18535 1
18538 2
18540 0
18544 0
18547 0
18560 3
18563 0
18567 3
18570 2
18572 0
18574 2
18579 2
18580 2
18581 2
18584 1
18594 2
18598 2
18603 0
18604 2
18609 0
18614 2
18615 1
18616 1
18627 0
18632 2
18634 1
18635 1
18640 1
18642 2
18644 2
18647 2
18649 0
18650 1
18651 1
18652 2
18653 1
18660 1
18662 2
18664 0
18666 2
18675 0
18676 2
18678 0
18682 1
18685 0
18689 2
18694 2
18700 2
18701 2
18704 1
18706 2
18708 2
18709 3
18713 1
18715 3
18717 2
18723 1
18724 0
18725 1
18734 2
18735 0
18738 0
18739 0
18743 0
18748 2
18757 0
18759 1
18768 0
18771 2
18772 1
18776 3
18790 0
18791 1
18794 0
18795 0
18801 2
18809 2
18811 1
18812 2
18815 2
18817 2
18819 0
18820 2
18821 2
18830 0
18832 1
18834 1
18837 2
18839 2
18840 2
18847 3
18850 1
18852 0
18853 2
18861 2
