33 0
37 0
62 2
66 1
72 1
73 2
74 0
75 2
76 2
80 1
82 3
88 2
89 1
90 1
98 2
100 2
101 1
110 0
111 3
113 2
114 0
120 3
122 3
123 0
126 2
132 2
133 2
134 0
137 1
139 3
144 2
147 0
148 1
151 1
153 1
157 0
159 2
170 0
173 2
175 3
177 1
178 0
183 2
185 2
186 2
190 3
191 0
197 2
200 0
201 1
202 2
206 3
209 2
210 2
213 2
215 1
218 3
219 0
220 2
224 2
228 2
229 3
230 0
234 2
240 1
246 0
263 2
269 0
271 2
284 1
287 2
288 3
289 2
291 1
292 0
293 0
296 0
300 2
307 0
312 1
313 1
319 2
323 0
324 1
328 0
332 2
334 3
336 0
340 1
347 3
349 1
353 2
354 2
358 1
359 3
360 2
362 1
366 2
374 2
375 0
379 0
380 1
381 0
383 0
384 1
385 2
390 1
394 2
397 3
401 2
405 0
409 0
410 2
420 1
423 2
424 0
427 2
433 2
434 1
435 1
436 2
437 2
438 0
440 1
446 2
451 1
453 1
454 2
455 1
458 3
461 2
464 2
467 1
469 1
470 1
477 2
481 1
485 2
488 2
489 3
496 2
500 2
501 1
502 2
508 0
515 0
517 0
524 2
529 2
532 3
533 0
535 0
536 3
538 0
541 2
543 2
545 2
547 1
548 1
549 2
551 1
553 1
558 1
563 2
566 3
567 2
572 0
573 1
574 0
576 2
577 1
581 1
583 1
585 2
588 1
589 1
591 1
596 1
601 1
606 0
609 2
611 1
614 2
615 3
617 0
618 1
619 2
621 2
622 0
628 0
633 2
636 2
638 0
651 0
654 0
657 3
658 0
661 1
663 2
664 0
665 1
667 2
669 2
672 0
673 2
674 0
675 0
676 2
679 0
680 0
693 2
700 2
702 1
706 2
707 0
712 2
717 0
730 2
732 1
737 2
738 2
741 2
743 0
744 2
745 1
746 2
748 2
750 2
758 2
759 3
760 1
764 2
773 2
774 1
780 2
786 0
787 2
790 2
801 2
803 2
808 2
814 2
820 2
837 0
844 2
846 0
852 2
856 0
858 1
860 3
861 2
862 0
865 1
874 3
879 2
882 0
883 1
884 1
887 2
888 2
891 1
892 2
894 2
904 1
910 1
911 2
920 2
921 2
928 1
932 3
933 1
934 0
947 2
951 0
952 1
953 2
957 2
959 2
961 1
969 1
1002 0
1006 0
1007 0
1009 1
1010 1
1018 1
1022 2
1025 2
1026 2
1028 1
1032 1
1034 2
1035 2
1036 0
1045 1
1050 1
1063 2
1067 2
1070 1
1071 1
1077 2
1079 2
1080 1
1081 0
1082 2
1094 3
1098 2
1106 0
1111 2
1114 1
1118 2
1119 2
1123 0
1129 0
1133 2
1135 2
1137 0
1138 2
1149 0
1150 2
1151 1
1154 2
1166 2
1173 2
1174 2
1175 2
1177 2
1178 0
1180 1
1184 3
1186 0
1187 2
1192 2
1195 0
1196 2
1200 0
1203 2
1204 0
1211 3
1213 1
1218 2
1221 2
1224 1
1225 2
1226 1
1234 1
1246 3
1250 0
1251 1
1253 0
1262 2
1266 0
1272 3
1273 2
1275 0
1282 0
1283 2
1286 2
1287 1
1288 2
1292 2
1301 2
1304 2
1312 0
1319 0
1321 2
1322 2
1323 0
1324 2
1329 3
1331 1
1335 2
1338 1
1340 2
1341 2
1343 2
1344 0
1353 0
1355 1
1358 2
1363 2
1366 0
1375 2
1377 2
1381 2
1383 2
1392 1
1396 2
1401 2
1407 2
1408 0
1409 0
1416 3
1428 0
1436 1
1437 3
1440 2
1444 2
1446 2
1449 2
1456 0
1460 3
1462 1
1468 2
1469 2
1470 2
1478 1
1482 1
1483 2
1486 0
1488 1
1493 0
1500 3
1521 3
1533 0
1538 2
1539 2
1540 1
1542 2
1545 2
1546 0
1548 2
1551 2
1559 0
1561 2
1564 1
1575 1
1576 1
1577 3
1579 2
1581 1
1589 3
1591 1
1596 2
1599 0
1600 2
1603 2
1605 0
1608 1
1613 2
1616 0
1619 2
1622 2
1624 2
1630 1
1639 2
1640 2
1641 2
1652 2
1653 2
1656 3
1658 3
1659 0
1661 1
1662 2
1664 1
1666 2
1670 0
1671 1
1672 3
1673 2
1674 2
1677 0
1685 2
1687 2
1688 0
1694 2
1697 0
1700 2
1701 2
1702 2
1703 1
1706 0
1710 0
1712 1
1714 0
1716 1
1717 2
1719 2
1720 0
1721 2
1722 0
1723 1
1726 2
1729 1
1732 2
1737 1
1738 2
1740 0
1746 2
1750 1
1751 2
1753 3
1755 1
1758 3
1759 2
1760 0
1763 0
1764 2
1765 1
1769 2
1771 1
1779 0
1784 1
1790 2
1795 0
1799 2
1800 0
1803 0
1804 1
1821 1
1823 2
1826 2
1827 2
1834 0
1835 1
1836 1
1839 2
1841 2
1845 0
1848 3
1852 1
1858 1
1861 0
1862 3
1868 3
1872 0
1887 2
1888 2
1897 3
1899 0
1901 3
1905 0
1909 0
1916 3
1918 2
1920 2
1921 2
1924 2
1927 3
1933 2
1937 1
1944 0
1946 0
1949 2
1958 0
1960 1
1961 2
1964 2
1965 2
1968 0
1969 0
1970 0
1976 1
1978 0
1979 1
1986 0
1987 1
1988 2
1990 3
1991 2
1992 2
2006 1
2009 0
2010 1
2020 3
2021 0
2025 1
2028 0
2035 2
2043 1
2047 2
2052 2
2061 3
2069 3
2072 2
2073 2
2077 2
2083 2
2086 0
2091 2
2097 3
2098 2
2099 2
2102 2
2112 2
2115 1
2116 2
2124 2
2126 0
2127 0
2128 1
2130 1
2131 0
2132 0
2138 2
2149 2
2150 2
2151 0
2157 0
2158 1
2159 3
2163 1
2167 0
2169 0
2176 2
2189 0
2191 1
2196 0
2199 2
2200 1
2201 2
2207 1
2208 3
2209 0
2211 0
2218 1
2221 0
2231 2
2234 2
2238 2
2248 2
2254 2
2258 2
2259 1
2260 2
2264 2
2265 2
2266 0
2268 2
2272 0
2278 2
2280 1
2284 2
2287 2
2292 0
2297 2
2298 1
2303 0
2306 1
2307 2
2311 0
2315 2
2320 0
2323 0
2324 2
2325 0
2327 1
2331 3
2333 2
2338 2
2341 3
2353 1
2362 2
2364 2
2368 1
2369 0
2371 2
2377 0
2378 1
2381 2
2385 2
2386 2
2387 2
2388 2
2389 2
2393 3
2398 1
2402 0
2408 0
2414 2
2421 1
2426 1
2427 2
2433 1
2436 0
2439 1
2440 2
2441 2
2443 0
2450 2
2452 2
2455 2
2458 0
2462 2
2470 2
2472 2
2475 1
2476 0
2479 0
2485 0
2487 2
2491 0
2494 0
2500 2
2503 0
2505 3
2512 0
2517 0
2520 2
2524 1
2528 0
2531 1
2534 1
2539 2
2544 0
2546 2
2549 2
2551 0
2552 1
2554 1
2556 1
2557 0
2558 1
2563 2
2566 3
2568 0
2569 2
2571 1
2576 0
2580 2
2582 2
2586 1
2587 1
2589 0
2595 2
2600 2
2601 1
2603 2
2606 3
2609 0
2615 2
2627 2
2630 1
2631 1
2639 0
2640 2
2641 1
2642 0
2643 1
2653 3
2654 2
2655 2
2663 1
2665 1
2673 1
2707 0
2714 0
2715 2
2716 1
2718 2
2722 1
2724 1
2729 1
2730 1
2735 1
2738 3
2739 2
2741 2
2742 2
2746 0
2748 3
2751 0
2755 0
2756 2
2758 2
2759 2
2762 2
2764 3
2768 1
2769 0
2772 2
2775 1
2777 1
2779 2
2783 3
2784 0
2785 2
2786 0
2788 0
2791 2
2792 2
2793 0
2794 3
2795 0
2798 0
2800 2
2801 2
2803 2
2807 3
2814 0
2820 3
2826 2
2835 2
2840 0
2846 2
2847 1
2851 1
2854 1
2858 1
2863 0
2864 2
2867 1
2873 0
2877 0
2879 2
2880 2
2882 2
2883 0
2884 0
2885 2
2891 2
2892 2
2893 0
2898 2
2901 0
2902 1
2903 2
2904 1
2909 1
2911 2
2914 1
2917 0
2921 2
2925 2
2927 2
2928 1
2929 0
2934 0
2942 2
2944 2
2946 2
2952 2
2955 0
2962 0
2964 3
2968 2
2973 2
2975 1
2979 2
2983 2
2988 0
2992 2
2993 1
2995 2
2998 0
3000 2
3001 2
3008 0
3014 0
3016 1
3018 2
3023 0
3025 1
3031 1
3033 0
3034 2
3039 1
3040 2
3042 2
3044 2
3047 0
3048 3
3049 2
3052 1
3063 0
3069 0
3070 2
3071 1
3072 0
3073 1
3074 1
3076 2
3079 2
3081 2
3086 0
3088 0
3094 2
3098 1
3104 0
3107 2
3110 2
3124 2
3125 0
3129 3
3136 1
3138 1
3141 2
3147 2
3149 3
3152 3
3156 0
3162 1
3168 3
3172 2
3175 3
3177 3
3178 1
3183 2
3186 1
3187 2
3188 2
3191 2
3194 2
3195 2
3199 3
3205 1
3207 2
3215 2
3216 2
3221 1
3226 2
3227 3
3231 1
3236 0
3237 1
3241 1
3242 3
3243 1
3244 0
3250 2
3251 0
3253 1
3254 1
3255 1
3256 3
3260 0
3261 1
3262 1
3263 2
3264 0
3268 2
3269 3
3270 1
3271 2
3274 1
3280 2
3282 0
3286 1
3294 0
3296 0
3299 0
3305 1
3307 1
3308 0
3309 1
3311 1
3313 2
3314 3
3315 2
3320 2
3323 2
3324 2
3325 0
3327 0
3328 1
3333 1
3345 2
3347 0
3348 2
3350 2
3353 1
3354 2
3357 1
3358 0
3359 3
3363 1
3365 2
3373 3
3375 2
3380 1
3381 1
3387 1
3393 1
3394 2
3395 1
3399 0
3402 3
3406 1
3409 0
3411 0
3413 2
3419 2
3420 2
3422 1
3423 1
3424 3
3427 2
3428 1
3431 1
3434 1
3436 1
3437 0
3439 0
3440 1
3443 0
3444 2
3446 2
3447 2
3461 0
3470 1
3472 2
3478 2
3480 2
3489 3
3490 2
3495 2
3500 2
3503 2
3506 0
3515 1
3516 3
3520 2
3521 2
3524 0
3564 3
3566 1
3568 0
3572 1
3584 1
3585 2
3587 1
3595 0
3601 3
3607 0
3611 3
3619 2
3621 2
3628 0
3630 2
3634 3
3636 3
3638 2
3639 2
3650 2
3655 1
3658 2
3659 0
3660 3
3661 2
3663 0
3665 0
3666 0
3667 2
3670 0
3671 2
3672 1
3674 2
3677 2
3679 2
3681 1
3683 1
3684 3
3690 2
3696 0
3699 1
3701 2
3702 2
3703 2
3704 1
3706 2
3709 2
3712 2
3713 2
3717 2
3721 2
3727 2
3730 2
3731 1
3732 0
3733 0
3740 0
3741 2
3747 1
3750 1
3751 1
3769 2
3770 2
3771 0
3777 2
3779 1
3780 1
3781 1
3782 2
3785 3
3790 2
3791 2
3792 0
3796 2
3808 2
3810 2
3811 2
3813 0
3819 0
3821 2
3830 0
3841 2
3862 2
3869 0
3876 2
3879 2
3880 0
3885 2
3887 2
3897 0
3899 2
3901 0
3912 1
3921 2
3926 0
3934 0
3935 0
3945 0
3947 0
3952 2
3955 0
3968 3
3975 0
3976 2
3978 2
3979 1
3983 2
3985 2
3988 0
3994 0
3997 2
3998 0
4000 0
4001 1
4002 1
4003 1
4009 3
4011 2
4019 1
4020 1
4021 1
4027 0
4029 2
4038 0
4039 2
4043 2
4047 1
4048 0
4049 1
4050 1
4053 1
4057 2
4058 2
4060 1
4061 0
4071 0
4079 0
4087 0
4089 1
4097 0
4099 2
4107 2
4114 1
4118 2
4124 2
4126 0
4137 2
4138 3
4141 0
4143 0
4151 2
4153 2
4164 0
4167 2
4173 2
4175 2
4176 3
4177 2
4181 0
4191 2
4192 2
4195 1
4198 0
4201 2
4202 1
4205 2
4209 3
4215 0
4219 0
4220 2
4221 2
4222 2
4225 2
4227 2
4235 2
4245 2
4249 1
4252 0
4256 2
4261 2
4262 2
4267 1
4270 0
4272 1
4276 2
4280 1
4282 0
4297 0
4301 1
4302 1
4308 2
4309 2
4312 2
4313 2
4318 2
4323 2
4331 1
4332 2
4335 2
4336 0
4337 2
4340 0
4341 1
4342 2
4345 2
4349 2
4351 1
4353 2
4354 2
4359 2
4363 2
4367 3
4369 2
4370 1
4371 2
4372 2
4374 2
4377 3
4378 0
4380 2
4383 2
4385 1
4389 2
4393 3
4394 1
4402 1
4408 2
4413 3
4421 0
4422 2
4427 1
4428 1
4433 1
4434 1
4436 2
4437 3
4439 2
4449 2
4450 1
4456 3
4459 2
4462 2
4463 1
4468 1
4471 1
4472 2
4474 0
4483 0
4484 1
4485 2
4487 2
4490 1
4491 1
4496 1
4497 0
4498 2
4501 0
4505 0
4508 2
4510 1
4511 1
4515 2
4521 1
4523 2
4524 1
4525 1
4527 1
4528 2
4529 2
4532 1
4535 3
4536 0
4537 2
4538 2
4539 1
4552 1
4553 2
4557 1
4565 1
4566 2
4571 0
4572 0
4573 1
4574 3
4579 3
4580 1
4581 1
4582 2
4583 1
4584 0
4590 0
4592 0
4595 1
4596 1
4604 2
4605 2
4608 0
4609 1
4611 2
4613 0
4616 0
4620 0
4621 2
4623 2
4626 2
4627 3
4630 0
4631 0
4632 2
4633 2
4641 2
4643 1
4645 0
4648 1
4650 2
4651 0
4653 0
4656 1
4657 1
4658 2
4659 2
4661 0
4662 0
4668 2
4671 0
4674 1
4682 2
4683 0
4684 0
4685 0
4688 1
4697 1
4699 1
4703 3
4704 1
4705 1
4706 0
4709 1
4710 1
4712 2
4713 0
4719 0
4721 2
4722 0
4723 0
4726 1
4728 2
4729 2
4731 2
4733 2
4741 1
4742 1
4744 1
4748 1
4751 0
4752 1
4757 2
4761 0
4763 2
4765 1
4766 1
4768 2
4771 2
4773 2
4776 2
4777 1
4781 1
4785 0
4786 3
4790 1
4792 2
4793 1
4794 2
4798 0
4806 1
4807 1
4808 1
4809 2
4811 3
4813 1
4814 2
4815 2
4817 2
4818 0
4822 0
4823 2
4825 2
4826 1
4827 1
4829 0
4830 0
4831 1
4832 2
4833 3
4836 0
4839 0
4840 0
4842 1
4848 1
4850 0
4854 0
4855 2
4856 1
4866 0
4869 1
4870 0
4871 0
4878 0
4885 1
4890 2
4894 0
4896 3
4897 2
4899 1
4900 0
4902 0
4903 3
4908 1
4910 0
4926 1
4930 2
4931 2
4942 0
4945 3
4947 0
4948 2
4950 2
4955 0
4958 2
4959 0
4961 1
4973 0
4975 0
4979 1
4981 2
4986 2
4989 0
4990 2
4992 1
4997 2
5001 2
5005 3
5006 1
5022 3
5024 2
5030 2
5032 0
5039 0
5040 0
5044 2
5046 2
5049 3
5051 3
5054 1
5064 2
5067 2
5072 3
5086 1
5087 1
5088 1
5090 3
5091 2
5096 1
5098 0
5100 2
5102 2
5110 1
5111 3
5113 2
5121 2
5122 2
5123 2
5132 2
5137 1
5138 0
5143 1
5144 2
5145 2
5150 0
5154 2
5164 3
5167 1
5171 1
5177 3
5179 0
5185 0
5186 0
5187 0
5192 3
5194 2
5195 2
5196 2
5197 3
5198 2
5200 0
5201 1
5206 1
5209 2
5210 3
5211 2
5214 2
5216 0
5218 0
5219 1
5225 3
5228 2
5238 3
5240 0
5244 0
5249 2
5258 1
5265 2
5272 0
5273 0
5274 0
5277 0
5281 0
5290 3
5292 2
5293 2
5298 1
5301 0
5303 0
5306 1
5312 0
5313 2
5315 0
5318 0
5321 3
5322 2
5323 2
5329 0
5332 2
5336 1
5337 1
5338 0
5339 1
5340 2
5345 2
5352 1
5356 0
5358 1
5361 2
5362 2
5365 3
5367 2
5368 0
5369 2
5372 2
5373 1
5374 1
5376 2
5378 2
5381 2
5384 0
5389 2
5405 2
5406 0
5410 2
5419 2
5422 2
5423 0
5425 0
5431 0
5435 0
5436 3
5437 2
5445 0
5447 0
5453 2
5460 2
5461 2
5463 1
5465 2
5469 1
5472 2
5478 0
5481 0
5483 1
5485 0
5490 1
5491 2
5493 2
5494 3
5495 3
5496 2
5497 2
5498 2
5499 2
5504 0
5506 2
5508 2
5513 2
5520 0
5524 2
5526 0
5529 1
5531 3
5538 0
5539 1
5541 2
5549 3
5552 1
5553 2
5555 3
5556 1
5560 1
5561 2
5562 1
5564 1
5567 2
5568 3
5571 1
5573 0
5574 2
5576 1
5579 2
5580 1
5581 2
5583 2
5587 1
5588 3
5589 3
5590 3
5595 0
5603 0
5606 0
5607 1
5612 2
5613 1
5619 1
5622 0
5626 3
5630 2
5631 0
5632 1
5637 1
5639 2
5653 1
5654 2
5655 2
5656 0
5657 1
5658 3
5661 1
5663 2
5666 0
5669 1
5670 1
5674 1
5675 1
5680 1
5683 1
5684 3
5686 2
5697 2
5698 2
5699 0
5713 2
5716 0
5729 0
5736 2
5745 2
5749 1
5751 2
5754 2
5758 2
5761 1
5763 2
5765 2
5769 0
5771 1
5774 0
5776 2
5777 2
5780 1
5785 2
5787 0
5792 1
5793 1
5794 1
5800 1
5807 1
5810 0
5811 2
5812 0
5818 2
5819 1
5821 2
5824 2
5831 0
5832 0
5837 0
5839 2
5841 1
5843 2
5850 2
5853 2
5858 2
5859 2
5862 2
5863 2
5869 2
5870 0
5872 0
5873 1
5874 2
5875 2
5876 0
5878 0
5879 2
5881 2
5894 0
5895 2
5896 2
5899 2
5901 1
5903 2
5907 2
5911 0
5916 1
5918 2
5922 0
5925 2
5928 2
5930 2
5931 2
5935 0
5945 2
5948 2
5961 2
5965 2
5971 2
5978 0
5980 3
5982 2
5990 0
5993 3
5998 3
5999 2
6002 1
6004 0
6009 3
6011 2
6013 2
6017 2
6018 1
6019 1
6021 2
6022 2
6023 1
6024 2
6025 2
6026 2
6039 2
6045 1
6051 2
6053 1
6054 2
6055 1
6056 2
6057 2
6060 0
6062 3
6063 3
6065 2
6067 2
6073 2
6074 1
6084 1
6094 2
6097 3
6100 2
6102 2
6106 0
6107 2
6108 2
6109 1
6110 0
6115 3
6116 0
6119 1
6120 2
6122 2
6123 2
6128 2
6129 2
6132 2
6134 1
6135 2
6140 2
6143 3
6146 3
6151 2
6152 3
6154 2
6157 0
6158 2
6159 2
6161 1
6164 2
6169 2
6171 1
6173 0
6174 2
6176 1
6177 1
6179 0
6181 0
6182 0
6183 2
6185 2
6196 2
6200 1
6201 2
6202 1
6203 2
6204 2
6206 2
6207 2
6209 2
6221 1
6227 2
6228 2
6231 2
6235 2
6236 0
6238 0
6248 2
6250 2
6251 2
6255 2
6256 2
6265 3
6266 2
6270 2
6276 1
6277 2
6282 2
6284 0
6304 1
6306 1
6309 0
6315 0
6318 0
6324 1
6325 1
6330 2
6331 2
6332 2
6338 1
6346 2
6349 2
6356 1
6357 2
6359 2
6360 3
6363 2
6367 2
6368 2
6369 1
6370 2
6373 1
6374 1
6378 1
6380 0
6384 0
6386 1
6387 2
6389 1
6390 2
6392 0
6393 2
6398 3
6400 2
6407 2
6413 1
6414 2
6418 0
6419 2
6421 1
6422 1
6424 0
6426 1
6427 2
6428 1
6429 1
6436 1
6438 0
6440 1
6441 0
6442 1
6445 1
6446 2
6448 1
6451 2
6452 1
6453 3
6464 0
6465 0
6466 2
6471 1
6479 0
6481 2
6485 0
6488 2
6497 0
6501 0
6504 2
6505 0
6506 2
6518 3
6522 2
6523 2
6527 1
6532 1
6534 0
6553 0
6571 0
6575 2
6576 2
6577 1
6583 2
6586 0
6588 1
6591 2
6593 2
6600 0
6603 1
6604 2
6605 0
6608 2
6612 2
6616 1
6617 2
6619 2
6621 2
6630 3
6631 2
6633 0
6642 3
6643 3
6646 1
6648 2
6653 1
6658 1
6660 0
6662 2
6673 1
6678 3
6679 2
6683 2
6687 2
6689 2
6690 1
6691 1
6692 2
6697 2
6702 1
6703 1
6704 1
6706 1
6708 1
6709 0
6712 2
6713 0
6718 2
6719 1
6720 1
6722 2
6723 1
6724 2
6725 0
6732 2
6733 0
6736 0
6744 1
6747 2
6748 2
6751 0
6756 1
6760 0
6770 2
6778 1
6782 1
6787 0
6791 2
6794 2
6796 0
6797 2
6801 1
6802 3
6803 1
6806 0
6808 0
6809 0
6810 1
6811 1
6812 1
6813 1
6815 0
6816 1
6817 1
6818 2
6819 3
6820 1
6823 0
6830 2
6835 1
6836 1
6839 3
6840 2
6841 2
6843 2
6845 0
6847 0
6849 0
6850 1
6851 1
6853 0
6854 1
6855 1
6859 1
6860 1
6866 2
6867 1
6869 1
6871 0
6873 0
6875 1
6877 0
6881 2
6882 3
6886 2
6890 1
6892 2
6896 1
6905 1
6910 2
6913 0
6920 2
6923 0
6926 3
6927 2
6930 1
6931 2
6933 3
6936 1
6939 2
6940 0
6941 0
6946 2
6947 3
6955 0
6957 1
6958 2
6962 2
6963 2
6964 1
6965 2
6967 2
6971 1
6974 0
6976 2
6980 1
6989 1
6998 2
7002 2
7006 2
7008 2
7009 2
7011 0
7016 2
7018 1
7022 3
7023 1
7024 2
7025 2
7028 3
7031 1
7037 1
7038 0
7043 2
7051 1
7052 1
7054 1
7059 2
7064 2
7065 3
7069 0
7073 2
7074 2
7076 1
7077 2
7086 0
7087 1
7089 2
7093 0
7096 2
7097 2
7098 2
7101 1
7103 2
7105 1
7109 0
7116 1
7117 2
7120 2
7123 2
7126 0
7129 2
7130 0
7134 1
7136 0
7138 0
7139 0
7140 0
7141 0
7142 1
7148 0
7149 1
7157 2
7160 3
7164 2
7165 0
7166 3
7169 1
7188 2
7189 2
7194 2
7202 0
7203 2
7206 2
7208 2
7213 0
7214 2
7218 3
7219 3
7221 0
7222 0
7227 2
7228 1
7229 0
7230 2
7235 2
7242 0
7243 2
7244 0
7245 0
7246 2
7250 2
7254 1
7262 0
7264 2
7265 1
7280 0
7282 2
7283 0
7294 0
7306 2
7311 0
7315 0
7330 0
7332 2
7335 0
7337 0
7349 2
7358 0
7362 1
7363 0
7372 2
7374 3
7386 1
7389 2
7390 0
7391 1
7403 1
7405 2
7407 2
7408 2
7410 2
7413 1
7415 2
7440 2
7442 2
7446 2
7447 2
7450 2
7452 2
7454 1
7455 0
7460 2
7461 1
7462 1
7463 0
7467 2
7469 2
7472 3
7474 2
7480 1
7481 1
7488 2
7489 2
7491 2
7494 1
7495 0
7504 3
7505 2
7506 2
7516 2
7522 2
7527 3
7534 2
7538 3
7541 1
7542 2
7544 2
7549 2
7552 2
7556 0
7557 2
7561 2
7565 1
7566 2
7568 2
7569 2
7575 2
7579 1
7580 2
7585 2
7587 0
7589 0
7593 2
7611 1
7615 2
7618 0
7620 2
7624 3
7640 3
7641 0
7643 0
7646 2
7649 2
7651 2
7654 1
7661 0
7670 3
7672 3
7676 0
7683 2
7685 2
7687 1
7691 1
7692 2
7693 2
7699 2
7701 0
7708 1
7712 2
7721 2
7728 2
7729 0
7732 1
7737 1
7738 2
7746 2
7747 2
7753 3
7762 1
7766 1
7771 2
7781 2
7782 1
7783 0
7787 1
7789 2
7791 1
7794 2
7795 0
7796 3
7802 0
7804 1
7805 2
7807 2
7817 1
7820 2
7822 1
7828 3
7829 1
7832 3
7844 0
7848 2
7852 3
7854 2
7865 2
7866 2
7869 2
7871 0
7873 1
7878 0
7884 2
7887 0
7888 0
7890 2
7891 2
7893 2
7897 2
7898 0
7900 2
7901 0
7905 0
7911 2
7912 0
7916 2
7921 3
7927 1
7931 0
7934 2
7935 2
7936 2
7937 0
7942 1
7944 2
7945 2
7947 2
7952 0
7955 2
7957 0
7960 0
7961 2
7962 0
7968 0
7975 2
7982 1
7986 2
7989 2
7995 2
7998 3
8001 1
8004 2
8007 3
8009 2
8017 3
8018 3
8022 0
8029 3
8033 3
8036 1
8038 1
8044 1
8046 0
8054 2
8064 1
8069 2
8075 2
8079 0
8087 0
8096 2
8098 1
8099 3
8100 3
8101 1
8104 2
8112 2
8115 2
8116 2
8119 0
8121 0
8123 0
8127 0
8140 1
8142 3
8146 2
8148 0
8149 2
8150 0
8152 3
8155 1
8156 1
8159 3
8162 0
8165 2
8166 2
8167 0
8170 2
8173 0
8177 0
8182 2
8186 2
8190 2
8193 0
8197 2
8198 2
8200 0
8210 0
8213 1
8214 1
8218 3
8219 2
8222 2
8226 2
8227 2
8228 2
8229 1
8232 0
8233 1
8237 2
8242 1
8247 1
8250 1
8258 0
8260 0
8261 2
8264 0
8266 2
8270 0
8276 1
8279 2
8283 1
8293 1
8294 2
8295 2
8297 2
8300 2
8309 2
8313 2
8322 2
8325 2
8326 2
8328 0
8329 0
8330 2
8331 2
8337 0
8343 1
8344 1
8345 3
8349 2
8353 1
8356 3
8365 1
8375 0
8383 2
8385 0
8391 2
8393 2
8402 2
8406 1
8407 2
8408 2
8412 1
8413 2
8415 1
8416 0
8428 0
8430 2
8438 2
8439 2
8440 1
8441 2
8442 2
8444 0
8447 0
8449 2
8455 0
8458 1
8461 3
8466 0
8468 0
8473 2
8474 3
8479 0
8480 1
8481 0
8482 0
8483 0
8485 2
8486 2
8488 2
8495 2
8496 2
8497 1
8506 1
8507 2
8510 2
8515 2
8524 2
8539 1
8543 3
8545 0
8548 2
8549 0
8558 2
8561 0
8564 2
8571 0
8578 2
8581 0
8583 3
8592 2
8594 1
8599 0
8604 2
8609 2
8611 2
8612 0
8617 0
8619 3
8621 0
8625 2
8632 2
8634 2
8640 0
8644 2
8650 1
8655 2
8665 2
8671 3
8674 0
8675 2
8679 2
8691 2
8693 2
8696 2
8697 0
8698 1
8709 1
8721 2
8722 3
8723 1
8725 1
8727 0
8730 2
8731 0
8732 1
8739 3
8741 0
8745 1
8746 2
8756 2
8757 2
8758 2
8759 1
8761 1
8762 1
8763 0
8764 1
8767 0
8769 1
8771 3
8775 0
8776 1
8780 1
8785 0
8787 2
8791 2
8796 0
8798 0
8800 1
8805 2
8806 0
8807 2
8809 0
8811 1
8814 2
8817 1
8822 2
8827 2
8828 1
8830 0
8831 0
8832 2
8835 1
8840 1
8841 2
8842 2
8843 2
8845 0
8847 3
8848 0
8849 2
8850 0
8855 1
8858 2
8862 2
8864 2
8866 0
8873 2
8875 2
8880 0
8889 2
8895 3
8898 1
8899 0
8902 2
8904 1
8905 2
8906 2
8911 1
8912 3
8914 2
8916 2
8919 2
8921 2
8922 1
8932 0
8938 2
8943 1
8946 0
8953 1
8954 2
8955 1
8956 2
8959 0
8960 0
8963 2
8964 2
8975 2
8976 2
8978 1
8980 1
8981 2
8984 1
8985 0
8988 3
8990 2
8991 2
8992 3
8993 0
8995 2
8996 2
9008 0
9014 3
9015 0
9018 2
9019 1
9022 3
9024 2
9025 2
9034 0
9038 2
9040 1
9042 2
9045 2
9055 0
9059 0
9061 1
9063 1
9065 2
9070 2
9075 2
9078 0
9079 1
9082 2
9088 3
9092 0
9093 1
9095 2
9101 0
9103 2
9109 3
9110 2
9111 2
9112 2
9113 0
9116 1
9117 2
9127 2
9129 2
9132 2
9136 2
9142 0
9143 1
9145 0
9154 2
9157 3
9158 3
9169 0
9177 1
9178 1
9201 0
9209 1
9210 1
9211 2
9212 1
9216 0
9217 2
9218 2
9224 1
9225 0
9226 3
9229 1
9231 2
9236 1
9238 0
9245 2
9249 0
9250 2
9252 2
9262 2
9269 2
9270 2
9271 0
9274 2
9280 1
9283 1
9286 0
9287 0
9290 3
9292 1
9296 3
9297 0
9300 1
9301 0
9304 2
9307 2
9308 1
9310 0
9312 2
9316 0
9317 0
9318 0
9319 2
9320 2
9321 0
9325 0
9332 2
9336 2
9343 2
9351 3
9352 1
9355 3
9372 1
9375 0
9377 2
9378 2
9381 3
9382 1
9383 0
9385 3
9386 2
9390 1
9396 1
9397 2
9407 0
9417 1
9418 1
9425 1
9426 2
9427 2
9428 2
9429 1
9430 0
9433 2
9437 0
9443 2
9446 1
9448 0
9453 3
9455 1
9457 2
9461 2
9463 2
9466 0
9467 2
9474 1
9476 2
9477 2
9479 2
9480 2
9483 3
9485 1
9486 3
9491 0
9492 2
9494 1
9496 2
9503 2
9505 2
9507 0
9508 0
9518 2
9531 2
9532 3
9533 2
9540 2
9543 2
9554 2
9555 1
9558 1
9563 0
9566 0
9567 3
9569 2
9575 1
9578 1
9580 1
9583 2
9587 1
9588 2
9590 2
9592 1
9594 2
9596 0
9597 2
9598 2
9601 2
9604 2
9605 1
9606 1
9611 2
9615 2
9620 2
9623 2
9624 1
9632 1
9634 1
9637 1
9639 2
9642 0
9645 2
9648 2
9651 1
9656 1
9657 0
9659 1
9661 1
9662 2
9664 1
9665 2
9669 2
9671 1
9672 1
9675 1
9676 2
9678 3
9681 2
9682 1
9688 3
9689 0
9690 2
9691 3
9693 1
9694 0
9697 3
9702 2
9707 1
9709 2
9711 0
9712 2
9715 2
9719 1
9722 2
9735 0
9736 1
9741 2
9754 2
9770 1
9774 2
9781 1
9784 2
9786 0
9791 2
9792 2
9796 0
9801 2
9810 2
9811 0
9812 0
9816 2
9817 2
9820 0
9821 2
9826 2
9829 2
9832 0
9835 2
9838 1
9839 0
9845 1
9855 0
9859 2
9866 0
9868 1
9870 0
9874 0
9876 0
9878 3
9886 0
9887 3
9890 0
9891 3
9892 0
9896 2
9899 1
9906 2
9907 2
9916 1
9921 3
9922 1
9925 2
9928 1
9929 2
9930 3
9946 2
9955 0
9958 0
9981 2
9982 1
9995 2
9998 0
9999 2
10006 0
10009 0
10011 1
10012 1
10019 3
10020 3
10023 3
10026 2
10030 2
10031 2
10032 1
10034 1
10035 2
10036 2
10037 2
10038 2
10039 2
10041 2
10043 1
10046 2
10047 1
10048 2
10053 1
10054 1
10055 2
10056 2
10080 2
10083 2
10084 1
10088 1
10089 2
10090 0
10098 1
10099 2
10105 0
10117 1
10118 2
10119 1
10125 1
10132 1
10140 2
10142 2
10143 1
10155 2
10156 1
10176 1
10186 2
10189 1
10190 0
10200 2
10201 1
10207 2
10212 0
10213 2
10214 0
10216 2
10220 0
10222 2
10226 1
10233 1
10236 1
10237 0
10239 2
10242 1
10254 2
10256 0
10261 2
10268 1
10269 0
10270 3
10276 2
10279 2
10281 2
10282 2
10287 2
10290 0
10291 1
10292 3
10294 1
10295 0
10296 1
10298 2
10299 2
10302 0
10306 1
10308 0
10310 1
10311 2
10315 0
10316 2
10317 1
10318 1
10319 3
10323 3
10324 1
10325 1
10327 1
10328 2
10330 3
10332 1
10333 1
10335 2
10340 3
10342 2
10345 2
10346 3
10349 1
10358 2
10366 2
10369 2
10371 2
10372 1
10379 2
10384 0
10391 1
10392 2
10401 2
10404 2
10406 0
10407 2
10412 2
10413 0
10420 2
10422 2
10424 0
10426 1
10427 1
10433 2
10434 2
10441 2
10450 2
10453 2
10454 0
10460 1
10462 0
10463 2
10464 1
10467 2
10475 1
10476 3
10478 2
10479 2
10480 2
10485 1
10486 2
10498 2
10499 3
10502 2
10503 2
10504 0
10505 2
10507 2
10510 0
10514 2
10517 1
10521 2
10522 1
10523 2
10525 0
10527 3
10530 1
10541 2
10542 2
10543 2
10554 2
10561 2
10568 1
10572 3
10573 1
10575 1
10580 0
10589 2
10590 2
10592 2
10594 2
10599 0
10604 3
10605 1
10607 1
10609 0
10611 0
10612 2
10616 1
10618 2
10620 0
10622 2
10628 2
10630 2
10632 1
10635 0
10636 1
10637 0
10648 2
10650 2
10652 1
10653 1
10672 2
10676 0
10679 2
10686 0
10689 3
10692 1
10698 2
10700 2
10701 2
10702 2
10709 2
10711 2
10714 1
10715 1
10716 1
10726 2
10727 2
10734 1
10741 1
10743 1
10745 0
10746 0
10747 3
10749 1
10753 2
10755 0
10761 0
10766 0
10769 0
10770 1
10771 1
10773 1
10774 1
10777 1
10781 2
10784 0
10786 2
10789 2
10791 1
10792 0
10793 0
10796 2
10798 0
10799 1
10800 0
10805 0
10807 0
10809 1
10813 0
10814 1
10815 2
10816 0
10817 1
10819 2
10820 3
10822 1
10826 0
10831 2
10834 0
10837 2
10838 1
10841 3
10846 2
10848 3
10849 0
10851 1
10853 2
10855 1
10856 2
10857 0
10858 1
10867 1
10868 0
10869 1
10870 2
10871 2
10873 0
10876 0
10881 2
10882 0
10884 0
10893 1
10895 1
10901 2
10906 2
10907 1
10908 0
10913 3
10916 2
10917 1
10919 0
10924 1
10925 1
10940 2
10945 2
10954 0
10972 0
10973 2
10978 0
10991 1
10992 2
11003 0
11004 2
11014 3
11016 0
11035 0
11038 2
11041 2
11044 1
11045 2
11048 0
11053 2
11055 2
11058 2
11059 0
11061 0
11063 0
11065 2
11073 1
11074 2
11078 2
11079 2
11082 2
11086 1
11089 2
11097 1
11109 2
11111 3
11112 1
11113 3
11118 0
11124 2
11126 1
11128 2
11129 2
11131 1
11132 2
11134 1
11137 2
11139 1
11140 1
11141 0
11142 1
11144 1
11145 2
11146 3
11149 0
11152 2
11155 0
11156 2
11164 0
11169 3
11173 1
11175 1
11178 3
11193 0
11194 2
11196 0
11198 3
11205 0
11208 1
11209 2
11214 2
11215 1
11217 2
11218 1
11220 1
11221 2
11222 0
11224 2
11225 0
11226 2
11229 2
11230 2
11234 1
11236 1
11237 2
11238 2
11239 2
11243 2
11245 3
11259 2
11262 2
11263 3
11268 2
11272 2
11279 1
11289 0
11293 2
11299 1
11300 2
11305 2
11307 2
11309 0
11312 2
11315 0
11323 2
11326 0
11327 2
11334 2
11335 2
11336 2
11339 2
11340 2
11344 2
11345 1
11346 2
11349 0
11350 1
11355 3
11358 0
11369 2
11370 1
11379 3
11383 1
11384 2
11388 1
11391 0
11393 2
11395 0
11397 2
11401 0
11403 2
11404 1
11408 2
11414 1
11417 2
11425 2
11426 3
11428 3
11430 0
11431 2
11432 0
11433 2
11435 2
11438 2
11441 3
11444 2
11445 1
11449 1
11450 2
11451 1
11453 2
11454 0
11457 2
11458 2
11461 1
11463 1
11471 2
11481 3
11487 0
11499 0
11502 2
11503 0
11504 3
11510 2
11512 2
11513 3
11514 2
11518 2
11521 1
11531 1
11532 2
11544 2
11550 1
11554 1
11559 2
11561 2
11562 1
11565 1
11573 2
11575 0
11581 2
11586 0
11588 1
11599 1
11612 3
11613 1
11615 1
11618 1
11619 1
11620 1
11622 0
11629 0
11633 0
11634 2
11640 2
11644 1
11652 2
11653 0
11656 2
11658 0
11659 2
11662 2
11668 2
11669 3
11672 2
11674 0
11682 2
11683 0
11684 2
11690 0
11713 2
11717 2
11724 2
11729 1
11732 0
11738 1
11739 1
11742 0
11747 2
11753 1
11754 0
11761 1
11764 2
11768 2
11773 2
11776 2
11779 0
11786 1
11788 2
11789 2
11800 2
11806 2
11808 1
11811 2
11815 1
11822 0
11823 1
11824 1
11827 0
11831 1
11833 1
11836 0
11838 2
11840 0
11841 2
11842 0
11849 0
11851 1
11854 0
11856 3
11857 0
11859 1
11864 2
11870 3
11874 1
11876 1
11877 2
11878 1
11880 1
11884 2
11886 2
11887 2
11889 1
11891 3
11896 1
11897 0
11902 2
11909 2
11910 0
11911 0
11919 3
11920 0
11922 1
11924 3
11926 0
11941 2
11943 0
11944 2
11955 0
11963 2
11968 1
11990 1
11997 0
12006 0
12013 2
12016 0
12023 1
12024 0
12025 0
12029 0
12032 2
12037 2
12041 1
12043 0
12045 0
12053 1
12057 1
12065 0
12066 0
12068 0
12073 1
12079 3
12081 3
12083 2
12086 1
12097 1
12100 2
12101 1
12106 2
12107 0
12108 2
12109 2
12110 2
12127 2
12135 0
12136 2
12137 2
12138 1
12139 2
12141 1
12145 1
12152 1
12153 1
12154 0
12157 3
12159 0
12160 0
12165 1
12167 1
12173 0
12175 2
12183 2
12184 2
12187 2
12188 2
12191 0
12197 3
12202 2
12206 1
12207 2
12209 2
12210 2
12212 1
12214 2
12218 2
12222 2
12223 1
12225 2
12232 2
12235 0
12240 1
12247 0
12248 2
12252 2
12257 0
12258 2
12259 2
12260 1
12261 1
12262 2
12265 1
12268 2
12270 2
12272 2
12279 2
12281 0
12285 0
12287 0
12292 2
12293 3
12300 2
12304 0
12306 2
12308 2
12312 0
12313 2
12314 2
12316 2
12319 2
12320 3
12324 2
12325 0
12330 1
12331 2
12332 2
12333 1
12342 2
12343 1
12344 2
12348 1
12349 1
12366 2
12377 2
12384 1
12387 2
12388 2
12389 2
12390 2
12391 1
12392 1
12402 1
12403 2
12408 0
12410 2
12413 1
12414 2
12416 1
12421 0
12424 2
12426 0
12427 2
12429 0
12444 3
12451 1
12455 3
12456 1
12457 2
12459 1
12462 2
12465 1
12476 2
12477 3
12478 0
12486 2
12487 0
12488 0
12494 2
12495 2
12496 1
12501 2
12502 2
12503 0
12505 1
12506 1
12507 1
12514 0
12521 2
12530 1
12537 3
12539 2
12546 0
12551 2
12553 2
12563 2
12567 1
12569 1
12570 3
12573 0
12578 0
12579 0
12584 2
12588 2
12592 2
12600 1
12601 0
12603 3
12611 2
12615 2
12617 2
12618 1
12619 1
12635 0
12637 1
12638 2
12639 0
12641 0
12643 1
12647 1
12648 2
12652 2
12654 0
12656 0
12663 2
12668 2
12669 2
12671 0
12672 3
12686 2
12690 0
12692 2
12695 3
12696 1
12697 0
12698 2
12700 1
12702 2
12704 1
12705 2
12714 1
12717 1
12724 1
12727 1
12730 1
12731 0
12732 1
12733 1
12739 2
12750 2
12754 2
12757 2
12765 2
12768 0
12771 1
12778 0
12786 0
12787 2
12788 2
12790 0
12792 1
12794 3
12795 0
12797 1
12799 0
12803 1
12806 0
12808 3
12813 2
12819 1
12820 2
12826 2
12827 1
12828 0
12830 3
12840 1
12841 1
12842 2
12844 3
12847 2
12849 0
12852 2
12853 2
12856 2
12861 2
12862 2
12865 2
12866 2
12872 2
12876 2
12884 1
12885 1
12903 3
12905 3
12906 2
12907 0
12908 0
12910 2
12919 1
12923 3
12928 1
12931 0
12934 0
12941 1
12946 1
12951 0
12953 2
12957 1
12958 0
12960 2
12961 2
12963 1
12968 1
12970 2
12971 1
12972 2
12977 2
12980 0
12981 1
12986 2
12988 1
12989 2
12991 0
12992 0
12998 1
12999 1
13010 0
13013 1
13014 2
13017 1
13019 2
13023 2
13027 0
13028 0
13030 2
13031 1
13032 1
13037 1
13038 1
13040 2
13041 2
13043 2
13045 1
13050 2
13051 2
13055 1
13056 0
13057 2
13060 0
13064 3
13074 0
13077 2
13088 1
13092 1
13095 2
13102 1
13104 3
13107 0
13108 0
13112 1
13117 0
13122 1
13123 2
13127 2
13131 2
13133 2
13135 2
13136 2
13138 0
13144 1
13145 1
13147 1
13148 2
13153 2
13156 0
13159 3
13160 1
13168 2
13172 0
13174 0
13175 2
13181 1
13182 0
13192 2
13195 0
13196 0
13199 1
13202 1
13205 2
13208 2
13209 2
13216 0
13220 2
13221 3
13222 3
13227 2
13229 2
13230 2
13233 1
13240 2
13244 2
13245 2
13248 1
13249 3
13250 2
13251 2
13253 2
13256 1
13257 2
13259 2
13260 3
13261 2
13266 1
13267 2
13271 1
13273 1
13275 2
13276 2
13278 2
13281 0
13283 2
13285 2
13286 3
13290 1
13292 0
13293 1
13295 1
13296 1
13297 0
13301 2
13303 2
13312 2
13313 2
13315 0
13316 0
13317 0
13329 2
13332 2
13333 1
13334 0
13335 0
13337 2
13339 3
13340 2
13341 0
13346 2
13348 1
13351 2
13352 0
13353 0
13355 2
13356 2
13360 2
13366 0
13370 0
13371 3
13374 2
13376 3
13378 2
13380 2
13385 1
13387 1
13394 0
13395 2
13396 0
13405 2
13413 2
13414 2
13415 0
13419 1
13423 0
13424 2
13427 2
13433 2
13435 2
13438 1
13439 1
13448 0
13449 2
13458 0
13459 0
13460 0
13466 1
13484 0
13485 2
13489 0
13494 3
13495 0
13496 2
13499 1
13501 1
13510 3
13511 2
13512 1
13513 0
13515 1
13518 2
13519 2
13520 2
13521 0
13523 1
13528 2
13532 0
13535 2
13541 2
13544 2
13545 3
13549 2
13550 1
13551 2
13556 0
13557 0
13558 2
13559 2
13565 2
13568 3
13572 2
13575 0
13578 2
13580 2
13583 2
13585 2
13586 0
13587 2
13588 2
13593 1
13596 2
13602 2
13603 0
13604 0
13605 2
13607 2
13608 2
13610 1
13615 1
13616 2
13618 1
13621 2
13622 2
13626 3
13627 2
13628 1
13629 1
13634 2
13638 2
13644 3
13646 1
13647 2
13651 0
13652 3
13653 0
13658 2
13664 0
13673 2
13675 1
13676 0
13680 0
13686 0
13690 2
13695 2
13696 2
13697 2
13699 0
13700 0
13704 2
13707 2
13708 3
13710 2
13713 2
13714 1
13717 2
13718 2
13720 2
13721 1
13723 2
13727 1
13732 2
13737 2
13744 1
13750 2
13753 1
13754 2
13758 0
13759 0
13769 0
13779 1
13780 1
13781 1
13782 2
13787 2
13789 3
13791 2
13793 0
13801 0
13808 2
13814 3
13817 1
13822 1
13825 0
13830 0
13834 2
13836 2
13852 2
13864 2
13865 2
13867 2
13871 1
13873 2
13876 0
13879 2
13881 0
13884 2
13889 1
13892 3
13898 3
13901 2
13902 0
13911 2
13914 3
13921 1
13922 1
13924 0
13925 0
13927 1
13928 1
13929 1
13930 1
13934 3
13935 1
13941 0
13943 2
13946 0
13951 3
13963 3
13965 0
13969 2
13971 3
13975 1
13978 2
13981 3
13982 0
13986 2
13990 0
13993 2
13996 1
13997 0
14000 2
14003 2
14004 3
14007 1
14009 2
14014 0
14015 0
14019 2
14028 1
14029 2
14031 0
14036 1
14042 2
14045 0
14059 1
14064 0
14065 0
14066 3
14068 0
14077 3
14084 1
14090 2
14093 1
14095 2
14098 2
14103 1
14104 1
14116 1
14119 1
14123 1
14124 0
14125 2
14128 2
14132 3
14133 2
14138 1
14139 1
14140 2
14144 2
14145 2
14156 1
14161 1
14164 2
14168 1
14180 1
14186 2
14189 0
14190 2
14191 2
14192 2
14194 2
14195 2
14198 3
14199 1
14201 0
14208 0
14210 2
14212 2
14214 2
14216 2
14217 2
14221 0
14224 1
14226 2
14228 0
14232 2
14237 0
14239 0
14243 1
14249 0
14251 0
14254 2
14258 2
14262 2
14265 2
14266 0
14268 2
14274 2
14275 1
14277 2
14280 0
14282 1
14285 0
14287 1
14292 0
14293 0
14296 2
14297 2
14298 1
14301 0
14302 2
14304 0
14305 0
14307 2
14314 2
14316 2
14317 0
14320 2
14321 2
14322 2
14323 2
14331 2
14335 2
14337 1
14341 1
14343 2
14344 0
14345 3
14348 2
14352 2
14353 0
14355 2
14357 2
14358 0
14360 1
14362 1
14364 1
14365 3
14367 1
14369 2
14373 1
14380 0
14385 1
14386 2
14391 0
14394 2
14399 2
14401 0
14403 0
14407 1
14408 2
14410 2
14422 3
14425 2
14427 2
14428 3
14429 1
14430 3
14433 2
14437 2
14444 2
14449 2
14453 0
14454 2
14458 2
14463 1
14465 1
14474 3
14477 0
14488 3
14490 2
14491 1
14492 0
14498 2
14501 0
14502 1
14503 2
14509 2
14510 2
14511 0
14512 1
14513 2
14515 3
14519 0
14533 2
14538 2
14545 3
14546 0
14549 2
14552 2
14553 1
14557 1
14559 2
14560 1
14564 0
14565 1
14571 2
14576 0
14586 2
14589 1
14591 2
14592 2
14596 1
14603 2
14604 2
14605 0
14611 1
14614 0
14617 2
14625 2
14627 2
14631 2
14633 0
14635 0
14645 1
14651 2
14664 1
14666 2
14679 0
14680 2
14682 2
14699 0
14710 2
14715 2
14718 2
14724 2
14726 1
14728 3
14729 0
14730 1
14732 2
14734 0
14737 2
14742 2
14748 0
14749 2
14751 2
14761 1
14779 2
14780 2
14782 2
14787 0
14791 2
14792 2
14793 1
14797 1
14798 2
14800 2
14803 2
14804 2
14805 2
14807 2
14809 2
14811 2
14817 2
14821 2
14822 0
14829 2
14838 1
14845 0
14846 1
14849 2
14851 2
14863 1
14864 2
14865 0
14867 0
14868 2
14873 2
14874 2
14876 2
14878 2
14882 2
14884 2
14887 0
14888 2
14894 2
14899 1
14900 0
14901 0
14902 2
14903 2
14904 2
14905 2
14909 1
14911 0
14912 0
14913 2
14914 2
14916 0
14920 0
14921 1
14925 2
14929 1
14934 2
14935 2
14937 3
14942 3
14945 1
14947 1
14949 0
14950 2
14951 2
14955 2
14960 2
14963 3
14965 0
14966 0
14967 0
14971 0
14972 2
14974 1
14979 3
14981 1
14983 2
14984 0
14989 0
14992 0
14993 0
14996 2
15000 0
15001 1
15004 2
15008 2
15009 2
15034 2
15035 3
15037 1
15038 2
15039 2
15042 2
15043 2
15044 1
15046 1
15048 2
15051 2
15053 2
15054 2
15055 2
15061 0
15067 2
15068 2
15069 2
15070 2
15071 0
15072 0
15073 1
15074 0
15075 2
15079 3
15080 2
15085 2
15094 2
15096 3
15097 2
15099 1
15102 1
15103 1
15105 1
15106 1
15107 1
15109 1
15112 1
15117 2
15122 2
15123 1
15124 3
15126 1
15129 1
15134 1
15135 2
15136 1
15137 3
15140 0
15143 2
15144 0
15145 0
15148 2
15149 0
15157 2
15160 1
15162 1
15165 0
15166 0
15167 2
15172 2
15176 1
15177 2
15181 1
15184 0
15189 0
15190 0
15193 1
15194 2
15197 2
15202 2
15204 2
15209 1
15212 3
15213 0
15214 1
15215 0
15217 2
15219 0
15220 2
15225 1
15226 2
15227 3
15228 0
15231 0
15232 1
15233 2
15237 2
15238 0
15240 0
15241 2
15242 0
15245 2
15248 1
15258 1
15259 0
15261 2
15264 2
15266 1
15270 0
15276 2
15278 3
15279 2
15280 1
15282 2
15284 1
15286 1
15289 3
15295 2
15296 2
15301 2
15303 2
15306 1
15308 1
15316 1
15318 2
15329 2
15332 1
15333 2
15334 1
15350 0
15355 2
15358 2
15364 2
15374 0
15375 1
15376 3
15377 2
15381 2
15383 2
15395 0
15402 2
15405 2
15409 2
15411 0
15413 2
15418 3
15419 2
15421 0
15423 0
15425 0
15428 2
15433 1
15438 0
15440 1
15442 0
15445 2
15448 2
15457 2
15461 0
15471 1
15473 0
15480 1
15482 1
15485 3
15486 2
15488 3
15494 3
15496 0
15499 2
15500 2
15503 2
15508 0
15509 1
15510 2
15511 0
15514 0
15516 2
15517 1
15518 0
15519 1
15520 0
15522 1
15525 2
15529 0
15534 0
15543 1
15544 1
15550 0
15552 1
15554 2
15555 1
15559 3
15561 1
15562 0
15565 1
15567 1
15569 0
15570 0
15580 2
15588 1
15589 2
15590 1
15593 0
15594 3
15596 3
15599 0
15600 2
15602 2
15603 1
15607 1
15608 1
15612 1
15615 2
15616 0
15617 2
15619 0
15620 1
15621 2
15627 1
15630 1
15633 0
15634 0
15635 1
15638 2
15639 1
15644 1
15647 1
15653 0
15654 2
15655 2
15657 2
15664 1
15668 1
15669 1
15670 3
15672 1
15675 2
15676 0
15677 1
15679 0
15682 3
15684 0
15687 1
15693 0
15694 1
15701 0
15703 1
15704 0
15705 1
15706 1
15707 1
15713 2
15714 1
15715 2
15716 0
15717 0
15721 2
15722 2
15723 0
15726 1
15728 1
15737 0
15738 2
15739 0
15740 1
15741 1
15744 2
15746 0
15748 2
15749 1
15752 1
15757 2
15758 2
15761 2
15764 0
15765 2
15769 2
15770 2
15776 2
15779 0
15781 1
15783 2
15786 0
15788 1
15790 0
15792 2
15794 1
15796 3
15798 1
15803 0
15804 3
15805 2
15806 0
15815 1
15817 2
15818 2
15820 1
15827 3
15830 3
15832 0
15845 2
15847 1
15850 2
15852 2
15855 1
15859 1
15863 2
15864 0
15866 1
15871 1
15877 0
15883 0
15886 0
15892 1
15895 0
15897 0
15898 2
15900 2
15902 1
15910 1
15921 2
15922 2
15926 0
15929 1
15930 2
15931 0
15954 1
15959 1
15962 0
15963 2
15966 2
15970 3
15972 0
15977 0
15978 3
15979 1
15982 2
15983 2
15984 0
15988 1
15989 2
15993 1
15994 2
15999 1
16000 2
16002 2
16003 2
16010 0
16011 1
16014 2
16015 1
16018 1
16021 0
16023 1
16024 1
16027 1
16032 1
16034 2
16035 3
16036 1
16037 1
16040 2
16043 2
16045 3
16046 0
16048 1
16049 1
16050 3
16056 1
16058 0
16060 2
16061 1
16063 1
16064 2
16067 2
16069 2
16071 0
16073 1
16076 2
16078 1
16081 2
16082 2
16087 2
16088 1
16089 3
16090 1
16094 1
16098 0
16104 0
16108 2
16109 2
16110 2
16112 0
16113 2
16114 2
16115 2
16117 2
16120 1
16123 1
16129 1
16130 0
16134 0
16135 2
16136 1
16138 2
16141 1
16142 1
16143 2
16146 2
16148 2
16155 1
16158 3
16161 2
16164 1
16167 0
16171 0
16176 0
16180 0
16182 1
16183 2
16184 2
16186 2
16188 3
16189 0
16191 1
16192 0
16196 1
16197 0
16200 0
16201 1
16202 0
16203 0
16204 1
16206 0
16207 0
16209 2
16212 2
16215 1
16218 2
16220 2
16225 3
16228 3
16230 0
16235 1
16238 3
16242 1
16250 2
16251 2
16252 1
16261 1
16263 2
16264 3
16265 1
16266 2
16267 2
16275 0
16277 2
16279 0
16285 0
16288 1
16291 2
16292 0
16294 3
16295 1
16297 0
16300 3
16301 1
16302 1
16304 2
16306 1
16307 0
16312 2
16316 1
16318 0
16319 0
16321 0
16325 0
16330 3
16331 1
16332 2
16336 3
16337 2
16338 2
16342 2
16343 1
16356 0
16367 2
16376 2
16377 1
16379 2
16380 0
16384 0
16385 2
16386 2
16387 2
16388 2
16391 1
16393 2
16394 1
16396 1
16398 0
16400 1
16404 3
16407 0
16412 0
16413 2
16414 2
16415 2
16417 0
16420 2
16422 2
16423 0
16429 2
16432 0
16433 2
16434 2
16439 1
16441 2
16443 2
16444 0
16445 2
16452 1
16454 3
16455 2
16456 2
16459 2
16462 0
16469 1
16477 2
16484 1
16488 2
16492 0
16501 1
16505 0
16509 1
16511 0
16512 1
16513 1
16516 1
16519 0
16520 2
16522 1
16527 2
16540 2
16544 3
16545 2
16550 1
16557 2
16562 2
16566 3
16572 3
16581 1
16587 0
16588 3
16594 2
16596 3
16602 1
16612 1
16613 2
16614 0
16620 3
16623 3
16624 2
16625 0
16628 0
16632 2
16633 0
16634 3
16636 2
16638 0
16640 1
16642 0
16643 2
16645 1
16646 1
16648 0
16663 2
16668 1
16669 0
16670 0
16672 0
16675 0
16677 2
16678 1
16679 1
16681 1
16686 1
16687 1
16691 2
16697 2
16699 0
16700 2
16701 2
16704 3
16707 0
16713 0
16718 1
16719 2
16721 1
16724 2
16725 1
16731 0
16732 1
16734 1
16737 2
16742 1
16743 2
16745 0
16748 0
16753 2
16760 0
16765 2
16771 0
16774 1
16781 0
16784 2
16789 3
16794 3
16796 3
16800 3
16804 3
16805 0
16807 1
16808 1
16811 2
16814 2
16823 0
16825 1
16832 0
16839 0
16841 2
16846 1
16847 0
16850 3
16851 2
16852 1
16854 2
16857 1
16865 0
16866 1
16876 3
16878 0
16881 1
16882 3
16884 1
16889 2
16891 3
16897 2
16904 3
16906 1
16911 0
16914 1
16918 0
16923 2
16926 2
16929 2
16935 2
16937 2
16938 0
16939 1
16940 2
16941 0
16948 0
16950 2
16955 0
16956 1
16959 2
16965 0
16966 2
16969 1
16975 1
16976 1
16980 2
16989 1
16991 3
16997 2
17002 1
17010 1
17012 3
17013 2
17016 0
17022 0
17028 0
17030 1
17031 2
17033 2
17035 2
17036 2
17042 2
17044 0
17046 1
17049 1
17052 2
17055 2
17056 2
17057 0
17059 0
17061 2
17062 0
17065 0
17066 2
17067 1
17068 3
17069 3
17070 3
17077 3
17078 2
17079 2
17083 1
17085 0
17090 3
17091 0
17097 2
17098 2
17099 2
17112 0
17113 1
17117 1
17119 0
17125 2
17131 1
17136 0
17137 2
17138 1
17140 0
17141 2
17142 0
17145 1
17147 0
17149 3
17151 2
17156 2
17159 3
17167 2
17168 2
17174 2
17178 2
17182 1
17187 2
17194 2
17197 0
17199 2
17205 1
17206 1
17211 1
17214 0
17217 2
17218 1
17220 1
17225 0
17226 0
17233 2
17234 3
17235 0
17237 2
17239 1
17242 2
17244 0
17245 1
17249 0
17252 2
17255 0
17257 0
17260 2
17262 0
17268 1
17271 2
17276 0
17280 1
17283 0
17291 2
17292 1
17294 0
17300 1
17302 2
17308 2
17309 0
17310 1
17313 2
17321 2
17322 2
17324 2
17325 1
17330 3
17333 2
17338 1
17347 0
17356 2
17360 2
17361 3
17362 2
17365 0
17367 1
17368 1
17376 0
17381 2
17384 0
17388 2
17390 1
17391 0
17392 2
17395 2
17396 2
17397 1
17399 2
17402 1
17403 1
17404 1
17409 1
17411 1
17414 0
17416 1
17419 1
17426 2
17429 0
17432 2
17438 2
17442 3
17450 1
17455 0
17458 2
17469 0
17472 0
17474 2
17476 0
17477 1
17479 0
17480 2
17485 0
17488 2
17492 1
17494 2
17495 1
17499 2
17503 2
17504 2
17506 2
17509 2
17510 2
17512 1
17514 2
17516 2
17519 2
17520 1
17522 0
17523 2
17525 1
17526 0
17529 1
17530 1
17532 2
17533 3
17538 1
17539 3
17541 1
17544 2
17548 1
17549 1
17550 2
17551 2
17552 1
17553 2
17554 2
17555 3
17557 3
17561 2
17563 2
17564 2
17568 0
17569 2
17570 2
17571 1
17574 1
17575 1
17576 1
17577 1
17578 2
17581 1
17582 0
17585 3
17587 0
17589 0
17594 1
17595 2
17597 1
17609 1
17610 2
17612 2
17613 0
17616 0
17620 0
17628 2
17631 0
17632 1
17636 1
17639 1
17640 1
17641 1
17642 1
17645 0
17647 2
17649 1
17650 1
17654 3
17657 0
17660 2
17662 2
17664 0
17666 2
17669 2
17672 0
17674 2
17676 0
17683 0
17685 2
17686 2
17688 0
17689 2
17692 3
17693 3
17695 2
17698 0
17699 2
17700 1
17703 2
17712 1
17719 1
17721 2
17726 2
17727 1
17735 2
17737 2
17739 1
17741 2
17743 2
17744 1
17748 1
17752 1
17756 0
17757 1
17759 1
17762 2
17766 0
17767 1
17779 2
17786 2
17789 1
17794 1
17800 2
17802 1
17804 2
17811 1
17813 1
17817 1
17820 0
17832 3
17835 2
17837 1
17840 2
17841 1
17843 2
17846 0
17848 1
17849 2
17850 1
17851 1
17852 2
17855 2
17857 0
17875 0
17876 0
17879 0
17887 2
17896 1
17900 2
17910 0
17911 0
17916 0
17917 1
17924 0
17925 0
17927 0
17934 2
17941 1
17948 2
17949 2
17952 2
17953 0
17955 2
17957 0
17958 2
17963 1
17964 0
17966 1
17969 0
17973 2
17974 1
17977 2
17979 2
17981 1
17982 2
17984 0
17985 2
17987 0
17989 1
17992 2
17995 2
17997 3
18002 0
18004 2
18011 2
18015 2
18020 0
18024 3
18027 2
18028 1
18032 0
18038 2
18045 0
18048 2
18052 0
18053 2
18055 2
18056 0
18057 2
18059 1
18061 2
18062 2
18064 3
18066 1
18067 0
18070 0
18077 0
18079 2
18081 2
18082 0
18088 2
18091 2
18095 0
18098 2
18104 0
18109 2
18110 1
18111 1
18121 1
18122 1
18126 0
18127 0
18133 2
18134 2
18140 0
18141 0
18142 1
18143 1
18145 1
18146 0
18148 0
18154 1
18155 1
18157 2
18158 0
18159 2
18161 1
18167 1
18175 1
18193 1
18197 0
18199 2
18200 2
18201 1
18203 2
18204 2
18207 2
18209 0
18210 0
18212 1
18214 2
18217 0
18218 2
18221 2
18222 0
18224 0
18225 2
18228 2
18229 1
18232 2
18234 2
18235 2
18241 0
18244 0
18246 2
18247 2
18250 2
18255 0
18256 0
18259 1
18261 1
18264 1
18269 2
18271 0
18275 1
18278 1
18279 1
18282 1
18284 1
18287 1
18292 0
18294 1
18297 0
18298 2
18301 2
18306 2
18310 3
18312 1
18319 0
18321 2
18328 1
18331 1
18337 0
18340 2
18348 1
18349 1
18351 0
18354 0
18355 3
18358 3
18363 1
18366 2
18376 2
18377 0
18379 1
18380 0
18383 2
18384 2
18397 1
18401 1
18404 2
18414 3
18415 2
18419 1
18420 2
18421 3
18424 1
18425 0
18426 1
18428 2
18432 1
18434 3
18436 2
18437 0
18439 2
18443 2
18446 2
18457 1
18463 0
18465 1
18467 0
18471 2
18472 0
18475 0
18481 0
18483 2
18500 2
18505 2
18511 3
18515 2
18517 0
18520 1
18521 0
18525 0
18534 2
18539 2
18541 0
18542 0
18543 0
18544 0
18564 0
18567 3
18570 2
18579 2
18581 2
18584 1
18586 2
18592 0
18594 2
18595 2
18598 2
18600 2
18601 0
18604 2
18608 0
18609 0
18615 1
18620 2
18621 0
18626 3
18628 2
18629 2
18632 2
18638 0
18639 1
18640 1
18641 2
18644 2
18649 0
18651 1
18662 2
18666 2
18675 0
18677 0
18678 0
18680 0
18681 2
18682 1
18687 0
18692 2
18704 1
18707 1
18708 2
18709 3
18710 2
18714 1
18717 2
18724 0
18725 1
18726 1
18727 3
18729 0
18733 2
18734 2
18737 2
18746 2
18751 3
18754 2
18759 1
18771 2
18773 3
18784 1
18790 0
18792 2
18801 2
18806 2
18809 2
18811 1
18814 2
18819 0
18821 2
18828 1
18839 2
18844 1
18850 1
18853 2
18861 2
