16384 0
16386 2
1366 0
16393 2
8202 0
13655 1
16396 1
16397 1
16401 2
8210 0
8212 0
8213 1
16406 0
5465 2
9548 0
8218 3
16411 1
14731 2
17754 2
16414 2
16415 2
8224 1
33 0
8226 2
37 0
16422 2
16423 0
16424 1
8233 1
8236 3
16429 2
16431 2
16432 0
16433 2
16434 2
15027 1
52 1
16438 3
8201 2
17187 2
8250 1
1375 2
16444 0
16445 2
16446 0
16447 2
66 1
16452 1
69 1
16454 3
71 1
8265 0
74 0
75 2
16460 2
8272 2
81 0
82 3
8276 1
16469 1
16470 1
16471 2
88 2
89 1
90 1
16476 2
16477 2
12551 2
2747 2
16484 1
16485 0
8298 0
17767 1
16494 0
8303 2
112 3
114 0
115 1
15931 0
118 1
17769 0
8312 1
16404 3
122 3
16509 1
16405 2
8320 0
16513 1
16516 1
16517 1
8326 2
8327 3
8328 0
16521 0
16522 1
139 3
140 3
6850 1
16527 2
144 2
8337 0
147 0
148 1
151 1
153 1
8346 1
16539 0
8349 2
158 3
159 2
11462 0
8353 1
16546 0
18811 1
7916 2
16550 1
16412 0
170 0
172 0
8368 1
177 1
178 0
8371 2
8373 2
183 2
16569 0
8223 0
16572 3
190 3
8385 0
4098 1
15051 2
16581 1
8391 2
200 0
201 1
16586 2
8396 0
13373 2
8398 1
6861 0
208 2
8402 2
9593 2
216 1
4132 0
218 3
220 2
9594 2
8415 1
16608 0
8418 2
16612 1
16614 0
8424 2
8425 3
16618 2
16619 0
16620 3
8430 2
17789 1
240 1
16625 0
8434 0
8435 3
244 3
246 0
41 0
16632 2
16633 0
17514 2
16637 3
16638 0
16640 1
8449 2
16642 0
16643 2
261 2
16646 1
263 2
16648 0
16650 0
8459 2
8460 2
8461 3
8237 2
16313 2
16657 1
274 2
8468 0
8470 1
16663 2
16666 1
284 1
10970 0
16670 0
287 2
8480 1
8481 0
291 1
16677 2
8486 2
8488 2
17195 0
298 3
8491 3
8495 2
8496 2
305 2
16690 2
16691 2
8502 1
312 1
315 1
317 2
8510 2
319 2
8512 0
16705 1
8514 1
18287 1
324 1
16709 1
16712 0
16713 0
334 3
16719 2
16720 2
8530 3
8531 1
16724 2
16725 1
344 2
2788 0
16730 0
16731 0
16732 1
350 0
8545 0
354 2
16739 1
8549 0
16742 1
16743 2
360 2
8554 3
8555 2
367 0
8560 1
8561 0
8564 2
16757 0
374 2
377 0
16762 0
8571 0
16765 2
383 0
16768 2
8578 2
1430 0
16774 1
392 1
6892 2
394 2
8588 1
8258 0
8592 2
8593 0
16786 1
405 0
8599 0
16794 3
8604 2
8261 2
416 0
8609 2
419 0
420 1
423 2
16808 1
427 2
8621 0
16814 2
17821 2
8625 2
2803 2
8629 1
438 0
8631 1
440 1
442 1
16827 2
444 2
8266 2
446 2
8640 0
16833 2
8642 0
8643 1
8644 2
8645 0
16838 2
455 1
16840 0
16841 2
16843 3
462 3
8655 2
16848 2
16850 3
16852 1
469 1
16854 2
17828 3
8666 2
475 1
477 2
16862 1
9637 1
16864 2
16865 0
1107 1
8675 2
484 0
1446 2
488 2
16876 3
8687 2
496 2
8690 1
8691 2
16884 1
8693 2
502 2
13737 2
504 3
8697 0
8698 1
508 0
509 3
510 2
4181 0
16896 1
16897 2
515 0
517 0
16902 2
8711 0
16904 3
8716 1
8717 2
8718 2
16911 0
16913 3
530 2
8723 1
533 0
16152 1
536 3
538 0
8732 1
541 2
16926 2
543 2
16928 2
545 2
546 1
547 1
548 1
6918 2
551 1
16937 2
8746 2
8747 2
16941 0
558 1
562 3
8756 2
565 1
8758 2
16951 2
8761 1
8762 1
8763 0
572 0
16957 2
574 0
575 1
576 2
8769 1
8771 3
581 1
583 1
8777 0
587 1
588 1
8781 3
8782 0
16975 1
16976 1
8785 0
8786 1
8787 2
16980 2
8790 0
17849 2
9840 0
603 1
8796 0
16989 1
606 0
8800 1
16993 2
16994 2
611 1
8804 1
16997 2
8806 0
615 3
8808 0
17852 2
17002 1
619 2
620 3
8813 1
8814 2
8815 2
17008 2
8817 1
17010 1
629 1
4201 2
632 0
8826 0
8827 2
17021 0
17022 0
8832 2
17025 0
8834 2
8835 1
644 1
8837 0
8841 2
8842 2
651 0
17036 2
8845 0
8846 3
15843 0
17042 2
17044 0
663 2
17048 3
17049 1
17050 1
8862 2
17055 2
17056 2
8865 3
8866 0
11035 0
8868 2
17061 2
17062 0
680 0
17065 0
17066 2
8875 2
685 1
6941 0
8880 0
17073 2
17074 1
17075 0
8884 2
6942 1
8889 2
8892 1
701 2
11040 3
8898 1
17091 0
15572 1
16502 0
17094 1
711 3
712 2
17097 2
714 1
17099 2
7116 1
15138 0
17102 0
8911 1
17104 0
120 3
8914 2
2851 1
8916 2
8919 2
728 3
17113 1
8922 1
8923 2
17116 1
17119 0
8932 0
17125 2
742 0
743 0
744 2
8937 0
746 2
17131 1
17133 0
8942 1
8943 1
17137 2
8946 0
9683 0
17140 0
757 2
759 3
17144 3
8953 1
762 1
763 0
8956 2
8843 2
17150 3
8959 0
8960 0
17153 0
8962 3
771 1
17156 2
5590 3
774 1
17159 3
776 3
17164 1
17167 2
17168 2
1496 1
786 0
787 2
17173 1
790 2
9028 0
132 2
8988 3
8992 3
801 2
8995 2
17188 2
12422 2
806 1
17191 0
17192 0
1092 0
814 2
17202 0
9012 3
9014 3
9015 0
825 2
17210 2
9019 1
8330 2
9022 3
6965 2
17217 2
17218 1
9575 1
17220 1
837 0
17225 0
17227 1
844 2
846 0
17231 0
849 2
13795 1
17236 3
9045 2
854 0
17239 1
858 1
4239 0
860 3
861 2
862 0
9055 0
17248 1
9057 1
9059 0
9060 3
870 2
871 0
873 1
874 3
17262 0
879 2
17265 2
882 0
9075 2
17268 1
885 1
9079 1
888 2
9081 2
9082 2
2879 2
17276 0
895 1
17280 1
897 1
17283 0
900 1
9094 0
9095 2
904 1
9098 2
12578 0
17292 1
17293 0
910 1
9103 2
9104 2
9105 0
916 0
917 1
17302 2
919 0
17304 2
9113 0
922 2
17307 2
17308 2
17310 1
17311 2
17313 2
932 3
2886 0
9127 2
5293 2
9129 2
9132 2
11488 1
6984 1
17330 3
17331 1
17333 2
9142 0
951 0
952 1
9145 0
17343 0
17344 0
12448 1
9154 2
17348 0
9158 3
161 0
17352 0
1396 2
5623 0
9164 0
17470 0
11085 2
17360 2
9169 0
17362 2
9390 1
17366 0
754 2
17368 1
8513 0
17376 0
9186 2
8358 0
13820 1
17386 0
17388 2
1006 0
17391 0
15582 0
9201 0
1425 2
17395 2
17396 2
10154 0
17399 2
852 2
9209 1
9212 1
9214 3
9215 0
9216 0
9217 2
9218 2
9219 1
1028 1
9221 1
1030 2
1031 3
15310 1
1034 2
15191 2
9228 2
1038 0
9231 2
8805 2
13864 2
17426 2
17427 3
1045 1
7001 0
17432 2
17433 1
1052 0
17437 0
1054 2
17440 2
1057 0
9257 0
17450 1
2765 2
17452 0
8370 0
9262 2
1071 1
9264 1
9265 1
9266 3
15786 0
9269 2
9270 2
1080 1
1081 0
17466 0
1084 0
17469 0
9278 1
9280 1
4808 1
17474 2
17476 0
17477 1
1094 3
9287 0
17480 2
1098 2
4704 1
9292 1
2914 1
17487 2
5765 2
9297 0
17491 2
9300 1
17493 0
17494 2
17495 1
9304 2
9305 1
1114 1
1551 2
9308 1
9309 1
9310 0
11109 2
9312 2
9313 0
17506 2
187 1
9316 0
17509 2
9318 0
17511 1
17512 1
1129 0
1130 2
9324 1
9325 0
1137 0
9332 2
9876 0
17527 0
9336 2
17531 0
17532 2
1150 2
18502 3
1152 0
1153 0
17539 3
17542 1
9351 3
9352 1
17545 1
17546 2
1163 2
17549 1
17550 2
17551 2
1169 0
17556 2
17557 3
17558 1
5657 1
17560 1
9369 3
1178 0
9373 3
17567 3
17568 0
17569 2
17570 2
17571 1
17572 2
9381 3
17574 1
17576 1
17577 1
17578 2
16583 2
9389 0
17582 0
7482 0
9392 0
1201 0
1204 0
9397 2
1206 2
4297 0
9400 0
17593 2
9402 2
1211 3
1213 1
17598 2
17599 1
1218 2
15589 2
9412 1
9414 0
17609 1
9418 1
1227 0
17612 2
17613 0
8397 2
17616 0
11128 2
9427 2
17620 0
206 3
1238 2
1239 0
1240 0
9433 2
1372 1
8399 0
1245 0
17631 0
17632 1
9441 2
1250 0
1251 1
17638 0
1255 0
17640 1
17641 1
17642 1
1575 1
1260 0
9453 3
1262 2
7037 1
1264 3
17649 1
17650 1
9459 2
9460 2
9461 2
1270 0
11371 2
9465 1
3013 1
7039 1
17660 2
17663 1
9473 1
9474 1
17963 1
1284 1
9477 2
17670 0
1290 1
9483 3
9863 2
11138 2
9486 3
1296 3
1297 0
17682 0
1299 1
9492 2
9493 1
9494 1
17687 1
17688 0
17689 2
1307 0
17693 3
1311 1
1313 3
17698 0
15804 3
1320 1
1321 2
1322 2
1323 0
1329 3
1331 1
17303 0
17719 1
9528 1
1338 1
9531 2
9532 3
17725 0
17726 2
9781 1
17728 0
7137 0
9540 2
5686 2
9543 2
17737 2
1354 1
1355 1
17740 3
2957 0
9555 1
17748 1
9557 1
9558 1
17753 0
9562 2
17707 2
17756 0
17757 1
17758 0
17759 1
11152 2
17762 2
9787 3
1380 0
1383 2
17980 0
9578 1
1387 1
9580 1
17774 1
9584 0
17777 0
17779 2
17780 1
9589 1
9590 2
9591 0
9592 1
4411 3
1402 1
9791 2
9597 2
9598 2
9599 0
1408 0
4331 1
9604 2
17797 3
9606 1
1601 1
17800 2
17801 2
1418 0
9611 2
1420 0
1422 2
9616 0
17809 0
17814 2
17817 1
1436 1
1437 3
17989 1
1441 1
1442 2
17827 1
1444 2
1445 2
9638 3
9639 2
9284 0
17835 2
9646 1
2973 2
17840 2
17841 1
17842 2
17843 2
1460 3
17847 1
9657 0
17850 1
1467 0
9660 2
1469 2
17855 2
17856 0
9668 1
9669 2
10142 2
15265 1
11521 1
9673 1
1482 1
9675 1
9676 2
9677 1
1486 0
1488 1
8440 1
2979 2
1493 0
17879 0
9688 3
9690 2
9691 3
9692 2
9694 0
9696 1
17891 0
9702 2
17895 0
17896 1
9705 0
18002 0
9711 0
9712 2
1960 1
8507 2
9722 2
17917 1
9726 2
17924 0
17925 0
1542 2
17927 0
7084 1
1546 0
17932 0
9741 2
17934 2
17935 1
17937 2
4211 3
1559 0
17944 1
1561 2
7087 1
1564 1
17949 2
17951 2
17953 0
17955 2
17959 2
9768 2
1577 3
9770 1
9771 1
17964 0
17966 1
9778 0
11187 0
1588 0
1589 3
1591 1
9784 2
17977 2
1594 1
17979 2
1596 2
1597 1
1599 0
17985 2
1605 0
1606 1
1608 1
9801 2
1610 1
17996 1
1613 2
17998 2
18001 2
9810 2
2086 0
9812 0
1622 2
11193 0
9817 2
18010 0
5283 2
18014 3
12560 1
1634 2
18020 0
9829 2
1638 0
1640 2
1641 2
1643 1
18028 1
8466 0
9838 1
9839 0
18032 0
4371 2
18037 1
1655 2
9850 0
9852 0
1661 1
1662 2
18050 3
18052 0
1669 1
1670 0
1671 1
18056 0
9865 3
1674 2
1677 0
18062 2
9837 3
14786 0
9873 2
9874 0
18067 0
18068 1
1646 0
9878 3
1687 2
1688 0
18076 0
8474 3
9886 0
9887 3
9889 0
18082 0
9891 3
9892 0
18085 1
1702 2
1703 1
18088 2
9897 1
9899 1
9901 2
9902 0
8477 0
1712 1
1717 2
9910 0
13969 2
1722 0
15333 2
18108 0
1694 2
16672 0
18114 2
1732 2
9925 2
289 2
9928 1
18121 1
9930 3
3503 2
18126 0
1746 2
8483 0
1748 0
18133 2
1750 1
1751 2
1753 3
6605 0
18140 0
18141 0
1758 3
18143 1
1760 0
9953 0
10697 0
9955 0
18148 0
16678 1
1767 2
17244 0
18153 0
18155 1
18156 1
1773 1
8788 2
296 0
1779 0
9854 1
18166 0
1783 1
9976 2
3028 2
1786 1
9981 2
18174 2
18175 1
18178 1
1800 0
18186 2
1803 0
13183 0
1242 3
18195 1
18201 1
1819 0
18204 2
3034 2
10014 1
18207 2
14633 0
1827 2
1828 2
18214 2
10024 0
18217 0
18218 2
1835 1
1836 1
18221 2
10030 2
10031 2
10032 1
1841 2
10034 1
1843 0
3038 1
1847 0
18232 2
10043 1
1852 1
10045 1
10046 2
10047 1
18240 0
18241 0
1858 1
18244 0
10053 1
1862 3
18247 2
10056 2
18249 3
1866 2
1867 1
10155 2
17252 2
18255 0
1872 0
8504 0
10428 0
18261 1
18264 1
18269 2
18271 0
10080 2
18275 1
15334 1
18279 1
10088 1
18282 1
11239 2
10092 1
18286 2
10095 2
336 0
10098 1
18292 0
1911 0
10104 1
10105 0
18298 2
18301 2
1918 2
18069 0
10113 2
18070 0
18310 3
1927 3
18312 1
1929 0
18314 2
10124 0
1933 2
10129 2
1938 3
1939 1
18324 2
10133 1
1944 0
18329 1
1946 0
10139 2
18334 1
10143 1
18337 0
10147 3
10151 3
18344 2
1961 2
1962 3
4423 2
18348 1
1965 2
13981 3
5521 2
18353 0
1970 0
18355 3
18357 2
18358 3
12617 2
1978 0
18363 1
18364 1
18366 2
1986 0
1987 1
1988 2
18374 1
18081 2
18376 2
10185 0
1994 0
10106 2
16706 1
10189 1
18382 1
10191 3
2002 0
5795 3
10196 1
2006 1
10200 2
2009 0
2010 1
18397 1
10207 2
18401 1
18404 2
4433 1
10216 2
9895 2
11797 2
18413 3
18414 3
10225 0
18419 1
18420 2
18421 3
18424 1
18425 0
18426 1
2043 1
18428 2
8797 3
4437 3
18432 1
3887 2
18434 3
18435 1
2052 2
18437 0
3073 1
16544 3
18443 2
2061 3
10254 2
1709 0
8536 1
10261 2
18455 2
2072 2
18457 1
10222 2
2075 0
8798 0
10270 3
10271 0
18464 0
2083 2
18470 1
2087 2
18472 0
2091 2
2093 0
2094 1
2095 1
6222 0
18482 0
10291 1
10293 1
10294 1
2103 2
10299 2
10305 2
10306 1
10307 0
2116 2
10310 1
10311 2
10312 2
2121 0
10709 2
3451 1
2124 2
18511 3
2128 1
18104 0
2131 0
10324 1
18517 0
2134 2
10328 2
10329 1
10330 3
2140 0
16741 2
2145 2
10340 3
18534 2
15377 2
2152 2
10345 2
18538 2
359 3
18540 0
18541 0
18542 0
10351 2
18544 0
2163 1
13711 2
18110 1
10358 2
16616 1
10361 0
10363 0
10366 2
3093 3
2176 2
10371 2
10372 1
18567 3
2185 2
10380 1
2189 0
18574 2
2191 1
10384 0
10386 1
18579 2
2196 0
18581 2
2198 1
10392 2
18586 2
15213 0
10398 1
13108 0
10401 2
18594 2
2213 1
892 2
18603 0
18604 2
2222 2
11293 2
13713 2
18609 0
10419 0
2229 2
18614 2
18615 1
18617 1
10426 1
18619 2
2236 2
10429 2
18622 2
18623 0
10433 2
18626 3
18628 2
2245 1
18632 2
18633 0
4471 1
18636 2
2254 2
18639 1
18640 1
18641 2
7203 2
10453 2
2263 2
18649 0
2266 0
10460 1
378 3
10462 0
18655 2
2272 0
10466 0
10467 2
18660 1
2278 2
18664 0
18665 2
18666 2
10475 1
10476 3
10479 2
2289 1
18675 0
10484 2
10485 1
10486 2
6255 2
18680 0
18681 2
18682 1
8575 3
10493 0
2305 0
10498 2
18692 2
10502 2
10503 2
10505 2
18699 0
12674 3
2318 0
18704 1
18706 2
18707 1
2324 2
10517 1
18710 2
2329 2
10522 1
10523 2
10527 3
18723 1
18724 0
2341 3
18726 1
10535 2
12679 2
10542 2
1757 1
2353 1
2356 2
18142 1
15627 1
3124 2
2362 2
2364 2
2368 1
18753 0
2261 1
2371 2
18757 0
11263 3
10568 1
2377 0
2380 1
10573 1
10574 2
10575 1
2385 2
18771 2
2388 2
18773 3
1764 2
2395 0
3252 3
5526 0
14054 1
18790 0
10599 0
18794 0
10604 3
10605 1
14796 2
10607 1
10611 0
18804 2
18806 2
1769 2
2426 1
2427 2
18812 2
18813 1
10622 2
16789 3
10624 0
2433 1
13720 2
18819 0
10632 1
2444 1
10637 0
4173 2
18157 2
10640 3
10641 1
18836 1
18838 0
2455 2
10648 2
18841 2
13448 0
4719 0
2460 0
410 2
10659 3
2469 0
2470 2
5873 1
2472 2
16796 3
2475 1
2476 0
2479 0
6902 0
18163 0
3145 3
10680 1
10681 0
8539 1
10683 3
9903 1
10689 3
11339 2
2500 2
1782 1
2502 1
2503 0
2505 3
10449 2
18167 1
1926 3
2513 1
2516 2
2517 0
10711 2
8612 0
10714 1
2524 1
2525 1
11268 2
2527 1
2528 0
2529 0
2531 1
2532 0
12710 1
10727 2
16807 1
2540 1
10733 0
10734 1
2545 3
2546 2
1790 2
10744 3
16179 3
2554 1
2555 1
2556 1
2558 1
10751 1
10753 2
8619 3
617 0
2565 0
2568 0
2571 1
2572 0
2575 0
10768 1
2577 3
2578 1
10771 1
2580 2
10773 1
10774 1
2583 3
10776 1
2586 1
2587 1
10780 0
4215 0
2591 0
10784 0
10788 1
10789 2
10790 0
16261 1
2603 2
10796 2
10798 0
10800 0
10802 0
2615 2
10808 3
10809 1
10812 1
10814 1
10815 2
2624 2
2625 0
2626 0
10819 2
10822 1
12333 1
10825 0
2634 2
4535 3
10828 1
10830 1
10831 2
2640 2
12728 2
10837 2
2646 2
4537 2
10841 3
16455 2
2653 3
2655 2
10849 0
10850 1
10851 1
15637 2
2661 0
10854 0
2663 1
2664 0
454 2
9636 2
10861 2
10863 0
2672 2
2673 1
2674 0
10003 1
10868 0
8638 1
11369 2
10873 0
10879 2
10881 2
2690 0
2691 0
10884 0
2693 2
12402 1
10891 0
450 1
2702 2
2705 0
10898 0
10899 3
12638 2
10901 2
1817 1
2712 0
10905 2
2714 0
10907 1
2393 3
10911 2
6910 2
14851 2
18203 2
2724 1
10917 1
3185 0
2728 3
10012 1
2731 3
10925 1
2738 3
2739 2
2741 2
2742 2
10457 1
1823 2
10940 2
2750 1
2751 0
2752 0
14549 2
12747 2
2758 2
5921 1
12457 2
11383 1
10957 0
2766 0
2769 0
16459 2
2771 0
16846 1
2778 2
2779 2
638 0
10974 3
14117 2
2784 0
8656 0
10978 0
16658 0
911 2
2790 1
2791 2
10319 3
10988 0
2797 3
10990 0
10991 1
2800 2
18022 1
2804 2
2807 3
6913 0
11005 1
9350 2
2820 3
2822 0
11016 0
2825 2
1458 2
17825 1
2835 2
11029 0
8665 2
2840 0
11034 2
1839 2
12762 3
11038 2
7187 0
18224 0
4571 0
2852 1
11045 2
2854 1
18225 2
2856 2
8824 0
11055 2
11056 0
368 0
11058 2
11059 0
11065 2
4733 2
2880 2
18645 0
2884 0
11077 1
11078 2
11082 2
2893 0
11086 1
11087 2
2898 2
2899 2
2901 0
2903 2
2904 1
11097 1
7311 0
11100 0
2909 1
11106 1
2917 0
11110 3
11111 3
2921 2
2922 1
11115 2
2925 2
2927 2
2928 1
12776 2
2930 0
2934 0
11127 1
2936 0
11129 2
2939 2
11132 2
2944 2
10048 2
2946 2
2553 1
5012 0
11141 0
11142 1
2951 2
4588 0
10464 1
8009 2
11151 1
2960 0
947 2
11155 0
11158 2
11159 3
2968 2
11163 1
11164 0
11165 0
11167 1
8688 2
15515 0
11174 0
11177 0
11178 3
2988 0
11181 1
11421 2
2992 2
1711 2
15921 2
2998 0
3000 2
3001 2
11194 2
3646 0
11196 0
11198 3
501 1
7358 0
3012 2
11205 0
3016 1
11214 2
11215 1
11216 1
11218 1
11220 1
3030 1
3031 1
11224 2
11225 0
11226 2
506 1
11230 2
11231 0
3040 2
18256 0
13550 1
11236 1
11237 2
3047 0
3048 3
3049 2
3051 0
3052 1
11245 3
4605 2
12985 0
3057 0
3058 1
17287 1
3061 0
3063 0
293 0
3070 2
14014 0
3072 0
8704 0
3074 1
11435 2
3076 2
3079 2
11272 2
11273 3
3082 2
3083 1
3086 0
3087 2
1880 1
11285 0
3099 0
3100 0
3101 0
3102 2
3103 0
3104 0
14171 0
11300 2
3110 2
3249 1
11305 2
3114 3
11307 2
3117 3
6047 2
3122 3
11316 0
4617 2
11320 0
3129 3
1887 2
3132 1
18297 0
7871 0
3253 1
3136 1
11334 2
11335 2
11336 2
524 2
11338 2
3147 2
11340 2
525 0
3152 3
5987 1
11349 0
8219 2
12787 2
11354 2
8719 3
11358 0
3168 3
3169 3
3172 2
11365 1
8721 2
3177 3
3178 1
10087 3
11373 2
3182 3
3261 1
13745 2
3186 1
3187 2
12654 0
3191 2
3193 1
379 0
11388 1
8725 1
11393 2
1899 0
11397 2
3206 2
3207 2
18284 1
3212 1
11458 2
3215 2
3216 2
8728 2
5998 3
11414 1
11416 2
11417 2
10473 0
3228 3
8730 2
11425 2
11426 3
11428 3
3237 1
11430 0
3239 0
3240 2
11433 2
3242 3
3271 2
3244 0
266 2
11441 3
3250 2
3251 0
11444 2
11445 1
11446 1
15561 1
14196 0
11451 1
11452 2
11453 2
11454 0
3263 2
11456 0
11457 2
3266 0
3267 0
3268 2
11461 1
3270 1
8737 2
3273 0
3655 1
3275 1
11468 0
16930 2
3280 2
11473 1
8739 3
11477 2
3286 1
3287 2
3288 2
11481 3
3290 3
3291 2
11484 1
3293 3
11487 0
18386 1
15568 3
8478 0
17295 0
3281 3
3305 1
16935 2
11502 2
11503 0
11504 3
3313 2
3314 3
11507 0
3316 0
8745 1
11512 2
11513 3
3323 2
11516 1
3325 0
11518 2
3327 0
3329 0
3330 1
16939 1
18305 0
11528 1
11529 2
11530 1
11532 2
3345 2
16751 1
11540 2
3349 2
3351 3
3352 1
3353 1
3354 2
9659 1
3358 0
17297 0
11554 1
3365 2
11558 3
11559 2
7388 2
11562 1
11565 1
3375 2
3376 2
10120 1
3378 1
3380 1
3381 1
11574 2
6025 2
16948 0
7391 1
11580 1
3389 2
3392 1
3393 1
11586 0
7478 1
3396 0
3399 0
1477 1
8759 1
3406 1
10125 1
3412 2
3414 0
459 0
9661 1
11613 1
3422 1
11615 1
3425 2
11619 1
11620 1
3429 2
11622 0
9116 1
3435 3
3436 1
11629 0
573 1
11634 2
11636 1
2024 2
11638 2
3447 2
241 0
17300 1
8767 0
3453 2
3454 0
4672 2
13822 1
11652 2
3461 0
11658 0
11659 2
11661 2
3471 2
11669 3
3478 2
11672 2
3481 3
11674 0
3485 1
11678 0
3312 0
11682 2
18331 1
11684 2
11573 2
3495 2
11690 0
8775 0
11693 0
14237 0
3504 2
3505 0
9664 1
3509 2
8573 1
3512 1
3515 1
3516 3
11709 1
11712 2
3521 2
11715 0
11716 1
11717 2
11723 0
11724 2
3535 3
3320 2
6051 2
11732 0
11733 3
16929 2
12393 1
7483 0
11738 1
11739 1
3548 3
11742 0
11745 2
3324 2
11754 0
11755 1
11756 0
3566 1
15613 1
3568 0
11761 1
595 1
3572 1
3573 0
11766 0
596 1
11773 2
11044 1
11776 2
11779 0
15617 2
1964 2
11786 1
3595 0
11790 3
3601 3
3602 0
3603 2
3604 3
13759 0
11800 2
11802 0
18351 0
11805 0
11808 1
1968 0
3619 2
5576 1
3621 2
11815 1
11816 0
11817 0
11819 2
11821 1
11822 0
605 3
3632 0
11825 2
11826 2
6067 2
4227 2
3637 2
11831 1
11833 1
3644 1
6668 0
11840 0
11841 2
11842 0
3651 0
10166 2
609 2
11848 2
11849 0
4716 3
1975 1
11852 1
11854 0
3663 0
11857 0
3666 0
3667 2
11860 1
3670 0
3671 2
3673 1
3677 2
11870 3
12901 2
11873 1
11874 1
1979 1
11877 2
11878 1
11879 2
3688 1
11881 1
11884 2
7442 2
3694 1
11887 2
10174 1
3702 2
3703 2
7335 0
3706 2
11899 2
11903 3
11905 3
11906 1
4715 0
1205 1
15638 2
11910 0
3719 2
3720 1
11913 1
11914 1
3725 3
3727 2
3730 2
11923 3
622 0
15641 0
397 3
17007 0
3740 0
13218 0
3745 2
3747 1
3752 3
7452 2
1991 2
13764 2
1992 2
11955 0
3765 2
10556 0
18083 1
6945 0
5854 2
3779 1
12918 0
3784 2
3786 0
4727 1
3790 2
3792 0
4728 2
11990 1
15675 2
672 0
11997 0
7461 1
3808 2
12001 0
3810 2
3811 2
7462 1
12006 0
3815 1
12013 2
3822 3
12015 0
12016 0
12017 2
3828 0
8830 0
12024 0
12025 0
3834 2
8427 2
3370 1
6101 0
4765 1
3841 2
12037 2
641 0
12041 1
12045 0
401 2
643 2
10201 1
17028 0
3869 0
12933 0
2311 0
3876 2
12069 1
3879 2
3880 0
13153 2
3882 1
12076 2
12079 3
3889 2
15739 0
12086 1
12088 3
12091 2
3901 0
12094 2
12095 0
12097 1
17035 2
12100 2
3382 0
3912 1
15406 2
12108 2
12110 2
14307 2
654 0
2020 3
13307 1
3932 3
12125 0
12126 2
3935 0
12128 1
17589 0
12130 2
3387 1
12136 2
12138 1
3947 0
4754 2
3950 0
11581 2
3952 2
12145 1
12152 1
12153 1
12154 0
12157 3
3967 3
3968 3
16284 3
3971 1
3973 1
3974 3
3975 0
12173 0
3983 2
3985 2
8428 0
12181 1
3990 0
12183 2
12184 2
11588 1
3679 2
13772 2
3997 2
3999 0
4001 1
12955 2
12197 3
6129 2
4009 3
5589 3
12205 1
12206 1
4015 1
4016 1
12209 2
4019 1
4020 1
12958 0
18683 1
4024 1
12218 2
4027 0
12220 1
4029 2
134 0
12223 1
4032 1
12225 2
4034 2
12230 1
4039 2
12235 0
12238 3
4048 0
4050 1
4051 1
14865 0
4053 1
4055 1
12248 2
4058 2
4059 3
12252 2
14330 0
5810 0
4063 2
12257 0
12260 1
14320 2
4071 0
4074 1
12268 2
12269 3
12270 2
4079 0
12272 2
4081 1
15699 1
16230 0
12278 1
4087 0
4089 1
529 2
6143 3
12285 0
12287 0
4097 0
16776 0
17067 1
9411 2
12298 2
4107 2
12300 2
14867 0
12305 1
4114 1
4116 0
10244 3
12314 2
4123 1
12316 2
4126 0
12319 2
12320 3
7515 3
12324 2
15708 2
12330 1
12331 2
4141 0
8594 1
6152 3
4146 0
4148 1
11614 1
138 2
4151 2
12344 2
12346 0
3423 1
8407 2
12351 2
12352 1
4162 0
4164 0
4169 3
12363 3
12364 3
7522 2
14349 1
7504 3
3427 2
4180 0
18446 2
697 0
3428 1
5595 0
4191 2
4192 2
10778 0
4195 1
4197 2
4198 0
4200 3
700 2
4203 1
4206 3
4210 3
12403 2
7529 2
4221 2
4222 2
12417 2
8324 0
15723 0
4228 1
4230 0
28 0
12424 2
12429 0
12431 3
6168 1
12434 2
4245 2
12439 0
16781 0
4249 1
12445 2
4256 2
12450 0
12451 1
2265 2
4262 2
9605 1
4265 3
12459 1
4270 0
12464 0
12465 1
12466 1
12470 2
713 0
4280 1
12473 1
18463 0
8906 2
5975 3
12481 0
961 1
4293 1
12487 0
4296 0
716 1
4299 3
4302 1
12496 1
18467 0
4309 2
4310 0
12503 0
4312 2
4314 1
4318 2
4320 2
12515 3
4325 2
4327 1
12521 2
10279 2
17106 0
4335 2
4338 1
12531 0
4342 2
12537 3
12539 2
12541 1
4351 1
4354 2
4355 2
4822 0
17603 3
4359 2
12553 2
12554 3
12556 0
4365 2
12558 0
14059 1
4368 1
4370 1
12563 2
1834 0
14382 2
4374 2
8921 2
4378 0
4379 2
4380 2
12573 0
12574 3
4385 1
1237 2
12579 0
4389 2
12584 2
12587 3
12590 3
12591 1
12592 2
4402 1
2099 2
17059 0
15753 0
4408 2
12601 0
12603 3
4413 3
5057 3
12611 2
4421 0
12615 2
11604 1
7564 2
4427 1
4428 1
12621 1
12622 1
12623 0
6200 1
12626 2
4835 1
8331 2
7566 2
4438 3
4439 2
13723 2
12635 0
73 2
13787 2
12639 0
15760 0
12644 3
13030 2
12647 1
4457 2
4458 2
13031 1
4462 2
12656 0
12657 2
4466 2
4468 1
7241 1
12663 2
12664 1
4475 0
12668 2
12669 2
12671 0
12697 0
4482 1
12675 3
18497 0
12681 0
4491 1
2114 0
12686 2
749 0
4497 0
4501 0
4505 0
12698 2
12700 1
4510 1
4511 1
4512 0
4848 1
4514 2
4515 2
4517 1
4518 1
12711 2
4520 0
12714 1
4524 1
12717 1
4527 1
4528 2
15972 0
12723 0
4532 1
12595 2
12727 1
4536 0
8948 2
4538 2
12731 0
12732 1
4541 0
4542 1
12737 1
9153 2
12739 2
12743 0
10316 2
4855 2
12748 2
4557 1
760 1
12754 2
8608 1
4564 1
4565 1
4566 2
17145 1
4568 0
4570 1
12763 2
12765 2
4574 3
12767 3
12769 2
2158 1
12774 1
4584 0
4586 1
12780 1
4590 0
4591 0
12786 0
4595 1
4596 1
4600 1
2132 0
12794 3
12795 0
12796 0
12797 1
12799 0
4609 1
4610 1
12803 1
12804 1
4613 0
12808 3
12809 1
4620 0
12813 2
4622 2
3501 1
4626 2
14979 3
4629 0
4630 0
4868 0
4635 1
12828 0
2138 2
4641 2
4643 1
10942 0
12839 0
4648 1
10332 1
4650 2
12843 1
12844 3
4653 0
4654 1
12847 2
4656 1
4657 1
4658 2
12852 2
12853 2
4662 0
4663 0
4666 0
4667 2
4669 2
4671 0
15704 0
4674 1
204 1
12870 1
6241 1
12872 2
12874 1
4683 0
4684 0
4688 1
12881 0
12884 1
4693 2
4697 1
4698 2
16889 2
4705 1
11707 2
4708 1
4709 1
4713 0
12906 2
12907 0
12908 0
4717 0
7069 0
12705 2
4726 1
12919 1
12920 1
4732 0
12925 1
12928 1
3520 2
12930 2
12931 0
12932 1
4741 1
4744 1
12937 0
12938 0
4748 1
4752 1
9488 3
12946 1
4755 1
17544 2
12949 2
2923 1
18543 0
16752 2
12957 1
4766 1
4768 2
12961 2
12963 1
4772 0
4776 2
12971 1
12972 2
4781 1
4784 1
12977 2
4786 3
18547 0
4789 3
8070 0
16835 0
4793 1
12987 1
8343 1
12990 3
12991 0
17184 1
17345 0
4805 1
4807 1
13000 2
13001 1
4811 3
4813 1
4814 2
13007 1
6707 1
4818 0
4819 1
13014 2
4825 2
4826 1
13019 2
13021 0
4830 0
4831 1
17346 0
4833 3
13027 0
13028 0
4838 0
4839 0
16528 1
4844 1
13037 1
13039 0
13040 2
13041 2
13042 2
13043 2
4853 0
4854 0
13047 0
4856 1
9709 2
13053 0
4863 1
13056 0
9982 1
13058 0
13059 3
13060 0
13061 1
4870 0
4871 0
4872 2
4874 2
4875 0
15438 0
12983 2
4881 1
13074 0
13075 2
13076 3
13077 2
13078 0
4887 1
4888 2
18564 0
13082 0
4892 0
4897 2
4898 2
13092 1
4901 0
8816 0
4904 0
13097 2
16955 0
4909 0
3415 1
4911 2
4913 3
13106 2
13107 0
2073 2
13110 1
13112 1
4916 2
4926 1
4928 0
4929 0
4932 0
4935 0
13128 1
13129 2
13130 2
4939 0
13134 1
13135 2
13136 2
4920 0
4947 0
4948 2
4950 2
13143 0
13146 0
13147 1
13148 2
1256 2
13150 3
4961 1
4962 0
17211 1
13156 0
13159 3
13160 1
18169 1
4974 0
17213 0
4980 1
4981 2
13174 0
13175 2
4985 1
4986 2
658 0
4990 2
166 1
4992 1
4993 2
4994 1
15442 0
4997 2
11599 1
3564 3
13195 0
13196 0
13199 1
18584 1
13202 1
5011 3
13204 2
11758 2
13207 1
13208 2
13209 2
13211 3
2202 2
3986 0
9029 0
5026 2
5030 2
197 2
13230 2
5040 0
5043 2
2206 0
11978 0
13239 0
13240 2
13245 2
5054 1
13249 3
13250 2
3574 2
18593 2
13256 1
2434 2
13259 2
2210 2
13262 2
13263 3
5072 3
5073 3
13266 1
4942 0
9052 1
13271 1
13272 0
5081 0
5082 2
5084 3
6309 0
13281 0
5090 3
15867 2
13285 2
17233 2
12909 2
5098 0
14503 2
13292 0
13293 1
13295 1
5105 0
17235 0
13301 2
13303 2
5113 2
5115 1
5121 2
13314 0
5123 2
13316 0
13317 0
5129 2
13324 2
6172 0
14811 2
13334 0
5143 1
13337 2
13339 3
5150 0
5151 0
9446 1
5154 2
13349 0
2225 1
13352 0
13353 0
13356 2
17245 1
13360 2
5171 1
13366 0
13367 3
13371 3
13372 1
17792 0
5184 3
5185 0
5186 0
5187 0
13380 2
13383 2
13385 1
5194 2
10423 0
5196 2
5197 3
13394 0
13395 2
5206 1
13399 2
5209 2
5210 3
5211 2
2234 2
5214 2
962 2
5219 1
5222 0
13415 0
5224 0
5225 3
5226 1
17255 0
13420 3
13421 0
10267 0
5233 2
14086 1
13427 2
13428 3
5239 0
5240 0
13433 2
13435 2
5244 0
4539 1
13439 1
5248 0
5250 1
13443 1
14905 2
3721 2
2630 1
10434 2
16542 0
13457 0
13458 0
13460 0
13461 0
13464 3
5273 0
9071 0
5276 2
5277 0
18629 2
17361 3
3611 3
5284 0
5285 2
5287 2
7708 1
12724 1
5292 2
13485 2
5294 2
13487 1
13489 0
5301 0
13494 3
722 0
5306 1
13499 1
13500 0
14438 0
5318 0
13511 2
5322 2
887 2
7714 0
13520 2
13521 0
11907 2
889 0
5336 1
13529 1
5339 1
13532 0
13178 0
5342 0
5345 2
13539 1
5348 3
2257 0
5352 1
13545 3
5361 2
5357 1
451 1
13551 2
13553 0
5362 2
6998 2
13557 0
13559 2
5368 0
5369 2
5371 1
5372 2
13565 2
5374 1
5375 2
13568 3
13184 1
13572 2
5381 2
13576 1
13578 2
13580 2
5389 2
13582 0
13583 2
13586 0
13587 2
3630 2
5399 3
9092 0
13596 2
5405 2
13600 1
13602 2
13603 0
13605 2
13607 2
2268 2
13610 1
903 0
8874 3
3634 3
5422 2
5423 0
5424 0
17288 1
2102 2
13624 1
13626 3
10463 2
5436 3
13633 0
13634 2
5444 2
5445 0
13638 2
5447 0
13640 1
13645 3
6371 0
5460 2
5463 1
13656 1
13657 0
13658 2
5467 0
6532 1
16785 3
13666 0
13667 0
5476 0
5477 0
5478 0
13671 1
5481 0
13674 0
13675 1
13676 0
13297 0
17095 0
5488 0
13681 3
5490 1
11838 2
5494 3
5495 3
5497 2
13690 2
11367 0
13695 2
13696 2
2283 2
13707 2
13710 2
6381 1
1002 0
15967 0
11843 2
13718 2
5528 0
3310 2
13722 3
5531 3
13727 1
6384 0
5538 0
13734 1
18673 0
730 2
5545 1
7751 2
5549 3
13744 1
5553 2
7511 0
18734 2
5564 1
13758 0
5567 2
5568 3
5571 1
5572 3
18678 0
13766 0
17098 2
13769 0
12188 2
5579 2
5580 1
5581 2
5583 2
13776 1
10488 2
5587 1
5588 3
13781 1
13782 2
12734 0
13786 0
7759 1
13788 3
5598 0
13791 2
5601 1
5602 2
5603 0
13796 0
4551 0
3665 0
5608 1
5609 2
13803 0
5612 2
7762 1
13808 2
5618 0
17645 0
5622 0
13815 0
5627 1
5628 1
5630 2
13823 1
5632 1
5633 3
5636 0
5637 1
13830 0
5639 2
5641 0
5642 0
9133 0
5649 1
5650 0
5652 0
13845 1
2308 3
5659 0
5661 1
1947 1
474 1
5666 0
13859 0
5670 1
5672 3
13867 2
13828 1
17647 2
13872 1
5683 1
13878 1
14601 2
13881 0
5691 2
13892 3
5046 2
4827 1
14604 2
3499 0
16407 0
14605 0
5712 0
5713 2
5716 0
10510 0
673 2
5720 2
13913 0
13914 3
13915 3
13919 3
2320 0
13922 1
13925 0
13926 3
16285 0
1282 0
17005 1
13934 3
5053 0
11880 1
5747 0
464 2
5749 1
5751 2
10516 3
9151 0
13949 3
8180 0
13951 3
5761 1
5763 2
14614 0
5766 2
13959 1
5769 0
5771 1
13965 0
5774 0
5776 2
5777 2
13970 0
5780 1
5781 0
13974 1
13975 1
5787 0
18714 1
3466 2
13984 0
18715 3
13988 0
13989 0
13990 0
5802 0
5803 1
13996 1
13997 0
466 3
5809 2
14002 0
5811 2
5812 0
5813 2
5814 2
12861 2
12641 0
14012 1
5821 2
5822 1
5823 2
5824 2
14019 2
5828 0
5832 0
14028 1
9196 0
5838 2
14031 0
14036 1
11932 0
14042 2
5851 3
15994 2
14046 0
18725 1
14048 1
5857 1
11379 3
5860 2
14053 2
5862 2
10288 1
14107 0
5865 1
18727 3
5868 2
14062 3
5872 0
16800 3
14066 3
5876 0
8379 1
5878 0
5879 2
5886 2
17365 0
18479 0
14084 1
5894 0
14090 2
5899 2
16002 2
6849 0
5903 2
13290 1
5907 2
5909 3
14103 1
12472 1
16291 2
8059 3
14113 3
5922 0
5925 2
5926 0
13276 2
5931 2
14130 1
14132 3
14133 2
5943 0
14928 2
10548 1
14138 1
14139 1
14140 2
14142 3
5953 2
16011 1
14148 2
14149 1
5961 2
5968 2
5969 3
13283 2
14167 0
5978 0
11919 3
5980 3
18746 2
5982 2
17381 2
14177 2
15475 0
14180 1
5989 2
16839 0
18748 2
14186 2
5095 2
14188 2
14189 0
14190 2
14192 2
6004 0
14199 1
14200 3
14201 0
14202 3
6011 2
6012 0
6013 2
6015 0
10560 0
6018 1
14212 2
6021 2
6022 2
2369 0
14216 2
14217 2
14219 0
14221 0
14222 0
14228 0
6039 2
6044 3
6045 1
14238 1
14239 0
14240 1
14242 0
14243 1
6053 1
6054 2
6055 1
6056 2
6057 2
14250 2
14251 0
14252 0
6062 3
6064 2
18760 3
6066 3
14259 1
6068 2
14261 0
14265 2
13023 2
5109 1
14274 2
14277 2
14278 2
14280 0
14281 2
14282 1
14285 0
14287 1
6097 3
14293 0
1567 2
7844 0
17553 2
6108 2
14301 0
14302 2
6115 3
6117 0
14312 2
6122 2
4386 3
10668 2
6128 2
16040 2
14322 2
14323 2
6132 2
6133 1
18772 1
6138 0
6140 2
8115 2
14335 2
15371 2
6145 2
6146 3
4678 1
14344 0
14345 3
6154 2
14347 2
6156 0
6157 0
6159 2
8934 1
13315 0
6164 2
14358 0
6167 1
14360 1
6169 2
14362 1
14363 1
14364 1
6174 2
6176 1
6177 1
17414 0
6182 0
14375 0
14377 1
6187 2
14380 0
2343 1
6191 1
14385 1
6196 2
14390 0
14391 0
14392 2
6201 2
14394 2
6203 2
14397 0
6206 2
16628 0
18483 2
3480 2
14403 0
14405 1
2389 2
6497 0
14408 2
5132 2
10025 1
6220 1
6221 1
14414 2
14417 0
14422 3
6231 2
6232 2
14425 2
7866 2
14431 1
14432 3
14433 2
16059 0
6209 2
14440 0
6250 2
6251 2
14446 0
7869 2
6256 2
14455 0
6265 3
6266 2
6267 2
8392 2
6270 2
17429 0
1027 0
8936 1
14466 0
14467 1
8938 2
14474 3
6286 3
14479 0
5071 3
1048 3
16067 2
14484 3
14488 3
6298 1
14491 1
14498 2
6307 1
14501 0
6310 1
6513 0
17436 3
6315 0
14510 2
14511 0
14512 1
14513 2
6324 1
17438 2
14519 0
6329 0
6330 2
6331 2
6332 2
14525 1
6334 0
6335 0
6336 2
15527 1
6340 2
14533 2
6349 2
14542 2
14546 0
6355 3
6357 2
6521 0
6360 3
15553 0
6363 2
6365 0
6213 2
6367 2
6369 1
10619 0
14564 0
14565 1
10620 0
6379 1
6380 0
7890 2
6383 1
14576 0
6385 2
6386 1
6387 2
14580 3
2430 2
14583 0
6393 2
14586 2
2431 0
6398 3
14591 2
6400 2
2432 3
14600 2
6409 1
6410 3
6412 2
6413 1
6414 2
14607 2
6416 3
7896 0
14610 0
14611 1
6422 1
6424 0
13898 3
6426 1
17455 0
6428 1
6429 1
14622 2
6433 1
4033 2
6436 1
14629 1
14631 2
14632 2
6441 0
14635 0
6445 1
6446 2
3805 2
6448 1
2440 2
5552 1
18701 2
6456 1
14650 1
14651 2
17461 3
6464 0
6465 0
6466 2
6467 2
6468 1
14662 2
14664 1
14666 2
6479 0
14675 2
8945 2
6492 3
14685 0
6495 0
14689 2
5179 0
6500 3
3814 1
14696 0
6506 2
9277 0
7912 0
6515 2
1086 0
14713 2
6522 2
14715 2
14716 1
14718 2
17472 0
16107 0
14724 2
6534 0
13377 0
16108 2
14730 1
18839 2
14732 2
14734 0
3821 2
14737 2
14738 3
12755 0
7918 0
6553 0
6554 0
6558 0
14751 2
16858 0
14761 1
5191 2
14765 0
10653 1
6576 2
6577 1
14773 0
4038 0
7857 0
14778 2
14779 2
6588 1
6594 3
14787 0
6597 1
14792 2
14793 1
6603 1
6604 2
8676 0
14800 2
15223 0
14804 2
6616 1
6617 2
6619 2
6630 3
14824 3
14828 0
14829 2
14830 2
14832 0
6641 0
14834 1
9448 0
14838 1
14841 2
16861 1
14843 3
14845 0
14846 1
6657 1
6658 1
6571 0
9302 2
6665 3
14859 1
14860 2
14864 2
17496 3
6675 3
6679 2
6682 3
6683 2
14876 2
14878 2
6687 2
14881 1
6690 1
17499 2
6692 2
14886 1
14888 2
14889 0
6701 1
6702 1
6703 1
16590 3
6706 1
14899 1
6708 1
6709 0
14902 2
6711 1
14904 2
6713 0
6715 2
13746 0
6719 1
14912 0
14913 2
14914 2
6723 1
14916 0
6725 0
14993 0
14920 0
14921 1
14923 0
6732 2
14925 2
4043 2
6736 0
14929 1
6740 1
1861 0
14935 2
14937 3
6747 2
6748 2
14942 3
9317 0
14945 1
2491 0
6756 1
17510 2
4573 1
6761 0
14955 2
6764 2
10847 1
3859 0
6774 0
6776 2
14971 0
14972 2
9322 1
17411 1
14978 3
6787 0
6788 1
14983 2
6792 0
6794 2
12055 2
6796 0
14989 0
17517 1
6801 1
6802 3
6806 0
6809 0
6810 1
6811 1
15004 2
6813 1
14789 2
15008 2
15009 2
7963 2
18558 0
17521 2
16594 2
15020 0
15021 2
15022 2
6600 0
6835 1
6836 1
6839 3
6840 2
6841 2
15035 3
6845 0
6846 3
5687 2
7968 0
15042 2
6851 1
6853 0
6855 1
6857 1
6859 1
6860 1
16868 2
15055 2
9503 2
1955 0
6869 1
18505 2
6871 0
4866 0
15067 2
15069 2
15071 0
15072 0
6881 2
15074 0
6886 2
6887 1
15080 2
16167 0
15084 3
15085 2
15091 1
6900 1
15093 3
15094 2
6904 0
6905 1
8993 0
9343 2
6908 2
15102 1
15103 1
6912 2
15105 1
15106 1
15107 1
15109 1
9232 2
15111 3
6920 2
6922 1
6923 0
15116 2
6925 0
15119 0
15123 1
15124 3
6933 3
14809 2
6936 1
15131 1
6940 0
2522 3
15134 1
15135 2
15136 1
15137 3
6946 2
6947 3
15140 0
15141 1
15142 0
15144 0
15145 0
6955 0
6961 1
15155 0
6964 1
15157 2
15160 1
15162 1
15165 0
6974 0
15170 1
6983 0
15176 1
15781 1
6987 1
15180 1
15186 1
15188 0
15189 0
15190 0
6999 0
15193 1
15194 2
15197 2
7008 2
7009 2
7013 0
15206 0
15207 3
7018 1
15212 3
7739 0
7023 1
7024 2
15220 2
7031 1
15225 1
15228 0
15229 2
7038 0
15231 0
15232 1
15234 3
7043 2
15236 0
1174 2
15238 0
15240 0
15241 2
7052 1
15245 2
15246 0
7055 1
7056 2
5272 0
15251 3
7062 0
15261 2
8885 2
7071 1
15264 2
6640 0
15266 1
3236 0
7076 1
7077 2
15270 0
15272 0
15276 2
15278 3
15279 2
15283 0
15284 1
7093 0
15287 2
7096 2
15289 3
7098 2
920 2
7102 2
7103 2
7104 0
7105 1
6646 1
15303 2
7114 2
7115 0
15308 1
15309 1
7118 1
15311 2
7120 2
2552 1
7122 2
1187 2
15316 1
15318 2
15319 0
7129 2
15323 2
15324 1
14842 2
7134 1
17573 1
7136 0
15329 2
7138 0
7139 0
7141 0
7142 1
7143 0
11149 0
10748 2
15339 3
1192 2
7155 2
15349 1
15350 0
9385 3
7162 0
7164 2
3430 3
7166 3
8021 0
7171 1
14849 2
15368 3
7179 3
15374 0
15375 1
15376 3
7185 2
10755 0
7188 2
7189 2
512 1
15383 2
15387 2
15388 0
10757 2
15395 0
7204 0
7205 1
5297 0
7208 2
15401 0
15403 1
15404 0
12788 2
7214 2
15409 2
7218 3
15411 0
13055 1
15414 3
15417 2
7227 2
7229 0
7230 2
15423 0
3936 1
10741 1
15428 2
17590 2
7239 1
7240 3
15433 1
7242 0
17591 1
7244 0
7246 2
15440 1
7250 2
15445 2
18245 0
7256 2
17154 0
7262 0
7265 1
5307 0
15461 0
15462 3
7271 1
7273 2
15467 0
15471 1
15472 2
15473 0
7283 0
8426 2
15482 1
15485 3
15488 3
15490 1
12139 2
15494 3
15495 1
15496 0
15497 0
7307 0
15503 2
15504 0
15505 0
1219 0
17419 1
15509 1
15510 2
15511 0
15513 0
7323 0
15517 1
15521 2
15522 1
3813 0
10337 2
2588 1
15530 0
15534 0
7344 2
15539 0
15078 2
15543 1
15546 0
14879 2
17610 2
15550 0
15552 1
7361 0
7363 0
8935 2
15559 3
9420 1
15562 0
15565 1
7374 3
9421 2
7376 0
3960 2
15570 0
7380 0
15574 0
13612 2
8702 2
7386 1
15579 2
15580 2
15581 1
7390 0
2597 0
16525 0
14070 0
7397 0
15593 0
15594 3
7405 2
792 0
7407 2
15600 2
6696 3
15602 2
15603 1
6697 2
15608 1
1236 1
7421 0
15614 0
15615 2
15616 0
7425 3
15619 0
15620 1
17623 1
15628 3
7440 2
15633 0
15634 0
7443 0
15636 2
14894 2
7446 2
7447 2
7448 2
7449 2
7450 2
15644 1
15645 3
15647 1
15652 1
15653 0
15654 2
7463 0
15656 0
15657 2
15658 2
15661 1
13533 1
15664 1
16264 3
7475 0
15668 1
13534 1
15670 3
1340 2
7480 1
7481 1
8978 1
9439 2
15676 0
16266 2
15679 0
7488 2
7489 2
7490 3
7491 2
15684 0
15688 0
7497 2
15691 0
15693 0
15694 1
15695 0
15696 0
7505 2
7506 2
9443 2
15701 0
15703 1
7512 0
15705 1
15707 1
7516 2
15712 0
15713 2
15714 1
15716 0
15717 0
15719 1
15721 2
15722 2
17639 1
7532 2
15725 0
15726 1
7535 0
15729 1
7538 3
15731 1
15735 0
7544 2
7545 1
7546 2
2623 0
15741 1
15744 2
10816 0
15746 0
17643 0
15748 2
10817 1
7561 2
15754 0
7563 2
15756 1
15757 2
15758 2
15759 3
7568 2
15761 2
15762 2
7571 1
15764 0
15765 2
7576 2
15769 2
7578 1
7579 1
7580 2
15773 2
15774 0
15775 0
15777 2
11398 2
15779 0
15780 0
7589 0
7591 3
7592 2
7593 2
4890 2
15787 3
15788 1
1266 0
15791 2
17651 0
15798 1
2633 2
15802 3
7611 1
7612 1
15805 2
15806 0
7618 0
15813 0
7622 0
15816 2
15817 2
5367 2
16290 0
15824 2
8099 3
7640 3
15834 1
15835 1
15836 0
7646 2
7649 2
7651 2
15845 2
7654 1
15850 2
7525 3
15852 2
17713 0
15854 1
15855 1
7667 1
7670 3
10621 2
7672 3
15866 1
13567 3
15868 2
12202 2
15871 1
15873 0
7683 2
14934 2
15878 2
1281 0
15882 0
15883 0
17666 2
7694 1
7695 2
7699 2
15892 1
7701 0
5380 1
15898 2
15899 1
15900 2
7709 3
15902 1
7711 0
7712 2
16304 2
12981 1
7715 0
7716 0
9478 2
15911 3
17715 0
7722 3
15916 0
15919 0
7728 2
7729 0
15923 1
7733 3
803 2
17170 3
6751 0
17674 2
4021 1
14988 1
7747 2
2657 0
106 1
17359 0
15951 0
15954 1
15957 0
7766 1
15959 1
10852 2
15962 0
18535 1
3532 2
10853 2
15969 0
7778 0
7780 0
7783 0
15976 0
15977 0
11072 1
15980 2
7789 2
7790 1
15983 2
15984 0
7793 3
17683 0
15990 2
7802 0
16319 0
15996 0
15999 1
16000 2
7810 1
16003 2
16005 1
7815 2
7817 1
9307 2
7819 3
13563 2
6765 0
1304 2
16018 1
16021 0
7832 3
10745 0
16027 1
7837 3
7838 2
7841 3
16034 2
16036 1
16037 1
16039 2
7848 2
16046 0
7855 3
16049 1
16050 3
14963 3
16054 1
16329 0
16056 1
16058 0
17695 2
16060 2
16061 1
7870 3
16063 1
16064 2
7873 1
16066 1
7875 1
16069 2
7878 0
16071 0
16072 0
16073 1
7882 1
1314 1
16078 1
7888 0
16082 2
7891 2
16084 0
16085 0
7894 2
16087 2
16088 1
7897 2
7898 0
10083 2
7900 2
7901 0
7902 0
10747 3
16097 1
16098 0
7910 3
16104 0
16105 0
16106 2
5415 0
3264 0
16109 2
16110 2
16113 2
16114 2
16115 2
6763 0
7927 1
8148 0
16125 2
16126 0
10357 1
16129 1
5419 2
16134 0
16136 1
7945 2
16138 2
7947 2
10882 0
16143 2
16144 0
16145 0
7955 2
16148 2
17238 1
16150 2
7960 0
7962 0
16155 1
16158 3
16159 0
16160 0
7970 1
16164 1
7974 0
7975 2
7978 0
16173 3
4061 0
7986 2
9523 0
7989 2
16183 2
16184 2
16186 2
16187 1
7997 2
16191 1
16192 0
8001 1
8003 2
16196 1
16200 0
16201 1
16202 0
9814 0
16207 0
8017 3
8018 3
16211 2
16213 0
8022 0
8996 2
16220 2
8029 3
16223 2
13627 2
16228 3
8038 1
16231 1
16232 0
13628 1
16234 2
16235 1
16238 3
8048 3
16362 2
2707 0
16244 1
13966 3
8054 2
16247 0
8058 1
17727 1
8061 0
16255 0
8064 1
9536 0
16259 1
16260 1
8069 2
16262 1
16263 2
17948 2
16265 1
8074 2
18439 2
8079 0
16272 0
8082 0
16275 0
16276 1
16279 0
16909 1
10906 2
16287 0
16288 1
16289 1
8098 1
2715 2
16292 0
16294 3
16295 1
8104 2
1351 2
16301 1
8112 2
8113 3
16306 1
16307 0
8116 2
16309 1
8119 0
10856 2
8121 0
6815 0
16316 1
5946 0
8127 0
16321 0
829 1
16324 0
16325 0
16326 2
16327 1
15001 1
1356 3
12279 2
8142 3
5837 0
8146 2
16340 0
16341 0
16342 2
16344 2
8154 3
8156 1
4090 1
4636 0
8162 0
12283 0
16356 0
16358 2
8167 0
8168 2
16361 2
8170 2
8172 1
16367 2
1636 0
8178 0
9274 2
16372 1
15832 0
8182 2
16376 2
9556 2
16379 2
16380 0
16381 1
