8192 2
16386 2
11184 1
16388 2
8197 2
8199 0
16393 2
8202 0
16396 1
4098 1
16398 0
16399 2
16401 2
8210 0
8195 0
16404 3
21 0
16407 0
16409 0
8218 3
8219 2
16412 0
29 0
16414 2
16415 2
16417 0
6128 2
8227 2
8228 2
8229 1
16422 2
8232 0
41 0
45 1
8238 0
16431 2
16433 2
16436 1
8201 2
16441 2
1375 2
16445 2
62 2
16449 2
66 1
16451 0
16452 1
8261 2
16454 3
1377 2
16456 2
8265 0
74 0
8267 0
6839 3
79 3
16464 1
16465 1
16466 1
13759 0
85 0
16470 1
8279 2
88 2
90 1
8283 1
16476 2
6842 3
1381 2
12551 2
16484 1
16485 0
104 0
106 1
17767 1
6823 0
16495 1
112 3
113 2
115 1
16501 1
13673 2
120 3
8212 0
122 3
16509 1
4 0
16405 2
2306 1
16513 1
8322 2
16516 1
16517 1
8326 2
14189 0
137 1
8330 2
8331 2
2674 0
8333 2
8335 0
144 2
8338 2
148 1
16533 1
8342 2
151 1
8344 1
8346 1
1391 0
8348 2
16541 0
16542 0
8353 1
8354 1
27 0
8356 3
8358 0
16551 2
169 1
6765 0
10479 2
8365 1
16558 2
8367 0
8368 1
177 1
178 0
8371 2
2761 1
7748 2
185 2
186 2
187 1
16572 3
191 0
192 2
16579 0
197 2
199 1
200 0
201 1
202 2
203 0
8396 0
16418 0
16590 3
209 2
16594 2
8403 3
16597 0
214 0
17785 0
16600 1
16601 1
7645 0
15055 2
220 2
221 3
4584 0
8415 1
8416 0
225 0
8418 2
16612 1
16613 2
230 0
16616 1
18284 1
16618 2
8428 0
8430 2
9597 2
8432 1
16625 0
8434 0
244 3
8737 2
246 0
8439 2
2772 2
8442 2
16635 0
8444 0
8447 0
16640 1
5504 0
18702 3
16644 2
261 2
16646 1
16647 0
266 2
8459 2
16652 0
8461 3
271 2
274 2
9603 1
8468 0
279 0
280 3
8473 2
16666 1
283 3
284 1
6874 1
5465 2
16671 1
8480 1
289 2
8482 0
8483 0
17971 2
8485 2
16678 1
8241 2
8488 2
297 2
8466 0
299 1
300 2
2781 0
2475 1
1416 3
16690 2
16691 2
16693 1
16694 1
16650 0
315 1
16700 2
16701 2
8510 2
319 2
8512 0
321 3
16706 1
5515 1
324 1
8517 1
326 1
2785 2
4553 2
10706 1
16716 0
16718 1
16719 2
16721 1
338 1
340 1
8533 3
16726 0
344 2
9113 0
5467 0
8539 1
16732 1
16733 2
8543 3
16736 0
16737 2
3285 1
16739 1
16740 0
16741 2
16742 1
359 3
16744 2
12348 1
362 1
363 2
16748 0
8741 0
8559 3
368 0
8561 0
371 0
8564 2
16757 0
374 2
16759 1
376 2
378 3
379 0
16925 2
16765 2
384 1
387 0
14743 2
16773 2
16774 1
8583 3
15084 3
394 2
16779 2
16780 0
16781 0
400 0
15289 3
8594 1
16789 3
8598 0
16791 2
16792 0
410 2
8604 2
9626 2
8606 0
16800 3
8609 2
8610 1
16803 1
420 1
8613 2
12987 1
2801 2
424 0
8618 0
16811 2
8621 0
16814 2
8264 0
16818 0
435 1
436 2
16821 1
438 0
8631 1
440 1
442 1
2630 1
16829 1
8638 1
8639 0
16832 0
16833 2
450 1
8643 1
16836 1
6902 0
454 2
455 1
456 1
16841 2
8650 1
16843 3
461 2
16847 0
8656 0
1652 2
16850 3
16851 2
16852 1
469 1
16854 2
16857 1
8666 2
477 2
478 1
16865 0
8674 0
8675 2
9638 3
486 2
8679 2
488 2
16873 1
16874 0
8684 1
82 3
16878 0
8687 2
8688 2
8689 2
8691 2
16884 1
6910 2
13737 2
504 3
84 3
508 0
510 2
511 2
8704 0
17243 1
8708 2
8709 1
8710 3
16904 3
6887 1
16907 0
524 2
16909 1
16911 0
8721 2
16914 1
16930 2
533 0
16919 1
8728 2
537 3
538 0
16923 2
8732 1
541 2
542 2
543 2
16928 2
16929 2
8738 0
547 1
548 1
549 2
550 1
551 1
18626 3
554 2
16939 1
16940 2
16941 0
8750 2
559 0
4383 2
16946 2
5555 3
8756 2
16949 0
8758 2
8759 1
16953 1
8762 1
16955 0
16956 1
16957 2
8767 0
16960 1
8769 1
8771 3
16964 2
581 1
583 1
8776 1
8777 0
586 3
8780 1
8781 3
3659 0
591 1
592 1
16977 0
594 0
595 1
16980 2
597 1
8790 0
9657 0
16985 1
8794 1
8796 0
16989 1
606 0
101 1
8802 1
611 1
8805 2
8806 0
16999 0
8808 0
617 0
17002 1
8811 1
563 2
17005 1
622 0
5749 1
8817 1
17010 1
6931 2
629 1
8822 2
4201 2
632 0
8826 0
9663 2
17021 0
17022 0
17023 1
17024 2
641 0
8834 2
8835 1
17028 0
8837 0
647 0
8841 2
650 1
651 0
17036 2
17037 2
654 0
17040 1
17041 1
17042 2
8852 0
17045 0
17046 1
663 2
17049 1
666 0
667 2
17052 2
8862 2
17056 2
17057 0
8866 0
17059 0
676 2
17061 2
17062 0
17063 1
1425 2
17065 0
8874 3
8875 2
18425 0
17072 2
17073 2
18037 1
8884 2
6942 1
17078 2
17079 2
17081 0
8890 0
699 3
17084 1
17085 0
704 0
17089 0
8898 1
9675 1
709 1
17094 1
6945 0
17096 1
713 0
8906 2
17099 2
716 1
717 0
8910 2
9677 1
8914 2
8916 2
8917 1
16505 0
17113 1
730 2
17116 1
10301 2
10390 0
17119 0
737 2
738 2
8932 0
17126 2
743 0
744 2
746 2
8939 2
8940 2
749 0
750 2
7970 1
755 2
17140 0
757 2
17142 0
6953 2
8952 2
17145 1
762 1
16511 0
764 2
17149 3
766 1
17151 2
768 0
16991 3
17154 0
8963 2
17156 2
18048 2
774 1
8967 1
17160 0
8971 2
17164 1
8975 2
786 0
787 2
788 2
8981 2
790 2
791 1
17176 2
8985 0
8986 2
17179 1
17180 2
17181 2
8991 2
8992 3
801 2
8995 2
8996 2
17189 3
8999 0
808 2
17195 0
17196 1
17197 0
814 2
7534 2
17203 2
17205 1
17206 1
17207 3
825 2
9018 2
17211 1
138 2
9022 3
17215 0
832 2
17218 1
139 3
17220 1
9029 0
8719 3
9697 3
17226 0
17227 1
17486 0
845 1
846 0
17231 0
17233 2
17235 0
17236 3
12430 1
2873 0
856 0
17241 1
16527 2
860 3
861 2
862 0
17252 2
4825 2
17254 1
874 3
875 2
876 3
17261 0
17262 0
9071 0
17264 0
17265 2
882 0
883 1
17268 1
1666 2
13801 0
888 2
17273 2
9082 2
892 2
149 0
17280 1
18173 2
9090 1
5611 1
9093 1
902 1
903 0
17291 2
17292 1
6978 0
910 1
17295 0
912 3
9105 0
2883 0
5614 0
918 0
9111 2
17304 2
921 2
17306 2
923 1
9116 1
9117 2
17310 1
11077 1
5687 2
931 3
932 3
13670 2
11215 1
936 3
16540 2
9130 3
13943 2
3334 1
8349 2
9136 2
6984 1
14216 2
17331 1
13153 2
9142 0
17335 0
952 1
5680 1
17338 1
11082 2
17343 0
17344 0
961 1
962 2
13671 1
9157 3
17351 1
969 1
5623 0
9034 0
162 2
17360 2
9170 0
12451 1
17364 2
4397 2
17367 1
9176 2
987 1
8489 0
17374 1
3579 1
9184 2
9186 2
17379 2
17381 2
17386 0
17388 2
17391 0
17392 2
1010 1
17395 2
17396 2
8361 2
9209 1
9212 1
1021 0
9214 3
1023 2
9216 0
13824 0
9218 2
12459 1
1028 1
9221 1
9223 1
1032 1
1034 2
2903 2
1036 0
9229 1
9230 0
9231 2
9232 2
13864 2
17426 2
9236 1
17431 3
1048 3
17924 0
1050 1
175 3
15194 2
1054 2
13829 0
1057 0
9252 2
1542 2
1063 2
17448 1
9257 0
17450 1
1067 2
16562 2
9262 2
14137 2
9264 1
9265 1
11191 2
9269 2
9270 2
9272 3
1082 2
9275 2
17468 1
17469 0
9278 1
17472 0
17475 0
1092 0
17477 1
1094 3
9287 0
17480 2
1548 2
9290 3
1100 0
16374 0
8220 0
9296 3
9297 0
1107 1
9300 1
9301 0
8272 2
4281 0
9304 2
1113 2
9306 0
17499 2
9308 1
9309 1
9310 0
1119 2
17504 2
17505 0
17506 2
9316 0
17509 2
9318 0
17511 1
17512 1
1129 0
17514 2
9323 0
17516 2
1133 2
9326 0
17519 2
1137 0
1138 2
17523 2
17524 2
9333 3
17527 0
9336 2
9337 3
9338 2
8383 2
17532 2
17533 3
1150 2
1151 1
9344 1
17029 0
9347 1
9349 2
9350 2
17544 2
9353 0
1162 3
9355 3
17548 1
17549 1
17550 2
17551 2
17552 1
17553 2
9362 0
9363 1
17556 2
1173 2
1174 2
17559 2
1177 2
1178 0
15215 0
17564 2
1181 3
9374 1
17567 3
17568 0
17569 2
1186 0
9379 1
1189 2
17574 1
9383 0
17576 1
1564 1
9386 2
16583 2
9389 0
9390 1
8496 2
9392 0
9397 2
8393 2
9400 0
17593 2
9402 2
1567 2
17596 1
17597 1
1214 3
9407 0
9409 1
9410 2
17603 3
9412 1
9415 1
9416 1
1225 2
1226 1
17612 2
9421 2
9422 0
17616 0
11128 2
9427 2
17620 0
206 3
9430 0
1240 0
1242 3
17628 2
17632 1
9441 2
1251 1
17638 0
1255 0
17640 1
17641 1
17642 1
1259 1
9527 1
8402 2
1262 2
7407 2
1264 3
17649 1
17650 1
17651 0
17652 1
7038 0
1270 0
9465 1
1274 0
7039 1
17660 2
1277 1
17662 2
17663 1
6862 3
17665 2
17666 2
1579 2
9476 2
9477 2
17670 0
17673 2
1290 1
8407 2
9484 1
11138 2
1294 2
1581 1
17680 0
9491 0
9492 2
9495 1
9496 2
17689 2
1306 3
17692 3
9501 0
17695 2
1312 0
9505 2
17698 0
17699 2
9510 0
1319 0
8412 1
14957 1
17707 2
1324 2
17710 2
17711 1
1328 0
17713 0
1331 1
9525 2
17719 1
9528 1
17721 2
1338 1
9531 2
9532 3
1341 2
17726 2
1343 2
9536 0
9782 2
1351 2
17736 0
17737 2
17738 0
17739 1
9548 0
17741 2
1358 2
17743 2
17744 1
9555 1
9556 2
1365 0
1366 0
9785 2
17752 1
9561 1
1370 2
16725 1
17756 0
17757 1
9566 0
17759 1
9569 2
17762 2
17763 0
9572 3
16614 0
1383 2
16976 1
9578 1
1387 1
14030 2
1597 1
17776 3
9586 3
9588 2
12521 2
9592 1
9593 2
9594 2
14504 2
9596 0
234 2
1407 2
1408 0
17984 0
17794 1
17795 1
1414 2
17800 2
16620 3
9610 2
9611 2
1422 2
9615 2
16687 1
17811 1
17814 2
9625 0
17818 2
17819 2
1436 1
1437 3
3992 3
1439 2
1440 2
18597 3
9634 1
9635 2
1444 2
9637 1
1446 2
9639 2
9642 0
15261 2
9648 2
1608 1
1458 2
9651 1
1464 2
17849 2
1466 2
17851 1
1468 2
2231 2
17854 0
1471 1
9664 1
1473 1
17307 2
1475 1
9669 2
9671 1
9673 1
1482 1
16631 0
9676 2
4141 0
1488 1
4344 3
9683 0
8233 1
3874 3
9689 0
9690 2
9694 0
17887 2
17888 0
13904 0
12285 0
17892 0
1509 2
9702 2
17895 0
17896 1
9708 2
4349 2
9712 2
2183 2
17907 0
1524 1
17910 0
17911 0
9720 1
17913 2
18600 2
9724 1
5419 2
17919 0
17922 0
1539 2
1540 1
17926 0
9735 0
9736 1
1546 0
9739 2
11055 2
15600 2
4355 2
17940 0
17941 1
17237 2
9817 2
17944 1
1561 2
1562 0
7087 1
17948 2
17949 2
17951 2
17953 0
17956 2
17957 0
17958 2
17959 2
9768 2
17961 0
9770 1
263 2
17964 0
9773 2
1583 2
17969 0
9778 0
9779 0
1588 0
9781 1
17974 1
9784 2
1144 2
17979 2
1596 2
4362 0
9791 2
9792 2
17985 2
1602 3
1595 2
1605 0
9798 0
9800 0
9801 2
599 0
17995 2
1614 1
17999 0
18001 2
9810 2
9811 0
18004 2
1622 2
3001 2
18008 1
18009 1
9820 0
9821 2
1630 1
9824 3
14503 2
1634 2
7594 3
1636 0
9829 2
1638 0
1639 2
9832 0
9833 2
16658 0
18032 0
12563 2
18036 2
1653 2
18038 2
8632 2
8784 1
1657 2
1659 0
18044 0
1661 1
1662 2
9855 0
9856 1
18050 3
1668 2
1669 1
1671 1
18056 0
9865 3
1674 2
18059 1
18061 2
18062 2
1645 0
9872 1
18066 1
9876 0
18076 0
18077 0
1694 2
1695 2
1696 2
18081 2
18082 0
9891 3
9892 0
1702 2
13937 1
18088 2
1705 0
1706 0
9899 1
9900 2
1709 0
18095 0
18096 2
1713 0
18098 2
9907 2
18100 1
1717 2
1719 2
1720 0
1721 2
287 2
12878 0
10423 0
18110 1
1727 0
16672 0
1732 2
8481 0
9928 1
15308 1
1738 2
5751 2
18128 0
3701 2
1748 0
18133 2
18134 2
18041 0
9944 0
6605 0
18139 1
5091 2
18141 0
18142 1
18143 1
18145 1
1764 2
8486 2
9958 0
4511 1
1768 1
1769 2
16679 1
18156 1
18157 2
1775 0
8788 2
1779 0
9972 0
9854 1
18166 0
18167 1
332 2
18169 1
1663 2
1789 2
1790 2
15317 1
1792 0
1664 1
18178 1
1795 0
5761 1
18184 1
18186 2
9995 2
1805 3
9998 0
1807 0
10000 0
18194 3
18196 1
18197 0
15321 1
1817 1
18202 1
18203 2
18204 2
18207 2
10016 1
18209 0
1826 2
1827 2
18212 1
18214 2
18217 0
18218 2
1835 1
1836 1
18221 2
10031 2
10032 1
18225 2
10034 1
10035 2
10036 2
18229 1
1846 0
1847 0
18232 2
18233 2
10043 1
1852 1
1853 1
10046 2
1855 2
18240 0
11232 0
1858 1
18243 0
1860 2
285 1
18246 2
18247 2
10056 2
10057 0
1866 2
10059 2
16429 2
1677 0
2790 1
18264 1
18265 1
18267 2
10078 2
15333 2
10080 2
18274 3
18275 1
18279 1
10088 1
10089 2
11239 2
1900 2
17525 1
18286 2
10095 2
3048 3
15561 1
10099 2
11793 1
1909 0
10102 0
10104 1
10105 0
10106 2
18301 2
1918 2
1921 2
18306 2
12506 1
18310 3
10119 1
18312 1
1929 0
18315 3
10125 1
3313 2
18319 0
16704 3
1937 1
16707 0
18324 2
1944 0
10138 3
1947 1
16522 1
14795 1
18337 0
10146 2
1958 0
10151 3
12615 2
1964 2
18349 1
1693 2
1969 0
1970 0
18355 3
10164 2
9886 0
18358 3
884 1
1978 0
1979 1
2248 2
18366 2
3061 0
10176 1
1988 2
3885 2
1990 3
1697 0
1992 2
1993 2
10189 1
18382 1
18384 2
18083 1
2005 1
2006 1
2007 1
1759 2
2009 0
11307 2
18397 1
10207 2
2016 0
18401 1
10212 0
5798 2
18409 3
2028 0
4434 1
18414 3
18415 2
2032 0
9896 2
10226 1
18419 1
18420 2
10229 1
9897 1
18424 1
16724 2
18426 1
2043 1
18428 2
4978 1
2047 2
18434 3
18091 2
2052 2
18437 0
10434 2
18442 1
4439 2
18444 0
10253 2
18446 2
16728 1
10261 2
2072 2
2073 2
2074 1
9903 1
8538 1
2079 3
13981 3
16731 0
10276 2
2088 2
10282 2
2091 2
2092 2
1714 0
10288 1
2097 3
2098 2
18483 2
16421 3
2101 1
10294 1
10295 0
5812 0
10299 2
2109 0
13969 2
10304 3
18497 0
10306 1
10307 0
2116 2
18503 3
2121 0
18519 3
2124 2
10317 1
2126 0
10319 3
2128 1
2129 1
18514 1
18620 2
10324 1
2133 1
2134 2
4981 2
18520 1
8548 2
2138 2
10332 1
18525 0
17802 1
8549 0
2144 2
10339 1
10340 3
358 1
2150 2
18539 2
18541 0
2158 1
18543 0
10352 1
360 2
18547 0
9918 3
10358 2
2167 0
72 1
10363 0
18558 0
2176 2
7983 0
4459 2
618 1
9921 3
2185 2
18571 1
10380 1
18574 2
10384 0
10386 1
18579 2
18580 2
12654 0
2198 1
2199 2
2200 1
18586 2
2206 0
2207 1
10401 2
18594 2
2212 1
10405 2
2214 1
2215 1
2216 1
18601 0
18603 0
18604 2
10413 0
10414 1
10415 2
10416 1
2225 1
712 2
10419 0
10421 2
10422 2
18615 1
18616 1
10426 1
2236 2
18621 0
2238 2
2239 2
10713 2
2243 2
12077 2
18632 2
10441 2
18634 1
4471 1
2252 1
2254 2
14029 2
18640 1
18641 2
18642 2
18644 2
13987 2
10454 0
18648 2
18649 0
2266 0
18651 1
2268 2
8038 1
621 2
10464 1
4475 0
2276 0
18662 2
10471 1
2280 1
18665 2
10475 1
7441 0
15079 3
6222 0
10482 0
18675 0
2292 0
10486 2
18679 3
10488 2
2297 2
18682 1
18683 1
16382 1
18686 1
2303 0
2304 0
18353 0
10498 2
10499 3
2309 2
18694 2
2311 0
10504 0
10505 2
9999 2
10507 2
15080 2
10510 0
10511 0
18704 1
1441 1
12675 3
2324 2
10517 1
18710 2
10519 0
2329 2
18714 1
18715 3
10525 0
10530 1
18723 1
18724 0
18725 1
18727 3
2345 1
10542 2
18735 0
2353 1
10548 1
1758 3
2358 1
2362 2
10555 0
2364 2
18749 1
10558 0
10559 2
2368 1
4716 3
2261 1
10563 2
10565 2
9343 2
18759 1
18760 3
2377 0
2378 1
10573 1
10574 2
10575 1
18768 0
2385 2
18770 0
18771 2
2388 2
18773 3
10582 1
18775 1
18776 3
18148 0
18778 0
10589 2
10590 2
4717 0
18784 1
8592 2
10595 2
18790 0
10599 0
18792 2
2409 2
10602 2
15242 0
10604 3
10605 1
10607 1
10609 0
2418 3
18084 0
3081 2
2421 1
18809 2
2426 1
10619 0
10620 0
2430 2
10624 0
2433 1
18819 0
10628 2
16790 1
2438 2
2440 2
10634 1
18828 1
10637 0
18830 0
18831 2
10640 3
18833 0
18834 1
2452 2
18837 2
18839 2
10648 2
18841 2
10993 3
10652 1
16794 3
10654 1
10656 0
2465 1
18850 1
10659 3
10660 2
18853 2
10663 3
10664 1
18859 1
16722 2
10670 1
10672 2
18163 0
10676 0
10677 3
10679 2
10680 1
10681 0
2491 0
10686 0
17541 1
8608 1
2498 2
71 1
2500 2
10693 2
2503 0
10696 2
10697 0
10699 1
10701 2
2512 0
2514 1
8611 2
15438 0
10712 2
8612 0
10714 1
2524 1
2525 1
2527 1
3152 3
10723 2
10724 0
12905 3
16807 1
10733 0
10734 1
2543 0
2544 0
12712 3
2546 2
9632 1
10740 1
9982 1
10742 2
2551 0
2553 1
2555 1
2556 1
2558 1
126 2
10755 0
2565 0
2566 3
429 3
7256 2
10771 1
2580 2
8622 2
10774 1
10776 1
10778 0
10779 3
12634 0
10781 2
15020 0
10783 3
10784 0
10785 2
2594 2
2595 2
433 2
10792 0
10793 0
5691 2
10796 2
434 1
10798 0
10799 1
2608 1
2609 0
10802 0
2611 1
10805 0
10807 0
17545 1
10809 1
12635 0
2619 2
10814 1
4533 0
2624 2
10819 2
2628 1
8630 2
10822 1
10825 0
10826 0
4535 3
10831 2
2640 2
12728 2
2642 0
10835 0
10837 2
2646 2
12729 0
10841 3
2650 1
5903 2
2653 3
2654 2
2655 2
10849 0
10852 2
10853 2
2664 0
2666 0
11367 0
10860 1
10861 2
2670 1
10863 0
2672 2
10866 0
10867 1
10868 0
2678 3
10873 0
10876 0
10878 2
1726 2
10881 2
10882 0
11371 2
1651 2
1218 2
8546 2
2702 2
10895 1
10896 1
10898 0
10899 3
10901 2
16457 2
18201 1
10904 3
8644 2
2714 0
2715 2
2717 0
10913 3
2723 2
10916 2
16838 2
4000 0
2728 3
2729 1
1273 2
2731 3
10925 1
2735 1
4552 1
2739 2
16458 2
10933 0
2742 2
10935 0
2744 0
1823 2
10941 0
2750 1
2751 0
10945 2
2754 2
459 0
2756 2
10953 0
12457 2
11383 1
2764 3
18210 0
2769 0
2771 0
10964 0
2774 0
12913 2
10020 3
1729 1
8655 2
10973 2
4457 2
464 2
2788 0
10981 0
10982 0
2791 2
2794 3
13732 2
2797 3
10991 1
10992 2
14120 2
2804 2
2807 3
11003 0
11004 2
10026 2
15488 3
10406 0
5931 2
11012 2
2821 1
11393 2
11016 0
11017 0
2549 2
2833 0
11027 0
10460 1
5147 2
2840 0
7300 2
6914 2
11035 0
11036 2
11037 1
11038 2
11397 2
18224 0
11042 2
2851 1
11044 1
11045 2
2854 1
1841 2
2856 2
11051 3
2860 0
11053 2
4573 1
2865 3
11058 2
16862 1
11065 2
10162 0
15498 0
2879 2
2880 2
11073 1
2882 2
15499 2
8748 3
18230 0
11078 2
481 1
2890 3
2891 2
2893 0
11086 1
1848 3
483 2
11092 3
2901 0
11095 2
2904 1
11097 1
2908 0
2909 1
2910 1
2911 2
16191 1
2917 0
11111 3
11112 1
2921 2
11115 2
2925 2
11118 0
18237 1
2928 1
2929 0
2931 2
11124 2
11125 1
2936 0
2938 2
11132 2
2941 3
2942 2
2944 2
10048 2
2946 2
11139 1
11140 1
11141 0
2950 2
2951 2
2952 2
11145 2
11146 3
2955 0
16550 1
11149 0
8009 2
12781 3
2962 0
11155 0
8686 3
10658 2
917 1
10052 1
11164 0
2973 2
2975 1
2977 0
1862 3
2983 2
11177 0
2988 0
4594 1
11183 2
2992 2
2995 2
3373 3
2998 0
1865 0
3000 2
11193 0
11194 2
3004 0
18250 2
3007 2
11201 0
3012 2
3013 1
3014 0
10184 0
11209 2
503 3
15522 1
11214 2
3023 0
8696 2
11218 1
11220 1
3031 1
11224 2
11225 0
11226 2
8830 0
11230 2
3237 1
3040 2
3041 1
3044 2
11237 2
11238 2
3047 0
11240 3
3049 2
3052 1
12797 1
3056 2
11249 3
3058 1
2436 0
3060 1
8702 2
11254 2
11255 0
293 0
11259 2
3070 2
15847 1
16896 1
3074 1
11267 2
3076 2
3080 2
11273 3
10741 1
11278 1
3087 2
3088 0
1880 1
11438 2
3094 2
17571 1
11289 0
3098 1
15535 3
3102 2
3105 1
5858 2
11300 2
16902 2
11303 0
11305 2
3114 3
3115 3
3116 0
3117 3
3120 0
11313 1
3122 3
7469 2
17562 1
11320 0
3252 3
4955 0
11327 2
1888 2
11330 1
523 0
3141 2
11334 2
11335 2
11336 2
11338 2
3147 2
3149 3
12813 2
11344 2
14314 2
11346 2
10083 2
11348 1
11349 0
11351 0
12787 2
1469 2
11355 3
11356 2
3165 1
3167 1
3168 3
7475 0
3172 2
11366 0
3175 3
11368 0
3178 1
3179 2
3180 3
11373 2
11453 2
3186 1
16915 1
11454 0
11382 2
3191 2
11384 2
3193 1
3197 0
11391 0
15552 1
3205 1
11398 2
3208 2
11401 0
8727 0
3213 0
3215 2
3216 2
11409 1
3218 3
5998 3
11414 1
1418 0
11417 2
12928 1
18287 1
12842 2
18111 1
3230 1
7365 0
3232 0
11425 2
11426 3
3236 0
11429 0
11430 0
11431 2
11432 0
3241 1
3242 3
3271 2
3244 0
10098 1
3246 2
4637 1
11440 0
3249 1
11444 2
16926 2
3255 1
3256 3
11450 2
11451 1
3261 1
3262 1
3263 2
458 3
11458 2
3267 0
3268 2
3270 1
11463 1
3273 0
6241 1
3275 1
3277 0
3280 2
3223 2
8739 3
11477 2
3286 1
3288 2
8740 2
3291 2
11484 1
397 3
11487 0
11488 1
3298 1
3299 0
3301 2
3302 2
15569 0
3305 1
12839 0
3309 1
11503 0
11504 3
8744 2
11506 1
3283 0
11508 2
3320 2
17098 2
3323 2
3324 2
8746 2
11518 2
11519 0
3459 0
3330 1
3332 1
11525 1
8751 2
18305 0
12844 3
11531 1
11858 2
3341 0
3344 1
11538 1
11540 2
657 3
3354 2
11547 2
11549 3
3358 0
3359 3
3360 1
3361 0
11554 1
11555 1
16206 0
11557 2
5201 1
11565 1
11567 0
11568 2
2641 1
13687 2
3379 1
3380 1
3381 1
658 0
6025 2
8296 2
3387 1
3389 2
4661 0
11584 3
3296 0
11586 0
3395 1
11588 1
3397 0
3399 0
11592 0
3403 3
11599 1
11600 0
3409 0
3410 2
7395 1
3412 2
3414 0
8761 1
3416 0
9661 1
11613 1
3422 1
3423 1
3424 3
11619 1
3430 3
5297 0
3435 3
3436 1
11629 0
11630 0
3439 0
3441 1
11634 2
11635 0
3444 2
3446 2
11639 1
11640 2
933 1
18681 2
3451 1
13754 2
3456 0
11649 2
15595 1
3460 2
3461 0
11654 0
577 1
11658 0
11659 2
12866 2
11662 2
3473 0
11666 2
3479 2
11674 0
3483 1
3485 1
11679 1
15517 1
3489 3
17127 0
3492 0
4678 1
3494 2
3495 2
11690 0
8775 0
3314 3
11696 2
15603 1
9159 0
18334 1
11703 1
3515 1
3516 3
11709 1
3520 2
3521 2
12875 0
3524 0
11717 2
390 1
588 1
11724 2
12877 2
17645 0
3541 1
3542 0
11738 1
3548 3
11742 0
11743 1
11744 2
11745 2
3556 0
11751 1
11752 0
11753 1
951 0
1959 2
3564 3
11761 1
12883 1
3572 1
11766 0
14249 0
3577 0
3327 0
11773 2
11774 1
17850 1
15616 0
11779 0
16982 0
3679 2
10156 1
11786 1
3595 0
11788 2
10444 0
3601 3
3602 0
3605 1
11800 2
13772 2
3612 0
3333 1
11808 1
3619 2
3621 2
3622 2
11815 1
5380 1
3628 0
11821 1
11822 0
11824 1
14259 1
11828 1
3638 2
11831 1
11833 1
17852 2
9123 2
11840 0
11841 2
11842 0
11845 2
3655 1
18707 1
3658 2
11851 1
11852 1
11857 0
3666 0
11860 1
3671 2
5589 3
11579 2
3674 2
11867 1
14266 0
11870 3
4709 1
7440 2
11874 1
3683 1
11877 2
11879 2
11880 1
17308 2
11884 2
7442 2
11887 2
17581 1
3699 1
1982 0
3702 2
8809 0
17537 0
10489 0
12906 2
11902 2
11904 1
11905 3
11907 2
11909 2
3719 2
11913 1
3722 0
1215 1
3727 2
3352 1
3730 2
3731 1
11925 3
11928 0
3737 0
3738 1
11931 1
3740 0
11934 0
13218 0
11936 0
3747 1
3748 3
11941 2
16699 0
3752 3
75 2
3755 3
15645 3
11952 2
18376 2
11954 0
627 1
11957 0
3768 0
3769 2
3770 2
11963 2
17013 2
11968 1
3777 2
3780 1
630 0
3782 2
15649 3
3784 2
3785 3
11978 0
4727 1
3789 0
12674 3
3792 0
17016 0
3795 3
11988 0
11990 1
3801 3
3805 2
11999 2
12001 0
3811 2
12464 0
3813 0
12006 0
3815 1
3816 2
12924 2
2582 2
12011 3
12013 2
12925 1
2338 2
9129 2
12019 0
638 0
10391 1
3833 0
3834 2
12032 2
3841 2
14210 2
10198 0
17973 2
12040 0
12042 2
14040 1
3855 0
3858 0
643 2
18132 1
12628 1
3862 2
10201 1
17066 2
3375 2
12061 3
4741 1
12066 0
6107 2
3876 2
12069 1
3879 2
3880 0
12073 1
12074 2
12076 2
15405 2
3887 2
3889 2
12083 2
6110 0
11919 3
3897 0
11428 3
3901 0
12094 2
11573 2
12097 1
8843 2
12100 2
12101 1
12102 0
14042 2
12109 2
12110 2
8845 0
12113 2
12114 0
6115 3
5859 2
3928 2
18404 2
3930 0
3932 3
12127 2
12128 1
12130 2
12131 3
12132 0
11811 2
12135 0
12136 2
12139 2
12946 1
3950 0
11581 2
12144 1
12145 1
17044 0
5209 2
14429 1
3958 2
12153 1
12154 0
11583 0
12157 3
12158 2
12159 0
3968 3
3392 1
132 2
12165 1
3393 1
10220 0
3978 2
12172 1
12173 0
12175 2
12176 1
3985 2
3988 0
12181 1
665 1
12184 2
3994 0
6127 0
12188 2
8858 2
3999 0
10283 2
12193 0
17051 1
12197 3
16557 2
4225 2
8860 1
12202 2
7495 0
4013 2
12207 2
12209 2
12210 2
4019 1
4766 1
4022 0
4024 1
4027 0
12221 0
12223 1
4032 1
4768 2
354 2
12228 1
12230 1
673 2
12235 0
674 0
4046 1
4047 1
12240 1
4049 1
505 3
10233 1
12964 2
4058 2
15138 0
12252 2
4061 0
1118 2
4063 2
12257 0
12258 2
12259 2
12260 1
8046 0
12262 2
7505 2
12265 1
8871 2
12268 2
4079 0
12272 2
4081 1
12274 0
18155 1
4084 1
4085 1
4086 2
4087 0
8865 3
4090 1
12283 0
6583 2
4093 1
4094 3
7509 0
4096 0
4097 0
14838 1
12971 1
4102 3
6145 2
12972 2
3415 1
12300 2
17322 2
12304 0
12306 2
4116 0
11321 1
4118 2
12312 0
12314 2
4124 2
4126 0
12319 2
14322 2
12322 2
12324 2
8881 2
12330 1
12331 2
17323 0
13721 1
4143 0
6152 3
573 1
4148 1
11614 1
15041 2
12344 2
4153 2
12346 0
15711 2
10371 2
4164 0
4167 2
6156 0
4173 2
4175 2
12370 2
3427 2
12372 0
14350 1
4182 3
12375 1
12376 2
12377 2
6159 2
12380 0
15717 0
4192 2
17083 1
15543 1
12391 1
12392 1
8892 1
4202 1
4203 1
13779 1
12399 2
8112 2
12402 1
12403 2
4212 0
1610 1
4221 2
4222 2
7927 1
12417 2
4226 0
12420 2
12421 0
4801 1
12424 2
12426 0
4235 2
17090 3
4238 0
12431 3
12432 2
12434 2
4245 2
12440 2
4249 1
12442 0
15727 0
4252 0
12446 0
4256 2
12450 0
4259 2
4260 2
8902 2
4262 2
4263 2
4264 1
4265 3
4267 1
4268 3
12461 2
4270 0
6173 0
4272 1
12465 1
12466 1
3443 0
4276 2
14366 0
12470 2
17097 2
12473 1
4282 0
10271 0
12476 2
714 1
12478 0
12480 2
18464 0
4291 0
4292 0
15734 2
12486 2
12487 0
12488 0
7543 2
4301 1
4302 1
12495 2
12496 1
16559 0
2083 2
12503 0
4312 2
4314 1
4815 2
2053 0
4318 2
4320 2
12513 2
4322 1
4323 2
4324 2
11544 2
5054 1
4329 0
12524 1
4818 0
12526 1
4335 2
4337 2
12530 1
13011 0
12532 2
12533 2
4342 2
12536 1
4345 2
12904 2
12539 2
12541 1
18687 0
2327 1
4353 2
4354 2
18475 0
13014 2
4359 2
6188 2
12554 3
12556 0
4370 1
4371 2
12565 3
4374 2
12567 1
4377 3
4378 0
4379 2
4380 2
12573 0
12575 0
4384 2
4385 1
12579 0
12580 2
4389 2
4390 1
18481 0
4392 1
4394 1
2874 0
12588 2
18482 0
16786 1
2099 2
12596 2
4405 2
4407 0
13941 0
4411 3
4413 3
4414 2
8194 1
16411 1
12611 2
4421 0
4422 2
4423 2
12616 0
4425 2
12968 1
4239 0
12621 1
12622 1
12624 2
12626 2
10786 2
4436 2
7566 2
12630 2
14393 2
12632 1
4441 1
13723 2
15759 3
12636 0
4445 0
575 1
12640 1
4449 2
4838 0
12648 2
12649 1
4458 2
4839 0
12652 2
4462 2
4463 1
12657 2
4467 0
12660 2
12662 1
12663 2
12664 1
12665 1
4474 0
12667 0
4476 3
8938 2
4478 2
4479 2
12672 3
4482 1
4483 0
4485 2
10305 2
12681 0
4491 1
12684 1
12686 2
4495 1
4497 0
4498 2
4501 0
10308 0
4509 1
4510 1
6213 2
4512 0
12705 2
4515 2
4516 0
4517 1
4518 1
12711 2
4520 0
9425 1
10311 2
4524 1
12717 1
4528 2
4529 2
4532 1
15774 0
4534 1
12727 1
4536 0
4537 2
12730 1
4539 1
12732 1
17141 2
12737 1
12739 2
12743 0
12744 0
10316 2
12748 2
4557 1
4559 3
4565 1
4566 2
8953 1
17610 2
12761 2
4570 1
4571 0
16519 0
12765 2
4574 3
9154 2
4578 2
12771 1
4580 1
4581 1
4583 1
12776 2
8956 2
4586 1
15783 2
4588 0
2130 1
12782 0
4592 0
12786 0
4595 1
12788 2
4597 0
12790 0
4599 1
12792 1
2132 0
4605 2
18517 0
8960 0
12804 1
12807 3
4616 0
4617 2
12811 2
8962 3
4622 2
4623 2
12429 0
10328 2
4626 2
771 1
4629 0
4630 0
2137 2
12824 3
4633 2
5337 1
10330 3
773 2
4641 2
700 2
4647 0
12840 1
12841 1
13521 0
12843 1
4652 3
4653 0
12847 2
4656 1
4658 2
4659 2
12852 2
12853 2
4662 0
4664 0
12859 1
4668 2
12861 2
12862 2
4671 0
4674 1
12867 1
12868 2
12869 2
12870 1
12871 0
12872 2
12874 1
4683 0
4685 0
4686 2
4688 1
12881 0
16848 2
16523 2
7609 2
4697 1
4698 2
18245 0
4704 1
4705 1
4707 2
4708 1
18534 2
4710 1
12903 3
4712 2
4713 0
4714 1
12908 0
12909 2
4719 0
4721 2
4724 2
4726 1
12919 1
17315 1
4729 2
11379 3
4732 0
4733 2
17173 1
4736 2
12930 2
12932 1
12933 0
12934 0
15809 1
4744 1
844 2
4748 1
7618 0
12943 2
4752 1
4754 2
11715 0
4757 2
4761 0
12954 0
12955 2
4764 0
12957 1
12958 0
12960 2
12961 2
12962 0
4771 2
4772 0
12966 3
2161 0
4776 2
4777 1
4779 1
4780 0
4781 1
4785 0
4786 3
9088 3
4788 3
4790 1
17977 2
4793 1
4794 2
10166 2
4796 2
7626 2
12990 3
12991 0
800 2
8266 2
4803 3
4804 2
12998 1
4807 1
13000 2
13001 1
4811 3
13004 2
4813 1
4814 2
7629 0
4816 1
13010 0
4819 1
4822 0
13015 1
13016 2
17188 2
4826 1
4827 1
4829 0
4831 1
13024 2
4833 3
13027 0
4837 2
13030 2
13031 1
13034 0
4843 2
4844 1
4845 2
13038 1
13039 0
4848 1
13041 2
13043 2
4854 0
13047 0
4856 1
15417 2
13051 2
4860 2
13053 0
13054 1
4863 1
4864 3
13057 2
4866 0
13060 0
4872 2
4874 2
5345 2
9164 0
4877 2
13387 1
3163 2
13075 2
4885 1
4888 2
5433 0
4892 0
13087 0
4896 3
4897 2
4900 0
4901 0
13095 2
11740 1
4906 3
18567 3
4909 0
4910 0
4911 2
13107 0
13108 0
13110 1
10377 2
4920 0
4916 2
13114 2
6282 2
4926 1
4929 0
13122 1
13123 2
4934 1
6143 3
4939 0
13133 2
13135 2
4944 0
13140 3
742 0
13143 0
4952 2
13146 0
13147 1
4480 1
17210 2
13150 3
4959 0
4961 1
9019 1
4964 0
13159 3
13160 1
4971 2
15714 1
4974 0
4976 0
13170 0
4979 1
13173 2
13175 2
2196 0
4986 2
13181 1
13184 1
17216 1
4997 2
5001 2
13195 0
13196 0
4930 2
5006 1
10392 2
13202 1
4931 2
13204 2
5014 0
13207 1
16261 1
13209 2
13210 2
5021 2
8544 3
5023 3
13216 0
5025 2
5026 2
13220 2
13221 3
5030 2
8921 2
13225 2
5034 3
5035 2
5037 2
13230 2
5039 0
5044 2
5046 2
13240 2
18591 1
13245 2
13246 2
14353 0
3574 2
5063 2
13256 1
13257 2
5067 2
17724 0
2210 2
5484 2
13266 1
16455 2
9038 2
13270 3
13271 1
13273 1
4011 2
13275 2
13276 2
5505 0
5086 1
2213 1
5088 1
13136 2
13283 2
13285 2
13286 3
5095 2
13288 2
5098 0
5099 1
5100 2
13293 1
13294 3
13295 1
13297 0
13298 1
851 0
13300 2
13301 2
13302 1
13303 2
852 2
13307 1
5116 3
13309 1
853 0
5121 2
5122 2
5123 2
5124 2
13317 0
3585 2
5129 2
5130 1
15874 3
13327 3
10045 1
13329 2
5138 0
13331 2
15037 1
2222 2
13334 0
5143 1
4835 1
5146 0
13339 3
10907 1
10537 2
5150 0
18175 1
416 0
9636 2
5154 2
5155 0
18774 3
13350 0
18609 0
17244 0
4809 2
13356 2
16266 2
17245 1
13360 2
5171 1
13613 0
13366 0
13371 3
1180 1
17792 0
13374 2
11873 1
5184 3
5185 0
5186 0
5187 0
18614 2
5191 2
13384 2
15776 2
13386 1
5195 2
5196 2
5198 2
7693 2
5200 0
173 2
13394 0
13395 2
13396 0
13397 0
13399 2
13156 0
6859 1
2234 2
5214 2
4538 2
5216 0
13410 1
13413 2
13414 2
1800 0
5225 3
13418 1
13419 1
13421 0
13510 3
13423 0
5232 3
5233 2
1538 2
10467 2
13431 2
5242 2
5243 2
5244 0
13438 1
5248 0
5249 2
13442 2
13444 1
5255 0
17260 2
5258 1
8904 1
13453 1
4973 0
13457 0
13458 0
9364 2
8223 0
5272 0
5277 0
13473 3
5283 2
5284 0
5285 2
13479 2
12724 1
6309 0
5293 2
5294 2
11633 0
13489 0
5298 1
13495 0
13497 1
5306 1
13499 1
13500 0
13501 1
13502 3
13503 2
13504 2
3616 3
5314 1
2272 0
5318 0
13511 2
13512 1
13513 0
13514 2
17271 2
13518 2
13520 2
17272 0
5331 3
13524 2
18638 0
9081 2
5336 1
13529 1
5338 0
13532 0
13544 2
15909 0
14257 1
10448 3
13541 2
13542 0
10449 2
5352 1
16545 2
12999 1
13551 2
13552 2
5361 2
5362 2
12715 2
5365 3
13559 2
5369 2
13565 2
5374 1
6641 0
13568 3
13569 2
5378 2
13572 2
13573 2
5382 0
9089 2
4728 2
13577 1
13578 2
8110 2
5388 2
13581 0
13582 0
13583 2
6360 3
13586 0
13587 2
13588 2
5399 3
13595 0
13596 2
5405 2
5406 0
901 1
13602 2
13603 0
5539 1
13605 2
13607 2
13608 2
13609 2
13610 1
9095 2
14365 3
5421 2
5422 2
5423 0
5424 0
13621 2
13193 2
3636 3
13627 2
13628 1
5437 2
17639 1
5440 0
5441 2
907 1
7734 2
13638 2
5447 0
13644 3
10820 3
13650 3
13651 0
13652 3
5461 2
5463 1
13656 1
18660 1
16276 1
13659 1
5469 1
6373 1
5472 2
2278 2
5478 0
17297 0
1819 0
5481 0
13674 0
5483 1
13676 0
5486 2
13680 0
5490 1
7410 2
13686 0
5495 3
5496 2
13691 2
5502 1
13695 2
13696 2
3648 0
14571 2
13702 2
3649 2
13704 2
5513 2
5514 0
13707 2
13708 3
13710 2
13208 2
13718 2
7549 2
5529 1
13722 3
5531 3
13727 1
14576 0
5538 0
16824 0
8387 1
5541 2
13734 1
9459 2
5545 1
7751 2
5549 3
5551 1
9249 0
5553 2
13747 1
13214 1
13751 1
15749 1
5562 1
7823 2
5567 2
13760 2
8096 2
13764 2
9460 2
5576 1
13769 0
5579 2
5580 1
5581 2
5583 2
14916 0
6187 2
5587 1
5588 3
13781 1
13782 2
5591 2
13784 1
5593 0
13787 2
5598 0
13791 2
13793 0
5602 2
9461 2
13280 1
5606 0
2096 1
12189 0
5609 2
13553 0
5612 2
5613 1
13806 1
13807 0
5619 1
13812 0
13815 0
5624 2
3668 0
5626 3
5627 1
5628 1
938 1
5630 2
5632 1
13827 0
13828 1
5637 1
5639 2
5641 0
13834 2
13836 2
5645 0
13229 2
13841 0
13842 0
13843 0
5652 0
13845 1
14690 2
16568 1
5657 1
5658 3
13851 0
13852 2
15737 0
13858 0
3675 1
10502 2
5670 1
17329 3
5672 3
13865 2
13866 0
13867 2
13871 1
13872 1
13873 2
9139 2
5686 2
13879 2
5690 1
13883 0
13884 2
9852 0
13888 0
5697 2
5698 2
13892 3
7777 1
5705 3
9143 1
13900 0
3682 2
5712 0
5713 2
5714 0
5716 0
13909 2
5720 2
13913 0
13919 3
13332 2
5732 0
4261 2
13927 1
5736 2
13930 1
5821 2
13933 0
13934 3
3688 1
6419 2
911 2
1828 2
5753 0
5758 2
13951 3
13415 0
11103 0
10518 2
13960 3
5770 0
5771 1
5772 0
13965 0
13967 1
4621 2
5780 1
2657 0
8551 0
5787 0
10522 1
5791 1
5793 1
5794 1
10523 2
5797 0
13990 0
13992 0
13993 2
18633 0
13995 2
5804 1
13997 0
5806 0
2333 2
5808 2
5064 2
5810 0
7795 0
14004 3
14006 3
14007 1
7796 3
5818 2
14011 3
775 2
5823 2
5824 2
5826 0
5831 0
5833 3
14028 1
5837 0
5838 2
13261 2
5841 1
5843 2
14036 1
5847 0
9929 2
5850 2
5851 3
14045 0
14047 1
14050 1
5105 0
5860 2
195 2
17153 0
5865 1
14059 1
5870 0
3709 2
14065 0
14066 3
14067 0
5879 2
5881 2
14077 3
14084 1
5893 1
5894 0
3713 2
11653 0
10562 1
14095 2
17368 1
6439 2
5907 2
6695 3
14103 1
14104 1
4765 1
14107 0
5921 1
5922 0
14116 1
5925 2
5926 0
5927 3
5928 2
14122 3
14123 1
4523 2
5933 2
5935 0
14128 2
14130 1
14132 3
14133 2
466 3
11109 2
2356 2
14138 1
5948 2
5108 1
6453 3
14144 2
17376 0
5957 1
14150 1
14151 2
5961 2
5654 2
14647 2
5966 2
14648 0
5971 2
5975 3
14168 1
5978 0
14171 0
5980 3
18746 2
5982 2
14180 1
5989 2
16839 0
16521 0
10556 0
14186 2
11922 1
14190 2
5999 2
14192 2
6004 0
14198 3
14199 1
14201 0
14202 3
14208 0
14209 0
6018 1
14212 2
6021 2
6022 2
6023 1
6024 2
13292 0
6026 2
14219 0
14220 1
14221 0
14224 1
16024 1
14226 2
2371 2
5102 2
6039 2
17989 1
9199 0
6044 3
6045 1
14238 1
14240 1
14243 1
6053 1
14246 2
6055 1
6057 2
14250 2
14251 0
14252 0
14255 0
10568 1
1011 3
6068 2
6071 2
14264 2
6073 2
6074 1
14270 0
14271 0
14272 0
14273 1
14274 2
14276 2
14277 2
14278 2
14284 1
14285 0
6094 2
14287 1
14288 0
6098 0
6101 0
6103 2
6104 2
18767 0
14302 2
14305 0
14306 1
14307 2
4568 0
6118 1
6119 1
6120 2
6122 2
14316 2
14317 0
18753 0
14319 0
14320 2
11944 2
6130 0
14323 2
6132 2
17406 2
14327 2
6136 2
18772 1
6139 0
6140 2
8115 2
14335 2
14337 1
14341 1
6150 0
14343 2
14344 0
6154 2
14347 2
7024 2
14349 1
6158 2
5115 1
14680 2
1027 0
6164 2
14357 2
18777 3
14360 1
14362 1
6171 1
14364 1
10586 0
6174 2
14367 1
6176 1
6177 1
6179 0
3253 1
6181 0
14375 0
14379 3
14380 0
14382 2
14385 1
14386 2
6196 2
14390 0
6200 1
6201 2
14394 2
13322 2
6206 2
14401 0
9754 2
14403 0
14405 1
2389 2
14407 1
14408 2
9228 2
13846 2
14413 2
14414 2
14415 1
14417 0
14420 2
14422 3
1844 2
6232 2
14428 3
6237 0
14430 3
14433 2
16059 0
6244 2
2406 1
17848 1
5137 1
1299 1
14442 1
6251 2
6253 2
14446 0
6255 2
6256 2
6257 1
15022 2
6260 1
14453 0
9483 3
11072 1
14458 2
6267 2
6268 0
12211 2
6270 2
14465 1
14466 0
14467 1
6277 2
14470 3
6279 2
2412 0
14474 3
14477 0
6286 3
2413 2
17432 2
9241 2
14488 3
14489 1
14491 1
6301 3
8498 3
6307 1
14501 0
14502 1
2417 1
210 2
6313 0
6314 3
6315 0
16997 2
6318 0
10576 2
11976 0
5666 0
5443 2
10612 2
6330 2
6331 2
6332 2
14527 3
6336 2
6337 0
6340 2
14533 2
12759 1
17441 2
6345 0
14538 2
6348 3
6349 2
14545 3
14546 0
6355 3
6357 2
6359 2
14552 2
13348 1
6363 2
6365 0
6370 2
2427 2
14565 1
6374 1
14568 3
12863 1
6379 1
14572 0
16082 2
6383 1
6384 0
6385 2
6386 1
6387 2
14580 3
18814 2
14553 1
6393 2
14586 2
6395 1
6396 0
6398 3
6400 2
9317 0
6407 2
14603 2
14604 2
14605 0
6414 2
14607 2
6418 0
14611 1
6424 0
14617 2
6426 1
5167 1
6428 1
14626 1
14627 2
14628 0
10630 2
14631 2
6440 1
14633 0
6442 1
6443 2
14636 2
6445 1
6446 2
7901 0
8398 1
10463 2
8170 2
6451 2
14645 1
6455 1
6456 1
14651 2
6467 2
17462 0
14662 2
14663 2
6473 2
14666 2
14669 2
14673 2
14675 2
14676 0
6485 0
6488 2
14682 2
9274 2
6494 0
6495 0
6497 0
6498 2
6499 2
6500 3
3814 1
5945 2
10516 3
1085 0
14704 0
7912 0
6514 1
6515 2
13713 2
6521 0
6522 2
6523 2
14716 1
9219 1
13376 3
14724 2
13311 2
14728 3
14730 1
14731 2
14732 2
13378 2
14734 0
14737 2
10038 2
7918 0
14742 2
10649 2
8827 2
17476 0
14746 2
14748 0
14750 2
13381 0
6562 0
14755 1
6566 1
17131 1
14760 1
6569 3
17479 0
1037 3
14768 0
6577 1
3827 0
14772 1
14773 0
14775 1
16586 2
14777 2
6586 0
14779 2
5194 2
14782 2
6591 2
6593 2
6594 3
14787 0
6597 1
14792 2
9292 1
6603 1
6604 2
14797 1
14800 2
14802 2
6563 3
14804 2
14805 2
16587 0
14808 2
6617 2
6619 2
6621 2
1857 2
2469 0
14816 1
14817 2
14818 3
17133 0
10864 2
6631 2
6632 2
14825 2
14826 2
14828 0
14829 2
14830 2
14832 0
2472 2
6642 3
6646 1
14761 1
6648 2
14841 2
14845 0
14846 1
5205 0
14848 1
17134 1
14850 2
14851 2
6660 0
6662 2
14857 0
14858 2
6667 0
6668 0
6671 3
14864 2
6673 1
14867 0
6678 3
6679 2
6683 2
14876 2
14877 2
14878 2
12037 2
6576 2
6690 1
14883 1
6692 2
7942 1
14886 1
14887 0
6696 3
6697 2
6699 1
14892 1
6702 1
6703 1
6704 1
17554 2
6707 1
6708 1
6709 0
14903 2
6712 2
6714 0
14908 1
14910 0
18500 2
9312 2
14914 2
6723 1
6724 2
14917 1
6726 2
6730 1
1845 0
14924 1
7603 2
6771 3
6740 1
6741 0
14935 2
14936 0
6747 2
6748 2
6751 0
6752 2
14945 1
14948 0
5222 0
14950 2
6759 2
14952 1
14953 3
6763 0
6764 2
1589 3
14960 2
9320 2
6770 2
9518 2
14965 0
14966 0
14967 0
6776 2
14969 3
14972 2
6782 1
14978 3
6787 0
6788 1
6789 0
6792 0
6793 0
6794 2
6795 2
14988 1
14989 0
14990 2
14992 0
427 2
6803 1
6804 0
6806 0
2136 0
6809 0
6810 1
6811 1
15004 2
6813 1
14789 2
1300 3
15009 2
15011 0
15014 0
17521 2
16156 2
6828 1
15021 2
6830 2
6833 1
6835 1
6836 1
6838 1
14793 1
6841 2
15034 2
6843 2
6845 0
14918 3
15039 2
6848 0
6849 0
15042 2
6851 1
15044 1
6854 1
14140 2
15048 2
6857 1
6858 2
15051 2
3455 3
15053 2
15054 2
6863 0
15057 0
4428 1
6867 1
6869 1
15062 1
6871 0
6872 2
15066 2
15067 2
15068 2
15069 2
15070 2
15071 0
15072 0
6881 2
4048 0
15078 2
17960 0
6888 3
6892 2
15085 2
15087 2
6896 1
6898 1
15093 3
7322 0
15095 1
6231 2
6907 2
6908 2
15101 1
15102 1
6912 2
15105 1
15106 1
15107 1
15109 1
15111 3
16870 2
15114 2
6923 0
15116 2
15117 2
15119 0
15120 0
6616 1
6930 1
15123 1
15124 3
6933 3
14809 2
6936 1
6937 0
6939 2
15134 1
15135 2
15137 3
6946 2
6947 3
15140 0
15141 1
6951 0
15145 0
6954 3
6955 0
7193 1
15149 0
6961 1
6965 2
2283 2
6967 2
15160 1
15162 1
14815 2
15235 1
12780 1
15166 0
9234 2
1163 2
6980 1
6982 0
15175 1
15176 1
15177 2
6986 2
6989 1
6991 0
15213 0
2606 3
15188 0
15189 0
6998 2
15191 2
7002 2
7004 2
7005 2
7848 2
7009 2
15202 2
13631 2
7012 0
15206 0
15207 3
15209 1
7018 1
14823 3
7021 3
7023 1
6266 2
8880 0
7026 0
15221 0
15225 1
15226 2
15227 3
7036 1
15230 2
15231 0
7040 0
7043 2
7045 2
15238 0
7050 1
1175 2
7052 1
15246 0
6236 0
7057 0
15250 3
6048 1
17561 2
7064 2
7065 3
7067 0
7069 0
4327 1
15264 2
4364 2
15266 1
17563 2
7076 1
15270 0
10737 3
7080 0
15273 0
15275 1
7085 0
15278 3
15279 2
18487 2
15284 1
7094 2
15287 2
7097 2
16876 3
7103 2
15296 2
7105 1
7108 1
7109 0
7110 2
9377 2
15305 2
7114 2
8693 2
7116 1
9378 2
7120 2
15314 0
1187 2
15316 1
7125 0
15319 0
7129 2
7130 0
15324 1
18241 0
15329 2
7138 0
7139 0
7140 0
9382 1
7143 0
17575 1
7148 0
7149 1
1192 2
17577 1
7164 2
7165 0
7166 3
7167 0
15362 2
15363 2
15374 0
15375 1
15376 3
7185 2
15667 2
2563 2
7188 2
7189 2
15385 2
7194 2
3240 2
17152 1
18516 2
15393 2
7205 1
7207 0
7208 2
15401 0
15404 0
240 1
7214 2
15409 2
2968 2
7219 3
16633 0
7225 0
15419 2
7228 1
7229 0
7230 2
17589 0
14859 1
15428 2
7238 2
15431 2
15432 1
7242 0
4849 0
7245 0
7246 2
15440 1
17592 3
15443 0
7253 0
7254 1
9401 0
15448 2
3940 0
2575 0
15455 0
15457 2
18791 1
15653 0
15461 0
14865 0
9404 0
10335 2
11699 1
15471 1
15473 0
15474 0
7284 0
15480 1
15482 1
17599 1
15485 3
10773 1
7296 0
15490 1
15492 0
15493 2
15494 3
15496 0
15497 0
7306 2
7307 0
15500 2
13506 1
15503 2
15504 0
15505 0
15506 1
9411 2
15508 0
15509 1
15511 0
15513 0
15514 0
2586 1
15518 0
15519 1
15521 2
7330 0
15523 0
7332 2
15525 2
15526 1
15530 0
16242 1
8155 1
2589 0
15539 0
15541 2
17609 1
15544 1
14879 2
9418 1
15550 0
16743 2
7363 0
15556 1
15557 1
15558 1
7367 2
7369 0
15562 0
15563 0
7372 2
15565 1
7374 3
17613 0
13485 2
8815 2
15570 0
15652 1
15574 0
7386 1
7388 2
15582 0
14885 1
15584 2
5328 0
3963 2
15588 1
15589 2
15590 1
1233 1
15593 0
15594 3
7403 1
15596 3
7405 2
15599 0
17159 3
15602 2
1235 2
15604 2
7413 1
15606 2
7415 2
17191 0
9428 2
15610 0
11015 2
7421 0
15614 0
15615 2
7424 3
7425 3
7426 0
15620 1
15621 2
5946 0
15627 1
15629 1
15632 2
15633 0
15634 0
15635 1
17433 1
15637 2
15638 2
7447 2
7448 2
15641 0
7450 2
7452 2
7453 1
15647 1
18544 0
7457 0
7458 1
7460 2
7461 1
15654 2
15656 0
15657 2
7467 2
15661 1
15665 1
14899 1
15668 1
15669 1
15670 3
7481 1
15675 2
15676 0
15677 1
14161 1
15679 0
7488 2
7489 2
6796 0
7491 2
15684 0
15687 1
15688 0
2615 2
3523 2
17435 3
14904 2
7506 2
17635 0
15701 0
7510 0
15704 0
15706 1
15707 1
7516 2
11707 2
15710 3
15174 2
3984 1
7522 2
18057 2
795 2
9446 1
7527 3
4615 0
15721 2
15722 2
15723 0
15726 1
7535 0
15728 1
15729 1
7538 3
6815 0
7542 2
13545 3
15736 1
7545 1
7546 2
10815 2
15741 1
15745 2
15746 0
7555 0
15748 2
7557 2
7558 0
7559 2
7561 2
16279 0
15758 2
7567 2
15760 0
15761 2
2627 2
15764 0
15765 2
7575 2
7576 2
15769 2
525 0
15773 2
7582 3
15775 0
5708 0
15777 2
15778 0
7587 0
15780 0
15781 1
9457 2
7592 2
15786 0
15787 3
15788 1
7598 2
7599 2
15795 3
15796 3
15798 1
2633 2
7608 0
15801 0
7611 1
7612 1
2634 2
7615 2
7617 1
15810 0
15811 2
9462 2
4001 1
15816 2
15818 2
16348 2
15821 1
15823 0
15824 2
15825 0
7634 2
10580 0
7637 2
15830 3
17657 0
12089 1
15834 1
15837 0
7649 2
10833 2
1276 0
15850 2
7659 1
15852 2
7661 0
15854 1
15855 1
7665 0
14167 0
15861 1
11445 1
15863 2
7676 0
7677 3
15871 1
15872 3
7682 2
15875 1
15877 0
15878 2
1281 0
15880 1
15883 0
7692 2
9474 1
7694 1
7695 2
7699 2
15892 1
7701 0
15895 0
15805 2
15898 2
15899 1
15900 2
15902 1
17669 2
7712 2
2779 2
15908 1
9478 2
15911 3
15915 1
15919 0
15920 1
15921 2
15923 1
15924 1
15926 0
7743 2
7746 2
7747 2
15940 0
6753 0
7753 3
8119 0
7758 1
5389 2
6380 0
15954 1
7766 1
15959 1
15961 1
15962 0
15963 2
14949 0
15969 0
15970 3
15971 2
15973 2
15974 1
13585 2
15976 0
15977 0
15979 1
7789 2
15982 2
15983 2
15984 0
7793 3
17683 0
15988 1
7798 1
15993 1
7802 0
15995 2
7804 1
15997 1
15999 1
16000 2
16001 0
10429 2
16005 1
4033 2
16008 0
7817 1
16010 0
16011 1
16013 0
7822 1
16015 1
17688 0
16018 1
16021 0
7831 1
7832 3
16026 2
11236 1
10254 2
7838 2
7839 2
16032 1
7841 3
16034 2
7844 0
4038 0
16039 2
16040 2
16041 1
4039 2
7852 3
16045 3
16049 1
16050 3
2171 0
7860 0
16056 1
7865 2
16058 0
13599 0
16060 2
16061 1
16063 1
18363 1
16066 1
16069 2
7878 0
1313 3
16073 1
16075 1
7884 2
7963 2
7890 2
12238 3
7894 2
2681 0
16088 1
7897 2
7898 0
16091 2
7900 2
16093 2
16096 2
16630 3
7910 3
16104 0
7913 1
16106 2
5415 0
7916 2
16110 2
7919 0
16112 0
16113 2
16114 2
16115 2
16116 1
16117 2
16118 1
6265 3
2113 2
16122 1
16123 1
16341 0
7939 2
7940 0
8150 0
16134 0
7945 2
16138 2
16140 3
16143 2
16145 0
10473 0
14979 3
7957 0
16150 2
7962 0
16155 1
9405 2
16157 2
16158 3
7968 0
13616 2
16162 3
4059 3
5721 3
7975 2
3266 0
7977 1
16087 2
12253 0
13464 3
7986 2
17715 0
9558 1
16182 1
16183 2
16185 1
16186 2
7995 2
7996 2
926 3
16192 0
8001 1
10632 1
16195 2
16196 1
15815 1
10554 2
16201 1
16202 0
16203 0
16205 3
8014 2
16207 0
8017 3
8018 3
16211 2
8020 2
6798 1
8022 0
9529 0
16217 2
16218 2
8028 3
8029 3
16224 2
8033 3
16228 3
4632 2
16232 0
5436 3
8042 0
16235 1
8044 1
2706 2
16238 3
6269 1
16360 1
1359 1
16245 1
16753 2
14996 2
16250 2
17727 1
8060 0
16253 2
16254 2
16260 1
8069 2
16262 1
16263 2
16264 3
16265 1
8074 2
8075 2
8076 2
16269 2
16271 2
2712 0
8082 0
16275 0
381 0
16277 2
15001 1
8090 2
12271 0
10906 2
1349 0
16288 1
8098 1
16291 2
16292 0
8101 1
16294 3
8104 2
16297 0
8108 2
16301 1
16302 1
16304 2
16307 0
16309 1
1353 0
17174 2
8121 0
8401 2
1354 1
12277 0
1355 1
8132 3
16325 0
16326 2
8137 2
16330 3
16331 1
16332 2
16333 1
16334 1
1357 2
8144 1
16337 2
10915 2
8148 0
8149 2
13093 1
8151 2
8152 3
2724 1
5727 0
16347 2
8156 1
16350 2
8455 0
8162 0
16355 1
16358 2
16359 1
8168 2
10092 1
16362 2
7869 2
8173 0
16367 2
16368 1
545 2
8182 2
16376 2
8186 2
16379 2
16380 0
16381 1
8190 2
9557 1
