16385 2
16386 2
4 0
11653 0
8200 0
15020 0
16394 1
16395 0
16396 1
2733 2
8210 0
8212 0
16405 2
16406 0
17065 0
12657 2
16388 2
8219 2
16412 0
8221 0
16414 2
16415 2
16417 0
8226 2
8227 2
8228 2
16422 2
16423 0
5184 3
16425 0
8237 2
16430 2
16431 2
8241 2
16434 2
16436 1
16438 3
16393 2
16440 2
8250 1
17759 1
16445 2
16446 0
16447 2
65 1
66 1
16369 0
16452 1
8261 2
16455 2
16456 2
73 2
74 0
8268 2
16461 2
8270 0
1833 0
12573 0
8276 1
85 0
17188 2
88 2
16473 0
11187 0
16478 1
8288 2
16484 1
16485 0
8295 2
8296 2
8298 0
17767 1
108 2
16495 1
112 3
113 2
115 1
122 3
16509 1
126 2
8213 1
8322 2
13675 1
132 2
16517 1
134 0
16519 0
16520 2
16521 0
16522 1
8331 2
8333 2
8334 0
144 2
8337 0
8338 2
6851 1
148 1
18404 2
151 1
154 0
8347 3
16540 2
158 3
16543 2
5188 1
8353 1
8354 1
8355 0
16550 1
17777 0
16552 2
8220 0
171 2
16557 2
177 1
178 0
8371 2
180 3
8222 2
183 2
16568 1
185 2
5293 2
190 3
191 0
192 2
8385 0
8386 2
6859 1
196 0
16581 1
8391 2
200 0
201 1
202 2
16590 3
6861 0
8400 0
8401 2
8402 2
8403 3
214 0
8407 2
6863 0
220 2
16605 2
8415 1
225 0
8418 2
16612 1
16613 2
16614 0
16615 0
232 1
233 2
8426 2
8427 2
16620 3
17193 2
8430 2
16623 3
16624 2
8434 0
8435 3
8437 3
246 0
16631 0
16633 0
11465 3
13695 2
16637 3
254 0
15061 0
17792 0
16642 0
16644 2
261 2
16646 1
9601 2
16648 0
12332 2
16650 0
8459 2
8461 3
8462 0
271 2
1100 0
16657 1
274 2
276 3
8238 0
1866 2
280 3
9011 2
8474 3
1646 0
286 1
287 2
8480 1
16673 1
8483 0
292 0
8485 2
8486 2
16433 2
8488 2
6876 2
16683 2
16684 2
16686 1
8495 2
8496 2
10103 3
8501 0
8506 1
8507 2
16700 2
8510 2
16703 3
16704 3
16705 1
16706 1
16707 0
324 1
16709 1
326 1
15073 1
16713 0
18560 3
8247 1
332 2
333 0
8526 2
16719 2
16721 1
16725 1
342 2
16728 1
346 3
8539 1
16732 1
349 1
8544 3
353 2
354 2
8548 2
15078 2
358 1
16743 2
16744 2
8553 2
362 1
8555 2
365 2
366 2
8559 3
16752 2
16753 2
8563 2
8564 2
16757 0
374 2
16759 1
16761 1
378 3
379 0
16765 2
8574 0
13717 2
384 1
8578 2
387 0
388 1
16774 1
8583 3
394 2
16779 2
396 1
16781 0
398 0
8591 3
8592 2
401 2
16786 1
16790 1
409 0
410 2
411 2
16796 3
8605 1
3287 2
16799 1
416 0
10992 2
8611 2
420 1
8613 2
16807 1
16808 1
17820 0
2785 2
71 1
428 2
8621 0
8622 2
1437 3
9059 0
8625 2
13783 2
16819 2
16821 1
438 0
16823 0
8632 2
442 1
8635 2
10423 0
446 2
448 3
16833 2
450 1
8643 1
8644 2
454 2
455 1
16841 2
16843 3
460 0
461 2
8654 0
8655 2
16848 2
466 3
16851 2
16852 1
16854 2
11239 2
17828 3
9563 0
8667 2
477 2
1445 2
16865 0
8675 2
8676 0
17830 3
8679 2
16872 1
491 0
11005 1
8689 2
8691 2
500 2
8693 2
16886 2
8695 3
504 3
8697 0
8698 1
8699 1
508 0
509 3
510 2
16469 1
16896 1
16898 2
8708 2
517 0
520 3
8715 0
524 2
16909 1
8718 2
9645 2
528 2
529 2
16930 2
8724 1
533 0
8726 2
12377 2
8728 2
538 0
8731 0
8732 1
9838 1
16926 2
16927 1
16928 2
16929 2
546 1
8739 3
548 1
549 2
551 1
552 1
16937 2
8746 2
16939 1
8748 3
16941 0
558 1
8304 0
6920 2
562 3
563 2
8757 2
16950 2
8759 1
8761 1
14461 0
571 1
572 0
8766 2
575 1
16960 1
8769 1
8771 3
16965 0
16966 2
8775 0
8777 0
587 1
8780 1
589 1
591 1
8785 0
8786 1
12387 2
16980 2
597 1
8790 0
9657 0
16984 1
8292 2
13659 1
8795 3
8796 0
16989 1
606 0
16991 3
16992 2
16993 2
8802 1
611 1
8805 2
8806 0
2833 0
8808 0
617 0
618 1
619 2
8813 1
622 0
8815 2
17008 2
8817 1
8477 0
629 1
8822 2
632 0
6932 0
634 0
8827 2
17020 3
8829 3
8830 0
17024 2
8834 2
8835 1
17028 0
17029 0
18335 1
17031 2
8841 2
8842 2
8843 2
17036 2
8845 0
654 0
8847 3
17040 1
6936 1
17042 2
661 1
8855 1
664 0
17049 1
666 0
17052 2
17053 2
8862 2
8863 3
672 0
673 2
674 0
11035 0
676 2
17862 1
9879 0
679 0
443 0
8873 2
17066 2
8875 2
17135 2
7424 3
6941 0
8881 2
17075 0
8884 2
17078 2
9279 2
8889 2
699 3
11480 0
701 2
17087 0
704 0
17089 0
8898 1
17091 0
708 2
4214 0
8902 2
712 2
17097 2
3221 1
17099 2
717 0
8912 3
17105 0
723 2
8916 2
1486 0
17111 2
17113 1
730 2
17115 2
17118 2
8927 3
737 2
738 2
4219 0
17126 2
1205 1
17128 3
8938 2
17131 1
748 2
17133 0
750 2
8317 1
752 3
8945 2
17138 1
13779 1
17140 0
9297 0
17142 0
15145 0
17144 3
8953 1
762 1
8955 1
766 1
17151 2
17152 1
17153 0
17154 0
8963 2
774 1
775 2
8968 0
6956 0
8970 2
8971 2
17164 1
17167 2
784 0
13784 1
17170 3
787 2
788 2
17173 1
790 2
17175 3
8985 0
8986 2
17179 1
17180 2
13786 0
8990 2
8991 2
8992 3
8993 0
802 1
803 2
8996 2
17189 3
806 1
8999 0
808 2
2209 0
17194 2
1118 2
17197 0
13789 3
8348 2
1391 0
17205 1
17206 1
825 2
17211 1
8330 2
15157 2
832 2
9696 1
17218 1
139 3
17220 1
2210 2
9033 1
17226 0
17227 1
844 2
9037 2
9038 2
17231 0
9040 1
17233 2
852 2
853 0
17239 1
856 0
4239 0
860 3
861 2
862 0
1509 2
9058 3
17251 1
17252 2
5606 0
17255 0
873 1
874 3
9067 2
17260 2
17262 0
879 2
17265 2
17266 0
147 0
17268 1
9078 0
9080 0
889 0
9082 2
11899 2
17276 0
894 2
895 1
17280 1
17281 0
17282 3
9091 3
9092 0
9093 1
9094 0
9095 2
17290 2
8343 1
17292 1
11074 2
17294 0
17295 0
9105 0
9106 0
17299 0
17300 1
9113 0
12716 1
923 1
17308 2
17310 1
17311 2
17313 2
9123 2
9226 3
933 1
156 0
938 1
17323 0
17324 2
9134 0
9137 2
947 2
9141 1
9142 0
9143 1
952 1
953 2
9852 0
9154 2
964 3
9157 3
9158 3
8517 1
9164 0
17360 2
163 2
17364 2
17365 0
8216 0
6935 0
17368 1
14191 2
9184 2
11245 3
17379 2
9188 1
17381 2
9190 0
11089 2
17386 0
4263 2
17388 2
17391 0
3034 2
9201 0
1010 1
17395 2
8217 0
17397 1
17399 2
9209 1
17402 1
1020 0
1022 2
1023 2
9216 0
17409 1
9218 2
1028 1
9221 1
17499 2
1034 2
6608 2
12440 2
9230 0
9231 2
1040 0
17426 2
17427 3
4270 0
18174 2
17432 2
9241 2
1052 0
17437 0
1054 2
9249 0
17442 3
11099 2
11791 3
1063 2
9257 0
17450 1
1543 1
17452 0
9262 2
1071 1
1075 0
9269 2
9270 2
9271 0
1080 1
9274 2
2911 2
17469 0
4277 2
17472 0
17474 2
17476 0
17477 1
9286 0
17479 0
17480 2
1098 2
9292 1
17488 2
12472 1
1108 2
1109 3
9304 2
771 1
1114 1
1115 1
9308 1
9310 0
2917 0
9312 2
17506 2
17507 2
9316 0
17509 2
17937 2
17512 1
1129 0
1130 2
9323 0
9324 1
17517 1
17493 0
17519 2
7130 0
1137 0
1138 2
17524 2
3584 1
7017 1
1144 2
4835 1
15041 2
17531 0
17532 2
1150 2
9343 2
1152 0
17537 0
17539 3
18331 1
17541 1
17543 0
9352 1
4403 2
1162 3
1163 2
9356 3
17549 1
13405 2
17551 2
1168 3
17553 2
17555 3
17556 2
1174 2
17559 2
1177 2
15215 0
1180 1
1181 3
9375 0
17568 0
16679 1
9378 2
17947 1
17572 2
17573 1
17574 1
17575 1
1192 2
9385 3
9386 2
16583 2
17581 1
2222 2
9392 0
8392 2
17586 2
4950 2
9397 2
9398 1
17591 1
17592 3
17593 2
9402 2
9403 1
1213 1
9409 1
1218 2
17606 1
9415 1
3314 3
9418 1
17612 2
17613 0
12316 2
9426 2
9427 2
9428 2
1239 0
17625 1
12556 0
1245 0
1246 3
17631 0
17632 1
17633 3
1250 0
1251 1
17637 0
17639 1
17640 1
1257 0
17642 1
9451 0
4621 2
16594 2
3588 0
17647 2
9457 2
17650 1
9459 2
16409 0
9461 2
17654 3
1271 0
15318 2
1273 2
1274 0
15231 0
17660 2
17663 1
17664 0
9473 1
17666 2
17963 1
9476 2
9477 2
17670 0
17228 0
17674 2
9485 1
1294 2
9773 2
12504 0
1298 2
17683 0
9492 2
18627 0
1304 2
17689 2
1306 3
17691 2
17693 3
2653 3
9503 2
17698 0
219 0
6228 2
1320 1
8412 1
1322 2
17707 2
9517 3
17710 2
8413 2
16411 1
1330 0
1331 1
17719 1
1336 2
17721 2
1338 1
1340 2
17725 0
17726 2
1343 2
9536 0
17729 1
9539 0
9540 2
9543 2
17737 2
15289 3
1355 1
9548 0
1358 2
1359 1
17744 1
9554 2
9555 1
9556 2
1593 2
8420 2
9562 2
1371 0
17756 0
9566 0
1375 2
17760 2
1377 2
17762 2
1380 0
230 0
9866 0
1383 2
17768 2
9788 0
9578 1
1387 1
9580 1
17774 1
9583 2
1392 1
9585 0
17779 2
9588 2
9591 0
9592 1
7060 0
9594 2
17787 3
9596 0
9597 2
1408 0
17984 0
7094 2
9604 2
9605 1
9606 1
1601 1
17801 2
9611 2
13959 1
9615 2
320 3
17809 0
9618 0
1603 2
9322 1
9625 0
9626 2
17819 2
1436 1
9629 1
17822 3
1439 2
1440 2
1441 1
1444 2
9637 1
1446 2
9639 2
17835 2
6829 1
17837 1
1454 2
7069 0
9648 2
1919 2
16627 0
1460 3
1461 2
1465 2
1466 2
17851 1
17852 2
9662 2
12533 2
9665 2
1611 3
1476 1
9669 2
1478 1
9673 1
1482 1
9675 1
9676 2
4141 0
9678 3
1488 1
4647 0
9683 0
12537 3
9689 0
9690 2
9691 3
9692 2
9694 0
15269 1
17888 0
17893 0
9702 2
17895 0
17896 1
9707 1
1618 1
2985 2
17913 2
9722 2
1142 3
4961 1
1538 2
1415 2
1542 2
9735 0
1545 2
9741 2
14492 0
1553 1
1558 3
17944 1
17945 2
7087 1
17948 2
17949 2
8781 3
17952 2
9762 3
9764 0
14795 1
9770 1
16647 0
1835 1
1581 1
1583 2
4360 1
17971 2
9781 1
9782 2
17975 2
9784 2
17977 2
17978 0
17979 2
1596 2
1597 1
9765 0
17983 3
9792 2
17985 2
1602 3
17987 0
17988 3
1605 0
15559 3
1608 1
9801 2
1610 1
17995 2
17996 1
1613 2
1614 1
1615 2
9810 2
1619 2
9812 0
12558 0
1622 2
11193 0
1624 2
9817 2
18010 0
15139 2
9820 0
1630 1
18778 0
1633 0
9826 2
9828 1
9829 2
18022 1
1639 2
1640 2
9834 3
18027 2
18028 1
8466 0
18030 2
18032 0
17841 1
1652 2
9845 1
13759 0
8468 0
1658 3
1659 0
1660 1
1661 1
1662 2
8469 2
18048 2
7104 0
1666 2
18052 0
9330 0
1671 1
18056 0
18057 2
1674 2
4375 3
18062 2
9873 2
9875 3
9876 0
1685 2
1687 2
9882 1
16666 1
9886 0
10104 1
1696 2
1697 0
18082 0
1699 1
9892 0
9893 3
1702 2
1703 1
18088 2
9897 1
18091 2
1709 0
1711 2
1712 1
11208 1
9906 2
16670 0
1719 2
1720 0
18107 3
18108 0
1725 2
18110 1
1653 2
9920 0
16672 0
18114 2
1732 2
9925 2
289 2
9928 1
18121 1
1738 2
1655 2
1740 0
6427 2
3952 2
18128 0
8787 2
1748 0
1749 0
18134 2
9849 0
1753 3
1756 0
18141 0
18142 1
18143 1
1761 0
1763 0
18148 0
294 3
18150 2
1767 2
1769 2
18155 1
18156 1
18157 2
18158 0
296 0
1779 0
9854 1
1782 1
18167 1
1785 2
9981 2
1790 2
1792 0
18178 1
11905 3
11222 0
17245 1
9857 0
1800 0
18186 2
18188 1
18050 3
4583 1
1807 0
1809 2
18194 3
1812 3
18197 0
11225 0
1817 1
10010 0
18203 2
10012 1
1821 1
18207 2
10017 3
1826 2
1827 2
1828 2
18214 2
18216 2
18217 0
10026 2
18219 0
1836 1
18221 2
10030 2
10031 2
10032 1
18225 2
10034 1
10035 2
10036 2
10037 2
10038 2
1847 0
18232 2
18233 2
10043 1
1852 1
10045 1
10047 1
10048 2
18241 0
1858 1
18243 0
1860 2
10053 1
10054 1
18247 2
10056 2
1865 0
18250 2
1867 1
18252 1
16429 2
1872 0
10066 3
18261 1
18264 1
7140 0
18748 2
18269 2
1887 2
1888 2
18274 3
10083 2
1894 2
10087 3
10088 1
18282 1
1899 0
18284 1
1902 1
18287 1
1904 2
10099 2
18292 0
1909 0
10102 0
1911 0
10702 2
18297 0
319 2
1918 2
18069 0
1920 2
1921 2
18306 2
3286 1
5782 0
18310 3
8513 0
18312 1
1929 0
5247 2
10124 0
1933 2
10127 1
1701 2
16977 0
1944 0
16708 0
1946 0
13431 2
10140 2
10142 2
10143 1
15344 3
10147 3
8794 1
10149 1
1958 0
10151 3
18344 2
1961 2
10155 2
1964 2
1965 2
18351 0
18446 2
18354 0
1971 2
1972 0
1973 0
18358 3
18362 3
1979 1
1980 0
330 0
18366 2
10175 0
10176 1
1987 1
18374 1
18376 2
16716 0
18378 1
18379 1
10190 0
18384 2
2002 0
18387 2
16718 1
2006 1
10201 1
2010 1
9887 3
18397 1
10207 2
10208 2
18401 1
10785 2
2020 3
10213 2
10216 2
18409 3
10218 2
12626 2
10225 0
18419 1
18420 2
18421 3
18422 3
8524 2
18426 1
18427 3
18428 2
10237 0
2047 2
18432 1
10242 1
18435 1
10244 3
18437 0
10247 1
18442 1
18443 2
6888 3
10254 2
5805 2
10256 0
11267 2
10261 2
18455 2
2072 2
18457 1
2074 1
2075 0
15072 0
10270 3
18463 0
18464 0
2083 2
10276 2
10279 2
2088 2
10281 2
10282 2
10283 2
2092 2
18098 2
10286 1
10287 2
10288 1
888 2
2099 2
10293 1
18486 3
10295 0
2105 0
18491 0
2108 3
10301 2
7708 1
1717 2
2112 2
18497 0
10306 1
10307 0
18500 2
10309 3
10310 1
10311 2
10312 2
18505 2
10316 2
10317 1
2126 0
10319 3
2128 1
10322 0
10324 1
18517 0
10326 0
10328 2
16740 0
2138 2
10331 0
10332 1
2144 2
18529 0
2146 3
10339 1
10340 3
16742 1
18534 2
10345 2
18538 2
18348 1
18541 0
18542 0
10351 2
18544 0
2161 0
2164 2
10357 1
10358 2
7188 2
18111 1
8554 3
10366 2
7189 2
2176 2
10371 2
10372 1
2183 2
2184 3
2185 2
18572 0
2189 0
18574 2
15333 2
10384 0
10386 1
18579 2
2196 0
18581 2
10391 1
18584 1
2201 2
2202 2
367 0
2206 0
2207 1
18593 2
18594 2
18595 2
16986 0
2214 1
10407 2
10408 2
2218 1
9927 2
18604 2
2221 0
10414 1
2223 2
18608 0
18609 0
10419 0
18612 1
10422 2
18615 1
10426 1
2235 2
18620 2
18078 2
18623 0
2243 2
18628 2
18629 2
7201 1
18632 2
18635 1
2254 2
18639 1
18640 1
10449 2
7203 2
18644 2
18126 0
2262 0
18649 0
2266 0
18651 1
2268 2
10461 2
10462 0
2272 0
10466 0
10467 2
11302 0
18662 2
4713 0
2280 1
18665 2
10475 1
2284 2
1746 2
10478 2
8573 1
2288 2
18673 0
10483 0
17807 1
10485 1
10486 2
10488 2
2297 2
18682 1
8575 3
18687 0
16768 2
10498 2
2307 2
18692 2
18693 2
10502 2
2311 0
10504 0
10505 2
18698 0
10507 2
18701 2
10510 0
18704 1
18706 2
18707 1
2324 2
10517 1
18710 2
10519 0
18714 1
10523 2
10524 2
2333 2
5806 0
14043 0
18724 0
2957 0
2342 2
10542 2
14045 0
18736 1
2355 2
1758 3
2358 1
18746 2
18747 1
2364 2
10558 0
2368 1
18753 0
2371 2
9899 1
18145 1
10568 1
2377 0
10573 1
10574 2
10575 1
2385 2
2386 2
18771 2
18772 1
18773 3
18775 1
18776 3
10586 0
2395 0
10589 2
4717 0
18784 1
16784 2
10595 2
16710 3
18790 0
10599 0
18792 2
10602 2
10604 3
8594 1
10607 1
10609 0
10611 0
9347 1
10613 1
18806 2
18153 0
2424 3
12692 2
2426 1
2427 2
10620 0
10621 2
10622 2
18816 2
2433 1
10626 1
1771 1
18824 3
10634 1
4503 2
10637 0
10638 1
18832 1
2449 2
18834 1
2451 2
2452 2
18837 2
18838 0
18839 2
10648 2
18841 2
17609 1
17267 0
10652 1
8602 1
10654 1
18847 3
2465 1
8603 1
10660 2
18853 2
2470 2
2472 2
8604 2
2475 1
10668 2
18861 2
1035 2
10672 2
628 0
2484 0
2485 0
2486 2
2487 2
10681 0
2491 0
2492 0
10685 0
18165 0
6472 0
10689 3
2500 2
2501 1
8800 1
2503 0
2505 3
10699 1
10700 2
10701 2
2510 0
2513 1
2514 1
10707 2
2516 2
2517 0
10711 2
2520 2
8612 0
10714 1
2524 1
10717 1
2527 1
3903 2
10723 2
10724 0
18293 0
2536 0
10729 1
423 2
3672 1
767 2
2542 1
16997 2
2544 0
10737 3
2546 2
2547 1
2549 2
10743 1
10745 0
2556 1
8814 2
2558 1
10753 2
10755 0
2565 0
2568 0
10761 0
10768 1
10771 1
10772 3
10773 1
2582 2
10777 1
2586 1
10780 0
10783 3
10784 0
2593 2
2594 2
10787 1
2599 2
10793 0
2603 2
10796 2
2606 3
4709 1
2609 0
10802 0
8627 0
10805 0
2615 2
10809 1
10812 1
2622 1
8629 1
2624 2
360 2
2626 0
2627 2
10820 3
12726 0
10822 1
6907 2
2632 0
10825 0
4535 3
10830 1
2639 0
2640 2
2641 1
2642 0
10835 0
10837 2
10838 1
2543 0
2648 3
2650 1
10843 1
4538 2
2654 2
2655 2
13148 2
10849 0
10850 1
12731 0
10852 2
10854 0
17001 0
10857 0
10858 1
9636 2
10002 3
4541 0
10868 0
10869 1
3177 3
10872 1
10873 0
18294 1
10876 0
10877 0
4181 0
1726 2
10881 2
10882 0
2691 0
10884 0
17002 1
4545 0
18199 2
8642 0
2702 2
10901 2
10903 2
10905 2
2714 0
2715 2
1727 0
2718 2
10911 2
10913 3
2723 2
10916 2
11693 0
2730 1
2731 3
10924 1
10925 1
2735 1
2738 3
2739 2
2741 2
15301 2
2743 3
11093 0
1823 2
10940 2
12746 1
2750 1
2751 0
2753 2
2756 2
3365 2
2758 2
18209 0
2762 2
3191 2
2764 3
2765 2
2766 0
2767 1
2768 1
2769 0
2772 2
16846 1
15368 3
2775 1
18212 1
16847 0
9367 0
10974 3
2784 0
464 2
911 2
2791 2
2794 3
2798 0
10991 1
16460 2
2801 2
10994 1
2803 2
2804 2
16733 2
2807 3
11002 3
11003 0
11004 2
18218 2
7711 0
2817 0
10027 2
11012 2
2821 1
2822 0
11016 0
12642 0
2831 3
9075 2
17825 1
2834 1
2835 2
1838 2
8665 2
2840 0
11034 2
1839 2
11038 2
2848 0
18224 0
3303 1
2851 1
11045 2
2854 1
5005 3
2859 1
11053 2
11055 2
11056 0
2865 3
11058 2
11059 0
6915 1
11065 2
2874 0
2876 3
2879 2
2880 2
11073 1
2882 2
2883 0
2884 0
7461 1
11078 2
11080 2
11082 2
2891 2
2893 0
11087 2
16736 0
2898 2
4579 3
2900 1
3214 1
5945 2
2904 1
11097 1
2907 2
2908 0
2909 1
2910 1
2279 3
3216 2
11106 1
18235 2
11109 2
15295 2
2921 2
2923 1
2924 0
2925 2
11118 0
16737 2
2928 1
4584 0
6917 2
11125 1
11127 1
11128 2
13464 3
2939 2
11132 2
11135 0
2944 2
7463 0
11138 2
11141 0
11143 1
2952 2
11145 2
2955 0
11149 0
14095 2
11152 2
2962 0
14185 1
2968 2
8687 2
2973 2
2975 1
11169 3
2979 2
11173 1
2982 3
2983 2
2984 2
11177 0
2986 0
11180 0
4657 1
2992 2
2995 2
3000 2
3001 2
11194 2
11197 3
501 1
15520 0
10059 2
3012 2
3014 0
3016 1
11214 2
11215 1
11217 2
15523 0
11220 1
3030 1
11224 2
11428 3
11226 2
3035 3
506 1
3038 1
3040 2
3041 1
3042 2
12795 0
3044 2
3047 0
3048 3
3049 2
7167 0
3239 0
3052 1
3053 2
3056 2
11254 2
3241 1
10004 2
3065 1
11259 2
11434 2
3070 2
3072 0
8704 0
3074 1
3243 1
3076 2
3079 2
9377 2
3082 2
10741 1
18133 2
11277 0
11278 1
3088 0
12803 1
566 3
11289 0
3099 0
3100 0
11293 2
3104 0
3105 1
3110 2
11305 2
8533 3
11307 2
5832 0
11315 0
3125 0
12809 1
3128 3
3129 3
11327 2
11328 2
10080 2
11330 1
3141 2
11334 2
11335 2
11336 2
3145 3
11343 2
11344 2
11345 1
11346 2
18275 1
11351 0
17041 1
16912 3
11451 1
651 0
11366 0
11367 0
3260 0
3178 1
18279 1
11372 0
11373 2
3183 2
3186 1
3187 2
106 1
1470 2
3195 2
11388 1
10090 0
10605 1
5562 1
13756 2
11393 2
17019 1
11397 2
11398 2
3207 2
11402 0
11403 2
11406 3
3215 2
11408 2
4632 2
7363 0
18286 2
3222 1
17838 3
11417 2
3227 3
3230 1
3231 1
3232 0
11425 2
9958 0
16923 2
3236 0
3237 1
11430 0
11431 2
3240 2
11433 2
3242 3
11435 2
5307 0
3245 1
11440 0
3250 2
3251 0
11444 2
11445 1
3255 1
3256 3
10100 2
11450 2
543 2
11452 2
3261 1
3263 2
3264 0
11457 2
11458 2
11467 1
3268 2
11461 1
3270 1
8737 2
3273 0
3274 1
3275 1
11468 0
8738 0
3278 3
11471 2
11473 1
3283 0
11478 3
10105 0
3288 2
3290 3
3291 2
17022 0
3281 3
3305 1
11499 0
3310 2
11504 3
3313 2
11506 1
11508 2
3320 2
3323 2
11516 1
3325 0
11518 2
9658 2
3328 1
18304 0
3330 1
12843 1
3333 1
3334 1
11531 1
11532 2
6018 1
3345 2
1386 3
11540 2
3349 2
11543 2
3352 1
1924 2
3354 2
11547 2
3357 1
11550 1
3359 3
3360 1
3361 0
11554 1
786 0
11557 2
11558 3
11559 2
17104 0
3369 2
3370 1
6023 1
11565 1
3374 1
3375 2
3376 2
3377 2
10879 2
3380 1
3381 1
658 0
4660 2
3386 3
11579 2
555 2
11581 2
11584 3
3393 1
3394 2
18315 3
17571 1
11590 0
3400 0
1932 0
10125 1
1750 1
3409 0
1401 2
11643 1
11232 0
3415 1
3416 0
11609 2
11610 2
3419 2
8762 1
3422 1
3423 1
3424 3
11617 1
11618 1
3427 2
11620 1
11622 0
11626 0
3435 3
11629 0
11631 2
3440 1
3441 1
3443 0
574 0
3446 2
11639 1
11640 2
3449 2
11026 0
3451 1
3453 2
1206 2
12663 2
3460 2
3461 0
11654 0
16961 3
3466 2
12866 2
3470 1
3472 2
11668 2
11502 2
3478 2
3479 2
4753 2
11674 0
11675 3
11678 0
581 1
3489 3
3491 2
11684 2
12870 1
3495 2
583 1
15602 2
6045 1
3504 2
3505 0
3506 0
3508 0
3509 2
11703 1
14239 0
11709 1
7413 1
3520 2
3521 2
11716 1
11717 2
3527 2
11724 2
4685 0
11729 1
6051 2
11732 0
11733 3
11734 1
11738 1
11741 1
11742 0
11744 2
17849 2
3556 0
11751 1
3324 2
11755 1
3564 3
16978 2
3566 1
3568 0
11761 1
595 1
11764 2
3574 2
11768 2
8788 2
11773 2
1483 2
17850 1
11776 2
3585 2
11779 0
11780 3
11785 0
3595 0
11522 2
18349 1
11793 1
3602 0
3605 1
3606 3
11800 2
11802 0
14255 0
3612 0
5303 0
11808 1
133 2
1757 1
3619 2
3621 2
3622 2
11815 1
11817 0
3629 1
11823 1
11825 2
11826 2
6067 2
3638 2
11831 1
11833 1
11839 3
11840 0
11841 2
11842 0
11844 2
11845 2
3655 1
5850 2
11849 0
3658 2
3660 3
3661 2
11854 0
11856 3
11857 0
3666 0
4707 2
17755 0
11861 1
3671 2
11864 2
3674 2
3679 2
3681 1
11874 1
18363 1
11877 2
9212 1
11880 1
11882 3
11884 2
3025 1
11887 2
3347 0
10174 1
3702 2
8809 0
11897 0
3706 2
1983 2
11900 2
12906 2
11902 2
3713 2
11907 2
3717 2
4716 3
11915 0
3727 2
7448 2
3730 2
11924 3
17855 2
3734 2
17007 0
3740 0
3741 2
3745 2
3747 1
1990 3
12913 2
3752 3
15644 1
10305 2
7453 1
11952 2
1992 2
3358 0
347 3
3769 2
3771 0
3775 2
11968 1
3777 2
17014 1
3782 2
3784 2
15129 1
3791 2
3792 0
3793 0
11990 1
3805 2
11999 2
3808 2
3809 0
3810 2
3811 2
3815 1
3819 0
3820 1
12013 2
12160 0
9129 2
638 0
12023 1
12029 0
14293 0
3841 2
12037 2
16677 2
9300 1
643 2
12055 2
12056 0
8837 0
16938 0
11568 2
3876 2
12069 1
8858 2
3879 2
3880 0
3881 0
12076 2
6676 0
3887 2
1849 0
3889 2
12082 0
12083 2
12084 1
6110 0
3901 0
12094 2
11573 2
18400 0
12098 1
14265 2
12100 2
12101 1
10209 0
12106 2
12108 2
12109 2
12110 2
12113 2
17038 1
12120 0
10212 0
12126 2
17589 0
12130 2
3940 0
5318 0
657 3
12136 2
12139 2
16771 0
12141 1
3950 0
12144 1
6951 0
3955 0
6191 1
12154 0
3963 2
12157 3
4900 0
17590 2
15135 2
12161 3
3974 3
12167 1
3978 2
3979 1
11586 0
681 3
3983 2
17045 0
3985 2
3988 0
12181 1
12313 2
665 1
12184 2
12408 0
3997 2
12190 0
3999 0
12192 0
4001 1
4003 1
4006 2
4225 2
8860 1
12202 2
4013 2
12206 1
4016 1
4019 1
4020 1
4766 1
12214 2
4024 1
17055 2
12223 1
12960 2
4037 3
4038 0
4039 2
14327 2
4048 0
4050 1
4051 1
8265 0
4053 1
12250 2
4059 3
12253 0
4062 1
4063 2
4064 3
12257 0
12258 2
2043 1
12260 1
14320 2
12262 2
4446 3
17063 1
12268 2
4078 1
4079 0
12272 2
12273 3
12274 0
12277 0
4086 2
12279 2
2591 0
12281 0
16994 2
3355 1
4096 0
4097 0
17067 1
4101 3
16215 1
4107 2
12300 2
11048 0
11608 2
12306 2
12308 2
4118 2
12312 0
2052 2
12314 2
4124 2
4126 0
12319 2
4131 0
12324 2
683 3
4137 2
12330 1
18439 2
4140 0
12333 1
4143 0
6152 3
13777 3
4151 2
12344 2
4153 2
12346 0
12348 1
6154 2
12981 1
4162 0
4164 0
18413 3
4173 2
12366 2
2061 3
12370 2
1337 0
9282 3
14350 1
12375 1
12376 2
9575 1
412 0
4187 3
12380 0
4191 2
4192 2
17083 1
4196 3
3430 3
12390 2
12391 1
4201 2
4205 2
12402 1
12403 2
4798 0
12406 2
7529 2
2024 2
4217 3
18337 0
12411 2
4220 2
4221 2
4222 2
4505 0
12417 2
4227 2
4228 1
12422 2
12424 2
12425 1
12426 0
12428 3
12429 0
4238 0
12431 3
10264 0
12434 2
12435 2
4245 2
12438 0
2073 2
4248 0
4249 1
4251 2
12445 2
12446 0
4255 0
4256 2
12449 2
4259 2
4260 2
17094 1
4262 2
15729 1
14364 1
12459 1
12461 2
12462 2
14365 3
12464 0
8904 1
11599 1
9144 3
6689 2
13001 1
4280 1
14572 0
4282 0
714 1
12478 0
12145 1
12480 2
12481 0
12486 2
12487 0
12488 0
4297 0
4298 0
4302 1
12495 2
12496 1
3448 2
18467 0
4309 2
12502 2
12503 0
4312 2
4313 2
12506 1
4316 1
12509 2
4318 2
12511 0
4320 2
4321 3
12514 0
4323 2
18020 0
6182 0
4326 0
12521 2
4331 1
4332 2
13010 0
4335 2
4336 0
4338 1
12531 0
4341 1
4342 2
4345 2
4825 2
13110 1
8976 2
12545 3
4354 2
2091 2
4822 0
4359 2
6910 2
12554 3
4364 2
4365 2
4366 3
4369 2
4370 1
7555 0
2094 1
4374 2
8921 2
7556 0
1502 0
12571 1
4380 2
8922 1
4383 2
16678 1
4386 3
4827 1
4389 2
4391 2
12584 2
4394 1
12589 1
9631 1
12592 2
18483 2
17059 0
12599 2
4408 2
12601 0
4411 3
4414 2
2101 1
4832 2
7563 2
4421 0
7558 0
12615 2
12618 1
18487 2
4428 1
4429 3
12622 1
11661 2
4433 1
4434 1
17123 2
4436 2
15758 2
12630 2
4439 2
12632 1
12634 0
12635 0
12636 0
12638 2
12639 0
12641 0
4450 1
18524 1
5331 3
7569 2
4458 2
13031 1
12652 2
4462 2
5505 0
744 2
12660 2
12662 1
4471 1
15764 0
12668 2
12671 0
12672 3
10304 3
12674 3
8939 2
4484 1
4485 2
12679 2
12681 0
12686 2
749 0
4497 0
4498 2
7242 0
17134 1
17215 0
12695 3
2116 2
12698 2
4507 1
12700 1
4509 1
6424 0
4511 1
12704 1
4848 1
4517 1
4518 1
17137 2
4520 0
12713 2
12714 1
12715 2
4524 1
12717 1
4526 2
4529 2
13043 2
4532 1
4534 1
12727 1
4536 0
4537 2
12730 1
4539 1
12732 1
12733 1
4544 1
12737 1
12738 0
12739 2
4549 0
12744 0
12745 2
18852 0
12747 2
12748 2
4557 1
12752 0
11683 0
4564 1
6222 0
4566 2
12759 1
12760 0
69 1
18511 3
12764 0
12765 2
4574 3
7589 0
12768 0
12769 2
12771 1
4580 1
4581 1
4582 2
12775 0
12776 2
10791 1
12778 0
7941 0
12783 1
4592 0
4593 2
12786 0
4595 1
12788 2
12790 0
12792 1
2132 0
8959 0
4605 2
17062 0
12799 0
4608 0
8960 0
12802 1
4611 2
12804 1
4865 1
7596 1
12811 2
4620 0
13058 0
12815 3
4626 2
4627 3
4629 0
4630 0
849 2
12824 3
4633 2
7599 2
4636 0
427 2
12832 1
4645 0
12839 0
12840 1
12841 1
4650 2
4651 0
4652 3
4653 0
4654 1
12847 2
4656 1
12849 0
4658 2
4659 2
12852 2
4661 0
4662 0
12856 2
4665 2
4666 0
4667 2
4668 2
12861 2
12862 2
4673 0
4674 1
17163 0
4678 1
10337 2
12872 2
4793 1
12874 1
4683 0
17980 0
4686 2
4688 1
12882 2
4693 2
11613 1
4698 2
4700 0
14314 2
4704 1
4705 1
12898 1
3515 1
2150 2
12905 3
4714 1
12907 0
12908 0
12909 2
4719 0
4721 2
4722 0
4723 0
4726 1
12919 1
4728 2
4729 2
4731 2
4732 0
4733 2
13077 2
4736 2
12929 0
12930 2
12931 0
4740 0
12933 0
11713 2
4744 1
4748 1
12941 1
12942 2
577 1
4752 1
12945 2
12946 1
12947 1
15434 2
4757 2
12950 0
8069 2
18543 0
794 2
12958 0
4768 2
12961 2
12963 1
12966 3
12968 1
4777 1
890 1
12972 2
4783 0
4784 1
12980 0
17182 1
4790 1
12983 2
15708 2
12985 0
12986 2
4795 3
18436 2
14453 0
4801 1
12994 1
4803 3
4706 0
2166 1
4806 1
4807 1
4808 1
4809 2
4811 3
13004 2
4898 2
4814 2
4815 2
4816 1
4817 2
4818 0
8995 2
13014 2
4823 2
4824 2
804 3
4826 1
13019 2
6266 2
4831 1
13024 2
10363 0
4836 0
13029 3
13030 2
4839 0
4840 0
4843 2
13037 1
13039 0
13040 2
13041 2
13042 2
4851 2
4852 0
13045 1
4855 2
4856 1
13050 2
10367 1
13053 0
4862 1
4863 1
13056 0
9982 1
4866 0
13060 0
3542 0
4870 0
4908 1
15308 1
4878 0
18166 0
13075 2
13102 1
13078 0
13080 1
18564 0
6873 0
17199 2
4897 2
13090 2
13092 1
4901 0
13097 2
4888 2
13100 1
17257 0
4910 0
4911 2
4913 3
13107 0
13108 0
359 3
18569 1
4920 0
13114 2
13119 0
4929 0
4930 2
13123 2
4932 0
4933 0
13127 2
13128 1
4937 2
16804 3
14349 1
13133 2
4942 0
13135 2
13136 2
13112 1
13138 0
4947 0
4948 2
13142 1
13143 0
13146 0
4956 0
13150 3
13153 2
12728 2
9019 1
13156 0
5713 2
13158 1
13159 3
13160 1
15714 1
16618 2
13170 0
13172 0
13173 2
13174 0
18715 3
4986 2
9023 2
4989 0
4990 2
166 1
13184 1
13185 1
13188 0
4997 2
13190 3
13192 2
5001 2
13194 0
13195 0
13196 0
9026 2
7661 0
13200 0
2200 1
13202 1
13204 2
7662 0
13207 1
13208 2
13209 2
5020 2
5021 2
15365 1
5026 2
5030 2
5031 3
13224 3
13225 2
713 0
5035 2
13229 2
5098 0
13233 1
5047 0
13240 2
3572 1
5051 3
13244 2
18037 1
5054 1
18528 0
5057 3
13250 2
10534 2
14353 0
11766 0
10401 2
13256 1
17081 0
13259 2
13261 2
13262 2
5072 3
13266 1
5076 1
13134 1
17627 1
13271 1
13272 0
10404 2
5082 2
13275 2
13276 2
14501 0
17232 1
13283 2
5093 2
5095 2
13290 1
13292 0
5102 2
13295 1
13297 0
13298 1
5108 1
13301 2
13303 2
13304 2
5113 2
5115 1
10410 2
13311 2
5121 2
5122 2
5123 2
13317 0
7681 0
13320 2
10412 2
13322 2
13323 2
13324 2
525 0
13329 2
5138 0
13331 2
13332 2
6318 0
5143 1
5144 2
5145 2
2899 2
16811 2
5150 0
5627 1
13345 3
5154 2
5155 0
13348 1
13349 0
17244 0
13355 2
5167 1
13360 2
5171 1
8545 0
13366 0
13367 3
5176 1
10420 2
13370 0
5179 0
13372 1
13374 2
13376 3
5185 0
13378 2
5187 0
13380 2
18614 2
5191 2
13384 2
1302 1
5194 2
13387 1
5196 2
5197 3
7693 2
173 2
5202 3
13395 2
4890 2
5208 1
1810 3
5211 2
2234 2
5214 2
13410 1
13413 2
5222 0
2236 2
13420 3
13421 0
5811 2
6333 1
13427 2
6334 0
9065 2
5240 0
5242 2
13435 2
5244 0
6429 1
8358 0
13442 2
13444 1
5253 3
13446 3
5255 0
13448 0
13449 2
2630 1
13455 3
5264 3
13457 0
13458 0
13459 0
7891 2
7705 0
5272 0
15724 0
13466 1
17263 0
5276 2
5281 0
5285 2
5286 2
5287 2
16511 0
11804 1
5290 3
5291 0
5292 2
882 0
5294 2
11633 0
5297 0
5299 0
5301 0
13495 0
13497 1
5306 1
13499 1
14538 2
13503 2
13507 3
5317 0
13510 3
13511 2
13512 1
13513 0
5322 2
5323 2
5326 0
13519 2
13520 2
10543 2
7715 0
1672 3
13525 2
17273 2
5336 1
5339 1
5340 2
5341 1
13534 1
14908 1
5345 2
5349 2
13544 2
892 2
5358 1
13551 2
5362 2
3179 2
6998 2
13557 0
13559 2
5369 2
5372 2
13565 2
5374 1
6357 2
5376 2
9088 3
5378 2
13572 2
13573 2
13577 1
13578 2
13580 2
13581 0
13583 2
13586 0
13589 0
13590 2
5399 3
13593 1
5404 2
5405 2
13602 2
5411 2
13604 0
902 1
13607 2
13608 2
10460 1
903 0
13612 2
3634 3
13616 2
5425 0
14638 1
13621 2
13622 2
11092 3
5433 0
13626 3
5435 0
5436 3
5437 2
5441 2
13634 2
5444 2
13638 2
5447 0
5448 0
5453 2
13647 2
13651 0
910 1
4819 1
7737 1
13656 1
5465 2
13658 2
9103 2
13660 3
15930 2
4568 0
5476 0
2278 2
5478 0
1819 0
5481 0
1673 2
5483 1
13676 0
5010 0
8438 2
13680 0
5490 1
5491 2
13685 1
5495 3
5496 2
5497 2
5502 1
5503 1
13696 2
13697 2
14571 2
5513 2
13707 2
17096 1
7746 2
13710 2
5519 1
5524 2
2286 2
13718 2
7549 2
13720 2
3652 0
12530 1
13723 2
13727 1
5538 0
17307 2
5541 2
13734 1
13736 0
13737 2
5548 2
6386 1
13744 1
5553 2
18675 0
5556 1
926 3
13750 2
13754 2
5564 1
5567 2
9366 1
5573 0
13766 0
3968 3
5576 1
13769 0
5579 2
5580 1
5581 2
5583 2
14916 0
18735 0
5587 1
13780 1
13781 1
13782 2
18681 2
5592 3
5594 2
5595 0
5081 0
14586 2
13791 2
5461 2
7184 0
3665 0
5943 0
5610 2
5612 2
15954 1
13806 1
13808 2
5032 0
801 2
5619 1
13814 3
5623 0
5626 3
2303 0
5630 2
13825 0
13828 1
5637 1
13830 0
5639 2
13834 2
5643 3
5644 3
13838 1
5037 2
5648 1
5649 1
10294 1
5651 0
5652 0
13845 1
14100 0
5655 2
5657 1
5658 3
11866 0
2929 0
5664 2
5668 2
18694 2
5670 1
13864 2
13867 2
16283 0
5463 1
5685 2
5686 2
5687 2
462 3
5691 2
5697 2
5698 2
13893 1
11873 1
14604 2
13239 0
13900 0
5712 0
17336 2
13907 0
5716 0
13910 3
13911 2
5720 2
5722 0
5724 0
13917 2
5727 0
5729 0
13922 1
5732 0
17376 0
13927 1
5736 2
13929 1
5742 1
13245 2
3688 1
13938 2
10515 0
13246 2
13943 2
10516 3
13946 0
18502 3
9533 2
5761 1
11103 0
5765 2
961 1
2327 1
13965 0
15981 0
5776 2
5777 2
2657 0
15741 1
13978 2
5787 0
2330 0
5792 1
5793 1
13986 2
13987 2
5798 2
5800 1
13995 2
5804 1
13997 0
17924 0
10525 0
5809 2
5810 0
11891 3
5812 0
5813 2
10832 0
5819 1
5820 1
5821 2
14014 0
5823 2
14017 3
5829 1
5831 0
194 0
17356 2
5836 1
5837 0
14031 0
17824 0
5843 2
14036 1
5845 0
14038 2
14040 1
14041 2
14042 2
5851 3
5853 2
18725 1
14048 1
14049 1
5858 2
5859 2
5860 2
18726 1
5863 2
6439 2
5868 2
5869 2
5870 0
3709 2
4180 0
5873 1
15744 2
5879 2
5881 2
14077 3
9173 2
5891 0
14084 1
5893 1
5894 0
5895 2
5896 2
5898 0
16002 2
5903 2
8202 0
14098 2
5907 2
5908 1
18734 2
14103 1
5912 2
5913 1
14107 0
5921 1
5922 0
5925 2
5926 0
14119 1
470 1
15213 0
5930 2
14123 1
18201 1
5933 2
5935 0
14128 2
14130 1
14133 2
11913 1
14137 2
14138 1
14139 1
14140 2
14142 3
14144 2
10291 1
5381 2
15474 0
13281 0
14383 0
14157 2
5967 3
18228 2
5971 2
14166 2
14167 0
14168 1
5978 0
2362 2
5982 2
13285 2
1563 3
5985 2
10555 0
14180 1
5990 0
5992 1
10556 0
14186 2
13287 2
14189 0
14190 2
5999 2
14192 2
4513 0
4837 2
6004 0
14198 3
14201 0
6011 2
6012 0
6013 2
1564 1
7829 1
14209 0
14210 2
14211 0
14212 2
6022 2
10561 2
6024 2
6026 2
14221 0
14222 0
14228 0
14232 2
14233 0
5103 1
6044 3
14237 0
6047 2
14243 1
14244 2
6053 1
14246 2
6055 1
6057 2
14251 0
14253 2
13568 3
7837 3
14256 1
14257 1
14258 2
14259 1
6068 2
14261 0
14262 2
6071 2
6073 2
1013 2
14274 2
14277 2
14278 2
7841 3
14280 0
14281 2
2391 0
6094 2
14287 1
16297 0
14292 0
2382 0
14294 0
17401 3
6104 2
14297 2
6106 0
6108 2
9210 1
14302 2
6112 0
14307 2
6116 0
14309 0
14310 3
6119 1
14312 2
17404 1
6122 2
6123 2
14316 2
14317 0
10024 0
6128 2
6129 2
14322 2
14323 2
6132 2
9214 3
6134 1
6135 2
6137 1
6138 0
6139 0
6140 2
14335 2
14339 3
6151 2
14344 0
7852 3
14346 1
14347 2
6156 0
6157 0
6158 2
6161 1
6164 2
14357 2
11662 2
14360 1
6169 2
14363 1
6172 0
6173 0
6174 2
6175 1
6176 1
6177 1
6180 3
14374 0
14376 2
14378 0
14380 0
8935 2
1032 1
14386 2
6196 2
6197 1
14390 0
6753 0
6200 1
6201 2
14394 2
6204 2
6205 2
6206 2
6207 2
6209 2
14403 0
3751 1
14408 2
14409 2
14411 2
14413 2
14414 2
2403 1
14420 2
6229 1
6231 2
6232 2
6235 2
14429 1
14430 3
14433 2
4845 2
6244 2
14437 2
14439 2
1299 1
6250 2
6251 2
208 2
14447 0
14449 2
1845 0
15757 2
11072 1
14458 2
6267 2
17237 2
6269 1
6270 2
14463 1
14464 3
12567 1
14467 1
2412 0
6282 2
6284 0
6286 3
12595 2
6290 0
4438 3
14489 1
14490 2
14491 1
751 3
6302 0
6304 1
14498 2
6309 0
14502 1
14503 2
14504 2
6315 0
2938 2
14510 2
6319 1
14513 2
15759 3
756 0
6330 2
16041 1
6332 2
14525 1
14526 0
6338 1
16027 1
14533 2
6346 2
2388 2
6348 3
6349 2
14542 2
10616 1
14546 0
6355 3
6356 1
14549 2
6359 2
14552 2
6363 2
2256 0
6365 0
6367 2
6368 2
6370 2
10619 0
14565 1
14566 3
10011 1
6379 1
6380 0
16082 2
6383 1
6384 0
14578 1
6387 2
6390 2
14584 0
6393 2
7548 2
6396 0
5213 0
15358 2
1067 2
14721 0
6409 1
10579 2
6411 1
6412 2
2434 2
6414 2
14607 2
6416 3
7896 0
6419 2
3487 0
6421 1
13822 1
14617 2
6426 1
17455 0
6428 1
16090 1
14622 2
6431 1
13027 0
14625 2
14626 1
6438 0
14631 2
6440 1
14633 0
14634 0
14635 0
14391 0
6445 1
6446 2
2124 2
2440 2
13363 2
6452 1
8148 0
14647 2
14649 2
14651 2
6465 0
14658 1
14662 2
14664 1
7408 2
14666 2
6475 0
6478 3
14671 0
6480 2
13368 1
14674 2
14679 0
6488 2
14682 2
6495 0
18833 0
6505 0
2450 2
9534 0
6512 0
16104 0
14710 2
16105 0
8946 0
6522 2
6523 2
14716 1
6527 1
9280 1
10583 2
11391 0
14724 2
6533 0
13377 0
8936 1
14731 2
5186 0
14734 0
3821 2
1092 0
5401 2
2458 0
2946 2
4310 0
14756 0
7921 3
14761 1
13383 2
6573 0
16059 0
6575 2
6576 2
6577 1
14770 1
16115 2
14772 1
14773 0
6583 2
371 0
14779 2
6588 1
13386 1
6593 2
14787 0
6597 1
10657 0
6600 0
14793 1
6603 1
6604 2
6605 0
14800 2
14801 1
14803 2
14804 2
14805 2
6614 2
6616 1
14809 2
9373 3
14811 2
6621 2
6622 0
2469 0
6624 2
6626 3
14821 2
6631 2
6632 2
17406 2
14828 0
7586 3
14832 0
221 3
6646 1
6647 2
17492 1
6653 1
9301 0
6658 1
18859 1
6662 2
17407 2
2476 0
14858 2
14859 1
6668 0
5132 2
14863 1
17496 3
7939 2
14868 2
14869 1
6679 2
3154 3
6681 3
14874 2
14875 2
14876 2
14878 2
14879 2
8406 1
14768 0
12225 2
9307 2
6692 2
14885 1
14886 1
14888 2
6697 2
14892 1
6701 1
6702 1
6703 1
6704 1
6706 1
14899 1
14900 0
6709 0
14903 2
14904 2
10676 0
14906 2
9311 2
12647 1
14911 0
14913 2
14914 2
6723 1
6724 2
6725 0
1700 2
14920 0
14921 1
10679 2
14925 2
6738 0
14934 2
14935 2
14936 0
4682 2
12920 1
6747 2
6751 0
14945 1
13414 2
14952 1
14780 2
14954 2
6765 0
12524 1
6770 2
6772 1
14965 0
6775 0
7045 2
6778 1
14972 2
17514 2
6784 3
14978 3
6787 0
6788 1
14983 2
14984 0
6794 2
14066 3
6796 0
14989 0
14990 2
499 3
14993 0
8137 2
14996 2
6806 0
2453 0
6809 0
6810 1
15004 2
6813 1
14789 2
15008 2
15009 2
5137 1
7865 2
6828 1
17522 0
2173 1
14792 2
6834 0
209 2
6836 1
6837 1
6838 1
18504 1
9332 2
6842 3
6844 0
6845 0
6846 3
6847 0
16814 2
6849 0
15042 2
15043 2
6852 0
6853 0
15046 1
15048 2
15103 1
15051 2
6860 1
15053 2
15054 2
15055 2
6865 0
6867 1
6869 1
6871 0
12068 0
15066 2
6875 1
15068 2
15069 2
15070 2
6879 2
6880 1
6881 2
15074 0
15075 2
9593 2
6886 2
6887 1
15080 2
6776 2
6892 2
15085 2
15086 2
15087 2
6898 1
16626 2
15093 3
15094 2
15095 1
15096 3
1151 1
6908 2
15101 1
15102 1
10709 2
6912 2
6913 0
15107 1
15109 1
15110 1
15111 3
15112 1
6923 0
15116 2
15117 2
15119 0
15123 1
15124 3
6933 3
6617 2
15128 0
6937 0
15131 1
17013 2
15133 1
6943 2
15136 1
15137 3
6946 2
6619 2
15140 0
15141 1
15142 0
16871 0
15144 0
10716 1
15148 2
6957 1
5672 3
2525 1
17544 2
6964 1
6965 2
6967 2
15160 1
6969 0
15162 1
9354 1
10325 1
15167 2
14816 1
6978 0
6982 0
15175 1
6984 1
15177 2
15179 2
15181 1
6993 2
6994 1
2531 1
15188 0
15189 0
15190 0
15191 2
15192 0
15193 1
15194 2
15195 2
15197 2
7006 2
16824 0
7008 2
7009 2
7011 0
7012 0
15206 0
15208 2
15209 1
7018 1
7020 2
7021 3
15214 1
7023 1
15220 2
7029 0
14825 2
15225 1
7035 0
15228 0
7039 1
7040 0
7043 2
7044 3
15237 2
17147 0
15240 0
15241 2
7051 1
7052 1
15245 2
15246 0
7055 1
7056 2
15249 2
15252 1
10734 1
7062 0
7063 0
7064 2
16196 1
15259 0
9237 2
15261 2
16197 0
15264 2
6640 0
15266 1
4600 1
15272 0
7081 0
7086 0
15279 2
7088 0
15284 1
7093 0
15286 1
16201 1
1600 2
7097 2
7098 2
17567 3
15293 0
7103 2
15296 2
7105 1
15298 1
7109 0
15303 2
15304 2
15306 1
2551 0
7116 1
17570 2
7120 2
1187 2
15316 1
7125 0
2137 2
2553 1
7129 2
15775 0
7132 0
7134 1
7136 0
15329 2
7139 0
15332 1
7141 0
7142 1
7143 0
17423 3
9383 0
7148 0
14845 0
8967 1
17577 1
12159 0
7164 2
17578 2
7166 3
16213 0
15362 2
8022 0
7176 1
7179 3
15374 0
15375 1
4058 2
15377 2
14851 2
15380 1
15381 2
15383 2
15386 2
15388 0
5968 2
15393 2
15679 0
7205 1
4483 0
13489 0
7210 3
7212 2
15405 2
7214 2
7218 3
15411 0
15413 2
9396 1
7226 0
7227 2
7229 0
7230 2
15423 0
7235 2
15428 2
15429 2
7239 1
7240 3
14860 2
15244 0
7243 2
7246 2
15439 1
15440 1
15442 0
12877 2
8425 3
17594 1
7264 2
2576 0
15067 2
17595 2
15460 0
15461 0
15463 0
15471 1
15473 0
7282 2
15475 0
15477 2
15479 0
2580 2
16688 2
7295 2
15488 3
15491 1
15496 0
15497 0
14871 0
15500 2
17602 0
15503 2
15505 0
15506 1
7315 0
7316 2
15510 2
14873 2
15513 0
15514 0
15515 0
17429 0
15518 0
14015 0
7328 2
15521 2
15522 1
6683 2
15525 2
7335 0
7336 0
15530 0
15532 3
15533 2
15534 0
15539 0
4609 1
15541 2
15543 1
15544 1
6687 2
13514 2
15552 1
15555 1
15556 1
7365 0
15558 1
7367 2
15560 0
9420 1
15562 0
7372 2
15565 1
7374 3
13485 2
15570 0
6691 1
15573 0
15574 0
4088 0
7386 1
15579 2
7388 2
3962 0
15582 0
7391 1
15584 2
16525 0
8059 3
15589 2
5329 0
15594 3
15595 1
7405 2
17159 3
7410 2
15603 1
15605 1
2429 1
16255 0
15614 0
6521 0
15616 0
15617 2
17623 1
15628 3
7440 2
7442 2
15635 1
10798 0
15638 2
7447 2
15640 0
15641 0
7450 2
7452 2
15645 3
104 0
15647 1
7459 2
7460 2
15653 0
15654 2
15655 2
13532 0
2158 1
15662 0
15665 1
15669 1
15670 3
16265 1
13627 2
7481 1
15675 2
15676 0
16616 1
14901 0
7488 2
7489 2
11236 1
16267 2
15684 0
7494 1
15688 0
1741 3
10961 0
12173 0
6712 2
15699 1
15701 0
7510 0
15703 1
15704 0
15706 1
7516 2
15710 3
13541 2
6797 2
15713 2
7522 2
6715 2
7524 3
15717 0
12177 3
15721 2
15722 2
15723 0
7532 2
7533 0
15726 1
5352 1
7538 3
15731 1
10814 1
7542 2
7545 1
15738 2
15740 1
9450 3
7552 2
15746 0
3252 3
15748 2
15749 1
15750 0
7561 2
15754 0
12183 2
10818 0
7566 2
17645 0
15760 0
15761 2
15762 2
10819 2
8561 0
15765 2
15766 1
7575 2
15768 1
15769 2
9455 1
7580 2
15773 2
13307 1
10907 1
7585 2
15778 0
7587 0
4617 2
15781 1
15782 1
17649 1
7592 2
7593 2
15786 0
15787 3
15788 1
1266 0
15790 0
16285 0
17651 0
15798 1
2633 2
7608 0
9460 2
7611 1
7612 1
15805 2
7615 2
16288 1
7618 0
15811 2
15812 2
8725 1
12193 0
7624 3
8608 1
15820 1
7630 0
15823 0
15824 2
15825 0
7634 2
15827 3
7637 2
17657 0
15832 0
10831 2
18258 1
7646 2
7649 2
15842 0
7651 2
15845 2
9468 0
7659 1
15853 1
15854 1
15855 1
7664 3
7665 0
15859 1
15861 1
15863 2
11463 1
15866 1
7675 0
7676 0
7677 3
15871 1
15872 3
15873 0
7682 2
11167 1
15878 2
1281 0
15880 1
9474 1
7694 1
7695 2
7696 0
7699 2
15895 0
13654 3
1284 1
15898 2
7707 2
15900 2
15901 1
15902 1
17669 2
15906 2
15907 1
1286 2
4571 0
15916 0
7726 0
15919 0
7728 2
7732 1
207 2
15926 0
12212 1
7738 2
1290 1
17504 2
7747 2
7751 2
7752 1
16311 2
2658 2
17989 1
1293 3
15600 2
7762 1
10851 1
17678 1
7766 1
15959 1
15962 0
15963 2
7772 1
15965 3
7774 1
14949 0
7778 0
15972 0
7783 0
7784 0
15977 0
15979 1
15980 2
7789 2
7790 1
15983 2
15984 0
7795 0
7796 3
7798 1
1300 3
7802 0
7806 1
15999 1
16000 2
7810 1
16003 2
16004 0
16005 1
16321 0
16010 0
16011 1
16013 0
16900 2
14957 1
9496 2
16018 1
16021 0
7831 1
7832 3
1079 2
10863 0
8717 2
17690 1
7838 2
16032 1
16033 3
16034 2
16036 1
12230 1
7846 3
16039 2
7848 2
13596 2
4353 2
16045 3
16049 1
16050 3
16329 0
16056 1
16057 1
7866 2
17695 2
16060 2
16061 1
7871 0
16064 2
16066 1
4081 1
16068 2
16069 2
7878 0
16071 0
16073 1
14967 0
16081 2
7890 2
13603 0
7894 2
16087 2
16088 1
7897 2
7898 0
7901 0
7902 0
13605 2
7905 0
7906 2
7910 3
8145 1
7912 0
7913 1
16106 2
16107 0
16108 2
7917 2
16110 2
18084 0
16113 2
16114 2
12243 2
16116 1
7927 1
16120 1
7929 3
16123 1
7932 2
16125 2
16127 3
16129 1
16131 1
16133 1
16134 0
7945 2
16138 2
7947 2
7949 2
16143 2
16144 0
16145 0
7955 2
8721 2
7957 0
7963 2
16156 2
16157 2
7966 1
14177 2
7968 0
7970 1
16163 3
16164 1
7975 2
10887 2
4061 0
16176 0
7986 2
7988 2
16186 2
7995 2
16192 0
10632 1
14987 3
8004 2
5430 0
16200 0
8009 2
16202 0
16203 0
16204 1
4066 1
8014 2
16207 0
13624 1
12259 2
6798 1
16214 2
13625 0
6109 1
16217 2
14991 2
14838 1
16223 2
16477 2
16228 3
8038 1
16232 0
13628 1
3541 1
16235 1
8044 1
16238 3
1341 2
16240 1
266 2
2563 2
16245 1
8054 2
6961 1
17727 1
16252 1
8061 0
8179 2
8064 1
1344 0
8067 1
17181 2
16261 1
16263 2
8072 1
8073 2
16266 2
8075 2
8076 2
8079 0
16272 0
15000 0
8082 0
16276 1
12270 2
16279 0
16282 1
12271 0
16284 3
10906 2
8096 2
16289 1
9929 2
16291 2
16292 0
8101 1
16295 1
8105 2
6667 0
16301 1
16302 1
16304 2
15273 0
16306 1
16307 0
6272 3
8119 0
6815 0
16316 1
5946 0
16318 0
6816 1
12278 1
12711 2
16327 1
15001 1
17740 3
545 2
4087 0
16332 2
8325 2
8143 0
8144 1
16337 2
8146 2
16340 0
16342 2
8151 2
16344 2
8182 2
8156 1
16350 2
8455 0
8162 0
16356 0
15002 0
8188 2
8170 2
1362 0
16367 2
1636 0
1363 2
16373 1
16374 0
16375 0
16376 2
12384 1
16379 2
16380 0
8190 2
8191 0
