8192 2
16386 2
2455 2
8198 2
16393 2
16394 1
16396 1
16397 1
16398 0
8210 0
16404 3
16405 2
8214 1
16407 0
16388 2
8220 0
16414 2
16415 2
9563 0
8228 2
16422 2
16424 1
8234 2
16429 2
8238 0
16431 2
16433 2
52 1
16438 3
16439 1
16441 2
8250 1
16444 0
16445 2
62 2
16447 2
64 1
66 1
16451 0
16452 1
69 1
16456 2
8266 2
75 2
8268 2
8269 0
16463 0
80 1
8275 2
16468 2
8277 2
16470 1
88 2
16477 2
11239 2
16484 1
1383 2
111 3
17404 1
8307 2
16501 1
16502 0
16505 0
122 3
16509 1
4117 3
128 1
16513 1
16515 2
132 2
8325 2
16518 2
16519 0
16522 1
8331 2
140 3
144 2
145 2
147 0
148 1
151 1
157 0
158 3
11462 0
8354 1
163 2
8356 3
8358 0
8360 2
16412 0
6855 1
172 0
8365 1
175 3
8369 0
178 0
183 2
1396 2
186 2
187 1
6858 2
190 3
191 0
8385 0
8386 2
6859 1
197 2
200 0
201 1
202 2
203 0
208 2
8402 2
16419 1
15054 2
8407 2
16600 1
218 3
8412 1
8415 1
224 2
8418 2
1638 0
16612 1
16615 0
233 2
16619 0
236 0
8430 2
17789 1
8432 1
241 0
8434 0
8435 3
244 3
246 0
247 2
248 1
16633 0
8443 3
16636 2
16640 1
17792 0
261 2
16646 1
263 2
16648 0
4140 0
8461 3
8462 0
274 2
8473 2
8474 3
283 3
8491 3
8478 0
17797 3
288 3
16673 1
8482 0
8483 0
16677 2
8486 2
8241 2
296 0
16682 0
299 1
16684 2
303 2
16688 2
8502 1
16697 2
8506 1
8510 2
16703 3
320 3
1920 2
16707 0
324 1
8517 1
16711 0
328 0
16713 0
16714 0
332 2
8525 2
334 3
16719 2
8530 3
8531 1
16725 1
16732 1
349 1
2789 0
13712 0
8546 2
16740 0
8549 0
358 1
16743 2
360 2
365 2
8561 0
17743 2
9619 0
8564 2
16757 0
16759 1
16765 2
383 0
16771 0
388 1
13718 2
8583 3
8585 1
16781 0
400 0
13720 2
16786 1
16791 2
16792 0
410 2
8604 2
8610 1
8611 2
8612 0
8613 2
423 2
16809 0
16811 2
16812 2
8621 0
16817 1
16818 0
16819 2
16824 0
16825 1
443 0
444 2
74 0
446 2
8643 1
16836 1
16837 1
454 2
455 1
458 3
8651 0
461 2
464 2
466 3
467 1
6386 1
16854 2
8664 1
8665 2
16860 0
477 2
16866 1
8675 2
485 2
8679 2
9639 2
492 0
16878 0
16880 0
16882 3
16884 1
15102 1
504 3
8697 0
508 0
509 3
4181 0
8704 0
16898 2
16902 2
520 3
9019 1
522 3
524 2
11010 3
532 3
533 0
8726 2
8727 0
8728 2
538 0
16923 2
8732 1
541 2
16926 2
543 2
16928 2
16929 2
16930 2
16932 3
15110 1
551 1
552 1
16937 2
16938 0
16939 1
18022 1
558 1
560 1
16946 2
8756 2
565 1
1460 3
8764 1
8766 2
575 1
16960 1
577 1
8771 3
8772 0
16965 0
583 1
588 1
16973 0
16975 1
592 1
16980 2
4267 1
8790 0
9657 0
16984 1
8793 1
8794 1
8796 0
13754 2
606 0
8800 1
8801 0
8802 1
17851 1
16997 2
16998 1
8807 2
8808 0
8809 0
17002 1
8811 1
17004 1
17005 1
8814 2
8815 2
17008 2
4200 3
17015 0
17017 0
9663 2
8828 1
8830 0
8835 1
17028 0
8837 0
17030 1
9665 2
8841 2
17034 0
651 0
9666 1
654 0
658 0
17044 0
15129 1
664 0
17049 1
666 0
669 2
8862 2
674 0
17059 0
17062 0
6842 3
17065 0
17066 2
1479 3
17068 3
8877 1
688 0
115 1
17083 1
17084 1
701 2
704 0
17095 0
8904 1
8905 2
8906 2
17099 2
8908 3
717 0
8910 2
719 3
17104 0
721 0
1115 1
723 2
8916 2
1486 0
8921 2
731 0
8925 2
17118 2
17119 0
17121 2
742 0
8936 1
8938 2
17131 1
17132 1
749 0
2856 2
8946 0
17143 1
17144 3
8953 1
8954 2
17151 2
8960 0
17154 0
8963 2
5590 3
774 1
17159 3
8968 0
17161 2
782 3
17167 2
17168 2
17170 3
787 2
790 2
791 1
8984 1
17177 0
17178 2
8988 3
17181 2
8990 2
800 2
17185 0
8995 2
17188 2
134 0
11057 2
17192 0
17194 2
811 0
17197 0
18811 1
15155 0
17206 1
17208 0
9018 2
17211 1
8330 2
17215 0
9024 2
17220 1
17226 0
844 2
845 1
849 2
850 1
851 0
17236 3
17237 2
17238 1
17239 1
856 0
12431 3
17244 0
861 2
862 0
863 0
16528 1
17255 0
873 1
9067 2
17260 2
17261 0
17262 0
879 2
17265 2
883 1
9076 0
9079 1
9080 0
889 0
9082 2
892 2
9087 3
17280 1
9089 2
17283 0
9092 0
9093 1
17191 0
9095 2
904 1
17292 1
11074 2
910 1
9103 2
17300 1
918 0
9111 2
17307 2
17308 2
9117 2
17313 2
932 3
9127 2
936 3
17321 2
17324 2
9133 0
9136 2
9138 0
17331 1
9140 2
18828 1
9142 0
9144 3
17337 0
17339 1
17344 0
9852 0
9154 2
9157 3
9158 3
17351 1
10125 1
9162 1
17911 0
16546 0
17358 1
16672 0
17361 3
12451 1
17365 0
17378 3
17379 2
17381 2
15185 0
17384 0
17388 2
15186 1
17390 1
17391 0
1010 1
17395 2
17396 2
5630 2
9209 1
1020 0
1021 0
17407 2
9216 0
1025 2
9218 2
12459 1
1028 1
17414 0
9225 0
1034 2
1035 2
9228 2
17421 1
1038 0
9231 2
1040 0
17426 2
9236 1
9237 2
17431 3
1048 3
1540 1
17434 0
17435 3
17437 0
9246 0
17440 2
4272 1
17442 3
13830 0
12465 1
9256 1
9257 0
17450 1
16562 2
1071 1
9265 1
9266 3
9267 0
17460 1
17461 3
9270 2
9274 2
9275 2
9277 0
17472 0
1089 3
9282 3
17476 0
17477 1
9286 0
9287 0
17480 2
9289 3
1098 2
1101 1
9297 0
17491 2
1108 2
9301 0
185 2
9304 2
17499 2
9308 1
11109 2
17504 2
17505 0
17506 2
9316 0
17509 2
9318 0
9319 2
17512 1
9322 1
9323 0
9325 0
1135 2
17520 1
1137 0
17523 2
9333 3
17526 0
9338 2
17532 2
17533 3
17534 2
9343 2
1154 2
9347 1
1156 3
17541 1
17542 1
9351 3
9352 1
17549 1
17550 2
17553 2
17554 2
9363 1
17556 2
1173 2
1174 2
17559 2
17560 1
1178 0
7023 1
1180 1
5222 0
9375 0
17568 0
1186 0
1187 2
17573 1
9383 0
17576 1
17577 1
17578 2
3313 2
17581 1
17583 3
8392 2
9397 2
1206 2
17593 2
9402 2
17595 2
16586 2
17598 2
1218 2
17603 3
9412 1
1221 2
9414 0
9417 1
17610 2
17612 2
17613 0
9422 0
17616 0
9426 2
9427 2
9428 2
17623 1
1240 0
17628 2
9437 0
17631 0
17632 1
1251 1
1255 0
17640 1
17641 1
17642 1
17644 1
16594 2
1264 3
17649 1
1266 0
17652 1
9461 2
1270 0
9463 2
1275 0
17660 2
17663 1
17664 0
10681 0
17666 2
9475 1
9477 2
9479 2
1288 2
9481 2
9482 0
1292 2
1293 3
9486 3
17680 0
1297 0
1298 2
17683 0
9492 2
9494 1
17687 1
1304 2
17689 2
17692 3
17695 2
8227 2
11142 1
17969 0
1321 2
1323 0
1324 2
17710 2
1330 0
1331 1
1335 2
5684 3
1338 1
9531 2
1341 2
17726 2
17727 1
1349 0
9543 2
9865 3
17737 2
1354 1
1355 1
17740 3
1359 1
7683 2
9554 2
9555 1
12866 2
9557 1
1366 0
228 2
17755 0
17756 0
1375 2
17761 0
17762 2
1595 2
1381 2
17766 0
17767 1
1596 2
9578 1
11154 0
17774 1
17775 3
9584 0
17777 0
11155 0
9588 2
9611 2
3047 0
9596 0
9597 2
9599 0
1408 0
9601 2
17795 1
9605 1
1601 1
9610 2
17803 1
9612 0
9615 2
9618 0
9795 0
17814 2
9623 2
9625 0
1605 0
1440 2
17825 1
9635 2
17828 3
9637 1
1446 2
16625 0
17835 2
7069 0
17843 2
2410 2
10648 2
17846 0
8232 0
5777 2
1465 2
9658 2
1467 0
17852 2
17855 2
16143 2
17857 0
1474 2
1611 3
9668 1
9669 2
2977 0
9673 1
1482 1
17867 0
9676 2
1485 3
9678 3
17997 3
1488 1
9681 2
7637 2
9683 0
17876 0
1493 0
9690 2
9691 3
1500 3
9693 1
17887 2
9696 1
17889 0
16635 0
17895 0
9706 1
9707 1
9711 0
9712 2
17910 0
9719 1
9726 2
1538 2
17924 0
1542 2
9735 0
1548 2
12546 0
9742 1
1558 3
1559 0
9754 2
7087 1
17948 2
17949 2
16645 1
17952 2
17953 0
17955 2
17959 2
9768 2
9770 1
17964 0
9773 2
1583 2
264 0
17971 2
9781 1
1591 1
17977 2
17979 2
9788 0
1597 1
1599 0
1600 2
17985 2
1603 2
17989 1
1608 1
1610 1
17995 2
17996 1
1613 2
1616 0
18001 2
1618 1
9811 0
9814 0
11193 0
9817 2
18010 0
9820 0
18014 3
9826 2
16694 1
9829 2
9830 2
1639 2
1645 0
1646 0
18032 0
18033 0
18035 1
1652 2
18039 1
18041 0
1660 1
1661 1
1662 2
9857 0
1666 2
9859 2
1669 1
1671 1
18056 0
1673 2
1674 2
18062 2
1679 0
9876 0
9878 3
1688 0
1690 0
13532 0
9885 1
18078 2
7109 0
12571 1
9892 0
1701 2
1702 2
1703 1
18088 2
18091 2
9901 2
1710 0
9903 1
18096 2
1714 0
17515 3
1716 1
1717 2
1720 0
18036 2
1722 0
16671 1
18110 1
1729 1
9922 1
1732 2
289 2
15308 1
18123 2
1740 0
12578 0
18128 0
1747 0
18133 2
1750 1
18138 2
1756 0
1758 3
293 0
9953 0
1763 0
18148 0
1765 1
9958 0
1769 2
16679 1
18156 1
15314 0
18158 0
8488 2
18162 0
1779 0
18164 1
9854 1
18166 0
18167 1
1785 2
1788 2
9981 2
1790 2
18175 1
1792 0
18179 1
1799 2
1800 0
18185 0
18186 2
1803 0
18188 1
16706 1
9998 0
9999 2
1808 2
10001 0
10004 2
10006 0
1815 2
18201 1
10010 0
18203 2
1820 3
11226 2
18207 2
8496 2
1826 2
1827 2
10020 3
1830 0
18217 0
18218 2
18055 2
1836 1
10031 2
18225 2
10034 1
10035 2
1844 2
18230 0
1847 0
18232 2
10041 2
10043 1
1852 1
18237 1
10046 2
1855 2
1857 2
1858 1
1860 2
1861 0
10055 2
10056 2
1865 0
18250 2
4407 0
11234 1
5245 0
1872 0
18259 1
18260 1
10071 1
18264 1
1882 0
18267 2
1884 0
10077 1
15333 2
10080 2
10082 3
18275 1
18276 0
18279 1
10088 1
10089 2
18282 1
1899 0
18286 2
10096 0
10099 2
18292 0
1909 0
16976 1
10105 0
18298 2
319 2
10108 1
18301 2
1918 2
18304 0
1923 2
1925 3
1927 3
18312 1
12610 0
10127 1
6726 2
10132 1
10134 0
1944 0
16708 0
10140 2
10143 1
1958 0
10151 3
18344 2
1962 3
4423 2
1964 2
1965 2
16712 0
18354 0
1971 2
9886 0
18358 3
18361 3
1979 1
1980 0
18366 2
18372 1
1990 3
18375 1
1992 2
18378 1
18380 0
18383 2
18384 2
6886 2
2002 0
5687 2
10196 1
2005 1
18390 0
10201 1
2011 1
9887 3
18400 0
18401 1
10210 1
18404 2
2021 0
10214 0
679 0
18413 3
18414 3
18415 2
18419 1
18420 2
18421 3
18424 1
12628 1
18426 1
18427 3
10237 0
2047 2
18437 0
10253 2
10254 2
10256 0
18449 1
18452 2
2069 3
2072 2
2073 2
10222 2
2075 0
10269 0
10270 3
10271 0
10276 2
2086 0
10279 2
10280 2
10281 2
2091 2
2093 0
18479 0
10288 1
18483 2
10295 0
4980 1
10298 2
18491 0
2109 0
18494 1
2113 2
10306 1
18499 1
2116 2
10310 1
18504 1
2121 0
10315 0
10317 1
10318 1
18511 3
2128 1
2129 1
10324 1
2133 1
1721 2
13443 1
2138 2
10331 0
10332 1
10335 2
10337 2
10340 3
2150 2
2151 0
10344 1
18543 0
18544 0
16744 2
2163 1
10358 2
2167 0
2169 0
2171 0
10366 2
2176 2
5824 2
18564 0
2183 2
10377 2
18574 2
18579 2
2196 0
4462 2
10390 0
2200 1
2206 0
18592 0
10401 2
18594 2
2211 0
10407 2
10408 2
18603 0
10412 2
8562 1
2222 2
18609 0
18612 1
18613 3
18614 2
18615 1
18291 0
10426 1
2236 2
2239 2
2240 2
10433 2
2245 1
18631 0
18632 2
2249 1
2251 2
2254 2
18640 1
18641 2
18642 2
2260 2
18647 2
2264 2
18649 0
18651 1
18653 1
10464 1
10466 0
10467 2
11302 0
18662 2
10471 1
18664 0
18670 1
8573 1
10482 0
18675 0
10485 1
18678 0
18679 3
18682 1
18687 0
2304 0
12672 3
2306 1
18691 1
18692 2
2309 2
10502 2
2311 0
2312 2
10505 2
18700 2
10510 0
18706 2
387 0
2324 2
10517 1
2329 2
18714 1
18715 3
2333 2
10527 3
10528 3
2338 2
13759 0
18724 0
2343 1
10537 2
18734 2
14045 0
2352 3
2353 1
2356 2
2360 2
18746 2
10555 0
2364 2
18750 1
2367 0
2368 1
10563 2
2373 1
18760 3
2377 0
10572 3
10573 1
10574 2
10575 1
2385 2
18771 2
2388 2
18774 3
18775 1
18776 3
2393 3
10586 0
10589 2
4717 0
8592 2
10595 2
18788 1
18790 0
15083 0
18792 2
2409 2
10602 2
10606 1
10607 1
10609 0
10613 1
2422 1
10616 1
2426 1
2427 2
18812 2
10621 2
18814 2
2433 1
2434 2
18819 0
2436 0
2438 2
10632 1
2362 2
2444 1
10640 3
2450 2
18835 0
2452 2
18839 2
18840 2
2458 0
10652 1
2462 2
10660 2
18853 2
2471 3
2472 2
16796 3
2475 1
2476 0
2478 3
10672 2
2482 2
16995 1
2485 0
10679 2
17268 1
2491 0
10685 0
2498 2
2499 3
2500 2
1782 1
2502 1
2503 0
10696 2
10700 2
10702 2
10707 2
7246 2
2520 2
16804 3
10714 1
10715 1
2524 1
2526 1
2527 1
2532 0
2534 1
2536 0
2544 0
2545 3
2546 2
9982 1
10742 2
2553 1
2555 1
10748 2
2558 1
10753 2
10755 0
10757 2
2568 0
2569 2
2574 0
10767 0
10769 0
10771 1
2580 2
10773 1
10774 1
2583 3
17544 2
10780 0
10783 3
10784 0
10793 0
2605 0
10798 0
10799 1
4709 1
10802 0
8627 0
10805 0
2615 2
10809 1
10810 1
10812 1
2621 1
10814 1
10815 2
2624 2
2626 0
9995 2
10822 1
2631 1
2633 2
10826 0
2638 0
2639 0
2640 2
12728 2
10835 0
10838 1
2654 2
10849 0
10850 1
10853 2
17001 0
10856 2
2665 1
2669 1
2671 0
10864 2
10866 0
10870 2
10873 0
10876 0
10879 2
10881 2
9364 2
2691 0
10884 0
2702 2
10896 1
5912 2
2706 2
10900 1
10906 2
2715 2
10913 3
2722 1
10916 2
2726 1
7183 0
18204 2
2730 1
2739 2
2742 2
2749 3
10942 0
2751 0
10945 2
14549 2
2755 0
2758 2
5921 1
10954 0
2766 0
2769 0
16459 2
18211 1
10973 2
4457 2
8276 1
16658 0
18214 2
2791 2
2792 2
8658 0
10991 1
2800 2
2803 2
10996 1
7294 0
2806 3
2807 3
11002 3
11004 2
2818 0
11011 0
11012 2
2822 0
11015 2
14125 2
11029 0
18098 2
11034 2
5823 2
11038 2
2851 1
11045 2
2854 1
11048 0
2857 1
2858 1
11053 2
2863 0
11056 0
2865 3
11058 2
11059 0
11062 0
11063 0
11065 2
12767 3
15498 0
2880 2
2882 2
2883 0
2884 0
11078 2
11080 2
11082 2
2891 2
11084 3
2893 0
2894 3
11089 2
2900 1
11093 0
11094 1
11097 1
2911 2
11106 1
11107 1
2917 0
11111 3
18236 3
2923 1
2924 0
2925 2
11118 0
2928 1
2933 0
11127 1
11128 2
5503 1
11132 2
3020 3
2944 2
11138 2
3222 1
2950 2
2951 2
11144 1
8684 1
11149 0
2960 0
2962 0
2963 3
7221 0
11164 0
2973 2
11167 1
17557 3
496 2
2980 0
11173 1
2982 3
17830 3
2985 2
2986 0
11180 0
11181 1
11183 2
2992 2
3000 2
3001 2
11194 2
11196 0
1191 3
3566 1
3012 2
3013 1
3014 0
3016 1
11212 0
11214 2
11215 1
11220 1
16889 2
3034 2
3035 3
3037 0
11230 2
11231 0
3040 2
3042 2
11236 1
16741 2
3048 3
3049 2
3050 0
3052 1
11245 3
3057 0
3058 1
3060 1
11254 2
3063 0
11258 3
16469 1
1466 2
11559 2
3074 1
3076 2
11269 3
1166 2
11273 3
3070 2
3093 3
3094 2
11293 2
11294 3
3104 0
3105 1
5979 0
11300 2
3110 2
18269 2
11312 2
3122 3
3125 0
3129 3
1468 2
11327 2
1888 2
11331 3
3140 1
3141 2
11334 2
11335 2
11336 2
3145 3
11340 2
11343 2
3154 3
10083 2
11349 0
3160 0
1892 1
12815 3
11356 2
11358 0
11364 1
3177 3
924 1
11371 2
11372 0
11379 3
18281 0
9108 2
3197 0
11391 0
11393 2
11395 0
11397 2
3206 2
3207 2
3215 2
11408 2
3218 3
11414 1
11417 2
3227 3
3229 1
3230 1
11425 2
3237 1
11430 0
3239 0
14838 1
3242 3
3271 2
3244 0
3245 1
11438 2
16925 2
11441 3
3250 2
3251 0
3252 3
3253 1
3260 0
3263 2
544 2
11458 2
3270 1
11463 1
3275 1
11468 0
3278 3
11471 2
3281 3
3288 2
548 1
3294 0
18386 1
9460 2
11473 1
3305 1
3310 2
11504 3
8744 2
11510 2
12841 1
11840 0
5423 0
3324 2
8746 2
3327 0
11521 1
11531 1
3347 0
11540 2
3349 2
11544 2
3354 2
18309 1
11554 1
11557 2
12849 0
3368 1
3369 2
3370 1
11565 1
3375 2
2132 0
3377 2
3380 1
3382 0
16948 0
11578 1
3387 1
3393 1
11586 0
2303 0
3407 0
3409 0
3410 2
3412 2
8761 1
3416 0
11614 1
1205 1
3427 2
11622 0
3434 1
3435 3
3440 1
3441 1
3444 2
11638 2
11640 2
11641 2
12663 2
11658 0
11661 2
11662 2
11673 1
11674 0
11677 2
11678 0
3312 0
3492 0
12870 1
3495 2
15602 2
3502 2
14237 0
11696 2
11697 0
11698 3
11705 0
3515 1
3517 1
15605 1
3520 2
3521 2
8028 3
8780 1
18121 1
11724 2
3320 2
3541 1
11738 1
11739 1
11741 1
11742 0
17849 2
3556 0
3557 2
11752 0
3564 3
11758 2
3568 0
3572 1
11766 0
596 1
11773 2
11774 1
11776 2
3585 2
11779 0
11780 3
3329 0
18348 1
3595 0
11789 2
11790 3
11795 3
8480 1
6062 3
7428 1
11802 0
3611 3
16986 0
11808 1
3619 2
3621 2
11815 1
604 3
11820 3
11821 1
11822 0
16989 1
11825 2
3634 3
11831 1
11833 1
11836 0
11838 2
11839 3
3648 0
11841 2
3650 2
11843 2
11844 2
3654 0
3655 1
11849 0
11851 1
3660 3
11854 0
11856 3
3665 0
3666 0
611 1
11863 1
11865 0
3675 1
11871 2
11873 1
11874 1
11875 0
11877 2
11879 2
3688 1
3689 1
3690 2
11884 2
3694 1
3696 0
3703 2
11897 0
3706 2
14100 0
12906 2
11902 2
11905 3
7446 2
11910 0
11913 1
11916 0
3727 2
3730 2
622 0
11926 0
3740 0
3745 2
3747 1
11941 2
11944 2
15644 1
3765 2
3768 0
3770 2
11963 2
3779 1
3784 2
10188 0
12919 1
3790 2
12920 1
4729 2
11999 2
3811 2
3812 3
3813 0
12006 0
636 2
3819 0
12013 2
17022 0
12025 0
3834 2
12032 2
12037 2
12040 0
3849 0
12043 0
3862 2
2009 0
6106 0
12933 0
3876 2
12069 1
8858 2
3879 2
3880 0
3881 0
12074 2
3887 2
3889 2
12084 1
3897 0
8842 2
12097 1
12099 1
12100 2
12103 3
14042 2
4748 1
12108 2
12109 2
12110 2
3924 3
3926 0
10212 0
12122 3
12192 0
10213 2
17589 0
12130 2
12136 2
12139 2
17042 2
3950 0
2517 0
3956 1
3958 2
12154 0
12157 3
12158 2
3968 3
12164 0
3974 3
12167 1
3978 2
10392 2
3983 2
3984 1
3985 2
3986 0
12180 1
12181 1
665 1
12184 2
638 0
4762 0
4000 0
4001 1
4003 1
12196 3
16557 2
12205 1
12206 1
12207 2
4016 1
12209 2
4019 1
4766 1
4027 0
4030 1
12224 3
4034 2
4036 1
4037 3
4038 0
4043 2
4048 0
675 0
4052 1
4058 2
15138 0
12252 2
12253 0
4063 2
12257 0
12258 2
12260 1
8046 0
12262 2
4071 0
12265 1
4074 1
8871 2
12268 2
12269 3
12272 2
12277 0
4777 1
4088 0
12285 0
2864 2
12288 0
4101 3
4106 2
12300 2
685 1
12304 0
4113 1
12306 2
4115 0
12309 0
12312 0
12314 2
4124 2
4126 0
12324 2
12330 1
12331 2
12332 2
4143 0
4144 0
4146 0
3422 1
4151 2
12344 2
14050 1
12348 1
12981 1
4164 0
12360 1
12363 3
3685 2
4176 3
4177 2
12370 2
4180 0
18446 2
9084 1
12375 1
12377 2
12379 1
12387 2
12390 2
6161 1
12392 1
4201 2
4206 3
4208 2
4209 3
12402 1
4211 3
4214 0
15721 2
4217 3
4221 2
4222 2
4505 0
4225 2
4227 2
12423 2
12425 1
12426 0
12427 2
12429 0
4238 0
4239 0
12432 2
12433 2
4245 2
4249 1
12446 0
4256 2
18459 2
4262 2
11633 0
14364 1
12999 1
4270 0
12464 0
4273 0
12466 1
12470 2
13001 1
4280 1
11636 1
14367 1
8326 2
12480 2
12481 0
12486 2
12488 0
4298 0
4301 1
4302 1
12495 2
12496 1
12498 2
12502 2
4312 2
4508 2
13007 1
4316 1
12509 2
4318 2
4319 0
12513 2
12514 0
4323 2
4325 2
4327 1
12521 2
4332 2
17106 0
12526 1
4335 2
12530 1
4342 2
12539 2
12540 0
12541 1
8917 1
4352 3
4354 2
10283 2
4822 0
4359 2
12552 2
6188 2
12554 3
12556 0
12559 1
4368 1
4370 1
4371 2
17113 1
4376 3
10287 2
12573 0
4383 2
4385 1
4386 3
4387 3
12584 2
12585 0
12589 1
4829 0
12594 1
4405 2
12598 1
15753 0
3466 2
4414 2
16241 0
4418 0
4421 0
12614 1
12615 2
4425 2
420 1
12620 3
3469 1
4436 2
4439 2
12635 0
12636 0
12638 2
4447 3
12642 0
12643 1
12646 3
12647 1
12648 2
421 0
4458 2
4461 0
12654 0
12656 0
4465 0
12660 2
12662 1
4471 1
4472 2
4474 0
4475 0
12668 2
12697 0
4484 1
12678 1
18497 0
10515 0
12686 2
8941 2
4496 1
4498 2
12692 2
4501 0
12695 3
10308 0
12698 2
12700 1
4511 1
4512 0
4517 1
4518 1
12711 2
4523 2
12717 1
12718 1
4528 2
4529 2
12723 0
4532 1
12725 0
4534 1
12727 1
4536 0
4537 2
12730 1
12732 1
12733 1
12734 0
7789 2
12737 1
4546 1
12739 2
4552 1
13047 0
12748 2
7586 3
12750 2
4559 3
4561 3
12754 2
12755 0
6153 0
12757 2
4566 2
12760 0
12761 2
12762 3
4571 0
12764 0
12765 2
4574 3
15781 1
18512 3
4583 1
4584 0
4589 2
12782 0
4592 0
4593 2
12786 0
4595 1
12790 0
12792 1
18516 2
12795 0
4605 2
4608 0
4610 1
4615 0
8337 0
12809 1
12811 2
4621 2
3501 1
12817 1
4630 0
4631 0
4632 2
3503 2
12828 0
427 2
1791 3
12832 1
4642 0
4645 0
4647 0
4648 1
4649 3
4651 0
4653 0
4654 1
12847 2
4656 1
776 3
4658 2
4659 2
12852 2
4661 0
4662 0
4663 0
4664 0
428 2
12861 2
12862 2
4671 0
12865 2
4674 1
4678 1
12872 2
12875 0
12877 2
4686 2
4688 1
12882 2
4693 2
12898 1
4707 2
4708 1
18534 2
12902 1
12905 3
4714 1
786 0
4719 0
4721 2
12915 0
4724 2
4726 1
4727 1
4728 2
4884 0
4732 0
4733 2
4736 2
12930 2
4741 1
12934 0
4744 1
12940 0
12941 1
4750 0
12943 2
4752 1
4753 2
12946 1
4757 2
12951 0
4761 0
12954 0
10351 2
12956 2
8986 2
12958 0
12960 2
12961 2
12963 1
12964 2
4776 2
17180 2
12971 1
12972 2
4781 1
4784 1
18524 1
15435 1
18547 0
4789 3
12984 2
4793 1
12986 2
12987 1
12988 1
12990 3
17184 1
12998 1
4807 1
4809 2
4811 3
4813 1
4814 2
4815 2
4819 1
13014 2
13015 1
13017 1
4826 1
4827 1
13021 0
4830 0
13027 0
13030 2
4839 0
4840 0
13034 0
4843 2
4844 1
6269 1
13041 2
4850 0
13043 2
13045 1
13046 0
4855 2
4856 1
13053 0
13055 1
13056 0
4866 0
13059 3
13060 0
4870 0
2177 1
4877 2
4878 0
9005 3
13076 3
13077 2
13078 0
10372 1
8619 3
4898 2
4901 0
13096 2
13097 2
18567 3
17257 0
4910 0
13107 0
13108 0
4918 2
13116 0
4928 0
4929 0
13123 2
9014 3
4937 2
13131 2
13135 2
13139 0
4948 2
13150 3
16406 0
4962 0
4963 3
4971 2
13165 1
711 3
829 1
13172 0
4981 2
13174 0
13176 0
4985 1
4986 2
4988 0
4990 2
832 2
4997 2
14351 3
13196 0
5005 3
13200 0
13201 2
5011 3
13204 2
5013 3
5015 3
13208 2
13209 2
13210 2
13213 0
13214 1
5024 2
5025 2
5026 2
13220 2
5030 2
5623 0
5033 3
13226 0
13229 2
13237 1
13129 2
11764 2
5051 3
13245 2
5054 1
5057 3
5060 3
18593 2
13256 1
4533 0
13259 2
5072 3
13266 1
13268 1
5079 3
13272 0
13273 1
5082 2
13275 2
13276 2
13277 2
5086 1
14501 0
5088 1
13281 0
13282 2
5093 2
5095 2
13289 2
13290 1
13292 0
13293 1
13295 1
13296 1
18600 2
5108 1
13301 2
13303 2
852 2
5118 0
5121 2
5123 2
13317 0
5126 0
13319 0
12173 0
18604 2
15874 3
13329 2
13330 0
13331 2
6318 0
13334 0
5143 1
13336 0
13337 2
13340 2
15877 0
13345 3
13346 2
5155 0
13348 1
13356 2
5165 0
13358 1
13360 2
2627 2
5171 1
9054 0
13366 0
5179 0
13377 0
5186 0
11787 1
13381 0
13384 2
13387 1
5196 2
7693 2
13392 0
7823 2
5202 3
5203 2
5205 0
5206 1
5210 3
5211 2
5212 1
5213 0
5214 2
5217 0
5219 1
13413 2
13414 2
14524 1
13418 1
13419 1
5229 2
5230 0
13427 2
13428 3
5239 0
5244 0
10813 0
5247 2
5251 2
5254 0
5255 0
13448 0
15895 0
13453 1
5264 3
5265 2
13458 0
13459 0
13461 0
7891 2
15897 0
5272 0
17263 0
5277 0
5284 0
5285 2
5287 2
18475 0
15900 2
5290 3
5292 2
13485 2
5297 0
9075 2
5302 0
10441 2
13497 1
5306 1
5307 0
13501 1
13504 2
5318 0
13513 0
13514 2
11811 2
13526 1
17273 2
5336 1
5337 1
13530 0
5339 1
5340 2
5345 2
5348 3
5351 0
17276 0
5357 1
13551 2
13552 2
5362 2
9453 3
13556 0
13560 0
5369 2
5686 2
5373 1
5374 1
13567 3
13568 3
9088 3
5378 2
13572 2
5381 2
5384 0
13577 1
13578 2
13580 2
13581 0
10456 1
13586 0
13590 2
5399 3
900 1
11823 1
5405 2
10000 0
13600 1
13602 2
5411 2
13607 2
13608 2
5417 3
903 0
5421 2
13614 2
14557 1
13616 2
17288 1
13621 2
13622 2
13626 3
13627 2
5436 3
5437 2
5440 0
2272 0
5444 2
13638 2
9100 2
13642 1
3639 2
14562 1
13197 0
13650 3
13651 0
13654 3
5464 2
13659 1
5469 1
5476 0
2278 2
5478 0
5481 0
13676 0
5486 2
13680 0
2280 1
5490 1
13683 1
5493 2
5495 3
5496 2
5497 2
5498 2
5499 2
13695 2
13696 2
13697 2
13702 2
13704 2
5513 2
5514 0
17303 0
13710 2
5520 0
10478 2
5526 0
5528 0
3652 0
13723 2
5018 1
13726 2
13727 1
13005 1
13734 1
13278 2
13737 2
7751 2
13741 2
13742 2
10483 0
5556 1
13750 2
5562 1
5564 1
5567 2
5568 3
3659 0
13764 2
10486 2
13768 3
13769 0
5580 1
5581 2
5583 2
5587 1
13781 1
13782 2
4347 3
5595 0
13789 3
11857 0
5612 2
5619 1
9129 2
13817 1
5627 1
13822 1
13827 0
13828 1
5637 1
5638 0
5639 2
5641 0
13834 2
3671 2
13836 2
10498 2
13838 1
5648 1
15191 2
13843 0
5654 2
14596 1
13851 0
5661 1
5664 2
5666 0
18694 2
5670 1
5672 3
5673 3
2371 2
13867 2
17330 3
13871 1
13873 2
5682 3
947 2
13876 0
13878 1
13879 2
14374 0
13884 2
5699 0
13898 3
13900 0
3682 2
13902 0
5712 0
952 1
5714 0
5716 0
953 2
13914 3
13915 3
13916 2
13917 2
5727 0
13921 1
5732 0
13925 0
13927 1
13930 1
17987 0
13933 0
5743 1
11880 1
5747 0
13941 0
13943 2
10516 3
13946 0
18502 3
5758 2
13954 1
13959 1
13965 0
5375 2
5776 2
14616 0
5782 0
5785 2
13978 2
5787 0
5792 1
10523 2
13988 0
5798 2
5800 1
13993 2
5803 1
13997 0
5806 0
14003 2
5814 2
17354 3
5822 1
14015 0
14016 3
5067 2
5831 0
5841 1
14034 0
14036 1
5845 0
3705 0
5850 2
5851 3
5853 2
14046 0
5858 2
5859 2
5860 2
5863 2
6439 2
14060 2
5870 0
15997 1
14064 0
14066 3
5879 2
14634 0
14078 1
14084 1
5894 0
14091 0
16002 2
5904 2
5907 2
5908 1
5909 3
14103 1
14104 1
14107 0
14109 3
10544 0
5922 0
14116 1
5925 2
14119 1
14120 2
14123 1
5933 2
14128 2
14129 1
14130 1
14133 2
5943 0
14137 2
14138 1
14139 1
5948 2
1562 0
5965 2
5966 2
14648 0
14163 0
1290 1
14171 0
10554 2
5982 2
5985 2
5987 1
14180 1
5989 2
14879 2
18748 2
14189 0
14192 2
6002 1
6004 0
10559 2
6013 2
14209 0
6018 1
14211 0
14212 2
6021 2
6022 2
14216 2
14217 2
14222 0
14224 1
14227 1
1006 0
14233 0
6044 3
6045 1
14238 1
14239 0
14240 1
14242 0
14243 1
6053 1
6055 1
14251 0
14254 2
14255 0
10319 3
6067 2
14261 0
14264 2
5109 1
14274 2
6089 3
6094 2
14287 1
14293 0
6102 2
1017 1
14298 1
14302 2
6118 1
6120 2
9212 1
6122 2
11115 2
6124 0
14317 0
14322 2
11192 2
6132 2
6136 2
6138 0
6139 0
6140 2
14335 2
14336 1
6145 2
6146 3
10461 2
6152 3
14345 3
6154 2
14347 2
6157 0
6159 2
14352 2
14353 0
14355 2
6164 2
14360 1
6172 0
6173 0
6174 2
6175 1
6176 1
14369 2
14371 1
6182 0
14380 0
6191 1
6193 3
6196 2
6200 1
6201 2
14394 2
9226 3
6206 2
6207 2
14402 0
14403 0
14408 2
14413 2
14414 2
1037 3
14417 0
2403 1
14420 2
9230 0
6231 2
14425 2
6235 2
4572 0
7866 2
14430 3
14433 2
1026 2
6243 0
14437 2
14440 0
6250 2
6251 2
6253 2
6255 2
6260 1
14453 0
14455 0
4573 1
6267 2
14461 0
6270 2
14464 3
6276 1
6284 0
6286 3
17336 2
17432 2
14488 3
18799 3
14494 0
16069 2
6307 1
6309 0
6310 1
14504 2
6315 0
14510 2
14512 1
6324 1
6332 2
6333 1
14533 2
14535 1
14538 2
14540 1
6349 2
14546 0
6355 3
6357 2
5156 0
6363 2
6364 1
6365 0
14559 2
6370 2
14563 1
6378 1
6379 1
14572 0
18813 1
6385 2
14578 1
6387 2
6389 1
6390 2
14583 0
6393 2
14586 2
6398 3
14591 2
6404 0
6405 1
14599 3
14604 2
5669 1
6418 0
4851 2
6424 0
14617 2
6426 1
6427 2
6429 1
14624 1
14626 1
14631 2
14632 2
14633 0
6442 1
14635 0
6445 1
6446 2
6448 1
14644 1
6456 1
14651 2
6462 0
6465 0
17462 0
14662 2
14664 1
6473 2
14666 2
6475 0
6479 0
4853 0
10036 2
6488 2
14682 2
6495 0
14690 2
1898 3
6505 0
14699 0
2126 0
17645 0
7912 0
6521 0
6522 2
6523 2
6527 1
14724 2
5185 0
14730 1
14731 2
14732 2
16039 2
14736 2
14737 2
14743 2
14745 3
14746 2
14751 2
6563 3
1462 1
10156 1
14761 1
14764 1
6573 0
14766 1
14768 0
14778 2
14779 2
6588 1
14782 2
6591 2
6594 3
14787 0
14791 2
6600 0
14793 1
6603 1
6608 2
14801 1
5063 2
14804 2
6614 2
6616 1
18852 0
6619 2
6621 2
6622 0
2469 0
6625 2
6631 2
14826 2
14829 2
14832 0
6646 1
6647 2
15131 1
6652 3
14845 0
14849 2
6662 2
10668 2
1299 1
14864 2
6674 1
6675 3
14868 2
6679 2
14873 2
14874 2
6683 2
14877 2
14878 2
6687 2
14880 2
6689 2
6690 1
9307 2
6692 2
6695 3
6697 2
6701 1
6702 1
6703 1
6704 1
6706 1
14899 1
6708 1
6709 0
6710 1
14903 2
14904 2
9312 2
6723 1
14916 0
2406 1
14918 3
2487 2
6734 3
6737 1
6740 1
2489 3
14393 2
6747 2
14941 1
6751 0
6753 0
14949 0
6759 2
6760 0
14954 2
14959 0
14965 0
14966 0
14967 0
14972 2
17514 2
6787 0
6788 1
14983 2
6794 2
14988 1
14786 0
6798 1
14993 0
6803 1
14996 2
15000 0
6809 0
15002 0
6811 1
15004 2
6813 1
2501 1
15009 2
6823 0
15017 1
500 2
6835 1
6837 1
6841 2
15034 2
15035 3
6845 0
15039 2
6851 1
15044 1
6853 0
16161 2
15050 2
15051 2
6860 1
6861 0
9346 2
15055 2
9503 2
6867 1
6871 0
15067 2
15070 2
620 3
15072 0
6881 2
15078 2
6887 1
15080 2
6889 3
6890 1
7975 2
6892 2
15087 2
6896 1
12430 1
1150 2
12073 1
6905 1
6907 2
6908 2
16170 1
6910 2
8959 0
6912 2
15107 1
15109 1
9232 2
15111 3
15114 2
6923 0
15117 2
6926 3
14808 2
15123 1
6932 0
6933 3
6617 2
6937 0
6939 2
6941 0
15135 2
15137 3
6946 2
14811 2
6948 0
13446 3
15144 0
15145 0
6958 2
15151 3
6961 1
6963 2
15156 3
6965 2
6967 2
15160 1
15162 1
4051 1
15167 2
6976 2
6980 1
15175 1
6984 1
15177 2
15184 0
6993 2
6994 1
15189 0
12089 1
15194 2
7006 2
7008 2
15201 3
15202 2
7012 0
7016 2
7018 1
15215 0
7026 0
15219 0
15220 2
5144 2
15225 1
15228 0
7038 0
7039 1
15232 1
7044 3
15241 2
7052 1
15245 2
7055 1
7056 2
13464 3
7060 0
7061 2
7062 0
7063 0
10328 2
15258 1
15259 0
7068 1
15261 2
15264 2
7073 2
15266 1
7076 1
15270 0
7082 0
7084 1
15277 1
12511 0
15279 2
7088 0
15282 2
15284 1
7098 2
7099 3
15292 1
8010 1
10741 1
15296 2
15301 2
7110 2
7116 1
15311 2
7120 2
7122 2
15316 1
8014 2
15319 0
7129 2
15324 1
13477 2
15328 3
15329 2
7139 0
7141 0
15339 3
15344 3
9384 3
7158 2
7160 3
7164 2
7166 3
7169 1
15363 2
8022 0
15374 0
15375 1
15376 3
2563 2
7189 2
15383 2
15384 0
15388 0
15395 0
7205 1
15401 0
13305 2
15405 2
7214 2
15409 2
15411 0
15413 2
15414 3
15417 2
7228 1
15423 0
11232 0
13494 3
7243 2
7244 0
15438 0
15439 1
15440 1
15442 0
15448 2
15457 2
13499 1
15461 0
7271 1
14866 0
15471 1
7280 0
15473 0
2152 2
15482 1
15486 2
7295 2
15488 3
15491 1
15496 0
7306 2
10961 0
9410 2
15503 2
4904 0
15505 0
15506 1
9411 2
15509 1
15510 2
15511 0
15513 0
15514 0
15517 1
17605 1
15521 2
15522 1
5154 2
7332 2
7335 0
7336 0
15529 0
15531 0
15534 0
15539 0
7349 2
15543 1
9792 2
2591 0
9418 1
7358 0
15552 1
11429 0
7363 0
14157 2
7367 2
15561 1
15563 0
7372 2
15565 1
3246 2
15570 0
15574 0
7386 1
7388 2
3962 0
15584 2
7405 2
7407 2
7410 2
15603 1
7413 1
15606 2
17620 0
7421 0
17780 1
15616 0
7425 3
15619 0
2975 1
9249 0
7440 2
13528 2
7444 0
15638 2
7447 2
15640 0
7450 2
7452 2
5338 0
16261 1
15649 3
15654 2
7463 0
15657 2
15658 2
3975 0
15661 1
7472 3
15667 2
15668 1
15670 3
15671 0
7481 1
15676 0
14901 0
7488 2
7489 2
15684 0
15687 1
7496 0
15693 0
15695 0
15696 0
15701 0
7510 0
15704 0
15705 1
15706 1
15710 3
15711 2
7522 2
15718 0
7529 2
15722 2
17639 1
15726 1
15727 0
15729 1
15730 1
7540 0
15734 2
7544 2
15738 2
15741 1
15744 2
15746 0
7555 0
15748 2
15749 1
15750 0
15752 1
7561 2
8087 0
15758 2
7567 2
15760 0
15761 2
10819 2
15764 0
15765 2
15769 2
8805 2
7579 1
7580 2
7581 0
15775 0
15776 2
9527 1
15778 0
15780 0
7589 0
15785 0
15787 3
15788 1
17650 1
3997 2
15794 1
7603 2
15798 1
10825 0
7609 2
10619 0
8096 2
7618 0
9462 2
7622 0
15816 2
15818 2
10830 1
7640 3
7645 0
7649 2
15842 0
7651 2
15847 1
7661 0
7662 0
15856 0
7665 0
7667 1
7670 3
8105 2
7672 3
7675 0
15868 2
801 2
15871 1
7682 2
15875 1
15876 0
7685 2
15878 2
15880 1
15883 0
1282 0
7694 1
7695 2
15890 2
7699 2
1415 2
7703 3
15896 1
7705 0
15898 2
7708 1
7709 3
15902 1
7714 0
7715 0
7716 0
15910 1
15911 3
7720 0
7734 2
7737 1
7739 0
17674 2
7746 2
7748 2
14945 1
7753 3
7754 1
17678 1
7766 1
15959 1
15963 2
15967 0
14989 0
7779 2
7787 1
17682 0
15983 2
15984 0
7794 2
7795 0
17684 2
17445 2
8999 0
15999 1
16000 2
7810 1
7814 1
16321 0
16008 0
7819 3
7820 2
16014 2
16015 1
7825 0
16018 1
7828 3
16023 1
7839 2
16032 1
16034 2
7844 0
8134 3
4362 0
16043 2
7852 3
16045 3
7855 3
16049 1
16050 3
7860 0
7864 3
16057 1
16058 0
16059 0
16060 2
16061 1
7870 3
16064 2
16066 1
12235 0
6774 0
16075 1
7885 3
808 2
16081 2
7890 2
13603 0
16088 1
7898 0
16091 2
7900 2
7901 0
16095 1
7906 2
6810 1
16337 2
16104 0
5415 0
16110 2
7921 3
16115 2
7924 3
16117 2
10084 1
7932 2
16125 2
7935 2
3265 0
7947 2
16141 1
16142 1
13613 0
16144 0
16145 0
7955 2
5422 2
16153 0
7962 0
16155 1
16156 2
7966 1
5424 0
7970 1
16167 0
7978 0
16176 0
7986 2
16179 3
16180 0
16183 2
16184 2
16186 2
16187 1
16188 3
16189 0
7998 3
7999 2
16192 0
16200 0
8009 2
16202 0
17719 1
8012 0
16206 0
16207 0
16214 2
16218 2
16220 2
16224 2
16226 0
17723 1
10897 3
16234 2
16235 1
16238 3
16362 2
16243 1
16245 1
8054 2
16247 0
18057 2
8059 3
6815 0
16253 2
8069 2
8071 0
16265 1
16266 2
16269 2
16272 0
8082 0
15001 1
18000 0
16282 1
16283 0
2714 0
16288 1
17182 1
10907 1
16292 0
8101 1
16294 3
16297 0
16301 1
16304 2
8113 3
16306 1
16307 0
8116 2
8119 0
16314 0
8123 0
8128 2
8129 2
16325 0
10747 3
545 2
4087 0
16332 2
16333 1
8142 3
8144 1
16376 2
16339 0
8148 0
8150 0
16345 1
8154 3
8155 1
8156 1
16352 0
16358 2
8167 0
8168 2
8170 2
8173 0
16369 0
8181 3
8182 2
8184 2
16381 1
8190 2
16383 1
