8192 2
0 0
16386 2
16387 2
16388 2
8197 2
16385 2
8202 0
16396 1
16397 1
16401 2
16402 1
546 1
16404 3
16405 2
16407 0
8219 2
16412 0
9821 2
16415 2
8227 2
16422 2
16423 0
8232 0
16425 0
274 2
8237 2
16430 2
16433 2
18278 1
9549 2
8247 1
16440 2
16443 2
16445 2
18713 1
65 1
66 1
16452 1
69 1
8262 2
16456 2
73 2
74 0
76 2
16461 2
78 1
79 3
16464 1
8275 2
8276 1
8277 2
8278 2
88 2
13668 3
6383 1
16477 2
8288 2
16484 1
8293 1
102 1
8295 2
106 1
8299 1
12306 2
16494 0
8303 2
113 2
8312 1
8212 0
122 3
16507 1
16509 1
126 2
127 1
129 3
8322 2
16516 1
133 2
135 1
136 0
16521 0
16522 1
8331 2
8334 0
18281 0
144 2
15363 2
15043 2
148 1
151 1
1096 1
8345 3
16540 2
16542 0
8351 1
161 0
162 2
16411 1
8356 3
8358 0
17777 0
8361 2
173 2
175 3
8368 1
177 1
180 3
16414 2
183 2
16568 1
8377 1
8223 0
16572 3
279 0
193 1
195 2
16580 0
197 2
200 0
201 1
202 2
8396 0
16590 3
208 2
8401 2
8402 2
16419 1
16598 2
16600 1
218 3
8412 1
16605 2
223 2
224 2
8418 2
16612 1
233 2
16618 2
236 0
8430 2
9597 2
240 1
16625 0
16631 0
248 1
16638 0
16639 1
261 2
16646 1
8455 0
16648 0
16650 0
16652 0
8461 3
271 2
8465 0
16658 0
8738 0
8238 0
884 1
8473 2
283 3
8491 3
285 1
287 2
16672 0
8481 0
8483 0
8484 3
8485 2
8486 2
8241 2
8488 2
297 2
299 1
300 2
303 2
15714 1
8501 0
16698 0
6876 2
317 2
319 2
16705 1
16706 1
324 1
8517 1
16711 0
16713 0
332 2
333 0
334 3
16719 2
16720 2
4152 2
338 1
339 3
342 2
8536 1
346 3
8539 1
8545 0
8549 0
16743 2
16744 2
362 1
16748 0
8558 2
8562 1
371 0
8564 2
16761 1
16765 2
383 0
16768 2
8577 1
8578 2
4650 2
390 1
394 2
8587 1
8588 1
397 3
16784 2
15289 3
8594 1
16789 3
8599 0
410 2
16795 1
412 0
16799 1
416 0
8609 2
8611 2
420 1
421 0
16806 1
423 2
16808 1
16810 3
16811 2
8621 0
16814 2
433 2
10380 1
8627 0
436 2
17822 3
8632 2
16825 1
8634 2
444 2
446 2
447 0
16833 2
16836 1
16837 1
454 2
455 1
8651 0
462 3
16847 0
16848 2
8658 0
16851 2
16852 1
469 1
16854 2
16855 1
8665 2
475 1
8669 2
16862 1
8671 3
8675 2
8676 0
9638 3
16870 2
16876 3
12551 2
1653 2
496 2
16881 1
8690 1
500 2
15102 1
8697 0
506 1
508 0
8701 1
16469 1
512 1
16897 2
1451 0
16900 2
15105 1
16904 3
8713 1
8714 1
16907 0
524 2
8721 2
16914 1
1927 3
533 0
8727 0
8728 2
537 3
538 0
16923 2
8732 1
3564 3
542 2
8735 1
16928 2
545 2
16930 2
8739 3
16932 3
2822 0
551 1
552 1
16937 2
8746 2
8747 2
8748 3
1458 2
16946 2
563 2
16949 0
8758 2
567 2
8762 1
16955 0
573 1
16959 2
16961 3
8771 3
581 1
16966 2
583 1
8776 1
585 2
8778 1
8780 1
14578 1
591 1
592 1
16977 0
595 1
8791 2
18569 1
601 1
8796 0
605 3
606 0
8799 2
8800 1
16993 2
8802 1
16995 1
8805 2
17852 2
17002 1
4199 0
8812 2
621 2
622 0
4200 3
13387 1
6931 2
628 0
634 0
8827 2
17021 0
17022 0
8832 2
641 0
8834 2
8835 1
644 1
17029 0
8841 2
17036 2
657 3
658 0
17043 0
660 2
17045 0
662 0
8855 1
17049 1
8858 2
8859 1
17052 2
669 2
8862 2
17055 2
672 0
673 2
676 2
6940 0
17066 2
17067 1
8877 1
17070 3
688 0
17074 1
17075 0
8884 2
700 2
17085 0
702 1
8898 1
17091 0
17092 1
709 1
17096 1
17097 2
714 1
17099 2
17100 0
17101 3
8911 1
8912 3
120 3
8917 1
726 2
17111 2
17113 1
730 2
8923 2
732 1
17121 2
8930 2
741 2
744 2
12412 2
8938 2
17132 1
749 0
8943 1
754 2
17139 0
17140 0
17143 1
8952 2
8953 1
17147 0
764 2
13781 1
17152 1
17154 0
2859 1
774 1
17159 3
17161 2
17162 0
780 2
17167 2
8978 1
787 2
790 2
8984 1
8324 0
795 2
17180 2
17181 2
8991 2
800 2
801 2
17187 2
8996 2
17191 0
808 2
17194 2
16519 0
9008 0
9009 2
17202 0
9011 2
820 2
9014 3
17207 3
825 2
9018 2
17211 1
829 1
17214 0
9023 2
832 2
17218 1
16523 2
17220 1
17222 3
17225 0
9034 0
17227 1
9036 3
845 1
17231 0
17233 2
17234 3
17235 0
852 2
17237 2
18801 2
856 0
17242 2
12431 3
17244 0
861 2
862 0
9055 0
17248 1
9058 3
17252 2
9061 1
870 2
17255 0
17256 2
873 1
874 3
9067 2
17260 2
17262 0
17263 0
17265 2
6576 2
17268 1
9078 0
9079 1
9082 2
9083 1
892 2
894 2
895 1
17280 1
898 2
13803 0
9093 1
17286 1
9095 2
17288 1
9097 1
907 1
9100 2
910 1
911 2
17297 0
9108 2
917 1
9110 2
9111 2
921 2
17308 2
17309 0
17310 1
17313 2
9123 2
932 3
933 1
936 3
9129 2
17322 2
17324 2
9133 0
9137 2
9139 2
9142 0
952 1
17338 1
9352 1
17342 2
959 2
961 1
9157 3
17351 1
17911 0
976 0
17364 2
9178 1
9184 2
17491 2
17379 2
17381 2
12854 0
5795 3
6994 1
17390 1
17391 0
1009 1
1010 1
17395 2
17396 2
9207 0
9209 1
1018 1
9212 1
1021 0
1023 2
9216 0
17409 1
9218 2
17411 1
1028 1
1030 2
17417 1
1034 2
15191 2
1671 1
1037 3
16557 2
9237 2
9238 0
7001 0
17432 2
9241 2
1051 1
9247 0
17440 2
9250 2
1589 3
17445 2
9254 1
1063 2
17450 1
17453 1
1071 1
9269 2
9270 2
1080 1
9274 2
9275 2
17468 1
9278 1
1089 3
17474 2
17476 0
17477 1
9287 0
17480 2
9290 3
17484 0
17485 0
17488 2
9297 0
1107 1
9300 1
14767 1
1110 2
9304 2
9307 2
9308 1
9309 1
9310 0
9312 2
17505 0
1123 0
17509 2
9318 0
17512 1
17513 2
17514 2
9326 0
17519 2
17522 0
17523 2
9332 2
17525 1
1144 2
17529 1
9338 2
17532 2
9341 2
1150 2
17538 1
17539 3
1156 3
1157 1
17542 1
17544 2
9353 0
5655 2
17549 1
17550 2
17552 1
17553 2
17554 2
17555 3
9364 2
1174 2
17559 2
17560 1
1177 2
7023 1
17564 2
9754 2
16581 1
9377 2
9379 1
1188 1
9381 3
17574 1
17575 1
17576 1
17577 1
17581 1
9390 1
16584 0
9396 1
9397 2
9398 1
17594 1
17595 2
1213 1
16680 1
9409 1
1218 2
9411 2
586 3
9414 0
9416 1
1225 2
1226 1
1227 0
17612 2
9421 2
9424 1
9427 2
12494 2
1405 2
1240 0
17626 1
1243 2
9436 3
9437 0
1246 3
17632 1
17633 3
1251 1
17636 1
9446 1
17639 1
17640 1
17641 1
17642 1
9451 0
17644 1
16594 2
17649 1
17650 1
17652 1
9461 2
1270 0
17655 3
1273 2
1275 0
17660 2
9770 1
17662 2
1154 2
1281 0
17666 2
1283 2
9477 2
17670 0
17672 0
9481 2
1290 1
9484 1
1045 1
1295 1
17680 0
1299 1
9492 2
9493 1
9494 1
17687 1
17688 0
17689 2
1583 2
17692 3
17695 2
1313 3
17698 0
1321 2
1323 0
1324 2
17710 2
8413 2
1330 0
1331 1
9524 2
9525 2
17719 1
1336 2
1338 1
17723 1
1340 2
9533 2
17726 2
1343 2
9536 0
17729 1
9541 1
17737 2
17738 0
1355 1
45 1
1358 2
1359 1
9784 2
9555 1
1366 0
17756 0
9786 0
9566 0
1375 2
9569 2
17762 2
17763 0
1380 0
1383 2
1596 2
9578 1
16485 0
1391 0
9585 0
2963 3
1396 2
9592 1
9593 2
9594 2
9595 2
17789 1
9599 0
1408 0
9601 2
17795 1
9606 1
1415 2
16620 3
9610 2
9611 2
9615 2
9616 0
17809 0
9620 2
17813 1
17814 2
9624 1
1436 1
1437 3
1438 1
1605 0
9632 1
1442 2
7067 0
1444 2
9637 1
1446 2
9642 0
17835 2
1456 0
18052 0
17849 2
17850 1
17851 1
1468 2
9661 1
9662 2
17855 2
1473 1
1611 3
1476 1
9669 2
9673 1
1482 1
9676 2
7074 2
1488 1
8440 1
9683 0
8233 1
9690 2
8506 1
9694 0
17887 2
1616 0
12598 1
17893 0
1414 2
17895 0
17896 1
9705 0
6597 1
17900 2
9711 0
1619 2
17910 0
9719 1
17913 2
9722 2
9728 0
1538 2
1539 2
17924 0
9734 0
9735 0
9739 2
10594 2
17934 2
17937 2
2234 2
17944 1
1561 2
1562 0
7087 1
17948 2
4357 1
2992 2
17955 2
17956 2
17957 0
1575 1
17960 0
17962 1
17963 1
9773 2
18614 2
17967 1
12552 2
17971 2
9781 1
9782 2
1591 1
1715 0
1594 1
17979 2
9788 0
17982 2
9792 2
1602 3
17989 1
13921 1
1608 1
1610 1
15287 2
17996 1
9826 2
9808 2
3000 2
8194 1
1622 2
11193 0
9817 2
18013 0
1630 1
18015 2
1634 2
7099 3
9829 2
18022 1
9832 0
8466 0
18032 0
1640 2
18037 1
18038 2
18039 1
1656 3
12603 3
1661 1
9854 1
9858 0
1668 2
9863 2
18056 0
18057 2
1674 2
9867 0
9603 1
1677 0
18062 2
9872 1
9874 0
1687 2
1688 0
18076 0
9885 1
18078 2
1695 2
1696 2
1697 0
18082 0
9891 3
1700 2
1701 2
5745 2
18089 1
18091 2
1708 3
1709 0
1712 1
1713 0
18098 2
9907 2
1716 1
1717 2
1719 2
1720 0
1721 2
1722 0
18107 3
18109 2
9918 3
1727 0
8480 1
9922 1
1734 1
16673 1
15308 1
1740 0
18126 0
18128 0
16675 0
18132 1
18133 2
9942 2
18135 2
1753 3
1755 1
18140 0
1758 3
16677 2
1762 0
18148 0
1765 1
1768 1
1769 2
18154 1
1771 1
18156 1
18157 2
296 0
1779 0
1662 2
18166 0
18167 1
11220 1
1786 1
13951 3
9981 2
1790 2
13153 2
13303 2
18178 1
1703 1
18181 1
17245 1
5761 1
9995 2
9999 2
10000 0
10001 0
18197 0
10006 0
18199 2
18201 1
1819 0
1821 1
18207 2
18209 0
10019 3
10020 3
18214 2
8497 1
18217 0
18218 2
1835 1
18221 2
10030 2
1839 2
18224 0
18225 2
10035 2
18228 2
18230 0
1847 0
18232 2
18233 2
18234 2
10043 1
1852 1
18237 1
1855 2
1858 1
18243 0
10052 1
10053 1
18246 2
18247 2
10056 2
1865 0
1866 2
16429 2
18258 1
10071 1
18264 1
1882 0
18269 2
1888 2
18275 1
18277 0
10086 2
18279 1
10088 1
10089 2
11239 2
1900 2
5850 2
10095 2
18290 0
10099 2
10100 2
18293 0
10102 0
11241 3
10104 1
1913 2
1916 3
1918 2
1920 2
15339 3
1924 2
18310 3
10119 1
18312 1
18314 2
18315 3
10124 0
10125 1
18319 0
1937 1
1939 1
2686 1
1942 0
10137 2
18334 1
10143 1
2520 2
10149 1
1961 2
4423 2
1964 2
18349 1
16282 1
18357 2
18358 3
329 1
18361 3
1979 1
18366 2
10175 0
18372 1
18375 1
18376 2
8524 2
18379 1
9890 0
18382 1
18383 2
18384 2
18386 1
18387 2
2005 1
2006 1
18391 0
10201 1
6068 2
18397 1
18399 1
2522 3
10209 0
10210 1
18404 2
10213 2
18409 3
18411 3
8530 3
10222 2
17144 3
18419 1
18420 2
2037 0
14198 3
18424 1
18426 1
2043 1
2047 2
18432 1
18434 3
18437 0
2054 3
18439 2
18443 2
1432 0
2061 3
2062 2
9901 2
16926 2
10261 2
18618 2
2072 2
18457 1
2075 0
2077 2
10271 0
18096 2
2083 2
18471 2
2088 2
10281 2
10282 2
2091 2
10286 1
18479 0
18483 2
2102 2
12533 2
18491 0
18494 1
1277 1
2112 2
18497 0
10306 1
7179 3
2116 2
10309 3
2118 1
4449 2
18504 1
2121 0
10314 0
10316 2
10319 3
2128 1
2129 1
10322 0
10323 3
10324 1
2138 2
10331 0
10332 1
10335 2
10337 2
18532 1
2150 2
7185 2
2152 2
10345 2
18539 2
2159 3
10352 1
2164 2
18110 1
12649 1
6346 2
2170 1
10365 2
15381 2
2176 2
2177 1
10371 2
18567 3
10377 2
18572 0
18574 2
10383 0
18579 2
18580 2
10391 1
18584 1
2201 2
18587 3
10397 0
2207 1
2208 3
10401 2
18594 2
18596 1
2213 1
18598 2
10407 2
18600 2
2218 1
14023 1
18604 2
10414 1
2223 2
18609 0
8803 0
10422 2
18615 1
12660 2
10426 1
18619 2
2236 2
2238 2
2239 2
2240 2
10433 2
18626 3
18627 0
18632 2
10441 2
2251 2
18636 2
2254 2
2256 0
18641 2
2258 2
2259 1
18644 2
2261 1
10456 1
18649 0
2266 0
18079 2
12666 0
10464 1
2273 1
10466 0
18659 1
2276 0
18662 2
4713 0
2283 2
10476 3
2285 2
10480 2
18675 0
18678 0
10488 2
2297 2
18682 1
18683 1
18687 0
10498 2
2309 2
10502 2
2311 0
10505 2
18701 2
2318 0
18707 1
2324 2
10517 1
2327 1
18081 2
18714 1
10523 2
2333 2
10530 1
18723 1
18725 1
10535 2
10537 2
3122 3
10542 2
5853 2
10544 0
2355 2
10548 1
10549 0
2358 1
2362 2
18143 1
10556 0
2365 3
18750 1
2368 1
14048 1
10563 2
10564 2
10565 2
5253 3
18760 3
2377 0
10573 1
10574 2
2383 1
2385 2
18771 2
2388 2
2389 2
18774 3
10589 2
18149 1
2402 0
18790 0
18791 1
18794 0
18795 0
10604 3
14265 2
10612 2
2421 1
8264 0
2426 1
18811 1
10620 0
18813 1
18815 2
2433 1
18819 0
2436 0
18821 2
2438 2
11329 2
2440 2
5868 2
16791 2
18830 0
1773 1
2448 2
2450 2
2452 2
18839 2
10648 2
18844 1
16794 3
2464 1
8603 1
10660 2
2469 0
10663 3
2472 2
15358 2
2475 1
10670 1
10672 2
2482 2
1992 2
14068 0
10683 3
17541 1
8608 1
2500 2
2503 0
10696 2
2505 3
16723 3
10701 2
10702 2
2512 0
2513 1
2514 1
2517 0
18169 1
10712 2
8612 0
10714 1
10715 1
13723 2
2525 1
2527 1
2530 0
10723 2
10724 0
10729 1
3154 3
2545 3
2546 2
9982 1
10742 2
2551 0
2553 1
10746 0
2555 1
2556 1
2558 1
2563 2
2565 0
2566 3
2568 0
5418 1
10767 0
2576 0
10771 1
2580 2
10773 1
10774 1
10776 1
2586 1
10780 0
2591 0
2592 1
10789 2
8625 2
10793 0
2602 3
8270 0
2606 3
10609 0
10800 0
2609 0
10802 0
10807 0
10809 1
10813 0
2622 1
2623 0
2624 2
10817 1
2626 0
2627 2
10820 3
10822 1
2631 1
10824 0
10825 0
10826 0
12727 1
2637 0
10831 2
2640 2
16824 0
2642 0
2643 1
2645 1
2650 1
5903 2
10845 2
2654 2
2655 2
1808 2
10850 1
10852 2
2661 0
10854 0
2663 1
10856 2
2665 1
10860 1
2669 1
10862 0
10863 0
10865 1
10868 0
10870 2
10871 2
10873 0
8639 0
10878 2
10879 2
10882 0
10884 0
10891 0
10894 3
10896 1
10901 2
10903 2
2714 0
2715 2
10911 2
10913 3
18203 2
10916 2
2729 1
2731 3
10925 1
5001 2
2739 2
2741 2
4553 2
1823 2
10942 0
2751 0
10945 2
459 0
2756 2
2757 0
2764 3
2769 0
2771 0
2772 2
2776 0
2778 2
8655 2
10973 2
464 2
2787 0
2788 0
2791 2
2792 2
2794 3
466 3
10991 1
2801 2
10994 1
2807 3
11000 1
11004 2
11009 2
11010 3
10027 2
11012 2
14824 3
11014 3
11015 2
5932 1
2826 2
471 0
1673 2
2839 2
2840 0
11034 2
11035 0
13385 1
11397 2
11040 3
10032 1
11042 2
2851 1
11045 2
2854 1
1841 2
11050 1
11051 3
11053 2
2863 0
11059 0
2868 1
11065 2
11073 1
2882 2
2883 0
2884 0
11078 2
11080 2
8689 2
2890 3
2891 2
2892 2
2893 0
2894 3
11089 2
2898 2
483 2
11094 1
14137 2
11097 1
11100 0
11106 1
11112 1
18236 3
2928 1
2934 0
11128 2
2937 2
11130 0
2939 2
2942 2
15509 1
11139 1
11141 0
2950 2
11145 2
11146 3
1163 2
16550 1
11155 0
11158 2
2973 2
2975 1
2983 2
2985 2
11178 3
10055 2
4594 1
2991 2
11184 1
8283 1
2995 2
11192 2
3001 2
11194 2
18250 2
8829 3
11200 1
3010 3
3013 1
3016 1
11218 1
3028 2
3030 1
11225 0
3034 2
3036 0
3237 1
3040 2
3041 1
3047 0
3048 3
3049 2
3051 0
3052 1
11245 3
509 3
3058 1
3061 0
11254 2
11255 0
9022 3
293 0
16896 1
3074 1
3076 2
14166 2
11272 2
6922 1
11276 1
3087 2
3093 3
3099 0
3104 0
3105 1
11299 1
3109 0
3110 2
11441 3
11307 2
3119 2
18653 1
11315 0
11321 1
11323 2
522 3
11327 2
10080 2
3138 1
3141 2
11334 2
11335 2
11336 2
3147 2
11343 2
11344 2
11346 2
10083 2
11348 1
11349 0
11350 1
11354 2
11356 2
3165 1
11364 1
11365 1
11367 0
3178 1
11371 2
11373 2
3183 2
3186 1
11379 3
7358 0
3191 2
3349 2
3197 0
11393 2
11395 0
3205 1
3206 2
11401 0
11403 2
3213 0
3215 2
11408 2
11409 1
18734 2
11411 2
11413 3
11414 1
11416 2
3225 2
11421 2
3230 1
9382 1
3232 0
11425 2
11426 3
11429 0
11430 0
11431 2
12828 0
3242 3
11438 2
16925 2
1058 2
3250 2
3252 3
3253 1
11446 1
3256 3
11450 2
11451 1
3261 1
3263 2
11457 2
11458 2
11461 1
3270 1
16929 2
11465 3
11467 1
3277 0
12657 2
11473 1
547 1
11476 0
3286 1
10105 0
3288 2
3290 3
11484 1
9657 0
3305 1
16225 3
3309 1
3310 2
5293 2
3314 3
3319 1
3320 2
16938 0
3327 0
3328 1
3330 1
16939 1
3333 1
3334 1
11528 1
11530 1
11532 2
3347 0
5567 2
11543 2
3352 1
3354 2
11547 2
11549 3
3358 0
3359 3
11553 2
11554 1
11559 2
3368 1
11563 1
11565 1
3375 2
11568 2
11570 3
3380 1
3381 1
4660 2
3387 1
8757 2
3395 1
3396 0
16950 2
3399 0
3400 0
3406 1
3407 0
1750 1
3410 2
3414 0
3417 3
3419 2
11613 1
3422 1
3424 3
11617 1
12465 1
3430 3
10129 2
3434 1
3435 3
3440 1
11635 0
3444 2
3449 2
8767 0
3452 0
11648 1
3457 0
11650 2
12663 2
3460 2
3461 0
11654 0
577 1
11658 0
3468 0
11662 2
11664 1
11665 3
11668 2
11674 0
15599 0
3485 1
11679 1
3488 2
3489 3
3490 2
3492 0
3313 2
8775 0
8152 3
7410 2
11696 2
3505 0
3506 0
11707 2
3516 3
11709 1
11710 1
3520 2
3524 0
588 1
18121 1
11724 2
11732 0
11733 3
11738 1
11741 1
11743 1
11744 2
11746 2
3557 2
1933 2
11756 0
3566 1
3568 0
3572 1
11767 1
11773 2
4693 2
11776 2
3585 2
11779 0
3588 0
15617 2
11786 1
3595 0
11789 2
11790 3
11791 3
11795 3
3605 1
16985 1
11806 2
11808 1
3619 2
3621 2
11815 1
11817 0
11818 0
9668 1
11821 1
11822 0
3633 1
11826 2
3637 2
3638 2
11831 1
11833 1
3643 0
11836 0
11838 2
11839 3
3648 0
16992 2
11844 2
609 2
11848 2
3658 2
11851 1
3660 3
3661 2
11856 3
11857 0
3666 0
11859 1
3670 0
3671 2
3673 1
3674 2
3675 1
11870 3
15632 2
3682 2
3683 1
3685 2
3688 1
11885 0
3694 1
11887 2
3696 0
4712 2
7443 0
3702 2
3703 2
3704 1
11897 0
3706 2
11900 2
4714 1
11902 2
15637 2
11905 3
12907 0
15638 2
11912 2
11913 1
3351 3
8813 1
3730 2
3731 1
3734 2
11927 0
3740 0
670 2
3744 1
12127 2
18401 1
11941 2
11944 2
7452 2
8818 1
11950 0
3357 1
6088 0
3763 2
11956 0
9845 1
18377 0
5581 2
11963 2
3772 1
2035 2
3779 1
3784 2
3786 0
15650 0
3791 2
3796 2
11990 1
15653 0
6128 2
12006 0
3815 1
3816 2
12013 2
12925 1
3832 1
12037 2
642 1
643 2
12052 0
12053 1
3862 2
2009 0
17041 1
17028 0
3376 2
3876 2
3879 2
3880 0
12074 2
12077 2
3887 2
6110 0
12086 1
12089 1
9677 1
3901 0
12097 1
12100 2
15670 3
12102 0
12103 3
12108 2
12110 2
18134 2
15672 1
1729 1
12123 0
12126 2
3935 0
12944 2
12130 2
12132 0
4753 2
12136 2
17042 2
3952 2
3955 0
3956 1
15411 0
3958 2
12154 0
15679 0
12157 3
12158 2
661 1
3973 1
3975 0
16057 1
3978 2
12171 2
12173 0
3983 2
3984 1
3985 2
12181 1
12184 2
11588 1
3997 2
3999 0
4001 1
8860 1
12202 2
12206 1
4016 1
4017 2
4019 1
4766 1
12221 0
12222 2
12223 1
8864 2
4039 2
14327 2
4044 2
4047 1
4049 1
4050 1
8868 2
4058 2
11599 1
12252 2
12253 0
4063 2
15696 0
12260 1
12262 2
7505 2
12265 1
12268 2
12271 0
12277 0
12279 2
4088 0
4092 0
12286 1
4097 0
4102 3
6145 2
12300 2
12304 0
10011 1
4115 0
12309 0
4118 2
4120 0
12314 2
4124 2
4126 0
12323 3
12324 2
12325 0
17050 1
18414 3
12330 1
10247 1
4140 0
12342 2
12344 2
12346 0
12348 1
4160 2
12353 0
12355 1
12141 1
12360 1
12361 2
4170 1
4173 2
12366 2
12370 2
3427 2
12372 0
10254 2
12375 1
12376 2
12377 2
4192 2
4195 1
12390 2
12391 1
12392 1
4201 2
4203 1
4206 3
4208 2
4211 3
4212 0
12405 2
7529 2
4217 3
4220 2
4221 2
4225 2
12427 2
12430 1
4239 0
12433 2
8899 0
4245 2
1242 3
2073 2
4248 0
4249 1
4250 1
12445 2
12446 0
4255 0
4256 2
4262 2
4264 1
4265 3
12459 1
4269 0
12462 2
10269 0
12464 0
4273 0
4277 2
12470 2
8905 2
12472 1
12476 2
8906 2
6957 1
15734 2
12486 2
12487 0
4297 0
4302 1
717 0
12496 1
5375 2
4306 3
12499 1
12502 2
4312 2
4313 2
4314 1
17056 2
11649 2
12509 2
4318 2
4320 2
11055 2
12514 0
4323 2
4325 2
4327 1
12521 2
4335 2
4337 2
12530 1
12532 2
4341 1
4342 2
4344 3
12540 0
12541 1
12543 2
4353 2
4354 2
10283 2
13014 2
4359 2
4360 1
12554 3
4363 2
12559 1
4370 1
4371 2
4374 2
8921 2
4376 3
7556 0
12571 1
12573 0
8602 1
4385 1
12579 0
12580 2
4389 2
4390 1
3463 2
12588 2
4399 1
2099 2
12596 2
4405 2
8330 2
4408 2
4409 1
4411 3
4414 2
6197 1
12611 2
4422 2
12615 2
4425 2
12618 1
4428 1
1175 2
11877 2
6200 1
4434 1
4435 1
12628 1
7566 2
4438 3
14393 2
12632 1
4441 1
8604 2
12635 0
12636 0
12637 1
12638 2
12640 1
3472 2
12643 1
12646 3
12648 2
4457 2
12651 0
12652 2
4461 0
4462 2
8936 1
7571 1
4468 1
12662 1
4471 1
12665 1
4474 0
4475 0
12668 2
4477 0
4480 1
12674 3
4483 0
4485 2
2113 2
748 2
12686 2
4498 2
4501 0
4503 2
12696 1
4505 0
12698 2
4508 2
4513 0
12710 1
4519 0
4520 0
11880 1
12714 1
12715 2
4528 2
4529 2
8947 1
4532 1
4535 3
4536 0
4537 2
12730 1
4539 1
12732 1
2122 3
15524 1
12737 1
12738 0
12739 2
4550 0
4551 0
12744 0
13245 2
12747 2
12748 2
4557 1
12750 2
4559 3
760 1
4566 2
12759 1
12765 2
4575 2
12770 1
12771 1
4580 1
12776 2
17065 0
4586 1
3495 2
12786 0
4595 1
12788 2
12790 0
12792 1
12795 0
4605 2
4610 1
4613 0
12807 3
4617 2
4866 0
4622 2
3501 1
4626 2
4627 3
15157 2
4630 0
4636 0
427 2
4643 1
12840 1
12842 2
12843 1
4654 1
12847 2
12849 0
4658 2
12852 2
12853 2
4662 0
12856 2
12861 2
12862 2
12863 1
4674 1
12867 1
12868 2
12869 2
6241 1
17164 1
4683 0
4688 1
4689 0
4690 0
12885 1
15801 0
12888 2
10340 3
16796 3
12893 0
4705 1
12898 1
4708 1
4709 1
4710 1
4711 1
12904 2
12905 3
12906 2
14439 2
4716 3
786 0
12910 2
4719 0
12705 2
4726 1
12919 1
12920 1
4729 2
12924 2
4733 2
12930 2
12931 0
4741 1
4744 1
4745 1
4752 1
12945 2
12946 1
4755 1
10351 2
12957 1
12958 0
12960 2
12961 2
4771 2
12966 3
14449 2
4777 1
12972 2
4781 1
12975 1
4784 1
4785 0
4786 3
4793 1
12987 1
12988 1
12989 2
12990 3
8992 3
4803 3
18709 3
12998 1
4807 1
4808 1
4809 2
4811 3
3979 1
13005 1
4814 2
4816 1
4817 2
13010 0
13011 0
4820 2
13013 1
4822 0
13015 1
13016 2
17188 2
13019 2
4829 0
4830 0
4901 0
4832 2
13027 0
13030 2
13031 1
4843 2
4844 1
2173 1
4848 1
13041 2
13042 2
13043 2
4852 0
13045 1
4855 2
4856 1
13051 2
13053 0
13054 1
13057 2
13058 0
13059 3
13060 0
13062 0
7639 2
4878 0
2160 1
4882 1
4884 0
2345 1
12438 0
4897 2
13090 2
13093 1
13096 2
4905 2
2183 2
4910 0
13107 0
13110 1
2185 2
13112 1
13114 2
14894 2
13116 0
4929 0
12712 3
13124 3
17206 1
4937 2
13130 2
4939 0
13133 2
4944 0
4945 3
13138 0
4952 2
13147 1
4956 0
13150 3
4959 0
4961 1
9019 1
13157 2
13164 2
13165 1
4974 0
13169 1
4980 1
4981 2
4986 2
4990 2
13184 1
9024 2
13187 1
4997 2
13193 2
13194 0
2199 2
13196 0
1294 2
5008 0
2200 1
17219 1
16261 1
13214 1
5024 2
5025 2
5030 2
5031 3
5032 0
5035 2
13229 2
12170 2
2350 2
13237 1
9033 1
5049 3
18591 1
13244 2
4938 0
5054 1
13248 1
13249 3
5058 2
13131 2
5063 2
13256 1
844 2
5067 2
5072 3
13266 1
13267 2
13268 1
5077 1
13270 3
13271 1
2212 1
5082 2
13276 2
5086 1
13136 2
13282 2
13283 2
13285 2
849 2
8353 1
13293 1
5102 2
13296 1
13297 0
13298 1
851 0
5108 1
5111 3
5113 2
12620 3
13307 1
13308 1
13311 2
5121 2
13315 0
716 1
13317 0
7681 0
10412 2
5130 1
13324 2
8763 0
14509 2
5137 1
5138 0
13331 2
13332 2
13334 0
5143 1
5144 2
13337 2
13342 2
13345 3
13348 1
5158 0
860 3
13354 1
13358 1
5167 1
13360 2
5171 1
13365 1
13366 0
5179 0
5185 0
5186 0
5187 0
13381 0
5191 2
13384 2
8629 1
12448 1
13394 0
5203 2
15886 0
18529 0
5208 1
13401 2
5211 2
13405 2
5214 2
5216 0
13413 2
2356 2
13418 1
13419 1
6333 1
13427 2
13431 2
5244 0
5247 2
13443 1
2357 2
5254 0
13448 0
13449 2
5258 1
7703 3
13453 1
4973 0
5265 2
5268 1
5269 0
14360 1
5277 0
5281 0
5283 2
5284 0
13477 2
5291 0
13484 0
13485 2
5297 0
13494 3
15725 0
13496 2
13497 1
5306 1
13499 1
13501 1
13503 2
13504 2
13506 1
5315 0
5318 0
13511 2
5321 3
5322 2
17271 2
13517 0
13520 2
7715 0
13526 1
5335 1
5336 1
13533 1
13534 1
5345 2
5348 3
15910 1
5352 1
16545 2
7039 1
5357 1
13551 2
13552 2
13556 0
9086 1
13560 0
5369 2
5372 2
13565 2
5374 1
13567 3
9088 3
13570 3
5380 1
13576 1
5386 1
13581 0
5390 0
2264 2
13586 0
13587 2
5401 2
11091 3
13596 2
17285 0
5408 1
17638 0
13602 2
13603 0
3575 1
9094 0
13607 2
5417 3
13610 1
903 0
13613 0
5422 2
5423 0
5424 0
904 1
14638 1
5431 0
13625 0
5435 0
5436 3
5437 2
13631 2
5440 0
13634 2
5443 2
5444 2
13638 2
13640 1
16821 1
13644 3
6370 2
6201 2
10467 2
15929 1
18660 1
9103 2
5469 1
17276 0
5472 2
5365 3
5476 0
5482 0
13676 0
13677 0
5496 2
17300 1
5501 1
5502 1
13695 2
5504 0
13697 2
13698 1
13702 2
11841 2
5513 2
13710 2
13208 2
1965 2
13718 2
13720 2
13721 1
5531 3
13727 1
13732 2
5545 1
3655 1
5549 3
13744 1
5553 2
5555 3
13750 2
13751 1
13752 1
13754 2
13756 2
13759 0
13762 1
10486 2
5576 1
13769 0
5579 2
5580 1
13773 0
5583 2
5586 0
5587 1
5589 3
13782 2
13784 1
16553 1
5595 0
13790 1
5603 0
5606 0
5611 1
5612 2
7762 1
5615 3
5619 1
6398 3
13816 2
13817 1
5626 3
5630 2
7766 1
5639 2
5641 0
13834 2
13836 2
5645 0
5646 2
5652 0
13845 1
13847 0
5658 3
4280 1
7770 3
5668 2
5670 1
13864 2
5673 3
13867 2
17331 1
13878 1
13879 2
5690 1
5691 2
13884 2
7009 2
5698 2
13892 3
4827 1
13897 0
13899 0
11874 1
13904 0
9144 3
13912 1
13915 3
13918 1
13919 3
14608 2
5731 2
13924 0
529 2
13927 1
13928 1
5742 1
13935 1
13937 1
13938 2
14611 1
5758 2
2325 0
13953 1
13959 1
13965 0
13967 1
5776 2
13969 2
13974 1
13975 1
13978 2
13981 3
5791 1
13986 2
18715 3
13993 2
18633 0
5804 1
13997 0
14002 0
5812 0
5814 2
14013 1
14015 0
14019 2
14022 2
5831 0
5839 2
14034 0
14036 1
3705 0
14042 2
5851 3
14045 0
14047 1
8004 2
16693 1
14053 2
5864 0
5865 1
5378 2
18727 3
14060 2
14065 0
14066 3
5876 0
14069 0
5878 0
5879 2
14077 3
14078 1
14084 1
5893 1
5894 0
5898 0
14095 2
5907 2
5908 1
5909 3
3470 1
13460 0
5913 1
18746 2
5916 1
9532 3
1288 2
5921 1
5922 0
17770 3
5925 2
5927 3
14123 1
14124 0
5937 0
14130 1
14132 3
14133 2
16679 1
5943 0
14136 2
5945 2
14138 1
14139 1
15201 3
17376 0
14147 2
14156 1
2381 2
18748 2
14170 1
14171 0
5980 3
10554 2
5982 2
14177 2
14180 1
5989 2
16843 3
2364 2
14186 2
14189 0
5998 3
14192 2
14194 2
6004 0
6005 1
6006 1
6008 1
14201 0
14202 3
6011 2
1564 1
6018 1
14212 2
6022 2
6023 1
746 2
14221 0
14224 1
7832 3
6037 1
1292 2
6044 3
6045 1
14238 1
14240 1
6053 1
6057 2
14251 0
14253 2
14255 0
14257 1
14259 1
7567 2
14261 0
6070 2
6073 2
14267 1
14272 0
14274 2
14275 1
14279 2
14280 0
14283 1
14287 1
6097 3
7568 2
3747 1
6100 2
14294 0
6104 2
18535 1
10575 1
14302 2
6111 1
14305 0
6119 1
6120 2
14320 2
14322 2
14323 2
6135 2
6139 0
6140 2
6141 2
14335 2
6144 1
14337 1
6150 0
13313 2
14345 3
6154 2
14347 2
6158 2
14353 0
5123 2
6164 2
6168 1
14364 1
6173 0
6174 2
14367 1
6176 1
14369 2
14371 1
6182 0
6187 2
7858 2
6191 1
206 3
14386 2
6196 2
14389 2
14392 2
8117 2
6206 2
14403 0
14408 2
14409 2
14412 2
14413 2
6222 0
14415 1
14417 0
14420 2
6229 1
14422 3
6231 2
14424 1
6235 2
3770 2
14430 3
14432 3
14433 2
13329 2
6248 2
6251 2
14444 2
6253 2
6255 2
6257 1
6260 1
14453 0
1951 1
15757 2
4573 1
6267 2
10602 2
14463 1
14467 1
6277 2
14471 1
2412 0
14474 3
6283 1
6286 3
14479 0
6293 1
5145 2
14488 3
14489 1
14490 2
14492 0
14494 0
9480 2
14498 2
17435 3
14501 0
14503 2
6314 3
6315 0
6317 2
14512 1
6324 1
6332 2
14525 1
1056 0
14533 2
14535 1
16076 2
14538 2
6349 2
14542 2
1848 3
14546 0
6355 3
6356 1
6357 2
5156 0
6364 1
6367 2
6368 2
14562 1
2427 2
14571 2
6380 0
6381 1
10621 2
14576 0
6386 1
6387 2
6389 1
14583 0
6393 2
14586 2
14590 1
6399 0
14596 1
14599 3
4305 1
14604 2
6414 2
14607 2
6416 3
7896 0
6419 2
17399 2
6424 0
10628 2
6426 1
6429 1
11398 2
15217 2
14625 2
14626 1
14631 2
6442 1
6445 1
6446 2
6448 1
10632 1
14644 1
14647 2
14648 0
14650 1
14651 2
6467 2
14662 2
6473 2
14666 2
6475 0
17128 3
9272 3
10036 2
6488 2
10640 3
14690 2
6500 3
5672 3
6504 2
6519 2
6708 1
14717 1
14724 2
6536 0
17174 2
14732 2
3821 2
14737 2
13379 0
14748 0
4310 0
14753 2
14755 1
14761 1
14762 0
14764 1
6573 0
14766 1
6575 2
14768 0
6577 1
14773 0
14775 1
14778 2
6587 1
1098 2
14782 2
6593 2
14787 0
14789 2
6600 0
9292 1
6603 1
6604 2
14800 2
6563 3
14804 2
14805 2
6614 2
6616 1
18852 0
6619 2
18853 2
14821 2
1859 0
9768 2
6632 2
10737 3
10041 2
14832 0
6642 3
13395 2
6647 2
1108 2
7935 2
6653 1
14849 2
14851 2
14852 1
6662 2
6667 0
6668 0
14765 0
14864 2
14867 0
14868 2
14871 0
14873 2
14874 2
6683 2
14878 2
14879 2
6689 2
1115 1
6692 2
14886 1
6695 3
14888 2
6697 2
14892 1
6702 1
6704 1
6706 1
14899 1
15499 2
6709 0
6710 1
14903 2
6712 2
6715 2
17504 2
14914 2
6723 1
6724 2
6726 2
6730 1
14924 1
6741 0
6744 1
6747 2
14941 1
14942 3
14945 1
6754 0
2491 0
14950 2
6759 2
14952 1
6761 0
5223 3
14957 1
14960 2
9320 2
6770 2
6772 1
14966 0
14967 0
9418 1
14971 0
14975 1
6787 0
14984 0
6796 0
14989 0
6802 3
6595 0
14996 2
6806 0
6809 0
6810 1
6811 1
15004 2
6815 0
6817 1
15017 1
6830 2
14792 2
209 2
6837 1
14793 1
15034 2
6845 0
15038 2
15039 2
6851 1
15046 1
6855 1
15050 2
15051 2
6860 1
15053 2
15054 2
15055 2
9336 2
6867 1
6868 1
6871 0
6872 2
6873 0
15066 2
15067 2
15068 2
6880 1
6881 2
15075 2
6886 2
6887 1
15080 2
15084 3
15085 2
17533 3
6898 1
15091 1
15093 3
15095 1
15096 3
15097 2
8993 0
6907 2
6908 2
6910 2
6912 2
6913 0
15106 1
15107 1
15109 1
15114 2
15116 2
9346 2
15119 0
14808 2
15122 2
15123 1
15124 3
6933 3
14809 2
6936 1
6939 2
15132 1
6941 0
15134 1
15135 2
15137 3
6946 2
6947 3
15141 1
15143 2
15144 0
15145 0
6955 0
7986 2
6958 2
6961 1
6962 2
6965 2
6967 2
15160 1
15162 1
15165 0
6978 0
9355 3
15174 2
6983 0
15176 1
15177 2
15186 1
2531 1
6996 2
15189 0
6998 2
6999 0
15193 1
15194 2
7006 2
1168 3
10599 0
7012 0
7016 2
7018 1
15211 3
15214 1
15215 0
7025 2
15220 2
15225 1
15228 0
15229 2
7038 0
15231 0
7040 0
8145 1
7043 2
7044 3
7046 1
15241 2
7050 1
7051 1
7052 1
15245 2
7056 2
15759 3
7062 0
17561 2
7065 3
15259 0
7068 1
15261 2
15264 2
15266 1
7076 1
7079 3
7080 0
7081 0
15277 1
7086 0
15279 2
15283 0
7093 0
16201 1
15288 3
7097 2
15290 2
17567 3
15293 0
7102 2
10741 1
15296 2
7105 1
7109 0
7110 2
10743 1
7116 1
7120 2
7123 2
15316 1
15318 2
15319 0
7130 0
15323 2
7132 0
5285 2
15329 2
15333 2
7143 0
9383 0
14845 0
15344 3
7158 2
15355 2
7164 2
7166 3
17151 2
15362 2
8722 3
7172 0
6657 1
15368 3
15371 2
15375 1
15376 3
15377 2
15378 0
10755 0
7188 2
17582 0
3992 3
7194 2
7201 1
7203 2
7205 1
13489 0
7208 2
7214 2
15409 2
7218 3
7219 3
15413 2
7222 0
15417 2
7226 0
7227 2
7228 1
15421 0
15428 2
7239 1
7246 2
15439 1
15440 1
15444 2
15448 2
16228 3
7260 2
15457 2
7271 1
15473 0
7282 2
15478 2
15482 1
9407 0
15485 3
15486 2
15488 3
15491 1
15493 2
15494 3
15496 0
15497 0
7306 2
6679 2
15500 2
5314 1
15503 2
15505 0
15506 1
7315 0
7316 2
8046 0
15513 0
15514 0
15520 0
15522 1
14875 2
7332 2
15529 0
15531 0
15532 3
16884 1
8051 0
15541 2
10783 3
15549 1
15550 0
14779 2
10784 0
7363 0
7367 2
15560 0
15562 0
15563 0
15565 1
7374 3
15569 0
15584 2
3963 2
14887 0
7405 2
7407 2
15602 2
2429 1
15610 0
15614 0
1237 2
15616 0
7425 3
7436 1
15630 1
7440 2
15633 0
15635 1
10798 0
7446 2
7447 2
15641 0
7450 2
15644 1
15645 3
15647 1
7458 1
7459 2
7460 2
14616 0
15654 2
10801 2
15657 2
15658 2
15661 1
15666 1
15669 1
7478 1
7480 1
7481 1
15676 0
15677 1
7487 1
7489 2
7491 2
2615 2
15694 1
7504 3
14904 2
7506 2
15699 1
7510 0
7511 0
15704 0
7513 2
15706 1
7515 3
7522 2
15717 0
15718 0
15721 2
15722 2
15723 0
7533 0
15726 1
7535 0
15728 1
15729 1
16345 1
10814 1
7542 2
7544 2
10344 1
7547 1
15741 1
15744 2
15746 0
7555 0
15748 2
15749 1
15752 1
15754 0
15755 0
7565 1
15758 2
17645 0
15760 0
15761 2
15763 1
15766 1
7581 0
15775 0
15776 2
9527 1
7587 0
15781 1
9457 2
15785 0
7594 3
15788 1
15798 1
9460 2
15802 3
7611 1
2634 2
7615 2
7618 0
15815 1
7624 3
15818 2
7627 0
15827 3
7638 1
9465 1
2639 0
7645 0
15839 1
7649 2
17659 2
15845 2
15847 1
15852 2
7661 0
7662 0
15855 1
10835 0
9470 2
4009 3
7672 3
8398 1
15866 1
7675 0
15870 1
15871 1
15873 0
15877 0
9473 1
15880 1
15882 0
7693 2
7694 1
7695 2
15892 1
15895 0
13572 2
15898 2
7708 1
7709 3
17669 2
7714 0
10843 1
15908 1
7717 3
7718 2
15911 3
2653 3
15921 2
15923 1
7732 1
15927 0
7737 1
17170 3
18534 2
7743 2
15936 2
7745 1
7746 2
7747 2
7751 2
7753 3
8119 0
15954 1
15957 0
15958 3
15962 0
15963 2
15966 2
7778 0
15971 2
7781 2
7783 0
15978 3
10855 1
7789 2
15982 2
15984 0
9491 0
7796 3
7802 0
15995 2
15999 1
16000 2
16002 2
7811 0
16005 1
4079 0
16014 2
16015 1
7825 0
7829 1
16024 1
16026 2
13594 3
7839 2
7626 2
16034 2
7843 1
16037 1
9500 0
7852 3
16049 1
16050 3
16053 1
3727 2
16056 1
7865 2
16058 0
16059 0
16061 1
7870 3
16064 2
16065 0
7875 1
16068 2
16069 2
16072 0
16073 1
7884 2
16082 2
16085 0
16087 2
16088 1
7897 2
7898 0
16091 2
7900 2
263 2
7911 2
7912 0
16106 2
7917 2
16110 2
9811 0
16115 2
16117 2
16120 1
16122 1
16123 1
16125 2
8149 2
16129 1
17995 2
16131 1
16132 0
7942 1
7945 2
16139 2
16145 0
8744 2
16151 1
16161 2
7974 0
7975 2
7977 1
16174 3
16176 0
16178 1
7989 2
16182 1
16184 2
16186 2
16187 1
16188 3
7998 3
16191 1
8000 0
8001 1
16196 1
8009 2
16203 0
8014 2
16207 0
8021 0
16217 2
8028 3
8165 2
16224 2
8033 3
16226 0
9531 2
8036 1
10906 2
16232 0
13628 1
16234 2
16235 1
8044 1
16238 3
1341 2
16241 0
16301 1
6803 1
16244 1
16245 1
541 2
8170 2
8064 1
16260 1
8069 2
16263 2
16264 3
16265 1
16266 2
8076 2
16271 2
16275 0
16279 0
8619 3
16283 0
8092 3
16285 0
8096 2
10907 1
16292 0
8102 1
8103 2
8105 2
8108 2
5564 1
8110 2
16304 2
16307 0
8116 2
16309 1
1353 0
16316 1
8126 0
16319 0
16321 0
16325 0
8134 3
16327 1
15001 1
4087 0
16332 2
8292 2
8143 0
16337 2
16341 0
9558 1
16344 2
2724 1
8155 1
8156 1
8157 1
16350 2
16356 0
11183 2
8167 0
16362 2
1363 2
16372 1
16382 1
16376 2
16378 3
16380 0
8190 2
