8193 0
16386 2
13249 3
9558 1
8198 2
16385 2
16393 2
16395 0
16396 1
8194 1
16398 0
16400 1
13656 1
6383 1
8211 0
8212 0
8214 1
16407 0
8216 0
16409 0
8218 3
8220 0
8222 2
8223 0
8224 1
4911 2
8226 2
8227 2
8228 2
16422 2
16424 1
1372 1
8199 0
16429 2
8238 0
48 1
16433 2
16434 2
17758 0
16439 1
16441 2
8250 1
1375 2
16445 2
6837 1
16449 2
66 1
16451 0
16452 1
8261 2
16454 3
1377 2
16456 2
73 2
74 0
16460 2
16461 2
16462 0
8272 2
81 0
8276 1
85 0
8278 2
87 3
88 2
1380 0
8282 2
16476 2
16477 2
16478 1
5477 0
12551 2
16481 1
16484 1
8293 1
102 1
8295 2
104 0
5347 2
12603 3
17767 1
16494 0
8303 2
8304 0
12006 0
115 1
116 3
1385 3
8312 1
16505 0
122 3
123 0
16508 1
16509 1
16511 0
16512 1
129 3
1387 1
16516 1
133 2
134 0
16519 0
8329 0
16522 1
8331 2
8333 2
17492 1
8335 0
144 2
145 2
15043 2
148 1
5486 2
151 1
8345 3
8347 3
156 0
158 3
16543 2
16544 3
161 0
162 2
163 2
8356 3
8358 0
168 1
8361 2
172 0
8365 1
8366 1
175 3
8368 1
177 1
178 0
8371 2
180 3
16566 3
183 2
16568 1
185 2
16415 2
16572 3
17737 2
8383 2
192 2
195 2
16583 2
200 0
201 1
202 2
203 0
8397 2
206 3
16591 2
16592 1
8402 2
16595 3
212 0
8406 1
17785 0
16602 1
6863 0
220 2
16605 2
223 2
8417 3
8418 2
9595 2
16612 1
16613 2
16614 0
18331 1
8424 2
16618 2
8427 2
8428 0
8430 2
1405 2
16626 2
8435 3
244 3
246 0
16425 0
16632 2
16633 0
8294 2
13695 2
8444 0
253 2
15061 0
16640 1
17792 0
16642 0
16643 2
16644 2
11622 0
8454 0
263 2
9556 2
8458 1
8459 2
8460 2
269 0
8462 0
271 2
1100 0
8465 0
274 2
17795 1
8468 0
329 1
280 3
281 3
8474 3
284 1
16669 0
287 2
8480 1
289 2
8482 0
8483 0
8485 2
8241 2
8488 2
6876 2
299 1
4146 0
16686 1
303 2
8496 2
305 2
1255 0
16691 2
308 2
16694 1
16695 2
313 1
16698 0
16699 0
16700 2
16702 3
319 2
320 3
16705 1
16706 1
8515 2
324 1
8517 1
16711 0
16713 0
18560 3
332 2
8525 2
334 3
16719 2
16720 2
16721 1
338 1
16724 2
8533 3
342 2
8535 2
8536 1
9113 0
16730 0
8539 1
16732 1
16733 2
16734 1
8543 3
16736 0
16737 2
8546 2
16443 2
16740 0
8549 0
16742 1
16743 2
16744 2
16745 0
8554 3
363 2
16748 0
18224 0
12349 1
15080 2
8564 2
8565 3
16758 3
5524 2
8570 1
379 0
166 1
16765 2
8574 0
8575 3
8577 1
8578 2
387 0
8580 0
5526 0
16774 1
391 3
8585 1
394 2
8588 1
397 3
2797 3
16784 2
8594 1
16789 3
407 2
8601 2
410 2
10991 1
8604 2
5742 1
416 0
8611 2
420 1
8262 2
16806 1
423 2
8616 2
8617 0
16811 2
428 2
8621 0
16814 2
786 0
16818 0
6604 2
16821 1
8630 2
16457 2
8632 2
2804 2
442 1
16827 2
444 2
446 2
15093 3
9441 2
450 1
451 1
8644 2
8645 0
454 2
455 1
16841 2
8651 0
10805 0
461 2
8655 2
464 2
16849 0
8658 0
467 1
16852 1
16853 0
16854 2
15115 3
16856 2
8665 2
476 2
477 2
14746 2
8671 3
8672 0
16865 0
8674 0
6907 2
8676 0
8745 1
486 2
488 2
16874 0
8684 1
8687 2
8690 1
500 2
15102 1
8696 2
12372 0
7109 0
8699 1
508 0
16893 2
510 2
8704 0
16897 2
515 0
517 0
8710 3
6913 0
521 0
522 3
16471 2
524 2
8717 2
8718 2
8719 3
528 2
529 2
16914 1
8724 1
533 0
8726 2
8727 0
536 3
538 0
16923 2
8732 1
542 2
16928 2
545 2
16930 2
8739 3
548 1
550 1
551 1
8744 2
553 1
554 2
16939 1
8748 3
1913 2
558 1
15112 1
562 3
563 2
8756 2
8286 2
8758 2
567 2
8761 1
16956 1
8767 0
1804 1
16961 3
8771 3
8772 0
581 1
8775 0
584 2
8777 0
16971 1
588 1
16973 0
8782 0
591 1
16976 1
8785 0
8786 1
8787 2
16980 2
597 1
16982 0
9657 0
8793 1
2831 3
8796 0
9658 2
606 0
16991 3
8800 1
609 2
611 1
8805 2
8806 0
17000 1
617 0
17002 1
8811 1
620 3
622 0
623 2
624 2
4200 3
11512 2
17011 0
17012 3
629 1
633 2
8827 2
17021 0
17022 0
17023 1
8832 2
641 0
643 2
17028 0
8837 0
1473 1
8841 2
8843 2
17036 2
8845 0
654 0
9569 2
657 3
17042 2
8855 1
664 0
17049 1
666 0
667 2
1386 3
8862 2
17055 2
672 0
17057 0
674 0
8868 2
17061 2
17062 0
17063 1
17065 0
17067 1
17135 2
8877 1
17071 2
8880 0
8881 2
17074 1
4211 3
459 0
17077 3
17048 3
13769 0
7661 0
17084 1
17086 3
15211 3
4115 0
17089 0
6365 0
17867 0
8902 2
6945 0
17096 1
8905 2
8906 2
17099 2
17100 0
17101 3
8910 2
8911 1
17104 0
721 0
8914 2
11043 0
8916 2
9678 3
17110 0
727 2
8920 1
17113 1
730 2
17115 2
732 1
297 2
17119 0
13818 3
738 2
740 2
17126 2
8935 2
744 2
8938 2
17131 1
17133 0
17134 1
8943 1
8945 2
754 2
8947 1
8948 2
12414 2
5436 3
760 1
8953 1
762 1
766 1
8959 0
17152 1
8320 0
17155 1
5590 3
774 1
8967 1
8968 0
17161 2
17162 0
2208 3
780 2
782 3
17167 2
17168 2
8978 1
787 2
17172 1
17173 1
790 2
8984 1
17177 0
794 2
795 2
17180 2
8989 1
8990 2
8991 2
17184 1
8993 0
802 1
803 2
17188 2
8997 0
17191 0
808 2
135 1
1118 2
17197 0
17199 2
12575 0
4232 3
17202 0
9011 2
820 2
17205 1
17206 1
825 2
9018 2
17211 1
8330 2
17214 0
139 3
17220 1
17224 3
844 2
845 1
17231 0
17232 1
9042 2
851 0
852 2
9045 2
9046 1
17239 1
856 0
17242 2
860 3
861 2
862 0
17247 2
16528 1
17251 1
17252 2
6225 2
17254 1
9063 1
17257 0
874 3
875 2
17260 2
4242 0
17262 0
879 2
17264 0
17265 2
882 0
883 1
17268 1
18033 0
888 2
8340 2
9082 2
891 1
892 2
894 2
1697 0
9088 3
11072 1
898 2
17283 0
9092 0
9093 1
903 0
9099 0
17292 1
9101 0
910 1
17296 3
17297 0
914 1
9107 0
9108 2
917 1
9305 1
919 0
17304 2
921 2
17306 2
9115 1
17308 2
17310 1
17313 2
930 0
931 3
9124 1
17317 1
936 3
9130 3
17324 2
17327 1
17329 3
17330 3
9139 2
9142 0
951 0
952 1
17339 1
9152 2
9153 2
9155 2
17349 0
17350 0
17351 1
6988 0
15308 1
16546 0
17358 1
17360 2
17361 3
17368 1
8489 0
17374 1
17376 0
17378 3
17381 2
17384 0
17386 0
1003 0
17388 2
1006 0
17391 0
3034 2
9201 0
1010 1
17395 2
17396 2
9209 1
9210 1
17403 1
9212 1
1023 2
9216 0
17409 1
12459 1
1028 1
9221 1
1030 2
1034 2
1035 2
1037 3
17422 2
9231 2
1040 0
4399 1
9234 2
17429 0
17430 2
15193 1
17432 2
9241 2
1050 1
1051 1
1052 0
7002 2
4945 3
13264 0
9250 2
1063 2
9257 0
17450 1
1543 1
17453 1
1070 1
1071 1
9264 1
9265 1
9266 3
1075 0
17460 1
9269 2
9270 2
9271 0
9274 2
2911 2
17468 1
17469 0
17470 0
17472 0
17473 0
525 0
17475 0
17476 0
17477 1
1094 3
9287 0
17480 2
5644 3
1098 2
8375 0
9292 1
15202 2
1102 0
17487 2
9297 0
7129 2
1107 1
9300 1
9742 1
71 1
9304 2
1113 2
9306 0
9307 2
9308 1
9310 0
1120 3
17506 2
187 1
1124 2
17509 2
9318 0
17511 1
17512 1
9322 1
17516 2
1133 2
17520 1
1137 0
13843 0
12478 0
9335 1
9337 3
1146 3
1147 2
17532 2
17533 3
1150 2
5653 1
1152 0
17537 0
1154 2
9347 1
1156 3
17541 1
17542 1
9351 3
17544 2
9353 0
9354 1
1163 2
17548 1
17549 1
1166 2
17551 2
1168 3
17553 2
9362 0
9363 1
2926 1
17558 1
17559 2
15042 2
17562 1
17563 2
17564 2
1181 3
2767 1
17567 3
17568 0
9377 2
1186 0
1563 3
1189 2
17574 1
1191 3
17576 1
17577 1
17578 2
1195 0
9388 2
17581 1
9390 1
1199 0
9392 0
8392 2
1203 2
9396 1
9397 2
9398 1
9400 0
17593 2
17594 1
17595 2
12490 3
16680 1
9409 1
1218 2
1219 0
11126 1
17607 2
1224 1
9417 1
1226 1
17612 2
9421 2
12316 2
17616 0
9426 2
9427 2
9428 2
9429 1
13047 0
1241 2
1242 3
1245 0
9438 1
17633 3
1251 1
17638 0
17639 1
9448 0
9449 0
17642 1
17643 0
9452 2
16594 2
1262 2
9455 1
1264 3
9457 2
1266 0
8403 3
17652 1
9461 2
17654 3
13865 2
1272 3
6589 1
9467 2
17660 2
1277 1
9470 2
17663 1
17664 0
9473 1
17666 2
9475 1
9476 2
17669 2
17670 0
9479 2
17672 0
17673 2
1290 1
9483 3
7408 2
1294 2
9488 3
9492 2
1301 2
15066 2
17688 0
17689 2
17690 1
9499 2
17692 3
218 3
17695 2
1313 3
7136 0
17703 2
12319 2
1321 2
1322 2
1323 0
1324 2
17711 1
1329 3
1331 1
4318 2
17719 1
1336 2
1337 0
1338 1
12511 0
1340 2
9533 2
17726 2
1343 2
9536 0
9540 2
18621 0
1353 0
1355 1
17740 3
6319 1
15245 2
1592 3
9555 1
17748 1
11150 2
1366 0
7374 3
17753 0
1370 2
17755 0
17756 0
17757 1
9566 0
9567 3
15248 1
17762 2
1595 2
17764 2
1381 2
1383 2
9788 0
9578 1
4327 1
9580 1
15250 3
1390 2
1597 1
9584 0
9590 2
9592 1
9593 2
17786 2
17787 3
9596 0
9597 2
9599 0
1408 0
1410 2
9603 1
9604 2
17797 3
9606 1
1601 1
17800 2
9611 2
1420 0
1422 2
9615 2
17809 0
9618 0
1646 0
17176 2
173 2
10686 0
9625 0
9626 2
4335 2
1436 1
1437 3
9632 1
1441 1
17827 1
1444 2
9637 1
9638 3
9639 2
2269 0
1449 2
9642 0
17835 2
9646 1
7069 0
17840 2
17841 1
1460 3
10648 2
1462 1
1464 2
17849 2
17850 1
17851 1
9660 2
9661 1
1470 2
17855 2
17857 0
9667 3
9669 2
1478 1
2331 3
1612 3
1482 1
1483 2
9676 2
1485 3
1486 0
9679 1
4344 3
9685 2
9691 3
250 1
9694 0
13689 0
17889 0
15270 0
9702 2
17895 0
17896 1
16636 2
9706 1
2983 2
9708 2
9718 3
13768 3
17913 2
9722 2
1531 0
9724 1
4961 1
2075 0
17921 0
1539 2
17924 0
1542 2
9735 0
1865 0
1546 0
1548 2
9741 2
17934 2
7085 0
1553 1
17939 0
17940 0
17237 2
9817 2
17944 1
1561 2
1562 0
15279 2
17948 2
17949 2
17952 2
17953 0
10569 3
13041 2
17956 2
16646 1
17958 2
1575 1
14237 0
9820 0
9770 1
9771 1
1583 2
17968 0
9777 0
15874 3
1588 0
9781 1
17975 2
9784 2
17977 2
17979 2
1596 2
9789 1
9791 2
9792 2
17985 2
1602 3
17988 3
1605 0
1608 1
9801 2
1610 1
1611 3
10692 1
17997 3
17998 2
17999 0
3000 2
9811 0
9812 0
18603 0
1622 2
6272 3
9828 1
18012 3
18014 3
1633 0
1634 2
18020 0
9829 2
9830 2
18023 3
18024 3
11196 0
9834 3
18028 1
8466 0
9838 1
1640 2
9842 1
3601 3
1653 2
18038 2
276 3
9852 0
1661 1
9854 1
9855 0
9857 0
1666 2
9859 2
18053 2
1670 0
1672 3
9865 3
9866 0
9868 1
1677 0
18062 2
1645 0
18066 1
18067 0
1684 3
18069 0
9878 3
12569 1
5239 0
18076 0
18077 0
9886 0
18079 2
1696 2
18081 2
18082 0
9891 3
1700 2
18085 1
1702 2
1703 1
18088 2
9897 1
3330 1
18091 2
8513 0
1711 2
1712 1
1713 0
1714 0
1717 2
9911 2
1720 0
1652 2
1723 1
9916 1
18109 2
1726 2
1727 0
5513 2
16672 0
9923 0
1732 2
9927 2
5467 0
18121 1
1738 2
18123 2
18126 0
18127 0
1746 2
1749 0
1750 1
17789 1
1753 3
18138 2
18139 1
18141 0
18142 1
1759 2
9953 0
18146 0
18147 1
1764 2
9958 0
3025 1
9960 0
1769 2
18584 1
1771 1
18156 1
18158 0
18045 0
296 0
18162 0
1779 0
1782 1
18167 1
1786 1
9981 2
1790 2
1793 0
16683 2
7126 0
1798 1
1799 2
1800 0
18186 2
9995 2
18188 1
18050 3
18190 1
1810 3
18195 1
1812 3
10005 3
1814 0
3033 0
18201 1
575 1
18203 2
18204 2
1821 1
18207 2
5687 2
18209 0
1826 2
1827 2
10020 3
18214 2
10023 3
18217 0
18218 2
10028 1
12594 1
10031 2
10032 1
18225 2
10034 1
10035 2
10036 2
18229 1
10038 2
1847 0
18232 2
10041 2
14045 0
11231 0
1852 1
1674 2
1855 2
10048 2
1857 2
1858 1
10052 1
18245 0
1862 3
18247 2
10056 2
18249 3
8791 2
10060 2
1869 0
18254 2
1872 0
10066 3
10428 0
16697 2
18264 1
6882 3
10074 2
6941 0
5791 1
18269 2
10078 2
10080 2
18273 2
10082 3
10083 2
10084 1
1893 1
10087 3
10088 1
316 0
10090 0
3047 0
18284 1
5246 0
18286 2
9065 2
12884 1
10098 1
10099 2
5519 1
18293 0
1911 0
1973 0
10106 2
1917 0
1918 2
1920 2
1921 2
18306 2
1924 2
10117 1
10119 1
10120 1
1929 0
18314 2
18315 3
10124 0
10125 1
10126 3
18319 0
1701 2
16485 0
16707 0
1944 0
1945 2
10138 3
9316 0
18337 0
10146 2
18340 2
10149 1
1958 0
1961 2
10154 0
12615 2
1964 2
1965 2
18071 3
13981 3
18353 0
1970 0
18355 3
1694 2
10166 2
1975 1
10169 2
1978 0
18363 1
1980 0
18366 2
10175 0
15350 0
1991 2
1992 2
18377 0
1994 0
18379 1
18384 2
6886 2
18386 1
18387 2
2004 0
2006 1
2008 2
2009 0
2010 1
2011 1
9887 3
18397 1
10207 2
18401 1
10212 0
10213 2
2024 2
7164 2
10220 0
18414 3
17144 3
18419 1
18420 2
18421 3
18424 1
18426 1
16162 3
18428 2
10237 0
10242 1
9899 1
18436 2
4438 3
10247 1
10248 2
5804 1
9343 2
2061 3
10254 2
16728 1
2067 2
2069 3
10262 3
18455 2
10264 0
2073 2
2074 1
10267 0
2524 1
10270 3
10162 0
18464 0
18096 2
12635 0
18468 0
18469 2
14001 2
2088 2
9659 1
9344 1
2091 2
2092 2
2093 0
10286 1
18479 0
2096 1
18481 0
2098 2
18483 2
10292 3
10294 1
10295 0
10296 1
5033 3
18491 0
2108 3
2109 0
2112 2
10305 2
10306 1
18499 1
18500 2
10310 1
10311 2
10312 2
2121 0
10314 0
2124 2
10317 1
18511 3
2128 1
2129 1
2130 1
10324 1
2134 2
10327 1
10328 2
2138 2
10331 0
10332 1
357 0
18528 0
7184 0
14011 3
10340 3
18533 2
10342 2
18535 1
10346 3
359 3
2157 0
11910 0
18543 0
13729 1
18545 2
9892 0
2164 2
18110 1
10358 2
8801 0
15380 1
18111 1
9921 3
10366 2
3093 3
2176 2
10371 2
10372 1
18567 3
2184 3
8556 1
18572 0
2189 0
18574 2
18579 2
2196 0
18581 2
10390 0
10391 1
2200 1
2201 2
18586 2
18587 3
18592 0
10401 2
18594 2
2211 0
2212 1
18597 3
10407 2
18600 2
10411 2
18604 2
10413 0
18609 0
12999 1
10420 2
10421 2
18615 1
10426 1
2235 2
2236 2
9930 3
18078 2
2240 2
10435 2
18632 2
18633 0
2436 0
2251 2
2252 1
18637 1
2254 2
18640 1
18641 2
2258 2
18644 2
10455 1
2264 2
18649 0
10461 2
2272 0
2273 1
2275 2
18661 1
2278 2
10471 1
18664 0
2281 2
18301 2
10475 1
2285 2
18735 0
381 0
10483 0
10484 2
13545 3
18679 3
2297 2
2298 1
2299 2
18685 0
2303 0
2304 0
12672 3
18690 1
18691 1
11335 2
18134 2
10502 2
10505 2
18700 2
18701 2
10510 0
10511 0
18704 1
18706 2
18707 1
2324 2
10517 1
18710 2
2329 2
9352 1
10523 2
10524 2
2333 2
18718 1
10527 3
10528 3
10530 1
18723 1
18724 0
18725 1
18726 1
2343 1
17536 2
8799 2
18732 2
10541 2
10542 2
1757 1
2353 1
2355 2
2356 2
1758 3
18743 0
2362 2
10555 0
2364 2
2365 3
2458 0
15413 2
2368 1
10561 2
10564 2
2373 1
1761 0
2376 3
2377 0
10573 1
10574 2
10575 1
10576 2
3128 3
18771 2
2388 2
2389 2
10583 2
18148 0
18779 0
10589 2
2399 1
400 0
2402 0
18788 1
18790 0
18791 1
2409 2
10602 2
10605 1
616 3
10607 1
10609 0
10611 0
10612 2
18805 3
18807 2
2424 3
18357 2
10618 2
10619 0
18812 2
18813 1
18814 2
18815 2
10625 1
2434 2
18155 1
17539 3
18821 2
10631 2
18824 3
2441 2
9845 1
354 2
10638 1
18832 1
2449 2
2451 2
2452 2
2455 2
15903 2
15401 0
900 1
9967 1
18844 1
10653 1
1762 0
7447 2
2466 0
10659 3
10660 2
18853 2
10662 2
18161 1
2472 2
16796 3
2475 1
10448 3
2478 3
10672 2
4447 3
10675 2
2486 2
3145 3
2489 3
4511 1
2493 0
2494 0
1544 1
10689 3
9405 2
2499 3
2500 2
10693 2
2503 0
10699 1
10700 2
10702 2
2512 0
2513 1
10706 1
10707 2
2516 2
2517 0
10711 2
10712 2
10713 2
10714 1
10716 1
2525 1
11268 2
2527 1
2531 1
2532 0
12710 1
10726 2
10727 2
1721 2
16807 1
10734 1
18173 2
2544 0
5419 2
2546 2
2549 2
10742 2
12713 2
11348 1
2555 1
2556 1
10749 1
2558 1
2560 1
10755 0
2565 0
13657 0
2571 1
2572 0
10766 0
12717 1
2578 1
10771 1
10773 1
10774 1
2583 3
2586 1
15020 0
10783 3
10784 0
10785 2
10787 1
2597 0
2599 2
2600 2
10793 0
2602 3
10796 2
2606 3
10799 1
10800 0
10801 2
10802 0
8627 0
2613 1
2615 2
2616 1
10809 1
2619 2
10812 1
10813 0
10814 1
2624 2
10817 1
13329 2
2627 2
10820 3
10822 1
2632 0
10825 0
10826 0
10830 1
10831 2
2640 2
12728 2
10835 0
17546 2
10839 0
16455 2
14095 2
4538 2
2654 2
2655 2
14584 0
2657 0
10850 1
10851 1
10852 2
2661 0
2664 0
10857 0
2666 0
15910 1
10860 1
18194 3
10862 0
2671 0
2672 2
10867 1
16830 1
2678 3
12711 2
10873 0
10876 0
10878 2
10881 2
2690 0
10883 2
10884 0
12402 1
10887 2
15541 2
10897 3
2706 2
8643 1
10901 2
2710 3
7728 2
10904 3
16836 1
2714 0
2715 2
16837 1
10913 3
2722 1
2723 2
10916 2
8646 1
10918 2
15473 0
9381 3
10012 1
2730 1
16839 0
2732 0
10925 1
15094 2
12639 0
2741 2
4553 2
9649 1
9366 1
2751 0
2753 2
2754 2
10947 1
2756 2
2757 0
2758 2
2759 2
2764 3
17550 2
8653 1
2768 1
2769 0
2772 2
2774 0
2776 0
1828 2
2778 2
16847 0
15482 1
10974 3
2783 3
2784 0
2785 2
16658 0
2788 0
2790 1
2791 2
2792 2
2793 0
2794 3
2795 0
10988 0
12754 2
2798 0
2799 3
10993 3
16851 2
10996 1
2807 3
11002 3
11391 0
5930 2
10522 1
11011 0
11015 2
11016 0
2825 2
8249 2
18221 2
8664 1
18098 2
11875 0
11034 2
11035 0
11037 1
11038 2
15493 2
1840 2
2851 1
11045 2
2854 1
2855 2
2857 1
6369 1
11055 2
11056 0
11058 2
1843 0
13189 0
11065 2
2874 0
2876 3
10037 2
2880 2
11073 1
2882 2
2883 0
2884 0
11077 1
11078 2
15099 1
3212 1
11082 2
2893 0
11087 2
2898 2
8675 2
3214 1
18233 2
2904 1
11097 1
2909 1
2910 1
11103 0
2912 1
11106 1
11107 1
11109 2
11110 3
11112 1
11113 3
2924 0
2925 2
11118 0
1853 1
2928 1
2929 0
15507 2
2934 0
11127 1
11128 2
10047 1
11132 2
11133 0
2942 2
2944 2
1856 2
11138 2
11141 0
10276 2
18241 0
2952 2
11145 2
11146 3
11149 0
2958 2
2959 2
2962 0
11162 2
2973 2
2975 1
2977 0
2979 2
11175 1
2985 2
11178 3
10055 2
2988 0
2992 2
2993 1
2995 2
11191 2
11192 2
11193 0
11194 2
3004 0
18250 2
15103 1
3010 3
11203 1
11557 2
3014 0
3016 1
1868 3
9375 0
7330 0
11214 2
504 3
11218 1
9648 2
11220 1
11222 0
8697 0
11225 0
11226 2
1192 2
15104 1
12649 1
3040 2
3041 1
16891 3
11236 1
11239 2
3048 3
3049 2
3052 1
11245 3
12797 1
3057 0
3058 1
3061 0
11254 2
15529 0
11258 3
11259 2
11262 2
1466 2
3072 0
512 1
3074 1
11435 2
3076 2
3079 2
3081 2
3082 2
3086 0
3376 2
17140 0
4611 2
12732 1
11285 0
3099 0
3100 0
1882 0
3102 2
11295 2
3104 0
5979 0
3108 2
18107 3
3110 2
9378 2
3112 1
3114 3
11307 2
11309 0
3119 2
11312 2
11315 0
11320 0
3129 3
1468 2
11041 2
8714 1
11327 2
11329 2
3138 1
4658 2
3254 1
11334 2
3143 2
11336 2
16908 1
3146 0
11339 2
4621 2
3152 3
11345 1
7495 0
18275 1
3156 0
3157 0
11350 1
18276 0
3162 1
11355 3
378 3
11358 0
10085 1
3168 3
17620 0
11364 1
11365 1
8721 2
3177 3
11370 1
18279 1
3181 3
3182 3
3183 2
3185 0
11379 3
3188 2
12654 0
11383 1
532 3
3195 2
11388 1
3198 0
8725 1
11393 2
5995 1
11397 2
11398 2
3207 2
11403 2
11404 1
3266 0
3653 2
3215 2
3216 2
11409 1
18734 2
15555 1
11414 1
11416 2
3268 2
12351 2
3227 3
3230 1
3231 1
11424 3
11425 2
11426 3
8731 0
11428 3
3237 1
11430 0
3239 0
11432 0
3241 1
11463 1
3244 0
11438 2
4637 1
11441 3
3250 2
1907 0
16926 2
11446 1
3255 1
11449 1
11451 1
11454 0
11151 1
3264 0
11457 2
11458 2
11460 0
11461 1
3270 1
16929 2
11464 2
11465 3
9929 2
4768 2
546 1
12657 2
3280 2
3282 0
547 1
3285 1
3286 1
3287 2
3288 2
9384 3
3294 0
11487 0
3296 0
3298 1
6011 2
2292 0
3303 1
7496 0
3305 1
11502 2
3311 1
11504 3
3314 3
11510 2
16937 2
3320 2
3321 1
11514 2
11515 0
16938 0
11518 2
3327 0
3328 1
3329 0
11522 2
12843 1
3333 1
11528 1
11529 2
11530 1
11532 2
3342 1
2839 2
10477 2
11540 2
5567 2
3351 3
3352 1
3354 2
11547 2
3357 1
3358 0
3359 3
3360 1
3361 0
11554 1
3363 1
14214 2
3368 1
7388 2
11565 1
3375 2
11568 2
18312 1
3380 1
3381 1
11574 2
11575 0
17644 1
555 2
6026 2
11584 3
3393 1
3394 2
3395 1
3396 0
3399 0
3400 0
3403 3
3406 1
1933 2
3409 0
3411 0
6030 3
16953 1
18390 0
3419 2
17299 0
11613 1
3422 1
3423 1
3424 3
11617 1
12859 1
15117 2
3430 3
3431 1
9116 1
11629 0
3438 0
11631 2
3440 1
3446 2
11640 2
3449 2
16959 2
11644 1
3453 2
11648 1
16960 1
3461 0
17266 0
12866 2
7405 2
11666 2
16963 0
11669 3
3478 2
3479 2
11672 2
16964 2
11674 0
11503 0
11300 2
3489 3
11682 2
3491 2
3492 0
3495 2
11690 0
3499 0
3501 1
3502 2
3503 2
3504 2
3506 0
3509 2
8573 1
11704 2
3515 1
11709 1
10392 2
587 1
1660 1
8028 3
8780 1
11724 2
14242 0
4482 1
589 1
11729 1
11731 2
11733 3
3542 0
11513 3
8461 3
16975 1
3548 3
11741 1
11742 0
6853 0
11744 2
592 1
11747 2
3556 0
3557 2
9583 2
11752 0
10171 0
3564 3
12858 0
3325 0
11761 1
3572 1
3573 0
11766 0
6057 2
3576 0
8788 2
11771 1
11773 2
11774 1
3583 2
11779 0
11780 3
3589 1
7425 3
18348 1
3595 0
11789 2
18349 1
17305 2
11793 1
3602 0
6025 2
11800 2
120 3
11802 0
3611 3
11804 1
11806 2
3619 2
3621 2
11815 1
11816 0
11817 0
3628 0
11821 1
3630 2
605 3
11824 1
11825 2
11826 2
1971 2
3638 2
3639 2
11832 1
11833 1
17852 2
12081 3
3646 0
6069 1
11840 0
11841 2
11842 0
11844 2
18358 3
3654 0
3655 1
11849 0
3659 0
11854 0
11855 0
11856 3
11857 0
3666 0
8803 0
11860 1
3671 2
3672 1
3673 1
3674 2
3676 2
3677 2
3678 2
11871 2
11874 1
1979 1
11876 1
11877 2
11878 1
11879 2
11880 1
3689 1
11882 3
11884 2
11886 2
11887 2
11889 1
12905 3
3704 1
3348 2
3706 2
618 1
15672 1
3713 2
11906 1
11907 2
11909 2
9671 1
11912 2
11913 1
15639 1
3727 2
15640 0
3730 2
3731 1
9081 2
8814 2
16764 3
4719 0
3740 0
3745 2
9443 2
3747 1
3749 0
18683 1
3751 1
3752 3
3753 3
3754 2
11957 0
3766 3
10185 0
3768 0
3769 2
6497 0
3772 1
2035 2
3777 2
3778 0
3781 1
15649 3
15366 1
11978 0
3787 2
3788 2
3789 0
16992 2
4728 2
11990 1
1763 0
15652 1
3805 2
11998 2
7461 1
3808 2
3810 2
3813 0
3814 1
6097 3
3820 1
12013 2
4733 2
8830 0
3830 0
10196 1
12029 0
3842 0
18677 0
12037 2
12040 0
12676 3
3373 3
17027 2
2426 1
12053 1
3862 2
18393 2
644 1
12059 0
12061 3
4766 1
14657 0
12065 0
3876 2
17587 0
3879 2
3880 0
3881 0
17031 2
11586 0
6676 0
3887 2
3889 2
5645 0
12084 1
6110 0
12086 1
12087 0
3897 0
3901 0
12094 2
11573 2
1221 2
651 0
12100 2
12103 3
12104 2
12106 2
12108 2
12109 2
12110 2
653 2
18084 0
6115 3
12118 2
18404 2
12123 0
3932 3
3935 0
3936 1
12130 2
12131 3
16993 2
11811 2
4753 2
12136 2
12138 1
12139 2
12141 1
3950 0
3952 2
3953 1
10709 2
12152 1
3961 0
12154 0
15679 0
12158 2
3967 3
12161 3
132 2
3971 1
7770 3
3974 3
3975 0
3978 2
3979 1
12173 0
12175 2
3984 1
3985 2
3986 0
12180 1
12181 1
12183 2
12184 2
3995 1
13772 2
4762 0
3998 0
12191 0
10283 2
6128 2
4002 1
12955 2
12197 3
4006 2
6129 2
4225 2
4009 3
12202 2
4011 2
12206 1
4015 1
12209 2
12210 2
4019 1
4021 1
12409 0
4024 1
4027 0
12220 1
4029 2
12222 2
12223 1
4032 1
8864 2
4037 3
4038 0
673 2
12235 0
7534 2
4048 0
11429 0
12963 1
505 3
12247 0
12248 2
4057 2
4058 2
2591 0
4061 0
4062 1
4063 2
4064 3
12257 0
12258 2
2043 1
12260 1
4069 3
12262 2
12265 1
4074 1
679 0
18227 2
4078 1
4079 0
12272 2
15699 1
12276 3
4086 2
4087 0
4088 0
12285 0
4094 3
14336 1
4098 1
8875 2
12293 3
4103 2
4501 0
4107 2
12300 2
18434 3
4113 1
4114 1
3683 1
4118 2
12312 0
2052 2
12314 2
4124 2
14321 2
4126 0
18437 0
4130 2
15707 1
12324 2
12325 0
4134 0
4137 2
12330 1
12331 2
4140 0
12333 1
12413 1
3684 3
12338 3
11614 1
4151 2
12344 2
4153 2
12346 0
15711 2
4156 0
3737 0
12981 1
4161 0
4162 0
4164 0
8702 2
4169 3
4171 1
12364 3
4173 2
5265 2
4175 2
4176 3
4180 0
4181 0
4182 3
12376 2
12377 2
4187 3
15358 2
10096 0
18143 1
7525 3
4192 2
4195 1
12142 2
12390 2
4199 0
12392 1
4201 2
4202 1
4205 2
4206 3
12399 2
8869 2
4210 3
18451 0
12990 3
7529 2
4216 3
4217 3
12412 2
4221 2
4222 2
10261 2
12417 2
4226 0
4227 2
2483 1
12422 2
12423 2
12424 2
12427 2
5101 3
4238 0
4239 0
2072 2
12434 2
707 0
4244 2
4245 2
12438 0
18457 1
16781 0
4249 1
12445 2
12448 1
12144 1
4258 1
12451 1
4261 2
4262 2
12456 1
2076 2
13781 1
4267 1
4270 0
14365 3
8904 1
15418 3
12470 2
713 0
12472 1
4282 0
9903 1
714 1
8326 2
17159 3
12486 2
18465 1
4296 0
4298 0
4299 3
12492 2
4301 1
4302 1
12495 2
12496 1
4307 2
4309 2
4310 0
12503 0
4312 2
12505 1
4815 2
12509 2
12510 1
4319 0
4322 1
4323 2
4324 2
4325 2
13009 2
4328 3
12521 2
4333 2
15741 1
4336 0
4337 2
4338 1
12531 0
12533 2
4342 2
12536 1
4345 2
10282 2
12544 0
4353 2
4354 2
18475 0
12549 2
4359 2
12552 2
12553 2
4364 2
2873 0
4366 3
4367 3
14330 0
12563 2
9420 1
4374 2
12567 1
4377 3
12570 3
4379 2
4380 2
12573 0
12574 3
4383 2
4386 3
13019 2
11330 1
4389 2
5321 3
13020 0
18482 0
4398 3
12591 1
12592 2
4402 1
12595 2
12596 2
18773 3
15753 0
8927 3
13024 2
12610 0
4421 0
6576 2
4423 2
4427 1
12622 1
4433 1
12626 2
4436 2
7566 2
12630 2
4439 2
13514 2
4441 1
13723 2
7567 2
10298 2
12638 2
13029 3
12641 0
6367 2
4451 3
742 0
5331 3
10300 2
4458 2
12652 2
4462 2
10301 2
4464 2
4465 0
12658 2
12660 2
17433 1
4471 1
12664 1
12666 0
12668 2
2604 0
4480 1
12674 3
8939 2
4484 1
7613 0
1844 2
4487 2
10515 0
12681 0
4490 1
4491 1
12685 2
12686 2
749 0
4497 0
4498 2
12692 2
8942 1
12695 3
12696 1
4505 0
4507 1
4508 2
15770 2
4510 1
12703 3
16517 1
4515 2
4516 0
12709 0
4518 1
4519 0
12712 3
4521 1
4525 1
12718 1
4528 2
4529 2
4531 1
4532 1
4533 0
12727 1
4536 0
12729 0
12730 1
12731 0
4540 1
16518 2
2879 2
12739 2
4549 0
4551 0
4552 1
10316 2
8473 2
12747 2
4557 1
12750 2
18675 0
4789 3
14433 2
4566 2
17145 1
4568 0
12700 1
4571 0
12765 2
4574 3
7589 0
4576 3
10518 2
12771 1
4581 1
12774 1
4583 1
4584 0
4586 1
12780 1
12782 0
12783 1
4592 0
12786 0
4595 1
12788 2
13054 1
12790 0
12792 1
9796 0
12795 0
4605 2
4607 1
4608 0
4609 1
4610 1
12803 1
12804 1
4613 0
12806 0
12807 3
4616 0
4620 0
12813 2
4622 2
4623 2
18520 1
4626 2
12819 1
12821 0
4630 0
4632 2
4868 0
12826 2
4636 0
427 2
4641 2
18523 0
12836 3
12839 0
12840 1
12841 1
4651 0
4652 3
4653 0
12430 1
12847 2
4656 1
12850 2
2610 3
12852 2
12853 2
4662 0
12857 0
4666 0
10335 2
12861 2
5611 1
4674 1
2065 0
12869 2
12870 1
4679 0
12872 2
12874 1
4683 0
12877 2
4686 2
4687 0
4688 1
17830 3
11131 1
4693 2
17887 2
12888 2
4697 1
4698 2
7088 0
17267 0
2149 2
4704 1
4705 1
15803 0
4709 1
12904 2
4713 0
12906 2
12907 0
12908 0
12909 2
5067 2
12911 1
1834 0
4721 2
4722 0
4723 0
4724 2
13396 0
4726 1
12919 1
12920 1
788 2
4732 0
18538 2
12930 2
12931 0
12932 1
4742 1
4745 1
12939 0
4748 1
12941 1
4752 1
12945 2
12946 1
8324 0
4758 0
4761 0
12954 0
4763 2
4764 0
12958 0
12960 2
12961 2
4771 2
12966 3
2161 0
4776 2
8988 3
12971 1
159 2
4781 1
9579 2
14451 0
798 2
4790 1
18163 0
10356 1
12986 2
4795 3
4797 2
4798 0
4803 3
4805 1
12998 1
4807 1
4808 1
4811 3
13004 2
4813 1
4814 2
13007 1
4816 1
4817 2
13010 0
13011 0
13012 1
13013 1
13014 2
13015 1
13017 1
4826 1
4827 1
2487 2
13021 0
4830 0
4831 1
4832 2
4833 3
13027 0
4837 2
13030 2
4839 0
4840 0
4842 1
807 2
4844 1
13038 1
13039 0
9000 1
13042 2
13043 2
13045 1
4854 0
4855 2
4856 1
13053 0
4862 1
4863 1
13056 0
9982 1
4866 0
13059 3
13060 0
13062 0
6274 3
4878 0
13072 0
15832 0
13075 2
13076 3
13079 0
4888 2
18564 0
4890 2
5488 0
13084 2
4893 1
7546 2
4896 3
4898 2
4899 1
4900 0
13093 1
13095 2
4904 0
13097 2
2183 2
4908 1
13101 3
7645 0
13104 3
4913 3
13106 2
13107 0
13108 0
13110 1
2185 2
13112 1
13114 2
14894 2
4927 2
4929 0
13123 2
13124 3
9014 3
15039 2
13127 2
13128 1
4937 2
13134 1
13136 2
4920 0
4947 0
13140 3
6286 3
13142 1
4952 2
13146 0
4956 0
13150 3
4959 0
13153 2
4962 0
9019 1
13156 0
4965 0
13158 1
16805 0
4973 0
13168 2
4979 1
13173 2
13174 0
4986 2
13119 0
4989 0
4991 1
4993 2
2198 1
14351 3
5001 2
13195 0
13196 0
5005 3
15853 1
13200 0
13201 2
5010 0
4931 2
13204 2
5014 0
13208 2
1258 0
13210 2
13214 1
13125 1
13216 0
5025 2
5026 2
3634 3
5030 2
13225 2
5035 2
8722 3
5037 2
5043 2
5046 2
13240 2
11764 2
1425 2
13244 2
13245 2
5054 1
5057 3
5058 2
13253 2
2209 0
5064 2
10807 0
11767 1
13260 3
13261 2
5072 3
13266 1
5077 1
13271 1
13272 0
13273 1
13275 2
13276 2
5085 1
10405 2
13281 0
13282 2
13283 2
13284 0
13285 2
4717 0
13287 2
8353 1
13290 1
13292 0
17234 3
13295 1
13297 0
13298 1
5108 1
13301 2
13302 1
13303 2
4948 2
13307 1
5116 3
13309 1
13311 2
13312 2
5121 2
5122 2
13315 0
16619 0
13317 0
13320 2
10412 2
5130 1
5131 2
13324 2
5133 3
6172 0
18605 2
5137 1
5138 0
6932 0
13332 2
14510 2
13334 0
5143 1
3588 0
2899 2
5147 2
13340 2
13342 2
15877 0
13345 3
5154 2
5155 0
13348 1
13349 0
13350 0
509 3
5160 0
17244 0
13356 2
5165 0
17245 1
13360 2
5171 1
13364 3
9054 0
13367 3
5177 3
4264 1
13373 2
13374 2
13376 3
5185 0
5186 0
13379 0
5188 1
865 1
13384 2
4017 2
10423 0
5196 2
5197 3
13392 0
5201 1
13395 2
14085 3
13397 0
5206 1
13399 2
4964 0
5210 3
5212 1
13405 2
5214 2
13407 0
5216 0
13410 1
870 2
5222 0
13415 0
5225 3
13418 1
13419 1
13420 3
13421 0
5231 2
13428 3
13431 2
16450 0
3199 3
5244 0
4539 1
13438 1
13439 1
13442 2
5251 2
13446 3
5255 0
13448 0
5257 0
15895 0
2630 1
13453 1
5264 3
13457 0
13458 0
9070 2
8873 2
15897 0
11905 3
9450 3
13467 2
5276 2
13470 3
6750 2
5283 2
13476 3
13477 2
5289 0
13482 3
5291 0
5292 2
5293 2
15901 1
10440 2
9075 2
13494 3
13496 2
884 1
5306 1
13499 1
18634 1
4981 2
5313 2
10443 0
5317 0
13512 1
18636 2
5322 2
13515 1
13516 1
13517 0
13519 2
13520 2
13521 0
15907 1
889 0
5336 1
5338 0
13532 0
5491 2
5345 2
13539 1
5348 3
5349 2
13542 0
5351 0
5352 1
17276 0
5358 1
13551 2
7132 0
5361 2
5362 2
3179 2
13557 0
13558 2
13559 2
3452 0
13563 2
5372 2
13565 2
5374 1
6357 2
17280 1
5378 2
13572 2
5381 2
17281 0
13576 1
13577 1
13578 2
6359 2
13580 2
5389 2
13586 0
13587 2
13588 2
5399 3
13592 2
5401 2
11091 3
11823 1
9474 1
4997 2
13600 1
5090 3
13602 2
13603 0
3999 0
13605 2
5414 1
13607 2
13608 2
13610 1
9095 2
13612 2
15922 2
5422 2
13615 1
13616 2
5000 3
4545 0
13621 2
13624 1
13625 0
13626 3
13627 2
13628 1
5437 2
5440 0
13633 0
17291 2
5444 2
13638 2
13639 3
13640 1
9100 2
11831 1
6370 2
14639 0
10467 2
16003 2
17294 0
13654 3
5464 2
5465 2
13659 1
5469 1
5472 2
912 3
7074 2
5476 0
18662 2
5478 0
13671 1
5481 0
13674 0
13675 1
5485 0
17095 0
7741 0
13680 0
5011 3
11838 2
5496 2
5497 2
9418 1
16550 1
13696 2
13697 2
5508 2
14917 1
3649 2
14572 0
13707 2
13708 3
13710 2
13711 2
5520 0
9112 2
7747 2
13716 3
13718 2
13209 2
5528 0
5531 3
13724 3
4003 1
13726 2
13727 1
6384 0
5538 0
5539 1
13732 2
5542 2
5544 3
5545 1
13741 2
11096 2
13747 1
5556 1
13750 2
13751 1
5560 1
13753 1
13754 2
5564 1
13758 0
13759 0
5568 3
5569 1
5571 1
5641 0
13766 0
5576 1
2095 1
5578 3
5579 2
5580 1
5581 2
5583 2
13776 1
13777 3
5586 0
5587 1
5588 3
5589 3
13782 2
15774 0
5592 3
932 3
13789 3
10621 2
5603 0
13796 0
5606 0
4729 2
13801 0
13553 0
5612 2
1783 1
11003 0
310 2
5619 1
5623 0
5624 2
13817 1
5626 3
5627 1
5628 1
5630 2
5631 0
5632 1
18688 1
13827 0
13828 1
13830 0
5639 2
16009 0
9132 2
13834 2
13836 2
10498 2
5648 1
583 1
5652 0
13845 1
13846 2
5655 2
4280 1
5384 0
5661 1
1947 1
5664 2
5666 0
5669 1
5670 1
5672 3
5673 3
5674 1
13867 2
5676 1
13871 1
13873 2
5682 3
947 2
5685 2
5686 2
18697 1
13884 2
17102 0
2099 2
5698 2
12192 0
13894 0
13896 0
13897 0
9876 0
13900 0
3682 2
13902 0
6413 1
5712 0
17336 2
5714 0
5373 1
13911 2
13912 1
13913 0
5722 0
5724 0
3685 2
13920 2
14608 2
2002 0
13925 0
13928 1
13930 1
3687 0
2646 2
13934 3
5743 1
3688 1
13938 2
1402 1
13941 0
11881 1
18708 2
13946 0
18502 3
3690 2
5758 2
5761 1
13954 1
5763 2
5765 2
961 1
1283 2
13961 0
8921 2
13965 0
5777 2
5780 1
5781 0
7012 0
5787 0
18714 1
13982 0
9157 3
13986 2
13987 2
9158 3
5798 2
13991 1
5800 1
5802 0
13996 1
13997 0
13999 1
5809 2
5810 0
5811 2
14004 3
4901 0
5814 2
2439 1
7796 3
5818 2
5819 1
16015 1
5822 1
14015 0
5824 2
14017 3
5826 0
13259 2
5829 1
5831 0
5833 3
3703 2
14029 2
10560 0
5841 1
14036 1
5845 0
5847 0
2340 3
5850 2
14044 0
5853 2
14049 1
5859 2
5860 2
14053 2
4014 2
17153 0
5865 1
14059 1
5868 2
5869 2
14062 3
14066 3
14069 0
5879 2
5881 2
14074 3
7807 2
5884 0
5886 2
14084 1
5893 1
5894 0
14087 3
9184 2
5903 2
5907 2
5909 3
14103 1
14107 0
5916 1
16291 2
3717 2
14640 0
5925 2
14119 1
14120 2
14122 3
7815 2
14124 0
5933 2
14126 2
14128 2
14130 1
16188 3
14133 2
5943 0
14137 2
14138 1
14140 2
14142 3
14144 2
10291 1
7819 3
10548 1
5960 3
5961 2
5962 3
10551 2
14157 2
10678 2
5968 2
5927 3
5091 2
5972 3
14166 2
14167 0
14168 1
14170 1
14171 0
18746 2
5982 2
14175 0
14177 2
5987 1
14180 1
14184 1
14186 2
14187 0
14189 0
14190 2
5999 2
14192 2
6001 0
14194 2
2382 0
14198 3
14199 1
7828 3
10559 2
6013 2
6015 0
14209 0
6018 1
14212 2
6021 2
6022 2
18753 0
14216 2
14217 2
14218 0
14219 0
14221 0
14222 0
13293 1
14224 1
14228 0
17659 2
14234 0
6044 3
6045 1
14238 1
10567 1
6053 1
6055 1
6056 2
11932 0
6059 1
5223 3
6062 3
6065 2
10319 3
1011 3
14261 0
14263 2
16833 2
14265 2
14266 0
14267 1
14269 0
13023 2
8113 3
14277 2
6086 3
7841 3
14280 0
5111 3
14285 0
6094 2
14287 1
13734 1
5113 2
14292 0
6101 0
14294 0
6103 2
14298 1
18767 0
6108 2
17402 1
14302 2
14307 2
6118 1
6119 1
17404 1
6123 2
4101 3
14317 0
14319 0
14320 2
7848 2
14322 2
14323 2
10580 0
6138 0
14331 2
6151 2
14335 2
3205 1
14337 1
6146 3
6149 0
14343 2
6152 3
6154 2
6156 0
6157 0
5115 1
14352 2
14353 0
17411 1
6167 1
14360 1
5124 2
14363 1
14364 1
6173 0
6174 2
751 3
6177 1
6180 3
6182 0
6184 0
12481 0
14380 0
7858 2
14382 2
14383 0
14385 1
14386 2
14387 2
6196 2
6200 1
14393 2
14394 2
10591 2
6206 2
6207 2
14664 1
14403 0
14407 1
14408 2
14409 2
6220 1
14413 2
14414 2
17421 1
14417 0
14420 2
1038 0
6231 2
6232 2
14425 2
9482 0
6235 2
6236 0
7866 2
14430 3
14431 1
14432 3
9232 2
16681 1
6243 0
14437 2
14439 2
6248 2
6250 2
6251 2
17426 2
221 3
14447 0
6256 2
6257 1
13331 2
6260 1
6505 0
14458 2
12211 2
6270 2
14463 1
14464 3
6273 2
14466 0
6276 1
6277 2
4209 3
6282 2
14476 0
14477 0
18809 2
14479 0
6290 0
4152 2
14486 0
13337 2
14488 3
14490 2
14491 1
14492 0
14494 0
16069 2
14496 0
14498 2
17435 3
14501 0
14504 2
7879 0
6316 2
14509 2
6318 0
483 2
14512 1
14514 3
14515 3
6325 1
18747 1
14519 0
8394 3
18804 2
6332 2
2393 3
6335 0
18760 3
6337 0
14533 2
1057 0
14538 2
6348 3
6349 2
6350 2
14546 0
6355 3
14549 2
14551 1
6360 3
5156 0
6363 2
14556 2
14557 1
14559 2
6368 2
14561 3
14562 1
6371 0
14564 0
14566 3
1576 1
14571 2
6380 0
2429 1
14576 0
6386 1
14579 0
14581 1
6390 2
12871 0
6393 2
14586 2
12488 0
16307 0
6398 3
6400 2
10105 0
3798 2
2433 1
6412 2
14605 0
6414 2
14607 2
6416 3
7896 0
6418 0
14611 1
9262 2
6422 1
6423 3
6424 0
16464 1
6428 1
6429 1
14623 0
14625 2
14626 1
14627 2
11671 0
14631 2
14632 2
14633 0
6443 2
15373 3
6445 1
6446 2
16093 2
6448 1
2440 2
14642 2
13363 2
6453 3
6456 1
14649 2
14651 2
2670 1
12763 2
14655 3
6465 0
6467 2
14661 2
6472 0
6473 2
14666 2
6475 0
6478 3
14671 0
6481 2
6485 0
1307 0
6495 0
1234 1
14690 2
5179 0
6501 0
6504 2
1084 0
6507 2
5945 2
10516 3
16104 0
8673 1
6521 0
6522 2
6523 2
16584 0
14717 1
9219 1
14724 2
1089 3
18647 2
18839 2
17474 2
16109 2
14737 2
14738 3
7583 3
14742 2
13380 2
12267 0
10650 2
14750 2
14751 2
14755 1
14756 0
9286 0
14758 1
16113 2
14761 1
17479 0
14765 0
6575 2
14768 0
6579 2
6580 0
14773 0
14775 1
492 0
2725 2
6592 3
6593 2
14786 0
14787 0
7210 3
14789 2
14791 2
6600 0
14793 1
6602 0
6603 1
14796 2
6605 0
17485 0
14800 2
14804 2
6614 2
7929 3
6616 1
6617 2
6619 2
6620 2
6621 2
6622 0
8391 2
14817 2
6626 3
14820 2
2470 2
6631 2
535 0
14826 2
14828 0
14829 2
17502 3
6639 2
6641 0
14834 1
13083 2
6646 1
10665 0
6648 2
14841 2
14843 3
14844 2
14845 0
14846 1
9301 0
6657 1
14850 2
14851 2
6660 0
1110 2
14860 2
5132 2
14863 1
14865 0
14867 0
14868 2
10670 1
6679 2
14873 2
14874 2
14875 2
14878 2
6687 2
7955 2
14881 1
17499 2
6692 2
16134 0
14886 1
6695 3
6697 2
14892 1
6702 1
6703 1
6704 1
6706 1
14899 1
6708 1
6709 0
14902 2
14904 2
14905 2
8407 2
9312 2
14914 2
6723 1
14916 0
6725 0
14918 3
14920 0
6730 1
6583 2
14925 2
14929 1
14932 2
16864 2
1861 0
18228 2
14937 3
17137 2
1440 2
5953 2
14945 1
14947 1
14949 0
13864 2
14952 1
14955 2
14957 1
10819 2
14960 2
14963 3
14965 0
14966 0
13417 3
6776 2
10864 2
14971 0
14972 2
6787 0
6788 1
14981 1
14982 3
14983 2
14984 0
14985 1
6794 2
12055 2
14988 1
14989 0
6798 1
14991 2
14992 0
14996 2
6806 0
6807 2
6809 0
6810 1
13423 0
15004 2
15005 1
6597 1
6816 1
15009 2
15010 1
15011 0
6824 0
1591 1
6828 1
6830 2
14792 2
6834 0
6836 1
15029 1
6839 3
6842 3
15035 3
6845 0
6846 3
6847 0
6849 0
6850 1
6851 1
15044 1
15045 2
15048 2
6857 1
6859 1
6860 1
15053 2
15054 2
15055 2
8412 1
6869 1
6871 0
6874 1
15067 2
15068 2
15069 2
4411 3
15072 0
6881 2
15074 0
229 3
7867 1
15078 2
15079 3
6888 3
6890 1
16869 0
1866 2
15085 2
15778 0
6896 1
8413 2
15091 1
6901 0
6902 0
15095 1
15096 3
15097 2
5247 2
6910 2
6911 1
6912 2
15105 1
15106 1
15107 1
15109 1
6918 2
14731 2
6920 2
15114 2
6923 0
15116 2
17538 1
6926 3
15119 0
6930 1
15123 1
15124 3
2501 1
6935 0
6936 1
15129 1
18486 3
15132 1
2522 3
8960 0
15135 2
15136 1
15137 3
6946 2
14811 2
15140 0
15141 1
15142 0
15143 2
15144 0
15145 0
6957 1
6747 2
6961 1
6962 2
16179 3
6965 2
6966 0
6967 2
15160 1
1162 3
4051 1
6976 2
9355 3
16872 1
6982 0
15175 1
15176 1
15177 2
7052 1
15180 1
6989 1
15182 0
9357 1
13599 0
15186 1
6995 2
15189 0
10053 1
15191 2
15192 0
10724 0
15194 2
7004 2
7006 2
7007 3
7008 2
7010 1
15204 2
2534 1
1465 2
15209 1
7018 1
14823 3
7021 3
7022 3
7023 1
15217 2
12450 0
15220 2
15237 2
15225 1
2338 2
15228 0
7038 0
5269 0
17980 0
15235 1
7044 3
7045 2
15240 0
7050 1
1175 2
15244 0
7053 1
7055 1
7056 2
15249 2
7058 3
9575 1
7062 0
15255 0
15258 1
10735 3
9237 2
15261 2
10849 0
15264 2
10736 0
15266 1
7075 3
7076 1
7078 3
7080 0
1180 1
15275 1
15276 2
15277 1
6237 0
7087 1
15280 1
15282 2
15283 0
7093 0
16201 1
15289 3
15290 2
7099 3
15292 1
7101 1
10741 1
15296 2
15301 2
17569 2
15304 2
8693 2
7116 1
17570 2
15311 2
7120 2
1187 2
15316 1
16206 0
15318 2
15321 1
7130 0
15323 2
15324 1
7133 2
17573 1
15328 3
15329 2
7139 0
16687 1
10748 2
9383 0
6653 1
15344 3
9673 1
17560 1
10750 2
7158 2
7160 3
15356 1
9386 2
7166 3
17151 2
17579 3
15364 2
8022 0
17424 1
15368 3
15371 2
6658 1
15374 0
15375 1
15376 3
7186 3
15379 3
7188 2
15381 2
7194 2
15388 0
7198 3
17584 3
266 2
15396 2
7205 1
7206 2
7209 2
5150 0
15403 1
15405 2
7214 2
15409 2
7219 3
7221 0
15417 2
7226 0
7227 2
7228 1
7229 0
15423 0
15426 1
7235 2
7238 2
7240 3
7241 1
7242 0
7244 0
7246 2
15439 1
15440 1
7249 2
15442 0
8152 3
2574 0
15448 2
7260 2
15461 0
8559 3
12135 0
18529 0
15471 1
13594 3
15477 2
15478 2
15479 0
8426 2
7290 1
15484 1
15487 3
15491 1
2582 2
15496 0
7306 2
15499 2
15500 2
9410 2
15503 2
15504 0
15506 1
9411 2
15509 1
15510 2
15511 0
485 2
15513 0
15515 0
10778 0
15518 0
15979 1
15521 2
15522 1
15525 2
12145 1
7337 0
15530 0
15531 0
15532 3
15535 3
9416 1
15539 0
15540 2
7349 2
1225 2
15544 1
2427 2
15549 1
7358 0
15552 1
14880 2
8974 2
5323 2
15556 1
2593 2
15560 0
15561 1
15562 0
7372 2
15565 1
15566 0
17613 0
15568 3
7380 0
15574 0
17331 1
14884 2
7386 1
15580 2
15582 0
7391 1
15584 2
16525 0
4850 0
3963 2
15589 2
15592 0
15596 3
17618 2
7407 2
15600 2
15602 2
15603 1
7413 1
4884 0
1236 1
15610 0
15613 1
15614 0
15616 0
15617 2
7426 0
15816 2
15625 1
15628 3
704 0
7440 2
15633 0
15634 0
15636 2
15637 2
15638 2
18797 2
7448 2
15641 0
7450 2
15644 1
15645 3
7454 1
15647 1
18544 0
7457 0
7459 2
7460 2
15653 0
15654 2
2609 0
15656 0
15658 2
16263 2
15660 0
7469 2
15662 0
7472 3
7473 1
15667 2
15669 1
7478 1
15671 0
7480 1
7481 1
7482 0
15675 2
15676 0
7487 1
7488 2
7489 2
7490 3
4341 1
1249 0
15688 0
8195 0
15691 0
7500 2
15696 0
18799 3
15701 0
15703 1
15704 0
7515 3
7516 2
13541 2
7522 2
10811 2
7524 3
9446 1
15719 1
4615 0
15721 2
15722 2
15723 0
7532 2
15726 1
15729 1
7538 3
9761 1
7541 1
15735 0
15736 1
15737 0
15738 2
7547 1
7549 2
16277 2
1414 2
15746 0
7555 0
15748 2
7557 2
14913 2
7561 2
15754 0
15758 2
15759 3
15761 2
15762 2
7571 1
15764 0
15765 2
6106 0
7575 2
15769 2
7578 1
7579 1
7580 2
15773 2
7582 3
15775 0
15776 2
7586 3
15780 0
15781 1
15782 1
17649 1
7592 2
7593 2
15786 0
15788 1
17650 1
16285 0
10824 0
7603 2
15798 1
2633 2
526 0
7611 1
7612 1
2634 2
7616 2
16288 1
7618 0
14923 0
15812 2
9462 2
15815 1
7624 3
7626 2
7630 0
15714 1
15824 2
15827 3
15830 3
7640 3
2639 0
15837 0
7647 0
15840 1
7649 2
15842 0
7651 2
15845 2
6737 1
2313 1
7657 2
3801 3
17713 0
15855 1
7664 3
15859 1
15863 2
6740 1
15867 2
7676 0
4829 0
15871 1
15872 3
15873 0
7682 2
7685 2
17665 2
16300 3
10337 2
7693 2
7694 1
7695 2
15890 2
7699 2
15892 1
16302 1
1415 2
7703 3
15805 2
15898 2
7709 3
9477 2
7715 0
11433 2
7718 2
15911 3
7723 2
7726 0
15919 0
15818 2
15921 2
7730 1
15923 1
7732 1
15925 2
6303 3
215 1
18534 2
7746 2
5387 2
7751 2
7753 3
7754 1
8835 1
5441 2
7759 1
2116 2
15954 1
9486 3
7766 1
15959 1
15962 0
15963 2
1077 2
15966 2
10853 2
7777 1
7778 0
7781 2
15974 1
7783 0
15977 0
14951 2
7789 2
7790 1
18819 0
15984 0
10856 2
7795 0
15988 1
2234 2
7800 0
17684 2
7802 0
4582 2
10858 1
1265 3
15999 1
16000 2
5562 1
6763 0
16005 1
12225 2
16008 0
530 2
16010 0
1303 1
17150 3
16013 0
7823 2
11701 2
16021 0
9497 0
7832 3
16027 1
7837 3
7838 2
16032 1
11445 1
16035 3
16036 1
16040 2
16041 1
8135 3
7852 3
16045 3
7854 2
8181 3
16049 1
16050 3
6771 3
16056 1
16057 1
16058 0
16059 0
16060 2
16061 1
7870 3
16063 1
16064 2
7873 1
8072 1
7875 1
7900 2
6774 0
7878 0
16071 0
16072 0
16073 1
16902 2
14967 0
5410 2
4627 3
16081 2
18539 2
7894 2
16087 2
16088 1
16090 1
16091 2
16092 2
7901 0
7902 0
10747 3
7905 0
7906 2
18056 0
7910 3
7912 0
4483 0
16108 2
7917 2
16110 2
8447 0
16112 0
7921 3
18030 2
16115 2
16117 2
7927 1
5095 2
5418 1
7934 2
7935 2
7936 2
17707 2
16132 0
18820 2
7942 1
8325 2
5720 2
7945 2
7947 2
16140 3
10882 0
16143 2
16144 0
16145 0
14979 3
7957 0
7958 2
16151 1
16152 1
7961 2
16156 2
16157 2
7968 0
16161 2
7970 1
16163 3
7973 0
7974 0
7975 2
16348 2
7978 0
16176 0
4903 3
7986 2
17715 0
16180 0
16181 1
16186 2
7996 2
7997 2
7998 3
8001 1
16906 1
16195 2
16196 1
16197 0
10905 2
8009 2
16203 0
16204 1
8014 2
16207 0
3272 0
8017 3
16213 0
16214 2
5433 0
16217 2
16220 2
12261 1
16224 2
16225 3
16226 0
9531 2
16228 3
9928 1
1549 0
12270 2
8042 0
16359 1
8044 1
16238 3
13629 1
8048 3
13256 1
16242 1
16244 1
16245 1
8054 2
16247 0
16248 2
8059 3
8060 0
16253 2
8066 2
16259 1
10201 1
16261 1
8071 0
16264 3
16265 1
16266 2
16269 2
8079 0
8082 0
8084 1
8085 2
16279 0
16281 1
8619 3
13090 2
10906 2
8096 2
4080 3
8098 1
10907 1
8101 1
16294 3
5447 0
8108 2
16301 1
8110 2
6813 1
16305 0
16306 1
10363 0
16309 1
10365 2
8119 0
8123 0
8124 0
3271 2
16319 0
16324 0
16325 0
7363 0
16327 1
15001 1
16330 3
12279 2
16333 1
8142 3
8143 0
16336 3
8184 2
10915 2
8148 0
1909 0
8150 0
16343 1
16344 2
8154 3
9551 1
8156 1
8159 3
16356 0
8167 0
8170 2
7869 2
8172 1
16366 0
16367 2
8180 0
16382 1
15017 1
16376 2
16377 1
8186 2
16379 2
16380 0
16381 1
8190 2
13653 0
