8192 2
16386 2
16387 2
15020 0
16394 1
16404 3
16405 2
8214 1
8216 0
16412 0
29 0
16414 2
16415 2
16417 0
8226 2
8227 2
8228 2
37 0
6833 1
16424 1
41 0
8234 2
45 1
16430 2
16431 2
16433 2
16434 2
14459 0
16393 2
8250 1
16443 2
8202 0
62 2
16449 2
66 1
16452 1
69 1
16454 3
16455 2
16456 2
73 2
74 0
76 2
16463 0
8273 1
8276 1
16470 1
17188 2
88 2
12221 0
90 1
6842 3
8288 2
16484 1
102 1
8295 2
8296 2
17767 1
109 3
10941 0
112 3
114 0
115 1
8309 2
6005 1
8313 2
122 3
6847 0
16509 1
126 2
127 1
16513 1
16514 2
16516 1
133 2
8327 3
16522 1
8331 2
16525 0
144 2
8338 2
8340 2
9582 2
8342 2
151 1
8346 1
9583 2
156 0
16543 2
16544 3
15281 2
162 2
16550 1
4911 2
173 2
175 3
177 1
178 0
179 3
181 1
183 2
186 2
187 1
16572 3
193 1
15051 2
16583 2
8392 2
8394 3
206 3
16591 2
208 2
209 2
8402 2
8403 3
8406 1
8407 2
218 3
219 0
8412 1
224 2
8418 2
16612 1
16615 0
16616 1
234 2
8427 2
8430 2
9597 2
16625 0
12713 2
16627 0
244 3
8437 3
246 0
8439 2
16636 2
16638 0
8447 0
16640 1
257 3
16643 2
16644 2
261 2
16646 1
8455 0
266 2
8460 2
8461 3
8462 0
16429 2
274 2
279 0
8473 2
16666 1
6874 1
286 1
8480 1
289 2
8483 0
220 2
294 3
16679 1
8488 2
297 2
16683 2
300 2
15069 2
8496 2
305 2
307 0
16694 1
16695 2
16697 2
16650 0
8507 2
16700 2
317 2
16702 3
319 2
16704 3
8513 0
324 1
8517 1
326 1
15073 1
16713 0
332 2
16719 2
16720 2
4152 2
338 1
342 2
344 2
16731 0
16732 1
349 1
16734 1
16740 0
358 1
16743 2
360 2
15079 3
16748 0
16445 2
16752 2
5195 2
371 0
8564 2
374 2
375 0
376 2
16761 1
378 3
166 1
16765 2
383 0
384 1
16770 1
387 0
16772 1
16773 2
390 1
16775 1
392 1
394 2
8587 1
396 1
16781 0
8594 1
405 0
407 2
8600 1
4164 0
410 2
16796 3
8605 1
8606 0
16799 1
416 0
8609 2
419 0
420 1
8613 2
423 2
8616 2
1436 1
16811 2
16814 2
1437 3
16819 2
8628 1
437 2
438 0
440 1
8633 0
8635 2
444 2
446 2
8639 0
8640 0
16833 2
450 1
16836 1
16837 1
454 2
455 1
16840 0
16841 2
458 3
16843 3
8655 2
464 2
16851 2
468 0
469 1
16854 2
16856 2
8665 2
8666 2
79 3
477 2
16862 1
16865 0
484 0
488 2
16873 1
16876 3
876 3
8687 2
496 2
500 2
16929 2
5745 2
9564 0
16889 2
13383 2
8701 1
510 2
16897 2
18839 2
520 3
16905 1
8714 1
524 2
525 0
8718 2
8724 1
8725 1
8726 2
538 0
8731 0
8732 1
541 2
542 2
543 2
16928 2
545 2
18840 2
8739 3
8742 1
551 1
16937 2
8746 2
16939 1
16941 0
8752 2
563 2
16948 0
8758 2
8759 1
8761 1
8763 0
16956 1
573 1
574 0
578 1
8771 3
581 1
583 1
587 1
8780 1
8781 3
8782 0
591 1
16976 1
16977 0
16979 1
16980 2
17849 2
16984 1
8793 1
8794 1
8796 0
5562 1
16991 3
8800 1
609 2
8802 1
611 1
8804 1
8805 2
8806 0
1468 2
17002 1
8812 2
2834 1
8814 2
8815 2
13387 1
6931 2
629 1
8822 2
17016 0
633 2
8827 2
636 2
17022 0
17028 0
646 3
17031 2
8841 2
8842 2
17035 2
17036 2
17040 1
657 3
658 0
660 2
661 1
662 0
17048 3
17049 1
666 0
667 2
17052 2
669 2
8862 2
671 1
9024 2
673 2
8866 0
8869 2
17063 1
680 0
8873 2
17067 1
685 1
688 0
17073 2
17075 0
2846 2
17079 2
17081 0
17083 1
17085 0
17087 0
17090 3
1483 2
709 1
8904 1
8905 2
714 1
17099 2
7116 1
717 0
8911 1
17104 0
8917 1
17110 0
17111 2
8921 2
730 2
731 0
732 1
733 1
737 2
738 2
741 2
8935 2
744 2
746 2
17131 1
750 2
8944 1
17137 2
5587 1
17140 0
757 2
17142 0
17143 1
8952 2
8953 1
8955 1
764 2
17151 2
8960 0
16590 3
8963 2
17156 2
773 2
774 1
17159 3
17161 2
779 0
780 2
782 3
8975 2
8976 2
786 0
787 2
788 2
17173 1
790 2
17175 3
7606 0
17177 0
8986 2
8987 1
17182 1
8325 2
8992 3
802 1
803 2
804 3
6961 1
808 2
17193 2
9003 2
17197 0
4937 2
17245 1
9008 0
9009 2
9011 2
820 2
17206 1
825 2
9018 2
9019 1
829 1
9023 2
832 2
139 3
17220 1
9029 0
2210 2
844 2
9037 2
17759 1
17236 3
2873 0
856 0
17242 2
859 2
17244 0
861 2
9054 0
9055 0
868 3
8485 2
870 2
9063 1
9065 2
874 3
9067 2
17260 2
877 3
17262 0
17263 0
17265 2
17266 0
17267 0
17268 1
17269 1
17271 2
888 2
17273 2
890 1
892 2
894 2
9087 3
17280 1
17283 0
900 1
17285 0
902 1
9095 2
17288 1
2882 2
910 1
911 2
17296 3
9105 0
7941 0
9109 3
920 2
921 2
17307 2
17308 2
17310 1
9123 2
9124 1
2886 0
9127 2
5293 2
17321 2
9136 2
17329 3
9139 2
11081 1
952 1
17338 1
9152 2
961 1
9156 1
17351 1
9164 0
17360 2
9169 0
9173 2
17368 1
9178 1
9184 2
17381 2
1002 0
9196 0
16673 1
17391 0
9201 0
1010 1
17395 2
17396 2
17399 2
852 2
9209 1
9212 1
9214 3
1023 2
9218 2
17411 1
1028 1
17414 0
1037 3
9230 0
9231 2
9232 2
4399 1
9234 2
17431 3
17432 2
1051 1
1052 0
9245 2
1054 2
17440 2
1057 0
9256 1
17450 1
9735 0
9310 0
17539 3
9262 2
9263 1
9264 1
9266 3
1971 2
15198 1
9270 2
1079 2
9272 3
1082 2
11103 0
8736 1
5642 0
9278 1
17473 0
17474 2
17476 0
17477 1
1094 3
9287 0
17480 2
9289 3
1098 2
9292 1
15202 2
17486 0
17487 2
17488 2
1107 1
1108 2
17494 2
17495 1
17499 2
9308 1
9309 1
1118 2
1119 2
9312 2
17506 2
1124 2
9317 0
9318 0
1127 1
17512 1
9323 0
17516 2
17520 1
1137 0
17522 0
9332 2
9336 2
17529 1
17532 2
2922 1
1150 2
1154 2
9347 1
9352 1
17546 2
17549 1
17550 2
17551 2
17553 2
17556 2
1174 2
16406 0
15215 0
17564 2
1562 0
17567 3
17569 2
17570 2
17571 1
17572 2
1189 2
9382 1
17575 1
17577 1
17578 2
8391 2
9388 2
17581 1
9392 0
200 0
17587 0
17589 0
1206 2
4297 0
17593 2
17594 1
17595 2
9404 0
1217 2
1218 2
17606 1
17609 1
9418 1
17612 2
9421 2
17616 0
9425 1
9427 2
9428 2
9429 1
1405 2
17624 1
9433 2
1243 2
17628 2
2938 2
17633 3
1251 1
9446 1
9447 1
17640 1
2940 1
17642 1
17959 2
18591 1
17645 0
17649 1
1266 0
12499 1
9462 2
9463 2
9465 1
17660 2
17962 1
17663 1
17664 0
17665 2
17666 2
17669 2
17670 0
9480 2
9482 0
17675 2
1292 2
9778 0
1297 0
9492 2
9493 1
17686 2
1303 1
17689 2
9499 2
12506 1
17695 2
10156 1
17698 0
1317 3
17702 2
1321 2
1322 2
1324 2
5682 3
17710 2
17713 0
1408 0
1331 1
9525 2
17719 1
1338 1
1339 3
17724 0
9533 2
17726 2
1343 2
17730 1
14775 1
17685 2
9543 2
2956 3
1354 1
1355 1
9549 2
17744 1
1592 3
9554 2
9555 1
1365 0
1369 2
9563 0
17756 0
9565 1
9566 0
1375 2
9569 2
1378 3
9866 0
1383 2
6774 0
9578 1
1387 1
1390 2
1391 0
9588 2
9590 2
9592 1
1401 2
9594 2
17787 3
17789 1
17792 0
9601 2
1410 2
9604 2
7062 0
9606 1
17985 2
1416 3
9611 2
17804 2
1422 2
1428 0
17814 2
14505 2
17819 2
17820 0
9629 1
1438 1
9632 1
9636 2
9637 1
1446 2
9639 2
1449 2
9642 0
4338 1
7069 0
9648 2
17841 1
17842 2
1465 2
17850 1
17851 1
17852 2
1469 2
1470 2
9669 2
9673 1
1482 1
9675 1
9676 2
1486 0
1488 1
17875 0
1210 3
17879 0
1496 1
9690 2
9693 1
9694 0
17887 2
12598 1
17892 0
9702 2
17896 1
2983 2
17900 2
10689 3
16639 1
17509 2
17925 0
1542 2
1543 1
1544 1
1545 2
15600 2
17934 2
17935 1
17941 1
1559 0
9754 2
7087 1
1564 1
9759 0
11184 1
1575 1
9768 2
9770 1
1579 2
9773 2
1583 2
17970 0
9780 2
9781 1
1591 1
9784 2
17977 2
17979 2
1596 2
9789 1
17982 2
9791 2
9792 2
1601 1
12874 1
17989 1
9798 0
1608 1
9801 2
1610 1
17995 2
17996 1
9826 2
17998 2
18000 0
11192 2
17239 1
9811 0
9812 0
1624 2
9817 2
9820 0
9821 2
1630 1
17785 0
1632 1
1634 2
1635 2
9828 1
9830 2
18022 1
1639 2
1640 2
18027 2
18028 1
9838 1
1648 1
18033 0
1651 2
1652 2
1653 2
9852 0
1661 1
1662 2
9855 0
9856 1
18050 3
18052 0
9862 1
18055 2
18056 0
1674 2
9868 1
18061 2
18062 2
18065 0
9875 3
9876 0
1646 0
1687 2
1691 2
9885 1
18078 2
1693 2
18032 0
9890 0
18083 1
6876 2
18085 1
9894 1
1703 1
18088 2
875 2
1708 3
1711 2
1712 1
11208 1
9843 0
18100 1
8478 0
18104 0
9916 1
10423 0
18110 1
18114 2
1732 2
8241 2
8481 0
1736 0
18121 1
18126 0
18127 0
1744 2
1746 2
12579 0
18133 2
1750 1
1755 1
18142 1
18143 1
1760 0
18145 1
9955 0
18148 0
8486 2
1767 2
9960 0
1769 2
1771 1
7122 2
18158 0
18161 1
1779 0
18164 1
9854 1
1782 1
1783 1
7124 0
1663 2
9981 2
9982 1
1792 0
18178 1
299 1
18180 0
1798 1
18609 0
18186 2
9995 2
9999 2
1808 2
1809 2
18194 3
11225 0
18201 1
1819 0
18204 2
1823 2
1827 2
18214 2
18216 2
1834 0
1671 1
1836 1
18221 2
10031 2
1840 2
18225 2
1842 1
10036 2
10037 2
10038 2
10039 2
18232 2
10041 2
1852 1
1853 1
10046 2
1855 2
10048 2
1857 2
1858 1
10053 1
10055 2
10056 2
1866 2
1677 0
18260 1
18264 1
18269 2
18270 3
10080 2
1890 0
18275 1
10086 2
18279 1
10088 1
10089 2
18282 1
3047 0
18284 1
1902 1
10096 0
18290 0
1907 0
1909 0
18294 1
1911 0
18297 0
10106 2
1918 2
1685 2
18305 0
1922 1
18308 0
18310 3
1927 3
18312 1
10123 2
10125 1
11245 3
10129 2
18323 0
1944 0
10137 2
10142 2
10146 2
1961 2
1964 2
18077 0
1970 0
11241 3
18357 2
10166 2
1975 1
18360 2
18362 3
1979 1
7158 2
8524 2
18378 1
10190 0
18383 2
18384 2
18385 1
9891 3
10196 1
2005 1
2006 1
18391 0
10200 2
10201 1
2010 1
18395 1
18397 1
10209 0
18404 2
10214 0
4433 1
2025 1
9895 2
4434 1
2035 2
18420 2
3070 2
18426 1
18428 2
2047 2
68 2
18434 3
9899 1
2053 0
18443 2
2061 3
16728 1
16926 2
10261 2
2073 2
10267 0
10268 1
18461 0
18463 0
347 3
2087 2
18472 0
10281 2
18475 0
2093 0
2096 1
2097 3
2098 2
18483 2
2102 2
18489 1
10298 2
10299 2
10301 2
10304 3
2116 2
2117 1
10311 2
10312 2
18505 2
10316 2
10317 1
2128 1
2131 0
10324 1
15374 0
10326 0
2135 1
2138 2
10331 0
18524 1
10340 3
16742 1
18534 2
617 0
2152 2
10345 2
18540 0
2157 0
18542 0
10351 2
2160 1
13711 2
10357 1
2166 1
12649 1
12620 3
10363 0
10365 2
10366 2
2176 2
11853 1
16747 3
18564 0
4437 3
18567 3
10380 1
18574 2
10384 0
2196 0
4462 2
2200 1
2202 2
18589 1
18590 0
2207 1
18593 2
18594 2
10404 2
2214 1
10407 2
18600 2
2218 1
9927 2
18604 2
2223 2
2225 1
10418 1
10419 0
2228 0
18614 2
18615 1
18616 1
10426 1
18619 2
2236 2
2237 3
2238 2
2240 2
10434 2
2247 1
18633 0
18635 1
2254 2
17533 3
18640 1
2259 1
18644 2
2261 1
2263 2
2264 2
18649 0
10460 1
18653 1
10462 0
18655 2
10464 1
2275 2
2278 2
18665 2
2283 2
2284 2
2285 2
18670 1
2287 2
7208 2
10483 0
10484 2
18677 0
10486 2
7209 2
10488 2
2297 2
18682 1
18685 0
16989 1
2303 0
18688 1
895 1
18692 2
18134 2
10502 2
10505 2
18700 2
10510 0
18704 1
5580 1
18707 1
2324 2
10517 1
18710 2
2327 1
10522 1
10523 2
2333 2
3120 0
18723 1
2260 2
10533 2
2342 2
10535 2
10537 2
10541 2
18734 2
2353 1
10547 2
2356 2
2357 2
10551 2
2362 2
14047 1
2364 2
10559 2
10560 0
10561 2
18754 2
2371 2
10564 2
10565 2
18760 3
2380 1
10573 1
10574 2
9081 2
2385 2
18771 2
10580 0
2389 2
10583 2
10585 0
18779 0
10589 2
10590 2
4717 0
18784 1
18790 0
10599 0
10602 2
1444 2
10605 1
10607 1
10608 1
10609 0
10611 0
10612 2
10613 1
18806 2
2426 1
18812 2
18813 1
10624 0
2433 1
9963 0
2436 0
18821 2
10630 2
10631 2
2440 2
2441 2
10634 1
8599 0
18828 1
18830 0
18157 2
18832 1
18835 0
2452 2
18837 2
18838 0
16793 3
10648 2
10650 2
10652 1
18845 1
18847 3
2467 0
10660 2
2469 0
10662 2
2472 2
2475 1
16722 2
10672 2
2483 1
10677 3
2487 2
8539 1
2491 0
2494 0
8608 1
2498 2
2500 2
10693 2
2503 0
11340 2
2507 1
10702 2
3149 3
2516 2
10709 2
8612 0
10714 1
2524 1
84 3
2531 1
12710 1
10727 2
10734 1
2544 0
424 0
2546 2
2549 2
10742 2
2551 0
2553 1
10746 0
2555 1
2558 1
10753 2
427 2
2565 0
10758 1
10771 1
10773 1
10774 1
10777 1
2588 1
10783 3
10784 0
10786 2
10788 1
2599 2
10793 0
18363 1
2606 3
4709 1
10801 2
2610 3
2613 1
10001 0
2615 2
2616 1
10809 1
10810 1
10813 0
2622 1
16821 1
2624 2
10817 1
1803 0
10822 1
2631 1
10825 0
2634 2
10828 1
10829 0
2640 2
10835 0
2646 2
10841 3
18191 2
10844 1
4538 2
2654 2
2655 2
4180 0
10850 1
16827 2
10852 2
10855 1
10856 2
10857 0
10861 2
10862 0
2671 0
2672 2
10868 0
10869 1
10873 0
10876 0
2686 1
10880 2
10881 2
10884 0
10887 2
8642 0
2702 2
1181 3
2707 0
10900 1
10901 2
10902 1
2714 0
2715 2
2718 2
10911 2
10913 3
18203 2
2724 1
2725 2
10918 2
10012 1
2730 1
16774 1
10925 1
2735 1
2738 3
2739 2
10933 0
2747 2
2749 3
2751 0
2752 0
10945 2
2756 2
2758 2
2762 2
3191 2
2764 3
2767 1
2768 1
2769 0
10019 3
2772 2
10972 0
10973 2
10974 3
10978 0
2788 0
2791 2
2792 2
2793 0
2794 3
2800 2
2801 2
2803 2
2807 3
10026 2
11012 2
2821 1
11014 3
11015 2
11016 0
11026 0
2835 2
11694 1
11034 2
2844 0
11037 1
11038 2
2847 1
2851 1
2852 1
11045 2
2854 1
2858 1
10034 1
8669 2
11056 0
368 0
11058 2
18228 2
7306 2
2879 2
2880 2
11074 2
2883 0
2884 0
11078 2
2889 1
11082 2
11086 1
2898 2
2900 1
2901 0
2902 1
14137 2
11097 1
2907 2
2909 1
2256 0
2917 0
11111 3
5948 2
11114 3
11115 2
11118 0
18237 1
2929 0
13191 0
11128 2
11129 2
11130 0
2939 2
11132 2
11133 0
2944 2
2946 2
11139 1
2952 2
11148 2
11149 0
2958 2
6856 1
2962 0
2963 3
11158 2
2968 2
7221 0
8555 2
2973 2
2975 1
11175 1
9101 0
2985 2
7112 1
2988 0
11181 1
11182 2
11183 2
2992 2
2995 2
13466 1
11191 2
3000 2
3001 2
11194 2
18250 2
8693 2
3013 1
3016 1
11215 1
12792 1
11218 1
11220 1
3030 1
8697 0
11428 3
11226 2
3036 0
11230 2
3040 2
3042 2
11239 2
3048 3
3049 2
3052 1
3053 2
12797 1
3057 0
3058 1
3241 1
293 0
11259 2
11262 2
1466 2
3073 1
3074 1
11267 2
3076 2
3079 2
11273 3
3082 2
3083 1
3087 2
3094 2
3104 0
3105 1
4195 1
11300 2
3110 2
3112 1
11307 2
10659 3
3117 3
11312 2
8560 1
3122 3
11316 0
3125 0
11324 1
11327 2
1888 2
9379 1
11334 2
11335 2
11336 2
11338 2
923 1
11341 1
11346 2
10083 2
17563 2
526 0
11350 1
7743 2
3162 1
11355 3
3165 1
11358 0
11364 1
3178 1
3182 3
15549 1
3186 1
11379 3
3188 2
11383 1
3194 2
11391 0
11393 2
1899 0
11397 2
11398 2
3207 2
3208 2
11403 2
11404 1
11458 2
3214 1
3215 2
3216 2
3218 3
3220 1
5998 3
3222 1
3226 2
3231 1
11425 2
3236 0
3238 2
11433 2
3242 3
3243 1
3244 0
3246 2
10099 2
11444 2
3253 1
3258 2
11451 1
11452 2
3263 2
3264 0
11457 2
3266 0
3268 2
11461 1
11463 1
3272 0
3273 0
11467 1
7522 2
11473 1
11476 0
11477 2
3286 1
1913 2
3288 2
3291 2
11486 1
11488 1
9657 0
11495 3
11496 3
3305 1
3307 1
11502 2
11503 0
11504 3
3313 2
3314 3
11508 2
3319 1
3320 2
11514 2
3324 2
11518 2
3327 0
11522 2
11525 1
11528 1
2863 0
2566 3
3287 2
11532 2
3341 0
3347 0
3348 2
1924 2
3354 2
3355 1
3358 0
3359 3
11554 1
3363 1
13751 1
3366 0
6386 1
6023 1
11565 1
3374 1
3375 2
11570 3
3379 1
3380 1
7390 0
3383 1
12852 2
3386 3
3387 1
3296 0
11586 0
11588 1
567 2
3406 1
11599 1
3408 1
3409 0
3412 2
16953 1
3416 0
3419 2
11612 3
3422 1
12859 1
15117 2
3429 2
3433 3
3434 1
3435 3
11629 0
3440 1
3444 2
3446 2
11640 2
17300 1
11643 1
11644 1
3458 3
3461 0
3463 2
11659 2
3468 0
12866 2
11665 3
11666 2
3480 2
11675 3
11677 2
11678 0
3489 3
3491 2
11684 2
3493 3
8775 0
7410 2
3502 2
14237 0
3504 2
3508 0
18334 1
8573 1
11704 2
3516 3
11709 1
11713 2
3527 2
8028 3
12876 2
11724 2
11512 2
11732 0
3543 0
11738 1
3548 3
11741 1
11575 0
11746 2
3557 2
11755 1
3564 3
595 1
3572 1
3574 2
14249 0
11773 2
3586 0
11781 1
18348 1
11786 1
11789 2
11792 2
11793 1
3602 0
11800 2
3611 3
11806 2
3333 1
11808 1
3621 2
11815 1
5849 0
3629 1
11823 1
11825 2
3634 3
11827 0
3637 2
11831 1
11833 1
11836 0
11838 2
11839 3
3648 0
11841 2
11844 2
6070 2
3655 1
11849 0
11851 1
3661 2
11854 0
11856 3
3666 0
8803 0
11861 1
3671 2
11864 2
11870 3
16997 2
9397 2
11874 1
11875 0
3684 3
3685 2
11878 1
11879 2
3688 1
11881 1
11884 2
11885 0
11886 2
9683 0
3699 1
3702 2
4713 0
3706 2
11899 2
3709 2
11902 2
6943 2
3713 2
3714 3
3717 2
11912 2
11913 1
11914 1
15639 1
3727 2
3730 2
11924 3
3734 2
3740 0
3741 2
11941 2
3751 1
11944 2
917 1
3769 2
11963 2
3775 2
3778 0
17014 1
3782 2
3784 2
12919 1
3788 2
3791 2
3792 0
11997 0
11999 2
3810 2
3811 2
18676 2
12006 0
3816 2
8828 1
3820 1
12013 2
12925 1
12018 0
3827 0
8830 0
12025 0
12029 0
12037 2
4738 0
3862 2
18393 2
17041 1
12058 2
12060 2
3869 0
3876 2
1597 1
3879 2
3880 0
3882 1
12076 2
3378 1
3887 2
3889 2
17042 2
11572 1
12094 2
6131 0
12097 1
12098 1
14265 2
12100 2
12101 1
18401 1
12106 2
12107 0
12109 2
12110 2
12118 2
9678 3
3932 3
12126 2
12127 2
12130 2
12131 3
6118 1
12945 2
12136 2
11905 3
3947 0
4754 2
12144 1
14429 1
12152 1
12153 1
12154 0
17590 2
3968 3
3393 1
12171 2
3983 2
3985 2
12180 1
12183 2
12184 2
3396 0
3995 1
3997 2
3998 0
3999 0
4000 0
4001 1
7771 2
4003 1
12196 3
4006 2
4764 0
12202 2
12206 1
12208 2
12209 2
12210 2
4019 1
4020 1
12958 0
4022 0
4024 1
17055 2
8863 3
4029 2
4030 1
4032 1
12227 0
4038 0
12235 0
674 0
12963 1
4058 2
12251 2
135 1
12253 0
4063 2
7504 3
12259 2
14320 2
4074 1
679 0
4078 1
4079 0
4081 1
10851 1
13775 3
17065 0
12280 1
11604 1
12285 0
4097 0
4098 1
4101 3
4102 3
3415 1
12300 2
17069 3
14867 0
12308 2
4118 2
15140 0
4120 0
12313 2
12314 2
4124 2
15413 2
12319 2
4131 0
12324 2
4134 0
12330 1
12331 2
4149 0
4151 2
12344 2
4153 2
12346 0
12348 1
17077 3
12355 1
12356 0
4173 2
12366 2
4175 2
4176 3
12370 2
12372 0
12375 1
11620 1
4189 0
12387 2
12388 2
4197 2
4201 2
4202 1
4205 2
4206 3
12402 1
12410 2
4222 2
12415 0
4225 2
18358 3
12420 2
12424 2
12425 1
12427 2
12429 0
4245 2
12440 2
4249 1
4250 1
12446 0
4255 0
4256 2
4262 2
4263 2
12459 1
12462 2
4272 1
12465 1
12466 1
4276 2
12470 2
17097 2
12472 1
12473 1
4282 0
8906 2
18419 1
12480 2
12487 0
12488 0
4812 1
7543 2
4302 1
12495 2
12496 1
4307 2
4308 2
12503 0
4313 2
4314 1
12507 1
4316 1
4318 2
12512 1
4321 3
4323 2
4325 2
4327 1
12521 2
4335 2
12530 1
12531 0
4342 2
12539 2
12543 2
12545 3
4354 2
3575 1
4370 1
4374 2
4378 0
4379 2
4380 2
4383 2
4385 1
4827 1
4389 2
4390 1
4394 1
14050 1
12591 1
12592 2
12596 2
8330 2
4409 1
4831 1
4414 2
12610 0
12611 2
10294 1
4423 2
4428 1
12622 1
3469 1
14392 2
12626 2
4436 2
7566 2
4442 2
15759 3
12636 0
4446 3
4449 2
12643 1
15761 2
4457 2
4458 2
4459 2
12652 2
4461 0
12654 0
4464 2
12657 2
4466 2
12662 1
4471 1
12664 1
12665 1
4477 0
4479 2
12672 3
12674 3
4483 0
12679 2
4491 1
4494 0
4497 0
4498 2
4501 0
4503 2
12696 1
10308 0
4511 1
4513 0
4518 1
12711 2
12712 3
17579 3
12715 2
12717 1
4527 1
4528 2
4529 2
17336 2
4532 1
12726 0
12727 1
4537 2
12730 1
12731 0
12732 1
4542 1
4544 1
4545 0
12740 0
13046 0
18155 1
12744 0
4557 1
12750 2
6221 1
760 1
4564 1
12762 3
4571 0
12765 2
4574 3
4575 2
12769 2
4580 1
4581 1
4584 0
4585 1
12778 0
4590 0
12786 0
4595 1
12790 0
7593 2
4600 1
18516 2
12795 0
4604 2
4605 2
10325 1
4609 1
12807 3
12809 1
12811 2
4620 0
4621 2
4626 2
12819 1
4629 0
4630 0
4632 2
4633 2
12826 2
12828 0
4637 1
16794 3
12832 1
12839 0
12840 1
2140 0
12843 1
4653 0
4654 1
12847 2
4656 1
4872 2
4658 2
12703 3
4667 2
4668 2
12861 2
12862 2
12865 2
4674 1
12867 1
12868 2
12869 2
12870 1
6241 1
12872 2
4682 2
4684 0
4688 1
12881 0
4693 2
4699 1
4702 0
4704 1
4705 1
12898 1
4707 2
4708 1
12901 2
4710 1
12904 2
12905 3
12906 2
8978 1
10344 1
5105 0
4726 1
2153 2
4728 2
4729 2
4732 0
4733 2
12928 1
12929 0
12930 2
12932 1
4741 1
3521 2
4744 1
12941 1
18541 0
4752 1
4753 2
12946 1
4757 2
12956 2
12957 1
4766 1
4768 2
12961 2
4771 2
12964 2
12968 1
4777 1
12971 1
12975 1
12977 2
4786 3
9088 3
12981 1
4792 2
4793 1
12986 2
12987 1
4798 0
12992 0
12994 1
4803 3
4805 1
12998 1
4807 1
4808 1
4809 2
4811 3
13004 2
4813 1
4814 2
4816 1
8995 2
13014 2
13017 1
13019 2
6266 2
4830 0
13023 2
4832 2
4833 3
13026 1
4835 1
4837 2
13030 2
4839 0
4840 0
4843 2
4845 2
2173 1
4848 1
13041 2
13042 2
13043 2
4852 0
4854 0
4856 1
13055 1
13056 0
4865 1
13058 0
4868 0
15830 3
13062 0
13064 3
7639 2
13069 1
8073 2
4882 1
4884 0
13077 2
13083 2
13084 2
8619 3
4896 3
4897 2
4901 0
13095 2
13096 2
4906 3
4909 0
18167 1
13105 3
10802 0
4916 2
4918 2
4920 0
13114 2
14474 3
4929 0
13123 2
4935 0
13129 2
13135 2
13136 2
13112 1
10382 2
4950 2
13143 0
18714 1
13147 1
13148 2
13153 2
13154 2
17211 1
13156 0
13165 1
13168 2
13169 1
4981 2
13174 0
13176 0
33 0
4987 0
13181 1
18581 2
4993 2
13188 0
13189 0
13121 0
13193 2
13196 0
5005 3
13202 1
13208 2
13209 2
13210 2
13214 1
837 0
5026 2
13221 3
5030 2
5031 3
13225 2
5035 2
5037 2
13230 2
5039 0
5046 2
5047 0
11764 2
5051 3
13244 2
5053 0
5054 1
5057 3
16808 1
10401 2
13256 1
13257 2
13259 2
13261 2
5072 3
13266 1
1260 0
9052 1
13271 1
5081 0
13275 2
13276 2
13278 2
13280 1
13283 2
13286 3
12909 2
13289 2
13290 1
14503 2
13293 1
13295 1
13297 0
5108 1
13301 2
13303 2
5113 2
13307 1
13309 1
13311 2
13313 2
10411 2
13317 0
10412 2
5130 1
13323 2
5132 2
13329 2
13331 2
13332 2
13340 2
5154 2
5156 0
10417 3
13353 0
13355 2
13356 2
13358 1
5167 1
13360 2
5171 1
13366 0
10420 2
13370 0
13371 3
13373 2
13376 3
5185 0
5186 0
5187 0
10422 2
4961 1
5192 3
12448 1
5196 2
4962 0
7693 2
5202 3
4963 3
9448 0
5214 2
5219 1
13414 2
13420 3
13421 0
13425 3
873 1
5242 2
5247 2
13442 2
13443 1
13446 3
18724 0
13449 2
2630 1
13453 1
5265 2
13458 0
13460 0
15897 0
13464 3
5274 0
13473 3
5283 2
13476 3
6177 1
5292 2
882 0
5294 2
13489 0
13494 3
13495 0
13497 1
13498 2
5307 0
13173 2
13504 2
5317 0
13510 3
5321 3
5322 2
13519 2
13520 2
889 0
5336 1
5337 1
5339 1
13532 0
9082 2
13534 1
5345 2
5348 3
13541 2
5352 1
17276 0
5357 1
12999 1
13551 2
5361 2
5368 0
5369 2
13563 2
5373 1
5374 1
13567 3
13568 3
13569 2
5378 2
13572 2
13573 2
13576 1
13578 2
5389 2
13586 0
4997 2
5408 1
13602 2
13603 0
17286 1
13607 2
13610 1
903 0
13612 2
5421 2
5422 2
13616 2
904 1
17050 1
13622 2
13624 1
5433 0
13626 3
5436 3
5437 2
5441 2
13634 2
5443 2
5444 2
13638 2
13640 1
5449 1
13644 3
13647 2
5460 2
5463 1
5465 2
11573 2
13659 1
5477 0
5478 0
10548 1
3183 2
7002 2
5010 0
13680 0
5490 1
5496 2
5497 2
13690 2
17641 1
5501 1
5502 1
13695 2
13696 2
13697 2
10475 1
5508 2
5513 2
13710 2
5519 1
5521 2
13718 2
9113 0
13720 2
13723 2
13726 2
13727 1
9115 1
5541 2
13734 1
13737 2
5549 3
5552 1
5553 2
5555 3
9118 2
7753 3
13752 1
5561 2
13754 2
5564 1
5567 2
5571 1
5576 1
13769 0
5579 2
13772 2
5581 2
5583 2
13779 1
5589 3
13782 2
13784 1
932 3
10621 2
13791 2
5603 0
5606 0
5609 2
5612 2
5614 0
13808 2
936 3
9129 2
1551 2
5627 1
5628 1
5630 2
5631 0
8990 2
5637 1
13830 0
5639 2
16677 2
13836 2
16282 1
11767 1
13845 1
5658 3
5659 0
13852 2
5662 1
5664 2
5666 0
13859 0
5670 1
13864 2
13867 2
13869 1
13872 1
13873 2
12737 1
5684 3
3678 2
5686 2
18697 1
5690 1
13884 2
13892 3
13893 1
13895 0
6412 2
13900 0
13902 0
4009 3
13908 1
5720 2
13917 2
13919 3
13920 2
13921 1
13922 1
13925 0
2373 1
13927 1
13929 1
11672 2
5742 1
13245 2
11880 1
5747 0
5751 2
5758 2
13951 3
13249 3
5769 0
5771 1
13965 0
13967 1
5776 2
5780 1
13974 1
11877 2
5785 2
13978 2
5787 0
13981 3
5791 1
5795 3
13990 0
13993 2
5810 0
5811 2
14007 1
17356 2
14029 2
5838 2
14036 1
5845 0
5847 0
14040 1
14041 2
14042 2
5851 3
14629 1
5858 2
5859 2
5860 2
5861 1
5862 2
5863 2
5865 1
6439 2
14066 3
15151 3
5879 2
17365 0
5888 2
14084 1
5895 2
14095 2
14098 2
5907 2
215 1
14103 1
14104 1
5913 1
14107 0
16291 2
5921 1
5925 2
5926 0
18737 2
14123 1
14124 0
14125 2
14126 2
743 0
14133 2
14136 2
5945 2
14138 1
14139 1
14140 2
14142 3
14144 2
5381 2
5959 1
18743 0
14157 2
5966 2
5971 2
2381 2
5975 3
5978 0
14171 0
5980 3
5982 2
14175 0
5984 1
14177 2
14180 1
14189 0
14190 2
14192 2
13288 2
6003 1
6004 0
6462 0
14199 1
3732 0
14202 3
6011 2
6013 2
2368 1
14210 2
14212 2
6021 2
6022 2
18753 0
17388 2
6026 2
14219 0
14220 1
14221 0
14222 0
17389 3
14226 2
14227 1
14228 0
6044 3
6045 1
14239 0
14240 1
14241 2
6053 1
6055 1
6057 2
14251 0
14252 0
14255 0
14258 2
6067 2
9042 2
14262 2
6071 2
6073 2
14272 0
14274 2
14275 1
6084 1
7841 3
6094 2
14287 1
6097 3
16035 3
2382 0
6102 2
7844 0
6107 2
6109 1
14302 2
14310 3
1022 2
6122 2
6123 2
6128 2
6129 2
14322 2
14323 2
6132 2
17406 2
14327 2
18772 1
6139 0
6140 2
6142 2
6143 3
6151 2
6152 3
14345 3
6154 2
6156 0
14349 1
6158 2
14352 2
14355 2
6164 2
14357 2
17466 0
14360 1
6170 3
14363 1
14364 1
14365 3
6174 2
6175 1
6176 1
14369 2
14371 1
6183 2
2388 2
14380 0
14383 0
14386 2
14387 2
6196 2
14389 2
6200 1
6201 2
14394 2
6204 2
6205 2
6206 2
6207 2
6209 2
14405 1
14409 2
14413 2
14415 1
14417 0
6227 2
14420 2
17422 2
6231 2
14424 1
7866 2
14430 3
14431 1
6240 0
14433 2
14439 2
6248 2
6251 2
14444 2
6253 2
14447 0
2936 0
14458 2
6267 2
12211 2
6270 2
6274 3
14467 1
8938 2
6282 2
2413 2
1048 3
14488 3
3206 2
14491 1
3781 1
14498 2
18801 2
5148 2
6315 0
14510 2
6319 1
14512 1
18804 2
6330 2
6331 2
6332 2
14525 1
14531 0
6340 2
14533 2
6349 2
6350 2
14544 2
14546 0
14547 3
14549 2
3485 1
13348 1
14556 2
6367 2
14561 3
14564 0
14571 2
6381 1
6383 1
14576 0
6385 2
14578 1
14579 0
6388 3
6391 3
14584 0
14586 2
6398 3
6400 2
6408 0
14603 2
14604 2
6413 1
6416 3
6418 0
1070 1
6424 0
6426 1
1071 1
6429 1
14625 2
8964 2
14631 2
14632 2
6442 1
18218 2
14636 2
6445 1
6446 2
14639 0
6448 1
18491 0
13363 2
15406 2
6454 0
6456 1
14651 2
12763 2
6466 2
14661 2
14664 1
6473 2
14666 2
17463 1
17128 3
8399 0
14671 0
6480 2
18831 2
9274 2
6497 0
14690 2
6499 2
3814 1
6503 2
6505 0
6507 2
6522 2
17774 1
14716 1
16301 1
17948 2
10645 1
14720 0
11258 3
14724 2
6534 0
8401 2
14731 2
14732 2
3821 2
14737 2
14738 3
2458 0
14750 2
6560 0
14755 1
7921 3
14761 1
5191 2
6573 0
13384 2
14770 1
6583 2
6584 2
14779 2
6588 1
9290 3
14782 2
14784 1
8563 2
6594 3
14787 0
14789 2
14792 2
14793 1
14795 1
6604 2
6608 2
14803 2
14804 2
1102 0
6616 1
6617 2
14811 2
6620 2
6621 2
6623 0
6624 2
6625 2
15156 3
14820 2
6632 2
14829 2
6639 2
14833 0
14838 1
6569 3
9300 1
16127 3
14844 2
14847 0
14849 2
6658 1
14851 2
9302 2
6662 2
1790 2
6667 0
6668 0
14863 1
6675 3
14870 3
6679 2
6683 2
14876 2
14877 2
14878 2
6687 2
14881 1
9307 2
6692 2
14886 1
6695 3
14888 2
6697 2
6699 1
14892 1
6702 1
6703 1
6704 1
14899 1
6708 1
6709 0
14902 2
6712 2
14905 2
14906 2
6715 2
14908 1
14911 0
18500 2
14913 2
14914 2
6723 1
6724 2
14917 1
18773 3
14920 0
7589 0
6730 1
10679 2
14924 1
14928 2
13411 0
6740 1
14934 2
6744 1
6747 2
6748 2
14941 1
6751 0
6753 0
11136 2
6587 1
14955 2
14957 1
14966 0
6775 0
6776 2
14971 0
14972 2
6782 1
9756 0
6786 1
14979 3
6788 1
16150 2
14983 2
6792 0
14986 0
6795 2
14988 1
14989 0
5229 2
10592 2
6802 3
14996 2
8458 1
15001 1
15004 2
15005 1
15008 2
10047 1
5137 1
16594 2
15017 1
9829 2
6828 1
15021 2
15022 2
6600 0
6834 0
6835 1
6837 1
15034 2
15039 2
15041 2
6850 1
15046 1
15048 2
6858 2
6859 1
6860 1
15053 2
15054 2
15055 2
9503 2
6865 0
15061 0
15062 1
6871 0
15064 0
6873 0
4866 0
15067 2
15068 2
6877 0
15070 2
15072 0
6881 2
6886 2
6887 1
6888 3
6892 2
15085 2
15087 2
15093 3
6902 0
15095 1
15098 2
15102 1
6913 0
15107 1
15109 1
15110 1
15111 3
15112 1
6923 0
16631 0
17538 1
6926 3
15119 0
15123 1
15124 3
15126 1
6939 2
15135 2
16598 2
15137 3
6946 2
6619 2
6948 0
15144 0
15145 0
16904 3
17544 2
6962 2
6964 1
15160 1
15165 0
7084 1
6978 0
15171 1
329 1
6984 1
15177 2
15182 0
6991 0
15184 0
15186 1
6998 2
15191 2
15193 1
15194 2
7004 2
15197 2
7006 2
7008 2
4411 3
15204 2
15209 1
7018 1
7020 2
15213 0
7022 3
7023 1
7024 2
15225 1
7035 0
15228 0
15232 1
15868 2
15237 2
15238 0
7050 1
15243 1
7052 1
15245 2
7055 1
7056 2
5272 0
15254 3
7064 2
7065 3
15261 2
15264 2
15266 1
7075 3
7076 1
15270 0
7080 0
1180 1
15276 2
15279 2
15280 1
7089 2
15282 2
15284 1
7093 0
16201 1
15289 3
9375 0
10741 1
15296 2
7105 1
4601 1
6646 1
15303 2
15304 2
15305 2
7114 2
15308 1
9378 2
7118 1
7120 2
15314 0
1187 2
15316 1
15318 2
15319 0
7129 2
7130 0
15323 2
15324 1
7133 2
15329 2
7139 0
7143 0
6652 3
15339 3
15340 3
4359 2
7154 1
7155 2
15350 0
7160 3
7164 2
9386 2
15362 2
15363 2
7182 0
15375 1
10757 2
15395 0
7205 1
7206 2
15400 2
13879 2
15403 1
7214 2
15409 2
6787 0
3934 0
15417 2
15418 3
15419 2
7229 0
12243 2
15423 0
15426 1
7235 2
15428 2
15429 2
15431 2
7244 0
7246 2
15445 2
15448 2
13834 2
5306 1
15455 0
7264 2
15457 2
15461 0
15471 1
7282 2
7283 0
7284 0
15477 2
8426 2
15482 1
15487 3
12139 2
7300 2
15494 3
15496 0
15497 0
15498 0
7307 0
15500 2
15503 2
15504 0
15505 0
15506 1
15508 0
15510 2
15511 0
15520 0
15521 2
15522 1
7332 2
5318 0
16884 1
15534 0
15535 3
8051 0
17610 2
15552 1
7363 0
7367 2
15560 0
15561 1
15562 0
15565 1
7374 3
17613 0
15568 3
3960 2
7383 0
14884 2
7386 1
15579 2
15580 2
15581 1
15582 0
7391 1
15589 2
7400 1
15594 3
15596 3
7405 2
7408 2
15602 2
15603 1
15608 1
17620 0
15616 0
15617 2
15619 0
15627 1
15628 3
15634 0
15638 2
7447 2
15641 0
7450 2
15644 1
7453 1
15647 1
15649 3
15650 0
7459 2
15653 0
15654 2
15656 0
5340 2
15658 2
2158 1
15668 1
15669 1
15670 3
1340 2
7481 1
15675 2
15676 0
15677 1
7487 1
7488 2
7489 2
6796 0
7491 2
15684 0
15687 1
10807 0
15694 1
10470 2
14904 2
9443 2
15701 0
15704 0
15705 1
15706 1
7516 2
6714 0
15713 2
15714 1
14907 1
15716 0
17638 0
17639 1
15729 1
15730 1
7540 0
15735 0
15736 1
7545 1
15741 1
16277 2
15746 0
7555 0
15748 2
7559 2
15752 1
7561 2
15755 0
15758 2
7567 2
7568 2
7569 2
15765 2
15766 1
7890 2
15770 2
15773 2
6725 0
15776 2
7587 0
15781 1
15782 1
7592 2
15785 0
15788 1
17650 1
7599 2
15793 0
8094 0
15798 1
15801 0
7611 1
7612 1
7613 0
15807 2
7618 0
7623 1
6732 2
15818 2
15825 0
7634 2
15827 3
15829 0
7638 1
1273 2
7647 0
7649 2
15842 0
7651 2
15844 2
15845 2
15848 1
7657 2
15850 2
15852 2
15855 1
14167 0
15862 2
15863 2
7672 3
7676 0
7677 3
15871 1
15872 3
5376 2
9271 0
15882 0
7691 1
9474 1
7694 1
7695 2
7699 2
7702 2
15895 0
7704 1
7705 0
15898 2
7707 2
15902 1
9477 2
7716 0
1286 2
15910 1
7719 1
7726 0
15921 2
15922 2
8115 2
7734 2
13300 2
15929 1
15930 2
1290 1
7742 1
8117 2
7747 2
15940 0
14945 1
17676 0
15954 1
14947 1
7765 2
7766 1
15962 0
15963 2
15965 3
15969 0
7778 0
7779 2
7780 0
7783 0
15976 0
10352 1
15978 3
15980 2
7789 2
7790 1
15983 2
15984 0
15985 1
7796 3
7798 1
15993 1
7802 0
15999 1
16000 2
16002 2
7812 0
1302 1
7817 1
533 0
16014 2
16015 1
16018 1
16020 1
7831 1
7832 3
16027 1
16028 1
16032 1
11445 1
16034 2
17691 2
16036 1
7848 2
16041 1
7854 2
17693 3
16049 1
16050 3
16910 1
16053 1
16419 1
16056 1
16057 1
16058 0
7867 1
16060 2
7869 2
1353 0
16064 2
13600 1
7875 1
16068 2
16069 2
6809 0
16073 1
7883 0
1314 1
16078 1
16082 2
16088 1
16091 2
16092 2
16093 2
7911 2
7912 0
16106 2
16108 2
16110 2
16113 2
16115 2
16117 2
7927 1
16120 1
16123 1
7932 2
7934 2
7935 2
7936 2
16131 1
8150 0
16134 0
7945 2
16138 2
7947 2
16140 3
14978 3
16143 2
16144 0
16145 0
7955 2
7958 2
7960 0
16154 3
16155 1
10358 2
16158 3
16160 0
16162 3
16164 1
7975 2
7977 1
7978 0
8449 2
7986 2
16186 2
12255 1
7996 2
4986 2
16192 0
8002 2
8003 2
16196 1
8009 2
16207 0
8017 3
8020 2
16213 0
16214 2
16215 1
8024 0
16220 2
16224 2
16226 0
17723 1
16228 3
16358 2
9928 1
16232 0
13628 1
16234 2
8044 1
17725 0
10899 3
16245 1
8054 2
4087 0
7088 0
16263 2
8072 1
16265 1
16266 2
8076 2
9538 0
8079 0
16272 0
16275 0
12270 2
16279 0
16281 1
7637 2
12271 0
16285 0
16286 0
8096 2
16289 1
10907 1
16292 0
8101 1
16294 3
16295 1
8108 2
8109 2
8110 2
16304 2
16307 0
8116 2
16309 1
17737 2
16314 0
17738 0
16327 1
16330 3
16331 1
8140 1
8142 3
8145 1
8148 0
16342 2
16343 1
8156 1
16350 2
16356 0
8166 2
16359 1
8168 2
8169 2
8170 2
16364 0
8177 0
1363 2
16372 1
16373 1
8182 2
16376 2
16379 2
16380 0
8190 2
