16385 2
16386 2
8195 0
8199 0
16393 2
16394 1
16395 0
16396 1
16397 1
16399 2
8209 0
8210 0
16404 3
21 0
16411 1
16412 0
16414 2
16415 2
16417 0
8226 2
35 0
16420 2
37 0
16423 0
16429 2
8238 0
8241 2
8201 2
16442 2
16443 2
16445 2
16446 0
16447 2
6012 0
66 1
16451 0
16452 1
8261 2
16454 3
16456 2
16457 2
8266 2
76 2
16462 0
9384 3
16469 1
17188 2
88 2
13668 3
8283 1
12712 3
6842 3
95 0
8289 2
16484 1
8294 2
8295 2
104 0
16489 3
1383 2
16492 0
8303 2
114 0
115 1
6846 3
12279 2
120 3
122 3
16507 1
4256 2
16509 1
16513 1
8322 2
17786 2
16517 1
16519 0
8330 2
16525 0
16527 2
144 2
8338 2
151 1
16540 2
157 0
16548 0
8358 0
16555 3
173 2
8367 0
177 1
178 0
16564 1
183 2
187 1
16572 3
191 0
8385 0
9112 2
16580 0
197 2
16583 2
16584 0
8393 2
202 2
13687 2
8396 0
206 3
8399 0
208 2
8403 3
212 0
214 0
1401 2
16602 1
15055 2
8412 1
221 3
16421 3
8416 0
5463 1
228 2
230 0
16615 0
16616 1
233 2
16618 2
8428 0
237 2
8430 2
16624 2
16625 0
16626 2
244 3
246 0
8439 2
8441 2
254 0
16639 1
16640 1
16641 0
16644 2
261 2
16646 1
8455 0
264 0
6712 2
8459 2
8460 2
8461 3
271 2
11193 0
8468 0
8478 0
16671 1
16672 0
16673 1
10648 2
8483 0
9606 1
8486 2
16433 2
8488 2
297 2
8490 0
8491 3
300 2
8496 2
307 0
10974 3
310 2
312 1
16697 2
16698 0
6879 2
316 0
8512 0
8513 0
16706 1
324 1
8517 1
8518 0
15073 1
16712 0
16713 0
16716 0
16718 1
16719 2
6285 0
16721 1
338 1
16725 1
16726 0
8539 1
16732 1
8250 1
4376 3
8543 3
16738 1
8548 2
8549 0
16742 1
16743 2
360 2
1257 0
362 1
16747 3
16753 2
8563 2
8564 2
16759 1
16762 0
16765 2
8574 0
383 0
384 1
8578 2
389 1
16774 1
8583 3
8585 1
394 2
13719 1
16780 0
12354 2
8592 2
5528 0
8594 1
16789 3
14569 0
407 2
8260 0
410 2
412 0
16799 1
8608 1
8609 2
8611 2
420 1
16806 1
16807 1
8616 2
8617 0
16810 3
4167 2
8621 0
16815 2
8625 2
8627 0
8630 2
16927 1
16825 1
442 1
16827 2
74 0
446 2
8639 0
8640 0
450 1
8643 1
16836 1
454 2
455 1
16841 2
8651 0
461 2
8654 0
16847 0
464 2
466 3
16851 2
468 0
16853 0
16854 2
8664 1
8665 2
475 1
477 2
5541 2
8673 1
16866 1
6907 2
9638 3
16876 3
1653 2
496 2
8691 2
16884 1
6910 2
503 3
8696 2
12372 0
508 0
509 3
512 1
16897 2
16898 2
15105 1
521 0
8714 1
523 0
524 2
11010 3
526 0
5549 3
8720 1
8723 1
533 0
535 0
538 0
8732 1
16925 2
542 2
543 2
16928 2
545 2
8738 0
547 1
548 1
551 1
552 1
16937 2
8746 2
16939 1
558 1
8751 2
2824 2
562 3
563 2
565 1
567 2
8761 1
8762 1
571 1
572 0
573 1
574 0
8767 0
16960 1
8769 1
8771 3
581 1
583 1
584 2
8777 0
586 3
587 1
588 1
589 1
16975 1
16976 1
594 0
16980 2
9657 0
603 1
16989 1
16990 2
8799 2
8800 1
611 1
8805 2
8807 2
617 0
618 1
8811 1
621 2
622 0
8815 2
8296 2
11512 2
6931 2
17012 3
17013 2
17014 1
632 0
8826 0
8827 2
17021 0
17022 0
639 0
17024 2
17025 0
8834 2
8835 1
644 1
8837 0
647 0
8840 1
8841 2
8842 2
8843 2
653 2
654 0
658 0
17043 0
661 1
17046 1
8855 1
664 0
17049 1
8858 2
16495 1
8862 2
8863 3
8866 0
1150 2
8869 2
17062 0
680 0
682 0
17067 1
17070 3
17072 2
8881 2
17074 1
2846 2
12571 1
6943 2
700 2
17085 0
704 0
706 2
17091 0
17092 1
8902 2
17096 1
17097 2
8906 2
17099 2
716 1
17101 3
8910 2
17104 0
721 0
11043 0
8916 2
8917 1
726 2
8920 1
8921 2
730 2
8925 2
17118 2
17119 0
8929 2
11046 2
17126 2
8935 2
8936 1
8938 2
17131 1
8940 2
749 0
750 2
4221 2
17137 2
17138 1
17139 0
17142 0
6953 2
760 1
8953 1
2753 2
8955 1
764 2
17151 2
17152 1
12416 1
8963 2
773 2
2194 3
775 2
776 3
779 0
780 2
17165 1
782 3
17167 2
8976 2
786 0
787 2
788 2
17173 1
790 2
8985 0
17178 2
795 2
8988 3
17182 1
8992 3
801 2
802 1
17187 2
8996 2
8999 0
17192 0
17193 2
17197 0
9008 0
17202 0
15155 0
17205 1
17206 1
6964 1
9018 2
9019 1
16522 1
832 2
17218 1
9575 1
17220 1
837 0
17227 1
9036 3
17229 3
17231 0
17233 2
850 1
17235 0
9044 0
853 0
17239 1
856 0
17241 1
8335 0
860 3
861 2
933 1
9055 0
17249 0
17251 1
17252 2
871 0
874 3
876 3
17262 0
879 2
17265 2
882 0
883 1
8850 0
9080 0
9082 2
892 2
9086 1
895 1
17280 1
9092 0
903 0
17288 1
8343 1
9100 2
910 1
911 2
17296 3
913 2
17299 0
17300 1
17302 2
17303 0
920 2
9113 0
17308 2
17309 0
928 1
17313 2
17315 1
2886 0
9127 2
936 3
156 0
938 1
17323 0
17325 1
17327 1
9136 2
15176 1
9138 0
9142 0
952 1
17339 1
17343 0
961 1
963 0
4257 2
9161 0
17354 3
975 0
1669 1
9169 0
17364 2
9173 2
17367 1
17368 1
5626 3
17376 0
17378 3
17379 2
16550 1
10126 3
6993 2
17386 0
17388 2
17391 0
9200 0
9201 0
1010 1
17395 2
17396 2
8190 2
9207 0
17401 3
18212 1
17404 1
17406 2
1023 2
9216 0
17409 1
9218 2
1027 0
1028 1
1030 2
9224 1
17417 1
9228 2
17421 1
9231 2
9232 2
11096 2
9236 1
9237 2
17431 3
17432 2
9241 2
17434 0
1052 0
9245 2
13829 0
17441 2
1058 2
1542 2
4273 0
1065 2
17450 1
9735 0
17452 0
17453 1
9262 2
1071 1
9264 1
17457 0
9267 0
17460 1
17461 3
9270 2
1080 1
9274 2
9275 2
1085 0
17472 0
1089 3
17474 2
17476 0
17477 1
17479 0
17480 2
9289 3
1098 2
17484 0
17485 0
17487 2
17488 2
9297 0
9300 1
9301 0
9302 2
9304 2
9305 1
9307 2
9308 1
9310 0
2917 0
9312 2
17505 0
1122 1
17507 2
9316 0
17509 2
9318 0
9319 2
17512 1
9321 0
9322 1
2919 0
9325 0
9326 0
3311 1
1137 0
1138 2
17523 2
1141 1
1144 2
17530 1
8383 2
17532 2
17533 3
17534 2
9343 2
1152 0
1153 0
15211 3
9349 2
17542 1
16577 0
9352 1
9353 0
13847 0
9356 3
17551 2
1168 3
17553 2
9362 0
5736 2
17556 2
15214 1
1174 2
17559 2
1177 2
17563 2
1562 0
9375 0
1186 0
9379 1
17573 1
17574 1
17576 1
17577 1
17578 2
1195 0
9389 0
9390 1
17583 3
8392 2
11224 2
17589 0
1206 2
17591 1
9400 0
17593 2
9402 2
17595 2
17596 1
9406 3
2933 0
9409 1
9410 2
9412 1
17605 1
17607 2
1224 1
17609 1
17610 2
9420 1
17613 0
17616 0
11128 2
11225 0
9427 2
17620 0
9429 1
9430 0
1239 0
17627 1
17628 2
1245 0
1246 3
9439 2
17632 1
1249 0
3040 2
1251 1
1253 0
9446 1
1255 0
9448 0
17641 1
17642 1
17645 0
9455 1
1264 3
9457 2
1266 0
9459 2
1268 0
9462 2
17655 3
17657 0
1274 0
17659 2
17660 2
1277 1
9470 2
9472 0
9473 1
9474 1
5675 1
9476 2
9477 2
1286 2
1287 1
17672 0
17673 2
9482 0
17675 2
1299 1
9492 2
9493 1
6590 0
17688 0
17689 2
1306 3
17692 3
9501 0
17694 0
9503 2
17696 1
1313 3
17698 0
17703 2
6045 1
1321 2
1322 2
17707 2
1324 2
9517 3
17710 2
1329 3
1330 0
1331 1
8083 0
12865 2
17719 1
1336 2
17721 2
1338 1
9531 2
1340 2
1341 2
17727 1
9536 0
9539 0
13878 1
17735 2
15244 0
1354 1
1355 1
9548 0
1592 3
9555 1
12866 2
1365 0
1366 0
16612 1
17754 2
17755 0
17756 0
9565 1
9566 0
1375 2
17760 2
9569 2
17762 2
13883 0
1381 2
17767 1
9578 1
1389 3
17774 1
17775 3
1393 2
17779 2
17781 3
1398 0
3047 0
9592 1
17785 0
9594 2
17787 3
9596 0
8426 2
1408 0
9601 2
1410 2
9604 2
17797 3
1414 2
1415 2
16620 3
18722 0
9611 2
1420 0
320 3
9795 0
1428 0
17813 1
9623 2
1436 1
13414 2
9630 2
1605 0
1440 2
240 1
1139 3
1444 2
9637 1
1446 2
9639 2
9645 2
15261 2
9648 2
9651 1
1463 1
1464 2
17849 2
17851 1
1468 2
17855 2
9665 2
1474 2
12503 0
9669 2
1478 1
9672 1
9673 1
1482 1
17867 0
9676 2
15266 1
1486 0
9680 0
9681 2
1493 0
17879 0
15268 0
17882 0
9691 3
17885 0
9694 0
17889 0
12539 2
10143 1
9702 2
17895 0
9706 1
9707 1
17900 2
9711 0
17913 2
9722 2
8447 0
17919 0
17921 0
1538 2
17924 0
17925 0
9734 0
1543 1
16691 2
1546 0
18055 2
12546 0
9742 1
17935 1
9745 0
1554 2
4355 2
17942 0
17944 1
1561 2
9754 2
7087 1
17948 2
11184 1
17955 2
17957 0
2993 1
9768 2
9770 1
17964 0
17966 1
1583 2
1584 2
9600 1
2995 2
17972 0
9875 3
9784 2
17977 2
1594 1
17979 2
1596 2
4362 0
17982 2
17985 2
9794 0
17987 0
6600 0
17989 1
1608 1
1610 1
17995 2
1613 2
17999 0
18000 0
11192 2
9810 2
9811 0
9812 0
1622 2
3001 2
1624 2
9817 2
9829 2
9826 2
1638 0
9830 2
1640 2
18027 2
1702 2
18032 0
18033 0
17687 1
9843 0
1652 2
18037 1
16598 2
13929 1
1656 3
9849 0
18042 3
9852 0
1661 1
9854 1
9855 0
1664 1
18050 3
1667 1
18053 2
6875 1
9863 2
18056 0
18057 2
1674 2
12567 1
1677 0
8982 0
18065 0
18067 0
18076 0
18078 2
10422 2
1696 2
1697 0
9890 0
1699 1
1700 2
17360 2
9894 1
1703 1
18091 2
1709 0
1710 0
9903 1
1712 1
9906 2
9907 2
1716 1
1717 2
18104 0
1722 0
8479 0
18110 1
9845 1
9886 0
8480 1
9922 1
9923 0
1732 2
1735 1
9929 2
18122 1
1740 0
4386 3
18126 0
15309 1
1748 0
18133 2
1750 1
1751 2
1753 3
9946 2
3023 0
1757 1
1758 3
8485 2
1760 0
1762 0
18147 1
18148 0
294 3
9958 0
11217 2
9960 0
1769 2
18155 1
9964 0
7122 2
18045 0
18161 1
18162 0
15315 2
1662 2
1782 1
332 2
1785 2
13951 3
1789 2
1790 2
13153 2
16972 1
1793 0
8959 0
16684 2
9995 2
18188 1
9999 2
10000 0
10001 0
1810 3
10003 1
1812 3
18199 2
18200 2
18201 1
18202 1
1819 0
11226 2
10014 1
1823 2
5687 2
18209 0
1826 2
18211 1
1828 2
18213 2
18214 2
7132 0
18218 2
1671 1
18221 2
1838 2
1839 2
10032 1
18225 2
10035 2
10036 2
10037 2
10038 2
1847 0
18232 2
10426 1
10043 1
1852 1
9866 0
11961 0
10048 2
1857 2
18243 0
10487 0
18247 2
1864 1
13964 3
18250 2
1872 0
18264 1
18265 1
1882 0
1883 1
18269 2
1887 2
10080 2
10081 3
18275 1
10084 1
18279 1
10088 1
10089 2
18282 1
1899 0
18284 1
1902 1
10095 2
1904 2
18289 0
18290 0
10099 2
18292 0
9338 2
18294 1
1911 0
10104 1
10105 0
10108 1
1918 2
1920 2
18305 0
18306 2
1924 2
18309 1
18310 3
1927 3
18312 1
10123 2
1932 0
1933 2
1934 0
10127 1
18320 0
10129 2
10130 2
18324 2
10134 0
1944 0
18329 1
1947 1
1951 1
1955 0
18340 2
10149 1
10151 3
1961 2
10154 0
5497 2
1964 2
1965 2
13981 3
18352 1
1969 0
1970 0
18355 3
1972 0
1973 0
18358 3
1975 1
1976 1
18362 3
18363 1
1980 0
18366 2
1992 2
8524 2
18379 1
10188 0
18082 0
10190 0
18383 2
18384 2
18387 2
2004 0
334 3
2006 1
2008 2
2009 0
2010 1
286 1
18400 0
18401 1
12615 2
10212 0
10213 2
2025 1
2027 0
10220 0
18413 3
18414 3
2032 0
18419 1
2037 0
2038 0
18424 1
12628 1
18426 1
2043 1
18428 2
2047 2
18432 1
68 2
10242 1
2052 2
18437 0
18442 1
18443 2
18446 2
9670 0
11267 2
10261 2
2072 2
3076 2
2074 1
13999 1
10271 0
10272 2
2083 2
342 2
7174 1
10279 2
18472 0
10281 2
18475 0
2093 0
10287 2
18482 0
2099 2
10292 3
12638 2
2102 2
14004 3
10299 2
2108 3
2109 0
2111 3
2112 2
2113 2
10306 1
18499 1
10308 0
10310 1
18503 3
2120 2
2121 0
10316 2
10317 1
10319 3
2129 1
18515 2
2132 0
10325 1
10328 2
16740 0
2138 2
3833 0
10335 2
10337 2
10340 3
18534 2
10344 1
10346 3
359 3
18540 0
18541 0
10351 2
18544 0
16744 2
2162 3
1726 2
2166 1
12649 1
1727 0
10364 2
10366 2
10367 1
2176 2
10372 1
12136 2
2183 2
2185 2
10383 0
10384 0
10386 1
18579 2
2196 0
18581 2
10390 0
2199 2
18584 1
2201 2
2202 2
18590 0
2208 3
18593 2
2210 2
2212 1
2213 1
18598 2
10407 2
18600 2
10412 2
10413 0
2222 2
4270 0
18609 0
2228 0
18614 2
18615 1
2234 2
2236 2
1711 2
2238 2
2239 2
2240 2
18627 0
13000 2
2245 1
18632 2
18633 0
18634 1
4471 1
18636 2
2254 2
18640 1
10450 2
2259 1
2260 2
2262 0
18650 1
2267 1
2268 2
18653 1
10462 0
18655 2
2272 0
5416 1
10466 0
10467 2
2276 0
2278 2
18663 3
2280 1
2283 2
18669 1
18670 1
2287 2
2288 2
18675 0
10484 2
18677 0
18679 3
18680 0
2298 1
18683 1
18686 1
2304 0
12079 3
10498 2
10499 3
18692 2
14038 2
8533 3
10503 2
10505 2
10981 0
18699 0
10510 0
10511 0
18704 1
2324 2
10517 1
670 2
2329 2
2330 0
10523 2
483 2
10530 1
1755 1
18724 0
18726 1
10535 2
18729 0
18734 2
18141 0
2353 1
2355 2
18142 1
2358 1
2359 3
14047 1
18748 2
2368 1
2369 0
6726 2
18757 0
10567 1
10568 1
2377 0
2378 1
18763 0
10573 1
18766 2
10575 1
10576 2
2385 2
2386 2
18771 2
2388 2
2389 2
10583 2
10585 0
18779 0
16174 3
5526 0
18790 0
10599 0
18792 2
1767 2
10604 3
16786 1
17090 3
10607 1
10609 0
10610 0
10612 2
18153 0
2426 1
10619 0
18812 2
18814 2
18815 2
2433 1
2434 2
2435 0
8810 2
10632 1
18156 1
10634 1
16791 2
2444 1
10637 0
4173 2
1773 1
2452 2
2453 0
12697 0
9629 1
900 1
9967 1
2460 0
16794 3
2463 3
10659 3
10660 2
2470 2
2471 3
2472 2
8604 2
2475 1
10672 2
10674 1
10676 0
10677 3
10685 0
17541 1
16800 3
2500 2
2503 0
2505 3
10698 2
10702 2
3149 3
4695 2
10710 2
14073 0
10712 2
10714 1
2524 1
2527 1
2528 0
2532 0
12710 1
10726 2
357 0
10729 1
423 2
11346 2
2544 0
10737 3
2546 2
10741 1
10745 0
2555 1
4522 1
2558 1
10755 0
2569 2
10724 0
10771 1
10773 1
2582 2
2583 3
10777 1
17544 2
2587 1
10780 0
10781 2
10783 3
5269 0
2595 2
10793 0
2371 2
2605 0
10798 0
10799 1
10800 0
2269 0
10804 1
2613 1
2615 2
10808 3
10809 1
10812 1
2622 1
2623 0
10816 0
10817 1
10818 0
1803 0
10820 3
10822 1
7265 1
10825 0
2634 2
2638 0
2639 0
2640 2
2642 0
10841 3
14095 2
2653 3
2654 2
2655 2
10849 0
10850 1
10851 1
10852 2
10853 2
10855 1
4540 1
7271 1
10861 2
10862 0
4541 0
14966 0
10867 1
10868 0
8638 1
10873 0
6128 2
10881 2
2692 0
4545 0
10891 0
10893 1
2702 2
10895 1
10896 1
2705 0
10898 0
2707 0
2712 0
2714 0
10907 1
10908 0
10010 0
2722 1
2724 1
16838 2
10919 0
10925 1
2739 2
10933 0
2742 2
10935 0
2745 0
2751 0
13185 1
10945 2
2754 2
2755 0
2758 2
11003 0
10953 0
2763 0
10018 0
2766 0
2769 0
18240 0
2771 0
2772 2
462 3
2775 1
2776 0
10020 3
10972 0
10973 2
2782 1
5821 2
2786 0
2789 0
10982 0
2791 2
2793 0
2794 3
7322 0
10991 1
10992 2
2801 2
10994 1
2803 2
10996 1
2806 3
2807 3
1437 3
3199 3
11004 2
11005 1
10522 1
11011 0
4566 2
2822 0
16188 3
11016 0
16856 2
2835 2
2836 1
2839 2
4656 1
11035 0
11036 2
11038 2
2848 0
2850 2
2851 1
11045 2
2854 1
2855 2
2856 2
11050 1
11053 2
2863 0
11056 0
12916 1
11058 2
11059 0
11062 0
11065 2
2879 2
2880 2
2882 2
2883 0
2884 0
11077 1
11078 2
16865 0
2889 1
2893 0
2894 3
2898 2
11091 3
2900 1
2904 1
11097 1
2909 1
11102 3
11103 0
11107 1
11109 2
11111 3
2921 2
11114 3
2925 2
11118 0
11119 1
11120 0
5553 2
11124 2
11125 1
11127 1
2936 0
2938 2
11131 1
11132 2
11133 0
2942 2
11135 0
11137 2
2946 2
11139 1
11140 1
2951 2
2953 2
11146 3
11150 2
2960 0
2963 3
4590 0
2967 2
2968 2
4736 2
2973 2
2975 1
11168 0
2977 0
2979 2
18246 2
2983 2
2985 2
2986 0
2988 0
11183 2
2992 2
10056 2
11187 0
18376 2
2998 0
3000 2
500 2
11194 2
7327 0
11197 3
11202 0
3014 0
3016 1
1737 1
11215 1
3025 1
11220 1
3031 1
3032 2
3033 0
3034 2
11429 0
11232 0
3041 1
9103 2
12077 2
11238 2
11239 2
3048 3
3049 2
3050 0
11243 2
3052 1
16893 2
3057 0
3058 1
3059 0
3063 0
11258 3
11434 2
3071 1
11265 3
3074 1
11435 2
11268 2
14166 2
3079 2
3080 2
11273 3
11274 2
11288 0
10196 1
11293 2
3104 0
3105 1
11302 0
4794 2
11307 2
3117 3
11310 1
11312 2
3122 3
3125 0
3129 3
11327 2
1888 2
3139 0
3141 2
11334 2
18273 2
11336 2
3145 3
3255 1
11341 1
8968 0
11344 2
11345 1
3154 3
10083 2
11349 0
3162 1
378 3
3167 1
3169 3
11364 1
11366 0
11370 1
10087 3
11372 0
3181 3
3182 3
11453 2
3186 1
14145 2
11382 2
3191 2
11386 0
1898 3
8725 1
11393 2
5995 1
11397 2
3206 2
8727 0
3215 2
12824 3
1471 1
3222 1
3223 2
11417 2
3226 2
3228 3
18111 1
3231 1
11425 2
11426 3
3236 0
3237 1
11430 0
11432 0
11433 2
3242 3
3243 1
3244 0
3249 1
10201 1
3253 1
3254 1
11465 3
15079 3
11451 1
3261 1
3262 1
3263 2
3265 0
11458 2
3267 0
3268 2
11461 1
3270 1
11463 1
3273 0
3274 1
11468 0
11469 2
3278 3
3279 2
3280 2
3281 3
3282 0
8739 3
9111 2
3286 1
3288 2
11471 2
11484 1
11487 0
3296 0
3298 1
11491 0
17295 0
11473 1
3305 1
16935 2
11500 0
11503 0
11567 0
3314 3
11507 0
3316 0
3318 0
3319 1
3320 2
3323 2
11516 1
11518 2
3327 0
3330 1
1921 2
15114 2
111 3
11532 2
1475 1
5567 2
3352 1
3353 1
3354 2
11547 2
3357 1
11550 1
1925 3
9257 0
11553 2
11554 1
3363 1
14214 2
3366 0
11562 1
11565 1
3375 2
11568 2
3377 2
3380 1
3387 1
3388 1
11581 2
3390 0
3393 1
11586 0
3395 1
3399 0
8759 1
10125 1
3408 1
3409 0
7395 1
3413 2
3416 0
3419 2
11612 3
8570 1
3422 1
6115 3
3424 3
11617 1
11618 1
3427 2
11620 1
11622 0
3432 1
3433 3
3437 0
3440 1
3441 1
11636 1
11637 1
11640 2
10132 1
575 1
3454 0
3460 2
1942 0
577 1
11656 2
3465 1
11659 2
11660 1
3469 1
3470 1
8908 3
11672 2
11674 0
11675 3
3485 1
11678 0
7408 2
11682 2
10139 2
3492 0
12870 1
8775 0
7410 2
3503 2
11696 2
3506 0
3315 2
3508 0
11703 1
11508 2
3515 1
3520 2
3521 2
16959 2
11717 2
3527 2
8780 1
18121 1
11724 2
11729 1
6051 2
11738 1
11739 1
6053 1
11744 2
3556 0
3557 2
11751 1
3324 2
3564 3
11758 2
3567 2
11760 2
11761 1
3573 0
3665 0
3575 1
11773 2
3583 2
3585 2
3586 0
11779 0
11781 1
18348 1
11786 1
3595 0
11788 2
18349 1
11793 1
11795 3
11800 2
3611 3
11805 0
11808 1
1968 0
3621 2
11815 1
11820 3
3629 1
11822 0
11823 1
11824 1
11825 2
3634 3
11827 0
3637 2
3638 2
11831 1
11836 0
11838 2
11839 3
11840 0
11841 2
11842 0
11843 2
11844 2
3655 1
11849 0
3660 3
3661 2
11856 3
11857 0
11860 1
3670 0
3671 2
3672 1
3673 1
3675 1
1978 0
11871 2
11873 1
3682 2
1979 1
11876 1
3685 2
11878 1
3688 1
3689 1
11882 3
11884 2
11886 2
11887 2
3696 0
17581 1
3702 2
17001 0
3704 1
11899 2
11900 2
17002 1
11902 2
11905 3
3715 1
11909 2
3719 2
11913 1
11915 0
3727 2
3728 2
3730 2
11923 3
8814 2
3738 1
17007 0
3740 0
3742 2
3745 2
5853 2
3747 1
11944 2
7453 1
11952 2
6088 0
11956 0
11957 0
11958 0
3768 0
3769 2
11962 0
11963 2
629 1
3778 0
11971 0
3781 1
11975 1
3784 2
11977 0
3791 2
3792 0
8824 0
11987 3
6673 1
18382 1
6946 2
11997 0
11999 2
3810 2
3811 2
3813 0
12006 0
12011 3
12013 2
3822 3
17858 0
12019 0
8830 0
12023 1
3832 1
12025 0
3834 2
17023 1
18404 2
8832 2
12034 1
12037 2
641 0
3850 1
6103 2
3858 0
12053 1
3862 2
12055 2
3864 0
12059 0
3869 0
3376 2
3876 2
12069 1
3879 2
3880 0
3881 0
12076 2
3885 2
3887 2
12083 2
17033 2
3897 0
3901 0
2016 0
14265 2
12100 2
12101 1
12103 3
12104 2
12106 2
12109 2
12110 2
18134 2
3921 2
12114 0
3923 0
3924 3
2020 3
3930 0
12125 0
3934 0
3935 0
4752 1
3950 0
12135 0
3944 0
12138 1
12139 2
3949 0
12142 2
3952 2
3954 1
12956 2
3960 2
12153 1
12154 0
3963 2
12157 3
3967 3
3968 3
3973 1
405 0
3979 1
12173 0
3983 2
3984 1
3985 2
7446 2
3988 0
12181 1
12183 2
12184 2
3679 2
638 0
17050 1
3999 0
4001 1
14045 0
4003 1
12196 3
4006 2
4225 2
4009 3
12202 2
4011 2
4013 2
12206 1
15688 0
4019 1
4020 1
4766 1
12219 1
4029 2
12223 1
4033 2
4036 1
4037 3
1771 1
12232 2
14327 2
2209 0
4050 1
4051 1
4052 1
4058 2
4059 3
6138 0
4063 2
12257 0
6682 3
12259 2
12261 1
4070 3
12265 1
4074 1
4076 3
12270 2
4079 0
12272 2
17321 2
11603 3
4086 2
4087 0
2591 0
3355 1
12285 0
12286 1
2864 2
4096 0
4097 0
12292 2
4101 3
409 0
8791 2
12300 2
18434 3
12304 0
10993 3
4115 0
12313 2
12314 2
12316 2
4126 0
12319 2
12323 3
12324 2
4134 0
12327 2
12330 1
4140 0
4141 0
4143 0
4146 0
12340 3
12341 3
12342 2
12343 1
12344 2
4153 2
7519 3
12348 1
12349 1
12351 2
9413 0
4164 0
2048 0
3425 2
4169 3
7522 2
4176 3
4177 2
4180 0
12376 2
3428 1
12379 1
12380 0
12381 0
4192 2
12389 2
12390 2
12392 1
4204 0
4206 3
4212 0
4214 0
4218 1
4219 0
15722 2
2069 3
4505 0
12417 2
4226 0
4227 2
12426 0
4235 2
12429 0
4238 0
12431 3
12432 2
12434 2
12435 2
2073 2
708 2
12448 1
12449 2
4259 2
4261 2
4262 2
12456 1
14364 1
12459 1
12461 2
12462 2
10235 2
12464 0
12465 1
4277 2
12470 2
713 0
4280 1
3143 2
18463 0
17055 2
714 1
12478 0
12480 2
18464 0
12486 2
12487 0
4296 0
4297 0
4300 0
4302 1
12496 1
4305 1
6179 0
17102 0
11641 2
4313 2
12506 1
4318 2
12511 0
4323 2
4326 0
4327 1
12521 2
18471 2
4332 2
4335 2
4337 2
12533 2
4342 2
12535 2
12536 1
18421 3
12545 3
4354 2
2091 2
17110 0
4359 2
6188 2
12554 3
138 2
16785 3
4370 1
4371 2
4372 2
4374 2
17113 1
12568 2
4378 0
4379 2
12573 0
15749 1
4385 1
12578 0
12579 0
4389 2
4390 1
12584 2
4394 1
12588 2
2098 2
12590 3
12591 1
18483 2
17059 0
12598 1
12599 2
12600 1
8927 3
12611 2
4421 0
10240 1
4423 2
12616 0
4427 1
12622 1
11877 2
693 2
12626 2
13027 0
4436 2
5598 0
4439 2
13963 3
12635 0
4446 3
18491 0
12648 2
10300 2
12650 1
12651 0
4462 2
10301 2
12656 0
4465 0
15763 1
12662 1
12663 2
12666 0
12668 2
12672 3
8939 2
4484 1
12679 2
12680 0
4491 1
12685 2
12686 2
8333 2
4497 0
4498 2
12692 2
12695 3
2116 2
12698 2
8943 1
7578 1
4510 1
4511 1
12705 2
4514 2
4518 1
12711 2
4520 0
4521 1
12714 1
12715 2
12717 1
15773 2
4529 2
755 2
4532 1
4533 0
12726 0
12727 1
4536 0
4537 2
11335 2
4539 1
12732 1
12733 1
12734 0
13045 1
12737 1
12739 2
12742 1
3489 3
4552 1
4553 2
12747 2
4557 1
1643 1
4559 3
12752 0
8952 2
12754 2
6153 0
13791 2
12760 0
4571 0
4573 1
4574 3
7589 0
4577 2
12770 1
4584 0
4588 0
12782 0
4591 0
12786 0
10323 3
12788 2
12790 0
12792 1
10324 1
12795 0
4605 2
12799 0
17066 2
12808 3
12809 1
12811 2
4621 2
3501 1
4626 2
12819 1
4630 0
4632 2
4633 2
12828 0
427 2
12830 3
12832 1
3504 2
12839 0
4653 0
4654 1
12847 2
12848 2
4657 1
12852 2
12856 2
4668 2
12861 2
4671 0
4672 2
14432 3
4674 1
12868 2
4678 1
6241 1
12872 2
12874 1
12876 2
4685 0
4686 2
4688 1
12881 0
12884 1
15525 2
11613 1
11705 0
4697 1
4698 2
4699 1
4704 1
4705 1
12898 1
11707 2
4708 1
4709 1
4711 1
4713 0
12906 2
4715 0
12909 2
12910 2
4721 2
4722 0
5340 2
4726 1
4249 1
4729 2
7615 2
4733 2
13077 2
12928 1
12931 0
12933 0
12934 0
4744 1
4745 1
12940 0
2157 0
12944 2
12946 1
4755 1
6254 3
12951 0
4761 0
4764 0
12957 1
12958 0
4768 2
12961 2
12963 1
4772 0
4776 2
7524 3
12972 2
12973 3
4784 1
12977 2
4786 3
12981 1
12984 2
12986 2
12987 1
4796 2
6913 0
4803 3
18709 3
4805 1
7015 2
4807 1
4808 1
4809 2
4811 3
13004 2
4813 1
13007 1
13010 0
8995 2
4822 0
13015 1
804 3
4826 1
4827 1
13023 2
13024 2
2343 1
4835 1
4839 0
4833 3
6708 1
4848 1
9000 1
13043 2
4852 0
4853 0
4854 0
4855 2
4863 1
9982 1
4866 0
13060 0
13062 0
4871 0
4872 2
4881 1
13074 0
13075 2
4885 1
13078 0
4887 1
2180 2
8619 3
4894 0
4897 2
13090 2
4899 1
4901 0
13094 3
4905 2
4906 3
18567 3
4910 0
13107 0
4916 2
4918 2
10377 2
13114 2
4926 1
4927 2
4929 0
4930 2
4931 2
13124 3
9014 3
4934 1
4939 0
7677 3
13133 2
13135 2
13136 2
13137 2
13138 0
4947 0
13142 1
13143 0
4952 2
13145 1
13146 0
13147 1
13148 2
13150 3
7771 2
4961 1
4962 0
13156 0
4965 0
13158 1
13159 3
7655 3
4973 0
4974 0
4975 0
13168 2
13170 0
13176 0
33 0
4987 0
4989 0
13183 0
13184 1
9024 2
4995 1
4997 2
5000 3
13193 2
9441 2
712 2
13122 1
2200 1
13202 1
13204 2
5013 3
5014 0
13207 1
13208 2
13209 2
13210 2
15855 1
13214 1
3568 0
5030 2
6987 1
1916 3
13229 2
2350 2
13239 0
13240 2
5049 3
13245 2
13247 2
13248 1
18592 0
13250 2
11766 0
5063 2
13256 1
844 2
13259 2
845 1
5072 3
13266 1
13267 2
5079 3
13271 1
13272 0
13275 2
13276 2
13279 2
13280 1
4944 0
5090 3
13283 2
13286 3
5096 1
5100 2
8981 2
13295 1
5053 0
13301 2
13307 1
443 0
1807 0
5121 2
5122 2
5123 2
13317 0
13320 2
18604 2
13322 2
5131 2
5137 1
5138 0
13331 2
13334 0
5152 2
5154 2
5155 0
6690 1
15993 1
13352 0
17244 0
13356 2
5165 0
13360 2
7688 2
5171 1
13364 3
11785 0
5180 0
13346 2
17019 1
5185 0
5186 0
5187 0
12175 2
13381 0
9057 1
2231 2
5196 2
5197 3
5200 0
5202 3
13396 0
13401 2
5212 1
13405 2
5214 2
13157 2
5216 0
5217 0
5218 0
13413 2
5222 0
3601 3
5225 3
13418 1
13423 0
13424 2
13428 3
12995 1
13431 2
5244 0
5249 2
13442 2
13443 1
13444 1
13446 3
5258 1
17633 3
5265 2
13458 0
13461 0
5272 0
13466 1
10814 1
5277 0
13470 3
5283 2
13477 2
5286 2
6309 0
5294 2
13489 0
5299 0
5301 0
13497 1
5306 1
13499 1
6691 1
6346 2
13503 2
5314 1
5317 0
5318 0
13511 2
5322 2
13518 2
13520 2
888 2
5331 3
5332 2
10401 2
12413 1
5338 0
5339 1
13532 0
13533 1
5345 2
16557 2
5348 3
13541 2
13544 2
13545 3
5358 1
13551 2
13552 2
10451 1
13556 0
894 2
5366 0
13559 2
5368 0
5369 2
17804 2
5372 2
5373 1
5374 1
13567 3
13568 3
9088 3
5378 2
13572 2
10454 0
13575 0
13578 2
13580 2
5389 2
11821 1
13586 0
13589 0
13593 1
13596 2
5405 2
5410 2
13603 0
13605 2
13607 2
13608 2
18652 2
9095 2
7730 1
5636 0
5423 0
5424 0
5425 0
18457 1
13621 2
5001 2
5435 0
5436 3
13629 1
5440 0
5441 2
13195 0
5445 0
13638 2
13640 1
13641 2
13645 3
8365 1
13650 3
13651 0
13652 3
5461 2
13655 1
13656 1
13657 0
5467 0
5469 1
5476 0
5477 0
5478 0
5481 0
5483 1
13676 0
13679 2
13680 0
18664 0
5490 1
5495 3
916 0
5498 2
5502 1
13205 2
13696 2
13697 2
5506 2
10475 1
13702 2
5513 2
919 0
13710 2
13712 0
1002 0
5524 2
13718 2
7549 2
13720 2
18098 2
13723 2
5532 1
5018 1
13727 1
9186 2
5539 1
14369 2
13734 1
6386 1
5550 2
5552 1
13745 2
10483 0
5556 1
5560 1
5562 1
5564 1
15946 0
13759 0
5569 1
5571 1
5576 1
13769 0
5579 2
5580 1
5581 2
5583 2
10488 2
13779 1
5588 3
5589 3
5592 3
11643 1
13789 3
13790 1
9125 2
5603 0
5607 1
5609 2
5610 2
5612 2
13808 2
5811 2
5619 1
9129 2
1764 2
13818 3
13820 1
5630 2
13823 1
13827 0
13828 1
5637 1
5639 2
5641 0
13834 2
13836 2
5645 0
13838 1
13841 0
10294 1
13843 0
13846 2
5655 2
5657 1
5658 3
7770 3
5663 2
13858 0
11867 1
18694 2
5670 1
17329 3
5673 3
13866 0
13867 2
13868 0
13869 1
5683 1
5684 3
5686 2
13879 2
5691 2
13884 2
7009 2
13888 0
13897 0
5706 0
5047 0
13900 0
11874 1
16929 2
10283 2
5714 0
7779 2
5716 0
13909 2
9465 1
13919 3
13921 1
13922 1
9147 1
13926 3
13927 1
13928 1
5737 0
13930 1
7785 0
13933 0
5743 1
11880 1
17922 0
6419 2
5751 2
18708 2
13949 3
5759 2
5761 1
13954 1
13959 1
5769 0
5770 0
5771 1
5772 0
13965 0
13966 3
5776 2
5777 2
18713 1
13976 3
5787 0
18714 1
5061 3
5794 1
6427 2
5798 2
5800 1
13993 2
5803 1
13996 1
13997 0
5807 1
13014 2
14001 2
5810 0
7795 0
5812 0
5814 2
15988 1
5819 1
9162 1
5822 1
5823 2
5824 2
14019 2
17652 1
14022 2
5831 0
1558 3
14029 2
14033 1
14036 1
5845 0
4595 1
5847 0
14040 1
5851 3
7802 0
16733 2
976 0
14050 1
5859 2
16562 2
3708 3
17926 0
14059 1
5869 2
2299 2
14065 0
14066 3
14067 0
5876 0
14069 0
5879 2
11223 0
14075 0
5884 0
5886 2
14084 1
5893 1
5894 0
5895 2
14089 1
14090 2
983 0
5901 1
5903 2
5904 2
4561 3
5753 0
14100 0
5909 3
14103 1
5913 1
14107 0
14113 3
5922 0
14118 0
9199 0
14121 3
5930 2
14123 1
14128 2
6968 0
14131 1
14133 2
14137 2
14138 1
14139 1
14140 2
14142 3
9184 2
13019 2
14151 2
8109 2
18743 0
14157 2
5968 2
13565 2
14164 2
14929 1
1290 1
14171 0
5980 3
5982 2
17381 2
1563 3
11920 0
5987 1
14180 1
5989 2
16017 2
14184 1
5993 3
14186 2
14187 0
14190 2
14197 3
14198 3
14199 1
1291 0
6009 3
200 0
6013 2
6018 1
14211 0
14212 2
6021 2
6022 2
6023 1
14217 2
6026 2
14219 0
14221 0
14222 0
14223 2
14227 1
14228 0
14232 2
201 1
5103 1
6044 3
14237 0
6047 2
14240 1
14242 0
14243 1
14244 2
14245 1
6057 2
14250 2
14253 2
14254 2
6063 3
6064 2
14257 1
6067 2
6073 2
6074 1
14267 1
14268 2
6080 1
14274 2
6084 1
6086 3
17662 2
14280 0
17399 2
6094 2
14287 1
12905 3
13842 0
6100 2
2382 0
6102 2
9209 1
6104 2
6106 0
6107 2
6108 2
17402 1
14302 2
6114 3
14307 2
11661 2
14310 3
14312 2
6121 3
14314 2
14317 0
2954 2
14320 2
3752 3
14322 2
6132 2
6135 2
6136 2
14330 0
6140 2
14335 2
14336 1
6145 2
6150 0
6151 2
6152 3
14345 3
14346 1
18775 1
6156 0
6157 0
6158 2
14353 0
14355 2
6164 2
14357 2
6167 1
14360 1
6172 0
14365 3
6174 2
14367 1
6176 1
6177 1
14371 1
6181 0
6182 0
6183 2
14376 2
6185 2
14380 0
17664 0
14383 0
1032 1
6196 2
14391 0
6200 1
6201 2
6203 2
6204 2
6205 2
6206 2
14403 0
1025 2
14405 1
14407 1
14408 2
9229 1
15775 0
14420 2
6231 2
6232 2
6917 2
14431 1
6240 0
14433 2
1026 2
14439 2
6250 2
6251 2
14446 0
14451 0
6260 1
14453 0
14455 0
9483 3
6265 3
14458 2
6267 2
6268 0
6270 2
1045 1
6272 3
2333 2
1351 2
16066 1
6286 3
3779 1
14487 3
14488 3
14489 1
6304 1
14497 0
6307 1
14501 0
4831 1
2606 3
14706 0
14510 2
14511 0
14513 2
6322 3
3358 0
14521 3
6330 2
6331 2
6332 2
14525 1
14527 3
18760 3
6338 1
6340 2
14533 2
14538 2
18807 2
6348 3
6349 2
6350 2
14545 3
14546 0
6355 3
6356 1
6357 2
6359 2
6360 3
6363 2
6367 2
6368 2
14562 1
14563 1
14564 0
13350 0
10620 0
6378 1
14571 2
6380 0
7890 2
6383 1
6384 0
14578 1
6391 3
14584 0
6393 2
14586 2
6396 0
6398 3
6400 2
9259 3
6122 2
12765 2
6410 3
6411 1
14604 2
14607 2
6416 3
7896 0
14671 0
14611 1
6423 3
6426 1
17455 0
7898 0
11398 2
14623 0
14625 2
14627 2
14628 0
6438 0
14632 2
6441 0
6445 1
6446 2
6448 1
10463 2
6451 2
6453 3
6454 0
14647 2
14650 1
14651 2
6462 0
6464 0
6465 0
6466 2
6467 2
15491 1
14661 2
14663 2
6473 2
14666 2
6475 0
14668 0
6478 3
6479 0
6480 2
9272 3
7308 0
14678 0
6489 0
14682 2
6492 3
6493 2
14690 2
7036 1
14704 0
7912 0
6514 1
14707 0
6520 0
6521 0
6522 2
14715 2
6527 1
6529 0
14724 2
14725 0
6534 0
6535 0
6536 0
14730 1
18839 2
6540 0
9282 3
3821 2
14736 2
14737 2
14738 3
3764 1
14740 3
7918 0
6553 0
10650 2
14751 2
6562 0
6563 3
6565 0
14759 3
14761 1
1037 3
6575 2
14768 0
6580 0
1844 2
6585 1
14778 2
14779 2
14782 2
14787 0
13313 2
6597 1
14792 2
14793 1
6603 1
6604 2
6606 2
1101 1
6608 2
14801 1
6614 2
14807 2
6616 1
14809 2
9373 3
6619 2
6621 2
6622 0
6626 3
14821 2
14822 0
6631 2
6632 2
14828 0
13394 0
6876 2
14837 0
6646 1
6569 3
17492 1
14844 2
9496 2
14847 0
14849 2
14851 2
6662 2
3841 2
14857 0
14858 2
6667 0
808 2
14864 2
17496 3
6679 2
14872 2
14874 2
14767 1
14878 2
6687 2
14880 2
14882 2
17499 2
6692 2
14886 1
6695 3
2482 2
6702 1
6703 1
14899 1
18048 2
6709 0
14904 2
6713 0
6715 2
8407 2
2485 0
14913 2
6723 1
6724 2
6725 0
14918 3
14920 0
6736 0
6737 1
6740 1
14935 2
12920 1
10863 0
6751 0
6752 2
14945 1
6755 3
14949 0
14951 2
6760 0
8954 2
6762 1
14955 2
14960 2
15289 3
1862 3
14965 0
6774 0
14967 0
6776 2
14969 3
3482 2
14972 2
1130 2
10738 2
6787 0
6788 1
12054 0
14983 2
14985 1
6794 2
14988 1
14989 0
6798 1
17517 1
14993 0
14996 2
6809 0
6810 1
1135 2
15004 2
6228 2
15009 2
15011 0
15017 1
6828 1
17522 0
6830 2
6831 0
6833 1
15027 1
6836 1
6837 1
15034 2
6845 0
15038 2
15039 2
6850 1
6851 1
15044 1
6853 0
15046 1
6855 1
14796 2
15050 2
6859 1
6860 1
6861 0
6863 0
6867 1
18505 2
6871 0
6874 1
15067 2
15068 2
15069 2
15070 2
15071 0
15072 0
6881 2
15075 2
15078 2
6887 1
6890 1
16167 0
6892 2
15085 2
6896 1
6898 1
15093 3
6902 0
15095 1
6905 1
17535 0
15102 1
15103 1
6912 2
17536 2
15106 1
15107 1
15109 1
6922 1
6923 0
15119 0
15120 0
14808 2
15122 2
15123 1
15124 3
6933 3
6936 1
7596 1
15132 1
6941 0
6942 1
15135 2
15136 1
15137 3
15138 0
15139 2
15140 0
15141 1
15143 2
15144 0
15145 0
6954 3
10342 2
6958 2
15151 3
6961 1
6963 2
15156 3
15158 0
15160 1
16181 1
6978 0
15175 1
6984 1
15177 2
6986 2
15179 2
10964 0
6989 1
6991 0
15185 0
15186 1
15189 0
15191 2
15193 1
15194 2
15195 2
15197 2
7006 2
7007 3
7008 2
17552 1
4411 3
7995 2
13457 0
7016 2
15209 1
7018 1
10727 2
15212 3
9781 1
7022 3
7023 1
7024 2
7026 0
15221 0
13031 1
15225 1
7035 0
15228 0
7037 1
15231 0
15233 2
15240 0
15241 2
7052 1
15245 2
15246 0
7056 2
15250 3
7062 0
7064 2
10358 2
7069 0
7071 1
15264 2
7074 2
7075 3
7076 1
15272 0
9873 2
15276 2
7085 0
15278 3
15279 2
15280 1
15281 2
15282 2
15284 1
7093 0
15286 1
16201 1
7097 2
7098 2
2549 2
15296 2
16203 0
7109 0
15303 2
15304 2
7116 1
9378 2
7120 2
15314 0
7123 2
15316 1
7125 0
1601 1
2553 1
7129 2
7130 0
15324 1
18241 0
1189 2
15329 2
7138 0
7139 0
7140 0
15333 2
15334 1
3539 0
7147 0
1192 2
7155 2
7157 2
15350 0
7164 2
9381 3
7166 3
7167 0
7169 1
15365 1
15366 1
15368 3
3785 3
7179 3
15374 0
15375 1
15376 3
7185 2
7186 3
7188 2
7189 2
15389 2
7205 1
15398 0
5297 0
4493 2
7210 3
7214 2
7216 2
15413 2
18597 3
7226 0
7227 2
7230 2
9397 2
15428 2
7240 3
7241 1
7242 0
241 0
15437 1
1208 0
8035 3
7255 2
15448 2
17594 1
7264 2
15457 2
9403 1
15461 0
15463 0
7274 1
15471 1
15473 0
7282 2
7283 0
15477 2
15478 2
8041 0
15480 1
5971 2
9407 0
15487 3
7296 0
3947 0
15492 0
10774 1
15495 1
15496 0
7306 2
7307 0
15500 2
1218 2
15503 2
15504 0
15507 2
15509 1
15513 0
15514 0
15516 2
15517 1
6759 2
15519 1
15522 1
6683 2
13510 3
7335 0
7337 0
15534 0
15537 0
15539 0
15540 2
7349 2
7350 1
2427 2
9418 1
15550 0
15552 1
8974 2
15555 1
7365 0
15560 0
17612 2
7372 2
15565 1
7374 3
9421 2
12152 1
15570 0
7379 2
7462 1
15574 0
3961 0
14884 2
3962 0
7390 0
15584 2
7393 0
8059 3
15588 1
9425 1
7403 1
7405 2
7407 2
15600 2
15602 2
15603 1
15604 2
15606 2
1236 1
15616 0
15617 2
15625 1
7440 2
5336 1
15634 0
15635 1
15637 2
15638 2
7447 2
7448 2
15641 0
7450 2
15645 3
8069 2
7457 0
15652 1
7461 1
15654 2
15657 2
15658 2
8434 0
15662 0
9437 0
15667 2
15669 1
15670 3
8073 2
7481 1
8978 1
6523 2
15676 0
8074 2
7488 2
7489 2
7491 2
7495 0
7496 0
7497 2
15695 0
15697 0
9443 2
16344 2
15701 0
970 0
7511 0
15704 0
15706 1
15707 1
7516 2
7518 3
15711 2
15712 0
15713 2
15714 1
15716 0
7525 3
7528 3
15721 2
7530 1
17639 1
15725 0
15726 1
17640 1
7538 3
15731 1
7541 1
15735 0
14911 0
15741 1
15746 0
15747 1
15748 2
7557 2
15750 0
15752 1
15754 0
8087 0
15756 1
2626 0
15758 2
15760 0
15761 2
2627 2
15764 0
15765 2
15767 1
7576 2
14916 0
15770 2
5531 3
4344 3
1889 2
15776 2
15777 2
15778 0
15779 0
15780 0
15781 1
12255 1
7592 2
7593 2
7595 0
15788 1
17650 1
12189 0
15793 0
15794 1
15798 1
9460 2
7612 1
5365 3
7618 0
7620 2
17945 2
7624 3
15817 2
15818 2
15820 1
7637 2
7638 1
1273 2
7641 0
17708 2
15835 1
7645 0
7649 2
7651 2
15845 2
15847 1
15852 2
7661 0
7662 0
7663 2
1278 0
4347 3
15864 0
4010 2
17168 2
15871 1
7680 1
7681 0
7682 2
15877 0
15878 2
7687 1
15880 1
17666 2
7694 1
7695 2
7696 0
15892 1
15895 0
15896 1
15898 2
7707 2
7709 3
15902 1
15903 2
15904 2
7714 0
7716 0
15909 0
7720 0
7721 2
15915 1
7724 3
17291 2
7726 0
10845 2
7728 2
1288 2
15922 2
16307 0
7732 1
15925 2
15932 0
17674 2
2440 2
7747 2
7748 2
15941 0
7751 2
7753 3
7754 1
2658 2
15954 1
14947 1
7766 1
15959 1
15962 0
13583 2
7775 0
15969 0
4027 0
7783 0
15977 0
15979 1
7789 2
15982 2
15983 2
15984 0
17683 0
7796 3
13353 0
6761 0
7800 0
12262 2
15994 2
7803 0
15996 0
14954 2
16000 2
13899 0
16003 2
2715 2
16011 1
16013 0
16014 2
16015 1
7825 0
16018 1
16020 1
7831 1
7832 3
7020 2
4898 2
7837 3
16030 2
16032 1
7843 1
16036 1
16038 2
16039 2
7848 2
16041 1
16043 2
7852 3
16045 3
17693 3
16048 1
16049 1
16050 3
16054 1
16058 0
17695 2
16060 2
16061 1
16062 2
10869 1
7874 0
7875 1
16069 2
7878 0
16073 1
9436 3
16079 2
16081 2
16082 2
7891 2
2681 0
16088 1
7897 2
16090 1
16091 2
7900 2
16095 1
16096 2
7906 2
16104 0
16108 2
16110 2
14973 2
16112 0
16113 2
16114 2
16115 2
16116 1
16117 2
16118 1
7927 1
7929 3
16124 1
16127 3
1323 0
7945 2
16143 2
16144 0
16145 0
7956 2
16150 2
7960 0
7961 2
16156 2
16157 2
14177 2
7968 0
7970 1
16164 1
7975 2
7982 1
16176 0
7986 2
16180 0
7989 2
16186 2
16187 1
7996 2
7998 3
4986 2
16196 1
16198 0
8009 2
9527 1
8012 0
8014 2
6797 2
8017 3
8018 3
17725 0
8022 0
16215 1
8024 0
16217 2
6799 2
8028 3
8029 3
13627 2
8166 2
10897 3
12122 3
8042 0
16235 1
8044 1
16238 3
5437 2
16240 1
599 0
8054 2
16250 2
1343 2
12266 2
8062 3
16261 1
16263 2
16265 1
16266 2
8075 2
15002 0
8080 0
16275 0
16278 2
16279 0
8088 0
16282 1
16283 0
16284 3
16285 0
1349 0
16288 1
16290 0
16291 2
16292 0
8101 1
16294 3
16295 1
8105 2
9543 2
18819 0
16301 1
8110 2
11454 0
16305 0
8115 2
8116 2
2127 0
18001 2
8119 0
16316 1
17738 0
16148 2
16321 0
8454 0
16325 0
16326 2
8135 3
16329 0
8138 3
16331 1
8142 3
8146 2
16340 0
16342 2
8151 2
8152 3
8156 1
8159 3
8162 0
16356 0
16358 2
8168 2
16380 0
16366 0
5459 3
16372 1
16373 1
16376 2
17748 1
12384 1
16379 2
8188 2
8189 2
16382 1
16383 1
