16386 2
16387 2
4648 1
16396 1
8194 1
14185 1
16404 3
16405 2
16406 0
27 0
8220 0
16413 2
16414 2
16415 2
8226 2
8227 2
16422 2
16424 1
16429 2
8238 0
16431 2
16433 2
8244 3
16438 3
16393 2
16440 2
8250 1
16443 2
16445 2
62 2
16447 2
16450 0
16452 1
69 1
16455 2
16456 2
73 2
8268 2
16397 1
16469 1
8278 2
87 3
89 1
6842 3
16484 1
8293 1
8295 2
104 0
16489 3
16494 0
16495 1
113 2
5481 0
8212 0
122 3
17770 3
16513 1
8323 1
132 2
8325 2
134 0
16522 1
8331 2
2674 0
8333 2
16527 2
144 2
145 2
146 3
148 1
151 1
8344 1
16539 0
16540 2
8349 2
6853 0
16544 3
161 0
162 2
8219 2
16645 1
8358 0
16412 0
16555 3
173 2
8366 1
16559 0
177 1
179 3
180 3
181 1
183 2
185 2
186 2
10099 2
16572 3
8383 2
192 2
195 2
197 2
16583 2
200 0
8393 2
202 2
14392 2
8397 2
209 2
16594 2
8403 3
213 2
214 0
8407 2
16602 1
8412 1
8417 3
226 0
16612 1
16613 2
230 0
232 1
233 2
16620 3
8430 2
9597 2
16624 2
16625 0
8434 0
16628 0
16632 2
16633 0
16635 0
8445 3
16638 0
16640 1
13102 1
9658 2
16646 1
264 0
12332 2
16650 0
16652 0
8461 3
270 0
8237 2
17992 2
8466 0
2777 1
16666 1
283 3
16671 1
8480 1
289 2
8483 0
8484 3
8485 2
8486 2
8241 2
8488 2
299 1
300 2
16686 1
2781 0
8496 2
16689 1
8499 2
16699 0
16700 2
16701 2
8510 2
319 2
320 3
8515 2
324 1
326 1
16711 0
16713 0
332 2
8525 2
334 3
16719 2
16721 1
1375 2
8533 3
342 2
8539 1
16732 1
16733 2
354 2
357 0
358 1
359 3
360 2
16745 0
6887 1
8556 1
9618 0
366 2
367 0
8563 2
8564 2
8565 3
374 2
16761 1
8570 1
16765 2
383 0
16768 2
385 2
387 0
3985 2
389 1
16774 1
392 1
393 2
394 2
16780 0
397 3
8592 2
401 2
8594 1
16789 3
409 0
16794 3
411 2
8604 2
16800 3
4651 0
8610 1
420 1
8613 2
16807 1
16808 1
821 1
427 2
8621 0
16814 2
16815 2
72 1
434 1
8627 0
436 2
8629 1
8630 2
443 0
8638 1
1440 2
450 1
8644 2
454 2
455 1
456 1
16841 2
8650 1
459 0
16846 1
4173 2
464 2
5471 0
16851 2
16852 1
16854 2
9636 2
477 2
8671 3
481 1
483 2
8679 2
488 2
16873 1
11473 1
491 0
16876 3
6563 3
8687 2
8691 2
500 2
501 1
16886 2
16889 2
506 1
8699 1
2199 2
509 3
510 2
511 2
512 1
6912 2
16900 2
517 0
16902 2
16905 1
16907 0
524 2
16909 1
526 0
17837 1
528 2
16914 1
8723 1
533 0
534 2
8727 0
536 3
537 3
538 0
16923 2
8732 1
16926 2
543 2
16928 2
16929 2
8738 0
8739 3
548 1
2822 0
17841 1
552 1
16937 2
16938 0
16939 1
8748 3
558 1
8752 2
15112 1
16946 2
563 2
8756 2
8758 2
567 2
8762 1
8763 0
16956 1
16957 2
8767 0
12567 1
8771 3
581 1
583 1
8776 1
585 2
16970 2
8780 1
16973 0
590 1
591 1
16976 1
9656 1
8786 1
16980 2
17849 2
8292 2
8794 1
8795 3
8796 0
605 3
606 0
16991 3
16992 2
16993 2
16994 2
611 1
8805 2
8806 0
617 0
17002 1
566 3
8812 2
8813 1
8814 2
4423 2
12392 1
628 0
9662 2
8822 2
632 0
633 2
5567 2
17022 0
8832 2
641 0
643 2
17028 0
8837 0
646 3
6841 2
17034 0
651 0
17036 2
4323 2
8847 3
8849 2
658 0
662 0
8855 1
664 0
17049 1
666 0
8860 1
17053 2
8862 2
17055 2
673 2
674 0
8867 2
676 2
17061 2
17062 0
681 3
1932 0
8875 2
8877 1
17070 3
17071 2
688 0
8881 2
17074 1
17076 1
17077 3
17082 1
17089 0
8898 1
17091 0
17093 1
17094 1
17095 0
8904 1
17097 2
17099 2
6946 2
8910 2
12408 0
2851 1
17108 0
725 1
17110 0
8313 2
17112 0
8921 2
17115 2
17119 0
737 2
738 2
17123 2
17125 2
8934 1
8935 2
8936 1
8938 2
17131 1
17134 1
16509 1
17140 0
758 2
3667 2
760 1
8953 1
8955 1
764 2
17150 3
17151 2
17152 1
17154 0
771 1
8964 2
773 2
775 2
17160 0
17162 0
8974 2
17167 2
17168 2
785 2
17170 3
787 2
8980 1
17173 1
790 2
8984 1
17177 0
794 2
795 2
17180 2
17181 2
17182 1
8991 2
8992 3
801 2
803 2
804 3
8326 2
17191 0
808 2
17194 2
1118 2
17197 0
17199 2
9008 0
9009 2
17203 2
17205 1
9014 3
16811 2
9019 1
8330 2
832 2
17218 1
139 3
17220 1
2210 2
17224 3
17225 0
17227 1
844 2
845 1
9038 2
17231 0
3206 2
17235 0
852 2
856 0
17241 1
12431 3
860 3
861 2
862 0
863 0
870 2
17256 2
874 3
8338 2
17262 0
879 2
17264 0
17265 2
884 1
17269 1
17271 2
888 2
14174 1
9082 2
17275 0
892 2
894 2
9088 3
17281 0
9090 1
9092 0
9093 1
903 0
904 1
17290 2
907 1
17292 1
17293 0
9103 2
17296 3
17297 0
15124 3
17299 0
17300 1
17304 2
17305 2
17307 2
17308 2
17310 1
17311 2
17216 1
17313 2
9123 2
932 3
933 1
17318 2
9127 2
9129 2
9130 3
17323 0
9132 2
9133 0
16541 0
17328 0
17329 3
9138 0
17331 1
15580 2
9142 0
15177 2
952 1
953 2
2214 1
18581 2
961 1
8353 1
17354 3
15308 1
16546 0
17358 1
17364 2
17365 0
17367 1
17368 1
8356 3
9178 1
17376 0
993 0
17379 2
9188 1
17381 2
4263 2
17389 3
17391 0
17392 2
1010 1
1011 3
8361 2
9209 1
9210 1
9212 1
17406 2
1023 2
9216 0
17409 1
1027 0
1028 1
9223 1
1032 1
17417 1
17418 0
17419 1
9228 2
1037 3
1040 0
17426 2
9236 1
9237 2
17433 1
12310 2
17435 3
13674 0
1054 2
9249 0
1058 2
1063 2
17450 1
8354 1
17453 1
9262 2
1071 1
9264 1
9265 1
1075 0
17460 1
9269 2
9270 2
9274 2
9275 2
17468 1
1085 0
17472 0
1089 3
17476 0
17477 1
1094 3
9287 0
17480 2
5644 3
9290 3
1101 1
1102 0
17487 2
17488 2
9297 0
1106 0
9300 1
9301 0
1110 2
17495 1
9304 2
17497 3
17499 2
9308 1
9309 1
17502 3
2917 0
1120 3
17505 0
17507 2
17509 2
9318 0
9319 2
17512 1
1129 0
17514 2
1133 2
17522 0
17523 2
9333 3
2921 2
9336 2
9337 3
1147 2
17532 2
1150 2
1151 1
1154 2
9349 2
17542 1
17543 0
17544 2
9354 1
17549 1
17550 2
1168 3
17553 2
16579 0
17556 2
1130 2
1174 2
17559 2
17560 1
1177 2
1181 3
17567 3
17568 0
1186 0
1187 2
17573 1
17574 1
9383 0
17576 1
17577 1
17578 2
199 1
1196 2
9389 0
9390 1
6009 3
17586 2
1203 2
9397 2
9398 1
17594 1
9403 1
17596 1
9405 2
16680 1
1218 2
17603 3
9412 1
9414 0
17607 2
1224 1
1225 2
1226 1
11127 1
17613 0
9422 0
2936 0
9426 2
9427 2
9428 2
1238 2
1239 0
1240 0
1242 3
17631 0
17632 1
4304 2
1250 0
9443 2
17636 1
17640 1
17641 1
17642 1
17644 1
17645 0
1262 2
9455 1
1264 3
17649 1
17650 1
17652 1
9461 2
9462 2
9463 2
9464 0
15231 0
17660 2
1277 1
9473 1
9474 1
17963 1
1284 1
9477 2
9478 2
17672 0
9481 2
1290 1
9483 3
1292 2
7408 2
1295 1
17680 0
4312 2
1299 1
9492 2
9493 1
9494 1
17687 1
17689 2
1583 2
218 3
9503 2
9508 0
1317 3
17702 2
17703 2
1322 2
17707 2
1324 2
1329 3
1331 1
1334 2
17719 1
17721 2
1338 1
17723 1
1340 2
1341 2
17726 2
1589 3
9539 0
17737 2
1354 1
1355 1
17740 3
9549 2
1358 2
11149 0
9553 1
9555 1
9558 1
228 2
17754 2
9563 0
17756 0
17758 0
17759 1
1377 2
1378 3
16614 0
9866 0
1383 2
9788 0
9578 1
1387 1
9580 1
2846 2
9583 2
1392 1
9585 0
17778 0
11155 0
1396 2
9589 1
9590 2
9591 0
9592 1
9593 2
9595 2
9596 0
17789 1
1408 0
9601 2
17794 1
17795 1
9604 2
15254 3
9606 1
17985 2
1416 3
17801 2
9610 2
9611 2
1420 0
1426 0
17811 1
17813 1
9623 2
9624 1
9626 2
1436 1
1437 3
9632 1
1441 1
9634 1
9635 2
17828 3
9637 1
1446 2
9639 2
9640 2
9645 2
9648 2
9649 1
9651 1
17847 1
1464 2
9657 0
17850 1
17851 1
17852 2
1470 2
1473 1
17858 0
9667 3
9668 1
9669 2
9671 1
9672 1
9673 1
1482 1
9676 2
13901 2
249 2
17880 0
9691 3
9694 0
5712 0
251 1
1509 2
9702 2
17895 0
17896 1
17900 2
4349 2
1521 3
1523 0
9720 1
9722 2
9730 0
1539 2
17924 0
9736 1
7085 0
17939 0
17940 0
17944 1
9754 2
15279 2
1564 1
17949 2
17951 2
9761 1
17956 2
17957 0
9768 2
1577 3
9770 1
12551 2
9773 2
17967 1
17969 0
1586 2
1588 0
9781 1
1590 2
1591 1
9784 2
17977 2
17978 0
17979 2
1596 2
1597 1
17982 2
1599 0
9792 2
1601 1
1602 3
1608 1
9801 2
1610 1
17996 1
9805 0
1614 1
18001 2
1622 2
3001 2
9817 2
18010 0
271 2
1630 1
18015 2
13521 0
7869 2
1635 2
18020 0
9829 2
18022 1
1640 2
1641 2
18027 2
1646 0
9839 0
1648 1
5736 2
1651 2
1652 2
18037 1
18038 2
1655 2
1657 2
1658 3
1661 1
9854 1
1663 2
18048 2
15296 2
18050 3
1668 2
18053 2
1670 0
1671 1
1672 3
1965 2
1674 2
18059 1
1677 0
18062 2
9873 2
9874 0
9875 3
18069 0
1686 2
1688 0
9882 1
18076 0
18077 0
1694 2
1695 2
18032 0
12571 1
1700 2
1701 2
9894 1
1703 1
18088 2
9897 1
9899 1
9901 2
1711 2
1712 1
1713 0
18098 2
1715 0
1722 0
9915 2
15306 1
1726 2
9845 1
9886 0
1735 1
9928 1
18121 1
1738 2
18123 2
1746 2
1749 0
9942 2
1756 0
18141 0
18142 1
18143 1
18144 2
1761 0
1762 0
1763 0
18148 0
9364 2
18150 2
1767 2
1769 2
18156 1
18157 2
12584 2
7123 2
1662 2
18166 0
1783 1
1788 2
1789 2
9982 1
18178 1
18179 1
11905 3
1800 0
18186 2
1666 2
9999 2
10000 0
10001 0
18194 3
10003 1
10004 2
11225 0
18200 2
1697 0
12797 1
18203 2
18204 2
2248 2
18207 2
11196 0
10019 3
18212 1
1829 1
18214 2
10023 3
18218 2
1835 1
1836 1
18221 2
10031 2
10032 1
18225 2
10034 1
10036 2
1847 0
18232 2
10041 2
1850 2
18236 3
4439 2
10046 2
10048 2
10050 1
9867 0
2621 1
10054 1
18247 2
10056 2
18250 2
1872 0
18259 1
18264 1
1881 0
18269 2
1887 2
18272 0
1889 2
1890 0
18275 1
18276 0
1893 1
8524 2
18279 1
10088 1
10089 2
18282 1
3047 0
18284 1
10095 2
18290 0
18067 0
18292 0
18294 1
10104 1
10105 0
1916 3
1918 2
1920 2
18306 2
1924 2
18070 0
18310 3
1927 3
18312 1
10121 1
18315 3
10124 0
10125 1
18324 2
3488 2
1944 0
18329 1
18331 1
1951 1
10146 2
2520 2
10149 1
1958 0
10151 3
18344 2
1961 2
10154 0
10155 2
1964 2
18349 1
18352 1
16598 2
18355 3
18078 2
18358 3
18360 2
10169 2
1978 0
1979 1
18364 1
1982 0
3061 0
10176 1
15069 2
1988 2
18375 1
1992 2
12620 3
18379 1
10188 0
10189 1
18383 2
18385 1
18386 1
18387 2
10196 1
2006 1
18391 0
10200 2
10201 1
2522 3
18401 1
10210 1
10212 0
2025 1
18413 3
18414 3
18418 1
18419 1
18420 2
18421 3
16162 3
18424 1
18425 0
18426 1
2043 1
10236 1
2047 2
10241 1
18434 3
2052 2
9070 2
18442 1
18443 2
2061 3
10254 2
18451 0
10261 2
2072 2
2073 2
2074 1
2075 0
2076 2
10271 0
18464 0
5808 2
2083 2
2086 0
10281 2
10282 2
2091 2
9906 2
10288 1
2097 3
18483 2
10292 3
10294 1
11273 3
2104 3
10299 2
10300 2
18493 2
10302 0
10304 3
2113 2
10306 1
18500 2
10309 3
5526 0
10311 2
18504 1
2121 0
10314 0
10316 2
10317 1
10319 3
2128 1
2129 1
2130 1
10323 3
10324 1
3156 0
10326 0
10328 2
2137 2
2138 2
15375 1
10332 1
16741 2
2146 3
14011 3
10340 3
2149 2
18534 2
16743 2
18540 0
10351 2
16744 2
18546 3
18110 1
2166 1
8553 2
16616 1
2171 0
10366 2
15381 2
2176 2
2177 1
18564 0
618 1
2183 2
2184 3
2185 2
18574 2
18579 2
12654 0
10391 1
18584 1
2201 2
18591 1
2208 3
10401 2
18594 2
18595 2
2212 1
18598 2
10407 2
18600 2
10412 2
10417 3
10420 2
18614 2
18615 1
10426 1
10427 1
2236 2
10429 2
10433 2
10434 2
18628 2
18632 2
4471 1
2254 2
14029 2
18640 1
15078 2
9321 0
2259 1
18644 2
10455 1
18649 0
18650 1
18651 1
2268 2
378 3
3109 0
2272 0
10466 0
10467 2
18660 1
11302 0
18662 2
4713 0
10472 1
2285 2
10478 2
10483 0
18678 0
2297 2
2298 1
18683 1
18685 0
18688 1
4480 1
10498 2
4707 2
1750 1
10502 2
10505 2
10507 2
18700 2
10510 0
18703 2
18704 1
18705 2
18707 1
2324 2
10517 1
18710 2
18713 1
18714 1
18715 3
2333 2
18719 0
10528 3
10530 1
10533 2
10534 2
10535 2
18729 0
12679 2
18734 2
10545 1
15411 0
1758 3
2358 1
3079 2
2362 2
18747 1
18748 2
2365 3
10559 2
2368 1
18754 2
2371 2
18757 0
18759 1
18760 3
2377 0
614 2
10573 1
18766 2
18767 0
2385 2
18770 0
18771 2
2388 2
2389 2
10582 1
2391 0
18776 3
1764 2
10589 2
10591 2
15419 2
2406 1
18791 1
12628 1
2410 2
1444 2
10604 3
10605 1
10606 1
10607 1
18801 2
18084 0
2421 1
18357 2
2426 1
10619 0
10620 0
2430 2
18815 2
2433 1
2434 2
18821 2
2440 2
10634 1
18830 0
18831 2
2449 2
2450 2
2452 2
5870 0
18839 2
10648 2
2458 0
18844 1
8602 1
2463 3
2465 1
18850 1
8603 1
18853 2
10663 3
2472 2
16796 3
2475 1
16722 2
18861 2
10670 1
10672 2
2487 2
2491 0
2492 0
10685 0
2496 1
8608 1
2498 2
2500 2
1782 1
10697 0
18167 1
10702 2
10706 1
2516 2
10709 2
10711 2
10712 2
2521 3
10714 1
2528 0
10722 2
2531 1
12710 1
2534 1
2535 2
2536 0
4519 0
9981 2
2544 0
10737 3
10738 2
10740 1
10741 1
10742 2
4521 1
2552 1
10745 0
10746 0
2555 1
2556 1
2558 1
10754 2
10755 0
10757 2
2566 3
1138 2
10761 0
10358 2
2578 1
10771 1
10773 1
10774 1
2583 3
10776 1
10777 1
2586 1
10780 0
10781 2
10782 0
10784 0
2593 2
2594 2
10787 1
2597 0
8625 2
16818 0
10798 0
10799 1
10802 0
2613 1
10806 2
2615 2
10809 1
10813 0
2622 1
9089 2
10820 3
2630 1
2631 1
10824 0
10825 0
2634 2
4535 3
2638 0
10831 2
2640 2
10835 0
10838 1
14095 2
17321 2
12730 1
2654 2
2655 2
15566 0
10849 0
10850 1
4539 1
10852 2
10853 2
10855 1
10856 2
10858 1
10860 1
10863 0
10866 0
10876 0
10877 0
10878 2
10991 1
2690 0
10884 0
2200 1
12737 1
10895 1
2705 0
2706 2
10901 2
10906 2
2715 2
10913 3
10915 2
10916 2
17276 0
2730 1
10924 1
15474 0
2735 1
2739 2
15021 2
2742 2
2743 3
16731 0
2748 3
2751 0
2753 2
2754 2
2756 2
3191 2
2765 2
2769 0
1827 2
2772 2
2774 0
2775 1
2776 0
10020 3
8655 2
10973 2
10974 3
2785 2
2788 0
2791 2
2794 3
2795 0
2797 3
2799 3
10992 2
2801 2
8802 1
13959 1
2807 3
11002 3
11003 0
11004 2
18219 0
11014 3
11015 2
17552 1
5933 2
11026 0
2839 2
2840 0
11034 2
11035 0
12762 3
11038 2
11397 2
4571 0
11045 2
2854 1
1842 1
2863 0
7947 2
11059 0
11065 2
2874 0
16863 2
15498 0
2880 2
2278 2
2882 2
15775 0
11078 2
15099 1
11080 2
11081 1
11082 2
2891 2
2892 2
2893 0
2894 3
8675 2
11094 1
1849 0
2904 1
11097 1
15503 2
2908 0
2909 1
7462 1
11109 2
11111 3
11112 1
1852 1
2923 1
2928 1
4584 0
2935 2
11128 2
2938 2
2939 2
11132 2
2942 2
2944 2
1856 2
11138 2
11139 1
11140 1
2952 2
8684 1
16550 1
1858 1
2960 0
2962 0
2963 3
15513 0
2968 2
2973 2
10053 1
15102 1
11171 2
18246 2
2983 2
2984 2
2985 2
2986 0
10055 2
2992 2
2995 2
11191 2
3000 2
16884 1
11194 2
3004 0
1866 2
17558 1
8693 2
11201 0
11203 1
3014 0
11208 1
11209 2
3020 3
11215 1
11218 1
11220 1
11224 2
3236 0
11226 2
11230 2
3039 1
3040 2
16891 3
3044 2
11237 2
11238 2
11239 2
3048 3
3049 2
11243 2
3052 1
3053 2
16893 2
3056 2
3058 1
8702 2
11254 2
3241 1
11258 3
7549 2
3242 3
3070 2
8704 0
3074 1
11267 2
3076 2
4609 1
3081 2
13196 0
11438 2
18265 1
3100 0
11293 2
3102 2
8709 1
3104 0
3105 1
3107 2
11300 2
8710 3
3110 2
15537 0
3114 3
11312 2
3251 0
11317 3
1821 1
3129 3
11323 2
3253 1
10080 2
11330 1
11334 2
11335 2
11336 2
3378 1
11340 2
8558 2
3154 3
10083 2
11348 1
11349 0
3159 1
11354 2
3165 1
11364 1
11368 0
3177 3
11371 2
11372 0
3181 3
18655 2
11453 2
3652 0
13745 2
11379 3
3188 2
11382 2
18281 0
2834 1
6653 1
11388 1
3199 3
3200 0
3034 2
3205 1
11398 2
7391 1
11402 0
16919 1
3215 2
3216 2
11409 1
11459 0
11413 3
11460 0
3231 1
6927 2
11425 2
11428 3
3237 1
4986 2
11432 0
14838 1
11434 2
11463 1
3246 2
17534 2
3252 3
11445 1
3254 1
3257 3
11451 1
11452 2
3261 1
3263 2
11457 2
11458 2
3275 1
3268 2
11461 1
545 2
3273 0
3274 1
11467 1
546 1
12657 2
3281 3
547 1
11476 0
9569 2
3286 1
3287 2
3288 2
3279 2
11487 0
11491 0
3301 2
3302 2
11495 3
11496 3
3305 1
16935 2
11502 2
11504 3
3313 2
3314 3
11508 2
8745 1
3320 2
3324 2
8746 2
12113 2
3327 0
3328 1
11521 1
3330 1
555 2
3333 1
3334 1
6017 2
16940 2
3342 1
3349 2
3351 3
11544 2
3354 2
3355 1
9659 1
3358 0
3359 3
11553 2
11554 1
3368 1
3369 2
14215 0
11565 1
3375 2
11570 3
3380 1
3381 1
3382 0
3386 3
3387 1
3388 1
3389 2
3393 1
12243 2
4838 0
3396 0
16950 2
3399 0
11593 3
11599 1
3409 0
3412 2
11605 1
3416 0
3419 2
3420 2
5751 2
3422 1
3423 1
3424 3
11618 1
11619 1
11620 1
6388 3
3430 3
3431 1
572 0
3434 1
3303 1
573 1
3440 1
3443 0
3444 2
11638 2
11640 2
11641 2
575 1
3453 2
13754 2
11650 2
11654 0
3463 2
11658 0
11659 2
9352 1
18081 2
12867 1
3479 2
11672 2
11674 0
11675 3
3485 1
11678 0
11679 1
15119 0
3489 3
3490 2
11684 2
3495 2
8775 0
7410 2
3503 2
3504 2
3505 0
3506 0
3509 2
11703 1
10143 1
3517 1
3521 2
3527 2
588 1
11724 2
3535 3
11731 2
11738 1
11739 1
11741 1
11744 2
592 1
11746 2
11747 2
3557 2
11752 0
11516 1
3564 3
3568 0
11761 1
3572 1
11773 2
15616 0
11779 0
11785 0
11786 1
3595 0
11789 2
3599 1
11793 1
11795 3
3605 1
11798 2
8793 1
11800 2
3611 3
11805 0
11806 2
11808 1
3621 2
11815 1
11821 1
11822 0
16989 1
11826 2
6067 2
3638 2
11831 1
11832 1
11833 1
11836 0
11839 3
11840 0
11841 2
11842 0
11844 2
11845 2
3655 1
9930 3
11849 0
6071 2
3660 3
3661 2
11854 0
11855 0
11856 3
3665 0
8803 0
11860 1
3671 2
3673 1
3674 2
11867 1
11873 1
3682 2
3683 1
17035 2
3685 2
11878 1
11879 2
11880 1
11881 1
11884 2
11887 2
11888 0
3702 2
3703 2
11897 0
3706 2
11899 2
3709 2
11902 2
11903 3
3713 2
11906 1
8811 1
3717 2
11913 1
3727 2
3730 2
3731 1
11924 3
622 0
3734 2
18372 1
12911 1
3740 0
3745 2
3747 1
3748 3
11941 2
3751 1
11944 2
1991 2
13764 2
11950 0
18376 2
3768 0
17012 3
3770 2
15647 1
3773 2
2035 2
3779 1
630 0
9245 2
3784 2
3791 2
3792 0
11990 1
4729 2
11999 2
3808 2
3810 2
3811 2
12402 1
12006 0
3815 1
12011 3
3821 2
3825 3
12023 1
3832 1
12029 0
3841 2
12034 1
2008 2
8835 1
3862 2
12055 2
11567 0
12061 3
4766 1
12066 0
6107 2
3876 2
12069 1
15132 1
3879 2
3880 0
12073 1
12076 2
12077 2
3887 2
3889 2
12083 2
8841 2
12089 1
8842 2
8843 2
12100 2
10209 0
3912 1
12106 2
12109 2
12110 2
3921 2
12114 0
14307 2
3925 3
18404 2
12126 2
12944 2
11579 2
14047 1
657 3
12136 2
12138 1
12139 2
17042 2
12145 1
12152 1
12158 2
3968 3
3973 1
12167 1
3978 2
3979 1
12173 0
12175 2
3984 1
12177 3
3989 2
12184 2
18682 1
8858 2
4001 1
8810 2
4006 2
17052 2
12202 2
4011 2
12205 1
4014 2
4016 1
12209 2
4019 1
4020 1
4021 1
8863 3
4029 2
12222 2
4032 1
12225 2
4034 2
4038 0
4039 2
12233 0
4044 2
4048 0
4050 1
4771 2
12244 2
4053 1
4058 2
12251 2
12252 2
4062 1
4063 2
12256 3
12259 2
12260 1
12261 1
12262 2
12265 1
12266 2
12270 2
12272 2
4776 2
12277 0
4087 0
4090 1
6143 3
12286 1
12288 0
1773 1
4102 3
4107 2
12300 2
12304 0
4115 0
4116 0
4118 2
4120 0
12313 2
12314 2
12316 2
4126 0
12319 2
17072 2
12324 2
12325 0
17050 1
17073 2
4137 2
12330 1
12331 2
4140 0
6152 3
4147 2
12344 2
4153 2
12981 1
4162 0
12355 1
12360 1
12361 2
7522 2
10253 2
4177 2
12370 2
3427 2
12372 0
18446 2
4182 3
12379 1
12384 1
1653 2
12387 2
12390 2
4200 3
4201 2
4205 2
4206 3
4210 3
4212 0
4216 3
4218 1
12411 2
4220 2
4221 2
4227 2
9688 3
12424 2
12426 0
4238 0
4239 0
12433 2
4245 2
18457 1
8669 2
4249 1
4254 3
4256 2
12451 1
4260 2
4261 2
4262 2
15729 1
4264 1
6172 0
13781 1
12459 1
4270 0
12464 0
12465 1
12466 1
12470 2
8905 2
12472 1
11636 1
12484 2
12486 2
6177 1
4296 0
11327 2
4299 3
4301 1
12496 1
4305 1
17541 1
12499 1
12502 2
9418 1
4316 1
12509 2
4318 2
4320 2
12513 2
3451 1
12516 3
4327 1
4328 3
12521 2
4331 1
4335 2
12530 1
723 2
5648 1
4341 1
4342 2
8916 2
12539 2
12540 0
12541 1
12543 2
4352 3
12545 3
4354 2
4355 2
4822 0
4359 2
12552 2
12558 0
4367 3
4370 1
4371 2
4374 2
17113 1
4379 2
4380 2
12573 0
4383 2
13019 2
4390 1
4392 1
12588 2
12590 3
4399 1
12592 2
12594 1
2099 2
12596 2
10785 2
4407 0
12603 3
6421 1
4421 0
4422 2
12615 2
10295 0
12618 1
4427 1
4428 1
8930 2
11877 2
10296 1
12626 2
4435 1
4436 2
15758 2
6201 2
12632 1
4441 1
4442 2
15759 3
12636 0
6202 1
12638 2
4449 2
18491 0
16515 2
742 0
7569 2
12648 2
4458 2
743 0
12652 2
4461 0
4462 2
12656 0
744 2
12663 2
4472 2
12667 0
4477 0
12672 3
2112 2
16516 1
8939 2
4484 1
4485 2
10305 2
12687 2
4496 1
4497 0
4498 2
4499 0
4501 0
12697 0
4507 1
12700 1
4511 1
16517 1
13040 2
4514 2
4515 2
4516 0
423 2
4518 1
12711 2
4520 0
12713 2
12715 2
4524 1
12717 1
4528 2
4529 2
4851 2
4532 1
12727 1
4536 0
4537 2
4538 2
12731 0
12732 1
4542 1
4545 0
4546 1
12739 2
17142 0
12743 0
4557 1
12750 2
4560 0
8952 2
12755 0
4564 1
4566 2
12760 0
4570 1
12763 2
4572 0
4573 1
4574 3
4575 2
12770 1
17147 0
4580 1
12776 2
17065 0
4586 1
4589 2
4592 0
4593 2
12786 0
12787 2
12788 2
12790 0
7593 2
6228 2
12794 3
8959 0
4604 2
4605 2
12799 0
1790 2
12804 1
7596 1
12810 0
12811 2
4620 0
4621 2
4622 2
12815 3
4626 2
8963 2
4630 0
4632 2
4633 2
12828 0
4642 0
10331 0
12836 3
17067 1
12840 1
4649 3
4650 2
12843 1
4654 1
12847 2
4656 1
12849 0
4658 2
4659 2
12852 2
12853 2
12856 2
15796 3
2883 0
4667 2
12861 2
12862 2
4672 2
12865 2
4674 1
4675 1
12868 2
14433 2
12872 2
12873 1
12874 1
14886 1
18530 0
4688 1
12883 1
782 3
4698 2
4699 1
14341 1
4702 0
4703 3
4704 1
4705 1
3515 1
4709 1
4710 1
4712 2
12905 3
12906 2
12907 0
4716 3
786 0
4719 0
4722 0
4723 0
4726 1
12919 1
4884 0
4733 2
4735 3
4736 2
12930 2
18539 2
4744 1
12937 0
4748 1
12942 2
4751 0
4752 1
4753 2
12946 1
4755 1
12951 0
1795 0
12954 0
4764 0
12957 1
12958 0
12960 2
12961 2
12963 1
16944 1
12966 3
12967 0
12968 1
12972 2
797 1
4784 1
798 2
4790 1
12984 2
4793 1
12986 2
12987 1
4796 2
15818 2
10357 1
18709 3
4805 1
4807 1
4808 1
4809 2
4811 3
13004 2
4813 1
4816 1
433 2
13010 0
4819 1
13014 2
13015 1
13016 2
17188 2
4826 1
4827 1
13020 0
14458 2
4830 0
4831 1
4833 3
13027 0
13029 3
13030 2
4839 0
4840 0
4841 2
4843 2
4844 1
4845 2
6269 1
4848 1
13041 2
13043 2
410 2
13045 1
13047 0
4856 1
13051 2
4860 2
13054 1
13055 1
4864 3
4865 1
4866 0
13060 0
13062 0
6273 2
13064 3
4124 2
4876 3
4878 0
4882 1
13075 2
13076 3
4885 1
4887 1
11074 2
8619 3
4896 3
4897 2
4898 2
4899 1
13093 1
17201 1
4908 1
13101 3
4910 0
13107 0
9711 0
13112 1
13114 2
13119 0
4929 0
4930 2
12712 3
4934 1
15841 2
13129 2
4938 0
13133 2
13134 1
13136 2
3688 1
7651 2
13142 1
13147 1
13148 2
13150 3
13153 2
17211 1
13156 0
13160 1
16897 2
4971 2
13165 1
829 1
13168 2
12690 0
13173 2
13176 0
4985 1
13178 0
4989 0
166 1
13184 1
9024 2
4994 1
4997 2
13192 2
13195 0
712 2
5007 1
10392 2
13123 2
13204 2
6168 1
13207 1
13208 2
13210 2
5021 2
13214 1
13221 3
5030 2
13225 2
5035 2
13229 2
18146 0
2350 2
5044 2
13237 1
5046 2
13239 0
5051 3
13244 2
13245 2
5054 1
13249 3
13250 2
13256 1
9036 3
13259 2
13261 2
9037 2
5072 3
13266 1
846 0
13271 1
2624 2
10404 2
5082 2
13275 2
13276 2
5085 1
5088 1
13282 2
13283 2
5093 2
13263 3
5096 1
13290 1
2215 1
13293 1
5102 2
13295 1
13296 1
13297 0
5108 1
13301 2
13303 2
13305 2
5115 1
12991 0
13310 1
13311 2
5121 2
13315 0
5124 2
13317 0
13319 0
13320 2
18604 2
13322 2
5131 2
5132 2
5138 0
13332 2
13334 0
857 1
13337 2
14511 0
10537 2
5152 2
5154 2
5155 0
13348 1
13351 2
5160 0
17244 0
12473 1
13355 2
13356 2
5165 0
13358 1
13360 2
6608 2
1809 2
13373 2
5185 0
5186 0
10422 2
5191 2
12448 1
5196 2
5197 3
7693 2
8902 2
5201 1
13395 2
5204 2
13397 0
5206 1
5209 2
5210 3
5214 2
5217 0
5219 1
13413 2
13414 2
18620 2
13418 1
13419 1
2237 3
11055 2
13428 3
5243 2
13437 1
13442 2
13443 1
13444 1
5254 0
13449 2
5258 1
13453 1
10268 1
18545 2
2599 2
13458 0
13460 0
5269 0
8873 2
5272 0
17263 0
5277 0
13470 3
5284 0
13477 2
13479 2
5292 2
5293 2
1540 1
5295 1
5297 0
5298 1
5301 0
13494 3
17268 1
5306 1
13499 1
13501 1
1268 0
13511 2
13512 1
5321 3
5322 2
5323 2
13520 2
4984 2
13522 0
13523 1
13177 1
13528 2
13532 0
5341 1
13535 2
5345 2
9083 1
13542 0
13544 2
13545 3
14546 0
5358 1
13551 2
5361 2
1945 2
10451 1
13556 0
13559 2
5369 2
5372 2
13565 2
5374 1
5375 2
13568 3
17280 1
5378 2
13572 2
13573 2
8069 2
13575 0
5384 0
5362 2
13578 2
13580 2
5389 2
13586 0
13587 2
13588 2
3630 2
5401 2
5405 2
13605 2
13607 2
13608 2
9095 2
13613 0
5422 2
5423 0
5424 0
13625 0
13626 3
13627 2
13628 1
5437 2
5440 0
5441 2
5444 2
13638 2
13640 1
13641 2
13650 3
5459 3
1371 0
5463 1
13659 1
14565 1
5475 0
5477 0
13671 1
13672 2
13673 2
5482 0
13675 1
13676 0
13680 0
2280 1
5490 1
13683 1
2975 1
5495 3
5497 2
13690 2
13695 2
13697 2
13698 1
14571 2
5508 2
3649 2
5513 2
5515 1
10822 1
13710 2
5520 0
920 2
2286 2
13718 2
921 2
5529 1
13723 2
13727 1
923 1
13732 2
13734 1
6385 2
3183 2
5548 2
5552 1
5553 2
13746 0
18675 0
5556 1
926 3
5560 1
5561 2
5562 1
5564 1
13759 0
13760 2
5571 1
5572 3
5574 2
5576 1
13769 0
5579 2
5580 1
5581 2
5583 2
6187 2
5587 1
5588 3
5589 3
13782 2
16553 1
13786 0
3663 0
13789 3
13790 1
3664 2
5602 2
5603 0
13796 0
11857 0
7762 1
7552 2
11859 1
16786 1
1551 2
5626 3
5630 2
13823 1
15736 1
13828 1
5637 1
5639 2
5641 0
13834 2
13836 2
17325 1
7553 0
13841 0
13844 3
5653 1
11645 1
5657 1
5658 3
5661 1
18693 2
5664 2
9136 2
5666 0
3675 1
5670 1
13864 2
13867 2
5680 1
13873 2
947 2
5684 3
5686 2
13879 2
1826 2
13884 2
13889 1
5698 2
13892 3
14604 2
13898 3
9143 1
13900 0
11874 1
13904 0
9144 3
13907 0
5716 0
5721 3
10264 0
13919 3
13920 2
8942 1
13925 0
13927 1
13928 1
13933 0
5742 1
13937 1
13938 2
14611 1
1828 2
18708 2
5758 2
13951 3
9152 2
5763 2
5057 3
13961 0
8549 0
13965 0
13967 1
5780 1
13974 1
2329 2
5785 2
13978 2
5787 0
10522 1
13982 0
5794 1
10523 2
5798 2
14498 2
13993 2
10525 0
14000 2
5064 2
5810 0
5811 2
5814 2
5819 1
5820 1
5822 1
5823 2
5824 2
14022 2
5833 3
5837 0
14030 2
5839 2
5841 1
5843 2
14036 1
5845 0
14040 1
14042 2
5851 3
5853 2
14046 0
18725 1
14048 1
14049 1
14050 1
5860 2
2342 2
5862 2
3585 2
5865 1
2343 1
14062 3
14063 1
4180 0
14066 3
5879 2
5881 2
14077 3
5886 2
5891 0
14084 1
5894 0
14087 3
5896 2
5903 2
14098 2
5907 2
14100 0
10542 2
14103 1
5913 1
14107 0
16291 2
5921 1
5922 0
5925 2
14119 1
5930 2
14123 1
14125 2
14127 2
14128 2
14130 1
2355 2
14133 2
14136 2
5945 2
14138 1
14140 2
14142 3
6453 3
14144 2
9184 2
14148 2
5957 1
5960 3
14157 2
5091 2
5975 3
5982 2
14177 2
5987 1
14180 1
5993 3
14186 2
14189 0
14191 2
6001 0
6005 1
14199 1
14201 0
14202 3
8929 2
6013 2
14209 0
6018 1
6019 1
14212 2
6022 2
6023 1
14216 2
6026 2
14221 0
14224 1
7832 3
6044 3
14238 1
14239 0
14240 1
10567 1
14243 1
14244 2
6053 1
14246 2
6057 2
14251 0
14253 2
6063 3
14256 1
17395 2
6068 2
16030 2
14263 2
6073 2
6074 1
14267 1
14268 2
14269 0
13023 2
14271 0
1839 2
14274 2
14276 2
6086 3
6087 3
6089 3
17399 2
14284 1
14285 0
6094 2
14287 1
6097 3
16035 3
14293 0
6102 2
5113 2
14297 2
10575 1
6108 2
14302 2
14672 1
6115 3
14673 2
6122 2
6123 2
14316 2
6128 2
6129 2
14322 2
14323 2
6132 2
6135 2
6136 2
14330 0
14331 2
6140 2
6141 2
14335 2
6144 1
14337 1
6149 0
14343 2
14344 0
6154 2
6156 0
6158 2
6159 2
14352 2
9219 1
6164 2
14357 2
14360 1
6169 2
6170 3
14364 1
14365 3
6174 2
14367 1
6176 1
14369 2
6182 0
14376 2
3752 3
14382 2
14386 2
14387 2
6196 2
14389 2
14390 0
6200 1
14393 2
14394 2
6203 2
6204 2
6206 2
6207 2
2116 2
3480 2
14403 0
17597 1
10027 2
17665 2
14414 2
9229 1
6227 2
14420 2
16847 0
6231 2
6232 2
14428 3
14430 3
14431 1
6241 1
6243 0
18790 0
6250 2
6251 2
6253 2
6255 2
6257 1
16004 0
6260 1
14453 0
6266 2
10602 2
14463 1
6272 3
14465 1
8665 2
14467 1
6277 2
6279 2
6282 2
6283 1
14476 0
14480 0
6290 0
7875 1
14488 3
14490 2
14491 1
8989 1
9250 2
7516 2
6211 0
1051 1
14501 0
6310 1
14503 2
14504 2
14505 2
6315 0
6319 1
6324 1
14519 0
18487 2
6330 2
10464 1
6332 2
14525 1
10613 1
14533 2
14535 1
14538 2
6349 2
6350 2
424 0
6520 0
15760 0
9153 2
6356 1
6357 2
3260 0
6359 2
6364 1
6365 0
6368 2
9044 0
17670 0
18811 1
6373 1
6374 1
6378 1
6379 1
6380 0
6381 1
6383 1
14576 0
13352 0
6386 1
14580 3
6389 1
6390 2
6393 2
14586 2
6398 3
6400 2
14593 3
14596 1
6410 3
6412 2
6414 2
17126 2
6418 0
6419 2
1070 1
6423 3
6424 0
14617 2
6426 1
9263 1
6428 1
6429 1
14626 1
14627 2
6438 0
14635 0
6445 1
10632 1
6451 2
14644 1
16094 1
6455 1
6456 1
14649 2
14651 2
14655 3
6465 0
6467 2
14662 2
14664 1
6473 2
14666 2
17128 3
6480 2
6481 2
6488 2
14682 2
14690 2
6503 2
6504 2
6505 0
6506 2
6507 2
16104 0
17675 2
6521 0
6522 2
6523 2
14716 1
1581 1
17948 2
6527 1
6532 1
14725 0
1189 2
14731 2
14737 2
8827 2
6553 0
10650 2
14755 1
14756 0
8402 2
14761 1
14762 0
14768 0
16115 2
14773 0
6583 2
6588 1
6594 3
6595 0
14789 2
14791 2
14793 1
6602 0
14796 2
6605 0
14800 2
14803 2
14804 2
6614 2
14807 2
6616 1
6617 2
9373 3
6619 2
14817 2
7040 0
14823 3
14824 3
14829 2
6646 1
6647 2
14841 2
6850 1
14845 0
14848 1
6657 1
6658 1
14860 2
14865 0
6674 1
2478 3
6679 2
6683 2
14877 2
14878 2
14879 2
2132 0
6689 2
6692 2
13986 2
6697 2
6701 1
6702 1
6703 1
14896 0
6706 1
14899 1
6708 1
6709 0
14902 2
14904 2
6715 2
6718 2
9312 2
6722 2
6723 1
14916 0
14921 1
14502 1
6732 2
14934 2
14935 2
3225 2
6747 2
6752 2
6754 0
15228 0
6770 2
6775 0
14972 2
5226 1
17411 1
6786 1
6787 0
6788 1
6789 0
14982 3
14983 2
6795 2
6796 0
14989 0
6801 1
14787 0
14996 2
6809 0
6810 1
15004 2
15005 1
6817 1
6819 3
6823 0
15017 1
6828 1
9330 0
6833 1
6835 1
6837 1
6839 3
3501 1
15034 2
6845 0
15039 2
15042 2
6851 1
15045 2
15048 2
15051 2
6860 1
6861 0
4901 0
15055 2
6865 0
6867 1
6869 1
6871 0
15067 2
15068 2
6877 0
15070 2
15071 0
15072 0
6881 2
6883 3
6884 0
6886 2
15079 3
6888 3
15084 3
15085 2
15087 2
6898 1
15093 3
15094 2
3881 0
15096 3
6905 1
6907 2
6908 2
6910 2
2517 0
15104 1
6914 2
15107 1
15109 1
15111 3
6920 2
15114 2
6923 0
15116 2
13324 2
4595 1
6929 2
15123 1
6932 0
6933 3
15126 1
14809 2
6936 1
17013 2
6941 0
6942 1
15135 2
15136 1
15137 3
15138 0
15140 0
6950 0
16871 0
15144 0
5687 2
7025 2
6957 1
6958 2
6959 0
6961 1
6964 1
6965 2
6967 2
15160 1
15162 1
6976 2
10720 1
6978 0
6980 1
15176 1
15781 1
15179 2
15180 1
6989 1
15182 0
15184 0
15186 1
15189 0
17691 2
7001 0
15194 2
7004 2
15197 2
7006 2
7007 3
7008 2
7009 2
15204 2
7016 2
16188 3
7018 1
15212 3
7023 1
7024 2
15217 2
15225 1
7036 1
15229 2
15230 2
7039 1
15232 1
15235 1
15237 2
7046 1
15241 2
7052 1
7056 2
15249 2
15250 3
7059 2
7061 2
7062 0
7064 2
7065 3
15258 1
15259 0
7068 1
15261 2
15264 2
15266 1
5275 1
7076 1
7077 2
15272 0
7082 0
2546 2
15278 3
7087 1
7088 0
15283 0
15284 1
7093 0
15286 1
7096 2
15289 3
9375 0
2549 2
7104 0
15298 1
7109 0
15303 2
15304 2
7114 2
7116 1
7120 2
7121 2
15314 0
15315 2
15316 1
15318 2
2553 1
7129 2
7130 0
3238 2
15329 2
7139 0
15333 2
7143 0
15340 3
7151 0
1192 2
7155 2
7158 2
7160 3
13943 2
7164 2
9386 2
7166 3
7169 1
15366 1
14849 2
15374 0
13485 2
15376 3
15377 2
7188 2
5294 2
7194 2
2565 0
18516 2
7201 1
7205 1
1201 0
15400 2
7214 2
15409 2
7218 3
7219 3
15413 2
15414 3
7227 2
7230 2
15423 0
11152 2
15428 2
15429 2
15431 2
8970 2
7243 2
15440 1
15442 0
9789 1
15457 2
15460 0
15462 3
17973 2
15471 1
15473 0
7282 2
788 2
15479 0
15482 1
15487 3
15488 3
15490 1
15491 1
15493 2
15494 3
15496 0
7306 2
15499 2
15500 2
12141 1
15505 0
15506 1
15509 1
15510 2
9791 2
15517 1
15519 1
15522 1
7332 2
15526 1
7335 0
9415 1
15534 0
5858 2
9416 1
7349 2
15544 1
2427 2
15549 1
7358 0
15552 1
11429 0
7362 1
15555 1
15558 1
7367 2
18107 3
15565 1
7374 3
6859 1
3960 2
15570 0
7379 2
15572 1
14884 2
7386 1
7388 2
11430 0
15584 2
7394 2
16251 2
15588 1
15589 2
9425 1
15594 3
7403 1
7405 2
7407 2
15600 2
7409 1
15602 2
7413 1
15606 2
15608 1
15610 0
15614 0
12795 0
7424 3
15620 1
15621 2
15628 3
15630 1
7440 2
5336 1
15634 0
2606 3
15638 2
7447 2
7450 2
7451 2
15644 1
15645 3
12165 1
15649 3
15650 0
7459 2
15653 0
15654 2
7463 0
15656 0
5340 2
15658 2
15668 1
15669 1
15670 3
15672 1
7481 1
15675 2
15676 0
15677 1
7488 2
7489 2
7497 2
7500 2
17634 1
15694 1
6712 2
1251 1
14780 2
15705 1
15706 1
15708 2
2299 2
15713 2
15714 1
15717 0
15719 1
7528 3
15721 2
15722 2
7532 2
7535 0
14981 1
5352 1
15730 1
15734 2
7544 2
7545 1
15738 2
15741 1
15744 2
15745 2
15746 0
15748 2
7557 2
14913 2
7561 2
15755 0
7566 2
7567 2
7568 2
15761 2
7570 2
15763 1
15765 2
15766 1
15770 2
15773 2
7583 3
15776 2
7589 0
15782 1
15785 0
7594 3
15788 1
13744 1
15790 0
16285 0
15793 0
15794 1
7604 2
15798 1
2633 2
7609 2
15802 3
15803 0
7612 1
15807 2
7616 2
7617 1
7618 0
15812 2
7626 2
7627 0
15824 2
7634 2
15827 3
15834 1
7647 0
7648 0
7649 2
15842 0
9467 2
15845 2
17236 3
15852 2
7661 0
5373 1
7667 1
15866 1
15871 1
15872 3
15874 3
542 2
15878 2
7687 1
15880 1
17953 0
17666 2
7694 1
7695 2
15889 1
15892 1
12206 1
7702 2
15895 0
15898 2
7707 2
15900 2
15902 1
18533 2
7712 2
16304 2
15907 1
7717 3
4017 2
15921 2
7730 1
7732 1
15926 0
12212 1
17674 2
15936 2
7747 2
7748 2
17610 2
7758 1
15954 1
7766 1
15959 1
15962 0
15963 2
7772 1
15966 2
7778 0
15971 2
7783 0
7897 2
7789 2
7790 1
15983 2
15984 0
8170 2
7795 0
7796 3
16318 0
15990 2
15992 0
15994 2
7805 2
15999 1
16000 2
16002 2
7812 0
16006 1
16321 0
7816 0
16011 1
16014 2
16015 1
7825 0
16018 1
554 2
16023 1
16024 1
16025 1
16026 2
7838 2
16032 1
16034 2
7843 1
16036 1
7848 2
16045 3
16050 3
16052 0
16419 1
16056 1
16058 0
17695 2
16060 2
16061 1
7870 3
16067 2
16068 2
16073 1
14967 0
16078 1
16079 2
16081 2
7890 2
7891 2
7894 2
16088 1
16089 3
16090 1
16091 2
16093 2
7902 0
7908 0
7912 0
7913 1
5415 0
16110 2
16113 2
4051 1
16117 2
7927 1
8993 0
8149 2
16129 1
16131 1
16132 0
16133 1
16135 2
7945 2
16138 2
16139 2
16143 2
16145 0
7956 2
7958 2
16156 2
16157 2
7966 1
7967 3
7968 0
7970 1
7974 0
7975 2
16348 2
16176 0
7986 2
16183 2
16186 2
12255 1
7996 2
9268 1
8001 1
8002 2
8004 2
8009 2
14724 2
9527 1
8014 2
8017 3
16211 2
17725 0
16219 0
16220 2
16221 0
16224 2
16226 0
1339 3
16228 3
16232 0
5436 3
16235 1
10898 0
12765 2
16240 1
8168 2
16243 1
16244 1
8054 2
17727 1
8060 0
16253 2
8064 1
16260 1
16261 1
16263 2
16265 1
16266 2
8075 2
15002 0
1363 2
16277 2
16279 0
16282 1
16283 0
16284 3
2714 0
8095 3
16288 1
16289 1
8098 1
10907 1
16292 0
8101 1
8103 2
16301 1
8110 2
8112 2
8999 0
8115 2
8116 2
1634 2
8119 0
16312 2
8121 0
16316 1
8126 0
8129 2
16325 0
15009 2
15001 1
16331 1
16332 2
9000 1
16336 3
16337 2
8146 2
2723 2
8148 0
16341 0
544 2
16344 2
8154 3
8156 1
16350 2
16356 0
8165 2
16358 2
8167 0
16360 1
8169 2
16362 2
17785 0
16371 2
16372 1
16382 1
16376 2
16379 2
9929 2
16381 1
8190 2
