9820 0
16385 2
16386 2
16387 2
16388 2
1364 3
16393 2
8202 0
8203 0
16396 1
8194 1
16399 2
16400 1
13656 1
8211 0
15022 2
16406 0
16409 0
14731 2
16413 2
16414 2
16415 2
8226 2
17755 0
16420 2
8231 2
8233 1
8237 2
16430 2
16431 2
8240 0
8241 2
8247 1
16441 2
8250 1
17759 1
16445 2
16446 0
66 1
16452 1
8261 2
8262 2
71 1
16456 2
73 2
74 0
75 2
16460 2
16461 2
16462 0
16463 0
16464 1
82 3
8275 2
17131 1
821 1
8278 2
8279 2
88 2
89 1
90 1
91 1
93 3
16478 1
95 0
8288 2
8289 2
98 2
15035 3
16484 1
8293 1
8295 2
17767 1
109 3
8302 2
8303 2
112 3
6754 0
16501 1
8312 1
16509 1
126 2
16511 0
129 3
8322 2
132 2
16518 2
16520 2
8330 2
139 3
16527 2
144 2
8338 2
15043 2
148 1
8343 1
8344 1
8345 3
8346 1
16539 0
16540 2
16541 0
16542 0
16543 2
16544 3
162 2
8356 3
15046 1
16550 1
17777 0
8361 2
170 0
6765 0
17255 0
173 2
8221 0
8368 1
178 0
16564 1
8373 2
183 2
16568 1
1396 2
17737 2
8383 2
874 3
6859 1
197 2
8391 2
8392 2
8393 2
202 2
16587 0
8396 0
16589 3
16590 3
8399 0
208 2
209 2
8402 2
213 2
215 1
216 1
8228 2
223 2
225 0
8420 2
16613 2
230 0
16616 1
233 2
16618 2
12327 2
16620 3
8430 2
9597 2
240 1
8434 0
8435 3
16628 0
15011 0
246 0
8439 2
16632 2
16633 0
8443 3
8444 0
16637 3
16638 0
8447 0
261 2
16646 1
9601 2
264 0
16650 0
16652 0
8462 0
271 2
4919 1
5507 0
284 1
6603 1
11739 1
287 2
16672 0
8481 0
8482 0
8483 0
1414 2
16433 2
8488 2
299 1
8494 0
303 2
8496 2
8497 1
16690 2
16691 2
308 2
16693 1
16694 1
16697 2
8506 1
16699 0
1418 0
16702 3
319 2
16704 3
8513 0
16707 0
8517 1
4151 2
16716 0
8525 2
334 3
16719 2
18833 0
16722 2
16725 1
342 2
8539 1
16734 1
16737 2
8546 2
16443 2
16740 0
6886 2
16742 1
359 3
16744 2
16745 0
15079 3
365 2
8558 2
16752 2
16753 2
16260 1
8563 2
8564 2
16757 0
374 2
16759 1
8570 1
379 0
16765 2
384 1
387 0
16774 1
8583 3
16784 2
15289 3
286 1
6894 0
16790 1
407 2
8600 1
68 2
410 2
411 2
8604 2
3287 2
69 1
16800 3
8609 2
8610 1
8611 2
8612 0
8613 2
16806 1
16807 1
16808 1
16810 3
8619 3
8621 0
16814 2
432 1
8625 2
16818 0
16819 2
8629 1
438 0
8632 2
8633 0
8634 2
444 2
16829 1
446 2
8639 0
448 3
16833 2
16109 2
8644 2
15094 2
454 2
1441 1
16841 2
458 3
8651 0
461 2
16846 1
16847 0
464 2
16851 2
469 1
470 1
16855 1
1925 3
9636 2
15837 0
8271 1
476 2
477 2
9637 1
8672 0
16865 0
16866 1
8675 2
1446 2
16870 2
16873 1
8684 1
8687 2
8688 2
1448 1
8691 2
500 2
501 1
16886 2
13737 2
8696 2
505 3
17513 2
16891 3
509 3
511 2
512 1
16897 2
16900 2
517 0
8713 1
16906 1
524 2
8718 2
658 0
528 2
529 2
16914 1
8723 1
532 3
8725 1
8726 2
8728 2
8729 1
538 0
16923 2
8732 1
542 2
545 2
16930 2
8739 3
548 1
551 1
552 1
553 1
8746 2
16939 1
1458 2
559 0
16946 2
563 2
8756 2
4190 1
567 2
2201 2
8761 1
8762 1
16955 0
8764 1
573 1
574 0
8767 0
16961 3
16962 2
16965 0
16966 2
583 1
14843 3
587 1
588 1
8781 3
16975 1
16976 1
8785 0
16978 2
15841 2
16980 2
597 1
9657 0
18662 2
8793 1
603 1
8796 0
8797 3
16991 3
8800 1
16993 2
8802 1
611 1
8804 1
8805 2
8806 0
16999 0
17001 0
618 1
8811 1
8812 2
8813 1
622 0
4200 3
8818 1
15123 1
17012 3
17014 1
633 2
8827 2
636 2
17021 0
17022 0
17023 1
8832 2
8834 2
643 2
17028 0
8837 0
18335 1
17031 2
17033 2
8842 2
651 0
17036 2
8845 0
654 0
8849 2
17042 2
660 2
17046 1
8855 1
664 0
17049 1
8860 1
669 2
8862 2
17055 2
672 0
8304 0
674 0
17059 0
8868 2
17061 2
17062 0
679 0
17066 2
17067 1
17069 3
17073 2
17075 0
693 2
17079 2
15135 2
17084 1
17085 0
702 1
17087 0
1868 3
705 0
8898 1
17091 0
708 2
712 2
8905 2
714 1
17099 2
17100 0
6946 2
8911 1
8912 3
120 3
8916 2
8917 1
17112 0
8921 2
730 2
732 1
8925 2
17119 0
17121 2
8930 2
2287 2
4389 2
17126 2
743 0
744 2
12412 2
8938 2
8939 2
748 2
749 0
750 2
17135 2
17137 2
12573 0
757 2
17142 0
760 1
8953 1
15301 2
17147 0
764 2
17149 3
17151 2
17152 1
17154 0
8963 2
773 2
774 1
8967 1
17160 0
780 2
17167 2
17168 2
785 2
17170 3
787 2
788 2
17173 1
790 2
791 1
8984 1
8985 0
8986 2
11055 2
17180 2
17181 2
17182 1
8991 2
17184 1
8995 2
8996 2
6961 1
17193 2
17197 0
814 2
17199 2
9008 0
17201 1
17202 0
9011 2
17205 1
17206 1
9015 0
825 2
9018 2
17211 1
16522 1
9022 3
17215 0
832 2
17218 1
16523 2
17220 1
17225 0
9034 0
10357 1
844 2
17229 3
17231 0
849 2
17235 0
17236 3
853 0
17239 1
856 0
857 1
8335 0
17244 0
861 2
9054 0
864 2
865 1
17252 2
9061 1
9063 1
17258 2
875 2
9068 0
17261 0
17262 0
879 2
17264 0
17265 2
882 0
883 1
9078 0
17271 2
888 2
9081 2
9082 2
17276 0
17277 1
894 2
895 1
9088 3
9089 2
9090 1
17283 0
9092 0
9093 1
903 0
904 1
9708 2
17291 2
17293 0
17294 0
9103 2
2758 2
9106 0
2883 0
9108 2
17302 2
9111 2
17304 2
6980 1
9115 1
17308 2
9117 2
17310 1
17311 2
17216 1
17313 2
9123 2
932 3
17319 0
17321 2
17322 2
9132 2
8349 2
9136 2
17329 3
9138 0
947 2
158 3
9142 0
951 0
17336 2
159 2
17340 0
2214 1
961 1
964 3
17349 0
9158 3
17351 1
10125 1
969 1
17354 3
9164 0
12450 0
975 0
17360 2
1290 1
17364 2
17365 0
17368 1
16548 0
13818 3
4261 2
17376 0
1124 2
17379 2
17381 2
8501 0
17388 2
17391 0
1010 1
17395 2
17396 2
169 1
9209 1
9210 1
17404 1
2901 0
9216 0
17409 1
9218 2
9219 1
10127 1
9221 1
1030 2
17765 1
17417 1
9228 2
1037 3
17422 2
9231 2
9232 2
9234 2
12462 2
17430 2
17431 3
17432 2
17433 1
17435 3
1052 0
9250 2
8704 0
1063 2
9256 1
10401 2
17450 1
9262 2
1071 1
9583 2
17460 1
17461 3
9270 2
1545 2
1080 1
1081 0
9274 2
17467 2
17468 1
17470 0
9282 3
17476 0
17477 1
9286 0
9287 0
17480 2
751 3
9292 1
7010 1
1108 2
9301 0
17495 1
9304 2
17499 2
17500 2
9310 0
13949 3
9312 2
1121 0
1122 1
9316 0
9317 0
9318 0
17512 1
1129 0
9322 1
1133 2
9326 0
1135 2
17520 1
17521 2
13193 2
17523 2
9332 2
190 3
11113 3
1144 2
10264 0
191 0
17532 2
1150 2
9343 2
17536 2
17538 1
17539 3
17541 1
17542 1
9313 0
17544 2
9354 1
9355 3
8386 2
17550 2
17551 2
1168 3
17553 2
9362 0
17555 3
17556 2
1173 2
1174 2
17559 2
1177 2
15215 0
9372 1
16581 1
17568 0
9377 2
9378 2
1187 2
17572 2
1189 2
17574 1
17576 1
17577 1
9386 2
199 1
1196 2
17581 1
17583 3
1200 0
200 0
11224 2
17589 0
1206 2
17591 1
1208 0
17593 2
9402 2
17595 2
17597 1
17598 2
9407 0
1218 2
17603 3
17604 0
1221 2
17606 1
17607 2
1225 2
9418 1
17612 2
9421 2
229 3
11128 2
17618 2
9427 2
9428 2
9429 1
1240 0
1242 3
1246 3
11771 1
12496 1
13135 2
9443 2
1252 1
17637 0
9446 1
17639 1
17640 1
17641 1
17642 1
17959 2
17645 0
1264 3
9457 2
17650 1
17652 1
9461 2
17654 3
17655 3
1273 2
17660 2
1277 1
9470 2
17663 1
9472 0
1281 0
1282 0
17668 0
9477 2
17670 0
9481 2
17674 2
17675 2
9484 1
11138 2
9486 3
1296 3
12591 1
1299 1
1300 3
17685 2
17686 2
17687 1
17689 2
9499 2
17692 3
17694 0
17695 2
1313 3
17698 0
17700 1
17702 2
13873 2
1320 1
18593 2
1322 2
1323 0
1324 2
8773 2
17713 0
1331 1
12510 1
11145 2
1338 1
9531 2
9532 3
17725 0
17726 2
1343 2
9536 0
15243 1
9540 2
1349 0
1351 2
9865 3
15244 0
4537 2
17739 1
2500 2
9549 2
17285 0
1591 1
17744 1
9554 2
9555 1
9556 2
1366 0
17751 2
17752 1
228 2
11151 1
17756 0
17757 1
9566 0
1375 2
17764 2
16614 0
9574 1
1383 2
4956 0
17504 2
9578 1
9580 1
1391 0
1393 2
2963 3
9588 2
1398 0
4329 0
9592 1
9593 2
17787 3
8426 2
9598 2
9792 2
17795 1
17797 3
9606 1
1415 2
17800 2
17801 2
9610 2
9611 2
1422 2
9615 2
1425 2
9618 0
17811 1
9621 1
16623 3
17821 2
17989 1
16624 2
17827 1
1444 2
1445 2
9638 3
9639 2
9640 2
8775 0
9642 0
17835 2
6829 1
9645 2
9646 1
1455 0
17840 2
9650 2
17843 2
1460 3
17846 0
17849 2
17851 1
17852 2
1469 2
8437 3
7072 0
17995 2
9669 2
9670 0
17996 1
1482 1
9676 2
9677 1
9679 1
1488 1
9681 2
9682 1
249 2
9688 3
9690 2
9691 3
9692 2
9694 0
13689 0
17889 0
1509 2
9702 2
17895 0
17896 1
16636 2
9707 1
1687 2
9709 2
1524 1
18004 2
9722 2
9726 2
4961 1
8780 1
17924 0
9735 0
15276 2
1547 2
1548 2
9741 2
9816 2
17938 0
17941 1
17944 1
1561 2
1562 0
7087 1
1564 1
17949 2
1567 2
9761 1
17955 2
17957 0
1575 1
1576 1
1577 3
8455 0
17964 0
9773 2
1583 2
17968 0
9777 0
18014 3
9782 2
17975 2
9784 2
17979 2
1596 2
1597 1
9791 2
1600 2
17985 2
1602 3
9795 0
17988 3
1605 0
1608 1
1611 3
4418 0
17997 3
1614 1
1616 0
7096 2
1619 2
9812 0
1622 2
3001 2
18008 1
9817 2
18010 0
18012 3
1630 1
17785 0
1634 2
1635 2
9828 1
9829 2
18022 1
9831 2
1640 2
18027 2
18028 1
18030 2
9839 0
18032 0
5736 2
12563 2
9845 1
4539 1
18039 1
1657 2
18042 3
15295 2
18044 0
18045 0
1662 2
18048 2
7104 0
1666 2
1643 1
18052 0
16330 3
1671 1
18056 0
1673 2
1674 2
9867 0
9868 1
1677 0
18062 2
9873 2
9874 0
17514 2
9878 3
12569 1
9882 1
18076 0
18077 0
18078 2
1695 2
18081 2
18082 0
18083 1
1700 2
1701 2
1703 1
9896 2
9897 1
18091 2
1708 3
9903 1
7112 1
9906 2
5747 0
18100 1
1717 2
9910 0
1720 0
9915 2
18109 2
18110 1
1727 0
8480 1
9922 1
1732 2
289 2
9928 1
18121 1
9930 3
18123 2
1746 2
16675 0
1748 0
18133 2
18134 2
18138 2
1756 0
1757 1
18142 1
293 0
1762 0
1764 2
18149 1
18150 2
1767 2
1769 2
18155 1
18156 1
1773 1
1661 1
17048 3
1779 0
9854 1
18166 0
1783 1
1786 1
1788 2
9981 2
9982 1
18175 1
18178 1
1795 0
18183 0
18186 2
18191 2
18193 1
18194 3
10003 1
18197 0
10006 0
18199 2
18201 1
10010 0
18203 2
18204 2
3034 2
1823 2
18208 1
1827 2
1828 2
18214 2
6062 3
18216 2
10025 1
18218 2
18055 2
1836 1
18221 2
10030 2
1839 2
10032 1
18225 2
10035 2
18229 1
18230 0
18057 2
1848 3
18233 2
1850 2
10043 1
1852 1
9866 0
10046 2
10047 1
10048 2
1857 2
1858 1
14792 2
10053 1
18246 2
18247 2
10056 2
18250 2
1867 1
18252 1
16429 2
18254 2
1872 0
18258 1
10428 0
18261 1
18264 1
1882 0
18269 2
7141 0
10080 2
1889 2
1890 0
18275 1
10084 1
1894 2
18279 1
10088 1
18281 0
1898 3
11239 2
18284 1
5246 0
10095 2
1904 2
5519 1
18293 0
18294 1
1911 0
10104 1
10105 0
10106 2
18301 2
1918 2
1920 2
10113 2
18306 2
1923 2
1924 2
18309 1
18310 3
16705 1
18312 1
1929 0
9560 3
10123 2
18316 1
12610 0
18319 0
18320 0
1937 1
18324 2
10134 0
18328 1
18329 1
18331 1
10140 2
18074 3
14795 1
1951 1
18340 2
10149 1
1961 2
10155 2
10156 1
18349 1
1970 0
1971 2
18357 2
10166 2
1976 1
3060 1
18079 2
9886 0
10175 0
4714 1
18374 1
1697 0
1992 2
332 2
18378 1
18379 1
13336 0
10191 3
18384 2
9891 3
10196 1
16718 1
18390 0
10200 2
2009 0
12342 2
11258 3
18399 1
18400 0
18401 1
18402 0
18404 2
10213 2
18412 0
18414 3
18415 2
10226 1
18419 1
18420 2
18421 3
10233 1
18426 1
18428 2
2047 2
2048 0
3887 2
10242 1
9899 1
12630 2
2054 3
18442 1
2061 3
18446 2
18452 2
10261 2
18455 2
2072 2
2073 2
1711 2
10270 3
18463 0
10272 2
18465 1
9070 2
2083 2
10276 2
10279 2
10281 2
10282 2
2091 2
2092 2
1979 1
10286 1
10288 1
2098 2
18483 2
10292 3
3081 2
10296 1
14004 3
10298 2
2108 3
2109 0
2111 3
10304 3
10305 2
6617 2
10307 0
10308 0
10310 1
8545 0
10312 2
2121 0
10316 2
10317 1
10318 1
18511 3
2128 1
2129 1
2130 1
16739 1
2132 0
10327 1
10328 2
2138 2
3087 2
10332 1
10335 2
10337 2
358 1
10342 2
16743 2
890 1
2158 1
10351 2
360 2
9892 0
2164 2
1726 2
10358 2
8553 2
18111 1
10366 2
10367 1
2176 2
5824 2
10371 2
10373 2
4437 3
18567 3
2185 2
2188 2
10386 1
18579 2
10390 0
10391 1
2200 1
1694 2
18587 3
14195 2
2206 0
2207 1
18592 0
2209 0
18594 2
2212 1
2213 1
18598 2
10407 2
18600 2
892 2
2218 1
10411 2
18604 2
4466 2
10414 1
2223 2
18608 0
18612 1
18614 2
18615 1
10426 1
3103 0
2236 2
18122 1
2238 2
8565 3
2240 2
7670 3
10434 2
18629 2
18633 0
18634 1
2251 2
2252 1
2254 2
14029 2
18640 1
18641 2
2260 2
18645 0
18647 2
18649 0
10458 1
18651 1
10460 1
9350 2
18655 2
10464 1
18657 1
2275 2
2278 2
18663 3
18664 0
18665 2
2283 2
10476 3
18130 1
10478 2
8573 1
2288 2
18675 0
10484 2
10485 1
18678 0
18679 3
10488 2
2297 2
18682 1
18686 1
2303 0
10498 2
18693 2
10502 2
2311 0
2312 2
10505 2
2315 2
10510 0
18703 2
18704 1
18706 2
4483 0
10516 3
10517 1
10518 2
2327 1
18713 1
10522 1
10523 2
10524 2
5850 2
10527 3
18722 0
18723 1
18724 0
2341 3
18726 1
18727 3
2345 1
16775 1
10541 2
18734 2
18141 0
2352 3
2353 1
2355 2
2356 2
10551 2
18746 2
2364 2
15413 2
18754 2
2371 2
2377 0
18763 0
10572 3
7717 3
18766 2
10575 1
2385 2
18771 2
2388 2
18773 3
10582 1
10583 2
18148 0
10586 0
10589 2
4717 0
18788 1
9958 0
10599 0
18792 2
2409 2
10602 2
2412 0
10605 1
17090 3
10607 1
10609 0
10612 2
2421 1
3453 2
10616 1
18809 2
2426 1
2427 2
10620 0
10621 2
18814 2
16789 3
2433 1
2434 2
2435 0
18820 2
18821 2
10630 2
10631 2
10632 1
9964 0
10634 1
12695 3
10637 0
4173 2
18831 2
2449 2
2451 2
2452 2
10645 1
2455 2
18840 2
2458 0
1775 0
18844 1
10653 1
18847 3
2465 1
10659 3
10660 2
2469 0
2470 2
10663 3
2472 2
2475 1
1653 2
10672 2
18620 2
10675 2
10676 0
2485 0
10679 2
2489 3
2265 2
12703 3
10685 0
2496 1
8608 1
2498 2
10692 1
2501 1
11540 2
2503 0
18167 1
2508 0
10701 2
10702 2
2513 1
2514 1
2516 2
10709 2
10712 2
420 1
10714 1
10716 1
2525 1
2799 3
2528 0
15549 1
10724 0
12905 3
423 2
3154 3
10734 1
16997 2
2544 0
12712 3
10741 1
12713 2
12360 1
10746 0
2555 1
10748 2
10749 1
10752 2
10753 2
2563 2
2565 0
17584 3
2571 1
2572 0
10768 1
10771 1
2580 2
10773 1
2582 2
2583 3
10776 1
2586 1
2588 1
10781 2
2591 0
10784 0
2593 2
10786 2
10789 2
433 2
2600 2
10793 0
10796 2
18363 1
10798 0
10799 1
10800 0
10801 2
10802 0
2612 2
3633 1
15160 1
2615 2
2617 1
10811 2
10812 1
10813 0
2624 2
10817 1
10818 0
2627 2
10820 3
8630 2
10822 1
2631 1
10825 0
10826 0
4535 3
10831 2
2640 2
440 1
2642 0
10835 0
5875 2
10838 1
8817 1
10841 3
5903 2
2653 3
2654 2
2655 2
2658 2
10851 1
10852 2
10853 2
10855 1
10858 1
2671 0
2672 2
10865 1
10867 1
10871 2
10872 1
10873 0
10879 2
2688 1
10881 2
10882 0
10883 2
10884 0
12402 1
13206 1
3180 3
2702 2
10895 1
2705 0
10899 3
10901 2
10904 3
10905 2
2714 0
2715 2
10908 0
15639 1
10913 3
2722 1
1819 0
2724 1
16838 2
10918 2
15473 0
2730 1
2731 3
10925 1
2735 1
2738 3
2739 2
2742 2
4553 2
13057 2
18207 2
2748 3
2750 1
2751 0
10947 1
910 1
2759 2
2762 2
3191 2
2764 3
2766 0
2769 0
16276 1
10019 3
2772 2
2774 0
18212 1
2779 2
2784 0
2791 2
2794 3
1184 3
10991 1
2801 2
2803 2
9095 2
2807 3
11002 3
15487 3
11004 2
14551 1
4565 1
2817 0
11010 3
1835 1
11014 3
11015 2
2824 2
11020 2
9075 2
4568 0
2835 2
8665 2
2840 0
11034 2
11035 0
11038 2
11397 2
11041 2
2850 2
2851 1
2852 1
11045 2
2854 1
1841 2
16860 0
6855 1
5478 0
2863 0
11058 2
2867 1
11401 0
11065 2
2874 0
16863 2
2879 2
2880 2
11073 1
2882 2
15499 2
2884 0
11077 1
11078 2
11079 2
11081 1
11082 2
5943 0
11086 1
18232 2
2898 2
2899 2
11092 3
11093 0
2904 1
11097 1
2908 0
18234 2
2911 2
2912 1
2917 0
11111 3
11112 1
18236 3
12628 1
2923 1
2925 2
2926 1
10045 1
2928 1
2929 0
2930 0
11125 1
2934 0
2936 0
2938 2
11131 1
8507 2
2942 2
2944 2
14144 2
2946 2
3222 1
2950 2
17041 1
2955 0
2958 2
2959 2
12622 1
2962 0
11155 0
7712 2
6100 2
2973 2
2975 1
2977 0
2979 2
1862 3
11174 0
11175 1
2985 2
10055 2
2988 0
11181 1
11183 2
2992 2
8283 1
3373 3
3000 2
11193 0
16885 0
11424 3
3010 3
3012 2
3013 1
3016 1
11209 2
1737 1
15522 1
11215 1
504 3
11220 1
11221 2
3030 1
11223 0
3032 2
11428 3
11226 2
8830 0
3040 2
1465 2
12795 0
3047 0
3048 3
3049 2
3052 1
920 2
11252 3
11433 2
5012 0
11259 2
3070 2
16896 1
11267 2
3076 2
14287 1
3079 2
11273 3
11274 2
10674 1
3086 0
11279 1
921 2
14168 1
11288 0
8708 2
11293 2
11295 2
3104 0
3105 1
14171 0
3108 2
3110 2
11441 3
11307 2
3119 2
11312 2
3122 3
11315 0
14174 1
1821 1
16905 1
11444 2
3131 0
8714 1
11445 1
11329 2
3139 0
3140 1
11334 2
11335 2
11336 2
11338 2
3147 2
11340 2
7986 2
11345 1
11346 2
10083 2
11348 1
11350 1
11354 2
8719 3
2833 0
10453 2
3169 3
11364 1
11367 0
2099 2
3178 1
11371 2
11372 0
3183 2
13745 2
3186 1
3188 2
11382 2
11383 1
11386 0
3195 2
11388 1
18282 1
11390 1
4629 0
3205 1
11398 2
3207 2
3209 2
11404 1
3215 2
3216 2
11409 1
3221 1
11414 1
11416 2
3230 1
3232 0
11425 2
3236 0
11430 0
11431 2
11432 0
3241 1
11435 2
3244 0
7473 1
3246 2
3272 0
3250 2
3251 0
3252 3
3253 1
11447 0
3256 3
11449 1
3258 2
11451 1
11452 2
3261 1
3262 1
3263 2
11458 2
3268 2
3270 1
11463 1
11464 2
11465 3
3275 1
546 1
3278 3
11471 2
3280 2
18296 0
11042 2
12293 3
11470 0
3286 1
11479 3
3290 3
3291 2
13305 2
4645 0
11488 1
13476 3
3301 2
3302 2
15569 0
3305 1
4647 0
11500 0
11503 0
11504 3
9112 2
768 0
3320 2
3321 1
3323 2
3325 0
11518 2
3327 0
3328 1
3329 0
3330 1
1921 2
12844 3
11531 1
11532 2
3342 1
11536 1
3347 0
10606 1
3354 2
8751 2
3357 1
3358 0
3359 3
11553 2
3363 1
3366 0
1927 3
11565 1
3374 1
3375 2
3377 2
1749 0
12851 1
3380 1
11573 2
11574 2
6025 2
16948 0
3387 1
3389 2
12853 2
3393 1
3394 2
3396 0
3399 0
1932 0
11599 1
3409 0
3411 0
3413 2
14571 2
11608 2
11609 2
3419 2
3422 1
11615 1
3424 3
3425 2
11619 1
11620 1
3296 0
3430 3
10129 2
3435 3
3437 0
3438 0
3440 1
3441 1
11634 2
11636 1
11637 1
12863 1
11645 1
11647 1
862 0
17573 1
11499 0
3461 0
11654 0
3463 2
3468 0
4674 1
11662 2
3472 2
3479 2
3480 2
16210 3
3485 1
11678 0
11679 1
3489 3
3490 2
3492 0
11686 0
8721 2
3501 1
3504 2
3505 0
11508 2
11707 2
11709 1
3520 2
3521 2
11715 0
11716 1
11717 2
3527 2
11721 1
663 2
3535 3
11729 1
9665 2
11732 0
11733 3
11738 1
9789 1
11741 1
11742 0
16485 0
11744 2
11746 2
11747 2
11754 0
3564 3
11760 2
11761 1
3572 1
11766 0
11768 2
3579 1
11773 2
2847 1
3585 2
11779 0
3588 0
15617 2
6939 2
18348 1
11786 1
1554 2
1965 2
3601 3
11797 2
11800 2
11802 0
3611 3
11805 0
11806 2
3616 3
3619 2
3621 2
3622 2
11815 1
3628 0
11821 1
16989 1
11824 1
11825 2
3634 3
18355 3
3637 2
11831 1
11833 1
8799 2
11837 0
6668 0
6069 1
11841 2
11843 2
11844 2
6070 2
11846 0
3655 1
6071 2
3660 3
3661 2
11857 0
3666 0
8803 0
11861 1
11864 2
11865 0
3674 2
3675 1
3676 2
3678 2
3679 2
11873 1
11874 1
3683 1
3684 3
11877 2
11878 1
11879 2
11880 1
3690 2
11884 2
7442 2
13000 2
11887 2
3696 0
11889 1
11891 3
8317 1
18366 2
617 0
3704 1
5371 1
3706 2
1983 2
8810 2
11902 2
11903 3
10542 2
11909 2
620 3
11915 0
3727 2
11920 0
3730 2
3731 1
11924 3
8814 2
3734 2
11931 1
3740 0
3741 2
3747 1
3750 1
3751 1
7453 1
18376 2
3763 2
3764 1
3765 2
3768 0
3771 0
3772 1
3779 1
630 0
3784 2
3785 3
3787 2
3788 2
16992 2
11990 1
3801 3
11995 3
11998 2
15653 0
4731 2
18676 2
3814 1
3815 1
7463 0
3821 2
3822 3
12925 1
2855 2
638 0
12023 1
3832 1
673 2
12029 0
2005 1
4736 2
12034 1
14294 0
3849 0
18805 3
6104 2
8835 1
3129 3
12055 2
3864 0
12057 1
12058 2
12062 2
2011 1
3876 2
12069 1
3879 2
3880 0
3881 0
3882 1
12076 2
3885 2
12079 3
12081 3
12083 2
12084 1
6110 0
8841 2
3901 0
3381 1
12097 1
12100 2
12103 3
3912 1
5879 2
12109 2
12110 2
12112 2
12113 2
3923 0
3924 3
12118 2
12122 3
12123 0
12126 2
12127 2
12944 2
16481 1
12134 2
657 3
3944 0
12138 1
12139 2
12141 1
3950 0
11581 2
12145 1
4755 1
12148 1
13498 2
3960 2
12153 1
12154 0
12157 3
12159 0
3968 3
12161 3
12162 1
3973 1
12167 1
3978 2
3979 1
11586 0
3984 1
3985 2
3988 0
12181 1
4761 0
12184 2
3994 0
12188 2
3999 0
6407 2
6128 2
4003 1
4006 2
4764 0
12202 2
10174 1
12206 1
17053 2
4017 2
2035 2
4766 1
671 1
4029 2
12222 2
4768 2
4037 3
12230 1
4039 2
5590 3
12233 0
12235 0
1380 0
4048 0
4049 1
12963 1
18425 0
4058 2
4059 3
12252 2
4062 1
4063 2
12257 0
12258 2
12259 2
17594 1
7505 2
4074 1
8871 2
12271 0
12272 2
4081 1
15699 1
4084 1
4086 2
4087 0
4088 0
16994 2
12286 1
4095 0
12288 0
12289 1
4098 1
8875 2
10120 1
18358 3
4103 2
15703 1
12300 2
8276 1
8593 0
3416 0
10011 1
11321 1
4118 2
12312 0
4124 2
4126 0
12319 2
12324 2
8881 2
4137 2
12330 1
6151 2
12333 1
14344 0
4147 2
4148 1
11614 1
138 2
12343 1
12344 2
4153 2
9389 0
12349 1
12355 1
4164 0
9269 2
4169 3
12364 3
15714 1
12366 2
4177 2
12372 0
10254 2
13485 2
12985 0
4187 3
12380 0
12381 0
5595 0
7525 3
12384 1
17083 1
4196 3
4197 2
4198 0
4199 0
12392 1
4201 2
4202 1
3431 1
4204 0
4209 3
12850 2
6163 0
4214 0
12409 0
4219 0
4220 2
4221 2
12414 2
14357 2
4505 0
4225 2
17089 0
12424 2
7532 2
13780 1
706 2
4238 0
12431 3
12432 2
12433 2
4245 2
18457 1
17054 1
12448 1
18418 1
4258 1
1175 2
11053 2
4262 2
11633 0
12456 1
14364 1
7246 2
12459 1
2597 0
4270 0
14365 3
12465 1
12466 1
15418 3
5352 1
12470 2
713 0
12472 1
12473 1
14367 1
12476 2
8906 2
6176 1
7542 2
12486 2
12487 0
4812 1
7543 2
717 0
4304 2
4305 1
12498 2
4307 2
12502 2
12503 0
12504 0
12505 1
12509 2
4318 2
4319 0
12513 2
4323 2
12516 3
4325 2
4326 0
4327 1
4328 3
12521 2
4335 2
4337 2
4338 1
4819 1
4340 0
4341 1
12536 1
12539 2
738 2
12543 2
8601 2
4353 2
4354 2
10283 2
13014 2
4359 2
12554 3
2873 0
4367 3
1782 1
4370 1
4371 2
15816 2
4374 2
4377 3
8922 1
4383 2
13019 2
2601 1
4390 1
12584 2
12588 2
10613 1
14331 2
12595 2
12596 2
4407 0
12601 0
4413 3
5057 3
12611 2
12613 1
4422 2
12615 2
11660 1
4427 1
4428 1
4429 3
4430 1
12623 0
4433 1
12626 2
4436 2
7566 2
4438 3
4441 1
15759 3
3694 1
12638 2
12639 0
12641 0
8331 2
12643 1
4838 0
11605 1
7569 2
4458 2
8935 2
12652 2
4461 0
12654 0
18493 2
12656 0
12657 2
12658 2
4471 1
12664 1
12666 0
746 2
12672 3
2112 2
16516 1
12675 3
4485 2
18497 0
12680 0
4490 1
4493 2
12686 2
4495 1
4497 0
4498 2
4501 0
4503 2
4504 2
12697 0
4507 1
4508 2
4511 1
12704 1
13040 2
4516 0
4517 1
4518 1
8945 2
4520 0
4521 1
12714 1
12715 2
4524 1
12717 1
4527 1
4528 2
4851 2
4532 1
4534 1
12727 1
4536 0
8948 2
4538 2
12731 0
12732 1
4853 0
12737 1
12739 2
4552 1
12745 2
13047 0
12748 2
4557 1
12750 2
4561 3
12754 2
12755 0
4564 1
12757 2
4566 2
761 3
17610 2
12762 3
4571 0
12764 0
12765 2
12768 0
4579 3
4580 1
12774 1
4583 1
10791 1
4592 0
4593 2
12786 0
4595 1
12788 2
12790 0
12792 1
10324 1
13055 1
4605 2
5868 2
12800 1
1790 2
4610 1
12804 1
12805 1
4615 0
4617 2
12811 2
4620 0
4621 2
4623 2
4625 2
4626 2
4627 3
12820 2
2609 0
4630 0
4632 2
5337 1
12828 0
7123 2
12832 1
4642 0
4519 0
10942 0
12839 0
12840 1
12841 1
4650 2
775 2
4652 3
4656 1
12849 0
4658 2
4659 2
12852 2
4661 0
4662 0
12856 2
4665 2
4666 0
12861 2
12862 2
4671 0
4672 2
12865 2
12866 2
4675 1
12868 2
12869 2
18529 0
12872 2
12873 1
4683 0
17980 0
4688 1
12882 2
4695 2
4698 2
4699 1
4703 3
4705 1
8340 2
3515 1
4708 1
4709 1
4710 1
4713 0
12906 2
4716 3
8978 1
12910 2
7069 0
4721 2
4722 0
4723 0
4724 2
4726 1
12919 1
4728 2
4729 2
4730 1
12923 3
4732 0
4733 2
4734 2
8981 2
12928 1
18539 2
4741 1
4742 1
12940 0
4752 1
12945 2
12947 1
15434 2
4757 2
18708 2
12951 0
11268 2
12953 2
6255 2
12956 2
12958 0
12960 2
12961 2
4771 2
4772 0
6251 2
14449 2
4776 2
12971 1
4780 0
8989 1
4784 1
12977 2
18547 0
12981 1
4790 1
4793 1
12986 2
12987 1
4796 2
12989 2
15981 0
4801 1
12994 1
4805 1
4807 1
4808 1
4809 2
13002 1
4811 3
13004 2
4813 1
4814 2
4816 1
4817 2
13010 0
13011 0
13012 1
13013 1
4822 0
13017 1
4826 1
4827 1
13022 3
13023 2
4832 2
4835 1
4836 0
4837 2
13030 2
4839 0
4840 0
4841 2
4843 2
4844 1
4848 1
16801 0
13043 2
4852 0
13045 1
13046 0
4855 2
4856 1
13054 1
4863 1
4864 3
18560 3
4866 0
13060 0
15165 0
4872 2
4877 2
4878 0
4881 1
2179 2
4884 0
13077 2
13078 0
4887 1
5979 0
11074 2
4894 0
4896 3
4897 2
4898 2
13091 2
13092 1
4902 0
4903 3
4906 3
4907 0
4908 1
4910 0
4911 2
13104 3
13106 2
13107 0
4916 2
4917 0
13110 1
18569 1
13112 1
13114 2
16454 3
4927 2
4929 0
13122 1
13123 2
9014 3
13127 2
13128 1
13129 2
4938 0
4256 2
16836 1
13134 1
14477 0
4944 0
13137 2
13139 0
13141 0
4950 2
13143 0
4952 2
13148 2
4958 2
12799 0
13153 2
13154 2
13156 0
13159 3
6907 2
4973 0
13169 1
4979 1
13173 2
4982 1
13175 2
13178 0
13181 1
4991 1
4993 2
4994 1
4995 1
2198 1
13190 3
13192 2
5001 2
13194 0
2199 2
13196 0
5005 3
13198 1
5007 1
5008 0
10392 2
13202 1
13204 2
797 1
5014 0
13207 1
13209 2
13210 2
5020 2
13215 3
13220 2
10533 2
5030 2
5032 0
13225 2
5035 2
13229 2
12170 2
5039 0
5040 0
13233 1
13237 1
5046 2
5051 3
18037 1
13249 3
17101 3
5061 3
5063 2
13256 1
9036 3
5067 2
13260 3
14498 2
13262 2
13266 1
13267 2
4942 0
5079 3
13272 0
5081 0
13275 2
13276 2
13277 2
13278 2
13282 2
13283 2
13285 2
13286 3
17233 2
13288 2
5101 3
13295 1
13297 0
5109 1
13303 2
11327 2
5116 3
17237 2
3584 1
5122 2
16619 0
13317 0
8354 1
13320 2
10412 2
13322 2
13324 2
13329 2
5138 0
13331 2
13332 2
2222 2
13334 0
5143 1
5144 2
13337 2
13339 3
16811 2
5151 0
14512 1
5154 2
17243 1
5156 0
5157 2
5158 0
13351 2
13352 0
9052 1
5162 2
5165 0
17245 1
5168 1
13150 3
13366 0
5176 1
5177 3
5179 0
1809 2
5181 0
5184 3
5185 0
5186 0
13379 0
5188 1
13381 0
5191 2
5192 3
5194 2
2231 2
5196 2
5197 3
17948 2
13392 0
5201 1
13395 2
15886 0
5209 2
5211 2
2234 2
5214 2
13407 0
5219 1
13413 2
13414 2
14904 2
5225 3
13418 1
13419 1
13420 3
5229 2
10429 2
5232 3
13425 3
13427 2
5244 0
5245 0
13438 1
5247 2
5249 2
13443 1
5253 3
3721 2
876 3
5258 1
8904 1
18626 3
5264 3
13458 0
5269 0
13467 2
5284 0
13477 2
5287 2
13482 3
5291 0
13484 0
5293 2
15901 1
13489 0
5299 0
5301 0
13494 3
8655 2
13496 2
13497 1
5306 1
13501 1
4981 2
13504 2
5313 2
11300 2
5317 0
13511 2
13512 1
5321 3
5322 2
5323 2
13516 1
13520 2
5329 0
11811 2
15726 1
889 0
5336 1
13529 1
5339 1
5340 2
4986 2
13534 1
13535 2
5345 2
13541 2
13542 0
13544 2
13545 3
13547 2
5357 1
13550 1
13551 2
3179 2
5366 0
13559 2
18644 2
13563 2
5372 2
13565 2
5374 1
5375 2
5376 2
17280 1
5378 2
13572 2
5381 2
13575 0
14091 0
13578 2
5387 2
13580 2
5389 2
13583 2
13586 0
5908 1
5399 3
13594 3
13595 0
9474 1
5405 2
4997 2
13600 1
5090 3
15748 2
13293 1
13605 2
13607 2
13608 2
5417 3
13610 1
5419 2
6910 2
5421 2
5422 2
13616 2
10819 2
10462 0
5431 0
13626 3
10463 2
10001 0
5437 2
13631 2
5440 0
5441 2
13195 0
13638 2
13640 1
5453 2
13647 2
10467 2
5461 2
13655 1
5464 2
12457 2
309 0
7547 1
13660 3
12730 1
13666 0
13667 0
5476 0
5477 0
13670 2
13671 1
13673 2
13674 0
13676 0
5486 2
7947 2
13549 2
5494 3
5496 2
5497 2
5498 2
5502 1
13695 2
13696 2
10475 1
5508 2
9110 2
13703 1
13710 2
2285 2
5521 2
13718 2
9113 0
13720 2
13721 1
18098 2
13723 2
13727 1
16824 0
13732 2
13734 1
5545 1
17097 2
5548 2
13741 2
13742 2
5552 1
5553 2
10483 0
5556 1
9118 2
13750 2
5095 2
5561 2
13754 2
5564 1
13757 0
13758 0
5567 2
5568 3
6911 1
5571 1
10486 2
5574 2
15149 0
5578 3
5579 2
5580 1
5581 2
5583 2
13777 3
5586 0
5587 1
5588 3
13782 2
13786 0
13787 2
13790 1
6932 0
5603 0
13796 0
5606 0
5608 1
5609 2
13808 2
11494 3
5619 1
776 3
9129 2
5624 2
13817 1
5626 3
5627 1
938 1
5630 2
13827 0
13828 1
5637 1
5639 2
5641 0
13834 2
18690 1
5646 2
5648 1
3672 1
5654 2
5655 2
5657 1
13009 2
5661 1
5664 2
5666 0
5670 1
13864 2
5673 3
5674 1
13867 2
17330 3
18696 3
5684 3
5686 2
5687 2
5691 2
14647 2
5698 2
17334 0
8646 1
5705 3
13900 0
14768 0
952 1
13906 1
14934 2
13916 2
13917 2
13919 3
13921 1
5731 2
13924 0
13927 1
13928 1
5737 0
5742 1
3688 1
14611 1
5751 2
2324 2
5754 2
16405 2
5758 2
5759 2
5761 1
5763 2
13959 1
7557 2
7567 2
13965 0
11885 0
5777 2
5780 1
5781 0
5785 2
13978 2
5787 0
13987 2
1284 1
5803 1
5804 1
13997 0
5806 0
5808 2
5810 0
5811 2
5812 0
14006 3
7796 3
5819 1
5821 2
5823 2
14016 3
13259 2
14022 2
5831 0
14025 1
14027 1
10530 1
14031 0
14379 3
5843 2
14036 1
5845 0
11897 0
14042 2
5851 3
5853 2
18725 1
7022 3
5858 2
5859 2
5860 2
14053 2
5863 2
16583 2
1130 2
14060 2
5869 2
5870 0
14063 1
14632 2
5874 2
14067 0
5878 0
12696 1
5881 2
14075 0
5886 2
14084 1
11905 3
11653 0
14089 1
13271 1
10562 1
10537 2
14095 2
9176 2
14100 0
5909 3
3470 1
14103 1
5916 1
5922 0
5925 2
5927 3
5929 1
5931 2
14125 2
14128 2
14132 3
14133 2
11109 2
14136 2
10548 1
14138 1
14139 1
14140 2
14141 2
6472 0
16011 1
6454 0
5960 3
6455 1
14157 2
14164 2
2381 2
5976 3
5978 0
11919 3
2362 2
5982 2
5989 2
14185 1
14186 2
745 1
14189 0
14190 2
14194 2
11923 3
6004 0
14197 3
14199 1
7565 1
6012 0
6013 2
3733 0
6016 2
6018 1
6019 1
14212 2
6021 2
6022 2
6023 1
14216 2
14217 2
6026 2
14219 0
14221 0
14223 2
14224 1
14227 1
8769 1
14233 0
6045 1
14240 1
14242 0
6053 1
9476 2
6055 1
6057 2
14250 2
6059 1
14254 2
14257 1
6068 2
14261 0
14262 2
14263 2
10295 0
14266 0
14267 1
14274 2
14275 1
14277 2
14280 0
17399 2
6094 2
10573 1
10023 3
14292 0
4918 2
6102 2
5113 2
14296 2
6107 2
14302 2
6115 3
14309 0
2113 2
6119 1
1020 0
6122 2
6123 2
14316 2
14320 2
14321 2
14322 2
14323 2
6133 1
6134 1
6135 2
6136 2
1023 2
6140 2
6141 2
14335 2
14337 1
6146 3
14662 2
9217 2
6152 3
6154 2
18775 1
14349 1
6158 2
14352 2
14355 2
6164 2
16046 0
2393 3
14360 1
14362 1
6172 0
18778 0
6174 2
6175 1
14368 2
6177 1
17414 0
6182 0
14376 2
6187 2
14380 0
14384 0
14385 1
14386 2
6196 2
14389 2
14391 0
6200 1
14393 2
14394 2
6203 2
14397 0
6206 2
14399 2
2116 2
6209 2
14403 0
14404 1
11118 0
14407 1
14408 2
1036 0
13846 2
11391 0
14413 2
6222 0
15775 0
17281 0
6227 2
14420 2
13028 0
14422 3
6231 2
14425 2
6236 0
14429 1
14431 1
14432 3
14433 2
16059 0
14437 2
16302 1
6248 2
18791 1
14444 2
6253 2
7869 2
6257 1
14451 0
14454 2
14455 0
6265 3
4573 1
6267 2
12211 2
6270 2
14463 1
14464 3
11120 0
6277 2
18496 0
6285 0
2413 2
9240 0
16067 2
6293 1
14489 1
14492 0
14494 0
6303 3
14497 0
6306 1
14501 0
14504 2
14505 2
2606 3
6315 0
14509 2
14510 2
14511 0
6320 2
1847 0
6329 0
6330 2
6331 2
6332 2
14525 1
14527 3
6336 2
6338 1
6340 2
14533 2
14535 1
6348 3
6349 2
14544 2
14546 0
6355 3
6356 1
6357 2
14550 1
6359 2
6360 3
6363 2
14556 2
10618 2
6368 2
14561 3
6370 2
14564 0
14565 1
10993 3
6379 1
14572 0
6381 1
6386 1
14579 0
14580 3
2430 2
14583 0
6393 2
14586 2
14591 2
14597 1
14599 3
15100 1
14604 2
6414 2
14607 2
6416 3
6418 0
18819 0
6422 1
16089 3
6424 0
2436 0
6426 1
17455 0
6428 1
6429 1
6431 1
13360 2
14628 0
14631 2
6440 1
6442 1
6445 1
6446 2
2440 2
8990 2
8671 3
2441 2
7580 2
14651 2
4080 3
12763 2
14655 3
6464 0
6465 0
14658 1
6467 2
14661 2
9863 2
6471 1
14664 1
6473 2
14666 2
17463 1
6480 2
6481 2
14675 2
14676 0
18830 0
1025 2
6488 2
6489 0
14682 2
6494 0
6495 0
13371 3
6500 3
12006 0
10641 1
6504 2
13372 1
6507 2
6514 1
9278 1
6521 0
6522 2
14717 1
14718 2
2453 0
12011 3
14724 2
14726 1
6535 0
14728 3
18839 2
13378 2
12013 2
14737 2
14740 3
14745 3
6553 0
10311 2
14750 2
14751 2
4310 0
6563 3
9493 1
7921 3
14761 1
17525 1
6575 2
6576 2
6577 1
14772 1
14773 0
14777 2
14778 2
14779 2
6592 3
6593 2
6594 3
14787 0
14791 2
6600 0
14793 1
1038 0
7927 1
6604 2
6610 3
14803 2
14804 2
14805 2
14809 2
6619 2
6620 2
6621 2
6622 0
14815 2
7040 0
14820 2
10662 2
6630 3
6632 2
14825 2
6634 0
14828 0
14829 2
6642 3
6643 3
6646 1
6569 3
6648 2
14842 2
16127 3
14844 2
6653 1
767 2
14849 2
14851 2
14860 2
14863 1
14866 0
7860 0
14868 2
14871 0
14872 2
6681 3
14874 2
6683 2
14878 2
14880 2
14881 1
9307 2
6692 2
14887 0
9308 1
6698 1
16135 2
6701 1
6702 1
6703 1
6704 1
6707 1
6708 1
6709 0
6710 1
16137 1
6712 2
6713 0
6715 2
14908 1
10677 3
1120 3
14914 2
6723 1
6724 2
6725 0
17505 0
14920 0
14921 1
14923 0
17506 2
6740 1
1861 0
14937 3
6747 2
14942 3
17509 2
6752 2
6753 0
11136 2
14947 1
14949 0
14952 1
6764 2
14957 1
9320 2
6772 1
14966 0
6775 0
14971 0
14972 2
5226 1
14978 3
6788 1
14981 1
14982 3
14983 2
6794 2
14987 3
14988 1
14989 0
6798 1
17517 1
6801 1
427 2
14996 2
6806 0
6809 0
6810 1
15004 2
15005 1
6819 3
6823 0
15017 1
9330 0
6830 2
6833 1
6836 1
6840 2
17524 2
6843 2
6845 0
15039 2
6848 0
6849 0
6850 1
6851 1
6853 0
6854 1
15047 0
10700 2
15050 2
15051 2
6860 1
7970 1
6862 3
15055 2
6865 0
15060 3
6869 1
15062 1
6871 0
6874 1
15067 2
15068 2
15069 2
15070 2
15071 0
15072 0
6881 2
15074 0
15075 2
6884 0
7867 1
15078 2
6887 1
6888 3
6892 2
15085 2
15086 2
6898 1
6900 1
6901 0
6902 0
15095 1
15096 3
6905 1
17535 0
6908 2
15102 1
2517 0
15105 1
15107 1
6916 0
15109 1
6918 2
15111 3
15112 1
6922 1
15115 3
15116 2
6925 0
15118 1
12077 2
6930 1
5251 2
15124 3
6933 3
15126 1
6935 0
6936 1
6937 0
15131 1
6941 0
15134 1
6943 2
15136 1
15137 3
15138 0
14811 2
15140 0
15141 1
15143 2
15144 0
15145 0
6955 0
6956 0
6957 1
6958 2
9352 1
6963 2
6965 2
16326 2
232 1
15167 2
15169 3
15170 1
15172 2
15177 2
17145 1
6988 0
15181 1
15182 0
17549 1
6993 2
6995 2
15188 0
15189 0
15190 0
11826 2
15194 2
7006 2
7007 3
7008 2
7009 2
151 1
15208 2
7018 1
15211 3
15212 3
15213 0
15214 1
7023 1
7024 2
7025 2
9363 1
15220 2
7029 0
15223 0
15225 1
2338 2
16191 1
15232 1
7043 2
17558 1
15240 0
15241 2
7050 1
7051 1
7052 1
15245 2
15249 2
16741 2
15253 2
7062 0
15255 0
15259 0
9237 2
15261 2
13056 0
15264 2
15265 1
2006 1
7076 1
17148 1
15270 0
1180 1
7084 1
7085 0
15278 3
15279 2
15280 1
15282 2
15283 0
15284 1
15286 1
16201 1
15288 3
7097 2
15292 1
15293 0
2549 2
15296 2
7105 1
7109 0
15303 2
15304 2
7113 1
15307 2
17570 2
15310 1
7120 2
7122 2
15315 2
10330 3
15318 2
15319 0
7129 2
5121 2
7133 2
15786 0
15329 2
7139 0
15333 2
7142 1
7143 0
2556 1
7147 0
7149 1
7155 2
7158 2
7160 3
3921 2
7164 2
7166 3
7167 0
2560 1
15362 2
15364 2
9388 2
15373 3
15374 0
15375 1
15376 3
424 0
10755 0
7189 2
15386 2
10757 2
7201 1
7203 2
7205 1
5297 0
8028 3
15760 0
15403 1
15404 0
7214 2
7218 3
7219 3
7221 0
15417 2
786 0
15419 2
7228 1
7229 0
7230 2
9397 2
12705 2
15428 2
9398 1
15430 1
7241 1
7242 0
7244 0
15438 0
15439 1
15440 1
15443 0
15445 2
15448 2
6671 3
1210 3
7264 2
1211 3
15467 0
15471 1
12136 2
15478 2
15482 1
15484 1
15485 3
15486 2
7295 2
15488 3
15490 1
15492 0
15493 2
15496 0
6679 2
15500 2
15503 2
2150 2
15505 0
15506 1
7316 2
15509 1
15510 2
15513 0
15516 2
15517 1
15518 0
15521 2
7330 0
15526 1
7335 0
7336 0
16884 1
4609 1
8428 0
17609 1
10783 3
1226 1
15550 0
15552 1
16612 1
7367 2
15562 0
15563 0
15565 1
7374 3
15568 3
12152 1
15570 0
15572 1
15577 3
15579 2
15580 2
15581 1
15582 0
7391 1
15584 2
15585 1
7395 1
9425 1
15593 0
2599 2
7405 2
7407 2
15600 2
7409 1
7410 2
15603 1
15604 2
15606 2
7415 2
17620 0
15610 0
3967 3
15613 1
15614 0
15616 0
7425 3
15620 1
4339 3
15625 1
15627 1
15628 3
15629 1
2605 0
7440 2
15633 0
15634 0
15635 1
15636 2
14894 2
15638 2
7447 2
15641 0
7450 2
7452 2
15645 3
8069 2
15650 0
7459 2
521 0
7461 1
15654 2
15655 2
13532 0
15658 2
15661 1
15665 1
7474 2
15667 2
15669 1
15670 3
7481 1
15675 2
15676 0
8074 2
15678 2
15679 0
7488 2
7489 2
6796 0
7491 2
15684 0
7496 0
7497 2
10807 0
15694 1
15697 0
7506 2
1251 1
15701 0
7510 0
10809 1
15706 1
7516 2
17981 1
15713 2
7522 2
15717 0
15721 2
15722 2
15723 0
15724 0
7534 2
7535 0
15729 1
7538 3
15734 2
1257 0
15736 1
7545 1
15738 2
5434 3
15741 1
8085 2
15744 2
15746 0
7556 0
15749 1
15750 0
7559 2
15752 1
7561 2
7563 2
8968 0
15757 2
15758 2
9453 3
7568 2
15761 2
15762 2
17710 2
15764 0
15765 2
15767 1
14916 0
1843 0
15773 2
7583 3
7585 2
15781 1
17649 1
7592 2
15785 0
7594 3
7595 0
15788 1
1266 0
15790 0
15791 2
7603 2
7604 2
16090 1
15802 3
15803 0
15805 2
7615 2
7617 1
7618 0
15812 2
9462 2
15814 1
4001 1
7624 3
7626 2
7627 0
15820 1
15823 0
13035 1
16291 2
15829 0
15830 3
7639 2
7640 3
17708 2
7645 0
7649 2
15842 0
7651 2
15844 2
15845 2
7654 1
5373 1
7667 1
15862 2
15863 2
15864 0
15868 2
15871 1
15872 3
17664 0
15874 3
15877 0
15878 2
5377 2
7690 2
15883 0
13570 3
7694 1
7695 2
7699 2
15892 1
7701 0
15894 1
7704 1
15897 0
15898 2
15899 1
15900 2
7709 3
17669 2
15904 2
16304 2
7714 0
15909 0
12209 2
7720 0
15915 1
7726 0
15919 0
7728 2
15921 2
4019 1
7732 1
7733 3
7734 2
15929 1
6751 0
18534 2
7743 2
7747 2
14945 1
7753 3
17564 2
10850 1
2900 1
15953 1
15954 1
16480 0
7765 2
7766 1
15959 1
10897 3
15962 0
15963 2
15965 3
15966 2
7778 0
15972 0
7783 0
8124 0
15978 3
7789 2
7791 1
15984 0
13311 2
7795 0
15988 1
13353 0
9492 2
15999 1
16000 2
5562 1
7810 1
12225 2
16008 0
7817 1
16010 0
7819 3
8960 0
16014 2
7823 2
7828 3
7829 1
7832 3
16025 1
16026 2
16027 1
9272 3
7838 2
16032 1
16034 2
16036 1
16037 1
7848 2
534 2
16045 3
7854 2
16049 1
16050 3
16051 0
16052 0
7862 2
7863 1
16056 1
16058 0
9503 2
16060 2
16061 1
16064 2
16066 1
7875 1
9505 2
16072 0
16073 1
7882 1
1314 1
16078 1
16079 2
16081 2
7890 2
10743 1
16087 2
16088 1
7897 2
7898 0
16091 2
16092 2
5173 2
16096 2
16336 3
7906 2
2991 2
16337 2
7912 0
16108 2
7917 2
16110 2
16113 2
16114 2
16115 2
16117 2
1321 2
7932 2
17706 1
16341 0
7936 2
16132 0
8150 0
16134 0
7943 2
16136 1
7945 2
16138 2
16139 2
7950 0
16143 2
16144 0
16145 0
7955 2
7956 2
9518 2
16151 1
7962 0
12813 2
16162 3
7975 2
16170 1
6791 2
16178 1
16183 2
266 2
12255 1
16188 3
7998 3
13621 2
16196 1
18505 2
8009 2
8010 1
16203 0
16204 1
4066 1
8014 2
16207 0
8018 3
8024 0
16219 0
11724 2
8029 3
16223 2
16228 3
16231 1
1340 2
9815 2
16235 1
8044 1
16238 3
13629 1
1359 1
16245 1
8054 2
17727 1
8170 2
16259 1
10201 1
16261 1
16263 2
8072 1
16265 1
16266 2
8075 2
16269 2
8083 0
1363 2
16277 2
16279 0
4079 0
8092 3
16286 0
16288 1
16289 1
8098 1
10907 1
16292 0
16294 3
16295 1
8104 2
16297 0
9543 2
8108 2
10090 0
8110 2
8112 2
8115 2
8119 0
16372 1
16316 1
5946 0
16318 0
16321 0
1355 1
16324 0
16325 0
8134 3
17740 3
8138 3
16331 1
8142 3
8144 1
8145 1
2723 2
8148 0
8149 2
16342 2
16343 1
10916 2
8154 3
16347 2
16349 1
4636 0
8159 3
16355 1
8166 2
16359 1
16360 1
12276 3
16362 2
16367 2
1636 0
8179 2
8180 0
16382 1
16376 2
16377 1
16379 2
16380 0
16381 1
8190 2
1846 0
