8192 2
16386 2
16387 2
2455 2
9558 1
16392 3
16393 2
16396 1
14185 1
8210 0
8213 1
1369 2
8216 0
11184 1
8219 2
16412 0
16415 2
33 0
16418 0
16419 1
37 0
16422 2
16424 1
16425 0
45 1
16430 2
5469 1
16433 2
8248 3
17187 2
17759 1
16445 2
62 2
16452 1
16455 2
16456 2
74 0
16459 2
8269 0
16462 0
16464 1
82 3
16469 1
8278 2
87 3
88 2
89 1
16476 2
93 3
8288 2
100 2
8293 1
8295 2
16489 3
17767 1
16493 0
113 2
114 0
8307 2
16500 0
118 1
122 3
17770 3
126 2
127 1
8323 1
133 2
16518 2
8327 3
16520 2
16521 0
16522 1
139 3
15042 2
16527 2
8336 0
8338 2
148 1
151 1
8346 1
8347 3
157 0
158 3
16543 2
8353 1
162 2
163 2
8358 0
173 2
177 1
16562 2
180 3
4126 0
183 2
190 3
193 1
8386 2
195 2
197 2
199 1
200 0
8393 2
202 2
203 0
209 2
8402 2
16595 3
16597 0
8406 1
8407 2
16600 1
218 3
15277 1
16605 2
8415 1
8418 2
17787 3
16612 1
16616 1
16618 2
16620 3
9597 2
8432 1
16625 0
8434 0
8435 3
244 3
16629 0
246 0
16631 0
16633 0
5503 1
8445 3
8447 0
16640 1
8449 2
260 2
16645 1
16646 1
263 2
16648 0
266 2
8461 3
271 2
280 3
285 1
286 1
8480 1
8483 0
8485 2
8486 2
8241 2
8488 2
298 3
16683 2
8496 2
5513 2
312 1
12340 3
16700 2
9610 2
319 2
8514 1
8515 2
324 1
8517 1
329 1
16716 0
6882 3
16718 1
16719 2
16722 2
339 3
16725 1
342 2
347 3
16733 2
16734 1
16736 0
353 2
354 2
8548 2
8549 0
359 3
365 2
16752 2
8564 2
16757 0
374 2
16759 1
376 2
378 3
8571 0
16765 2
383 0
384 1
8581 0
8583 3
16776 0
8585 1
394 2
8587 1
396 1
8592 2
16785 3
8594 1
8595 0
405 0
8600 1
8601 2
410 2
16796 3
8608 1
8609 2
419 0
420 1
8613 2
423 2
17820 0
427 2
428 2
8621 0
16814 2
1437 3
16818 0
16819 2
17822 3
438 0
8631 1
440 1
442 1
16827 2
8266 2
446 2
8640 0
9632 1
8643 1
16836 1
454 2
455 1
16841 2
15095 1
462 3
8655 2
464 2
16851 2
8660 3
16854 2
8664 1
8665 2
16858 0
16859 3
476 2
477 2
16865 0
8675 2
488 2
1380 0
1653 2
496 2
500 2
8693 2
16886 2
13737 2
504 3
505 3
16891 3
1258 0
16896 1
8706 3
8709 1
523 0
524 2
15106 1
526 0
9292 1
529 2
8725 1
535 0
538 0
8732 1
541 2
16926 2
543 2
16928 2
16929 2
16930 2
8739 3
16935 2
16940 2
8750 2
559 0
562 3
8757 2
567 2
8761 1
8762 1
8764 1
8769 1
8771 3
8775 0
8776 1
8777 0
588 1
591 1
16977 0
595 1
16980 2
597 1
8791 2
16484 1
605 3
606 0
8802 1
611 1
8805 2
1468 2
17002 1
8811 1
620 3
17007 0
12392 1
17012 3
629 1
17014 1
6932 0
13759 0
17022 0
641 0
8834 2
643 2
644 1
17029 0
8841 2
651 0
654 0
655 2
8849 2
17042 2
661 1
17046 1
17049 1
18844 1
667 2
8860 1
669 2
8862 2
1477 1
8864 2
674 0
6939 2
8868 2
5478 0
680 0
17067 1
17071 2
17073 2
17074 1
17077 3
17079 2
697 0
699 3
8892 1
17091 0
709 1
17096 1
17097 2
8906 2
17099 2
717 0
17104 0
8913 1
726 2
17112 0
8921 2
17118 2
17119 0
737 2
738 2
8932 0
741 2
743 0
17128 3
8938 2
8939 2
749 0
751 3
756 0
759 3
8953 1
17147 0
764 2
766 1
767 2
8960 0
17153 0
17154 0
771 1
773 2
774 1
775 2
776 3
780 2
8974 2
17168 2
8978 1
787 2
788 2
790 2
795 2
8988 3
17182 1
8992 3
9691 3
17189 3
8999 0
17193 2
17194 2
16519 0
1118 2
9011 2
9019 1
9022 3
17215 0
832 2
17217 2
8331 2
837 0
13793 0
17225 0
17227 1
844 2
17231 0
17233 2
852 2
9045 2
856 0
18032 0
859 2
9052 1
861 2
144 2
870 2
874 3
875 2
9068 0
17261 0
17262 0
879 2
17265 2
882 0
12850 2
884 1
9077 1
9079 1
889 0
9082 2
17275 0
892 2
9088 3
9095 2
904 1
907 1
17292 1
17293 0
910 1
911 2
917 1
17306 2
17307 2
17308 2
154 0
17313 2
9123 2
17317 1
9129 2
6983 0
9139 2
9142 0
9143 1
952 1
9147 1
17341 0
17342 2
9151 0
961 1
11463 1
964 3
9157 3
9158 3
6306 1
9165 3
17358 1
17360 2
9169 0
11086 1
17368 1
9186 2
16550 1
1002 0
12455 3
9201 0
1010 1
17395 2
17399 2
9209 1
1019 0
9213 3
17407 2
1025 2
9218 2
1028 1
17417 1
9230 0
17426 2
9236 1
9237 2
17431 3
17432 2
9241 2
17440 2
17446 1
12465 1
9257 0
17450 1
9259 3
178 0
9262 2
1071 1
9265 1
9270 2
9271 0
1080 1
8372 3
9274 2
1089 3
9282 3
17476 0
17477 1
1094 3
1095 0
17480 2
1098 2
8375 0
1100 0
1102 0
17488 2
1107 1
1111 2
9304 2
9307 2
9308 1
9310 0
2917 0
9312 2
17505 0
17506 2
9316 0
17509 2
17511 1
17512 1
17514 2
17516 2
1134 0
17519 2
1139 3
17524 2
1141 1
1142 3
1144 2
15041 2
17531 0
17532 2
1402 1
1150 2
1151 1
2766 0
9756 0
1154 2
9347 1
9349 2
17542 1
17543 0
17544 2
15212 3
17546 2
1163 2
1164 1
17549 1
1166 2
17553 2
9362 0
1173 2
1174 2
7677 3
17564 2
17566 3
16581 1
17568 0
9379 1
17574 1
17575 1
1192 2
17577 1
9386 2
1195 0
9388 2
17581 1
9390 1
17583 3
17584 3
4950 2
9397 2
9398 1
17596 1
9409 1
1221 2
17606 1
17607 2
17610 2
1227 0
17612 2
9421 2
2936 0
9427 2
1236 1
1237 2
1240 0
1241 2
1245 0
1246 3
9439 2
17632 1
17633 3
9443 2
17637 0
9446 1
9447 1
17640 1
17642 1
9451 0
210 2
7407 2
1264 3
9457 2
17650 1
8403 3
9461 2
9463 2
1273 2
17660 2
17662 2
17663 1
17664 0
9473 1
1283 2
1284 1
17669 2
17670 0
9479 2
1290 1
1292 2
9485 1
1296 3
17966 1
17687 1
17688 0
17689 2
1306 3
9775 0
17693 3
17695 2
8227 2
17702 2
1321 2
17707 2
1324 2
9517 3
17710 2
8413 2
1331 1
17719 1
1336 2
1338 1
1340 2
17726 2
17737 2
1355 1
17740 3
9549 2
17744 1
9556 2
1366 0
9561 1
17754 2
9563 0
17756 0
1373 3
1375 2
1377 2
17762 2
17764 2
1381 2
1383 2
17768 2
1385 3
9578 1
9580 1
9583 2
232 1
1395 1
9588 2
8629 1
17783 2
17785 0
9594 2
9595 2
17789 1
9599 0
9600 1
9601 2
9604 2
1415 2
1418 0
9611 2
9618 0
9623 2
1957 0
9626 2
1436 1
9629 1
1438 1
1605 0
1440 2
17828 3
1446 2
9640 2
17835 2
7069 0
9648 2
1461 2
17846 0
9655 0
1464 2
1465 2
9658 2
17852 2
9661 1
9662 2
1471 1
1475 1
9669 2
17862 1
14440 0
9673 1
1482 1
247 2
9676 2
7074 2
1486 0
1489 1
1491 0
8233 1
17879 0
1496 1
9690 2
1499 3
9692 2
9694 0
9697 3
17893 0
9702 2
17895 0
9706 1
9709 2
1521 3
17913 2
9722 2
9727 0
1538 2
17924 0
17925 0
1542 2
9736 1
9815 2
9740 2
17935 1
14904 2
1558 3
8452 0
1562 0
15279 2
1564 1
17949 2
17952 2
9761 1
17957 0
9768 2
17961 0
9770 1
1579 2
9774 2
1583 2
17968 0
17969 0
9781 1
1591 1
9784 2
9786 0
17979 2
1596 2
9791 2
1601 1
17988 3
17989 1
1608 1
9801 2
17997 3
1614 1
11192 2
9810 2
11193 0
9817 2
1626 2
1630 1
1633 0
9826 2
9829 2
1640 2
18028 1
9840 0
1652 2
9845 1
1656 3
1659 0
1660 1
1661 1
1662 2
9057 1
18048 2
1666 2
1671 1
18056 0
9865 3
1674 2
18062 2
9873 2
9874 0
9875 3
9876 0
13532 0
9887 3
1696 2
1697 0
9891 3
1700 2
1703 1
18088 2
9899 1
1708 3
1711 2
9906 2
9907 2
18100 1
1719 2
18104 0
18107 3
18110 1
1727 0
16672 0
1732 2
9927 2
15308 1
18122 1
9936 1
18133 2
1750 1
1753 3
1755 1
18142 1
1760 0
1767 2
9960 0
1769 2
18155 1
18156 1
1773 1
18158 0
1779 0
18164 1
9854 1
1782 1
18169 1
9981 2
1790 2
18175 1
16972 1
18184 1
18186 2
18191 2
10001 0
18194 3
10003 1
10004 2
18197 0
15321 1
18201 1
3034 2
18207 2
1827 2
10020 3
18214 2
10023 3
1833 0
10026 2
1835 1
1836 1
18221 2
10030 2
10031 2
10032 1
18225 2
10034 1
18228 2
10038 2
18057 2
18232 2
10041 2
10043 1
1852 1
10045 1
10048 2
1858 1
18243 0
1860 2
10053 1
18246 2
10055 2
10056 2
18250 2
10059 2
4595 1
16697 2
18264 1
9396 1
1883 1
18269 2
10080 2
1889 2
10083 2
18277 0
10087 3
10088 1
18281 0
1898 3
18284 1
18286 2
18287 1
10099 2
1911 0
18297 0
1918 2
1921 2
1923 2
1924 2
18312 1
18316 1
10125 1
323 0
10132 1
5793 1
10139 2
10140 2
10142 2
10143 1
10149 1
10151 3
18344 2
1961 2
1962 3
10155 2
18348 1
1965 2
1970 0
18355 3
18357 2
16713 0
1979 1
18366 2
1983 2
1987 1
18374 1
1991 2
18376 2
8524 2
16706 1
8525 2
18384 2
2002 0
18083 1
334 3
2006 1
9892 0
8527 2
10207 2
18401 1
18402 0
18404 2
10213 2
2024 2
10220 0
338 1
18414 3
2035 2
18420 2
7166 3
18424 1
18426 1
2043 1
10236 1
10239 2
18434 3
2052 2
10246 3
10247 1
18443 2
2061 3
2062 2
2067 2
10260 1
10261 2
2072 2
11268 2
18466 0
2083 2
2087 2
2088 2
3070 2
4651 0
2091 2
4434 1
10286 1
349 1
2098 2
18483 2
2101 1
2104 3
1716 1
18491 0
2112 2
10306 1
10307 0
10308 0
18502 3
10311 2
2120 2
2121 0
2126 0
12643 1
18516 2
10328 2
2138 2
10332 1
10335 2
2144 2
15376 3
9915 2
2149 2
2150 2
2151 0
2152 2
16743 2
13438 1
2158 1
2160 1
2164 2
1726 2
10358 2
10363 0
10366 2
2176 2
10369 2
10372 1
2185 2
18570 2
10380 1
18574 2
2191 1
10384 0
10386 1
18579 2
2196 0
18581 2
2199 2
18584 1
2201 2
10401 2
2210 2
2211 0
10405 2
10407 2
18600 2
10410 2
18604 2
10413 0
2225 1
10422 2
18615 1
10426 1
10427 1
2236 2
10433 2
2242 1
18628 2
18629 2
2246 3
18632 2
2251 2
18636 2
2254 2
2258 2
18644 2
2261 1
18647 2
2264 2
2266 0
18079 2
10464 1
2273 1
10467 2
2278 2
18664 0
10475 1
2284 2
10477 2
10479 2
2288 2
18673 0
18675 0
18677 0
10486 2
10488 2
10489 0
18683 1
18686 1
2303 0
10498 2
10502 2
10505 2
10507 2
18700 2
10509 0
10510 0
10511 0
18704 1
18707 1
2324 2
10517 1
10518 2
10519 0
10521 2
18714 1
10523 2
2333 2
18139 1
18724 0
18725 1
10535 2
10537 2
10542 2
13990 0
2352 3
2353 1
1758 3
18743 0
2362 2
2364 2
2368 1
2371 2
18760 3
2377 0
2378 1
10572 3
10573 1
10575 1
2385 2
18771 2
2388 2
10581 0
18774 3
10583 2
2393 3
12911 1
401 2
18795 0
2412 0
10607 1
18801 2
10612 2
18806 2
18809 2
2427 2
10620 0
18813 1
18814 2
18815 2
1771 1
18821 2
10630 2
1772 0
10634 1
2443 0
18831 2
10641 1
2450 2
2451 2
2452 2
18837 2
18838 0
18839 2
10648 2
2458 0
10652 1
10653 1
10658 2
10660 2
18853 2
2472 2
8604 2
2475 1
2478 3
10672 2
18620 2
2483 1
10676 0
10678 2
2487 2
10680 1
8539 1
10683 3
2496 1
2500 2
18166 0
10697 0
10699 1
2510 0
10707 2
10711 2
10712 2
10714 1
2525 1
10727 2
2536 0
16807 1
2540 1
10734 1
2544 0
2546 2
10739 3
10740 1
9982 1
2551 0
2556 1
2558 1
3157 0
1792 0
10755 0
2566 3
16812 2
2576 0
10769 0
10771 1
2580 2
10773 1
10774 1
10778 0
10780 0
2591 0
10784 0
2594 2
10789 2
2600 2
2606 3
7179 3
14817 2
2615 2
10809 1
2619 2
2623 0
2624 2
2626 0
2627 2
8630 2
10822 1
2631 1
10825 0
2634 2
10831 2
2640 2
12728 2
2642 0
10838 1
4537 2
2654 2
2657 0
8635 2
10852 2
10854 0
10855 1
10858 1
9636 2
1810 3
10865 1
10868 0
10869 1
11369 2
10873 0
2686 1
10881 2
15638 2
10884 0
16833 2
10895 1
10898 0
2707 0
10900 1
8644 2
2818 0
2715 2
2718 2
10913 3
2722 1
10915 2
2724 1
2729 1
10924 1
2738 3
2739 2
2740 0
10933 0
2744 0
2750 1
2751 0
2754 2
2756 2
3191 2
17550 2
2771 0
10974 3
2783 3
8656 0
2791 2
2794 3
2797 3
2801 2
2803 2
2807 3
18218 2
4565 1
11010 3
2819 0
11014 3
11015 2
2826 2
11025 0
2835 2
1839 2
11036 2
11038 2
2847 1
17280 1
2851 1
11045 2
2854 1
1841 2
11053 2
2862 2
11055 2
6642 3
11058 2
11065 2
2874 0
2880 2
2882 2
2883 0
2884 0
11077 1
11078 2
481 1
2894 3
1848 3
12771 1
2900 1
11095 2
11097 1
11099 2
2909 1
11107 1
11109 2
11113 3
2923 1
11118 0
2928 1
11124 2
11126 1
11128 2
11129 2
11132 2
11138 2
8827 2
3222 1
11145 2
11149 0
11155 0
18244 0
8687 2
2973 2
2979 2
11173 1
11175 1
2984 2
2985 2
2988 0
11181 1
2992 2
2995 2
3000 2
3001 2
11194 2
1866 2
3011 2
3012 2
11207 3
3016 1
11214 2
11220 1
3031 1
11225 0
11226 2
3035 3
3038 1
3039 1
3040 2
3041 1
3042 2
3044 2
11238 2
11239 2
11245 3
11433 2
3064 1
11262 2
14014 0
3074 1
11267 2
3076 2
3079 2
3080 2
11273 3
3082 2
5975 3
11278 1
11288 0
11293 2
3104 0
3105 1
11299 1
3110 2
11305 2
3114 3
11307 2
11310 1
10077 1
8560 1
3124 2
3125 0
11320 0
3132 1
11327 2
11329 2
11334 2
11335 2
11336 2
3145 3
4742 1
16909 1
18275 1
11349 0
11355 3
3168 3
3169 3
18324 2
11368 0
3177 3
11371 2
11379 3
11382 2
11383 1
3192 1
3194 2
11393 2
17019 1
11397 2
11398 2
3265 0
10092 1
3213 0
3215 2
12824 3
1902 1
11414 1
11421 2
11425 2
11428 3
3237 1
11430 0
3241 1
7367 2
11438 2
10201 1
3252 3
542 2
11451 1
3260 0
3261 1
3262 1
3263 2
11457 2
11458 2
3267 0
3268 2
11461 1
3270 1
8737 2
11465 3
9929 2
3275 1
3277 0
12657 2
547 1
9569 2
3287 2
2732 0
11484 1
11487 0
3296 0
9657 0
551 1
11504 3
11507 0
3317 2
11512 2
11513 3
3323 2
3324 2
11518 2
12843 1
3332 1
11525 1
3344 1
3347 0
3348 2
11543 2
3352 1
3353 1
11547 2
11553 2
11554 1
11557 2
11558 3
11559 2
7388 2
11562 1
11565 1
11568 2
3380 1
7390 0
3382 0
4660 2
3387 1
3389 2
11584 3
3395 1
11588 1
3400 0
11593 3
11599 1
3412 2
3414 0
11608 2
3419 2
3420 2
11613 1
3422 1
11615 1
3424 3
11620 1
3434 1
9389 0
3443 0
17027 2
3445 1
5843 2
11639 1
11640 2
11641 2
13754 2
11649 2
11654 0
577 1
12866 2
11662 2
3472 2
11666 2
3479 2
11672 2
11674 0
11675 3
3485 1
5100 2
3489 3
3490 2
11683 0
11684 2
3495 2
583 1
3500 2
3501 1
3509 2
8573 1
11707 2
3520 2
3521 2
1481 0
11716 1
3527 2
8780 1
18121 1
3118 0
11724 2
11732 0
11738 1
3548 3
11741 1
11742 0
14245 1
17849 2
11751 1
3564 3
11758 2
3568 0
11766 0
11773 2
3583 2
3589 1
1964 2
11786 1
1715 0
11788 2
11789 2
11792 2
11793 1
11795 3
8793 1
11800 2
3611 3
3619 2
3621 2
11815 1
3629 1
3630 2
3633 1
3634 3
1971 2
8798 0
11831 1
11833 1
3644 1
11838 2
11841 2
3650 2
11843 2
3655 1
1975 1
3660 3
3661 2
11854 0
11856 3
11857 0
3666 0
4707 2
3668 0
3671 2
11864 2
3674 2
11867 1
11873 1
11874 1
3685 2
11878 1
11880 1
11884 2
11885 0
3694 1
11887 2
3699 1
3703 2
3704 1
4215 0
3709 2
11902 2
3713 2
3715 1
3717 2
11913 1
2306 1
3727 2
3730 2
11923 3
11925 3
3734 2
3738 1
11931 1
3740 0
3747 1
3752 3
6087 3
1992 2
11957 0
3766 3
3769 2
8822 2
3782 2
3784 2
3785 3
3790 2
3792 0
10609 0
11997 0
11998 2
11999 2
3808 2
3809 0
3811 2
12006 0
12011 3
12013 2
18387 2
638 0
3832 1
12037 2
3850 1
8835 1
12055 2
12060 2
3869 0
12933 0
2011 1
3876 2
12069 1
3879 2
3880 0
12073 1
3885 2
3887 2
12081 3
12083 2
12084 1
3897 0
12094 2
12097 1
12100 2
12110 2
12113 2
14307 2
3924 3
12120 0
2020 3
12122 3
3932 3
3935 0
3936 1
12944 2
12131 3
12133 0
12136 2
12137 2
12139 2
658 0
3950 0
12145 1
12154 0
3963 2
12157 3
3967 3
12160 0
3973 1
3974 3
3979 1
3983 2
3985 2
12184 2
17050 1
12190 0
14320 2
12197 3
4006 2
4009 3
12202 2
12206 1
4017 2
12210 2
4019 1
4766 1
4024 1
8863 3
4029 2
4030 1
12223 1
4768 2
12230 1
4042 2
4043 2
675 0
4053 1
4057 2
4058 2
3407 0
12252 2
4061 0
4063 2
12257 0
18427 3
12260 1
12262 2
18428 2
4074 1
12270 2
4079 0
4081 1
15699 1
12277 0
12279 2
4090 1
2047 2
4092 0
12285 0
4098 1
8875 2
12295 2
4781 1
12307 1
12309 0
18436 2
12314 2
4124 2
12318 0
12319 2
15707 1
12324 2
683 3
4138 3
18439 2
4143 0
12338 3
4148 1
11614 1
4152 2
15711 2
4173 2
10253 2
4176 3
12370 2
12372 0
18446 2
12376 2
12380 0
15717 0
4195 1
4196 3
4198 0
4200 3
4201 2
12395 3
4205 2
4212 0
12405 2
15721 2
18452 2
12410 2
4220 2
4221 2
4226 0
4228 1
12424 2
12425 1
12426 0
12427 2
9771 1
12431 3
12434 2
4245 2
2073 2
4249 1
6961 1
4256 2
4262 2
4263 2
12459 1
4270 0
12464 0
712 2
12466 1
12470 2
8905 2
12478 0
4287 0
12480 2
12481 0
4291 0
6177 1
4302 1
12496 1
4307 2
4310 0
4314 1
12509 2
4319 0
12514 0
4323 2
4325 2
4331 1
4335 2
18472 0
4338 1
12532 2
12533 2
4342 2
12536 1
4352 3
12545 3
4354 2
18475 0
12549 2
4359 2
12552 2
4363 2
4370 1
4371 2
4374 2
12567 1
7556 0
4378 0
12573 0
4383 2
4385 1
4389 2
12584 2
12591 1
12592 2
12595 2
8200 0
12599 2
4409 1
4411 3
2329 2
12611 2
4422 2
12615 2
12617 2
12620 3
12621 1
12626 2
10786 2
4436 2
7566 2
4438 3
12632 1
12633 1
12638 2
10299 2
12647 1
12648 2
12649 1
12652 2
12654 0
4523 2
744 2
12662 1
4471 1
12664 1
12665 1
12667 0
17131 1
8333 2
4497 0
12692 2
12695 3
2116 2
17135 2
4512 0
4516 0
4517 1
4518 1
12714 1
12715 2
12717 1
12718 1
12720 1
4529 2
12723 0
4532 1
12727 1
4536 0
12729 0
12730 1
12732 1
4541 0
4542 1
12737 1
12738 0
12739 2
12741 1
4550 0
4553 2
17064 3
8335 0
12750 2
4561 3
12757 2
4566 2
17145 1
12763 2
4572 0
12765 2
4574 3
12767 3
8955 1
4582 2
4584 0
12780 1
4590 0
12786 0
14419 3
12788 2
12790 0
4601 1
17151 2
4605 2
4609 1
4611 2
12804 1
12805 1
4617 2
4621 2
4622 2
12815 3
6232 2
4626 2
4631 0
4632 2
4633 2
12828 0
4637 1
12832 1
12836 3
4645 0
4650 2
8967 1
12844 3
4653 0
12847 2
4656 1
4657 1
4658 2
12852 2
4661 0
4662 0
12856 2
12861 2
12862 2
12865 2
4674 1
12867 1
12870 1
12873 1
4683 0
4684 0
4688 1
4705 1
7611 1
4709 1
12904 2
12905 3
4716 3
786 0
4719 0
4721 2
4726 1
12919 1
4729 2
15807 2
4733 2
12928 1
12931 0
4741 1
12934 0
4744 1
12937 0
4748 1
4752 1
12946 1
4755 1
12953 2
12954 0
4765 1
12958 0
12960 2
12961 2
12963 1
4776 2
4777 1
12972 2
12973 3
12975 1
5342 0
12977 2
12981 1
12986 2
4803 3
4805 1
12998 1
4807 1
4811 3
13004 2
4813 1
803 2
4826 1
6266 2
13023 2
4832 2
8617 0
4836 0
13030 2
4839 0
10254 2
4843 2
13037 1
4848 1
13041 2
13043 2
4852 0
13045 1
4854 0
4856 1
4860 2
13053 0
13055 1
4866 0
13060 0
4872 2
4875 0
4881 1
13075 2
4884 0
13077 2
4887 1
13080 1
8619 3
4897 2
4898 2
13091 2
13092 1
4901 0
4903 3
13096 2
13100 1
4913 3
13107 0
13110 1
13114 2
18713 1
4929 0
4932 0
4934 1
4937 2
13131 2
13135 2
13136 2
4948 2
10382 2
13142 1
4952 2
13146 0
13150 3
4961 1
13154 2
17211 1
13160 1
4979 1
4980 1
4981 2
13176 0
4986 2
13181 1
4990 2
9024 2
4997 2
13190 3
5001 2
10391 1
13207 1
13209 2
5021 2
13214 1
16291 2
5030 2
5035 2
13229 2
5039 0
2350 2
5044 2
13240 2
5054 1
5057 3
13250 2
4939 0
7670 3
18593 2
13257 2
13259 2
13260 3
18594 2
5071 3
5072 3
13266 1
13267 2
5079 3
5081 0
9039 1
13277 2
13281 0
5090 3
13283 2
13287 2
13292 0
13295 1
13298 1
13301 2
13303 2
5113 2
13307 1
5116 3
13311 2
5121 2
5122 2
13317 0
10412 2
13322 2
14509 2
13329 2
13330 0
13332 2
17241 1
13337 2
13340 2
5150 0
5151 0
17243 1
17244 0
9527 1
13360 2
5171 1
13366 0
5176 1
13371 3
13372 1
13376 3
5186 0
18614 2
17249 0
5193 2
5195 2
5196 2
5197 3
5201 1
13394 0
13395 2
5206 1
13399 2
13401 2
5211 2
5212 1
13405 2
5214 2
5217 0
5219 1
17254 1
3601 3
5225 3
13420 3
5229 2
13428 3
13431 2
5240 0
5244 0
5246 0
5247 2
13443 1
5255 0
13449 2
3607 0
18626 3
13455 3
5265 2
9070 2
1812 3
13473 3
13474 0
5284 0
13482 3
13485 2
5294 2
5295 1
5297 0
5298 1
13494 3
13496 2
5306 1
13503 2
5318 0
5320 0
5321 3
13514 2
5323 2
13518 2
13520 2
5336 1
5338 0
5339 1
5340 2
13534 1
5345 2
5348 3
13542 0
13544 2
13545 3
15911 3
13551 2
5361 2
5363 3
13556 0
13559 2
5368 0
5369 2
5373 1
5374 1
5376 2
5377 2
5379 1
13572 2
13573 2
13576 1
13578 2
5387 2
13587 2
13588 2
5399 3
17365 0
13600 1
13602 2
13603 0
13604 0
13605 2
13607 2
13610 1
903 0
5422 2
13615 1
13626 3
6182 0
5436 3
5437 2
5441 2
5444 2
13638 2
13640 1
16821 1
13645 3
5461 2
8638 1
5464 2
13660 3
13661 0
14565 1
13664 0
5476 0
10470 2
13670 2
11836 0
5483 1
13676 0
14640 0
13680 0
5490 1
13685 1
5495 3
13691 2
5501 1
13695 2
13696 2
13697 2
2283 2
13705 0
11842 0
13710 2
13711 2
3651 0
5524 2
13718 2
5531 3
13727 1
5539 1
13732 2
13734 1
5545 1
7751 2
13742 2
17309 0
13744 1
18734 2
7020 2
5562 1
5567 2
5572 3
5579 2
5581 2
5583 2
5587 1
5588 3
13781 1
13782 2
2297 2
5593 0
5595 0
13788 3
13789 3
5601 1
5606 0
5612 2
13808 2
5619 1
14590 1
13815 0
1551 2
13817 1
5626 3
5630 2
5631 0
5632 1
8439 2
5637 1
13830 0
5641 0
13834 2
5645 0
5658 3
13852 2
1947 1
5666 0
5670 1
13864 2
13865 2
13867 2
13872 1
5682 3
17331 1
5687 2
2099 2
5699 0
13898 3
13901 2
9144 3
13910 3
5720 2
13914 3
11877 2
13920 2
14608 2
13925 0
13926 3
5736 2
14610 0
5743 1
3688 1
14611 1
5758 2
5761 1
13954 1
5763 2
18710 2
5769 0
13964 3
13966 3
5776 2
13969 2
5780 1
15741 1
13976 3
5787 0
5791 1
13985 0
18715 3
5798 2
5800 1
5803 1
13997 0
14000 2
5810 0
5811 2
5814 2
5818 2
4831 1
5823 2
14017 3
5831 0
5836 1
14035 3
14036 1
5845 0
2340 3
14042 2
5860 2
18727 3
14062 3
14064 0
14065 0
14067 0
3710 0
5879 2
14074 3
5886 2
9173 2
5888 2
14084 1
5893 1
14086 1
5903 2
14096 1
5907 2
5909 3
14103 1
5913 1
14107 0
14109 3
14111 3
14113 3
5925 2
5930 2
5933 2
14126 2
14128 2
14132 3
14133 2
5943 0
14136 2
14137 2
14138 1
5947 0
14142 3
10291 1
14147 2
6859 1
5961 2
14156 1
13282 2
5967 3
5972 3
14166 2
18748 2
5976 3
14171 0
5982 2
14177 2
14180 1
5989 2
10556 0
14186 2
5999 2
14198 3
14202 3
6015 0
6018 1
14211 0
14212 2
6022 2
6024 2
6025 2
14219 0
14220 1
14222 0
16024 1
14233 0
14234 0
6044 3
14238 1
14240 1
6053 1
14246 2
6056 2
6057 2
14250 2
14254 2
6063 3
14258 2
6067 2
6068 2
14263 2
6073 2
14267 1
14268 2
14269 0
14272 0
14274 2
16033 3
14287 1
7843 1
14302 2
14304 0
6114 3
6115 3
6117 0
6119 1
14312 2
6128 2
14322 2
14323 2
6140 2
6143 3
14336 1
6146 3
14341 1
6150 0
17409 1
6152 3
6154 2
14349 1
6158 2
6159 2
14352 2
6164 2
14357 2
14358 0
14360 1
17412 3
14364 1
6173 0
6174 2
14367 1
6176 1
14369 2
6180 3
14374 0
14375 0
6185 2
14383 0
14385 1
14386 2
6196 2
14392 2
6201 2
6203 2
6204 2
5130 1
6206 2
14407 1
14408 2
14409 2
14411 2
14412 2
14413 2
14415 1
6226 0
6227 2
14422 3
6231 2
14424 1
16058 0
14432 3
14433 2
14439 2
6248 2
6250 2
6251 2
14444 2
6253 2
6255 2
14449 2
6259 0
14453 0
14458 2
6267 2
6270 2
14463 1
14464 3
14465 1
6282 2
6286 3
9240 0
6295 3
14496 0
14498 2
14502 1
14503 2
6317 2
14511 0
6323 3
6324 1
14521 3
6330 2
6331 2
6332 2
6335 0
10244 3
6340 2
14533 2
6346 2
6349 2
14546 0
6355 3
6356 1
6357 2
6359 2
6360 3
6363 2
6367 2
8062 3
6373 1
6374 1
6378 1
14571 2
6380 0
16082 2
6383 1
6384 0
6386 1
6387 2
14580 3
6392 0
6393 2
14586 2
6398 3
14591 2
6401 0
6409 1
6411 1
14604 2
6416 3
6418 0
6419 2
14616 0
6426 1
6429 1
14625 2
14628 0
18723 1
6445 1
6446 2
6448 1
11445 1
6454 0
6455 1
14651 2
7408 2
14666 2
14671 0
16779 2
6490 0
1082 2
5179 0
6504 2
6505 0
6506 2
6507 2
5945 2
6520 0
6522 2
6523 2
6527 1
6534 0
14730 1
14731 2
17474 2
14734 0
16109 2
14736 2
14737 2
14740 3
14743 2
14750 2
14751 2
14755 1
9493 1
14761 1
6576 2
6577 1
1844 2
6583 2
14777 2
6587 1
6589 1
14782 2
6592 3
14789 2
6600 0
14793 1
6603 1
14800 2
14805 2
6616 1
14809 2
14811 2
6624 2
9296 3
14822 0
6631 2
6632 2
14828 0
14829 2
14830 2
14832 0
14834 1
16127 3
6653 1
6657 1
14850 2
6662 2
14858 2
14859 1
14860 2
14865 0
14867 0
6676 0
14869 1
6678 3
6679 2
14874 2
6683 2
14876 2
14878 2
6687 2
18157 2
6690 1
1115 1
6692 2
14886 1
6697 2
6701 1
14894 2
6703 1
6704 1
14899 1
6708 1
6709 0
6710 1
6712 2
6713 0
14908 1
14909 1
6718 2
18500 2
14913 2
6722 2
6723 1
6724 2
6725 0
6730 1
6737 1
6740 1
14934 2
6744 1
1124 2
6747 2
14940 0
14942 3
14945 1
14947 1
14949 0
14950 2
14953 3
10318 1
14960 2
6770 2
14963 3
1862 3
14972 2
6782 1
6784 3
6787 0
6788 1
6791 2
6795 2
14989 0
6801 1
14996 2
6806 0
15000 0
6809 0
6810 1
1135 2
15004 2
6815 0
15009 2
6819 3
6823 0
16594 2
15021 2
6833 1
6839 3
6846 3
15039 2
6849 0
6850 1
6883 3
6855 1
6856 1
15050 2
15051 2
6860 1
15053 2
15055 2
8412 1
10702 2
6871 0
15064 0
15068 2
15069 2
15070 2
15071 0
15072 0
6881 2
15074 0
15075 2
9593 2
15078 2
6892 2
15085 2
6898 1
6899 1
6901 0
15094 2
7977 1
15098 2
6907 2
6910 2
8959 0
6912 2
15105 1
6914 2
15107 1
15109 1
6920 2
6922 1
15117 2
6926 3
6927 2
6928 1
15123 1
15124 3
6617 2
12079 3
6941 0
6942 1
15135 2
15137 3
6946 2
6619 2
15143 2
15144 0
15145 0
1159 2
15148 2
6957 1
6958 2
9352 1
6962 2
6965 2
15160 1
6971 1
15167 2
17963 1
6978 0
6980 1
15175 1
9356 3
6986 2
15189 0
6998 2
15191 2
7005 2
7006 2
7008 2
7009 2
15207 3
15208 2
7018 1
483 2
15214 1
7023 1
7024 2
7029 0
15228 0
7038 0
7039 1
15235 1
7044 3
15240 0
15241 2
7050 1
15245 2
15246 0
2417 1
15250 3
7059 2
7060 0
15254 3
7064 2
15259 0
15261 2
15264 2
6640 0
15266 1
7055 1
7080 0
7085 0
7087 1
18111 1
7089 2
15284 1
16201 1
7097 2
15290 2
17567 3
7103 2
15304 2
7116 1
7120 2
1187 2
7124 0
7125 0
7129 2
15329 2
7138 0
7139 0
15333 2
7142 1
7154 1
7155 2
15349 1
7164 2
15358 2
15365 1
7174 1
14849 2
15368 3
15371 2
15373 3
15374 0
15375 1
375 0
7185 2
7186 3
7188 2
7189 2
15383 2
15384 0
7194 2
7203 2
7209 2
7210 3
7214 2
15409 2
7219 3
15413 2
15417 2
7228 1
7229 0
7230 2
8697 0
15428 2
7239 1
7240 3
15433 1
7256 2
7260 2
13498 2
7264 2
15461 0
15462 3
7274 1
15471 1
15473 0
7283 0
8426 2
15482 1
7292 0
15485 3
15490 1
3947 0
15494 3
15496 0
7308 0
12141 1
15505 0
15509 1
15513 0
15515 0
6682 3
14015 0
15520 0
16240 1
15522 1
15525 2
7336 0
7337 0
9415 1
15532 3
15533 2
15539 0
7349 2
13513 0
9418 1
15553 0
7362 1
7363 0
15557 1
15559 3
15561 1
15565 1
7374 3
17613 0
17158 1
14884 2
15580 2
15582 0
7395 1
15589 2
15594 3
7403 1
3965 2
15600 2
7410 2
15603 1
7413 1
15606 2
9428 2
15610 0
15614 0
15616 0
15617 2
15619 0
15628 3
7960 0
7440 2
6702 1
7446 2
7447 2
15640 0
15641 0
7450 2
7451 2
7452 2
15645 3
16261 1
7460 2
7461 1
15654 2
15657 2
15658 2
7472 3
15667 2
15669 1
7481 1
15676 0
7487 1
7488 2
7489 2
7491 2
15691 0
7505 2
7506 2
1251 1
15704 0
12175 2
7516 2
7519 3
15713 2
7522 2
7525 3
7529 2
17639 1
9448 0
15602 2
15736 1
15739 0
15740 1
9450 3
15744 2
15745 2
15746 0
15748 2
15752 1
7561 2
8968 0
15758 2
7567 2
15760 0
15761 2
15765 2
7576 2
15775 0
15777 2
15780 0
15781 1
7592 2
7593 2
15788 1
15792 2
9459 2
7608 0
15801 0
15803 0
7612 1
7615 2
15810 0
15812 2
15813 0
7622 0
4001 1
7624 3
16348 2
13560 0
15827 3
17985 2
9465 1
16292 0
15834 1
7643 0
7649 2
15842 0
15843 0
7655 3
15850 2
15852 2
10834 0
15854 1
13565 2
7665 0
13076 3
14932 2
4010 2
15871 1
7680 1
7683 2
15877 0
15878 2
7695 2
7699 2
7705 0
15898 2
7709 3
9477 2
15904 2
15906 2
15910 1
7719 1
7724 3
7726 0
15921 2
7733 3
15926 0
7739 0
18534 2
7743 2
7746 2
7747 2
10849 0
7760 3
1470 2
7766 1
15960 0
15961 1
15962 0
15963 2
7772 1
15966 2
7778 0
4027 0
7781 2
15977 0
15978 3
2663 1
7789 2
7790 1
15984 0
16628 0
7796 3
15999 1
16000 2
4033 2
7817 1
7819 3
16014 2
15378 0
7831 1
7832 3
16026 2
16027 1
16032 1
7841 3
16035 3
16037 1
7855 3
16049 1
16050 3
7865 2
7866 2
9503 2
16060 2
7870 3
16063 1
16064 2
16066 1
16067 2
16073 1
16079 2
7890 2
7898 0
16091 2
7910 3
7912 0
16108 2
7917 2
16110 2
16113 2
16116 1
16117 2
16118 1
16123 1
7935 2
16134 0
16136 1
7945 2
2235 2
16143 2
16144 0
16145 0
16150 2
16152 1
16156 2
16161 2
7970 1
16163 3
16169 2
13093 1
16176 0
7986 2
16183 2
16191 1
16196 1
16198 0
8009 2
16203 0
8017 3
8018 3
12259 2
16213 0
8024 0
16217 2
8029 3
8032 3
8033 3
16226 0
8035 3
16228 3
16230 0
16231 1
9532 3
16234 2
8044 1
16238 3
8048 3
16241 0
8054 2
16250 2
8059 3
8170 2
16254 2
16255 0
8064 1
12165 1
8069 2
16263 2
16265 1
16266 2
8075 2
8076 2
8078 0
10089 2
16276 1
16277 2
16279 0
16281 1
16285 0
16288 1
8097 1
16290 0
10907 1
8100 3
16297 0
8116 2
16309 1
8118 0
1353 0
16312 2
16318 0
8129 2
16325 0
2453 0
9548 0
8140 1
16334 1
16336 3
16337 2
8146 2
8148 0
8149 2
8150 0
16344 2
16347 2
8156 1
16351 3
16359 1
8169 2
16362 2
8172 1
545 2
16376 2
16379 2
8190 2
