8192 2
8193 0
16386 2
16387 2
8196 1
8198 2
16393 2
8202 0
8194 1
10925 1
18058 0
6383 1
8212 0
16405 2
16406 0
12657 2
16409 0
8219 2
16414 2
16415 2
8224 1
13659 1
8228 2
4801 1
8232 0
8233 1
16428 0
16429 2
16430 2
16433 2
16434 2
16436 1
8201 2
16441 2
16443 2
16445 2
16446 0
66 1
16452 1
16454 3
71 1
16456 2
16457 2
74 0
75 2
16460 2
16462 0
16464 1
82 3
8276 1
87 3
91 1
16476 2
16478 1
95 0
16484 1
8294 2
16488 2
8297 2
1383 2
16494 0
8303 2
8304 0
117 0
120 3
16404 3
122 3
15039 2
16509 1
127 1
8322 2
16515 2
16517 1
16518 2
16519 0
16520 2
8329 0
8330 2
8331 2
16524 1
16527 2
144 2
148 1
151 1
8345 3
16538 0
16539 0
16540 2
157 0
16543 2
161 0
162 2
8355 0
8356 3
16549 2
166 1
170 0
2759 2
10479 2
8365 1
177 1
178 0
180 3
8374 2
185 2
18828 1
187 1
16572 3
190 3
193 1
6859 1
197 2
16583 2
200 0
201 1
202 2
16589 3
209 2
16597 0
214 0
8407 2
16600 1
6863 0
8412 1
224 2
8418 2
16612 1
16614 0
232 1
233 2
8426 2
235 3
16620 3
8430 2
9597 2
240 1
16626 2
16627 0
16628 0
246 0
8439 2
8440 1
15060 3
8443 3
16636 2
16638 0
8447 0
16640 1
16643 2
261 2
16646 1
263 2
8456 0
8462 0
45 1
16658 0
8468 0
279 0
16666 1
283 3
284 1
8477 0
287 2
16672 0
8481 0
1693 2
6875 1
16677 2
8486 2
8241 2
8488 2
297 2
8490 0
8491 3
8494 0
8496 2
8497 1
16691 2
6878 0
16694 1
316 0
8510 2
319 2
16704 3
16705 1
13707 2
324 1
8517 1
16713 0
16716 0
8525 2
16719 2
8530 3
15075 2
13041 2
16725 1
342 2
8535 2
16728 1
16730 0
8539 1
8541 2
16734 1
8543 3
16736 0
8549 0
16742 1
359 3
16745 0
366 2
8559 3
8561 0
16755 2
8564 2
16760 0
381 0
16767 3
16768 2
387 0
15084 3
8587 1
396 1
2797 3
8592 2
8593 0
8594 1
8599 0
16792 0
68 2
410 2
9659 1
8605 1
16800 3
8609 2
16803 1
420 1
8262 2
16806 1
16807 1
16808 1
8617 0
427 2
429 3
16814 2
8625 2
435 1
438 0
16824 0
16825 1
444 2
16830 1
447 0
16833 2
16836 1
17473 0
455 1
16841 2
458 3
459 0
461 2
8654 0
8655 2
8658 0
17827 1
16852 1
469 1
8665 2
475 1
16860 0
477 2
8671 3
8672 0
16865 0
6907 2
16869 0
8679 2
16874 0
8684 1
16878 0
8687 2
16884 1
8693 2
16886 2
5545 1
504 3
16889 2
508 0
8704 0
8746 2
8709 1
16902 2
16471 2
524 2
16909 1
8718 2
8719 3
530 2
8723 1
532 3
533 0
11012 2
538 0
8732 1
16926 2
16928 2
545 2
8738 0
8739 3
548 1
549 2
14327 2
16935 2
553 1
554 2
5187 0
1458 2
558 1
2824 2
16946 2
565 1
8759 1
16953 1
8762 1
16956 1
573 1
574 0
575 1
16961 3
8771 3
8772 0
581 1
8775 0
584 2
8777 0
586 3
9655 0
588 1
591 1
8785 0
8787 2
16980 2
16982 0
1465 2
601 1
603 1
8796 0
2475 1
8798 0
609 2
8802 1
611 1
8805 2
8806 0
17000 1
617 0
17002 1
8811 1
8812 2
8814 2
18297 0
6931 2
630 0
12393 1
632 0
17018 0
8827 2
636 2
17021 0
638 0
17023 1
17024 2
641 0
8835 1
17028 0
8837 0
17030 1
8406 1
651 0
652 2
653 2
9569 2
8848 0
657 3
17042 2
17046 1
663 2
664 0
17049 1
17050 1
111 3
1386 3
8862 2
1477 1
8864 2
8937 0
17059 0
17060 3
17061 2
4387 3
17066 2
8875 2
17068 3
6442 1
688 0
5576 1
6942 1
8888 3
17085 0
702 1
17089 0
8898 1
8900 2
709 1
5975 3
712 2
8905 2
8906 2
17099 2
17100 0
15138 0
8910 2
17104 0
8914 2
8917 1
17110 0
8921 2
730 2
17115 2
732 1
10390 0
17119 0
17120 2
8929 2
12411 2
742 0
8935 2
744 2
745 1
8938 2
17131 1
17133 0
750 2
751 3
17136 0
759 3
8953 1
762 1
8955 1
766 1
17151 2
8963 2
5590 3
17158 1
17159 3
17160 0
17161 2
780 2
17170 3
787 2
17172 1
17173 1
790 2
791 1
794 2
8990 2
133 2
17184 1
801 2
802 1
8995 2
8996 2
134 0
9000 1
17193 2
17195 0
814 2
17205 1
17206 1
9015 0
825 2
9019 1
16522 1
9022 3
9024 2
139 3
17220 1
17889 0
17226 0
844 2
845 1
17231 0
852 2
853 0
860 3
861 2
9054 0
17248 1
16528 1
17251 1
17252 2
871 0
874 3
17260 2
17262 0
10535 2
17265 2
882 0
883 1
884 1
9078 0
17271 2
888 2
889 0
9082 2
17275 0
892 2
10426 1
9088 3
17281 0
17282 3
17283 0
900 1
9093 1
903 0
904 1
907 1
9100 2
606 0
910 1
9103 2
17297 0
914 1
17299 0
9109 3
9111 2
9112 2
9113 0
17308 2
9117 2
17310 1
17311 2
17313 2
8347 3
9124 1
17321 2
938 1
17329 3
9138 0
9142 0
9143 1
952 1
953 2
17340 0
17342 2
960 2
961 1
11463 1
963 0
17351 1
10125 1
9162 1
13815 0
9164 0
975 0
17362 2
17364 2
17368 1
164 0
17376 0
11217 2
16550 1
13820 1
17388 2
17391 0
9308 1
9201 0
1010 1
17395 2
17396 2
17399 2
1017 1
17219 1
9211 2
9213 3
9216 0
9218 2
8363 1
1028 1
9221 1
9223 1
1037 3
173 2
9234 2
12462 2
9238 0
17431 3
17432 2
17433 1
17435 3
1052 0
9245 2
9252 2
1672 3
1067 2
9262 2
17455 0
9265 1
9266 3
9270 2
17463 1
1080 1
8372 3
9274 2
17468 1
9277 0
9278 1
17472 0
1089 3
17475 0
17476 0
17477 1
9286 0
17480 2
9290 3
1549 0
9296 3
12472 1
17493 0
9304 2
17499 2
17500 2
9310 0
17503 2
9312 2
17505 0
9316 0
17509 2
9319 2
17512 1
17513 2
17514 2
9325 0
9326 0
1135 2
17521 2
1138 2
9333 3
9336 2
1147 2
17532 2
9341 2
1150 2
1151 1
17538 1
17541 1
9351 3
17544 2
9355 3
17548 1
17551 2
17553 2
195 2
17556 2
17557 3
17558 1
1175 2
17560 1
6313 0
1180 1
1181 3
2928 1
17570 2
1187 2
17573 1
17574 1
1191 3
17576 1
17577 1
17578 2
8391 2
9388 2
17581 1
17582 0
1200 0
8392 2
1202 1
9397 2
1208 0
17593 2
17594 1
1211 3
8394 3
13946 0
9415 1
17610 2
17612 2
17613 0
3253 1
17616 0
9427 2
17620 0
17624 1
1241 2
1242 3
17628 2
1245 0
17632 1
1249 0
1250 0
1251 1
1252 1
1253 0
17638 0
17639 1
17640 1
1257 0
17642 1
17643 0
9455 1
17649 1
17650 1
9460 2
9461 2
9462 2
9465 1
1274 0
17660 2
9470 2
17663 1
17664 0
9473 1
17666 2
9476 2
16598 2
17670 0
9479 2
17672 0
9482 0
18592 0
1292 2
11138 2
1294 2
9773 2
1296 3
1297 0
17682 0
7043 2
9492 2
9494 1
17687 1
1304 2
17689 2
17691 2
17692 3
17694 0
17695 2
1312 0
17697 0
9507 0
14957 1
1323 0
1324 2
17713 0
1330 0
1331 1
17719 1
17721 2
1338 1
12511 0
9532 3
17726 2
1343 2
17729 1
7137 0
9543 2
9865 3
1353 0
1354 1
1355 1
9548 0
12514 0
17743 2
17744 1
9555 1
9556 2
1366 0
9560 3
17755 0
17757 1
1375 2
1377 2
17762 2
17767 1
1385 3
9578 1
9585 0
9587 1
9588 2
17782 2
9591 0
9592 1
17785 0
17786 2
9595 2
9596 0
17789 1
1407 2
1408 0
17793 1
17794 1
9604 2
17797 3
9606 1
1415 2
17800 2
17802 1
11159 3
17810 1
17811 1
17814 2
9623 2
9624 1
9625 0
1436 1
1438 1
1441 1
9635 2
17828 3
9637 1
1446 2
9639 2
17832 3
1322 2
1456 0
17841 1
17842 2
8435 3
1460 3
1463 1
1464 2
17849 2
17851 1
17852 2
9662 2
3595 0
9665 2
9667 3
16618 2
9669 2
9670 0
1479 3
1482 1
9675 1
9676 2
1486 0
1613 2
17872 0
1493 0
9690 2
9691 3
1500 3
9694 0
17887 2
9697 3
251 1
9702 2
17895 0
17896 1
9708 2
9712 2
11176 1
2985 2
1538 2
17924 0
9734 0
1543 1
9736 1
1546 0
5719 1
9740 2
12546 0
7085 0
5720 2
1554 2
14413 2
17944 1
1562 0
17947 1
17948 2
17949 2
17951 2
17958 2
1575 1
9768 2
9770 1
16647 0
17964 0
1581 1
1583 2
17968 0
11187 0
9781 1
1591 1
9784 2
17979 2
1596 2
17981 1
17982 2
17985 2
17986 0
9795 0
17989 1
1610 1
17997 3
1614 1
1615 2
9810 2
9811 0
9812 0
7097 2
9817 2
338 1
1630 1
1634 2
9829 2
1638 0
1639 2
1640 2
18027 2
18028 1
9838 1
9839 0
18032 0
9843 0
1652 2
18037 1
11239 2
1658 3
18044 0
1661 1
1662 2
9855 0
9856 1
1666 2
18052 0
1671 1
18056 0
18057 2
1674 2
1677 0
18062 2
8982 0
1684 3
1646 0
1691 2
8474 3
18078 2
1695 2
1696 2
1697 0
18082 0
18084 0
1702 2
1703 1
18088 2
9897 1
14787 0
1711 2
9906 2
18100 1
18107 3
1724 2
1725 2
1726 2
666 0
8480 1
9922 1
1732 2
289 2
9929 2
1738 2
18126 0
13697 2
8483 0
18133 2
1750 1
1753 3
9946 2
1757 1
1758 3
18143 1
18144 2
18145 1
1763 0
1764 2
16678 1
18150 2
1767 2
1769 2
18155 1
18156 1
18045 0
9854 1
1782 1
18167 1
1786 1
1788 2
9982 1
18176 2
1793 0
1795 0
1800 0
6013 2
1803 0
9998 0
9999 2
18193 1
18194 3
16686 1
18199 2
18201 1
18202 1
18203 2
18204 2
10014 1
18207 2
15882 0
1827 2
18212 1
18216 2
18217 0
10026 2
11245 3
10028 1
18221 2
1838 2
10032 1
18225 2
10034 1
10035 2
18228 2
10037 2
10039 2
18232 2
18234 2
10043 1
1852 1
18237 1
10046 2
10048 2
10051 1
18244 0
8502 1
18246 2
10055 2
1864 1
1866 2
1872 0
10428 0
18264 1
1882 0
18267 2
1884 0
10077 1
15333 2
10080 2
1890 0
18275 1
10084 1
18279 1
10088 1
10089 2
10090 0
1899 0
18284 1
1901 3
18286 2
10095 2
10096 0
1907 0
10102 0
1911 0
10105 0
18298 2
1918 2
17249 0
1920 2
1921 2
1923 2
1924 2
1927 3
18312 1
1929 0
10123 2
1932 0
12610 0
18319 0
10129 2
10132 1
18326 0
1944 0
10137 2
1947 1
10143 1
10146 2
1958 0
18344 2
1961 2
1962 3
18347 2
1964 2
1966 0
13981 3
18352 1
1970 0
1971 2
18358 3
1978 0
1979 1
1980 0
18366 2
1983 2
10179 0
1988 2
1992 2
332 2
1994 0
1997 3
18383 2
18384 2
13987 2
18390 0
9892 0
2010 1
2011 1
18401 1
12615 2
10212 0
10213 2
2028 0
18413 3
10222 2
9896 2
18419 1
18421 3
18425 0
18426 1
2043 1
18428 2
2047 2
2048 0
10242 1
18436 2
18437 0
10247 1
2057 2
2061 3
2062 2
18452 2
2069 3
18455 2
2072 2
2073 2
18095 0
2076 2
10269 0
18462 3
10271 0
18464 0
6713 0
18466 0
2083 2
10279 2
2088 2
10281 2
10282 2
2091 2
2092 2
1714 0
2094 1
5798 2
10288 1
18481 0
2099 2
10292 3
2102 2
9890 0
10296 1
14004 3
10298 2
10299 2
2109 0
10304 3
2113 2
10652 1
2116 2
14006 3
10311 2
2121 0
2124 2
10317 1
10319 3
2128 1
2129 1
10322 0
10324 1
18517 0
10327 1
13443 1
10329 1
2138 2
15375 1
16741 2
2145 2
358 1
18534 2
2151 0
16743 2
18541 0
18542 0
2160 1
18110 1
7188 2
11529 2
10366 2
11285 0
2176 2
5824 2
10372 1
618 1
18567 3
2185 2
2189 0
18574 2
10384 0
10386 1
18579 2
2196 0
18581 2
2198 1
2199 2
10392 2
16545 2
2207 1
2208 3
10401 2
18594 2
18595 2
10404 2
10405 2
10407 2
10410 2
18604 2
10413 0
2222 2
10415 2
18609 0
371 0
18614 2
18615 1
2234 2
2236 2
18122 1
10433 2
18626 3
18628 2
2245 1
18632 2
2254 2
17533 3
18640 1
4472 2
10450 2
2260 2
2262 0
18647 2
2264 2
18649 0
2266 0
2267 1
2268 2
10463 2
10464 1
2273 1
18659 1
2276 0
2278 2
5841 1
8532 1
2281 2
2285 2
10478 2
2287 2
10482 0
18675 0
18679 3
18681 2
16989 1
18688 1
18690 1
10499 3
18692 2
18134 2
10502 2
18695 0
10505 2
17535 0
10510 0
18706 2
18707 1
2324 2
10517 1
10519 0
4484 1
18714 1
10523 2
10524 2
2333 2
10527 3
10528 3
2338 2
18724 0
5404 2
2342 2
18727 3
18734 2
10543 2
2352 3
2356 2
18142 1
2362 2
2364 2
10559 2
2368 1
2371 2
2373 1
2374 3
10567 1
18760 3
2377 0
18763 0
10572 3
10573 1
2382 0
10575 1
2385 2
18771 2
18772 1
2389 2
10582 1
18775 1
2393 3
10590 2
10591 2
16784 2
10594 2
10595 2
5862 2
18790 0
10599 0
18792 2
10605 1
10606 1
10607 1
10609 0
10610 0
10611 0
10612 2
18805 3
2422 1
10616 1
2426 1
10619 0
18812 2
2429 1
14811 2
2432 3
2433 1
18819 0
2436 0
10629 3
10632 1
9964 0
4503 2
2444 1
10637 0
10640 3
2451 2
2452 2
18839 2
18840 2
18841 2
10993 3
2460 0
18845 1
2463 3
16765 2
2469 0
10663 3
2472 2
18859 1
2476 0
5874 2
2478 3
12701 3
10672 2
2483 1
2485 0
2486 2
10679 2
4981 2
2491 0
7243 2
2500 2
10698 2
10702 2
2512 0
2516 2
10712 2
10714 1
2525 1
11268 2
2527 1
2528 0
10722 2
10724 0
2534 1
10729 1
10734 1
10737 3
10741 1
2551 0
10744 3
2553 1
2554 1
2555 1
10752 2
10755 0
10756 3
2565 0
2574 0
8621 0
2578 1
10771 1
2580 2
10773 1
10774 1
11353 1
10776 1
10777 1
10779 3
10780 0
10783 3
2593 2
2594 2
2599 2
18348 1
12089 1
2606 3
10799 1
10802 0
8627 0
2613 1
2615 2
10808 3
10809 1
10810 1
2622 1
10815 2
2626 0
10819 2
10822 1
13181 1
10824 0
10825 0
2634 2
10830 1
10831 2
2640 2
8632 2
2642 0
10835 0
2646 2
10839 0
10840 2
3172 2
14095 2
2653 3
2654 2
2655 2
2657 0
10850 1
10851 1
10855 1
2664 0
10857 0
10858 1
10865 1
2674 0
10867 1
10868 0
446 2
10873 0
6619 2
2686 1
10881 2
10882 0
2272 0
2702 2
2703 0
10901 2
10902 1
1454 2
10905 2
10906 2
10907 1
2718 2
10911 2
10913 3
10915 2
2724 1
2725 2
9638 3
2729 1
16839 0
10924 1
2733 2
2738 3
2742 2
2748 3
16842 1
10945 2
16843 3
14113 3
2762 2
11383 1
2769 0
10185 0
1828 2
2779 2
10973 2
2782 1
2783 3
2784 0
2788 0
2791 2
2792 2
2794 3
10988 0
16850 3
2798 0
10991 1
2801 2
10994 1
16733 2
2807 3
11003 0
14122 3
9184 2
14123 1
2820 3
2821 1
11015 2
11016 0
2826 2
11034 2
7576 2
2844 0
1710 0
11038 2
11041 2
17280 1
12763 2
11045 2
2854 1
2855 2
11049 0
2858 1
11053 2
2862 2
10330 3
11058 2
11065 2
8279 2
2879 2
2880 2
11073 1
2882 2
2884 0
11078 2
11082 2
1847 0
2893 0
11086 1
1848 3
2898 2
8675 2
2901 0
11095 2
11097 1
11100 0
2910 1
2917 0
11111 3
2921 2
12628 1
2923 1
2925 2
11120 0
12776 2
2930 0
2931 2
11124 2
11127 1
11128 2
11129 2
2938 2
11132 2
11133 0
2942 2
2944 2
1856 2
2946 2
11141 0
14145 2
11144 1
2953 2
11146 3
2957 0
11150 2
9373 3
11155 0
11156 2
2967 2
2968 2
11162 2
11163 1
2973 2
2974 0
10053 1
2977 0
15515 0
1862 3
2984 2
11177 0
2988 0
2991 2
2992 2
10056 2
8283 1
2995 2
3000 2
3001 2
11194 2
3004 0
3005 0
501 1
3010 3
11203 1
502 2
3016 1
503 3
11212 0
11214 2
3023 0
3024 3
4600 1
11218 1
9648 2
11220 1
11221 2
11223 0
11224 2
3033 0
3034 2
11229 2
11230 2
3040 2
3042 2
3044 2
11237 2
3047 0
3048 3
3049 2
11431 2
3052 1
3053 2
3056 2
9649 1
3058 1
3063 0
11258 3
11259 2
3069 0
11263 3
3072 0
3074 1
15531 0
3076 2
3079 2
11273 3
11274 2
3083 1
8286 2
3087 2
3093 3
3100 0
11294 3
517 0
3105 1
11300 2
3115 3
3116 0
11309 0
18269 2
11312 2
11315 0
3125 0
3126 0
17211 1
11321 1
1468 2
11326 0
11327 2
1888 2
11331 3
11333 0
11334 2
11335 2
11336 2
11337 3
3147 2
11341 1
11343 2
11346 2
11348 1
11349 0
11350 1
7743 2
11354 2
12815 3
11364 1
4434 1
11367 0
3179 2
3180 3
3183 2
3185 0
6380 0
11382 2
3191 2
8724 1
5562 1
11393 2
10745 0
11690 0
11397 2
11398 2
3265 0
11403 2
11458 2
3215 2
3216 2
3219 3
11412 0
3223 2
11417 2
5999 2
11421 2
3230 1
9405 2
11424 3
11425 2
11426 3
11428 3
3237 1
11430 0
3239 0
3240 2
14838 1
11435 2
11441 3
10099 2
11444 2
542 2
3254 1
3257 3
11450 2
11451 1
11452 2
3261 1
3262 1
11457 2
10660 2
3267 0
3268 2
11462 0
16929 2
11465 3
3274 1
3275 1
3277 0
11470 0
3279 2
3280 2
3281 3
3285 1
11478 3
11479 3
3288 2
11481 3
3291 2
17975 2
3294 0
3296 0
9657 0
3298 1
3299 0
8264 0
3305 1
11500 0
3310 2
11503 0
4648 1
11508 2
11840 0
11514 2
11515 0
3324 2
3325 0
11518 2
3329 0
3286 1
4652 3
11530 1
3287 2
11532 2
14210 2
16941 0
3349 2
3354 2
3357 1
3358 0
11553 2
11554 1
11555 1
1270 0
11484 1
11565 1
3375 2
3380 1
3382 0
11575 0
3387 1
8757 2
3393 1
11586 0
3395 1
11588 1
3399 0
3400 0
567 2
3406 1
11599 1
4664 0
3411 0
3412 2
11152 2
932 3
11614 1
3424 3
3429 2
9079 1
3435 3
11629 0
9389 0
11634 2
3444 2
4670 2
18324 2
8767 0
3455 3
10134 0
3463 2
12866 2
11662 2
3471 2
11666 2
11502 2
3478 2
11672 2
11674 0
3485 1
3489 3
11682 2
11683 0
3492 0
3495 2
14301 0
583 1
11693 0
11694 1
14237 0
9664 1
3509 2
585 2
11704 2
11710 1
3520 2
3521 2
11716 1
11717 2
3527 2
8780 1
18121 1
11729 1
11731 2
11734 1
11738 1
11741 1
14331 2
11743 1
11746 2
3557 2
3564 3
11758 2
11761 1
3572 1
596 1
11773 2
7424 3
11779 0
11781 1
11785 0
8791 2
11788 2
11790 3
11793 1
13759 0
11800 2
11804 1
11808 1
11811 2
3621 2
3622 2
11815 1
11816 0
11817 0
11819 2
11822 0
605 3
11824 1
11826 2
18355 3
11828 1
3637 2
11831 1
11833 1
3644 1
11838 2
11839 3
3648 0
11842 0
3655 1
3658 2
11856 3
3666 0
3668 0
3670 0
3671 2
3675 1
16997 2
3681 1
11874 1
11875 0
11876 1
3685 2
3687 0
11880 1
11881 1
11884 2
11886 2
11887 2
3699 1
8317 1
3702 2
12905 3
11896 1
3706 2
11899 2
11900 2
4714 1
11902 2
11905 3
11907 2
4761 0
11913 1
3727 2
3730 2
1488 1
622 0
3734 2
3740 0
5853 2
3747 1
11941 2
11944 2
3753 3
6087 3
11950 0
3944 0
6089 3
3768 0
11963 2
3778 0
15649 3
3784 2
3785 3
3787 2
15129 1
3790 2
10189 1
3792 0
8824 0
5436 3
4729 2
672 0
8826 0
3810 2
17019 1
3813 0
12006 0
3815 1
3816 2
12011 3
3820 1
12013 2
8038 1
12029 0
12032 2
3841 2
12037 2
8809 0
401 2
12053 1
3862 2
12055 2
3864 0
12933 0
2311 0
12065 0
3876 2
12069 1
3879 2
3880 0
7474 2
12079 3
12082 0
6110 0
3897 0
3901 0
12094 2
12098 1
12100 2
12101 1
12102 0
17036 2
17092 1
12110 2
12112 2
12113 2
14307 2
12119 3
18404 2
12126 2
12127 2
17040 1
12136 2
12138 1
12139 2
12145 1
3954 1
12149 1
3960 2
12153 1
12154 0
1772 0
14314 2
12158 2
3968 3
12164 0
12165 1
3974 3
12167 1
10220 0
12170 2
12172 1
12173 0
12174 3
3984 1
3985 2
3986 0
18414 3
12183 2
12184 2
12188 2
12189 0
12190 0
3999 0
14320 2
8810 2
12197 3
4006 2
4009 3
12202 2
4014 2
12207 2
12209 2
4019 1
4020 1
4766 1
12218 2
8863 3
4029 2
4033 2
15691 0
4036 1
4038 0
4042 2
12235 0
12902 1
4049 1
4051 1
4052 1
4053 1
12247 0
12248 2
4058 2
12252 2
12253 0
4063 2
12258 2
12259 2
12260 1
8046 0
12262 2
4074 1
12268 2
4078 1
4079 0
4080 3
4081 1
4084 1
12277 0
4086 2
12279 2
12285 0
4097 0
4098 1
12291 3
12300 2
12304 0
4114 1
4115 0
12312 0
4121 0
12314 2
4124 2
4126 0
12319 2
15707 1
12324 2
4134 0
12327 2
12330 1
12331 2
4141 0
4142 0
4143 0
14344 0
4146 0
3422 1
4150 1
12344 2
12348 1
12349 1
17077 3
4164 0
12357 3
4167 2
4169 3
4173 2
12366 2
12984 2
12370 2
12371 2
12372 0
18446 2
4187 3
12381 0
4191 2
4192 2
1653 2
12387 2
12389 2
4198 0
6161 1
4200 3
4201 2
4205 2
4212 0
4215 0
12409 0
4219 0
12412 2
4221 2
10261 2
4225 2
12423 2
12424 2
12426 0
12427 2
12429 0
4239 0
12433 2
12434 2
12435 2
4245 2
18457 1
4249 1
12445 2
12446 0
4255 0
4257 2
12450 0
4262 2
11633 0
4265 3
12459 1
4270 0
10235 2
4272 1
12465 1
12470 2
17097 2
4280 1
12473 1
3143 2
17055 2
17098 2
12480 2
12486 2
12487 0
4302 1
12496 1
15736 1
18467 0
4308 2
4309 2
12502 2
12503 0
4312 2
4314 1
4815 2
8327 3
12509 2
4318 2
4319 0
13510 3
4322 1
12515 3
4327 1
4328 3
12521 2
4331 1
4335 2
4337 2
12530 1
4340 0
18148 0
4342 2
4344 3
4345 2
12539 2
12540 0
12541 1
12544 0
7552 2
4354 2
18475 0
13014 2
4359 2
6188 2
12554 3
15421 0
16785 3
4370 1
4371 2
4372 2
10286 1
4374 2
13017 1
7556 0
4379 2
4380 2
12573 0
12574 3
4383 2
12578 0
12579 0
2097 3
12584 2
12588 2
12590 3
4399 1
15752 1
18483 2
12596 2
17118 2
5875 2
12601 0
4413 3
4418 0
12611 2
10294 1
4422 2
4423 2
12617 2
12618 1
4427 1
12621 1
12622 1
12623 0
2104 3
12626 2
17123 2
4436 2
3470 1
4438 3
4439 2
12632 1
4441 1
12635 0
12636 0
12638 2
12639 0
12641 0
4451 3
12644 3
7569 2
4457 2
4458 2
12652 2
4462 2
17128 3
12663 2
12664 1
12665 1
4475 0
12669 2
2112 2
4843 2
12676 3
4485 2
12680 0
3270 1
4491 1
12685 2
12686 2
4495 1
4496 1
4497 0
2212 1
4501 0
12695 3
10308 0
12698 2
4507 1
4509 1
14945 1
4511 1
12704 1
4516 0
4517 1
12711 2
4520 0
4521 1
4524 1
4525 1
4527 1
4529 2
4532 1
12727 1
4536 0
12730 1
12731 0
12732 1
12737 1
13674 0
12739 2
4552 1
10316 2
3490 2
4559 3
4566 2
4568 0
12761 2
4571 0
12765 2
4574 3
4581 1
12775 0
4584 0
15783 2
4588 0
12781 3
12783 1
4595 1
4597 0
12790 0
12792 1
7791 1
4605 2
12799 0
13056 0
4611 2
12804 1
12805 1
12811 2
4620 0
4623 2
4626 2
4305 1
4629 0
4632 2
12827 1
4636 0
4637 1
12836 3
4645 0
12840 1
775 2
12844 3
4654 1
12847 2
4656 1
4657 1
4658 2
12852 2
4661 0
4662 0
12856 2
4668 2
12862 2
12863 1
4674 1
12868 2
15798 1
12870 1
12872 2
12874 1
4683 0
12876 2
12878 0
4687 0
4688 1
12882 2
12884 1
4698 2
4702 0
4705 1
4709 1
4710 1
4713 0
12906 2
4719 0
4726 1
12919 1
4728 2
12921 2
4730 1
12923 3
4733 2
12928 1
12930 2
12931 0
12932 1
4741 1
4742 1
4744 1
4752 1
4753 2
12946 1
4757 2
12953 2
4763 2
4764 0
4765 1
12958 0
4768 2
12961 2
12963 1
4776 2
4777 1
12972 2
12975 1
4784 1
7624 3
12981 1
4792 2
4793 1
12986 2
12987 1
4796 2
8992 3
4805 1
4807 1
4808 1
13002 1
13004 2
4813 1
13007 1
4818 0
803 2
13012 1
4822 0
4825 2
4826 1
4827 1
13021 0
13024 2
4833 3
6267 2
13028 0
4837 2
13030 2
12709 0
13035 1
13037 1
4848 1
808 2
13042 2
13043 2
13045 1
13047 0
4856 1
13051 2
13053 0
4864 3
13058 0
13059 3
13060 0
4869 1
4878 0
13075 2
13077 2
13078 0
11074 2
4893 1
13087 0
4899 1
13093 1
17054 1
4904 0
4907 0
4910 0
7645 0
13106 2
13107 0
13108 0
13114 2
7529 2
4928 0
13121 0
13122 1
13123 2
7802 0
4936 0
13134 1
4944 0
14622 2
4948 2
17209 1
4952 2
4955 0
13148 2
13150 3
4963 3
13157 2
13161 1
15847 1
4973 0
4974 0
4975 0
13172 0
17214 0
13175 2
4986 2
4989 0
832 2
4997 2
13190 3
5001 2
13195 0
13196 0
13199 1
13200 0
18584 1
13202 1
5011 3
13204 2
5014 0
5015 3
13208 2
5020 2
10260 1
5024 2
5025 2
5026 2
440 1
5030 2
13226 0
5035 2
13229 2
13230 2
5039 0
13128 1
5044 2
13237 1
5046 2
5047 0
5049 3
5051 3
13244 2
13245 2
5054 1
13247 2
5057 3
13250 2
13253 2
13256 1
13259 2
13260 3
2210 2
5072 3
13266 1
4942 0
13272 0
5081 0
13276 2
13277 2
13278 2
14501 0
13136 2
13283 2
13286 3
5095 2
13289 2
13290 1
5100 2
13293 1
13295 1
13297 0
13301 2
13302 1
13303 2
17236 3
13307 1
2218 1
17237 2
13313 2
5122 2
5123 2
13317 0
13320 2
13322 2
13323 2
5132 2
14901 0
5137 1
5138 0
13331 2
13332 2
13334 0
14511 0
13340 2
5150 0
5151 0
5154 2
5156 0
13349 0
2225 1
9052 1
13355 2
5167 1
13360 2
13363 2
862 0
13366 0
5179 0
5180 0
13373 2
13375 0
13376 3
13377 0
13378 2
13379 0
5191 2
13385 1
10423 0
5196 2
5197 3
5198 2
12476 2
13405 2
5218 0
5219 1
5222 0
3601 3
5225 3
13418 1
13419 1
13424 2
13427 2
18174 2
13429 1
5239 0
5244 0
7481 1
8358 0
5248 0
5251 2
5255 0
9995 2
13453 1
5262 0
5264 3
5265 2
13458 0
8873 2
5272 0
6340 2
13467 2
5277 0
3449 2
5284 0
6177 1
2631 1
5293 2
5295 1
13489 0
5298 1
10542 2
6996 2
17268 1
5306 1
13499 1
13503 2
17270 1
5318 0
13512 1
5322 2
13515 1
13516 1
13519 2
13520 2
3619 2
6350 2
5336 1
2087 2
2256 0
5348 3
5349 2
13542 0
13544 2
17276 0
7719 1
2258 2
13550 1
13551 2
5360 1
5363 3
5366 0
12181 1
5369 2
5373 1
5374 1
13567 3
13568 3
13569 2
13570 3
5379 1
13572 2
13573 2
13578 2
14364 1
13583 2
13588 2
3630 2
5399 3
13596 2
5406 0
13602 2
13603 0
13605 2
1544 1
13607 2
13608 2
13610 1
5419 2
6910 2
13613 0
13614 2
5423 0
5424 0
13622 2
5431 0
13626 3
13628 1
5437 2
5440 0
5441 2
17708 2
5445 0
13638 2
5447 0
454 2
13642 1
13650 3
15929 1
5464 2
18660 1
17295 0
13661 0
13664 0
13666 0
18662 2
5478 0
13672 2
5481 0
5482 0
13675 1
13676 0
9106 0
5486 2
15632 2
13680 0
5490 1
13687 2
5496 2
5497 2
13690 2
13691 2
9311 2
5501 1
13695 2
13696 2
5505 0
13206 1
13704 2
5513 2
13207 1
13708 3
13710 2
5519 1
11877 2
13714 1
13718 2
13721 1
13723 2
13727 1
5538 0
5544 3
13737 2
7751 2
5550 2
17309 0
13744 1
5553 2
13747 1
13751 1
5560 1
13754 2
5564 1
13757 0
13758 0
5567 2
5568 3
5572 3
13765 0
5574 2
18229 1
13769 0
5579 2
5580 1
5581 2
5583 2
5587 1
5588 3
5589 3
13782 2
10489 0
13784 1
5593 0
13787 2
13788 3
13790 1
13791 2
5606 0
5607 1
5609 2
5610 2
5612 2
7762 1
13806 1
13807 0
5619 1
5620 0
9129 2
11860 1
5626 3
5628 1
5630 2
13823 1
5632 1
13827 0
13828 1
5639 2
5641 0
13834 2
15959 1
13836 2
10498 2
5650 0
13844 3
5038 0
13846 2
5655 2
5657 1
5658 3
5666 0
12191 0
5670 1
13864 2
5673 3
5674 1
13867 2
17330 3
13873 2
5684 3
5686 2
5687 2
5690 1
13884 2
10507 2
13896 0
13897 0
17335 0
13901 2
13902 0
9144 3
5714 0
3683 1
5716 0
13911 2
13912 1
13914 3
13919 3
13921 1
13922 1
5736 2
5737 0
13930 1
11879 2
13933 0
5745 2
2323 0
13941 0
3689 1
5754 2
5758 2
18709 3
5763 2
5765 2
13249 3
13960 3
5771 1
13965 0
13969 2
13975 1
13976 3
5785 2
13978 2
5787 0
10522 1
5792 1
18715 3
13990 0
10295 0
13993 2
13995 2
13997 0
5806 0
5810 0
5811 2
5812 0
5813 2
5814 2
15988 1
9741 2
5821 2
5485 0
14016 3
16288 1
5828 0
5829 1
14022 2
17356 2
18722 0
18315 3
14031 0
14033 1
14035 3
14036 1
5845 0
5849 0
14042 2
5851 3
14045 0
14047 1
5858 2
5859 2
14054 1
5865 1
14059 1
14062 3
14065 0
14066 3
14067 0
5879 2
14074 3
14075 0
14077 3
5888 2
17654 3
14084 1
5894 0
5895 2
5901 1
5903 2
14096 1
14098 2
5907 2
14100 0
5909 3
14103 1
14104 1
5913 1
11005 1
5916 1
14109 3
14111 3
6448 1
5922 0
5925 2
5926 0
5927 3
5928 2
5929 1
5930 2
5931 2
5653 1
14126 2
14127 2
14128 2
14129 1
14132 3
14133 2
14136 2
14138 1
14139 1
5948 2
5953 2
14150 1
5089 1
5654 2
14157 2
5972 3
6200 1
14168 1
14171 0
5982 2
17381 2
5987 1
5992 1
14185 1
14186 2
14190 2
14191 2
14195 2
6004 0
14198 3
14201 0
18751 3
5098 0
14208 0
6018 1
6022 2
14216 2
746 2
6026 2
14219 0
14221 0
6030 3
14224 1
14225 0
14227 1
14234 0
6044 3
6045 1
14240 1
14242 0
14244 2
6053 1
9457 2
6055 1
14251 0
6062 3
14256 1
6067 2
14261 0
14262 2
14265 2
14269 0
14274 2
14278 2
14279 2
14280 0
2380 1
6094 2
14294 0
13305 2
6104 2
14297 2
6106 0
14671 0
6108 2
6109 1
14302 2
12152 1
6114 3
6115 3
14309 0
14673 2
6122 2
6124 0
14317 0
10024 0
6128 2
14322 2
14323 2
6132 2
6135 2
10580 0
6139 0
6140 2
6142 2
6143 3
6146 3
14341 1
6152 3
14345 3
6154 2
14347 2
6156 0
6157 0
6158 2
6159 2
14353 0
6163 0
6164 2
14357 2
14358 0
14360 1
6169 2
6172 0
14367 1
6176 1
14369 2
6179 0
6180 3
14376 2
14377 1
14379 3
14380 0
6193 3
14386 2
14387 2
14389 2
14390 0
14391 0
14392 2
6201 2
1121 0
6205 2
6206 2
6207 2
9754 2
14403 0
14408 2
14409 2
1298 2
17665 2
6221 1
6222 0
9229 1
14417 0
6226 0
14420 2
14422 3
6231 2
14424 1
7866 2
6238 0
14431 1
14433 2
14439 2
14442 1
6251 2
14444 2
6253 2
6257 1
14451 0
6265 3
10847 1
14459 0
17429 0
14465 1
6274 3
14468 3
14470 3
6279 2
6282 2
6285 0
6286 3
14488 3
6301 3
14496 0
14498 2
6309 0
14502 1
14503 2
14505 2
6315 0
6319 1
14512 1
6330 2
6331 2
6332 2
14526 0
14527 3
6338 1
17669 2
14533 2
2388 2
6349 2
14542 2
7885 3
14545 3
14546 0
6355 3
6356 1
6359 2
6360 3
13348 1
6363 2
6367 2
6368 2
14561 3
14564 0
1576 1
6379 1
14572 0
16082 2
10621 2
14576 0
6386 1
14579 0
6390 2
6393 2
6399 0
6400 2
10306 1
6410 3
14604 2
14611 1
6422 1
6424 0
6425 3
1071 1
6428 1
7898 0
6430 0
14624 1
6433 1
14626 1
14627 2
14629 1
6439 2
14632 2
14633 0
14634 0
6535 0
6446 2
14639 0
14640 0
6452 1
14647 2
6456 1
14651 2
6460 0
10845 2
6467 2
14662 2
14664 1
6473 2
14666 2
6475 0
14668 0
7906 2
6479 0
6481 2
14676 0
10036 2
6489 0
14682 2
17641 1
6497 0
12591 1
6503 2
6504 2
6506 2
17469 0
16104 0
6514 1
18835 0
17470 0
6521 0
6522 2
16584 0
14718 2
14724 2
5185 0
14728 3
8401 2
2455 2
16683 2
17403 1
1091 3
14745 3
14751 2
6563 3
4583 1
14761 1
6571 0
14768 0
6577 1
14772 1
1844 2
14775 1
14779 2
14780 2
14782 2
6591 2
6595 0
14789 2
14792 2
14793 1
14887 0
6604 2
6605 0
14804 2
6616 1
6617 2
17487 2
18853 2
14821 2
6630 3
9297 0
14824 3
14828 0
14829 2
14832 0
6641 0
6642 3
6643 3
6646 1
6569 3
16127 3
6652 3
14845 0
14849 2
14851 2
6662 2
10668 2
6667 0
6668 0
14863 1
14867 0
10670 1
6679 2
14874 2
6683 2
14876 2
14878 2
14879 2
14880 2
6576 2
6690 1
9307 2
6692 2
6695 3
6697 2
6698 1
6699 1
6701 1
14894 2
6703 1
6704 1
14899 1
18048 2
6709 0
14902 2
6711 1
14904 2
14905 2
6715 2
14908 1
10677 3
14912 0
14913 2
6723 1
14916 0
6725 0
9313 0
14934 2
14935 2
1124 2
14942 3
6751 0
6753 0
6587 1
13414 2
14952 1
6588 1
1340 2
13415 0
6765 0
14960 2
6770 2
14965 0
14966 0
6775 0
14175 0
14969 3
14971 0
14972 2
1130 2
6782 1
11137 2
6787 0
6788 1
17684 2
6794 2
14988 1
14989 0
14991 2
6801 1
6802 3
6803 1
14996 2
6806 0
15001 1
6810 1
15004 2
15005 1
6597 1
15008 2
15009 2
11011 0
6820 1
1137 0
15017 1
6828 1
14412 2
15026 1
6836 1
6839 3
15034 2
15035 3
6845 0
15038 2
17525 1
6849 0
15042 2
6851 1
15044 1
6853 0
6855 1
13541 2
14796 2
6858 2
15051 2
6860 1
15053 2
15054 2
15055 2
6865 0
774 1
6868 1
6871 0
15066 2
15067 2
15068 2
6877 0
15070 2
7594 3
6881 2
6883 3
15078 2
15080 2
6890 1
16167 0
6892 2
15085 2
15086 2
15087 2
6896 1
6898 1
6902 0
15095 1
15099 1
15101 1
15102 1
15105 1
15109 1
15111 3
6920 2
14415 1
6923 0
15116 2
15117 2
776 3
12077 2
15120 0
6929 2
15123 1
15124 3
15126 1
14809 2
15128 0
6937 0
3887 2
15134 1
15135 2
15137 3
6946 2
6947 3
6950 0
15145 0
10342 2
6958 2
9352 1
6964 1
6965 2
15160 1
15162 1
6971 1
6974 0
15169 3
6978 0
6980 1
6982 0
15176 1
15177 2
15179 2
14690 2
6991 0
6993 2
15213 0
15188 0
15189 0
15190 0
15191 2
15192 0
15193 1
15194 2
7004 2
7006 2
7007 3
7008 2
7009 2
7011 0
7367 2
15206 0
13457 0
15209 1
7018 1
15212 3
7021 3
7023 1
15217 2
7029 0
15225 1
15229 2
15231 0
7040 0
15234 3
15235 1
7044 3
1174 2
15239 2
15240 0
15241 2
18511 3
7052 1
15245 2
15246 0
13464 3
7058 3
15254 3
17561 2
7069 0
15264 2
7075 3
7076 1
15270 0
7080 0
7081 0
15277 1
15278 3
7087 1
15283 0
15284 1
15289 3
8667 2
7105 1
7109 0
15304 2
7116 1
9378 2
7120 2
2552 1
15314 0
7123 2
15316 1
7125 0
15319 0
7129 2
7132 0
7134 1
3238 2
7136 0
15329 2
7138 0
7139 0
7140 0
7141 0
15334 1
7143 0
7147 0
7148 0
15342 0
7154 1
3923 0
5421 2
7162 0
7164 2
7166 3
15363 2
8231 2
15374 0
7183 0
7186 3
5422 2
18014 3
7189 2
7194 2
15388 0
10757 2
7205 1
4483 0
5297 0
13879 2
7214 2
8029 3
15409 2
7218 3
15413 2
4958 2
3935 0
7228 1
7229 0
12243 2
15425 0
15426 1
15428 2
15429 2
7240 3
7242 0
15435 1
7244 0
7245 0
7246 2
15445 2
7255 2
15457 2
15461 0
15462 3
7086 0
15471 1
15473 0
788 2
15482 1
15485 3
15488 3
15490 1
15491 1
15494 3
7306 2
15503 2
15504 0
15505 0
15506 1
15507 2
15509 1
15510 2
15511 0
7323 0
15518 0
16240 1
15522 1
2587 1
7332 2
15525 2
7337 0
15530 0
17607 2
18248 2
5320 0
15540 2
15543 1
6687 2
15549 1
15558 1
14881 1
14430 3
15565 1
7374 3
9421 2
15569 0
15572 1
7381 0
13612 2
14884 2
7386 1
15579 2
15585 1
15589 2
15593 0
15594 3
15595 1
18250 2
7405 2
16253 2
15600 2
7409 1
15602 2
15603 1
15606 2
7415 2
9428 2
15612 1
7421 0
15614 0
15615 2
15616 0
7428 1
1195 0
7440 2
1240 0
7444 0
6702 1
15638 2
7447 2
7450 2
7453 1
3973 1
7457 0
7461 1
15654 2
15656 0
15657 2
7467 2
4613 0
2158 1
15664 1
15666 1
6707 1
15669 1
15671 0
15673 3
15675 2
15676 0
15677 1
15679 0
7488 2
7489 2
6796 0
7491 2
15684 0
15687 1
7496 0
7497 2
10807 0
15694 1
15696 0
7505 2
7506 2
8346 1
2617 1
15704 0
15706 1
7515 3
7516 2
7519 3
15714 1
9446 1
15718 0
15719 1
15721 2
15723 0
15725 0
15727 0
15729 1
7538 3
10814 1
7542 2
13545 3
7544 2
7545 1
15738 2
15739 0
7548 2
15741 1
3989 2
1414 2
15745 2
15748 2
7560 3
7561 2
15754 0
7563 2
7565 1
15758 2
7567 2
15761 2
15762 2
15764 0
15765 2
15768 1
15769 2
7578 1
15775 0
15776 2
15777 2
15781 1
1265 3
3996 3
15786 0
7595 0
15788 1
1266 0
15790 0
9590 2
10798 0
7606 0
2633 2
7609 2
15802 3
7611 1
13144 1
7615 2
7616 2
7617 1
7618 0
15812 2
7621 0
7623 1
15816 2
15818 2
15820 1
8098 1
7631 0
15825 0
7634 2
7640 3
7641 0
15834 1
2639 0
15837 0
7649 2
7651 2
15845 2
7654 1
2641 1
15852 2
15854 1
15855 1
7670 3
7672 3
15867 2
7676 0
15871 1
5376 2
1281 0
7690 2
15883 0
9852 0
5378 2
7694 1
7695 2
17987 0
7699 2
15892 1
7701 0
15895 0
15896 1
15805 2
15898 2
15899 1
7709 3
9477 2
7714 0
15908 1
1286 2
7718 2
15911 3
15915 1
15916 0
7726 0
15919 0
15921 2
12211 2
10846 2
12212 1
15931 0
4021 1
7747 2
10849 0
7753 3
15954 1
14947 1
7766 1
16313 2
15962 0
7771 2
7772 1
14949 0
7778 0
7783 0
7785 0
15979 1
15980 2
7789 2
15982 2
15983 2
6760 0
7795 0
7796 3
1300 3
15994 2
15999 1
16000 2
16002 2
17686 2
7815 2
16008 0
7817 1
7819 3
16015 1
7825 0
16018 1
16032 1
16035 3
16037 1
16041 1
16045 3
7855 3
16049 1
16050 3
16051 0
7860 0
16056 1
16058 0
7867 1
16060 2
16061 1
7870 3
8991 2
16066 1
16068 2
16069 2
7878 0
1313 3
6809 0
7884 2
5410 2
16079 2
16081 2
7890 2
16088 1
7897 2
16090 1
16091 2
7901 0
16095 1
16096 2
7905 0
16098 0
7911 2
7912 0
16106 2
5415 0
16108 2
16110 2
16113 2
16115 2
7927 1
16120 1
12244 2
16122 1
7931 0
16125 2
16126 0
7935 2
16129 1
16130 0
537 3
16134 0
16137 1
7947 2
16143 2
7952 0
7955 2
7956 2
7957 0
16152 1
7961 2
9034 0
16155 1
16156 2
12250 2
16158 3
7968 0
7970 1
7975 2
7977 1
7979 2
16176 0
7986 2
16180 0
16182 1
16183 2
16184 2
16186 2
4493 2
7997 2
16191 1
8001 1
16196 1
17402 1
8007 3
5727 0
16201 1
8012 0
16205 3
5477 0
16207 0
8017 3
8018 3
8020 2
8022 0
10895 1
16220 2
5434 3
16223 2
8033 3
8035 3
16228 3
16230 0
17724 0
16238 3
8048 3
16360 1
16243 1
16245 1
8054 2
16247 0
8059 3
12266 2
16254 2
8064 1
8067 1
16260 1
16261 1
16263 2
8072 1
16265 1
16266 2
8075 2
8076 2
8078 0
16275 0
16277 2
16279 0
8619 3
16284 3
8096 2
12272 2
16290 0
2715 2
8101 1
16294 3
16301 1
11454 0
16304 2
16305 0
16306 1
16307 0
8116 2
8118 0
17737 2
17174 2
16372 1
16316 1
16318 0
8130 1
16324 0
8133 1
16326 2
16327 1
17740 3
18820 2
4087 0
8142 3
16376 2
8146 2
16339 0
16341 0
8152 3
8154 3
8156 1
16350 2
8160 0
8162 0
16355 1
11183 2
8168 2
8170 2
10919 0
16364 0
16366 0
8180 0
8184 2
16379 2
16381 1
8190 2
16383 1
