8192 2
16386 2
16387 2
16367 2
16393 2
8202 0
16396 1
8210 0
16404 3
8216 0
16409 0
16412 0
16415 2
8226 2
8227 2
16422 2
16424 1
41 0
16429 2
16430 2
8241 2
16436 1
17758 0
16441 2
16443 2
16445 2
66 1
16451 0
8261 2
70 0
1377 2
72 1
73 2
74 0
8267 0
16461 2
80 1
16465 1
16466 1
16468 2
16469 1
8278 2
88 2
17764 2
91 1
16477 2
16478 1
1381 2
16484 1
8293 1
8295 2
104 0
105 0
5459 3
17767 1
16492 0
13097 2
16494 0
8303 2
112 3
6711 1
117 0
118 1
8311 0
120 3
122 3
16509 1
126 2
16511 0
129 3
16515 2
16516 1
133 2
16518 2
16519 0
16520 2
8330 2
139 3
16527 2
16528 1
8340 2
16533 1
8342 2
8344 1
8345 3
154 0
16539 0
16540 2
8349 2
158 3
159 2
16544 3
16546 0
16550 1
169 1
170 0
173 2
6856 1
178 0
8371 2
8374 2
183 2
1396 2
186 2
8379 1
16572 3
8381 1
190 3
8383 2
192 2
8385 0
8386 2
8387 1
197 2
8391 2
202 2
16588 3
16590 3
15053 2
208 2
8402 2
8403 3
214 0
8407 2
16601 1
16602 1
219 0
220 2
9594 2
223 2
8418 2
13691 2
228 2
230 0
16615 0
233 2
9555 1
8428 0
8430 2
16623 3
16624 2
16625 0
8434 0
244 3
246 0
16636 2
16640 1
8452 0
261 2
16646 1
263 2
16650 0
8461 3
8465 0
16658 0
8468 0
280 3
283 3
8480 1
8481 0
8482 0
8483 0
17971 2
8485 2
8486 2
16679 1
8488 2
298 3
8495 2
16688 2
16691 2
16693 1
16694 1
312 1
2783 3
319 2
320 3
16706 1
8515 2
16710 3
332 2
8525 2
16722 2
3821 2
8533 3
342 2
8249 2
8536 1
8538 1
16731 0
8541 2
8544 3
8545 0
16742 1
359 3
8553 2
15079 3
365 2
8558 2
5567 2
16752 2
8561 0
9014 3
8564 2
16759 1
376 2
378 3
8571 0
16765 2
384 1
387 0
8581 0
16774 1
8583 3
6892 2
8588 1
16781 0
8592 2
8595 0
8598 0
409 0
410 2
16796 3
16800 3
8609 2
8610 1
13723 2
16804 3
16805 0
423 2
17820 0
8618 0
16811 2
2802 2
16814 2
1437 3
16456 2
16819 2
436 2
16823 0
1694 2
442 1
8266 2
446 2
448 3
16833 2
450 1
8644 2
454 2
455 1
16841 2
459 0
9634 1
8654 0
16847 0
464 2
16851 2
469 1
16854 2
16856 2
8665 2
16861 1
16862 1
8675 2
485 2
16871 0
488 2
489 3
8684 1
82 3
496 2
8690 1
16884 1
501 1
16886 2
503 3
8696 2
8697 0
7109 0
508 0
16897 2
517 0
8714 1
16907 0
524 2
16911 0
8720 1
16915 1
535 0
536 3
537 3
538 0
16923 2
8732 1
541 2
8734 0
16927 1
16928 2
545 2
16930 2
8739 3
17841 1
16937 2
554 2
16939 1
558 1
15112 1
16946 2
8756 2
8757 2
567 2
8762 1
571 1
16956 1
573 1
574 0
8767 0
16961 3
8771 3
8775 0
8777 0
586 3
8780 1
8781 3
592 1
12387 2
16980 2
12123 0
13659 1
605 3
8798 0
8799 2
8802 1
2748 3
8805 2
617 0
17002 1
8812 2
621 2
622 0
18297 0
624 2
12392 1
6931 2
17012 3
8822 2
16489 3
8827 2
17022 0
8832 2
641 0
8835 1
17028 0
8837 0
8841 2
650 1
651 0
8845 0
654 0
17042 2
8852 0
661 1
8855 1
664 0
17049 1
666 0
667 2
8860 1
8862 2
8863 3
17059 0
8868 2
8869 2
8872 2
8873 2
8877 1
15133 1
688 0
8881 2
15134 1
17078 2
1481 0
8890 0
699 3
702 1
8309 2
8898 1
8902 2
712 2
8906 2
17099 2
17104 0
8914 2
6947 3
8916 2
8917 1
8921 2
17115 2
17119 0
17120 2
1488 1
740 2
17126 2
743 0
744 2
17129 1
746 2
17131 1
749 0
750 2
8317 1
17137 2
17138 1
13779 1
8948 2
4222 2
758 2
759 3
760 1
13780 1
8955 1
764 2
17150 3
17151 2
17152 1
17153 0
8963 2
774 1
776 3
780 2
782 3
15149 0
17168 2
787 2
8980 1
17173 1
790 2
17175 3
8984 1
17178 2
8988 3
17181 2
17182 1
16517 1
8992 3
8995 2
17190 1
17191 0
808 2
810 0
17196 1
17197 0
9052 1
9011 2
17205 1
17206 1
825 2
829 1
17214 0
6965 2
832 2
17218 1
17220 1
9029 0
1750 1
17224 3
17227 1
844 2
845 1
9038 2
4237 0
17233 2
9042 2
851 0
852 2
9045 2
17239 1
12431 3
860 3
17245 1
144 2
9065 2
17260 2
877 3
17262 0
879 2
17896 1
882 0
883 1
17271 2
888 2
9082 2
892 2
9086 1
9088 3
17283 0
17284 0
9093 1
902 1
9095 2
9098 2
907 1
17292 1
910 1
17295 0
9105 0
9107 0
916 0
917 1
17302 2
17303 0
9112 2
9113 0
9115 1
17308 2
17310 1
17311 2
10945 2
932 3
17318 2
17324 2
17762 2
157 0
9138 0
9142 0
9144 3
953 2
17338 1
9579 2
957 2
17343 0
960 2
961 1
9157 3
9158 3
17351 1
10125 1
9162 1
17356 2
7917 2
17368 1
17376 0
17379 2
17381 2
9196 0
17391 0
9201 0
1010 1
17395 2
5630 2
17399 2
9210 1
1019 0
17404 1
9216 0
1025 2
9218 2
17412 3
17416 1
9226 3
1035 2
1037 3
1038 0
9234 2
17430 2
17431 3
17432 2
9245 2
17440 2
10847 1
1067 2
9262 2
9266 3
9269 2
9270 2
1079 2
9274 2
17467 2
9277 0
9278 1
17472 0
17474 2
9739 2
17476 0
17477 1
1094 3
17479 0
17480 2
13836 2
8375 0
1106 0
1107 1
1550 3
17494 2
185 2
9304 2
17499 2
9308 1
9309 1
9310 0
7013 0
17504 2
17506 2
187 1
1124 2
10403 0
1127 1
9312 2
1130 2
7015 2
17516 2
1134 0
1135 2
17520 1
1137 0
1138 2
17532 2
9343 2
17537 0
16678 1
9349 2
9351 3
17544 2
17545 1
1162 3
9355 3
9356 3
17549 1
1166 2
1169 0
17554 2
17555 3
17556 2
1174 2
9367 0
1177 2
1181 3
16581 1
9377 2
17570 2
9379 1
9382 1
17575 1
17576 1
17577 1
9388 2
1199 0
9396 1
9397 2
9398 1
17592 3
9402 2
1211 3
1217 2
1218 2
9411 2
9412 1
9413 0
9414 0
9416 1
9418 1
17612 2
17613 0
17616 0
1233 1
9427 2
17620 0
17627 1
1248 0
1250 0
1251 1
1252 1
9446 1
17640 1
17642 1
17645 0
1262 2
1264 3
9768 2
1266 0
9459 2
9461 2
9462 2
1271 0
1273 2
9467 2
17660 2
9471 2
17664 0
17666 2
13867 2
9477 2
17670 0
9479 2
1288 2
17674 2
1297 0
17683 0
9492 2
17685 2
9494 1
17687 1
17689 2
1583 2
218 3
17695 2
17697 0
17703 2
1322 2
1324 2
17710 2
1331 1
1335 2
9531 2
1340 2
1341 2
17726 2
17727 1
9539 0
1349 0
4321 3
17736 0
17737 2
9548 0
9549 2
1358 2
17743 2
9554 2
16611 0
1365 0
8420 2
1370 2
17755 0
17756 0
9565 1
9566 0
1375 2
17760 2
9569 2
500 2
6047 2
16614 0
1383 2
9788 0
9578 1
1387 1
1389 3
1392 1
9588 2
9591 0
9592 1
4411 3
1402 1
17787 3
9596 0
9597 2
9599 0
1408 0
9605 1
9606 1
1415 2
1418 0
9611 2
17804 2
9615 2
1425 2
9618 0
17814 2
9623 2
1436 1
9629 1
1605 0
8432 1
1442 2
17828 3
9637 1
9639 2
9642 0
5231 2
9645 2
2973 2
9648 2
1608 1
1458 2
4339 3
17847 1
9657 0
17850 1
17852 2
9662 2
1471 1
9669 2
9672 1
9673 1
1482 1
9676 2
1486 0
9679 1
17872 0
9681 2
1491 0
9685 2
4345 2
9690 2
9691 3
9694 0
17887 2
17895 0
119 1
9712 2
15272 0
1534 0
17509 2
1538 2
1542 2
9735 0
1546 0
1547 2
1548 2
9741 2
9742 1
1551 2
18008 1
1558 3
17944 1
1561 2
1562 0
11183 2
17948 2
17949 2
17953 0
17956 2
1576 1
1579 2
9773 2
9775 0
2995 2
9784 2
17979 2
1596 2
1597 1
9791 2
9792 2
1601 1
17986 0
17987 0
17989 1
9800 0
9801 2
17995 2
17998 2
18000 0
9810 2
9812 0
1622 2
9816 2
1627 0
9820 0
1630 1
9829 2
1638 0
9831 2
9832 0
9833 2
10693 2
1643 1
18028 1
274 2
1646 0
18032 0
18033 0
18036 2
1653 2
18038 2
9850 0
1662 2
9855 0
9856 1
18050 3
1667 1
1668 2
1669 1
1671 1
18056 0
1674 2
18062 2
9874 0
9876 0
1688 0
18076 0
1693 2
18078 2
18079 2
1696 2
393 2
9891 3
1701 2
1703 1
18091 2
1709 0
1711 2
1712 1
1713 0
1716 1
1717 2
16760 0
1720 0
1721 2
4383 2
1725 2
18110 1
9845 1
9886 0
9922 1
289 2
9929 2
1738 2
18123 2
18126 0
1746 2
18133 2
9942 2
1755 1
18142 1
1759 2
18145 1
18148 0
1765 1
4511 1
9960 0
18153 0
1771 1
18158 0
9969 2
1779 0
1780 0
18166 0
18167 1
1784 1
1786 1
9981 2
1790 2
1792 0
18186 2
9995 2
9998 0
9999 2
10000 0
1809 2
18196 1
1815 2
18201 1
18203 2
18204 2
1823 2
10016 1
8496 2
10020 3
18214 2
18216 2
18217 0
18218 2
1835 1
1837 2
10030 2
10031 2
10032 1
1841 2
10034 1
12595 2
10036 2
1847 0
18233 2
18234 2
10043 1
1852 1
9866 0
10046 2
10047 1
1858 1
18244 0
1861 0
1862 3
7137 0
18248 2
18249 3
18250 2
1867 1
10066 3
18264 1
1882 0
18268 1
10078 2
7141 0
10080 2
1890 0
8507 2
18276 0
10088 1
1897 3
18284 1
18286 2
18287 1
10099 2
1909 0
18296 0
1913 2
18301 2
1918 2
1920 2
1921 2
18306 2
1923 2
18309 1
18310 3
18312 1
18315 3
1932 0
8514 1
10127 1
323 0
18326 0
1944 0
18329 1
10140 2
1949 2
10143 1
18337 0
10149 1
1958 0
11249 3
1961 2
10154 0
18347 2
18348 1
1965 2
18077 0
18352 1
1970 0
18355 3
10165 3
18358 3
18360 2
1695 2
18366 2
1990 3
1992 2
1993 2
18381 1
10190 0
333 0
2000 3
18387 2
2006 1
2009 0
2011 1
9887 3
18401 1
10212 0
10213 2
18411 3
18413 3
18420 2
10229 1
18424 1
4436 2
18426 1
2043 1
2047 2
10240 1
18434 3
10243 1
18436 2
10248 2
18443 2
2061 3
10257 2
18452 2
2072 2
2073 2
2075 0
10268 1
2077 2
10271 0
13981 3
2083 2
2086 0
18471 2
2091 2
2093 0
16733 2
18482 0
18483 2
2101 1
10294 1
11273 3
18491 0
10302 0
2111 3
2113 2
7179 3
2116 2
10311 2
18505 2
10316 2
2128 1
18514 1
10324 1
2137 2
10330 3
10335 2
344 2
10340 3
18534 2
18535 1
18541 0
18543 0
18544 0
2162 3
18547 0
1726 2
10358 2
2171 0
10365 2
10366 2
2176 2
18563 0
10372 1
11286 2
1982 0
2184 3
2185 2
18571 1
10380 1
10382 2
18575 3
10384 0
10386 1
18579 2
2196 0
366 2
10391 1
7711 0
2201 2
2202 2
18589 1
18591 1
10401 2
18594 2
2211 0
10405 2
7166 3
18604 2
2223 2
18609 0
18615 1
2236 2
2238 2
10432 2
10434 2
10435 2
8258 0
18632 2
18634 1
10443 0
2254 2
18640 1
2257 0
10450 2
2261 1
2262 0
10456 1
18649 0
18650 1
18651 1
2269 0
10467 2
2276 0
2278 2
2279 3
2280 1
10473 0
10477 2
8573 1
14527 3
18673 0
10483 0
2292 0
18677 0
10486 2
18679 3
10488 2
14122 3
18683 1
1749 0
10498 2
18134 2
10502 2
18695 0
2313 1
2315 2
10510 0
18704 1
18706 2
18707 1
2324 2
10517 1
18710 2
10519 0
2329 2
18714 1
18715 3
16990 2
14042 2
18718 1
2338 2
18723 1
18724 0
10533 2
10537 2
18733 2
18734 2
10543 2
18738 0
2355 2
2356 2
1758 3
18743 0
2360 2
18746 2
18747 1
18748 2
2365 3
18750 1
11317 3
2368 1
10564 2
10565 2
13718 2
2377 0
10574 2
10575 1
10576 2
2385 2
18771 2
10580 0
15417 2
18777 3
10586 0
10589 2
2398 1
10592 2
16784 2
2406 1
10602 2
1444 2
10604 3
2413 2
10606 1
10607 1
10609 0
10612 2
1769 2
18809 2
2426 1
18811 1
18814 2
18815 2
10624 0
2433 1
7446 2
18819 0
17539 3
18824 3
12695 3
2444 1
4173 2
10640 3
2450 2
2452 2
18838 0
2455 2
18840 2
18844 1
16794 3
10654 1
2463 3
10656 0
4992 1
10660 2
2469 0
10662 2
10663 3
2472 2
8604 2
2475 1
10672 2
10677 3
10678 2
10679 2
2491 0
17541 1
2498 2
2500 2
1782 1
2505 3
10698 2
10701 2
10702 2
10706 1
8611 2
10709 2
2522 3
10715 1
2525 1
2528 0
10724 0
12710 1
2534 1
10734 1
9982 1
10742 2
10745 0
4522 1
2563 2
10761 0
13675 1
8621 0
2576 0
2578 1
10771 1
2580 2
10773 1
10774 1
2583 3
10777 1
10780 0
2593 2
2595 2
10788 1
2599 2
2606 3
10799 1
10800 0
10801 2
10803 3
10807 0
16454 3
10814 1
10816 0
2628 1
10822 1
2631 1
10825 0
2634 2
4535 3
1640 2
2640 2
12728 2
2642 0
10845 2
2654 2
2655 2
10851 1
10852 2
10853 2
10001 0
10857 0
10858 1
10860 1
4541 0
10867 1
10876 0
10879 2
17740 3
10881 2
10884 0
4545 0
10895 1
10897 3
10901 2
10905 2
2714 0
2715 2
1727 0
10911 2
10913 3
2725 2
10919 0
2729 1
2731 3
10925 1
2735 1
2738 3
2740 0
2741 2
18207 2
10940 2
2753 2
2756 2
2758 2
14113 3
2764 3
2768 1
10185 0
16846 1
2775 1
8655 2
638 0
10974 3
5925 2
2791 2
2792 2
2797 3
10991 1
10024 0
10994 1
2803 2
2807 3
11004 2
11005 1
11012 2
11016 0
7732 1
16857 1
11034 2
5823 2
11038 2
2848 0
18224 0
11042 2
2851 1
11045 2
18225 2
11051 3
11053 2
477 2
11056 0
11057 2
11059 0
11065 2
2880 2
11073 1
2883 0
2884 0
11078 2
11079 2
7308 0
11082 2
11086 1
11089 2
11091 3
11092 3
5945 2
11097 1
2909 1
2910 1
11103 0
2916 3
2917 0
11111 3
14140 2
11118 0
18237 1
2928 1
2930 0
6917 2
11125 1
11128 2
2938 2
11132 2
2944 2
11140 1
11142 1
11144 1
16876 3
2958 2
2960 0
2962 0
2968 2
10052 1
11165 0
10053 1
2979 2
2982 3
18247 2
2988 0
498 0
2991 2
2992 2
10056 2
11187 0
5828 0
15921 2
15345 0
3000 2
11193 0
11194 2
3004 0
17558 1
3010 3
3012 2
9375 0
11214 2
14157 2
16888 1
11220 1
3030 1
16889 2
11225 0
11226 2
3035 3
8698 1
15525 2
11239 2
3048 3
3049 2
3052 1
3057 0
3058 1
3241 1
11258 3
11259 2
11263 3
3072 0
3073 1
3079 2
3081 2
10741 1
3087 2
921 2
5976 3
3094 2
3098 1
3104 0
11300 2
11305 2
3114 3
11307 2
11310 1
3119 2
11313 1
3123 3
3125 0
1468 2
3132 1
11327 2
11329 2
11330 1
3141 2
11334 2
11335 2
11336 2
3145 3
11339 2
18274 3
8968 0
11344 2
11346 2
10083 2
3157 0
11350 1
3169 3
3170 3
11364 1
11365 1
11366 0
3177 3
11371 2
3180 3
11453 2
3185 0
3187 2
11383 1
379 0
5562 1
11393 2
11397 2
11398 2
3207 2
3208 2
3209 2
3215 2
3216 2
8728 2
11411 2
3224 3
3226 2
10095 2
15557 1
11425 2
11428 3
3381 1
11430 0
11433 2
11434 2
3246 2
3247 2
108 2
3250 2
1907 0
11444 2
16926 2
11446 1
3255 1
3256 3
3257 3
11450 2
11451 1
3260 0
3261 1
3263 2
3264 0
11457 2
3268 2
11461 1
11462 0
11469 2
3281 3
15566 0
11478 3
10105 0
3288 2
3290 3
3291 2
11484 1
3294 0
3298 1
11494 3
3305 1
3307 1
3310 2
11503 0
11504 3
12840 1
3314 3
3320 2
11513 3
11514 2
3323 2
8746 2
3327 0
3330 1
3286 1
14209 0
11528 1
3342 1
3347 0
8750 2
11543 2
3352 1
3359 3
12849 0
11562 1
4658 2
3380 1
11573 2
3386 3
11579 2
3389 2
11584 3
3393 1
11586 0
3395 1
3399 0
3400 0
3403 3
11599 1
11600 0
3409 0
3411 0
3420 2
3422 1
3424 3
3428 1
11622 0
14225 0
572 0
11629 0
11630 0
3440 1
11633 0
11636 1
8766 2
3448 2
11641 2
575 1
10134 0
11654 0
3463 2
11659 2
9352 1
12866 2
3470 1
3472 2
11502 2
3485 1
11678 0
3491 2
3494 2
11690 0
583 1
7410 2
11694 1
3506 0
3509 2
11707 2
3516 3
11709 1
3520 2
3521 2
11716 1
18121 1
11724 2
11731 2
11738 1
3548 3
11743 1
11746 2
10151 3
3564 3
3566 1
3568 0
3572 1
3573 0
3665 0
3579 1
11773 2
3585 2
10155 2
3588 0
7425 3
3595 0
11522 2
3601 3
3607 0
11800 2
11802 0
11808 1
6064 2
4699 1
3621 2
3622 2
11816 0
11818 0
11821 1
11822 0
11823 1
3632 0
3634 3
11828 1
3637 2
11831 1
11833 1
16991 3
11838 2
1973 0
11841 2
11842 0
6941 0
3653 2
3655 1
11849 0
3661 2
11854 0
11855 0
11856 3
11857 0
3671 2
3674 2
14266 0
11874 1
1979 1
11877 2
11879 2
3688 1
11881 1
11884 2
3694 1
11887 2
3701 2
3702 2
12905 3
3704 1
3706 2
11900 2
3710 0
11909 2
11912 2
11913 1
11914 1
3727 2
3730 2
8358 0
11924 3
3734 2
3738 1
3741 2
670 2
3745 2
11941 2
3752 3
15645 3
11952 2
18376 2
11957 0
18377 0
3771 0
3775 2
3777 2
3779 1
3782 2
7457 0
3785 3
3789 0
3790 2
3792 0
11990 1
3800 2
15652 1
18383 2
11999 2
3808 2
3811 2
6128 2
12006 0
12013 2
3822 3
4733 2
3825 3
8830 0
3830 0
12037 2
12054 0
12058 2
12060 2
17029 0
2311 0
865 1
3876 2
3879 2
12077 2
3887 2
3889 2
3897 0
3901 0
12095 0
12098 1
12100 2
12103 3
12110 2
1767 2
18404 2
4768 2
3932 3
12127 2
3936 1
12944 2
12130 2
3387 1
12135 0
12136 2
12139 2
12141 1
12145 1
12152 1
12154 0
12157 3
3968 3
7489 2
12170 2
3979 1
12172 1
12173 0
3983 2
3985 2
12181 1
8625 2
3992 3
14211 0
8858 2
12190 0
4001 1
17725 0
12206 1
12957 1
4017 2
12211 2
12212 1
4766 1
4024 1
17055 2
18421 3
4033 2
12228 1
4038 0
12233 0
14327 2
4046 1
4048 0
10233 1
4058 2
4061 0
14047 1
12255 1
11592 0
12257 0
12259 2
12261 1
12262 2
12265 1
12268 2
12269 3
12270 2
12271 0
12272 2
12274 0
4085 1
12278 1
4087 0
6143 3
12285 0
4097 0
4098 1
4106 2
12300 2
4115 0
12308 2
12312 0
12313 2
17071 2
4126 0
12322 2
12324 2
12325 0
17050 1
17073 2
7516 2
12330 1
6151 2
4140 0
4141 0
4142 0
4143 0
4146 0
4151 2
4156 0
12349 1
14347 2
4164 0
4171 1
7522 2
4175 2
4176 3
4177 2
4180 0
12375 1
12377 2
4187 3
12380 0
4191 2
12987 1
3430 3
12390 2
4199 0
4200 3
4797 2
12405 2
4215 0
9109 3
12411 2
4221 2
12414 2
4505 0
4225 2
4226 0
12420 2
12422 2
12426 0
4235 2
12429 0
4239 0
12433 2
12436 2
4245 2
12439 0
4248 0
12445 2
4256 2
4262 2
4264 1
12459 1
4270 0
6173 0
12466 1
12470 2
12472 1
6175 1
12486 2
6177 1
4297 0
12492 2
12494 2
12495 2
4305 1
12498 2
12500 2
12502 2
12503 0
4316 1
12513 2
4323 2
4324 2
12521 2
4332 2
4333 2
4335 2
4337 2
13011 0
4340 0
4341 1
4342 2
12536 1
12537 3
4354 2
14379 3
4357 1
4359 2
12553 2
12554 3
4364 2
9147 1
4370 1
4371 2
4372 2
4374 2
10287 2
12573 0
12575 0
4384 2
4385 1
4389 2
4390 1
12584 2
4394 1
12590 3
12592 2
2099 2
12596 2
12597 1
4407 0
12603 3
4418 0
12615 2
12617 2
12622 1
14392 2
12628 1
4438 3
16178 1
14945 1
4836 0
4442 2
12638 2
4837 2
10299 2
12644 3
12647 1
12648 2
4458 2
12652 2
15762 2
12654 0
12657 2
12660 2
4471 1
12666 0
4475 0
4478 2
11612 3
12674 3
8939 2
4485 2
12678 1
12679 2
12684 1
4498 2
4501 0
4503 2
10308 0
4509 1
12703 3
4518 1
12712 3
12713 2
12714 1
4525 1
4532 1
4534 1
12727 1
4536 0
4538 2
4539 1
12733 1
12734 0
4853 0
12737 1
12739 2
12742 1
4552 1
4553 2
12747 2
12748 2
4557 1
4559 3
12754 2
4566 2
12759 1
4571 0
12765 2
4574 3
15781 1
4579 3
4580 1
4582 2
17065 0
4586 1
4589 2
12782 0
4592 0
12786 0
12788 2
12790 0
12792 1
12795 0
4605 2
8960 0
4610 1
4611 2
12805 1
12811 2
4621 2
4626 2
4627 3
12820 2
4629 0
4630 0
4632 2
2138 2
4648 1
4653 0
12847 2
4656 1
4657 1
12850 2
4659 2
12852 2
4661 0
16522 1
12856 2
2143 3
12861 2
11701 2
4674 1
12867 1
12868 2
12870 1
12871 0
12872 2
11215 1
12875 0
12877 2
4688 1
4689 0
4697 1
10522 1
17167 2
14437 2
4704 1
8976 2
3515 1
4709 1
4710 1
4713 0
12906 2
12907 0
7069 0
4726 1
12919 1
4728 2
4729 2
12925 1
4735 3
12933 0
12938 0
4887 1
4748 1
15810 0
4752 1
792 0
12951 0
794 2
12958 0
12960 2
12963 1
4773 2
12966 3
12968 1
4777 1
4779 1
12972 2
3978 2
4784 1
4786 3
6259 0
798 2
4793 1
4794 2
8991 2
12989 2
4801 1
12998 1
4808 1
5542 2
13004 2
4813 1
4814 2
13010 0
4819 1
4822 0
4826 1
4827 1
13020 0
4831 1
4832 2
4833 3
13027 0
13028 0
13029 3
4838 0
4839 0
4840 0
8999 0
4844 1
13037 1
13039 0
4848 1
13041 2
13043 2
4852 0
13045 1
13047 0
13051 2
7637 2
13056 0
4866 0
13060 0
4872 2
13079 0
4890 2
13084 2
7642 2
4897 2
4900 0
4901 0
13094 3
13096 2
11620 1
2183 2
4909 0
13112 1
4929 0
4930 2
4931 2
4933 0
13128 1
13129 2
13135 2
13136 2
4948 2
18574 2
13142 1
13143 0
13144 1
2191 1
13148 2
13150 3
13153 2
4962 0
13156 0
4965 0
13158 1
13159 3
9362 0
17213 0
13168 2
13169 1
4978 1
4981 2
13174 0
13178 0
13181 1
13184 1
4993 2
4994 1
4997 2
13190 3
13191 0
5001 2
2199 2
13202 1
13204 2
13206 1
13209 2
5021 2
13214 1
13215 3
13220 2
5030 2
5031 3
13229 2
5043 2
13237 1
5046 2
13240 2
2207 1
13244 2
18037 1
5057 3
5058 2
5063 2
13259 2
13262 2
5072 3
5073 3
13266 1
13267 2
13270 3
2624 2
5081 0
5082 2
13277 2
5086 1
6309 0
13281 0
5090 3
13283 2
13286 3
13288 2
13289 2
5100 2
5101 3
13295 1
13297 0
13300 2
13301 2
13303 2
5113 2
5115 1
13311 2
5122 2
5123 2
13317 0
13320 2
10412 2
5130 1
13324 2
6317 2
13329 2
5138 0
13331 2
13332 2
13334 0
5143 1
13337 2
13342 2
13346 2
13147 1
2225 1
5160 0
17244 0
13355 2
13356 2
5165 0
13358 1
861 2
13360 2
13363 2
13364 3
13366 0
13371 3
13373 2
13374 2
13376 3
5185 0
5186 0
5191 2
13384 2
13387 1
5196 2
13154 2
13392 0
13396 0
5206 1
13405 2
5214 2
13411 0
13413 2
5222 0
13415 0
10428 0
5226 1
14525 1
5233 2
13428 3
13435 2
5244 0
5247 2
13442 2
5251 2
13460 0
5272 0
5277 0
4976 0
13476 3
5285 2
13479 2
5290 3
5293 2
5294 2
15901 1
13490 1
5301 0
13494 3
5303 0
13496 2
13497 1
5306 1
5307 0
13503 2
5317 0
5318 0
5321 3
5322 2
13517 0
5326 0
5328 0
3619 2
5336 1
13532 0
4986 2
13534 1
7717 3
5345 2
5347 2
5348 3
18641 2
13545 3
7719 1
2258 2
13551 2
5361 2
5362 2
13556 0
13559 2
5369 2
13565 2
5376 2
13569 2
5378 2
7723 2
13573 2
13575 0
13577 1
13578 2
13586 0
13587 2
13588 2
9092 0
13596 2
11824 1
13602 2
5539 1
13605 2
13607 2
13608 2
10089 2
903 0
5422 2
5423 0
5424 0
13621 2
13624 1
13625 0
5436 3
17985 2
5441 2
13195 0
5444 2
13638 2
9100 2
13644 3
13645 3
5457 2
13650 3
13651 0
5460 2
13655 1
13657 0
13658 2
5467 0
5469 1
15931 0
5478 0
5483 1
13676 0
13679 2
13680 0
13681 3
5493 2
5495 3
5496 2
5497 2
5499 2
5502 1
13695 2
13697 2
1820 3
13704 2
5513 2
13708 3
13710 2
2285 2
5520 0
5521 2
13717 2
5526 0
13823 1
5528 0
5531 3
13727 1
923 1
13734 1
10973 2
5549 3
5551 1
5553 2
5556 1
13750 2
13751 1
10484 2
13754 2
5564 1
13759 0
5571 1
5576 1
13769 0
5579 2
13772 2
5581 2
5583 2
5587 1
5588 3
5589 3
13783 2
11643 1
13789 3
13790 1
13791 2
5606 0
13799 2
5612 2
5624 2
5626 3
5627 1
13822 1
5631 0
5637 1
5639 2
3461 0
5641 0
13834 2
5644 3
13838 1
8619 3
13841 0
5657 1
5658 3
13852 2
13282 2
5666 0
5670 1
5672 3
5674 1
5675 1
17330 3
13873 2
5684 3
5685 2
5686 2
13879 2
462 3
5691 2
11919 3
5697 2
10507 2
13892 3
6412 2
13900 0
13906 1
13908 1
5720 2
13913 0
13914 3
13917 2
5727 0
13920 2
5731 2
13926 3
13927 1
13928 1
13929 1
13933 0
11880 1
13943 2
18708 2
13949 3
13951 3
5763 2
13959 1
13963 3
13965 0
5780 1
15741 1
13978 2
5787 0
2330 0
13984 0
10523 2
16287 0
13993 2
5802 0
13995 2
13997 0
2333 2
5810 0
5811 2
14004 3
14006 3
17354 3
14015 0
9053 2
14022 2
194 0
14029 2
5840 0
11896 1
5843 2
14036 1
5845 0
14038 2
5847 0
5850 2
14045 0
18725 1
5859 2
5860 2
6439 2
5873 1
14067 0
11902 2
5881 2
14077 3
14085 3
5894 0
14095 2
5907 2
5909 3
14103 1
14107 0
5921 1
14116 1
14117 2
14118 0
5930 2
14123 1
14129 1
14130 1
14133 2
14136 2
10548 1
14138 1
14139 1
5948 2
14142 3
9184 2
14148 2
6859 1
5960 3
5965 2
5966 2
14166 2
14168 1
14171 0
5980 3
5982 2
16839 0
14186 2
14187 0
14189 0
5998 3
14191 2
14194 2
6004 0
14201 0
14202 3
6011 2
6012 0
6013 2
6015 0
6017 2
6019 1
14212 2
6022 2
6025 2
7832 3
14226 2
14227 1
14228 0
14234 0
5103 1
14237 0
18757 0
14242 0
6053 1
14246 2
6057 2
14251 0
14253 2
6062 3
14256 1
6065 2
6067 2
6070 2
14264 2
14265 2
6074 1
17280 1
14272 0
14274 2
14278 2
14281 2
14282 1
14286 1
14287 1
14289 1
2382 0
6106 0
14301 0
14302 2
1840 2
6115 3
6122 2
6126 2
14320 2
14321 2
14322 2
14323 2
6135 2
2388 2
14330 0
6140 2
8115 2
14335 2
6144 1
6145 2
6146 3
14340 0
6149 0
17409 1
6152 3
6153 0
6154 2
18775 1
6156 0
6158 2
6159 2
6164 2
14358 0
2393 3
6169 2
14362 1
14364 1
14365 3
6174 2
14367 1
6176 1
14369 2
6180 3
6183 2
14376 2
6187 2
14380 0
14383 0
14386 2
14387 2
6196 2
14389 2
14391 0
6200 1
6201 2
14394 2
6206 2
6209 2
14403 0
427 2
14409 2
14411 2
14412 2
14414 2
6225 2
14420 2
6231 2
6235 2
14431 1
14433 2
6243 0
18790 0
14439 2
6250 2
6251 2
14444 2
6253 2
14446 0
14449 2
14451 0
6260 1
14453 0
6265 3
14458 2
17121 2
6269 1
6270 2
14463 1
6272 3
14467 1
14474 3
14476 0
6286 3
7875 1
14488 3
14489 1
14491 1
6307 1
14501 0
14504 2
6315 0
6316 2
14509 2
14510 2
14511 0
6320 2
6330 2
6331 2
6332 2
6333 1
6335 0
14533 2
14534 1
14535 1
6345 0
14538 2
6348 3
6349 2
14546 0
6355 3
6360 3
6365 0
6367 2
6368 2
10026 2
6370 2
6371 0
14564 0
14571 2
16082 2
6383 1
15761 2
6385 2
6386 1
14580 3
10622 2
6392 0
6393 2
14586 2
14591 2
3798 2
6407 2
6409 1
6410 3
6411 1
14604 2
14605 0
6416 3
6426 1
6427 2
14623 0
14625 2
17945 2
6438 0
14631 2
14632 2
11944 2
14636 2
6445 1
6446 2
6448 1
2440 2
14642 2
14647 2
14651 2
6462 0
17461 3
6466 2
6467 2
6468 1
14661 2
14662 2
14664 1
6473 2
6475 0
14669 2
14671 0
14673 2
14677 2
6488 2
14682 2
14685 0
6494 0
6497 0
14690 2
6500 3
6502 2
6503 2
6506 2
6514 1
6515 2
807 2
6519 2
6522 2
6523 2
6527 1
14722 2
14724 2
13377 0
14728 3
14730 1
18839 2
13378 2
4855 2
14736 2
14737 2
9287 0
7918 0
14746 2
14750 2
6563 3
14760 1
6569 3
6571 0
6573 0
6575 2
6576 2
6577 1
14775 1
6584 2
6585 1
14778 2
14779 2
6588 1
14782 2
6591 2
6593 2
14787 0
14789 2
14791 2
6600 0
14793 1
8009 2
5197 3
6608 2
14802 2
14804 2
14805 2
6614 2
6617 2
14811 2
14812 3
6621 2
18853 2
14822 0
14825 2
14832 0
6641 0
14761 1
6648 2
14841 2
14844 2
14845 0
14848 1
14849 2
14850 2
6662 2
17495 1
6668 0
17496 3
14867 0
14869 1
6679 2
14873 2
6683 2
14877 2
14878 2
14879 2
8406 1
14881 1
14883 1
6692 2
7942 1
14886 1
6695 3
14889 0
6698 1
6703 1
6706 1
6708 1
6709 0
14902 2
14903 2
14904 2
6713 0
1119 2
14911 0
14912 0
14913 2
6722 2
16139 2
14916 0
6730 1
6583 2
6733 0
16591 2
6736 0
10590 2
6741 0
14934 2
6744 1
9316 0
6747 2
6750 2
6751 0
6753 0
14947 1
13414 2
14950 2
6760 0
17511 1
14957 1
6770 2
14966 0
5225 3
14969 3
14971 0
14972 2
17514 2
6782 1
14977 0
14979 3
6788 1
14983 2
6794 2
14989 0
14992 0
7123 2
6803 1
14996 2
15001 1
17519 2
15004 2
6815 0
15008 2
15009 2
15010 1
15011 0
15017 1
6828 1
15021 2
6836 1
6839 3
6841 2
15034 2
15037 1
15039 2
15040 1
15042 2
15045 2
15048 2
15051 2
6860 1
6861 0
6862 3
15055 2
6866 2
6868 1
15062 1
15066 2
15067 2
15068 2
15069 2
15070 2
6879 2
6881 2
15074 0
15075 2
15078 2
6887 1
15084 3
15087 2
6898 1
15091 1
15095 1
6904 0
6907 2
15102 1
15105 1
15107 1
15109 1
15110 1
6920 2
6923 0
6925 0
6927 2
15123 1
15124 3
6933 3
15128 0
12079 3
6940 0
10714 1
6942 1
15135 2
16598 2
15137 3
6946 2
6619 2
15140 0
15143 2
15145 0
6956 0
6957 1
6958 2
6961 1
6964 1
15157 2
15160 1
15162 1
17546 2
6974 0
14401 0
15171 1
15172 2
15174 2
15176 1
6986 2
15181 1
6991 0
15184 0
15189 0
6998 2
15194 2
7006 2
10726 2
17553 2
15209 1
15212 3
7021 3
7022 3
7023 1
18432 1
7026 0
15220 2
15225 1
15226 2
15228 0
7039 1
15233 2
15235 1
7044 3
7045 2
15239 2
15240 0
17559 2
7052 1
15245 2
15246 0
13464 3
7060 0
7065 3
7067 0
15260 2
15261 2
7070 2
7074 2
15268 0
15269 1
15270 0
7079 3
7080 0
15276 2
9373 3
15282 2
15283 0
15284 1
15286 1
15287 2
15289 3
17567 3
15292 1
7102 2
15295 2
15296 2
7105 1
15301 2
15303 2
7114 2
1186 0
7120 2
7121 2
1187 2
2553 1
7130 0
15324 1
7134 1
13477 2
15329 2
15330 0
7139 0
15333 2
7143 0
15339 3
1192 2
7154 1
7158 2
15351 1
7162 0
15355 2
7164 2
15358 2
15364 2
15371 2
15374 0
13485 2
15376 3
7185 2
7186 3
10755 0
15380 1
7193 1
7195 0
7203 2
7205 1
7209 2
15405 2
15406 2
7216 2
15409 2
6787 0
15413 2
7225 0
7227 2
15420 0
7229 0
17589 0
15425 0
15426 1
15428 2
15430 1
7243 2
7245 0
7246 2
15445 2
18245 0
13498 2
7264 2
15457 2
15461 0
15236 0
7292 0
16234 2
15486 2
7300 2
15494 3
15500 2
13064 3
15503 2
15505 0
15506 1
15509 1
15510 2
15511 0
15518 0
17605 1
15522 1
14875 2
1222 0
15526 1
15529 0
15532 3
2427 2
16339 0
13884 2
15552 1
11429 0
7363 0
16612 1
7367 2
7370 3
7372 2
15565 1
7374 3
6691 1
7386 1
15579 2
7388 2
7391 1
15584 2
7394 2
15596 3
7405 2
15600 2
15602 2
5331 3
15605 1
15606 2
6697 2
9428 2
15610 0
7421 0
15616 0
15617 2
15618 0
15628 3
17160 0
7440 2
15638 2
7447 2
7450 2
15644 1
7453 1
15647 1
15649 3
7458 1
7459 2
7460 2
15653 0
15654 2
7463 0
15658 2
3975 0
7472 3
15665 1
7475 0
15669 1
15670 3
15672 1
7481 1
15676 0
15677 1
7487 1
17632 1
7491 2
7493 2
7495 0
7496 0
2615 2
15694 1
15696 0
15699 1
15701 0
17636 1
15707 1
15708 2
15713 2
15714 1
6715 2
15716 0
7525 3
7526 3
15722 2
7533 0
15726 1
15729 1
7538 3
15734 2
7543 2
7544 2
15739 0
7549 2
1888 2
15746 0
7555 0
15748 2
15749 1
7559 2
7561 2
7563 2
7564 2
14914 2
7566 2
15760 0
12184 2
7570 2
15764 0
15765 2
7575 2
10820 3
7580 2
7582 3
15775 0
7585 2
7589 0
15782 1
15787 3
15788 1
17650 1
15798 1
15801 0
10619 0
7612 1
3254 1
7618 0
15812 2
7622 0
7623 1
7624 3
7627 0
15820 1
8098 1
15824 2
15829 0
15830 3
7639 2
15834 1
7643 0
15837 0
7646 2
7649 2
15847 1
10583 2
15852 2
15853 1
7667 1
6740 1
15868 2
7677 3
7683 2
15877 0
7687 1
7691 1
7693 2
7694 1
7695 2
7701 0
15895 0
15898 2
7708 1
7709 3
17669 2
7714 0
7715 0
7716 0
9478 2
7718 2
15911 3
15915 1
15920 1
17672 0
4019 1
15924 1
7733 3
7739 0
7747 2
7751 2
7757 0
15954 1
7766 1
15960 0
15962 0
15963 2
15969 0
7780 0
7781 2
15979 1
15980 2
7789 2
7791 1
7795 0
7796 3
7798 1
15996 0
7806 1
1301 2
16000 2
16002 2
10485 1
260 2
1624 2
7819 3
7831 1
16024 1
16025 1
16032 1
7841 3
16036 1
16628 0
7848 2
16041 1
16049 1
16050 3
7862 2
16056 1
9503 2
16060 2
16061 1
16064 2
12235 0
6774 0
7878 0
16073 1
7890 2
8142 3
16086 0
16088 1
5412 1
7898 0
7902 0
7912 0
16106 2
7916 2
16109 2
16110 2
16112 0
16113 2
16115 2
16116 1
16117 2
16118 1
16120 1
7932 2
7933 2
16127 3
16129 1
16132 0
16134 0
16136 1
7945 2
16138 2
7947 2
16140 3
7949 2
16143 2
16144 0
8152 3
16147 3
7956 2
7957 0
16150 2
16152 1
12813 2
16157 2
16158 3
7968 0
16164 1
16166 0
7975 2
7979 2
16176 0
7986 2
7989 2
16183 2
16186 2
7998 3
10632 1
16196 1
16197 0
8007 3
16201 1
16203 0
8014 2
8723 1
8018 3
8020 2
16213 0
16215 1
16220 2
8029 3
16223 2
16224 2
16226 0
16230 0
8042 0
16238 3
9533 2
18817 2
16250 2
8059 3
10907 1
8069 2
16263 2
16265 1
16266 2
8076 2
16271 2
16277 2
6809 0
542 2
4079 0
16284 3
8095 3
16288 1
16290 0
16291 2
8101 1
16294 3
8105 2
16301 1
16304 2
16306 1
16307 0
8116 2
16309 1
1353 0
543 2
8123 0
16318 0
16321 0
16324 0
16325 0
16329 0
16331 1
8325 2
8145 1
6819 3
8148 0
16344 2
8154 3
16349 1
8159 3
8455 0
16355 1
16358 2
16360 1
8169 2
1363 2
8172 1
4093 1
8179 2
16372 1
8182 2
16379 2
16380 0
16381 1
17749 1
