16385 2
16386 2
16387 2
8197 2
8198 2
16393 2
16395 0
13107 0
18004 2
16406 0
5465 2
8216 0
8217 0
16412 0
16414 2
16415 2
33 0
16418 0
8227 2
8228 2
37 0
16422 2
8232 0
274 2
8237 2
16430 2
5469 1
48 1
16433 2
52 1
16438 3
8247 1
14239 0
16441 2
8250 1
13017 1
66 1
16452 1
69 1
1377 2
16456 2
73 2
16458 2
75 2
16460 2
16463 0
16464 1
81 0
8608 1
8276 1
16469 1
88 2
90 1
8285 1
8288 2
8289 2
98 2
16484 1
16485 0
8295 2
104 0
8297 2
17767 1
108 2
110 0
112 3
8305 0
114 0
8307 2
117 0
16502 0
119 1
8313 2
122 3
16509 1
126 2
16511 0
16512 1
8323 1
16516 1
8214 1
16518 2
16519 0
136 0
16521 0
8330 2
139 3
16525 0
8334 0
16528 1
7097 2
8340 2
16533 1
151 1
8345 3
12908 0
16540 2
16541 0
158 3
16544 3
8353 1
162 2
163 2
8356 3
8358 0
168 1
169 1
170 0
15047 0
16557 2
175 3
177 1
16562 2
8371 2
180 3
183 2
186 2
3825 3
16572 3
190 3
8383 2
1115 1
16580 0
16581 1
15555 1
8391 2
200 0
201 1
202 2
203 0
8397 2
207 2
208 2
8401 2
16594 2
8403 3
8407 2
16600 1
220 2
221 3
8415 1
8417 3
8418 2
16612 1
16614 0
10961 0
233 2
16618 2
16619 0
16620 3
237 2
8430 2
17789 1
240 1
16625 0
16626 2
8435 3
16628 0
16629 0
8438 2
16631 0
16632 2
8445 3
16638 0
1408 0
8450 1
16646 1
263 2
16648 0
8458 1
8460 2
8461 3
8462 0
271 2
16658 0
9603 1
8468 0
884 1
8473 2
16666 1
283 3
284 1
10970 0
16672 0
16675 0
8485 2
8486 2
8488 2
297 2
8490 0
299 1
4146 0
8494 0
303 2
8496 2
16689 1
6284 0
307 0
6878 0
8502 1
5513 2
1418 0
16703 3
8513 0
324 1
8517 1
8518 0
15073 1
1475 1
16713 0
16714 0
332 2
16719 2
8528 1
338 1
16723 3
13041 2
16725 1
342 2
16727 1
344 2
8539 1
16732 1
8541 2
18593 2
354 2
16739 1
16740 0
16741 2
358 1
359 3
15079 3
365 2
366 2
10105 0
16752 2
8561 0
5195 2
8564 2
8565 3
374 2
8568 0
3013 1
8571 0
16764 3
8573 1
8575 3
384 1
16773 2
390 1
16776 0
15084 3
394 2
397 3
400 0
401 2
8594 1
405 0
16790 1
8599 0
8600 1
8260 0
410 2
10991 1
8604 2
832 2
10992 2
8610 1
8611 2
420 1
8613 2
16806 1
423 2
17472 0
8617 0
821 1
427 2
16813 1
16814 2
16815 2
8264 0
435 1
16824 0
16827 2
444 2
74 0
446 2
8640 0
16833 2
8642 0
8643 1
8644 2
454 2
455 1
16841 2
458 3
16843 3
460 0
462 3
8655 2
464 2
16851 2
16854 2
8664 1
16857 1
16858 0
477 2
16862 1
16864 2
16865 0
16866 1
8675 2
16868 2
485 2
488 2
16876 3
8686 3
16880 0
16881 1
8691 2
500 2
15102 1
14474 3
504 3
16889 2
8698 1
509 3
16896 1
16897 2
16902 2
519 1
16904 3
16907 0
8716 1
16909 1
8718 2
5549 3
528 2
8721 2
16914 1
532 3
5550 2
535 0
538 0
8732 1
16926 2
16927 1
16928 2
8738 0
8739 3
548 1
8742 1
551 1
553 1
8746 2
555 2
558 1
563 2
564 1
8758 2
8759 1
8761 1
8762 1
16956 1
8765 0
574 0
575 1
16960 1
577 1
16962 2
8771 3
8772 0
15295 2
16966 2
583 1
585 2
8780 1
8781 3
591 1
16976 1
15841 2
8788 2
9657 0
16985 1
8795 3
8796 0
8797 3
607 1
16993 2
8802 1
611 1
8804 1
8805 2
8806 0
16999 0
617 0
17002 1
8811 1
621 2
8814 2
8296 2
15123 1
17013 2
8822 2
16489 3
8824 0
8826 0
8827 2
8828 1
17022 0
639 0
8832 2
641 0
8835 1
17028 0
8837 0
17030 1
8841 2
17035 2
17036 2
17858 0
654 0
17040 1
17041 1
658 0
17043 0
662 0
15129 1
17048 3
17049 1
8858 2
667 2
8862 2
8863 3
672 0
12843 1
674 0
17059 0
17060 3
17061 2
17062 0
8872 2
17065 0
17067 1
17068 3
8877 1
688 0
8881 2
115 1
17077 3
17079 2
17085 0
296 0
17088 0
17089 0
8898 1
17093 1
8902 2
8904 1
17097 2
8906 2
17099 2
17100 0
6946 2
17104 0
17106 0
2851 1
8916 2
8917 1
17111 2
8921 2
8922 1
17119 0
8928 1
8929 2
8930 2
4219 0
8932 0
741 2
17126 2
8935 2
8936 1
745 1
8938 2
8939 2
17135 2
8945 2
754 2
9683 0
12573 0
757 2
13937 1
17144 3
8953 1
8959 0
8960 0
8320 0
17154 0
5590 3
17158 1
17159 3
496 2
780 2
17168 2
17169 0
787 2
17173 1
8982 0
17176 2
8985 0
8986 2
8988 3
797 1
17182 1
8991 2
8992 3
8993 0
17187 2
8996 2
17191 0
808 2
13788 3
17194 2
17195 0
17196 1
17197 0
17199 2
9008 0
9011 2
820 2
5598 0
9014 3
17207 3
9018 2
17211 1
16522 1
15157 2
17216 1
17218 1
8331 2
17220 1
837 0
841 1
17226 0
17227 1
844 2
9037 2
28 0
17231 0
9042 2
852 2
9045 2
4120 0
17239 1
856 0
17242 2
17244 0
861 2
862 0
17249 0
9059 0
17252 2
870 2
871 0
1120 3
2484 0
17262 0
879 2
17265 2
882 0
9075 2
17268 1
9079 1
888 2
889 0
9082 2
17275 0
9084 1
9086 1
9088 3
17281 0
17283 0
900 1
9094 0
9095 2
904 1
17291 2
17292 1
17294 0
911 2
17296 3
17297 0
17300 1
917 1
918 0
9111 2
10454 0
9115 1
9116 1
743 0
926 3
17311 2
928 1
17313 2
930 0
932 3
17317 1
9127 2
9129 2
17323 0
9133 0
944 0
17330 3
9139 2
15580 2
9142 0
952 1
9145 0
956 1
9352 1
961 1
9154 2
963 0
964 3
9157 3
9158 3
9161 0
13815 0
9034 0
8354 1
4124 2
17360 2
9169 0
17364 2
17366 0
17368 1
987 1
17372 3
13818 3
9184 2
17379 2
17381 2
1002 0
17388 2
1006 0
17391 0
3034 2
9201 0
1010 1
17395 2
17396 2
17399 2
9209 1
17402 1
9211 2
9212 1
1021 0
17406 2
15189 0
9216 0
9217 2
9218 2
1027 0
1028 1
17414 0
17418 0
9229 1
9230 0
173 2
17424 1
17426 2
9236 1
1045 1
17430 2
17432 2
5636 0
17435 3
9246 0
17440 2
17448 1
9257 0
1067 2
178 0
9262 2
1071 1
9264 1
9265 1
9269 2
9270 2
17463 1
9273 3
2911 2
1084 0
17469 0
1088 0
17474 2
17476 0
17480 2
9290 3
17484 0
17485 0
1102 0
17487 2
17488 2
9300 1
17495 1
9304 2
9307 2
9308 1
18859 1
9310 0
1119 2
9312 2
1121 0
17506 2
17509 2
9318 0
9319 2
9320 2
17513 2
9322 1
17516 2
9325 0
1138 2
1141 1
17526 0
1129 0
8767 0
191 0
17532 2
1149 0
1150 2
9343 2
17536 2
17538 1
17539 3
1558 3
17544 2
4403 2
1163 2
17548 1
17549 1
17550 2
17551 2
17552 1
907 1
18114 2
9364 2
1173 2
1174 2
17559 2
15042 2
1177 2
17562 1
1562 0
17566 3
9375 0
17569 2
9378 2
17571 1
17573 1
17574 1
9384 3
17948 2
17578 2
1195 0
17581 1
17582 0
1200 0
8392 2
1203 2
1204 0
1205 1
17591 1
17593 2
9402 2
17597 1
9406 3
16680 1
1217 2
1221 2
17606 1
9761 1
1225 2
9418 1
17612 2
17613 0
9424 1
9426 2
9427 2
9428 2
6282 2
10134 0
1405 2
1240 0
1245 0
17632 1
1249 0
1251 1
17636 1
17637 0
17639 1
17640 1
9449 0
17642 1
9451 0
1260 0
17645 0
7037 1
17649 1
17650 1
17651 0
17652 1
9461 2
9462 2
9465 1
17659 2
17660 2
17662 2
1281 0
17666 2
1283 2
9477 2
9478 2
9479 2
17228 0
1290 1
1292 2
7408 2
17678 1
216 1
17682 0
1299 1
4313 2
1304 2
17689 2
1307 0
17692 3
9501 0
9503 2
17696 1
9505 2
17698 0
17700 1
17702 2
1321 2
1322 2
1323 0
1324 2
17710 2
16605 2
1331 1
17718 1
17719 1
1337 0
1338 1
9531 2
1340 2
17725 0
17726 2
1343 2
9536 0
7051 1
9543 2
16139 2
1353 0
1355 1
9548 0
9549 2
18511 3
1363 2
609 2
1366 0
17753 0
9562 2
1371 0
17756 0
17757 1
1375 2
17760 2
9569 2
17762 2
17763 0
1381 2
1383 2
17768 2
9578 1
9580 1
1391 0
17776 3
17778 0
9588 2
9590 2
17783 2
9592 1
17785 0
9594 2
9791 2
9596 0
9597 2
9600 1
1409 0
1410 2
17795 1
9604 2
17797 3
9606 1
1415 2
1416 3
9610 2
9611 2
9615 2
1594 1
664 0
9623 2
18122 1
1436 1
1437 3
17822 3
1440 2
4483 0
9634 1
17827 1
1444 2
1446 2
9639 2
1449 2
17835 2
9645 2
17838 3
16688 2
17842 2
1460 3
1465 2
17850 1
2975 1
17852 2
9662 2
8437 3
4203 1
1473 1
1474 2
9667 3
9669 2
9670 0
15265 1
1482 1
247 2
9676 2
1486 0
17997 3
5505 0
17875 0
17879 0
9690 2
9691 3
9692 2
9694 0
17887 2
9696 1
17889 0
17891 0
1509 2
17895 0
17896 1
17899 0
17900 2
9709 2
9711 0
9712 2
1619 2
17910 0
9720 1
13908 1
9722 2
10212 0
9724 1
1533 0
9726 2
1538 2
17924 0
17925 0
1542 2
17927 0
1548 2
17934 2
1551 2
17937 2
17938 0
17941 1
17942 0
1559 0
17944 1
1561 2
9754 2
15279 2
1564 1
16419 1
17955 2
17959 2
18012 3
9770 1
1579 2
17964 0
16965 0
1583 2
264 0
17971 2
9781 1
17975 2
9784 2
1593 2
9786 0
17979 2
1596 2
1597 1
1599 0
9792 2
17985 2
9796 0
1605 0
1606 1
1608 1
9801 2
1611 3
17996 1
1613 2
17998 2
17999 0
9601 2
18001 2
18002 0
9811 0
9812 0
1622 2
3001 2
18008 1
9817 2
9820 0
1630 1
9826 2
1635 2
9828 1
9829 2
1640 2
18027 2
18028 1
8466 0
9838 1
18032 0
18034 1
4371 2
1652 2
1653 2
12603 3
1659 0
18044 0
1661 1
1662 2
9856 1
1666 2
1667 1
18052 0
1670 0
1671 1
18056 0
1674 2
1677 0
18062 2
18067 0
9878 3
1688 0
18074 3
13935 1
18076 0
8474 3
1694 2
18079 2
18082 0
1699 1
1700 2
1701 2
1703 1
18088 2
18091 2
1709 0
1711 2
18096 2
1713 0
9906 2
1717 2
1719 2
18104 0
1722 0
18107 3
18108 0
10423 0
1726 2
9921 3
603 1
1732 2
18118 1
1737 1
1738 2
1740 0
1741 3
1746 2
8483 0
18132 1
1750 1
9849 0
1754 1
1755 1
18141 0
1758 3
1760 0
9953 0
18146 0
18147 1
18148 0
1767 2
18153 0
18155 1
18156 1
15314 0
18161 1
1779 0
9854 1
9976 2
3028 2
13951 3
298 3
1790 2
18175 1
18048 2
18178 1
18179 1
17245 1
1799 2
1800 0
1803 0
18188 1
9998 0
1809 2
13760 2
18196 1
18197 0
18200 2
18201 1
18202 1
18203 2
10012 1
1821 1
10014 1
18207 2
10017 3
1827 2
18212 1
18214 2
18216 2
18218 2
1836 1
18221 2
1838 2
10031 2
10032 1
18225 2
10034 1
18227 2
10036 2
10038 2
14246 2
18232 2
10041 2
18235 2
1852 1
10047 1
18240 0
1858 1
18243 0
285 1
18247 2
10056 2
18249 3
18252 1
16429 2
18256 0
18261 1
10071 1
18264 1
18268 1
10077 1
10080 2
5776 2
18275 1
18279 1
10088 1
18281 0
18282 1
3047 0
18284 1
17794 1
336 0
18289 0
18290 0
1907 0
1909 0
18294 1
1911 0
1913 2
18298 2
319 2
18301 2
1918 2
1919 2
1920 2
18306 2
1924 2
1925 3
1927 3
18312 1
3014 0
1932 0
18319 0
1939 1
18324 2
1942 0
1944 0
1946 0
10143 1
10147 3
15068 2
10151 3
18344 2
1961 2
18348 1
1965 2
1969 0
18354 0
9886 0
18358 3
18361 3
18363 1
1980 0
18366 2
10176 1
18372 1
18375 1
18376 2
8524 2
1994 0
18379 1
18382 1
18383 2
18384 2
10196 1
2006 1
9892 0
2010 1
8527 2
18397 1
10207 2
10208 2
10209 0
2020 3
10213 2
2024 2
2025 1
10218 2
18411 3
4434 1
10222 2
5800 1
18419 1
18420 2
18421 3
4705 1
18424 1
12628 1
18426 1
2043 1
10236 1
2047 2
2048 0
10161 3
18434 3
18437 0
18442 1
18443 2
2061 3
5805 2
2065 0
18451 0
10260 1
10261 2
18455 2
2072 2
11268 2
18459 2
12634 0
10271 0
10276 2
18469 2
2086 0
2087 2
18472 0
10281 2
2091 2
2092 2
18098 2
5798 2
7176 1
18482 0
2099 2
2100 0
16424 1
10294 1
18487 2
10296 1
2105 0
10299 2
18493 2
17657 0
2112 2
2113 2
10306 1
18499 1
10308 0
10309 3
5526 0
16737 2
2121 0
10709 2
10317 1
10318 1
2127 0
2128 1
2129 1
2132 0
10327 1
10328 2
2138 2
10331 0
10332 1
10335 2
2144 2
10337 2
10339 1
10340 3
2150 2
2151 0
10345 2
18541 0
9563 0
2163 1
2164 2
10358 2
10363 0
10366 2
2176 2
10372 1
618 1
4437 3
18567 3
18568 0
2185 2
891 1
2189 0
18574 2
18575 3
10384 0
10386 1
18579 2
2196 0
8558 2
2198 1
2199 2
2200 1
2201 2
367 0
18588 2
2207 1
18592 0
10401 2
18594 2
2212 1
10405 2
2215 1
10408 2
10412 2
2221 0
2222 2
2223 2
2224 3
2225 1
712 2
18612 1
10421 2
10422 2
18615 1
18616 1
18617 1
2234 2
18619 2
2236 2
9930 3
18078 2
9349 2
18628 2
18632 2
10441 2
18634 1
12663 2
18636 2
18637 1
2254 2
17533 3
18640 1
16760 0
18642 2
15395 0
18645 0
2262 0
2264 2
18649 0
2266 0
18651 1
10461 2
10462 0
10463 2
10464 1
2273 1
10466 0
18659 1
2278 2
10471 1
10472 1
10475 1
16765 2
18673 0
18677 0
10486 2
1748 0
18682 1
383 0
18685 0
18688 1
10498 2
18691 1
18692 2
18134 2
10502 2
2311 0
10505 2
10510 0
18704 1
10514 2
2323 0
2324 2
10517 1
18710 2
10519 0
339 3
18714 1
10523 2
18717 2
389 1
10530 1
18724 0
18726 1
10535 2
10537 2
2346 0
18734 2
5853 2
2352 3
18142 1
2358 1
2360 2
10554 2
18747 1
10556 0
2365 3
15413 2
2368 1
10563 2
10564 2
10565 2
18760 3
2377 0
10572 3
10573 1
10574 2
10575 1
10816 0
2385 2
18771 2
2388 2
18773 3
2393 3
18778 0
4717 0
18785 3
2402 0
2404 1
10599 0
18792 2
2410 2
18795 0
2412 0
10606 1
10607 1
10609 0
10612 2
18805 3
18806 2
1769 2
10616 1
10618 2
2427 2
10620 0
10621 2
2431 0
2434 2
18819 0
2436 0
18821 2
2438 2
2439 1
2440 2
2443 0
2444 1
10637 0
2448 2
18833 0
2450 2
2452 2
15377 2
18838 0
18839 2
10648 2
10650 2
16794 3
2463 3
10657 0
10660 2
18853 2
10663 3
2472 2
2475 1
2476 0
18861 2
2479 0
10672 2
10674 1
10676 0
10679 2
11649 2
2491 0
12728 2
2494 0
10689 3
2500 2
2501 1
2503 0
10699 1
10702 2
419 0
2517 0
10711 2
16804 3
10714 1
10715 1
2524 1
2525 1
2527 1
2531 1
10724 0
10727 2
10729 1
16807 1
12712 3
2547 1
9982 1
2552 1
2553 1
2555 1
2556 1
10749 1
8619 3
2566 3
2571 1
10770 1
10771 1
2580 2
10773 1
10774 1
10776 1
10778 0
2588 1
10782 0
10784 0
10786 2
10789 2
2599 2
10796 2
2606 3
10799 1
2609 0
10802 0
10803 3
2615 2
10809 1
2619 2
10812 1
10813 0
10814 1
2624 2
10817 1
10819 2
10820 3
10822 1
2632 0
10825 0
2637 0
10830 1
10831 2
2640 2
2641 1
10841 3
14095 2
4538 2
10846 2
2655 2
16728 1
2657 0
10850 1
10851 1
10852 2
10001 0
11367 0
10860 1
10862 0
2673 1
10873 0
5272 0
17014 1
10881 2
10882 0
10883 2
10884 0
2693 2
12737 1
10891 0
10899 3
12638 2
5913 1
2712 0
2714 0
2715 2
10913 3
13184 1
1819 0
2724 1
9638 3
16839 0
10924 1
2735 1
2738 3
2739 2
7729 0
2742 2
2743 3
2748 3
18840 2
2751 0
2753 2
12747 2
10951 0
2764 3
10957 0
4557 1
2769 0
10020 3
1729 1
10972 0
10973 2
2782 1
2783 3
10978 0
2787 0
2791 2
2794 3
2795 0
2797 3
2799 3
16294 3
2801 2
11002 3
11004 2
10026 2
2818 0
11011 0
2822 0
11015 2
2825 2
2826 2
2833 0
2836 1
2839 2
2840 0
11034 2
11038 2
3205 1
18224 0
11042 2
12763 2
11045 2
2854 1
11050 1
11052 0
11053 2
12765 2
11059 0
11825 2
2874 0
2879 2
11072 1
2882 2
2883 0
2884 0
7461 1
11078 2
2889 1
2890 3
5943 0
11084 3
11089 2
2898 2
11092 3
11094 1
2903 2
2904 1
7311 0
11100 0
2909 1
2256 0
12372 0
6725 0
2917 0
11111 3
2922 1
17828 3
2925 2
2928 1
5553 2
2930 0
11128 2
2939 2
11132 2
11133 0
2942 2
15509 1
10048 2
2946 2
11139 1
11140 1
11143 1
2952 2
2955 0
11148 2
11149 0
11155 0
11156 2
11158 2
2973 2
2974 0
11167 1
2977 0
11171 2
9076 0
17830 3
2984 2
11177 0
10055 2
2988 0
12786 0
2992 2
2995 2
2951 2
3000 2
11193 0
8693 2
15520 0
3012 2
11205 0
9102 1
2364 2
11214 2
14157 2
3025 1
11218 1
11220 1
3030 1
11224 2
11225 0
11226 2
506 1
15104 1
3040 2
3043 3
11236 1
11239 2
3048 3
3049 2
11243 2
3052 1
3053 2
14559 2
12797 1
3057 0
3058 1
11252 3
3061 0
11254 2
3063 0
10004 2
17560 1
11259 2
3070 2
3074 1
11267 2
3076 2
3079 2
14167 0
11277 0
11278 1
3094 2
3102 2
3104 0
3105 1
11299 1
11300 2
3110 2
3114 3
11307 2
3117 3
18269 2
3122 3
11315 0
11317 3
3129 3
11327 2
1888 2
3139 0
3140 1
3141 2
11334 2
11336 2
3145 3
3149 3
525 0
11346 2
10083 2
11348 1
11351 0
3160 0
3165 1
11358 0
3168 3
11364 1
3175 3
3177 3
3178 1
1979 1
3186 1
3188 2
3191 2
11386 0
11388 1
3198 0
5562 1
15655 2
17019 1
11397 2
3206 2
3207 2
11401 0
11404 1
3215 2
3216 2
11409 1
107 2
1471 1
3222 1
11417 2
8730 2
3230 1
11424 3
11425 2
11426 3
11428 3
3237 1
11430 0
11432 0
14838 1
11435 2
3244 0
3245 1
3247 2
3249 1
10099 2
11444 2
3253 1
16371 2
11452 2
3261 1
3263 2
11456 0
11457 2
11458 2
11459 0
11460 0
3270 1
3274 1
11468 0
3277 0
11470 0
3279 2
3281 3
3283 0
11476 0
11478 3
3287 2
3291 2
11484 1
11487 0
11491 0
3303 1
3305 1
3306 0
11499 0
3310 2
10109 0
3312 0
3313 2
3314 3
11510 2
17589 0
3320 2
11513 3
11514 2
3323 2
16938 0
11518 2
3327 0
3328 1
3329 0
11523 1
3286 1
11532 2
3342 1
3347 0
11540 2
5567 2
3351 3
11544 2
3354 2
11550 1
6021 2
11553 2
11554 1
3363 1
3366 0
3368 1
3369 2
6023 1
11565 1
3375 2
3376 2
6024 2
3378 1
3380 1
7390 0
11574 2
4660 2
3386 3
11580 1
3389 2
3394 2
3395 1
3396 0
10279 2
11593 3
11599 1
12856 2
3410 2
3414 0
3419 2
3420 2
3422 1
11615 1
3424 3
3428 1
11621 0
3431 1
572 0
3434 1
4669 2
3440 1
11633 0
6035 0
11639 1
11640 2
11641 2
3451 1
3453 2
3456 0
4672 2
3934 0
3461 0
11654 0
11660 1
11661 2
3470 1
3472 2
16963 0
11502 2
3480 2
3483 1
581 1
3489 3
11684 2
11573 2
3495 2
896 0
3500 2
3502 2
14237 0
10755 0
3506 0
15603 1
8777 0
3512 1
3515 1
3516 3
18736 1
3521 2
14029 2
3524 0
10389 0
11724 2
16973 0
11729 1
11731 2
11732 0
11734 1
11262 2
11738 1
16975 1
11745 2
3557 2
4689 0
11752 0
15667 2
11754 0
3564 3
3568 0
3571 2
3572 1
16213 0
16980 2
11773 2
11774 1
3585 2
11780 3
3679 2
1964 2
11789 2
3599 1
11798 2
14263 2
11800 2
3611 3
3612 0
11806 2
11525 1
11808 1
11811 2
3621 2
3622 2
11815 1
11817 0
11821 1
11822 0
605 3
11824 1
3633 1
11826 2
6067 2
3636 3
8850 0
3639 2
11833 1
11834 2
11838 2
3648 0
11841 2
11843 2
3654 0
3655 1
3658 2
11851 1
3660 3
3661 2
11854 0
11856 3
11857 0
3667 2
3669 0
3671 2
11864 2
3673 1
3674 2
3675 1
3677 2
16997 2
171 2
11873 1
3682 2
3683 1
4710 1
18399 1
11880 1
17308 2
11883 1
11884 2
7442 2
11887 2
11891 3
3702 2
3703 2
3706 2
12906 2
11902 2
15637 2
3715 1
11913 1
11916 0
3727 2
3352 1
3730 2
3731 1
1488 1
622 0
3734 2
1988 2
3740 0
18401 1
11941 2
11943 0
11944 2
3754 2
15645 3
1992 2
17011 0
3358 0
6089 3
3768 0
3770 2
15647 1
3775 2
3777 2
630 0
3782 2
3784 2
3790 2
3791 2
3801 3
11997 0
11998 2
11999 2
3810 2
3811 2
3812 3
12006 0
3815 1
3819 0
3821 2
3822 3
12015 0
12016 0
12017 2
3828 0
638 0
12023 1
12024 0
12025 0
12029 0
4736 2
12037 2
12043 0
8809 0
12045 0
3373 3
3862 2
11567 0
3869 0
12933 0
3873 0
3876 2
3879 2
3880 0
12073 1
12076 2
12077 2
3887 2
12083 2
12089 1
12091 2
3901 0
3381 1
651 0
12100 2
12102 0
12103 3
14042 2
12106 2
12109 2
12110 2
12117 0
9678 3
18404 2
17316 2
12126 2
3935 0
12944 2
12130 2
657 3
12136 2
3947 0
17042 2
3950 0
11581 2
3960 2
1369 2
12154 0
12157 3
12158 2
3968 3
12161 3
3974 3
12170 2
663 2
12172 1
11586 0
3983 2
3984 1
3985 2
3988 0
18414 3
3990 0
12184 2
11588 1
3994 0
13772 2
3997 2
3998 0
133 2
14320 2
4006 2
10225 0
10499 3
4009 3
12202 2
4011 2
12206 1
4017 2
12210 2
2035 2
4020 1
4766 1
4024 1
12218 2
17055 2
4029 2
17056 2
4037 3
12230 1
680 0
6136 2
4050 1
7283 0
9955 0
4058 2
12252 2
4061 0
4063 2
12257 0
12258 2
12259 2
12260 1
4071 0
12264 1
18428 2
12266 2
12267 0
12270 2
4079 0
12272 2
12273 3
15699 1
12277 0
4086 2
4087 0
4089 1
6143 3
12285 0
12287 0
12288 0
18432 1
4099 2
5592 3
4102 3
4103 2
4106 2
4107 2
12300 2
4109 2
5137 1
12304 0
4114 1
4118 2
12312 0
4121 0
12314 2
12316 2
4126 0
4131 0
12324 2
15708 2
12331 2
12332 2
4143 0
14344 0
573 1
4148 1
18729 0
12344 2
4153 2
4789 3
5594 2
4503 2
15713 2
12360 1
4173 2
12366 2
4175 2
12371 2
4180 0
1828 2
12377 2
4187 3
12380 0
12986 2
15717 0
4195 1
12388 2
4198 0
4200 3
4202 1
15719 1
4204 0
4205 2
2067 2
12406 2
7529 2
12409 0
4799 1
4221 2
4225 2
4227 2
4228 1
705 0
12424 2
12426 0
4235 2
8266 2
12431 3
12435 2
4245 2
18457 1
4248 0
4249 1
4251 2
6961 1
12446 0
4256 2
12451 1
4262 2
4263 2
12417 2
6172 0
13781 1
4267 1
4270 0
14365 3
12465 1
12466 1
15304 2
4276 2
6683 2
12470 2
8905 2
12473 1
714 1
12480 2
12481 0
715 2
12486 2
12487 0
5053 0
3447 2
4302 1
12495 2
12496 1
4305 1
16559 0
416 0
4312 2
12505 1
4314 1
4316 1
12509 2
4318 2
4319 0
4320 2
8912 3
4323 2
4324 2
14374 0
8873 2
144 2
4331 1
4333 2
4335 2
2088 2
12531 0
4340 0
15742 1
4342 2
4344 3
12539 2
12541 1
4354 2
10283 2
4359 2
2102 2
12558 0
2093 0
4369 2
4370 1
12563 2
4374 2
17113 1
15141 1
4377 3
4380 2
730 2
4383 2
4385 1
7511 0
4389 2
4390 1
4391 2
12584 2
12589 1
12590 3
18483 2
4411 3
4413 3
4415 0
12610 0
12611 2
12613 1
14059 1
12622 1
12626 2
4435 1
4436 2
11662 2
4439 2
12632 1
740 2
4442 2
18697 1
1239 0
17125 2
12640 1
12641 0
18491 0
12645 0
12648 2
12649 1
4459 2
12652 2
4462 2
2109 0
12657 2
18425 0
4471 1
4475 0
4477 0
12671 0
4480 1
10242 1
17131 1
4484 1
10305 2
4490 1
4491 1
4493 2
12686 2
4495 1
4496 1
11672 2
4498 2
10307 0
4501 0
12695 3
4510 1
4511 1
4518 1
17137 2
4520 0
12713 2
12714 1
4524 1
12717 1
4527 1
4528 2
4529 2
4531 1
4532 1
4533 0
12726 0
12727 1
4536 0
12730 1
7583 3
12732 1
4541 0
8593 0
17141 2
4545 0
4546 1
12739 2
12745 2
13047 0
7586 3
12750 2
8952 2
12755 0
4565 1
4566 2
17145 1
4571 0
4573 1
4574 3
16288 1
4580 1
4582 2
12775 0
4584 0
12778 0
4588 0
4590 0
4593 2
4594 1
4595 1
12790 0
10324 1
12795 0
4605 2
17152 1
4610 1
4611 2
12805 1
4615 0
8337 0
4617 2
12811 2
13058 0
4623 2
4626 2
12820 2
4630 0
12824 3
12826 2
4636 0
4637 1
11433 2
775 2
4652 3
12847 2
4656 1
12850 2
12852 2
4661 0
11612 3
4665 2
4666 0
12861 2
12862 2
4671 0
3156 0
12865 2
4674 1
12868 2
4677 1
12870 1
2145 2
12872 2
12874 1
4683 0
4688 1
12881 0
12883 1
12885 1
4698 2
4700 0
12896 0
8976 2
4707 2
4709 1
12902 1
4713 0
4714 1
12907 0
4716 3
7522 2
4719 0
17271 2
4726 1
12919 1
4729 2
4730 1
4732 0
4733 2
12928 1
12929 0
12930 2
4741 1
4744 1
12937 0
12938 0
4747 3
4748 1
12941 1
12943 2
4752 1
12945 2
12946 1
4758 0
4761 0
12954 0
4764 0
12957 1
12958 0
4768 2
12961 2
12963 1
4772 0
4776 2
17180 2
12970 2
12971 1
4784 1
4786 3
12980 0
12981 1
4790 1
12984 2
4794 2
12987 1
4796 2
12991 0
4804 2
12998 1
4807 1
4808 1
4811 3
13004 2
4813 1
4814 2
6707 1
13014 2
17188 2
4826 1
4827 1
4830 0
13023 2
14459 0
4836 0
4837 2
4839 0
8999 0
15826 3
14461 0
10527 3
4904 0
13043 2
13045 1
4855 2
13051 2
13053 0
4863 1
13056 0
4866 0
4874 2
4875 0
14369 2
13077 2
13078 0
18564 0
4896 3
4897 2
11739 1
4900 0
4901 0
13095 2
13096 2
11620 1
13100 1
13101 3
13102 1
4911 2
17203 2
13108 0
13110 1
13112 1
4916 2
13114 2
13117 0
17205 1
4929 0
13124 3
4933 0
4935 0
2892 2
4937 2
9015 0
13133 2
4920 0
13138 0
7651 2
4948 2
4950 2
13143 0
4952 2
13147 1
13148 2
13150 3
4961 1
13156 0
13160 1
13164 2
4974 0
17213 0
4979 1
4981 2
13177 1
4986 2
4927 2
18581 2
4992 1
9024 2
13188 0
4997 2
4998 3
13191 0
5001 2
13195 0
13196 0
13197 0
5006 1
13202 1
13205 2
13208 2
4932 0
14327 2
13221 3
5030 2
5031 3
5035 2
13229 2
5896 2
5040 0
4936 0
13237 1
5046 2
13129 2
5049 3
13244 2
13245 2
5054 1
9663 2
5057 3
2209 0
13257 2
5071 3
5072 3
8625 2
13266 1
13267 2
13270 3
13271 1
13272 0
13273 1
13276 2
13278 2
5088 1
13281 0
5090 3
13283 2
13285 2
12909 2
5098 0
10407 2
13292 0
13295 1
5105 0
4753 2
5108 1
13301 2
13303 2
9044 0
13307 1
13308 1
5121 2
5123 2
13317 0
13320 2
18604 2
5130 1
13324 2
13329 2
5138 0
5141 0
5143 1
858 1
5150 0
15877 0
18608 0
15910 1
11769 1
13353 0
13355 2
13356 2
9053 2
13360 2
5171 1
13364 3
5173 2
13366 0
10522 1
13373 2
18286 2
13376 3
5185 0
5186 0
5187 0
18614 2
13153 2
13384 2
13387 1
5197 3
13395 2
13397 0
13399 2
5214 2
13407 0
5217 0
13413 2
13414 2
13415 0
13419 1
5229 2
10267 0
13427 2
13428 3
5244 0
13438 1
5247 2
13442 2
13443 1
13444 1
2630 1
13453 1
5264 3
13457 0
13458 0
13459 0
13464 3
5277 0
13471 1
5283 2
5284 0
13477 2
5086 1
13484 0
5293 2
5294 2
17907 0
13489 0
10542 2
5301 0
13494 3
13496 2
13497 1
5306 1
7711 0
13503 2
5315 0
5317 0
13511 2
13512 1
6348 3
5322 2
5323 2
13516 1
15906 2
13520 2
13521 0
3619 2
5336 1
13529 1
13532 0
13535 2
5345 2
9083 1
13541 2
5352 1
17276 0
7719 1
5358 1
13551 2
5361 2
5362 2
894 2
13559 2
5368 0
5369 2
5372 2
13565 2
5374 1
13567 3
17280 1
13570 3
13572 2
13573 2
4993 2
13578 2
6359 2
13583 2
10456 1
13586 0
3630 2
5399 3
13593 1
5404 2
5405 2
15920 1
13602 2
13603 0
13605 2
5414 1
13607 2
13608 2
5418 1
5419 2
3634 3
5422 2
5423 0
5424 0
13675 1
5430 0
13193 2
13625 0
13626 3
13627 2
5436 3
15925 2
5440 0
13634 2
4000 0
5444 2
13638 2
5447 0
9100 2
11831 1
5005 3
13650 3
10467 2
5460 2
5461 2
13654 3
5463 1
13657 0
5467 0
12160 0
912 3
13666 0
13667 0
5476 0
10470 2
5481 0
5483 1
13676 0
13680 0
2280 1
5490 1
5495 3
5496 2
5497 2
12731 0
13695 2
13697 2
5508 2
14572 0
5514 0
13707 2
13710 2
5519 1
13713 2
3651 0
5524 2
12459 1
13718 2
13209 2
5528 0
2287 2
13727 1
17331 1
5539 1
5541 2
13734 1
6385 2
13737 2
10602 2
13742 2
5552 1
13745 2
13747 1
17310 1
13751 1
5561 2
13754 2
5564 1
13758 0
13759 0
5568 3
5573 0
5576 1
11852 1
5580 1
5581 2
3268 2
14916 0
3732 0
5587 1
5588 3
5589 3
13782 2
13784 1
9124 1
13786 0
5081 0
13789 3
13790 1
5606 0
5607 1
5608 1
5613 1
12462 2
5623 0
13817 1
5626 3
5630 2
5632 1
13828 1
5637 1
13830 0
5639 2
5641 0
13834 2
5643 3
13836 2
5645 0
5648 1
5649 1
5650 0
5651 0
5652 0
5670 1
5672 3
5673 3
2371 2
13867 2
9138 0
13871 1
5680 1
5682 3
947 2
5684 3
5685 2
5686 2
13879 2
13881 0
5690 1
11871 2
13892 3
5705 3
13898 3
11874 1
13902 0
5714 0
5716 0
5720 2
13914 3
13918 1
11877 2
13922 1
5731 2
13927 1
7556 0
18706 2
5743 1
3688 1
6419 2
13943 2
10516 3
2101 1
5758 2
2325 0
13954 1
5763 2
5765 2
5766 2
13959 1
5769 0
13965 0
5774 0
13967 1
13968 0
5777 2
13974 1
9467 2
13978 2
5787 0
13981 3
13982 0
5791 1
18715 3
7558 0
13992 0
13993 2
13997 0
13999 1
14000 2
5809 2
5810 0
5811 2
5812 0
3194 2
5814 2
5819 1
5821 2
4831 1
14017 3
13723 2
10035 2
14022 2
14023 1
14024 0
5836 1
18722 0
5839 2
5840 0
14036 1
5850 2
5851 3
15994 2
14047 1
5859 2
14053 2
5863 2
5865 1
2343 1
14066 3
5878 0
5879 2
5881 2
14634 0
5886 2
14084 1
5895 2
11653 0
14090 2
5079 3
5903 2
13290 1
14098 2
5909 3
14103 1
1785 2
14107 0
14109 3
14111 3
1077 2
6448 1
5922 0
5925 2
14118 0
14119 1
5929 1
5930 2
14123 1
5935 0
14128 2
14131 1
14133 2
11109 2
14136 2
6452 1
14138 1
14139 1
7819 3
5961 2
14156 1
744 2
14166 2
5975 3
14168 1
5978 0
14171 0
5980 3
2362 2
5982 2
14177 2
14180 1
14185 1
14186 2
14189 0
5998 3
6000 0
6001 0
14194 2
6003 1
14199 1
6009 3
14202 3
6012 0
6013 2
6015 0
6018 1
14212 2
11926 0
6022 2
14215 0
14216 2
14217 2
6026 2
14221 0
14224 1
14227 1
14228 0
3747 1
14232 2
14233 0
6044 3
6045 1
2373 1
14240 1
6051 2
6053 1
6054 2
6055 1
6057 2
14251 0
14253 2
14254 2
14257 1
9533 2
14261 0
6071 2
6073 2
14272 0
14274 2
14277 2
6087 3
14280 0
2380 1
3685 2
14287 1
6097 3
6099 1
14292 0
14298 1
2383 1
6109 1
14302 2
1840 2
6112 0
14306 1
1019 0
6120 2
3751 1
14316 2
6205 2
6128 2
16040 2
14322 2
14323 2
6132 2
6133 1
6135 2
5387 2
6138 0
14331 2
6140 2
14335 2
4678 1
6146 3
6150 0
6151 2
6152 3
14345 3
6154 2
14347 2
6159 2
6161 1
6163 0
14357 2
14360 1
6169 2
14362 1
1842 1
14364 1
6173 0
6174 2
6177 1
14373 1
6182 0
14378 0
6187 2
14380 0
14384 0
14386 2
6196 2
14391 0
6200 1
6201 2
14394 2
6204 2
13322 2
6206 2
6207 2
6209 2
6211 0
6213 2
14409 2
14412 2
6222 0
14417 0
6227 2
13028 0
14422 3
6231 2
14425 2
9231 2
7866 2
14430 3
14433 2
4845 2
14438 0
14439 2
6248 2
6250 2
6251 2
14447 0
6256 2
6504 2
14455 0
6266 2
6267 2
18794 0
6270 2
9237 2
14467 1
6276 1
9238 0
2333 2
860 3
209 2
6283 1
14476 0
7874 0
16067 2
14489 1
18799 3
6302 0
9480 2
6306 1
6307 1
14501 0
18801 2
14504 2
14505 2
6315 0
14509 2
14511 0
14513 2
17609 1
14519 0
6330 2
6332 2
6335 0
16305 0
6340 2
14533 2
14535 1
14540 1
6349 2
14545 3
14546 0
6355 3
6356 1
6357 2
6521 0
2426 1
6367 2
6368 2
14561 3
6373 1
14571 2
6380 0
14397 0
9632 1
18813 1
14576 0
9256 1
6390 2
6391 3
6393 2
14586 2
6395 1
6398 3
14591 2
14592 2
14597 1
6410 3
6411 1
14604 2
6413 1
6414 2
759 3
14610 0
14611 1
14614 0
6424 0
14617 2
6427 2
6428 1
6429 1
11398 2
14625 2
6434 3
14627 2
6440 1
14633 0
6442 1
14635 0
6445 1
6446 2
14639 0
14640 0
10632 1
6451 2
14644 1
6453 3
6454 0
14647 2
14649 2
14651 2
15755 0
14655 3
6467 2
14662 2
14664 1
14666 2
1079 2
6478 3
6480 2
14674 2
14677 2
14679 0
6488 2
14682 2
6494 0
6495 0
14689 2
3814 1
14696 0
6505 0
6506 2
14699 0
6519 2
14713 2
6522 2
14715 2
6527 1
9280 1
14724 2
6534 0
14728 3
6540 0
13378 2
15701 0
12013 2
14737 2
14745 3
6553 0
6554 0
17556 2
2458 0
6558 0
5189 3
14753 2
14755 1
7921 3
14761 1
14762 0
6573 0
6575 2
6576 2
6577 1
14772 1
14773 0
14778 2
18847 3
6588 1
16550 1
14782 2
6593 2
14787 0
13313 2
14789 2
14791 2
14792 2
14793 1
6603 1
6604 2
14798 2
6608 2
16738 1
6563 3
14804 2
14807 2
6616 1
14809 2
6619 2
10586 0
6621 2
6624 2
14174 1
14819 2
6631 2
6632 2
14828 0
14830 2
6642 3
6646 1
6648 2
7935 2
14844 2
14845 0
9496 2
14848 1
14851 2
5132 2
6671 3
6673 1
6674 1
14867 0
14868 2
17953 0
6679 2
6681 3
14874 2
14767 1
14878 2
6687 2
17499 2
6692 2
14887 0
14888 2
6697 2
12265 1
15226 2
6702 1
6703 1
6704 1
6706 1
14899 1
6708 1
6709 0
14904 2
6713 0
6715 2
14913 2
6723 1
6724 2
14917 1
14919 1
14921 1
6730 1
6732 2
14932 2
6744 1
6747 2
6751 0
14945 1
6754 0
14779 2
14953 3
6762 1
14955 2
1589 3
17512 1
18427 3
6771 3
14965 0
9321 0
14972 2
14978 3
6787 0
6788 1
14981 1
14982 3
14984 0
10319 3
6796 0
14989 0
6798 1
17517 1
7123 2
6595 0
14996 2
6806 0
6809 0
6810 1
15004 2
6813 1
11138 2
6815 0
15009 2
15011 0
6820 1
1591 1
6828 1
9330 0
6831 0
6600 0
6835 1
6836 1
6839 3
6841 2
15035 3
6845 0
15039 2
6848 0
6849 0
6850 1
6851 1
6855 1
15048 2
14796 2
15051 2
6860 1
15053 2
15055 2
6865 0
6867 1
15060 3
6869 1
15062 1
6871 0
15066 2
15067 2
6876 2
15069 2
15070 2
15071 0
15072 0
6881 2
6883 3
6884 0
7867 1
6887 1
15080 2
6892 2
15085 2
15087 2
6898 1
15093 3
15095 1
15096 3
6905 1
15098 2
6908 2
6910 2
15103 1
6912 2
6914 2
15107 1
15109 1
15111 3
15114 2
6923 0
6925 0
6926 3
15119 0
6930 1
6931 2
15124 3
6933 3
6937 0
10051 1
6939 2
15132 1
2522 3
6942 1
15135 2
15137 3
15138 0
15139 2
15140 0
919 0
15142 0
15143 2
15145 0
6956 0
18209 0
1160 0
6962 2
16179 3
6964 1
6965 2
15160 1
15162 1
15167 2
6980 1
15175 1
6984 1
9356 3
6993 2
6996 2
1166 2
6998 2
13249 3
15193 1
15236 0
7005 2
7006 2
7008 2
7009 2
15202 2
7016 2
15209 1
7018 1
15211 3
7022 3
7023 1
15217 2
15225 1
2338 2
3903 2
15228 0
15229 2
15231 0
7043 2
7044 3
8001 1
15240 0
15241 2
7050 1
15243 1
7052 1
15245 2
15246 0
7055 1
7057 0
15250 3
16195 2
7611 1
16196 1
7068 1
15261 2
7070 2
15264 2
7073 2
15266 1
7076 1
7077 2
7080 0
15273 0
15275 1
15278 3
7087 1
15280 1
15282 2
15284 1
7094 2
15289 3
7100 0
16202 0
7103 2
7105 1
15299 0
15301 2
15303 2
7112 1
15307 2
7116 1
17570 2
7118 1
15311 2
7120 2
7122 2
1187 2
15316 1
7125 0
15318 2
15319 0
7128 2
7129 2
7130 0
5285 2
15328 3
7139 0
15333 2
7142 1
8017 3
15339 3
15342 0
17576 1
5421 2
7158 2
17577 1
7160 3
7164 2
15787 3
15358 2
7167 0
15368 3
7179 3
15374 0
15375 1
7185 2
7186 3
2563 2
7189 2
15383 2
15388 0
7198 3
9392 0
7202 0
7203 2
7205 1
7206 2
5297 0
15405 2
7214 2
15409 2
7218 3
15411 0
7221 0
7226 0
7227 2
17153 0
7230 2
9397 2
15426 1
15428 2
5302 0
15430 1
15431 2
7243 2
7244 0
8775 0
15440 1
15442 0
15444 2
15445 2
15448 2
14863 1
7260 2
7262 0
15457 2
15461 0
15462 3
7273 2
14866 0
15471 1
3944 0
7282 2
15475 0
8426 2
15482 1
7293 0
15490 1
2582 2
15494 3
15497 0
7306 2
15500 2
15503 2
15506 1
7315 0
8046 0
15510 2
15513 0
15517 1
7328 2
15522 1
14875 2
7332 2
7336 0
15530 0
15531 0
15533 2
15534 0
7344 2
15537 0
790 2
15539 0
9417 1
18707 1
16252 1
7358 0
15552 1
7362 1
13515 1
15561 1
15562 0
7372 2
15565 1
7374 3
9421 2
7376 0
15569 0
15570 0
15573 0
15574 0
14884 2
12521 2
7388 2
15581 1
15582 0
7391 1
15584 2
7394 2
16251 2
7397 0
15590 1
15593 0
6695 3
15596 3
7405 2
7407 2
15600 2
7409 1
15602 2
1235 2
15604 2
7413 1
15608 1
17620 0
15610 0
7419 0
15615 2
15616 0
7425 3
9430 0
15625 1
15627 1
15628 3
15629 1
7440 2
15634 0
15635 1
10798 0
7447 2
7448 2
7450 2
17706 1
15644 1
7453 1
16261 1
7458 1
7459 2
15653 0
15654 2
10801 2
15657 2
8434 0
7472 3
2611 1
15669 1
15671 0
7481 1
7482 0
7483 0
15676 0
3978 2
15679 0
7489 2
15684 0
7496 0
10807 0
7500 2
6712 2
9443 2
4658 2
7510 0
15703 1
15704 0
15705 1
15707 1
7516 2
15711 2
6797 2
12176 1
15714 1
3251 0
12177 3
15721 2
7530 1
15723 0
7532 2
7535 0
7538 3
2622 1
15734 2
5353 3
7544 2
15738 2
15740 1
15741 1
524 2
12181 1
15745 2
15746 0
15747 1
15748 2
15749 1
15750 0
15752 1
17644 1
16279 0
15757 2
15758 2
7567 2
15761 2
2627 2
15764 0
15765 2
15768 1
2628 1
15528 0
15775 0
15776 2
7585 2
15778 0
16283 0
15780 0
15781 1
7591 3
1723 1
7593 2
7594 3
7595 0
15788 1
9459 2
15796 3
12190 0
15798 1
15801 0
15802 3
8095 3
15806 0
7615 2
7617 1
15811 2
4001 1
7624 3
15817 2
7626 2
7627 0
15823 0
15825 0
7634 2
15827 3
1273 2
7640 3
15834 1
15836 0
15839 1
7649 2
760 1
15843 0
15845 2
7657 2
15850 2
15852 2
15855 1
7667 1
2983 2
7670 3
7672 3
15866 1
7676 0
7677 3
15871 1
7685 2
5377 2
7691 1
15886 0
7695 2
7699 2
15892 1
15894 1
15895 0
7704 1
5380 1
15898 2
7709 3
15902 1
5381 2
7714 0
7715 0
7718 2
15911 3
15915 1
7724 3
7728 2
15921 2
2654 2
7736 3
7740 0
7743 2
7747 2
7751 2
7752 1
7754 1
15951 0
15954 1
7765 2
7766 1
15959 1
2660 1
15962 0
15963 2
7772 1
15965 3
15969 0
7778 0
15973 2
7783 0
7785 0
15978 3
7789 2
7790 1
15983 2
7794 2
7795 0
7796 3
6761 0
15992 0
15993 1
7802 0
16319 0
14954 2
16000 2
16002 2
16003 2
7812 0
16005 1
16008 0
16009 0
16010 0
16011 1
7820 2
16014 2
14957 1
3260 0
16018 1
7831 1
7832 3
16027 1
16032 1
7841 3
16034 2
17691 2
16036 1
7848 2
16041 1
7854 2
16049 1
16050 3
16051 0
16052 0
16056 1
16058 0
17695 2
16060 2
16061 1
16063 1
16064 2
16066 1
7875 1
16068 2
16069 2
1313 3
16073 1
10628 2
1899 0
16078 1
16081 2
7890 2
7891 2
16088 1
7897 2
7898 0
16093 2
12711 2
7906 2
7909 2
7911 2
7912 0
16106 2
16108 2
16110 2
16113 2
16114 2
16115 2
16116 1
16120 1
16123 1
14019 2
13610 1
7934 2
16127 3
7936 2
17995 2
16132 0
7941 0
16134 0
7945 2
7947 2
16143 2
16144 0
16145 0
16146 2
14979 3
16150 2
7960 0
16154 3
16156 2
16157 2
7968 0
7973 0
7974 0
10904 3
16171 0
12253 0
7986 2
17715 0
16183 2
16184 2
7998 3
7999 2
16192 0
8160 0
8003 2
8004 2
16197 0
16200 0
8010 1
16203 0
16204 1
8014 2
16207 0
16209 2
16210 3
16212 2
8021 0
16214 2
8024 0
16356 0
16220 2
16223 2
16226 0
8036 1
13628 1
16234 2
16235 1
8044 1
6802 3
16238 3
1341 2
16240 1
2707 0
16244 1
8054 2
16247 0
8059 3
8060 0
8061 0
16255 0
1344 0
8066 2
8069 2
16262 1
16090 1
16265 1
16266 2
10089 2
17727 1
8082 0
8087 0
8091 3
16284 3
10906 2
16287 0
8096 2
16289 1
10907 1
16292 0
8102 1
17455 0
16301 1
16302 1
15005 1
16304 2
8113 3
8115 2
16309 1
17737 2
8121 0
8127 0
16321 0
16325 0
7363 0
11471 2
16330 3
8139 1
16332 2
8142 3
8143 0
10916 2
8154 3
8156 1
16349 1
8159 3
8455 0
8164 0
8165 2
16358 2
8167 0
8170 2
16364 0
16369 0
9555 1
16375 0
16376 2
9556 2
8186 2
16380 0
16381 1
8190 2
