8192 2
16386 2
16388 2
8198 2
16391 1
8200 0
16393 2
16397 1
10925 1
8210 0
16404 3
16405 2
16407 0
8216 0
8217 0
8219 2
16412 0
8221 0
8222 2
16415 2
16417 0
16418 0
16419 1
16420 2
37 0
16422 2
16423 0
16424 1
16425 0
8237 2
16430 2
8240 0
16433 2
8244 3
16440 2
8250 1
16443 2
16444 0
16445 2
16447 2
66 1
16451 0
16452 1
8262 2
16455 2
16456 2
8266 2
16459 2
16460 2
16461 2
8270 0
80 1
8274 0
8276 1
16469 1
8278 2
88 2
16473 0
16477 2
16484 1
9574 1
104 0
105 0
8299 1
108 2
16494 0
8303 2
8304 0
8184 2
3277 0
115 1
117 0
118 1
13673 2
8312 1
16507 1
8317 1
126 2
8213 1
8321 3
133 2
8326 2
14189 0
16520 2
8330 2
8331 2
15042 2
16528 1
8338 2
147 0
8340 2
16534 0
8343 1
8344 1
153 1
8346 1
16539 0
16540 2
8349 2
158 3
8351 1
9821 2
5488 0
162 2
27 0
16548 0
16549 2
16550 1
12316 2
170 0
16557 2
175 3
8368 1
177 1
178 0
8371 2
16414 2
183 2
16568 1
1396 2
187 1
10954 0
190 3
191 0
6859 1
16581 1
16583 2
200 0
202 2
16587 0
16588 3
206 3
15053 2
208 2
209 2
8402 2
8227 2
6862 3
8407 2
16600 1
8228 2
218 3
8413 2
8415 1
14192 2
16614 0
233 2
16618 2
8427 2
16620 3
8430 2
16625 0
16626 2
244 3
246 0
16631 0
14887 0
16633 0
8443 3
16636 2
254 0
8447 0
16640 1
8449 2
13095 2
16644 2
16645 1
16646 1
8455 0
8458 1
8460 2
18558 0
8462 0
271 2
16658 0
8470 1
1866 2
281 3
8474 3
16668 1
285 1
16670 0
17797 3
16672 0
289 2
8482 0
6875 1
292 0
16677 2
8241 2
8488 2
297 2
299 1
16684 2
8494 0
15069 2
8496 2
305 2
6284 0
16691 2
13019 2
16693 1
310 2
52 1
9610 2
8510 2
319 2
16706 1
8515 2
324 1
8517 1
328 0
16713 0
16716 0
17469 0
16718 1
16719 2
56 0
16722 2
339 3
340 1
15287 2
16726 0
8535 2
875 2
18015 2
1423 2
16733 2
16737 2
16740 0
16741 2
16742 1
16743 2
16744 2
8553 2
15079 3
8558 2
8559 3
16753 2
15278 3
17811 1
8564 2
16757 0
374 2
16759 1
376 2
379 0
107 2
16765 2
383 0
384 1
7105 1
13718 2
8583 3
394 2
8258 0
16784 2
13720 2
8594 1
8599 0
68 2
410 2
411 2
8604 2
8609 2
420 1
8613 2
16807 1
426 1
16811 2
8621 0
16814 2
72 1
16818 0
437 2
440 1
16827 2
444 2
74 0
8640 0
1440 2
16835 0
8644 2
453 1
454 2
456 1
16841 2
461 2
8655 2
464 2
16851 2
469 1
16854 2
16856 2
8665 2
8667 2
16860 0
16861 1
16864 2
481 1
8675 2
9638 3
16875 1
8684 1
8687 2
496 2
8689 2
500 2
501 1
16886 2
5545 1
504 3
16893 2
510 2
8704 0
6912 2
16898 2
515 0
517 0
16902 2
16261 1
16905 1
8714 1
16907 0
524 2
16909 1
526 0
8719 3
8723 1
8724 1
533 0
8728 2
537 3
538 0
8731 0
8732 1
541 2
16926 2
543 2
16928 2
8737 2
16930 2
8739 3
548 1
11014 3
4125 1
551 1
16937 2
554 2
16939 1
1458 2
8751 2
6920 2
16946 2
563 2
8756 2
8757 2
8758 2
567 2
8761 1
8762 1
572 0
6922 1
574 0
15022 2
16960 1
577 1
16962 2
8771 3
581 1
583 1
585 2
586 3
16971 1
8780 1
591 1
16977 0
8786 1
8788 2
597 1
16983 0
8792 1
9840 0
15119 0
8796 0
16989 1
606 0
16991 3
8802 1
611 1
8805 2
8806 0
17001 0
17002 1
8811 1
621 2
622 0
623 2
17008 2
8817 1
6931 2
17012 3
1470 2
630 0
17015 0
8824 0
633 2
8826 0
5567 2
8828 1
641 0
643 2
17028 0
17029 0
8841 2
17034 0
17035 2
17036 2
8845 0
654 0
657 3
658 0
17044 0
661 1
663 2
664 0
17049 1
17050 1
8860 1
8862 2
9669 2
8864 2
673 2
674 0
675 0
8868 2
8869 2
3023 0
680 0
17066 2
8877 1
17072 2
8881 2
18572 0
17075 0
8884 2
17077 3
17078 2
17079 2
700 2
12405 2
17091 0
708 2
8902 2
8903 0
17097 2
8906 2
17099 2
15138 0
8910 2
8911 1
17104 0
17106 0
2851 1
8917 1
8918 0
17111 2
8921 2
730 2
17115 2
733 1
17119 0
8929 2
738 2
17124 0
17126 2
8935 2
744 2
17129 1
8938 2
8939 2
749 0
16509 1
8945 2
17138 1
605 3
8952 2
8953 1
15301 2
16511 0
8956 2
17150 3
17151 2
8960 0
17154 0
8963 2
5590 3
774 1
16513 1
779 0
780 2
8974 2
17167 2
17168 2
786 0
787 2
788 2
17173 1
790 2
8985 0
8986 2
2863 0
8989 1
17182 1
8991 2
8993 0
17188 2
17189 3
8999 0
9001 0
17194 2
4937 2
17199 2
9008 0
17201 1
10120 1
9011 2
820 2
17206 1
9015 0
825 2
9018 2
17211 1
16522 1
9022 3
832 2
17888 0
17218 1
17220 1
837 0
17222 3
17225 0
17226 0
17227 1
844 2
846 0
9039 1
17233 2
851 0
852 2
17237 2
17238 1
856 0
9049 2
9052 1
861 2
862 0
863 0
17248 1
12888 2
17255 0
18037 1
873 1
874 3
9067 2
17260 2
17261 0
17262 0
879 2
9075 2
17268 1
887 2
888 2
17273 2
9082 2
17275 0
892 2
894 2
895 1
17280 1
17281 0
17899 0
900 1
9094 0
9095 2
904 1
9098 2
151 1
9100 2
15170 1
910 1
5613 1
17296 3
4248 0
9106 0
17299 0
9108 2
11760 2
919 0
920 2
2957 0
9115 1
17308 2
16538 0
17310 1
17311 2
928 1
17313 2
8347 3
932 3
1122 1
156 0
938 1
11079 2
9132 2
157 0
1668 2
17331 1
9142 0
9143 1
952 1
9147 1
17342 2
17343 0
9152 2
12448 1
962 2
9155 2
964 3
9157 3
17351 1
17911 0
9034 0
6989 1
17360 2
9169 0
4397 2
17368 1
9177 1
9178 1
3579 1
17376 0
17379 2
17381 2
9190 0
8932 0
1002 0
1004 0
1006 0
17391 0
3034 2
9201 0
1010 1
17395 2
9204 0
17918 0
17399 2
9209 1
9211 2
9212 1
4753 2
17407 2
9216 0
5632 1
9218 2
1028 1
17414 0
9036 3
17417 1
1034 2
1035 2
9228 2
1037 3
17423 3
1040 0
17426 2
17429 0
17430 2
18174 2
17432 2
9241 2
1051 1
15194 2
17440 2
9249 0
17442 3
13830 0
12465 1
9256 1
16675 0
17450 1
1067 2
17452 0
9262 2
1071 1
9264 1
9269 2
17463 1
1080 1
9274 2
9275 2
17468 1
9277 0
17470 0
17472 0
15200 0
17474 2
9283 1
17476 0
17477 1
1094 3
9287 0
17480 2
12471 0
9292 1
9297 0
17491 2
1108 2
9301 0
17495 1
9304 2
15721 2
9009 2
1115 1
9308 1
18859 1
9310 0
2917 0
9312 2
17505 0
17506 2
9316 0
17509 2
9318 0
9319 2
17512 1
9321 0
2919 0
9324 1
1133 2
17520 1
1137 0
1138 2
1141 1
17526 0
1129 0
1144 2
8767 0
1147 2
17532 2
9341 2
17534 2
9343 2
17539 3
9349 2
17543 0
9352 1
9353 0
1162 3
1163 2
17549 1
1166 2
7021 3
17552 1
17553 2
17554 2
9363 1
17556 2
1173 2
1174 2
1175 2
17560 1
1177 2
17562 1
17563 2
1180 1
17770 3
9374 1
17567 3
9376 0
17569 2
1186 0
9379 1
1189 2
17574 1
17575 1
17577 1
9386 2
1196 2
17584 3
17587 0
9397 2
40 0
9400 0
17594 1
17951 2
17596 1
9405 2
9407 0
9409 1
1218 2
9411 2
9412 1
1221 2
17607 2
12043 0
8396 0
9418 1
17612 2
9421 2
9424 1
17499 2
9427 2
9428 2
16590 3
9430 0
15225 1
13047 0
427 2
17628 2
12065 0
7952 0
17957 0
3042 2
9443 2
17637 0
9446 1
17639 1
17640 1
17642 1
1259 1
1260 0
17645 0
1262 2
17649 1
17650 1
17651 0
9460 2
9461 2
9462 2
5673 3
1272 3
1273 2
7039 1
17660 2
17962 1
17662 2
17663 1
17666 2
1283 2
9476 2
9477 2
17670 0
17672 0
2225 1
1290 1
1291 0
17676 0
9486 3
17680 0
1297 0
1298 2
1299 1
17685 2
9494 1
17687 1
17688 0
17689 2
9503 2
1313 3
17698 0
9508 0
11142 1
17702 2
1320 1
1324 2
9518 2
16605 2
17713 0
1331 1
17719 1
1336 2
9531 2
9532 3
1341 2
17726 2
17727 1
1344 0
2955 0
4682 2
18594 2
17737 2
17738 0
1355 1
9548 0
17741 2
11149 0
17744 1
1592 3
1363 2
17749 1
8356 3
1311 1
17756 0
9566 0
17759 1
1377 2
17762 2
17764 2
17766 0
17767 1
17768 2
17504 2
9578 1
1387 1
9580 1
9583 2
1393 2
1395 1
9588 2
9590 2
3047 0
9592 1
1401 2
9594 2
17787 3
9596 0
9597 2
9598 2
9599 0
1408 0
17984 0
17795 1
7062 0
1415 2
1416 3
1418 0
17803 1
9615 2
1425 2
17810 1
5503 1
173 2
9623 2
9624 1
1436 1
9629 1
17822 3
17989 1
9632 1
4483 0
9634 1
1444 2
9637 1
1446 2
9642 0
17835 2
9645 2
1454 2
15261 2
1456 0
17992 2
9650 2
17843 2
1460 3
17845 0
17846 0
8232 0
1464 2
9657 0
1466 2
9659 1
17852 2
9662 2
17855 2
9664 1
1473 1
17858 0
1475 1
8438 2
1479 3
9672 1
9673 1
1482 1
17867 0
9676 2
1486 0
17997 3
1488 1
4647 0
9683 0
17876 0
9689 0
9690 2
9691 3
9694 0
17887 2
9696 1
17896 1
12540 0
6597 1
9707 1
17900 2
1618 1
9712 2
1524 1
16638 0
17910 0
9719 1
9720 1
9722 2
1531 0
9726 2
9727 0
2075 0
17921 0
1538 2
17924 0
1542 2
1543 1
9736 1
10103 3
1548 2
17934 2
17935 1
17937 2
17940 0
17941 1
1559 0
17944 1
1561 2
15279 2
1564 1
17949 2
12549 2
11184 1
17783 2
17956 2
8454 0
17958 2
17959 2
9768 2
9770 1
12551 2
17964 0
9773 2
1583 2
17968 0
17969 0
2995 2
1588 0
9781 1
17975 2
9784 2
17977 2
17979 2
1596 2
1597 1
9792 2
17985 2
17986 0
1605 0
1608 1
15602 2
1610 1
17995 2
17996 1
1613 2
1614 1
17999 0
1616 0
9810 2
1619 2
9812 0
1621 0
1622 2
3001 2
10324 1
9817 2
18011 2
7098 2
1630 1
1631 1
9826 2
18020 0
9829 2
1639 2
1640 2
18027 2
274 2
9838 1
18032 0
1652 2
1653 2
18038 2
1655 2
7103 2
1660 1
1661 1
1662 2
9855 0
1664 1
1666 2
8358 0
1670 0
1671 1
18056 0
18057 2
1674 2
9867 0
1677 0
18062 2
9874 0
9876 0
17960 0
18070 0
8473 2
1688 0
1375 2
9885 1
1694 2
9887 3
1696 2
1697 0
9890 0
18083 1
1700 2
1701 2
1702 2
1703 1
18088 2
9899 1
9901 2
1711 2
1712 1
18097 1
18098 2
9907 2
18100 1
1717 2
1719 2
18104 0
1721 2
287 2
18109 2
1726 2
1727 0
9886 0
1729 1
18114 2
1732 2
1734 1
1737 1
1738 2
5751 2
3503 2
18126 0
18127 0
1746 2
4387 3
18133 2
18134 2
1753 3
1755 1
18141 0
18142 1
1761 0
1659 0
1764 2
18150 2
1767 2
9852 0
18154 1
1771 1
18156 1
18157 2
18159 2
296 0
18163 0
9854 1
1782 1
18167 1
1788 2
1789 2
1790 2
18175 1
18048 2
18178 1
1795 0
871 0
1151 1
9999 2
1809 2
18194 3
18196 1
7129 2
18201 1
18203 2
1821 1
1823 2
18212 1
18213 2
18214 2
10023 3
1832 1
18217 0
18218 2
18055 2
1836 1
18221 2
10030 2
10031 2
10032 1
1841 2
10034 1
307 0
18228 2
16701 2
10038 2
9865 3
18232 2
18233 2
1852 1
10045 1
10048 2
4699 1
18243 0
10053 1
18246 2
18247 2
10056 2
18250 2
1867 1
16429 2
18255 0
18264 1
1881 0
10074 2
18268 1
18269 2
10078 2
18271 0
18272 0
9470 2
18275 1
18279 1
10088 1
10089 2
10090 0
1899 0
18284 1
16543 2
18287 1
1904 2
10098 1
10099 2
2381 2
1911 0
10105 0
9611 2
1917 0
1918 2
1920 2
3051 0
1924 2
9878 3
18312 1
18316 1
1933 2
10126 3
18320 0
10129 2
323 0
18324 2
10133 1
9601 2
1944 0
16708 0
1949 2
10143 1
18337 0
10146 2
18340 2
1957 0
1961 2
10155 2
1964 2
1965 2
18351 0
1968 0
1969 0
1970 0
16978 2
11612 3
10166 2
18360 2
18363 1
18364 1
18366 2
18367 0
18368 2
10179 0
11254 2
1990 3
1992 2
332 2
18378 1
18380 0
10189 1
8525 2
18384 2
10196 1
12622 1
18390 0
10200 2
18393 2
18398 0
10207 2
10208 2
18401 1
18402 0
17203 2
10213 2
10214 0
16721 1
2024 2
10220 0
10222 2
18419 1
18420 2
7166 3
16724 2
18427 3
8797 3
2047 2
18091 2
2052 2
15344 3
16727 1
18446 2
7171 1
18452 2
10264 0
18457 1
9903 1
2524 1
16436 1
10272 2
18465 1
18467 0
18468 0
1713 0
2088 2
10281 2
2091 2
2092 2
10286 1
10288 1
2097 3
18482 0
18483 2
10294 1
10296 1
2105 0
10299 2
2108 3
2109 0
10302 0
2112 2
10305 2
10306 1
18500 2
10309 3
10310 1
8545 0
2120 2
2121 0
2287 2
10315 0
10317 1
2126 0
18511 3
2128 1
2129 1
154 0
18515 2
18516 2
18517 0
2134 2
10328 2
8548 2
2138 2
10332 1
8549 0
10337 2
10340 3
358 1
10342 2
7185 2
2153 2
18538 2
2158 1
5821 2
360 2
18546 3
2164 2
18110 1
10358 2
2167 0
15380 1
10366 2
10367 1
2176 2
10369 2
18076 0
8555 2
18567 3
2185 2
2188 2
2189 0
18039 1
10384 0
2193 0
10386 1
18579 2
10390 0
2199 2
10392 2
2201 2
2202 2
367 0
2207 1
18077 0
10401 2
2210 2
2212 1
18598 2
10407 2
2218 1
18603 0
18604 2
18605 2
7717 3
2223 2
18609 0
18611 1
10420 2
2229 2
18614 2
18615 1
18616 1
10426 1
10427 1
2238 2
2240 2
18626 3
18629 2
2248 2
18633 0
2251 2
2254 2
14029 2
18640 1
15078 2
2258 2
3107 2
18644 2
10453 2
10456 1
18649 0
2266 0
2268 2
3076 2
10463 2
10464 1
10466 0
10467 2
2276 0
2278 2
10471 1
18665 2
10475 1
18669 1
4477 0
76 2
2289 1
18678 0
18679 3
10488 2
18682 1
8260 0
18689 2
10498 2
2307 2
18692 2
18694 2
2311 0
2312 2
10505 2
10510 0
11309 0
18704 1
10514 2
18707 1
2324 2
10517 1
2327 1
10521 2
18714 1
2331 3
10524 2
2333 2
10527 3
10530 1
18723 1
18725 1
18727 3
10537 2
18732 2
18733 2
10542 2
18737 2
2356 2
1758 3
2362 2
18747 1
2364 2
2365 3
18750 1
10559 2
18752 0
10561 2
14809 2
2371 2
10564 2
18757 0
4989 0
18760 3
2377 0
2378 1
10573 1
10574 2
2385 2
2386 2
18771 2
2388 2
18773 3
2393 3
18778 0
10589 2
8592 2
10595 2
10599 0
2408 0
10602 2
2412 0
16786 1
10607 1
10609 0
10612 2
2422 1
1769 2
8264 0
2426 1
18811 1
18812 2
10621 2
10624 0
18817 2
10626 1
18819 0
18820 2
8810 2
2443 0
10636 1
1773 1
2450 2
2451 2
2452 2
18839 2
10648 2
5871 3
2460 0
11053 2
2467 0
18852 0
18853 2
10663 3
2472 2
2475 1
2476 0
10670 1
2479 0
10672 2
2484 0
2485 0
1150 2
10679 2
10680 1
2491 0
12728 2
15434 2
17541 1
2498 2
2500 2
18166 0
2502 1
16801 0
15074 0
10702 2
629 1
2514 1
10712 2
2522 3
10715 1
10716 1
2525 1
2527 1
2528 0
2308 3
2531 1
10724 0
4518 1
10727 2
2536 0
10729 1
2539 2
10734 1
16997 2
2544 0
10741 1
2551 0
10744 3
2553 1
10749 1
10753 2
10755 0
617 0
2565 0
2566 3
4450 1
10766 0
10767 0
10768 1
10769 0
10771 1
2580 2
10773 1
2582 2
10778 0
10779 3
10780 0
2589 0
10782 0
10783 3
12720 1
2594 2
2595 2
2599 2
10793 0
10796 2
14420 2
2608 1
10801 2
2614 1
2615 2
10809 1
10810 1
5898 0
2623 0
2624 2
10817 1
2627 2
10822 1
2632 0
2633 2
2634 2
10831 2
2640 2
8632 2
10838 1
12729 0
10841 3
14095 2
2654 2
2655 2
10848 3
10850 1
10852 2
10853 2
10854 0
10856 2
10857 0
10860 1
10863 0
10864 2
10865 1
10867 1
10868 0
2677 2
10871 2
14001 2
2753 2
10876 0
16821 1
10881 2
2690 0
2691 0
10884 0
2200 1
10887 2
4727 1
10893 1
2702 2
2703 0
10897 3
2706 2
2709 0
9358 1
10903 2
10906 2
10907 1
2717 0
8365 1
10911 2
10913 3
2722 1
10915 2
10916 2
2729 1
2730 1
10924 1
2733 2
2738 3
2739 2
10933 0
2742 2
18207 2
2750 1
10945 2
2762 2
2764 3
2768 1
2769 0
2776 0
10020 3
2781 0
2787 0
2788 0
2791 2
10985 0
2794 3
2800 2
2801 2
2803 2
2804 2
7294 0
10998 0
2807 3
11004 2
10026 2
2818 0
1835 1
2821 1
2822 0
11016 0
2825 2
2826 2
11027 0
16857 1
1839 2
11038 2
11041 2
2850 2
11043 0
11045 2
2854 1
18225 2
2856 2
12764 0
11051 3
1842 1
11055 2
11057 2
11058 2
11059 0
15131 1
11065 2
2874 0
15498 0
11070 0
2879 2
2880 2
14826 2
2882 2
2884 0
1187 2
11078 2
16865 0
11080 2
11082 2
11089 2
2898 2
483 2
2901 0
2902 1
5945 2
2907 2
2909 1
2910 1
485 2
11107 1
11109 2
11111 3
11112 1
11113 3
2923 1
2924 0
2925 2
5623 0
2928 1
2930 0
2936 0
13464 3
2939 2
11132 2
2942 2
9918 3
2944 2
2946 2
11139 1
11140 1
2950 2
4588 0
371 0
1858 1
2960 0
2962 0
4463 1
4590 0
11158 2
11159 3
2974 0
11167 1
2977 0
11173 1
11175 1
11178 3
7112 1
2988 0
11183 2
2992 2
1864 1
11187 0
2998 0
3000 2
11193 0
3005 0
8693 2
3012 2
11205 0
3014 0
3016 1
3018 2
5556 1
11214 2
14157 2
11220 1
3029 1
11224 2
3236 0
11226 2
3036 0
11230 2
15525 2
3040 2
11233 1
11234 1
3044 2
11239 2
3048 3
3049 2
11243 2
3052 1
11245 3
12797 1
3056 2
11432 0
3058 1
5971 2
8702 2
6103 2
5012 0
11259 2
3070 2
3073 1
3074 1
11267 2
11268 2
3078 1
3079 2
3081 2
3082 2
14560 1
3086 0
3087 2
3088 0
3093 3
11288 0
11294 3
11295 2
3104 0
11299 1
11300 2
3110 2
3249 1
6923 0
11307 2
3250 2
11310 1
11312 2
5749 1
3129 3
14175 0
3132 1
11327 2
10080 2
11330 1
11331 3
3141 2
11334 2
11335 2
11336 2
11338 2
15543 1
8477 0
8561 0
11344 2
11346 2
10083 2
4 0
3157 0
11354 2
16911 0
16109 2
5561 2
11364 1
11368 0
3178 1
11371 2
3182 3
3261 1
16200 0
3186 1
11379 3
7358 0
11382 2
11383 1
3195 2
5562 1
11397 2
11398 2
3207 2
11400 0
11401 0
11402 0
11403 2
3212 1
3213 0
3215 2
11408 2
536 3
7363 0
11414 1
9109 3
15749 1
10095 2
11421 2
3231 1
11424 3
11425 2
11426 3
16923 2
11428 3
3237 1
11430 0
11431 2
3240 2
3241 1
3242 3
3243 1
6002 1
3246 2
11440 0
11441 3
10201 1
3251 0
11444 2
3253 1
3254 1
381 0
11450 2
11451 1
3260 0
3274 1
3263 2
8292 2
11458 2
3275 1
3268 2
3270 1
545 2
9929 2
11467 1
11469 2
15112 1
12657 2
3280 2
3285 1
3286 1
11471 2
11487 0
3296 0
3298 1
11491 0
3303 1
16935 2
3310 2
18301 2
11504 3
12840 1
3314 3
11510 2
3320 2
11514 2
11515 0
8746 2
11518 2
3327 0
3330 1
11531 1
11532 2
3342 1
11538 1
3347 0
11540 2
3349 2
3351 3
11544 2
18308 0
3354 2
3355 1
3359 3
11553 2
11554 1
3363 1
6022 2
15580 2
3373 3
3375 2
11568 2
3377 2
3378 1
3380 1
15582 0
6025 2
11581 2
16949 0
3394 2
3395 1
566 3
8842 2
11592 0
8759 1
3406 1
10125 1
3409 0
3413 2
11608 2
3420 2
3422 1
3423 1
11619 1
11620 1
16956 1
3435 3
3436 1
3440 1
11633 0
11637 1
11638 2
11640 2
3449 2
17300 1
3451 1
3458 3
11654 0
3468 0
12866 2
11662 2
3472 2
16963 0
11668 2
3479 2
3480 2
11673 1
15599 0
3485 1
3490 2
3492 0
4678 1
8775 0
3501 1
3502 2
6045 1
3504 2
3505 0
3508 0
8777 0
3515 1
11709 1
3520 2
11713 2
587 1
3524 0
3527 2
588 1
3530 0
11724 2
11512 2
12393 1
11738 1
11742 0
11743 1
11744 2
17849 2
3557 2
11752 0
11754 0
3564 3
4690 0
3567 2
3568 0
3572 1
11766 0
3576 0
16980 2
15615 2
3580 0
11773 2
17850 1
3585 2
11779 0
3588 0
3679 2
11785 0
11786 1
3595 0
9953 0
8480 1
1211 3
11800 2
3611 3
3612 0
17851 1
11808 1
3619 2
3621 2
11815 1
11819 2
18354 0
11823 1
11824 1
3633 1
11826 2
11828 1
15124 3
16488 2
11836 0
18357 2
11841 2
11842 0
18358 3
3655 1
3658 2
3659 0
11855 0
11856 3
3665 0
3666 0
11859 1
11860 1
3669 0
11864 2
3674 2
11867 1
4709 1
11873 1
6942 1
3683 1
11878 1
3688 1
1980 0
11884 2
7442 2
11887 2
3696 0
10174 1
3702 2
17854 0
3706 2
11901 1
11902 2
3713 2
11907 2
18400 0
9415 1
11911 0
3720 1
11913 1
3725 3
3727 2
7448 2
3730 2
1987 1
11924 3
8814 2
3734 2
15641 0
8099 3
3738 1
3740 0
14277 2
14373 1
3745 2
3748 3
11941 2
6238 0
7453 1
11952 2
18376 2
11954 0
11955 0
11957 0
18377 0
3768 0
11963 2
3775 2
3778 0
8822 2
3782 2
3361 0
3784 2
3787 2
16501 1
18381 1
3792 0
12920 1
11990 1
3801 3
11997 0
11999 2
13937 1
3810 2
8827 2
3813 0
12006 0
13766 0
636 2
7463 0
12675 3
12013 2
3822 3
4733 2
3832 1
12025 0
12029 0
12032 2
12037 2
12040 0
12042 2
3947 0
8809 0
11565 1
8835 1
2009 0
3865 0
15102 1
7221 0
12062 2
3871 0
3376 2
3876 2
12069 1
3879 2
3880 0
3881 0
3885 2
6109 1
3889 2
3893 0
12087 0
3897 0
3403 3
18399 1
3901 0
12094 2
12097 1
12098 1
651 0
12100 2
12103 3
3912 1
12108 2
12109 2
12110 2
3928 2
12125 0
12127 2
15675 2
3940 0
12134 2
8849 2
12136 2
12137 2
12139 2
17042 2
3950 0
15677 1
12144 1
12145 1
12152 1
3961 0
12154 0
3963 2
12157 3
12158 2
12949 2
8046 0
3973 1
12171 2
11586 0
18139 1
3985 2
3988 0
12181 1
12184 2
3994 0
12187 2
13772 2
8858 2
12190 0
12191 0
14320 2
4003 1
4006 2
4225 2
17052 2
12202 2
13227 2
12206 1
12207 2
4019 1
12212 1
4766 1
12214 2
1225 2
17055 2
18421 3
12225 2
12227 0
4039 2
12232 2
4043 2
8866 0
4047 1
4050 1
17059 0
4053 1
1226 1
4057 2
4058 2
11599 1
12252 2
4061 0
4063 2
12257 0
12258 2
12259 2
12260 1
17062 0
12262 2
4074 1
12267 0
17245 1
4078 1
4079 0
4080 3
4081 1
3682 2
12279 2
17710 2
12286 1
4098 1
12292 2
8791 2
4106 2
4107 2
12300 2
14867 0
12306 2
4118 2
4124 2
15706 1
4126 0
12319 2
4129 0
4130 2
12324 2
12325 0
17073 2
4137 2
12330 1
4143 0
14344 0
8883 0
2593 2
4152 2
15215 0
12348 1
14346 1
12981 1
4171 1
7522 2
6157 0
4180 0
12377 2
12380 0
4192 2
4196 3
12390 2
4200 3
4201 2
12399 2
12403 2
7778 0
3433 3
12408 0
4221 2
12414 2
6165 0
12417 2
4226 0
4227 2
4229 1
12424 2
4237 0
12430 1
12432 2
12433 2
4245 2
12440 2
4249 1
12445 2
4255 0
4256 2
2552 1
12451 1
4261 2
4262 2
12455 3
12459 1
7538 3
12462 2
6173 0
4273 0
12466 1
4276 2
12470 2
13001 1
4281 0
4282 0
6176 1
961 1
4291 0
12486 2
12487 0
4297 0
4298 0
4302 1
17101 3
12496 1
5375 2
6690 1
12501 2
4310 0
933 1
4312 2
4314 1
12509 2
4318 2
4319 0
4320 2
12514 0
4323 2
4325 2
4328 3
12521 2
4331 1
4333 2
4335 2
4337 2
12530 1
4339 3
4340 0
12533 2
4342 2
4344 3
12537 3
12539 2
4348 2
12541 1
4351 1
8601 2
4354 2
18475 0
13014 2
4359 2
12552 2
8919 2
15421 0
12558 0
4368 1
14330 0
4370 1
4371 2
4374 2
12567 1
12568 2
4377 3
4379 2
4380 2
12573 0
4383 2
4385 1
12579 0
4389 2
14385 1
12584 2
12585 0
12589 1
2099 2
12596 2
4407 0
12603 3
4413 3
5057 3
7563 2
12615 2
12618 1
4428 1
12621 1
4430 1
5603 0
15696 0
6200 1
12626 2
4436 2
15758 2
4439 2
12632 1
12633 1
7567 2
12636 0
12638 2
148 1
12643 1
13030 2
4458 2
12652 2
10301 2
4465 0
12660 2
4471 1
12664 1
4474 0
4475 0
12668 2
746 2
12674 3
17131 1
4484 1
4485 2
4487 2
17324 2
4667 2
4491 1
4493 2
4845 2
4497 0
4498 2
12691 0
4501 0
2116 2
12698 2
4509 1
12702 2
4511 1
16517 1
13040 2
423 2
12710 1
4520 0
12714 1
10311 2
4524 1
4525 1
4527 1
4528 2
4529 2
4532 1
4534 1
12727 1
4536 0
4537 2
12730 1
15775 0
12732 1
8593 0
12737 1
4546 1
12739 2
12740 0
12741 1
18155 1
4552 1
12745 2
12747 2
12748 2
4557 1
4560 0
4565 1
303 2
17145 1
17610 2
12761 2
4570 1
4571 0
4572 0
12765 2
9154 2
12769 2
17147 0
4580 1
4581 1
12774 1
4583 1
4584 0
764 2
12778 0
12780 1
16179 3
12782 0
4592 0
12786 0
12788 2
12790 0
12792 1
2132 0
8959 0
5336 1
4605 2
17152 1
12802 1
4611 2
12805 1
12808 3
4617 2
12810 0
12811 2
14122 3
4621 2
11693 0
4626 2
12819 1
4630 0
4631 0
4632 2
4633 2
4635 1
12828 0
10330 3
773 2
4643 1
12839 0
4648 1
12841 1
12843 1
12844 3
4653 0
12847 2
4656 1
12849 0
4658 2
4659 2
12852 2
4661 0
4662 0
12856 2
2221 0
10335 2
4668 2
12861 2
12862 2
4672 2
6240 0
4674 1
4675 1
12868 2
12870 1
2145 2
12872 2
12874 1
4684 0
16250 2
4687 0
4688 1
12882 2
12884 1
782 3
4695 2
4696 1
4698 2
12891 2
4700 0
4703 3
4705 1
18534 2
12905 3
12906 2
12907 0
12908 0
4719 0
4721 2
5340 2
4726 1
12919 1
4728 2
4729 2
12924 2
12925 1
4734 2
4735 3
4736 2
12930 2
2150 2
12932 1
12933 0
12934 0
3521 2
4744 1
4745 1
4748 1
12942 2
4751 0
4752 1
12945 2
12946 1
4755 1
18542 0
12951 0
7620 2
4763 2
12958 0
12960 2
12961 2
12963 1
4772 0
4773 2
11583 0
4776 2
4777 1
11343 2
12971 1
12972 2
17181 2
15816 2
4789 3
4790 1
12983 2
12985 0
12987 1
12989 2
12990 3
12991 0
12994 1
4805 1
12998 1
4807 1
4808 1
4809 2
4811 3
13004 2
4813 1
4814 2
4815 2
4816 1
13010 0
4820 2
4822 0
13017 1
4826 1
4827 1
6266 2
4830 0
4831 1
4833 3
13027 0
13028 0
4837 2
4838 0
4839 0
4840 0
4841 2
13034 0
4843 2
4844 1
13037 1
13038 1
4848 1
11225 0
13042 2
13043 2
3162 1
13045 1
4855 2
4856 1
13050 2
2175 1
810 0
13055 1
13056 0
9982 1
4866 0
13060 0
4872 2
13100 1
4876 3
4877 2
4878 0
1178 0
4881 1
13076 3
13077 2
2072 2
11074 2
8619 3
13088 1
4897 2
4898 2
13091 2
13092 1
13093 1
4903 3
13096 2
4908 1
4911 2
13106 2
13107 0
13108 0
13110 1
13112 1
13114 2
4929 0
4931 2
13124 3
4934 1
15841 2
13129 2
13135 2
4944 0
13137 2
4948 2
13142 1
13143 0
13146 0
13148 2
13153 2
4963 3
13156 0
13159 3
9362 0
4971 2
4973 0
13168 2
4979 1
4980 1
4981 2
11077 1
4986 2
13181 1
4991 1
13184 1
4997 2
1888 2
5001 2
13195 0
13196 0
5005 3
13199 1
13200 0
18584 1
13202 1
13204 2
5015 3
13208 2
13209 2
18746 2
5021 2
13214 1
5024 2
5025 2
13218 0
10351 2
13220 2
5030 2
5031 3
13225 2
13261 2
5035 2
13229 2
5038 0
5044 2
13239 0
15315 2
13245 2
5054 1
13249 3
15862 2
5063 2
5064 2
13257 2
13259 2
13260 3
14498 2
13262 2
5072 3
7672 3
6253 2
13272 0
12717 1
5082 2
17231 0
6177 1
5088 1
13282 2
5091 2
3689 1
13290 1
5099 1
5100 2
13293 1
13297 0
3771 0
13301 2
13302 1
13303 2
13304 2
5113 2
13307 1
13308 1
13311 2
13312 2
13313 2
13316 0
13317 0
13319 0
10412 2
13323 2
13324 2
10413 0
5138 0
13331 2
4573 1
13334 0
11780 3
5147 2
5152 2
13345 3
5154 2
17084 1
13348 1
13349 0
5158 0
13351 2
5160 0
17244 0
5167 1
13360 2
13613 0
13365 1
13366 0
13370 0
13372 1
13373 2
10421 2
13266 1
5185 0
5186 0
11787 1
13380 2
13383 2
5192 3
8629 1
5195 2
5196 2
5198 2
5200 0
5201 1
13394 0
5205 0
5211 2
18414 3
5216 0
2083 2
5219 1
8709 1
13414 2
13415 0
13418 1
13419 1
13160 1
13427 2
13431 2
5244 0
5246 0
5247 2
5249 2
13443 1
4812 1
5254 0
9995 2
13449 2
2630 1
13453 1
13292 0
877 3
13458 0
5267 0
13460 0
9070 2
5272 0
5274 0
13467 2
5276 2
5278 3
5283 2
13477 2
5292 2
5293 2
5294 2
13487 1
13489 0
5298 1
883 1
13494 3
13495 0
13497 1
5306 1
13500 0
13501 1
13173 2
13504 2
5315 0
13510 3
13511 2
13512 1
5321 3
13520 2
1672 3
723 2
9081 2
13528 2
5337 1
5338 0
18148 0
13532 0
13178 0
13535 2
5345 2
5348 3
13544 2
17276 0
13547 2
5357 1
13550 1
13551 2
5362 2
5363 3
5371 1
5372 2
5373 1
5374 1
6357 2
9088 3
5379 1
13572 2
9089 2
13576 1
13578 2
13580 2
13581 0
13583 2
13586 0
13587 2
2265 2
13592 2
9092 0
18729 0
5406 0
13599 0
13600 1
15920 1
13602 2
13603 0
5412 1
13605 2
5414 1
13607 2
13608 2
13609 2
5418 1
903 0
13612 2
5421 2
11910 0
13618 1
13621 2
13193 2
13624 1
13625 0
13626 3
5436 3
5437 2
13632 2
5441 2
5444 2
5445 0
13638 2
13640 1
17292 1
5453 2
13646 1
13647 2
5457 2
5461 2
5463 1
13659 1
15930 2
5476 0
18662 2
13670 2
10548 1
5481 0
5483 1
13676 0
5485 0
13680 0
5495 3
5496 2
5497 2
5498 2
16679 1
13695 2
13696 2
13697 2
2911 2
5508 2
5513 2
5515 1
13710 2
5519 1
13713 2
5524 2
13717 2
5526 0
9113 0
5528 0
13723 2
13727 1
13732 2
13734 1
13737 2
10973 2
5548 2
13741 2
13742 2
5551 1
13744 1
5553 2
16279 0
5560 1
185 2
13754 2
5564 1
13757 0
13758 0
13759 0
5568 3
13762 1
13765 0
5574 2
3965 2
5576 1
5579 2
5580 1
5581 2
5583 2
13777 3
5587 1
13782 2
13787 2
9125 2
3664 2
13795 1
5606 0
11857 0
5608 1
5611 1
5612 2
7762 1
13806 1
13808 2
5619 1
10280 2
13817 1
5627 1
5630 2
13823 1
13824 0
13827 0
13828 1
5637 1
5638 0
5639 2
9735 0
5641 0
13834 2
13836 2
16282 1
5037 2
542 2
13843 0
13230 2
5654 2
5656 0
5657 1
5658 3
5661 1
5663 2
10502 2
13864 2
13865 2
13867 2
5680 1
10504 0
947 2
13876 0
13879 2
5691 2
13884 2
5698 2
5699 0
13896 0
6412 2
5047 0
13900 0
11874 1
15193 1
5714 0
5716 0
13911 2
5720 2
5646 2
7781 2
13921 1
13922 1
13925 0
2373 1
13927 1
5736 2
1282 0
11672 2
13933 0
11880 1
13941 0
13943 2
18708 2
5763 2
13959 1
13965 0
13967 1
5776 2
5777 2
5780 1
13350 0
13974 1
18713 1
5787 0
5795 3
13992 0
13993 2
5803 1
13996 1
13997 0
14000 2
13256 1
5810 0
5811 2
5814 2
14007 1
14009 2
14013 1
5823 2
5824 2
5067 2
9053 2
5831 0
5837 0
5839 2
14033 1
5843 2
14036 1
5845 0
5847 0
14040 1
14042 2
5851 3
5853 2
5854 2
14047 1
5858 2
5859 2
5860 2
14059 1
5869 2
3709 2
14064 0
15818 2
14066 3
5876 0
5879 2
15999 1
5884 0
5888 2
17654 3
14084 1
5893 1
5894 0
5896 2
14090 2
16002 2
5903 2
14096 1
6439 2
5907 2
18734 2
14107 0
5916 1
5922 0
13275 2
14116 1
5925 2
5380 1
5930 2
14126 2
14128 2
14130 1
14132 3
14133 2
14134 0
5943 0
14136 2
14137 2
14138 1
14139 1
14140 2
5951 0
14144 2
10291 1
14147 2
14149 1
17061 2
14156 1
5090 3
13283 2
14164 2
14166 2
14168 1
5978 0
10554 2
5982 2
5983 0
5985 2
14180 1
5989 2
5992 1
14186 2
5095 2
14188 2
8383 2
14190 2
5999 2
3816 2
14194 2
14195 2
14199 1
14201 0
6012 0
6013 2
14208 0
2368 1
6018 1
14212 2
6021 2
14214 2
6023 1
14216 2
14217 2
6026 2
14221 0
14222 0
14223 2
14224 1
10563 2
17390 1
14234 0
14237 0
14238 1
6047 2
17392 2
14245 1
6055 1
6056 2
6057 2
6059 1
14254 2
6063 3
6064 2
6067 2
6068 2
14262 2
6071 2
17396 2
6074 1
14268 2
6080 1
14274 2
14275 1
5110 1
14280 0
14281 2
17388 2
6094 2
14287 1
14289 1
14293 0
14294 0
1017 1
6105 1
6108 2
14301 0
14302 2
1840 2
6112 0
14306 1
14307 2
6119 1
5116 3
6122 2
6123 2
1021 0
6128 2
14321 2
14322 2
6132 2
6135 2
6138 0
14331 2
6140 2
14335 2
14336 1
14337 1
6149 0
6151 2
6152 3
14345 3
6154 2
6156 0
14349 1
6161 1
6164 2
14357 2
14360 1
17412 3
14362 1
14364 1
14365 3
6174 2
14368 2
14369 2
6179 0
6180 3
6181 0
6182 0
6184 0
6185 2
6187 2
14380 0
6193 3
14386 2
14387 2
6196 2
14390 0
6753 0
14392 2
14393 2
6203 2
6204 2
6205 2
6206 2
6209 2
14405 1
14408 2
5132 2
14410 2
14412 2
6221 1
14414 2
16056 1
14418 0
6228 2
14422 3
6231 2
14427 2
16058 0
14430 3
14432 3
14433 2
7867 1
15208 2
10028 1
7585 2
6250 2
6251 2
14444 2
18045 0
14446 0
6256 2
6259 0
14453 0
14454 2
14458 2
6267 2
6269 1
6270 2
1045 1
14465 1
14467 1
9238 0
6279 2
6282 2
14476 0
6286 3
10605 1
6053 1
1383 2
13337 2
14488 3
14489 1
3206 2
14491 1
14494 0
14496 0
6306 1
6307 1
14501 0
14502 1
14503 2
14504 2
14505 2
6315 0
6318 0
14513 2
14519 0
6330 2
6331 2
6332 2
6335 0
6336 2
14531 0
5121 2
14533 2
14538 2
6349 2
14546 0
6355 3
6356 1
14549 2
14550 1
6359 2
5573 0
6363 2
18481 0
6368 2
14561 3
6370 2
2427 2
14565 1
16579 0
6380 0
16082 2
6384 0
13352 0
14581 1
14583 0
6393 2
14586 2
4842 1
6396 0
14590 1
14591 2
14592 2
18816 2
6407 2
14600 2
14604 2
2434 2
14607 2
6418 0
14611 1
18121 1
6426 1
17455 0
6429 1
14622 2
14625 2
14626 1
14627 2
14631 2
14633 0
6442 1
14635 0
6445 1
6446 2
6448 1
11445 1
14642 2
261 2
14650 1
14651 2
6460 0
12763 2
1077 2
6465 0
6466 2
6468 1
14662 2
14666 2
7035 0
6577 1
4713 0
14673 2
3811 2
14680 2
14682 2
18831 2
6490 0
6494 0
6497 0
14690 2
14401 0
6504 2
14699 0
18493 2
5181 0
7912 0
6514 1
18766 2
14710 2
10027 2
8946 0
6522 2
14718 2
13376 3
14724 2
6534 0
14731 2
14733 1
16683 2
3821 2
14737 2
14738 3
5187 0
16110 2
14742 2
6553 0
14746 2
14748 0
14750 2
14751 2
6566 1
7921 3
14761 1
14762 0
5191 2
6575 2
6576 2
13384 2
6579 2
14772 1
14773 0
6583 2
10312 2
14778 2
14779 2
6593 2
14787 0
14789 2
14791 2
14792 2
14795 1
6605 0
14798 2
14800 2
16120 1
14803 2
14804 2
14805 2
9981 2
6616 1
10660 2
14811 2
6621 2
6623 0
14817 2
18497 0
6631 2
6632 2
6634 0
14828 0
14829 2
14832 0
6642 3
1107 1
6647 2
6648 2
9300 1
14842 2
14845 0
14848 1
14849 2
14850 2
14851 2
14852 1
10668 2
6667 0
14860 2
14863 1
6673 1
6674 1
6675 3
5405 2
6679 2
14872 2
14873 2
14874 2
6683 2
14876 2
14877 2
14878 2
14879 2
14881 1
14882 2
9307 2
6692 2
6695 3
16135 2
14892 1
6702 1
6704 1
6706 1
14899 1
6708 1
6709 0
14902 2
14903 2
14904 2
6715 2
14908 1
6718 2
18869 0
14912 0
14913 2
14914 2
6723 1
14916 0
6725 0
5217 0
17682 0
2487 2
14925 2
6736 0
17955 2
6744 1
14884 2
6747 2
14942 3
13413 2
14945 1
6756 1
5222 0
14950 2
14951 2
14952 1
14955 2
14957 1
14959 0
14960 2
6770 2
14965 0
14966 0
6775 0
6776 2
14972 2
6787 0
6788 1
14981 1
6794 2
6796 0
14989 0
9325 0
14993 0
6802 3
18230 0
14996 2
6807 2
6809 0
6810 1
15004 2
15005 1
6815 0
6817 1
15011 0
6823 0
1591 1
2503 0
6828 1
15021 2
6830 2
6834 0
6835 1
6838 1
6840 2
15035 3
6845 0
6847 0
6850 1
6851 1
15044 1
6853 0
15046 1
6855 1
15048 2
10700 2
15051 2
6860 1
6861 0
8139 1
15055 2
3229 1
9336 2
15061 0
6871 0
15066 2
15067 2
15068 2
6877 0
15070 2
15071 0
15072 0
6881 2
6882 3
15075 2
9593 2
6886 2
6887 1
15080 2
18078 2
15083 0
6892 2
15085 2
6898 1
6900 1
15093 3
15094 2
15095 1
15097 2
6907 2
15100 1
15101 1
6910 2
15103 1
15104 1
6913 0
15107 1
15109 1
9232 2
15111 3
9866 0
15114 2
15115 3
6927 2
6928 1
6930 1
15123 1
6932 0
6617 2
6936 1
6939 2
6941 0
15134 1
15135 2
15136 1
15137 3
6946 2
6619 2
15140 0
15144 0
15145 0
16413 2
17544 2
6963 2
6965 2
15160 1
6969 0
15167 2
6978 0
6983 0
15181 1
12235 0
17668 0
6993 2
6994 1
10723 2
15189 0
16327 1
15191 2
2532 0
7002 2
7004 2
15197 2
7006 2
7008 2
7009 2
15205 0
1465 2
7016 2
15209 1
7018 1
7020 2
15213 0
16959 2
7023 1
7024 2
15217 2
6235 2
13459 0
15220 2
9364 2
15227 3
15228 0
15229 2
7038 0
15231 0
15233 2
7044 3
7045 2
15241 2
7050 1
15245 2
15246 0
7055 1
9368 2
15250 3
16195 2
7060 0
2542 1
15254 3
7063 0
7064 2
7065 3
15258 1
15259 0
7068 1
7069 0
15264 2
7073 2
15266 1
7075 3
7076 1
15269 1
17564 2
7082 0
7085 0
12511 0
7087 1
15281 2
15282 2
15284 1
7093 0
8009 2
1600 2
7097 2
15290 2
7099 3
7100 0
2549 2
17568 0
15298 1
7109 0
9377 2
15304 2
15307 2
7116 1
7120 2
7121 2
7122 2
7123 2
15316 1
7125 0
15318 2
14841 2
15321 1
7130 0
14341 1
15324 1
5285 2
7136 0
7139 0
15333 2
7148 0
8967 1
7154 1
7155 2
14150 1
7157 2
7158 2
15351 1
7164 2
17578 2
15358 2
15362 2
15363 2
15366 1
7179 3
15374 0
15375 1
15376 3
12120 0
7188 2
15381 2
15386 2
15388 0
7198 3
9153 2
1200 0
7203 2
7205 1
7206 2
6241 1
7214 2
15411 0
15413 2
7228 1
7229 0
7230 2
15423 0
7235 2
15428 2
15431 2
15433 1
7242 0
7246 2
15439 1
15517 1
7249 2
7254 1
15448 2
2575 0
7260 2
9402 2
7264 2
2576 0
10523 2
16336 3
9044 0
17597 1
7283 0
15477 2
15478 2
15479 0
15482 1
15485 3
15486 2
5312 0
15491 1
10774 1
1217 2
15496 0
7306 2
15499 2
15503 2
15506 1
15509 1
15513 0
15514 0
2586 1
15520 0
15522 1
15523 0
7332 2
5318 0
15526 1
15527 1
7337 0
15531 0
10781 2
15539 0
4609 1
17609 1
15549 1
15550 0
15552 1
11429 0
15555 1
15556 1
6689 2
15560 0
15561 1
15562 0
7372 2
15565 1
7374 3
17613 0
15568 3
3960 2
7379 2
15572 1
15573 0
15574 0
15577 3
7386 1
15579 2
7388 2
7389 2
7390 0
15589 2
15590 1
15593 0
10791 1
11976 0
7405 2
7407 2
15600 2
7410 2
15603 1
15605 1
15607 1
15612 1
6521 0
15616 0
15620 1
15627 1
15629 1
15630 1
7441 0
15634 0
14894 2
15638 2
7447 2
15640 0
7449 2
7450 2
10799 1
15644 1
15645 3
12165 1
7457 0
7458 1
7460 2
15653 0
15654 2
15655 2
15657 2
15658 2
15659 1
15670 3
1340 2
15672 1
7481 1
14016 3
9439 2
15676 0
7485 0
7488 2
7489 2
7491 2
15684 0
11979 0
17633 3
15691 0
15694 1
15695 0
17435 3
6712 2
1251 1
7510 0
2705 0
7514 1
15707 1
7516 2
6797 2
15713 2
15714 1
15716 0
15717 0
15718 0
7529 2
15722 2
7532 2
7533 0
7534 2
7535 0
15729 1
15730 1
11435 2
15734 2
15735 0
15737 0
10815 2
15740 1
15741 1
15744 2
15745 2
15746 0
15748 2
7557 2
7558 0
7561 2
15755 0
7566 2
13549 2
15761 2
13891 1
10819 2
15765 2
7575 2
15769 2
15772 2
15773 2
7582 3
14917 1
15777 2
15778 0
15781 1
9457 2
15787 3
15788 1
15790 0
16285 0
15792 2
15798 1
10825 0
3999 0
7612 1
10826 0
7615 2
7617 1
7618 0
15812 2
15813 0
15815 1
7624 3
15817 2
7626 2
7634 2
16291 2
7637 2
17657 0
7640 3
16894 0
7642 2
15840 1
7649 2
7651 2
15845 2
15853 1
15855 1
15859 1
9225 0
7670 3
15863 2
11463 1
8398 1
13567 3
7676 0
15871 1
12277 0
7683 2
15876 0
15877 0
15878 2
7689 2
15883 0
7693 2
15886 0
7695 2
15890 2
15892 1
7701 0
15895 0
1284 1
15898 2
7707 2
7709 3
15902 1
17669 2
15904 2
15906 2
15908 1
1286 2
7719 1
7728 2
7734 2
7738 2
7740 0
17674 2
7743 2
7747 2
7748 2
7751 2
8119 0
2658 2
7758 1
5389 2
15954 1
1294 2
7766 1
15959 1
15961 1
15962 0
15963 2
7773 0
15966 2
15970 3
15971 2
15973 2
7783 0
15977 0
15978 3
15979 1
7789 2
15984 0
7796 3
8126 0
15992 0
15993 1
7802 0
7805 2
7806 1
9493 1
16000 2
7810 1
16003 2
16005 1
16006 1
7817 1
16010 0
1634 2
16014 2
7829 1
16027 1
3807 0
16032 1
16033 3
16034 2
16035 3
16036 1
16037 1
7899 1
16039 2
16040 2
3731 1
16043 2
7855 3
16048 1
16049 1
16050 3
7864 3
16057 1
7866 2
17695 2
16060 2
16061 1
16062 2
16064 2
16065 0
16066 1
7875 1
16068 2
16069 2
16073 1
7882 1
7884 2
1314 1
16079 2
16081 2
7890 2
7891 2
8142 3
16088 1
16091 2
7900 2
5173 2
16096 2
7905 0
16098 0
16104 0
16106 2
16108 2
7917 2
7918 0
7919 0
16113 2
16114 2
16115 2
16116 1
16117 2
9678 3
14510 2
13610 1
7934 2
7936 2
5419 2
16133 1
16134 0
7943 2
7945 2
16138 2
7947 2
16143 2
16144 0
7954 0
14979 3
7957 0
16150 2
16152 1
7961 2
7962 0
6789 0
7968 0
7970 1
16164 1
7973 0
7974 0
7975 2
7976 0
16172 2
12268 2
16176 0
7986 2
9523 0
7988 2
16184 2
7994 0
16189 0
8001 1
8003 2
16197 0
3267 0
7086 0
7691 1
16201 1
16202 0
8014 2
16207 0
16209 2
8022 0
8996 2
16217 2
16231 1
16232 0
13628 1
8042 0
8044 1
16238 3
16362 2
6803 1
16244 1
16245 1
8054 2
7906 2
8058 1
1343 2
16252 1
16253 2
8064 1
5440 0
8069 2
16263 2
17948 2
16265 1
16266 2
8075 2
8725 1
16269 2
8079 0
8082 0
16275 0
16278 2
15001 1
8090 2
16283 0
2714 0
16286 0
8194 1
12272 2
8098 1
2715 2
16292 0
8101 1
8102 1
8105 2
16301 1
16304 2
8113 3
16306 1
8179 2
16309 1
1353 0
8121 0
1907 0
3271 2
16319 0
16321 0
16325 0
15009 2
16330 3
4087 0
16332 2
16334 1
8144 1
16337 2
16339 0
8149 2
16342 2
16344 2
2724 1
1359 1
8156 1
16350 2
8159 3
16353 2
8165 2
16358 2
16359 1
8168 2
8170 2
16365 1
8189 2
9555 1
16372 1
16382 1
8182 2
16375 0
16376 2
16379 2
16380 0
16381 1
8190 2
