8192 2
16385 2
8195 0
8199 0
16395 0
16396 1
546 1
16404 3
14458 2
12657 2
27 0
16412 0
16414 2
16415 2
8224 1
13659 1
8228 2
16422 2
8233 1
16428 0
8237 2
8241 2
16434 2
17187 2
17759 1
61 1
6837 1
16449 2
66 1
8259 2
16452 1
16456 2
73 2
8266 2
8268 2
1378 3
79 3
16464 1
16466 1
18279 1
8276 1
8277 2
17188 2
88 2
13668 3
91 1
93 3
16478 1
8288 2
16482 0
16484 1
5838 2
8295 2
16488 2
8297 2
17767 1
108 2
8304 0
115 1
8309 2
8312 1
122 3
16509 1
126 2
127 1
128 1
8322 2
16515 2
16517 1
2753 2
136 0
16522 1
139 3
8333 2
144 2
8338 2
8342 2
151 1
154 0
156 0
16541 0
158 3
16543 2
8353 1
16411 1
8356 3
16549 2
16550 1
8361 2
170 0
8364 2
173 2
8368 1
177 1
16562 2
8374 2
183 2
185 2
12554 3
187 1
16572 3
190 3
191 0
8385 0
194 0
195 2
16581 1
199 1
18691 1
8393 2
8394 3
5675 1
16588 3
8397 2
16590 3
6861 0
208 2
209 2
16594 2
8403 3
213 2
8406 1
8407 2
8408 2
218 3
8413 2
17098 2
8415 1
225 0
8418 2
228 2
16614 0
2769 0
16616 1
8425 3
8426 2
235 3
16620 3
237 2
8430 2
16623 3
16625 0
8434 0
8435 3
8437 3
8438 2
16632 2
8441 2
16638 0
8447 0
16640 1
257 3
16643 2
16645 1
16646 1
263 2
8458 1
8459 2
271 2
274 2
279 0
281 3
16666 1
283 3
284 1
287 2
8480 1
8483 0
8484 3
8485 2
8486 2
16679 1
8488 2
297 2
8490 0
8496 2
8497 1
16691 2
16693 1
5513 2
312 1
16697 2
8506 1
16699 0
1418 0
16702 3
319 2
8512 0
16705 1
324 1
8517 1
8518 0
334 3
16719 2
16720 2
4152 2
338 1
16724 2
8533 3
342 2
8535 2
8536 1
346 3
8539 1
16732 1
16733 2
16734 1
16737 2
355 1
16742 1
359 3
360 2
4583 1
8555 2
365 2
366 2
16445 2
16752 2
8561 0
8562 1
371 0
8564 2
8565 3
374 2
16759 1
376 2
378 3
16765 2
16767 3
16768 2
7105 1
16771 0
8583 3
392 1
8585 1
394 2
16779 2
8588 1
16784 2
8593 0
8594 1
16791 2
8601 2
410 2
2799 3
8604 2
16800 3
8609 2
8611 2
16804 3
8613 2
423 2
16808 1
16809 0
16810 3
428 2
16813 1
16814 2
16817 1
436 2
16821 1
16457 2
8632 2
16827 2
444 2
74 0
446 2
16834 1
8643 1
16836 1
15094 2
454 2
455 1
16841 2
458 3
16843 3
8653 1
462 3
8655 2
16848 2
466 3
16851 2
16852 1
469 1
16854 2
16855 1
1444 2
475 1
16861 1
2198 1
481 1
13655 1
8675 2
486 2
8679 2
488 2
16873 1
16876 3
82 3
8686 3
8687 2
496 2
9640 2
8690 1
8275 2
500 2
6910 2
16886 2
503 3
16888 1
84 3
15103 1
2199 2
509 3
8702 2
511 2
512 1
16897 2
16902 2
519 1
520 3
16906 1
524 2
8718 2
16911 0
563 2
8722 3
2819 0
8725 1
8727 0
538 0
16923 2
8732 1
541 2
16926 2
543 2
545 2
8738 0
8739 3
548 1
549 2
8296 2
551 1
16937 2
8746 2
16939 1
556 1
558 1
8285 1
16946 2
5555 3
8756 2
16949 0
8758 2
567 2
8761 1
8763 0
8764 1
15114 2
2140 0
8771 3
8772 0
16965 0
8775 0
8776 1
16970 2
587 1
16972 1
8781 3
15117 2
8784 1
16977 0
16978 2
8787 2
16980 2
8791 2
8792 1
8795 3
8796 0
8797 3
8799 2
8800 1
16993 2
8804 1
8805 2
8806 0
8807 2
616 3
617 0
618 1
8812 2
8813 1
8814 2
8815 2
17008 2
8817 1
627 1
629 1
17014 1
12393 1
17016 0
13759 0
8828 1
17022 0
8299 1
17028 0
17029 0
17031 2
8841 2
8842 2
8843 2
17036 2
8845 0
654 0
8848 0
17041 1
17042 2
9667 3
663 2
17049 1
17050 1
8860 1
17053 2
8862 2
17055 2
672 0
673 2
674 0
675 0
8868 2
17061 2
17062 0
8872 2
8873 2
8874 3
17067 1
17068 3
3296 0
687 1
17073 2
17074 1
17076 1
17077 3
17079 2
8888 3
697 0
6943 2
17086 3
16501 1
704 0
8897 2
8898 1
17867 0
17092 1
709 1
17094 1
17095 0
8904 1
17097 2
714 1
17099 2
17100 0
15138 0
17102 0
8911 1
8912 3
17106 0
11043 0
17109 0
411 2
8921 2
730 2
732 1
733 1
7595 0
17119 0
8928 1
17121 2
8930 2
17797 3
741 2
742 0
744 2
745 1
8938 2
17131 1
8940 2
8942 1
8317 1
17137 2
4935 0
8947 1
17140 0
757 2
6953 2
17756 0
8953 1
8954 2
8956 2
766 1
17151 2
768 0
8963 2
773 2
774 1
8967 1
780 2
782 3
8975 2
17168 2
786 0
787 2
788 2
6958 2
790 2
792 0
12420 2
17179 1
17180 2
8989 1
8992 3
2864 2
803 2
8996 2
806 1
6961 1
17193 2
17197 0
814 2
17199 2
17201 1
820 2
17206 1
9015 0
9018 2
17211 1
828 3
17213 0
9022 3
832 2
17217 2
8331 2
17889 0
17225 0
17227 1
844 2
9038 2
141 1
17232 1
9042 2
17235 0
852 2
17238 1
856 0
860 3
861 2
862 0
16528 1
9058 3
17252 2
870 2
873 1
874 3
9067 2
17260 2
17262 0
17263 0
17265 2
882 0
9075 2
884 1
885 1
9078 0
9079 1
889 0
9082 2
892 2
894 2
9088 3
900 1
9093 1
17287 1
17288 1
9097 1
907 1
9100 2
15170 1
910 1
911 2
17299 0
916 0
17302 2
9111 2
920 2
921 2
9711 0
924 1
17309 0
17310 1
17311 2
17313 2
9123 2
932 3
933 1
17318 2
9127 2
16540 2
15175 1
17325 1
10590 2
9136 2
17331 1
15580 2
9142 0
14022 2
952 1
17338 1
957 2
17342 2
960 2
961 1
964 3
9158 3
9161 0
9162 1
13815 0
15308 1
9112 2
9307 2
163 2
1152 0
17367 1
17368 1
9178 1
3007 2
13818 3
9184 2
17841 1
17381 2
17384 0
8501 0
17388 2
6994 1
17391 0
1010 1
17395 2
17396 2
5630 2
9209 1
9210 1
5631 0
2501 1
9216 0
17409 1
1026 2
12459 1
1028 1
6998 2
1030 2
17417 1
1035 2
1037 3
9230 0
8365 1
9232 2
12462 2
17431 3
17432 2
1051 1
1052 0
9245 2
1054 2
9247 0
1056 0
9249 0
9250 2
9252 2
17445 2
1063 2
9256 1
9257 0
1067 2
1070 1
1071 1
9266 3
9267 0
9268 1
9269 2
9270 2
1080 1
1081 0
9274 2
9275 2
17469 0
9278 1
5195 2
17474 2
17476 0
17477 1
1094 3
9287 0
17480 2
9290 3
9292 1
4699 1
9296 3
1106 0
1107 1
9301 0
9302 2
17495 1
9304 2
17499 2
9308 1
9310 0
2917 0
9312 2
9313 0
17506 2
17507 2
1124 2
17509 2
1127 1
17512 1
17513 2
17514 2
9323 0
17516 2
17519 2
17520 1
14768 0
9332 2
1144 2
17529 1
17530 1
1147 2
1149 0
1150 2
17535 0
9344 1
17538 1
9347 1
1156 3
17541 1
17542 1
193 1
9352 1
17546 2
1163 2
17548 1
9358 1
17552 1
17553 2
17555 3
17556 2
1173 2
1174 2
12501 2
17560 1
1177 2
1178 0
17564 2
9754 2
9374 1
197 2
9376 0
17570 2
1187 2
17572 2
17574 1
9383 0
17576 1
17577 1
1196 2
17581 1
17582 0
1200 0
8392 2
9396 1
9397 2
17590 2
17592 3
17593 2
9402 2
9405 2
17598 2
17600 1
9409 1
1218 2
9412 1
9413 0
17607 2
17609 1
17610 2
17612 2
9421 2
9424 1
9425 1
1234 1
9427 2
1236 1
1237 2
9430 0
1241 2
1243 2
16681 1
9438 1
17631 0
10592 2
1251 1
1252 1
9446 1
17639 1
17641 1
17642 1
17643 0
17644 1
1264 3
17649 1
17650 1
1267 3
9460 2
9461 2
17654 3
1271 0
17657 0
17660 2
1277 1
17662 2
17663 1
17665 2
9771 1
1284 1
9477 2
17670 0
1287 1
1288 2
9481 2
1290 1
9484 1
12229 2
1295 1
1296 3
16600 1
1299 1
9492 2
1301 2
9494 1
17687 1
17689 2
17692 3
9501 0
8227 2
17700 1
11142 1
17702 2
1321 2
1322 2
1135 2
1324 2
9518 2
17711 1
1331 1
2953 2
14208 0
1338 1
9531 2
9532 3
9781 1
9536 0
9592 1
1349 0
17735 2
17737 2
1355 1
9549 2
15321 1
9555 1
9556 2
17749 1
9558 1
16612 1
17754 2
17755 0
1372 1
4428 1
1375 2
1377 2
17762 2
1380 0
17765 1
9574 1
1383 2
4956 0
13884 2
9578 1
1387 1
9580 1
17774 1
17981 1
17777 0
9587 1
9588 2
18050 3
592 1
14504 2
9597 2
1408 0
9601 2
1410 2
16619 0
9604 2
9605 1
9606 1
1415 2
17800 2
17801 2
9610 2
9611 2
1423 2
9616 0
10413 0
9619 0
9621 1
9623 2
4335 2
1436 1
1437 3
1438 1
1605 0
17825 1
1442 2
17827 1
9636 2
9637 1
1446 2
9639 2
1448 1
9642 0
17835 2
17837 1
15261 2
9648 2
1608 1
17843 2
1460 3
1461 2
9657 0
9658 2
17851 1
17852 2
1469 2
9662 2
17855 2
1473 1
9666 1
17995 2
9669 2
9670 0
2977 0
7687 1
9673 1
1482 1
9675 1
9676 2
9677 1
1613 2
1488 1
11171 2
15268 0
9690 2
9691 3
9693 1
17887 2
9697 3
9702 2
17895 0
16725 1
15599 0
596 1
1521 3
1524 1
9719 1
9722 2
1531 0
16145 0
8780 1
17921 0
1538 2
1542 2
8449 2
1545 2
9739 2
1548 2
9741 2
17934 2
17935 1
17937 2
17938 0
7086 0
17944 1
1561 2
1562 0
15279 2
17948 2
17949 2
1567 2
17952 2
17955 2
17956 2
8454 0
17958 2
17959 2
1576 1
9770 1
17963 1
17964 0
9773 2
17966 1
1583 2
9780 2
1589 3
1591 1
17979 2
1596 2
1597 1
9791 2
9792 2
1601 1
17986 0
15329 2
17989 1
17992 2
1611 3
9805 0
1614 1
18000 0
18001 2
9810 2
1622 2
3001 2
9817 2
18012 3
1630 1
18015 2
9826 2
9828 1
9829 2
18022 1
1640 2
9833 2
18027 2
18028 1
16658 0
18032 0
1652 2
18037 1
1655 2
1657 2
7103 2
1661 1
1662 2
18048 2
1666 2
1671 1
18057 2
1674 2
1677 0
18062 2
1645 0
9878 3
1687 2
1691 2
1693 2
9886 0
15301 2
18082 0
9892 0
1701 2
1703 1
18088 2
9898 1
9899 1
1708 3
1711 2
1712 1
11208 1
9906 2
18100 1
1719 2
1720 0
18036 2
9914 3
15333 2
1725 2
1726 2
1727 0
9920 0
1729 1
9923 0
1734 1
9929 2
18122 1
13943 2
18126 0
18128 0
1749 0
18134 2
1751 2
9946 2
11215 1
18141 0
1758 3
18143 1
1659 0
18148 0
1765 1
17231 0
1769 2
16433 2
1771 1
18156 1
1773 1
18159 2
296 0
18162 0
18163 0
9854 1
1783 1
1785 2
1786 1
9981 2
1790 2
18175 1
18186 2
9995 2
1805 3
9999 2
18194 3
10004 2
1815 2
18201 1
18203 2
18204 2
1821 1
18207 2
1826 2
1828 2
18214 2
16689 1
18216 2
18218 2
10027 2
1836 1
18221 2
1838 2
10031 2
18224 0
18225 2
1842 1
10035 2
10036 2
10038 2
18232 2
18233 2
18234 2
18235 2
1852 1
10045 1
10046 2
1855 2
10048 2
1858 1
10051 1
1860 2
10053 1
1862 3
10055 2
18248 2
18249 3
18250 2
10059 2
18252 1
16429 2
1872 0
18259 1
313 1
18264 1
1884 0
1887 2
10080 2
18273 2
18274 3
8507 2
3013 1
18278 1
13969 2
10088 1
10089 2
18282 1
3047 0
18284 1
18286 2
9338 2
10104 1
18298 2
1918 2
1919 2
1920 2
320 3
18306 2
1924 2
1926 3
1927 3
18312 1
10121 1
18315 3
18316 1
10125 1
18319 0
16704 3
1937 1
18324 2
1942 0
6320 2
10137 2
10139 2
18334 1
12340 3
18344 2
1961 2
1964 2
1965 2
5521 2
18355 3
10164 2
18357 2
18358 3
1975 1
18361 3
18362 3
1695 2
10172 2
18366 2
10175 0
10176 1
7158 2
18374 1
1992 2
10185 0
3063 0
10188 0
14251 0
18383 2
18384 2
10196 1
2005 1
2006 1
18391 0
10201 1
18394 2
9887 3
18085 1
10209 0
10210 1
18404 2
10213 2
18409 3
16722 2
18414 3
6887 1
18418 1
18419 1
18420 2
18421 3
12628 1
18426 1
10235 2
18428 2
2047 2
2048 0
68 2
18435 1
18436 2
10434 2
9900 2
9343 2
2061 3
18446 2
10257 2
2067 2
10260 1
10261 2
2072 2
2073 2
18459 2
2077 2
10270 3
2043 1
2083 2
6616 1
2087 2
10281 2
2091 2
14690 2
18098 2
10286 1
2098 2
18483 2
18484 2
10293 1
14004 3
10299 2
2109 0
10304 3
10305 2
10306 1
2116 2
2118 1
10311 2
18505 2
10317 1
12180 1
18511 3
2128 1
10321 0
2130 1
10324 1
18517 0
2134 2
2136 0
2137 2
2138 2
18523 0
10332 1
10335 2
2144 2
2145 2
1723 1
358 1
18534 2
18535 1
18538 2
18109 2
2160 1
18546 3
2164 2
18110 1
10358 2
2170 1
10364 2
9982 1
10366 2
15381 2
2176 2
10369 2
2179 2
2183 2
2184 3
2185 2
18574 2
2191 1
10384 0
10386 1
18579 2
10390 0
10391 1
2200 1
2201 2
8559 3
18589 1
2207 1
10401 2
18596 1
2213 1
10407 2
2218 1
10412 2
10423 0
2222 2
2224 3
18609 0
2227 2
2229 2
18615 1
18616 1
347 3
2236 2
10429 2
2239 2
2240 2
18626 3
18629 2
7167 0
18632 2
10441 2
18634 1
12663 2
2252 1
18639 1
18640 1
2258 2
2259 1
18644 2
2261 1
2264 2
18649 0
10458 1
2268 2
2269 0
18655 2
10467 2
3110 2
18662 2
18663 3
2280 1
2283 2
2284 2
10478 2
10479 2
76 2
16443 2
18675 0
10486 2
18679 3
10488 2
2297 2
18682 1
10498 2
10499 3
2309 2
10502 2
2311 0
10505 2
18701 2
10510 0
18703 2
18704 1
10514 2
387 0
2324 2
10517 1
18710 2
2327 1
18713 1
18714 1
10523 2
2333 2
10527 3
10528 3
18722 0
18723 1
18725 1
10534 2
2343 1
10537 2
18734 2
2356 2
18142 1
393 2
2362 2
18747 1
2364 2
18750 1
7221 0
2368 1
10561 2
18754 2
18755 3
10564 2
2373 1
2374 3
10567 1
2377 0
2380 1
10573 1
10574 2
2386 2
18771 2
18772 1
18774 3
2392 2
10586 0
10589 2
2398 1
18149 1
2400 2
8592 2
10594 2
2403 1
10602 2
10604 3
10605 1
10606 1
10607 1
10609 0
10611 0
2421 1
2422 1
1990 3
2426 1
2427 2
2430 2
2433 1
13720 2
18155 1
10628 2
2437 1
2438 2
2440 2
10634 1
4503 2
2444 1
10637 0
10638 1
18831 2
2450 2
2452 2
2453 0
18838 0
2455 2
18840 2
2457 1
10650 2
14063 1
18844 1
8602 1
18847 3
2464 1
10659 3
10660 2
10663 3
2472 2
12700 1
2475 1
1653 2
10672 2
2482 2
2483 1
10676 0
10678 2
10679 2
2491 0
10685 0
10686 0
1781 1
10689 3
2498 2
2500 2
10693 2
2503 0
10696 2
10697 0
10698 2
18167 1
10700 2
10701 2
10702 2
2513 1
2514 1
10707 2
2516 2
2517 0
10710 2
2520 2
420 1
10714 1
10715 1
2525 1
11268 2
2527 1
10724 0
10727 2
4176 3
10729 1
16807 1
2540 1
11346 2
10734 1
8616 2
2546 2
903 0
10741 1
10743 1
2552 1
2554 1
2556 1
2558 1
10751 1
10752 2
2563 2
10756 3
2565 0
2566 3
2569 2
4525 1
15448 2
10770 1
10771 1
10773 1
10774 1
2583 3
10777 1
2586 1
10780 0
2589 0
10783 3
2592 1
10786 2
2595 2
10789 2
2599 2
2604 0
10797 0
2606 3
10799 1
2609 0
2610 3
10803 3
3633 1
2615 2
10809 1
2619 2
10812 1
2621 1
10814 1
2624 2
10817 1
10820 3
18091 2
10822 1
2631 1
2633 2
2634 2
10827 0
2638 0
2640 2
2641 1
2645 1
2648 3
10841 3
2653 3
2654 2
10849 0
2658 2
12731 0
10852 2
10853 2
10856 2
2665 1
15910 1
10861 2
16829 1
10866 0
10867 1
10869 1
10871 2
18196 1
2686 1
5909 3
10881 2
10883 2
17002 1
10886 0
10887 2
450 1
2702 2
10895 1
10896 1
10898 0
16835 0
3564 3
1817 1
10904 3
10905 2
10906 2
2715 2
10911 2
10913 3
2722 1
10915 2
15473 0
2728 3
2731 3
10924 1
10925 1
2735 1
4552 1
2738 3
2739 2
16731 0
18095 0
2750 1
2751 0
2752 0
10945 2
2756 2
2758 2
14113 3
11383 1
2764 3
2766 0
2768 1
10961 0
2771 0
2779 2
2782 1
464 2
8420 2
2787 0
2788 0
2791 2
2793 0
2797 3
10991 1
2800 2
2801 2
2803 2
9095 2
2807 3
11002 3
7295 2
11004 2
11005 1
4565 1
2818 0
14123 1
11012 2
11014 3
11015 2
2826 2
5933 2
11026 0
2835 2
2839 2
11034 2
14552 2
2846 2
11041 2
11042 2
2851 1
11045 2
2854 1
1841 2
2856 2
2857 1
2858 1
2859 1
11053 2
2862 2
2863 0
11056 0
11057 2
11058 2
11059 0
2868 1
11062 0
11063 0
11065 2
2874 0
4575 2
2880 2
2882 2
11403 2
11077 1
11078 2
15099 1
11080 2
11081 1
11082 2
2893 0
11089 2
483 2
2903 2
2904 1
11097 1
11100 0
2909 1
2910 1
11107 1
11109 2
11111 3
2921 2
2922 1
11115 2
2926 1
2928 1
2930 0
11125 1
2934 0
2936 0
11129 2
11130 0
2939 2
11132 2
11134 1
11135 0
2944 2
1856 2
2946 2
11140 1
2950 2
2951 2
11145 2
2954 2
12919 1
11148 2
11152 2
2963 3
11156 2
2967 2
2968 2
11164 0
2973 2
2113 2
11169 3
2979 2
11172 1
15375 1
2986 0
18247 2
2988 0
11183 2
2992 2
2009 0
2995 2
10974 3
5961 2
3000 2
11193 0
11194 2
3003 1
8693 2
6064 2
18251 2
502 2
3016 1
11209 2
3018 2
16605 2
5965 2
11216 1
504 3
11218 1
11220 1
3030 1
3031 1
3034 2
3036 0
11230 2
11429 0
3040 2
1465 2
3042 2
12795 0
11236 1
12077 2
11239 2
3048 3
3049 2
11431 2
3052 1
3058 1
3060 1
11433 2
11434 2
3070 2
3071 1
16896 1
3074 1
11267 2
3076 2
3078 1
4609 1
11273 3
3083 1
8286 2
3086 0
11281 2
3098 1
11295 2
3104 0
11300 2
11302 0
5980 3
3114 3
11307 2
3122 3
11315 0
11316 0
14174 1
3129 3
18271 0
522 3
11327 2
11328 2
11330 1
3141 2
11334 2
11335 2
11336 2
3147 2
10082 3
3154 3
10083 2
11349 0
11350 1
3163 2
11356 2
18079 2
3170 3
11363 2
11364 1
11365 1
3175 3
11368 0
3178 1
11371 2
11372 0
3261 1
1979 1
3185 0
3186 1
11379 3
3188 2
15550 0
3191 2
3193 1
9108 2
11390 1
5562 1
11393 2
11397 2
11398 2
3207 2
3208 2
10092 1
535 0
3212 1
3213 0
3215 2
3216 2
8532 1
11411 2
3220 1
3221 1
3223 2
11417 2
3227 3
11421 2
3231 1
11425 2
3237 1
11430 0
3239 0
3240 2
3241 1
3242 3
11435 2
3246 2
16925 2
11441 3
3251 0
11444 2
16061 1
11446 1
11449 1
11450 2
11453 2
3263 2
11457 2
11458 2
3268 2
11461 1
3270 1
11463 1
3273 0
3274 1
11467 1
3276 1
11469 2
11470 0
3279 2
11473 1
3283 0
15566 0
3286 1
3287 2
14294 0
3291 2
11488 1
3301 2
3302 2
3303 1
9930 3
3305 1
3307 1
11500 0
11502 2
11503 0
11504 3
11505 2
3314 3
3320 2
11513 3
11514 2
3324 2
554 2
11518 2
3327 0
11521 1
3330 1
12843 1
3333 1
1921 2
11528 1
11531 1
11532 2
3342 1
13552 2
3344 1
3288 2
11540 2
3349 2
11543 2
6931 2
3354 2
3358 0
3359 3
3360 1
3361 0
11554 1
12387 2
1270 0
18310 3
3369 2
11562 1
11565 1
3375 2
10120 1
3379 1
3380 1
3381 1
11575 0
11577 1
3387 1
3389 2
3393 1
11586 0
11587 2
3396 0
16950 2
3399 0
1477 1
11599 1
3410 2
18608 0
11605 1
3415 1
11608 2
11612 3
3421 1
3422 1
11615 1
11619 1
11620 1
3430 3
3434 1
3435 3
573 1
3440 1
3441 1
11634 2
3443 0
11636 1
4670 2
11638 2
11639 1
11640 2
11641 2
17300 1
11645 1
11647 1
11648 1
3460 2
11653 0
3463 2
11658 0
11659 2
12866 2
11662 2
11663 0
3472 2
11666 2
4675 1
11668 2
3310 2
3478 2
3480 2
11674 0
6117 0
3485 1
3487 0
7408 2
11683 0
11684 2
3313 2
11690 0
583 1
3502 2
11696 2
11698 3
3509 2
3512 1
1951 1
3516 3
11709 1
3520 2
3521 2
11716 1
3527 2
11721 1
18121 1
11724 2
11512 2
9665 2
11731 2
11733 3
11734 1
11736 1
11738 1
591 1
11741 1
11743 1
17849 2
11746 2
3557 2
11752 0
4483 0
8786 1
3566 1
3567 2
11760 2
17304 2
3571 2
3572 1
11766 0
6057 2
11768 2
11769 1
3580 0
11773 2
3582 2
3585 2
11779 0
11780 3
11785 0
11786 1
11791 3
11792 2
3601 3
3602 0
16718 1
11800 2
3611 3
11806 2
11808 1
18352 1
3619 2
3621 2
3622 2
11815 1
11816 0
3628 0
3630 2
16989 1
11824 1
11825 2
11826 2
3636 3
11305 2
3638 2
11831 1
11833 1
11834 2
11836 0
11838 2
11841 2
11842 0
3651 0
6941 0
18401 1
3655 1
11849 0
3658 2
11851 1
3660 3
3661 2
11860 1
3671 2
5589 3
3673 1
3674 2
1978 0
11870 3
11873 1
11874 1
18363 1
11879 2
11880 1
3689 1
11883 1
11884 2
11885 0
11886 2
11887 2
3702 2
4713 0
3704 1
11897 0
3706 2
12906 2
11902 2
3712 2
11905 3
11907 2
11913 1
3727 2
3728 2
11544 2
3730 2
622 0
3734 2
11931 1
3740 0
11546 0
670 2
3744 1
3747 1
9672 1
11941 2
3750 1
11944 2
3753 3
3754 2
10184 0
3763 2
3764 1
6089 3
3768 0
3769 2
3770 2
11963 2
3772 1
3773 2
3777 2
3779 1
3782 2
3784 2
1996 2
3787 2
15129 1
7458 1
3790 2
3792 0
3797 2
16747 3
3805 2
11998 2
11557 2
11038 2
3811 2
12006 0
12011 3
3821 2
12925 1
9129 2
8830 0
3830 0
3832 1
3834 2
12032 2
3841 2
3842 0
12037 2
2007 1
3373 3
3862 2
12055 2
10664 1
4766 1
12065 0
3876 2
12069 1
8858 2
3879 2
3880 0
3881 0
12074 2
12076 2
3885 2
3887 2
3889 2
12084 1
12087 0
3897 0
12094 2
12405 2
12097 1
12098 1
12100 2
12103 3
652 2
15406 2
12109 2
12110 2
3921 2
6115 3
17038 1
15673 3
14637 0
12126 2
12127 2
12130 2
12945 2
12136 2
12137 2
12139 2
3950 0
12143 3
12144 1
12145 1
3958 2
3961 0
12154 0
3965 2
12158 2
3968 3
12161 3
3973 1
12167 1
9116 1
3979 1
12172 1
3394 2
12174 3
3983 2
3985 2
3988 0
10222 2
665 1
12184 2
11588 1
12188 2
3997 2
7493 2
4001 1
4002 1
4003 1
12197 3
17539 3
6129 2
15084 3
17052 2
12202 2
4011 2
12206 1
669 2
4016 1
2035 2
12212 1
4021 1
12214 2
4029 2
4037 3
8865 3
5590 3
3135 2
12235 0
4660 2
7227 2
4050 1
12248 2
4057 2
4058 2
12252 2
4061 0
4063 2
12257 0
12259 2
12260 1
14320 2
12262 2
4446 3
4074 1
4076 3
12270 2
4079 0
12968 1
12278 1
4087 0
4089 1
4090 1
17066 2
12957 1
12289 1
12291 3
4101 3
4102 3
12300 2
4114 1
4117 3
4118 2
12312 0
12313 2
12314 2
12975 1
4124 2
2865 3
12319 2
4131 0
12324 2
12327 2
7516 2
12330 1
4143 0
14344 0
4148 1
15710 3
12342 2
12344 2
5321 3
12348 1
12349 1
12981 1
4161 0
12355 1
4164 0
12357 3
15714 1
7504 3
4177 2
12371 2
12372 0
12375 1
4184 2
4187 3
4794 2
14376 2
12987 1
12389 2
12391 1
12392 1
4201 2
4202 1
7527 3
4205 2
4209 3
702 1
4217 3
4221 2
4222 2
12416 1
4225 2
15723 0
4228 1
12423 2
2323 0
12425 1
12426 0
17090 3
12431 3
12433 2
12434 2
12435 2
4245 2
4249 1
12446 0
4256 2
4257 2
12450 0
12451 1
4262 2
11633 0
4264 1
12457 2
12999 1
4270 0
6173 0
12464 0
12465 1
4277 2
12470 2
8906 2
2052 2
12480 2
12486 2
4300 0
4302 1
12495 2
12496 1
4305 1
4309 2
4310 0
9418 1
12505 1
12506 1
4316 1
12509 2
4323 2
4325 2
4327 1
12521 2
4331 1
12524 1
15741 1
6184 0
12530 1
723 2
4340 0
4341 1
4342 2
12535 2
12536 1
12537 3
12539 2
4349 2
202 2
4352 3
15744 2
4354 2
18475 0
12549 2
4359 2
4362 0
4363 2
1120 3
4370 1
12563 2
4372 2
2094 1
4374 2
4375 3
5874 2
4380 2
12573 0
4383 2
4384 2
4827 1
4389 2
12584 2
4397 2
12592 2
7560 3
10291 1
12596 2
4405 2
12599 2
4409 1
4411 3
8603 1
4413 3
6197 1
17120 2
12611 2
12620 3
12623 0
6200 1
4434 1
4436 2
3470 1
12630 2
12632 1
6467 2
4442 2
15759 3
12638 2
12641 0
12643 1
17126 2
12647 1
12648 2
4458 2
13614 2
18493 2
4465 0
4470 1
4471 1
4472 2
12665 1
12424 2
12667 0
12669 2
12671 0
12672 3
2112 2
4482 1
12675 3
4485 2
12679 2
12681 0
12686 2
4497 0
4498 2
12692 2
4501 0
12695 3
4504 2
12698 2
17135 2
4508 2
12701 3
4510 1
4511 1
4848 1
4514 2
4515 2
4518 1
12712 3
12713 2
12715 2
12717 1
4529 2
4531 1
4532 1
4534 1
12727 1
4536 0
4537 2
12730 1
4539 1
12732 1
12733 1
4542 1
12737 1
4546 1
12739 2
10123 2
11881 1
8102 1
4553 2
12747 2
12748 2
4557 1
4559 3
8952 2
12754 2
8608 1
12757 2
4566 2
8881 2
4570 1
4571 0
4572 0
12765 2
7589 0
4576 3
12770 1
4579 3
4580 1
4582 2
12775 0
764 2
3495 2
12780 1
12786 0
4595 1
12788 2
12790 0
4600 1
2132 0
4863 1
4605 2
12799 0
17152 1
4610 1
12803 1
12809 1
12811 2
4620 0
12813 2
14424 1
4626 2
4627 3
12157 3
4630 0
4632 2
4633 2
12828 0
7123 2
16794 3
4639 2
4642 0
12839 0
12841 1
12842 2
4651 0
12844 3
4653 0
4654 1
12847 2
4656 1
4658 2
4659 2
12852 2
4661 0
4662 0
12856 2
4666 0
12861 2
12862 2
4674 1
12867 1
12869 2
12870 1
18529 0
12872 2
17164 1
4682 2
4683 0
12877 2
12878 0
4688 1
12883 1
4693 2
17167 2
12893 0
4705 1
4707 2
4709 1
4710 1
4711 1
12904 2
12905 3
4714 1
4715 0
4716 3
17170 3
12910 2
4719 0
17271 2
4721 2
12916 1
4726 1
4727 1
12920 1
4729 2
12923 3
4733 2
13077 2
4736 2
1738 2
12930 2
12931 0
12932 1
4741 1
4744 1
4748 1
12942 2
4752 1
4753 2
12946 1
4755 1
4757 2
12951 0
8069 2
12953 2
4763 2
12956 2
4765 1
12958 0
12960 2
12961 2
12963 1
4773 2
12966 3
12967 0
4776 2
4777 1
12972 2
4781 1
797 1
4784 1
4786 3
4789 3
4790 1
4793 1
12986 2
10798 0
4796 2
12989 2
4798 0
17184 1
4805 1
12998 1
4807 1
4808 1
4811 3
13004 2
13005 1
4814 2
4816 1
13010 0
8995 2
13012 1
13014 2
4823 2
6980 1
13017 1
4826 1
13019 2
4829 0
13023 2
4833 3
13028 0
17190 1
4839 0
4844 1
4845 2
13040 2
14346 1
13043 2
13045 1
4854 0
13047 0
4856 1
13051 2
13055 1
13057 2
13058 0
4872 2
4874 2
2890 3
4878 0
15832 0
13076 3
4910 0
13079 0
13080 1
13084 2
4896 3
4898 2
13091 2
4901 0
13096 2
4906 3
4908 1
13102 1
13107 0
4916 2
13110 1
10377 2
13112 1
13114 2
14474 3
4926 1
4930 2
4931 2
4932 0
9014 3
11745 2
13129 2
4939 0
18861 2
4947 0
2215 1
13143 0
13146 0
13147 1
13148 2
17210 2
13150 3
13153 2
9019 1
4965 0
13159 3
13160 1
13164 2
8349 2
13169 1
4979 1
4980 1
13173 2
4982 1
18715 3
4985 1
4986 2
13181 1
4995 1
4997 2
5000 3
13193 2
13195 0
16891 3
5005 3
5007 1
3252 3
13204 2
5013 3
13208 2
15855 1
5020 2
5021 2
13215 3
5026 2
13221 3
5030 2
5031 3
5033 3
13226 0
13227 2
13229 2
13230 2
2350 2
4937 2
13240 2
5051 3
5054 1
13247 2
5057 3
5058 2
3574 2
2209 0
13256 1
13257 2
13259 2
5072 3
13266 1
13267 2
5077 1
13270 3
10404 2
5082 2
13275 2
13276 2
13279 2
5089 1
13283 2
5093 2
13286 3
5095 2
13290 1
5099 1
5100 2
13293 1
13295 1
13297 0
851 0
13301 2
13303 2
13304 2
5115 1
13308 1
13311 2
5121 2
5122 2
13316 0
13317 0
14464 3
13320 2
18604 2
13323 2
13324 2
14509 2
14811 2
13329 2
5138 0
13331 2
13332 2
13334 0
13337 2
5146 0
13340 2
13345 3
5154 2
4955 0
13348 1
5157 2
5158 0
13351 2
17244 0
5162 2
13355 2
13360 2
13363 2
13366 0
5177 3
13373 2
9447 1
13376 3
5185 0
5186 0
13379 0
12175 2
4961 1
13384 2
13385 1
13387 1
5196 2
5197 3
13390 2
5202 3
5203 2
5208 1
5209 2
6859 1
5211 2
2234 2
5214 2
4538 2
13413 2
5222 0
14904 2
5225 3
13419 1
13420 3
5229 2
13424 2
7699 2
9065 2
15892 1
5244 0
5246 0
8358 0
5249 2
13995 2
13446 3
13448 0
876 3
5258 1
13453 1
10837 2
13458 0
13461 0
6909 1
13463 0
13466 1
879 2
5276 2
13168 2
5282 2
13477 2
5287 2
7708 1
5291 0
5292 2
5293 2
5294 2
15901 1
5297 0
883 1
5301 0
18633 0
13496 2
17268 1
5306 1
13499 1
13501 1
13503 2
5314 1
2251 2
13511 2
13512 1
13513 0
5322 2
5323 2
6349 2
13520 2
13522 0
5331 3
5336 1
5337 1
5338 0
5339 1
13534 1
13535 2
5345 2
17636 1
13544 2
13545 3
5357 1
13550 1
13551 2
5360 1
5361 2
5362 2
5363 3
6587 1
5369 2
13565 2
5374 1
5376 2
17280 1
5378 2
13572 2
14550 1
13577 1
13578 2
5387 2
5388 2
5389 2
10456 1
13273 1
13587 2
13589 0
13590 2
10457 1
17285 0
5408 1
13602 2
13605 2
5414 1
13607 2
13608 2
18652 2
5418 1
5419 2
13612 2
5422 2
10461 2
5425 0
4545 0
13622 2
5001 2
13628 1
5437 2
13633 0
17291 2
5444 2
13638 2
13640 1
17292 1
13650 3
5463 1
9103 2
13667 0
5476 0
5477 0
13673 2
13674 0
760 1
13549 2
4019 1
5496 2
5497 2
13690 2
5499 2
9311 2
5501 1
13695 2
13696 2
10475 1
5508 2
13702 2
10476 3
13707 2
13710 2
13711 2
13712 0
13713 2
5524 2
13718 2
5528 0
11844 2
13722 3
13723 2
13727 1
14576 0
5542 2
13737 2
5548 2
5549 3
13742 2
5551 1
4822 0
5553 2
13747 1
13754 2
5564 1
5567 2
5568 3
5574 2
5576 1
13769 0
18462 3
5579 2
5580 1
5581 2
5583 2
5588 3
13781 1
13782 2
10279 2
13787 2
13791 2
5601 1
5642 0
5603 0
13796 0
5612 2
14917 1
13808 2
5619 1
5622 0
17321 2
5626 3
13822 1
13823 1
5632 1
9462 2
13827 0
13828 1
5637 1
5639 2
3461 0
5641 0
13834 2
5643 3
13836 2
5646 2
11864 2
13843 0
7839 2
5653 1
13846 2
5655 2
5656 0
5658 3
13851 0
18693 2
5664 2
5670 1
13864 2
5673 3
5674 1
13867 2
13871 1
5680 1
13873 2
5684 3
5685 2
13879 2
11919 3
5698 2
5699 0
13892 3
13896 0
13898 3
13900 0
16929 2
17336 2
5714 0
3683 1
5720 2
9465 1
13919 3
13922 1
5731 2
13924 0
13927 1
13934 3
3688 1
18707 1
5751 2
5754 2
12850 2
5758 2
13951 3
5763 2
13959 1
1283 2
13963 3
13965 0
5776 2
5777 2
1003 0
5780 1
693 2
13975 1
5785 2
13978 2
5787 0
13981 3
5793 1
5795 3
13993 2
5802 0
5063 2
5804 1
13997 0
10559 2
5810 0
5811 2
5812 0
5814 2
45 1
7796 3
14623 0
14012 1
5821 2
5822 1
5823 2
16460 2
14496 0
5831 0
3703 2
14028 1
14029 2
13015 1
5841 1
14036 1
18471 2
14042 2
5851 3
14047 1
14048 1
5860 2
14053 2
5862 2
5865 1
18727 3
14060 2
5870 0
11901 1
6144 1
5873 1
14066 3
5875 2
14068 0
5878 0
5879 2
5881 2
15999 1
5884 0
14077 3
5886 2
5888 2
14084 1
14086 1
5901 1
5903 2
5904 2
14098 2
5907 2
5713 2
10542 2
14103 1
5919 1
5921 1
5925 2
5929 1
5931 2
14125 2
14126 2
14127 2
14128 2
14130 1
6451 2
14132 3
14133 2
5943 0
10548 1
14138 1
5947 0
14140 2
14142 3
14144 2
14145 2
14147 2
5381 2
5957 1
5960 3
1835 1
14157 2
3172 2
14648 0
10426 1
14166 2
5975 3
14170 1
14171 0
14172 1
5982 2
14177 2
14180 1
14188 2
14189 0
5998 3
14191 2
6004 0
14199 1
6011 2
200 0
6013 2
6016 2
6017 2
6018 1
6019 1
14212 2
1837 2
6022 2
6023 1
6024 2
14217 2
14220 1
14221 0
1019 0
14224 1
7832 3
14226 2
14227 1
6039 2
6044 3
6045 1
14238 1
6047 2
14240 1
14241 2
8112 2
6053 1
14249 0
6059 1
14253 2
14254 2
11672 2
14256 1
14258 2
14259 1
6068 2
6070 2
14263 2
14264 2
6073 2
14267 1
16842 1
14274 2
14276 2
14281 2
5111 3
13569 2
14285 0
6094 2
14287 1
14293 0
6102 2
6103 2
6104 2
6105 1
6107 2
6109 1
14302 2
5659 0
6114 3
14307 2
14309 0
14310 3
6120 2
14313 2
6122 2
14315 1
6128 2
3752 3
14322 2
14323 2
6132 2
6135 2
10580 0
6139 0
6140 2
6142 2
14335 2
14336 1
6145 2
12207 2
13313 2
6152 3
6154 2
14348 2
9218 2
6158 2
6159 2
14680 2
6164 2
14357 2
14360 1
6169 2
14363 1
14364 1
14365 3
14367 1
6176 1
6177 1
2388 2
6185 2
10026 2
6188 2
14382 2
14385 1
14386 2
7844 0
6196 2
14389 2
14392 2
6201 2
14394 2
6203 2
14397 0
6206 2
6207 2
14401 0
14403 0
14404 1
14405 1
14407 1
6220 1
14413 2
14415 1
14420 2
6229 1
14422 3
6231 2
6232 2
14427 2
6236 0
16058 0
14430 3
14431 1
14432 3
14433 2
5137 1
6250 2
6251 2
14444 2
6255 2
14449 2
6260 1
4573 1
6270 2
6272 3
6274 3
14468 3
6282 2
14121 3
6286 3
755 2
14488 3
14491 1
14494 0
6304 1
14498 2
14501 0
6310 1
8939 2
4831 1
14505 2
6315 0
6317 2
14511 0
14512 1
6324 1
3785 3
6330 2
6332 2
10613 1
17440 2
14533 2
17441 2
14538 2
17442 3
1848 3
14545 3
14546 0
6356 1
14549 2
2121 0
6359 2
6360 3
6363 2
6368 2
18811 1
14565 1
14569 0
6379 1
14572 0
6381 1
6383 1
6384 0
6385 2
6386 1
18814 2
14584 0
6393 2
14586 2
14591 2
14592 2
12761 2
9317 0
6407 2
16082 2
14604 2
14607 2
14608 2
14611 1
9262 2
6422 1
6424 0
2436 0
6426 1
6427 2
6428 1
10629 3
14627 2
14629 1
14632 2
14636 2
6445 1
6446 2
6448 1
10632 1
5171 1
11126 1
6454 0
6455 1
6456 1
17460 1
14651 2
14655 3
14658 1
14731 2
6468 1
6470 3
14663 2
14664 1
6473 2
14669 2
6479 0
14672 1
14673 2
14675 2
14677 2
1025 2
6488 2
13225 2
14682 2
5399 3
6497 0
6498 2
14693 3
9645 2
6506 2
6514 1
6519 2
10644 2
6522 2
6523 2
14724 2
14728 3
7916 2
18839 2
6540 0
4855 2
10648 2
5187 0
14742 2
6553 0
14745 3
14749 2
6563 3
9493 1
16113 2
14761 1
5191 2
14766 1
6575 2
12494 2
6577 1
14779 2
6588 1
6590 0
6593 2
14787 0
14789 2
2129 1
18496 0
14793 1
6603 1
6604 2
14798 2
6608 2
14801 1
3515 1
6612 2
5198 2
6614 2
14808 2
14809 2
6619 2
6621 2
14816 1
14821 2
9768 2
14826 2
14829 2
6640 0
6641 0
6642 3
17491 2
6646 1
6647 2
14840 1
14842 2
6850 1
14845 0
1109 3
14848 1
14849 2
14850 2
14851 2
14852 1
6662 2
14952 1
14859 1
6671 3
17496 3
14867 0
11679 1
14869 1
6678 3
6679 2
6681 3
14874 2
6683 2
14878 2
6687 2
14880 2
14881 1
1115 1
6692 2
14886 1
14888 2
6697 2
6698 1
6701 1
14894 2
6703 1
14899 1
6708 1
6709 0
6710 1
6712 2
14905 2
6715 2
14909 1
2133 1
14913 2
6723 1
2486 2
6726 2
1121 0
14921 1
6734 3
14931 1
6740 1
14935 2
6747 2
14941 1
14942 3
6751 0
14945 1
6754 0
14947 1
13414 2
14950 2
6759 2
6760 0
14957 1
6767 2
14960 2
6770 2
14965 0
16630 3
771 1
14972 2
14973 2
14974 1
11137 2
14978 3
6787 0
6788 1
14981 1
14982 3
14983 2
14984 0
6795 2
6796 0
6798 1
14991 2
6801 1
6802 3
6803 1
14997 0
6806 0
15001 1
6810 1
6811 1
15004 2
6813 1
6597 1
6817 1
17685 2
14139 1
6828 1
6830 2
6833 1
6836 1
16158 3
6839 3
15034 2
6845 0
15038 2
15039 2
15041 2
15042 2
6851 1
6853 0
15046 1
6856 1
15051 2
6860 1
15053 2
15054 2
15055 2
6867 1
15983 2
6871 0
4866 0
15067 2
15068 2
15069 2
15071 0
6880 1
6881 2
15074 0
6883 3
15078 2
15079 3
6888 3
6889 3
6892 2
15085 2
15086 2
15087 2
15091 1
6900 1
15093 3
6902 0
7977 1
14804 2
6907 2
15101 1
15102 1
14805 2
15104 1
15105 1
15107 1
6916 0
15109 1
15111 3
6920 2
6922 1
6923 0
9346 2
15119 0
6928 1
6929 2
6930 1
15123 1
15124 3
6933 3
6936 1
6937 0
12079 3
15132 1
15133 1
15134 1
15135 2
15136 1
15137 3
6946 2
6947 3
15140 0
15141 1
6950 0
15143 2
15144 0
15145 0
16178 1
15150 0
17544 2
6963 2
6965 2
6967 2
15160 1
5552 1
15165 0
6976 2
6624 2
6978 0
15172 2
18236 3
15176 1
6986 2
15180 1
15181 1
15185 0
15186 1
4520 0
15189 0
16327 1
15191 2
15192 0
15194 2
15195 2
16186 2
7008 2
7009 2
15202 2
7017 1
7018 1
15211 3
7020 2
15213 0
15214 1
7023 1
15217 2
7026 0
15219 0
15220 2
15225 1
15229 2
7038 0
15231 0
15232 1
2539 2
15236 0
7045 2
15239 2
15241 2
7050 1
7052 1
15245 2
7055 1
7056 2
15250 3
12448 1
7062 0
7068 1
7069 0
15264 2
15266 1
7076 1
7079 3
1180 1
15275 1
15276 2
15278 3
7087 1
15281 2
15282 2
15283 0
15284 1
7093 0
15287 2
15289 3
7098 2
7099 3
7102 2
15295 2
15296 2
17568 0
7109 0
7110 2
15304 2
15306 1
15307 2
7116 1
7117 2
7120 2
7122 2
9379 1
15316 1
15318 2
7129 2
7130 0
15323 2
5285 2
7137 0
7138 0
7139 0
7141 0
7142 1
7145 2
17575 1
15344 3
9384 3
102 1
7155 2
7157 2
15350 0
7160 3
7162 0
15355 2
7164 2
15358 2
8021 0
15362 2
16214 2
9388 2
12119 3
15374 0
13485 2
15376 3
10755 0
15380 1
7189 2
7194 2
15387 2
15389 2
7198 3
18516 2
9392 0
7203 2
9486 3
7206 2
15403 1
7212 2
15405 2
7214 2
7215 2
15409 2
7219 3
15413 2
15414 3
15417 2
15418 3
15419 2
7229 0
17589 0
7235 2
7236 2
16225 3
7240 3
15438 0
15439 1
15440 1
7255 2
7256 2
10767 0
7260 2
17594 1
7264 2
7271 1
3944 0
3243 1
18161 1
15482 1
15484 1
15485 3
15487 3
15488 3
15491 1
2582 2
15494 3
15496 0
7306 2
15499 2
15500 2
15503 2
15504 0
15506 1
5315 0
15509 1
15510 2
15511 0
13610 1
1221 2
7328 2
15522 1
7332 2
15525 2
15526 1
10337 2
2588 1
15531 0
15532 3
16884 1
10781 2
5320 0
5247 2
15539 0
7349 2
15543 1
7337 0
15546 0
2591 0
1226 1
7358 0
15552 1
8974 2
15558 1
7367 2
15561 1
15562 0
8156 1
15565 1
7374 3
15568 3
15570 0
15572 1
15574 0
14884 2
7386 1
7388 2
7389 2
15582 0
7395 1
15588 1
15593 0
15596 3
7405 2
7407 2
15600 2
15602 2
1235 2
7413 1
15606 2
7415 2
7421 0
15614 0
15615 2
15616 0
7425 3
15620 1
15628 3
7440 2
15633 0
15634 0
16259 1
7444 0
6702 1
4523 2
15639 1
15641 0
7450 2
7452 2
7453 1
7454 1
15647 1
15650 0
7459 2
15652 1
7461 1
15654 2
15655 2
15658 2
15664 1
15665 1
7474 2
15669 1
15670 3
1340 2
15672 1
7481 1
15674 2
15675 2
15676 0
15678 2
15679 0
7488 2
7489 2
7491 2
15684 0
14902 2
15694 1
12173 0
15696 0
7505 2
7506 2
15701 0
6713 0
15704 0
7513 2
15706 1
15707 1
15708 2
7518 3
10616 1
7522 2
15716 0
15718 0
15719 1
15721 2
15722 2
1255 0
7532 2
15726 1
15728 1
7538 3
7540 0
15254 3
15736 1
7545 1
7548 2
7549 2
12181 1
7552 2
15745 2
15746 0
9451 0
15748 2
7557 2
15752 1
7561 2
8087 0
15757 2
15758 2
7567 2
15760 0
15761 2
15765 2
7575 2
7576 2
7578 1
7579 1
7583 3
15776 2
15777 2
15778 0
15781 1
15782 1
7591 3
7592 2
7593 2
15787 3
15788 1
15794 1
8343 1
15798 1
15802 3
12191 0
7612 1
7615 2
7618 0
7620 2
15813 0
15815 1
7624 3
15818 2
17655 3
15820 1
15821 1
15824 2
15830 3
7639 2
7640 3
800 2
7649 2
15842 0
7651 2
4006 2
7654 1
7657 2
15852 2
7661 0
8984 1
7663 2
15859 1
14932 2
9471 2
15868 2
801 2
15871 1
15872 3
7682 2
7683 2
15877 0
15879 0
15880 1
7689 2
15882 0
15883 0
7693 2
7695 2
15891 0
7700 2
7701 0
15895 0
15898 2
13350 0
15900 2
7709 3
15902 1
17669 2
7712 2
15875 1
7715 0
15908 1
7718 2
15911 3
9479 2
15916 0
10845 2
15920 1
15921 2
15922 2
15923 1
7732 1
15926 0
17674 2
7743 2
7747 2
7751 2
13580 2
10850 1
15953 1
15954 1
7765 2
7766 1
15959 1
15962 0
15963 2
15965 3
17455 0
7778 0
15973 2
7783 0
7785 0
15978 3
15979 1
7789 2
7791 1
15984 0
7793 3
7795 0
15988 1
8126 0
7800 0
15993 1
7802 0
7807 2
16000 2
16002 2
16006 1
16011 1
16013 0
16014 2
16024 1
16025 1
16026 2
16030 2
16325 0
16032 1
16034 2
16035 3
16036 1
7846 3
16040 2
16041 1
16043 2
7854 2
16048 1
16050 3
16052 0
16056 1
7865 2
7866 2
16059 0
16060 2
16330 3
1353 0
16063 1
16064 2
16066 1
7875 1
6809 0
16073 1
7882 1
16075 1
16079 2
16081 2
7890 2
7894 2
10873 0
16088 1
16091 2
7900 2
16093 2
16336 3
7906 2
8145 1
7912 0
16108 2
16109 2
7921 3
16115 2
7924 3
16117 2
7927 1
16120 1
16123 1
7932 2
17706 1
7934 2
7935 2
7937 0
16134 0
7943 2
7945 2
16138 2
7947 2
7949 2
16142 1
16143 2
5837 0
16146 2
7956 2
17710 2
16151 1
16152 1
16154 3
7963 2
7966 1
16160 0
16161 2
7970 1
16347 2
16169 2
7982 1
7986 2
16179 3
16182 1
16183 2
16184 2
266 2
7995 2
16191 1
15653 0
14988 1
17719 1
8014 2
8017 3
8018 3
16213 0
8022 0
18275 1
16220 2
8029 3
16223 2
8033 3
5436 3
16234 2
16238 3
3814 1
8051 0
16244 1
16245 1
8054 2
16250 2
17727 1
16362 2
16254 2
10901 2
8066 2
8067 1
16261 1
16262 1
16263 2
16265 1
8075 2
8076 2
16275 0
16278 2
16279 0
8090 2
12271 0
2714 0
16287 0
16288 1
10907 1
16292 0
5446 1
16294 3
16295 1
8104 2
6812 1
16301 1
16304 2
8113 3
16306 1
16307 0
8117 2
13641 2
16313 2
6815 0
16318 0
16319 0
8130 1
5999 2
4086 2
8135 3
8137 2
18820 2
8143 0
12819 1
8184 2
8149 2
8155 1
16348 2
4636 0
8162 0
16355 1
16356 0
8168 2
8169 2
8170 2
16365 1
16368 1
8179 2
16372 1
16382 1
8182 2
15017 1
16376 2
16377 1
16379 2
16380 0
16381 1
8190 2
