8193 0
16386 2
8195 0
9558 1
8198 2
16393 2
16394 1
16395 0
16396 1
16397 1
14 0
8211 0
16404 3
21 0
16406 0
16407 0
8216 0
16411 1
16412 0
29 0
16414 2
16415 2
8224 1
8226 2
8227 2
8229 1
16422 2
16424 1
16425 0
8237 2
16430 2
16431 2
16433 2
5183 3
16438 3
8247 1
8248 3
17187 2
8250 1
17759 1
16445 2
8254 3
66 1
16452 1
8261 2
16454 3
16456 2
73 2
8266 2
2743 3
76 2
16461 2
16462 0
16463 0
81 0
16466 1
85 0
88 2
89 1
93 3
16478 1
8289 2
2747 2
16484 1
9574 1
8295 2
104 0
17767 1
4114 1
8303 2
13672 2
2750 1
8310 2
5481 0
122 3
16509 1
8319 0
8320 0
11461 1
16515 2
16516 1
8325 2
8326 2
16519 0
136 0
8329 0
16522 1
139 3
2674 0
6850 1
8334 0
16527 2
144 2
145 2
146 3
147 0
148 1
16533 1
16534 0
151 1
8344 1
8345 3
154 0
156 0
16542 0
16544 3
8353 1
162 2
8355 0
8356 3
8357 0
8358 0
3006 0
17568 0
16555 3
16557 2
16558 2
175 3
177 1
178 0
8371 2
8372 3
16566 3
183 2
8376 3
185 2
16572 3
190 3
191 0
8385 0
15051 2
16581 1
8563 2
16583 2
200 0
201 1
16586 2
9591 0
8397 2
206 3
8400 0
209 2
16594 2
16419 1
16598 2
8407 2
16600 1
16601 1
13919 3
219 0
220 2
13690 2
8415 1
16608 0
8418 2
9595 2
16612 1
16614 0
16615 0
16616 1
8426 2
237 2
8430 2
17789 1
240 1
16625 0
16627 0
8737 2
8438 2
8439 2
16632 2
16633 0
16634 3
5503 1
8444 0
12330 1
16638 0
8447 0
16640 1
8449 2
8450 1
554 2
16644 2
261 2
16646 1
263 2
16650 0
8459 2
16652 0
271 2
11193 0
16658 0
13477 2
10102 0
279 0
9549 2
8473 2
16666 1
284 1
16669 0
16672 0
8483 0
8485 2
8486 2
8241 2
8488 2
16681 1
8466 0
12338 3
8494 0
303 2
8496 2
305 2
1255 0
16693 1
311 0
313 1
14195 2
316 0
16701 2
8510 2
319 2
320 3
321 3
322 0
323 0
324 1
329 1
18560 3
332 2
8525 2
8526 2
16719 2
336 0
338 1
8531 1
342 2
8535 2
16728 1
16730 0
9615 2
16732 1
16442 2
10981 0
16629 0
354 2
16740 0
8549 0
1748 0
359 3
360 2
16745 0
6887 1
8556 1
367 0
16752 2
8561 0
371 0
8564 2
8565 3
376 2
378 3
16764 3
16765 2
383 0
8578 2
387 0
8469 2
389 1
15527 1
16776 0
393 2
394 2
16779 2
397 3
16784 2
8593 0
8594 1
16789 3
16790 1
8599 0
8600 1
4164 0
410 2
8604 2
8606 0
8608 1
8609 2
8610 1
6015 0
420 1
8613 2
1277 1
16807 1
424 0
8617 0
427 2
8620 2
8621 0
16814 2
1437 3
16817 1
16818 0
436 2
438 0
16824 0
8633 0
443 0
444 2
74 0
446 2
16833 2
6016 2
8643 1
454 2
455 1
16841 2
458 3
8651 0
461 2
16847 0
16848 2
8658 0
16852 1
469 1
16854 2
16856 2
8665 2
16858 0
475 1
477 2
478 1
8672 0
16865 0
8675 2
1446 2
16873 1
16875 1
8684 1
500 2
8693 2
16886 2
5545 1
504 3
8697 0
16891 3
509 3
8702 2
16469 1
8704 0
16897 2
16902 2
8713 1
522 3
523 0
15106 1
8719 3
8720 1
16913 3
8725 1
535 0
536 3
14679 0
538 0
16923 2
8732 1
16926 2
15109 1
16928 2
545 2
16930 2
8739 3
8740 2
549 2
8742 1
551 1
291 1
8746 2
8747 2
556 1
558 1
16944 1
11016 0
8202 0
563 2
564 1
16949 0
8758 2
567 2
16953 1
16956 1
573 1
574 0
8767 0
8769 1
16962 2
8771 3
8772 0
581 1
583 1
587 1
8780 1
8781 3
591 1
16976 1
16977 0
8788 2
597 1
17849 2
18662 2
601 1
15119 0
8796 0
605 3
16990 2
16485 0
8800 1
16993 2
8802 1
611 1
4198 0
8806 0
8807 2
17000 1
8809 0
618 1
8811 1
8812 2
8814 2
8815 2
8816 0
8817 1
627 1
629 1
630 0
8824 0
17017 0
17018 0
17019 1
8828 1
17021 0
17022 0
639 0
17024 2
9664 1
2350 2
107 2
17028 0
8837 0
17030 1
9606 1
8841 2
8842 2
651 0
17036 2
8845 0
654 0
8847 3
17040 1
657 3
17042 2
17043 0
660 2
8855 1
664 0
17049 1
17050 1
667 2
17753 0
17055 2
672 0
674 0
17059 0
8868 2
17062 0
17064 3
17066 2
683 3
8877 1
15133 1
8881 2
18037 1
17076 1
17077 3
8752 2
8888 3
17085 0
702 1
17087 0
17089 0
8898 1
707 0
17092 1
118 1
8902 2
8903 0
712 2
17097 2
8906 2
17099 2
716 1
6946 2
17104 0
722 0
17113 1
731 0
17117 1
17118 2
17119 0
17121 2
18001 2
17124 0
741 2
742 0
743 0
744 2
8937 0
8938 2
8939 2
749 0
17134 1
8943 1
752 3
8946 0
17139 0
17140 0
757 2
17142 0
760 1
5588 3
8954 2
8955 1
17150 3
17151 2
8960 0
17153 0
17154 0
8963 2
5590 3
774 1
8967 1
8734 0
782 3
17167 2
17168 2
16946 2
786 0
787 2
17172 1
17173 1
790 2
8984 1
17177 0
8986 2
8989 1
8990 2
8991 2
8992 3
801 2
8995 2
17188 2
8997 0
17190 1
8999 0
808 2
809 0
17194 2
17195 0
17197 0
816 0
17201 1
17202 0
17203 2
820 2
17206 1
9015 0
825 2
9018 2
9019 1
8330 2
9389 0
17216 1
17218 1
8331 2
17220 1
2210 2
17226 0
17227 1
844 2
9037 2
141 1
17233 2
17234 3
17235 0
852 2
17237 2
854 0
2873 0
856 0
18032 0
858 1
17243 1
17244 0
861 2
9054 0
9055 0
8336 0
9059 0
17252 2
17254 1
8337 0
17256 2
874 3
13799 2
17260 2
17262 0
879 2
17264 0
17265 2
9075 2
17268 1
17271 2
888 2
9082 2
17275 0
892 2
894 2
895 1
17280 1
17281 0
17283 0
9092 0
903 0
904 1
17289 1
17290 2
6304 1
9100 2
17293 0
910 1
9103 2
17297 0
9108 2
917 1
918 0
9112 2
9113 0
922 2
9115 1
9116 1
9117 2
17310 1
17311 2
928 1
17313 2
930 0
6646 1
9127 2
936 3
16540 2
9134 0
9136 2
15176 1
9138 0
17331 1
158 3
9142 0
17335 0
9144 3
953 2
17338 1
7017 1
17340 0
17341 0
959 2
961 1
9156 1
16545 2
10125 1
1396 2
17354 3
17358 1
17360 2
5624 2
9170 0
1152 0
9390 1
17368 1
9178 1
14191 2
9182 0
17376 0
993 0
16550 1
17384 0
17390 1
17391 0
9201 0
1010 1
17395 2
15769 2
17399 2
9209 1
9210 1
9212 1
9213 3
1022 2
9215 0
9216 0
17409 1
12459 1
1028 1
9223 1
9036 3
17417 1
1035 2
1036 0
1538 2
9230 0
17423 3
1040 0
11096 2
1045 1
15193 1
17432 2
8632 2
8367 0
1052 0
17440 2
9249 0
9250 2
9252 2
1542 2
12465 1
9257 0
17450 1
8370 0
9262 2
1071 1
9264 1
9265 1
17460 1
17461 3
9270 2
1081 0
9274 2
9275 2
1084 0
5642 0
9278 1
17472 0
1089 3
17474 2
9283 1
17476 0
17477 1
1094 3
9287 0
17480 2
1098 2
1100 0
17486 0
17487 2
9296 3
9297 0
9300 1
1109 3
9302 2
17495 1
9304 2
1114 1
17499 2
9308 1
9309 1
9310 0
1119 2
9312 2
17505 0
17509 2
17510 2
9320 2
9322 1
9323 0
17516 2
1133 2
9326 0
1137 0
1138 2
8382 0
1142 3
11113 3
62 2
17529 1
1147 2
17532 2
1150 2
9343 2
9344 1
12859 1
17538 1
17539 3
1156 3
17541 1
17543 0
17544 2
17549 1
17550 2
17551 2
17552 1
17553 2
9362 0
17556 2
1173 2
1174 2
1561 2
17560 1
17561 2
1178 0
1180 1
17566 3
197 2
9376 0
9377 2
1186 0
17571 1
1189 2
17574 1
9383 0
17576 1
17577 1
9386 2
17579 3
1196 2
17581 1
17582 0
1200 0
17585 3
17586 2
9397 2
17590 2
8393 2
17592 3
17593 2
9402 2
17595 2
202 2
7029 0
18044 0
17602 0
9411 2
1221 2
9414 0
17609 1
17610 2
1227 0
17612 2
17613 0
4301 1
2936 0
1234 1
9427 2
9428 2
9429 1
9430 0
1405 2
1241 2
12495 2
1245 0
1246 3
17631 0
17632 1
1249 0
1251 1
17636 1
17637 0
9446 1
9447 1
17640 1
17642 1
1259 1
17644 1
17645 0
9455 1
17500 2
17649 1
1266 0
17651 0
17652 1
9462 2
9465 1
17660 2
9770 1
9470 2
17663 1
17664 0
17665 2
1282 0
1283 2
9476 2
9477 2
17670 0
9479 2
1288 2
1290 1
1291 0
9484 1
9486 3
17680 0
17683 0
1300 3
9493 1
17687 1
1304 2
17689 2
17691 2
17692 3
9501 0
6863 0
17695 2
10156 1
17698 0
17700 1
17702 2
1319 0
8412 1
1323 0
17708 2
1586 2
221 3
17714 3
1331 1
317 2
1335 2
7955 2
1337 0
1338 1
9531 2
17724 0
2954 2
17726 2
17727 1
9536 0
224 2
1346 2
9540 2
9543 2
17737 2
1355 1
1356 3
226 0
1359 1
17744 1
9553 1
9554 2
9555 1
17748 1
1365 0
1366 0
8420 2
17754 2
17755 0
17756 0
4428 1
9566 0
1375 2
17760 2
17762 2
1380 0
17765 1
17766 0
1383 2
17768 2
1596 2
9578 1
1387 1
9580 1
17774 1
9583 2
17777 0
16686 1
9588 2
17783 2
9592 1
17787 3
9597 2
9599 0
1408 0
1410 2
1264 3
9604 2
17797 3
1414 2
1415 2
1416 3
12524 1
1418 0
9611 2
9612 0
1423 2
1425 2
17810 1
17987 0
9621 1
9623 2
17817 1
1436 1
9629 1
1439 2
16624 2
1442 2
1444 2
9637 1
9638 3
12596 2
17832 3
17835 2
9645 2
1454 2
15261 2
17992 2
16961 3
9655 0
5777 2
9657 0
1466 2
17851 1
17852 2
9661 1
9662 2
9663 2
17856 0
1473 1
1474 2
9667 3
9669 2
15265 1
9672 1
9673 1
1482 1
9675 1
9676 2
1486 0
1488 1
9690 2
9691 3
9692 2
8442 2
16144 0
9697 3
10143 1
7078 3
9702 2
17895 0
9705 0
12871 0
17899 0
9810 2
9712 2
10689 3
1524 1
9720 1
9722 2
17917 1
9726 2
17922 0
17924 0
9814 0
9734 0
1548 2
17935 1
13912 1
1554 2
17941 1
1558 3
9817 2
17944 1
17945 2
1562 0
7087 1
17948 2
17951 2
17952 2
9765 0
1575 1
9768 2
17962 1
4359 2
17964 0
9773 2
1583 2
12055 2
6448 1
15283 0
17238 1
9781 1
1591 1
9784 2
1594 1
17979 2
9788 0
1597 1
9791 2
9792 2
17985 2
9795 0
17988 3
17989 1
1690 0
1608 1
9801 2
599 0
1612 3
9805 0
1614 1
9808 2
15288 3
1618 1
9811 0
9812 0
6055 1
1622 2
9815 2
18008 1
17512 1
1630 1
9824 3
1634 2
7099 3
1636 0
9829 2
1638 0
1639 2
9832 0
9831 2
18028 1
12562 3
1646 0
9840 0
1640 2
4371 2
1653 2
18038 2
18041 0
1659 0
1660 1
18045 0
1662 2
9057 1
9857 0
1667 1
18052 0
1670 0
1671 1
18056 0
18057 2
1674 2
4375 3
9868 1
18061 2
18062 2
9872 1
9873 2
9874 0
18070 0
1687 2
9882 1
1691 2
18076 0
9885 1
9886 0
10422 2
4803 3
1697 0
18082 0
18084 0
9893 3
1702 2
13937 1
18088 2
9899 1
1708 3
1709 0
9903 1
1925 3
11208 1
1714 0
5747 0
18100 1
1717 2
9911 2
1721 2
18109 2
18110 1
9845 1
8480 1
15307 2
1732 2
9927 2
7116 1
9930 3
18126 0
1048 3
1747 0
9940 2
18133 2
1750 1
1657 2
9946 2
18140 0
18141 0
1758 3
12581 0
18146 0
1763 0
1764 2
18149 1
9958 0
1767 2
18153 0
18154 1
18155 1
18156 1
7122 2
1661 1
296 0
1779 0
9854 1
1782 1
1783 1
1785 2
1786 1
9855 0
9982 1
18175 1
1792 0
18178 1
8959 0
3030 1
1800 0
18185 0
18186 2
1804 1
9998 0
18191 2
10001 0
18196 1
18197 0
15321 1
18201 1
10010 0
18203 2
18204 2
11226 2
18207 2
10018 0
1827 2
18212 1
1830 0
18216 2
1833 0
18218 2
18219 0
1836 1
18221 2
10031 2
10032 1
18225 2
10036 2
1846 0
1847 0
18232 2
4404 0
1852 1
10045 1
10046 2
1856 2
10049 2
1858 1
18243 0
10052 1
10053 1
18246 2
18247 2
10056 2
18250 2
10059 2
15330 0
1677 0
2790 1
10071 1
18264 1
18269 2
9610 2
15333 2
10080 2
5776 2
18274 3
18275 1
7142 1
18278 1
18279 1
10088 1
10089 2
18282 1
1899 0
18284 1
18287 1
10366 2
1907 0
18292 0
15289 3
18294 1
1911 0
10104 1
10105 0
16703 3
1918 2
17249 0
1920 2
6065 2
18306 2
11243 2
1924 2
10117 1
18310 3
18312 1
1932 0
4418 0
18319 0
18320 0
10129 2
8515 2
10134 0
1944 0
1945 2
1946 0
7157 2
13363 2
1949 2
18334 1
1951 1
1952 1
11249 3
18344 2
1961 2
10155 2
18348 1
1965 2
18350 0
18352 1
1969 0
1970 0
1971 2
1973 0
18358 3
1975 1
18361 3
1978 0
18363 1
18366 2
18367 0
16980 2
1988 2
1990 3
9889 0
18376 2
18377 0
1994 0
1996 2
10189 1
1998 3
10191 3
18384 2
5795 3
10196 1
12622 1
2006 1
2008 2
2009 0
18397 1
18399 1
10208 2
18401 1
10212 0
10213 2
2025 1
16707 0
1703 1
10220 0
4434 1
18414 3
18415 2
2032 0
13992 0
10226 1
18419 1
18420 2
2037 0
18424 1
18426 1
10235 2
10237 0
2047 2
18434 3
13995 2
18436 2
18437 0
5804 1
2061 3
18446 2
9901 2
2065 0
15363 2
10260 1
10261 2
2251 2
12633 1
18457 1
2074 1
2075 0
10269 0
18462 3
10271 0
18464 0
18465 1
18466 0
2083 2
18468 0
1672 3
18470 1
10279 2
10281 2
10282 2
2091 2
2093 0
349 1
10288 1
2097 3
2098 2
2099 2
2102 2
11273 3
14004 3
10298 2
10299 2
10300 2
11274 2
10304 3
18497 0
2114 0
10307 0
2116 2
10309 3
10311 2
18504 1
2121 0
1719 2
10316 2
2126 0
10319 3
2128 1
10321 0
10322 0
12643 1
10324 1
2133 1
12856 2
4981 2
18521 0
2138 2
10331 0
17802 1
357 0
2145 2
14256 1
10340 3
2150 2
617 0
2152 2
18538 2
16743 2
9619 0
2158 1
2159 3
10352 1
2161 0
2163 1
1726 2
10358 2
8553 2
10363 0
18558 0
2176 2
14257 1
2180 2
3094 2
18567 3
2184 3
2185 2
10379 2
18572 0
2189 0
18575 3
10384 0
10386 1
18579 2
2196 0
12654 0
2199 2
2200 1
1694 2
18589 1
2206 0
2207 1
18592 0
10401 2
18594 2
619 2
10404 2
18597 3
10406 0
18601 0
2218 1
18604 2
10413 0
3047 0
18609 0
10419 0
10421 2
18614 2
18615 1
347 3
10427 1
18620 2
1711 2
2238 2
12662 1
2246 3
15393 2
18632 2
18633 0
10443 0
18637 1
18639 1
18640 1
10449 2
10450 2
2259 1
2260 2
10454 0
18647 2
18648 2
18649 0
2268 2
10462 0
10463 2
10464 1
10466 0
18659 1
18660 1
2278 2
2280 1
18665 2
18666 2
2284 2
10477 2
381 0
15400 2
10482 0
10483 0
18677 0
10486 2
10488 2
1713 0
18682 1
2299 2
18685 0
2303 0
18688 1
2305 0
10498 2
10499 3
4707 2
10502 2
2311 0
2312 2
10505 2
18699 0
15080 2
18703 2
18704 1
2321 0
10514 2
10515 0
2324 2
10517 1
18710 2
5849 0
18713 1
10522 1
10523 2
10525 0
10527 3
10528 3
3120 0
2338 2
18723 1
18724 0
18725 1
10535 2
10537 2
17536 2
10542 2
1757 1
10544 0
2353 1
10547 2
2356 2
18142 1
18742 0
2359 3
2362 2
11145 2
10556 0
18750 1
2367 0
2368 1
18754 2
10564 2
10565 2
10568 1
2377 0
16446 0
10572 3
2381 2
18766 2
2383 1
18768 0
2385 2
2386 2
18771 2
10580 0
18775 1
2393 3
18778 0
10589 2
234 2
4717 0
18784 1
8592 2
11323 2
18150 2
18790 0
10599 0
18792 2
18794 0
18795 0
2413 2
10609 0
2418 3
10611 0
18807 2
10616 1
2426 1
2427 2
18812 2
10621 2
14811 2
10624 0
2433 1
2434 2
18819 0
2436 0
8598 0
10632 1
10634 1
2443 0
2444 1
11330 1
18830 0
1773 1
18833 0
2450 2
18835 0
10644 2
10720 1
18839 2
10648 2
14419 3
2458 0
18159 2
18844 1
15429 2
4992 1
18852 0
18853 2
2472 2
16796 3
2475 1
14066 3
10670 1
2479 0
10672 2
18163 0
5811 2
2490 2
2491 0
16800 3
2498 2
2500 2
18166 0
16801 0
10698 2
10699 1
10700 2
10702 2
2512 0
2514 1
2516 2
7246 2
10711 2
16804 3
10714 1
10715 1
2524 1
2525 1
2527 1
2528 0
2530 0
2532 0
2534 1
2535 2
2536 0
423 2
2540 1
2544 0
12712 3
2546 2
10739 3
10740 1
10741 1
16809 0
2553 1
15729 1
2556 1
10749 1
2558 1
10752 2
10754 2
10755 0
10756 3
2565 0
16812 2
10766 0
10767 0
10771 1
2580 2
10773 1
10774 1
2583 3
10776 1
10777 1
10778 0
10779 3
10780 0
2589 0
10782 0
2591 0
10784 0
10785 2
10786 2
10789 2
10792 0
10796 2
2605 0
10798 0
10802 0
10803 3
10805 0
2615 2
10809 1
10814 1
2623 0
10816 0
8059 3
2627 2
10822 1
2631 1
9892 0
2634 2
4535 3
10828 1
4982 1
10831 2
2640 2
12728 2
10838 1
10839 0
9292 1
1807 0
2653 3
2654 2
2655 2
2657 0
4539 1
10852 2
10853 2
10855 1
10856 2
2665 1
10858 1
10863 0
18111 1
10866 0
10868 0
2677 2
10873 0
10877 0
10878 2
10881 2
2690 0
10884 0
17002 1
10891 0
450 1
2702 2
2703 0
451 1
10901 2
10905 2
2715 2
9347 1
10913 3
2722 1
17003 0
2724 1
10917 1
2730 1
2731 3
10925 1
2735 1
2736 0
2739 2
10935 0
1823 2
18095 0
10942 0
2751 0
2752 0
2754 2
16843 3
9639 2
2758 2
4729 2
10953 0
2762 2
11383 1
2766 0
2769 0
2776 0
2778 2
8655 2
6912 2
2783 3
8656 0
2787 0
2788 0
18214 2
10982 0
2791 2
2792 2
2793 0
2794 3
1184 3
10988 0
16850 3
2798 0
10991 1
2800 2
2801 2
10994 1
2804 2
16733 2
2807 3
8660 3
10026 2
2817 0
10027 2
11014 3
11015 2
2824 2
14476 0
2549 2
12512 1
1837 2
2833 0
2840 0
11035 0
11421 2
12762 3
11038 2
11039 0
1840 2
2851 1
11045 2
2854 1
1841 2
2856 2
2859 1
2860 0
11053 2
4573 1
11056 0
368 0
17872 0
11059 0
16862 1
11065 2
2874 0
11072 1
2882 2
2883 0
2884 0
11078 2
11079 2
11082 2
2891 2
4578 2
16927 1
11087 2
483 2
11093 0
11095 2
2904 1
2909 1
293 0
11109 2
2919 0
15295 2
2921 2
2923 1
15373 3
11118 0
2927 2
11120 0
2929 0
11126 1
11128 2
2938 2
11131 1
11132 2
11134 1
3644 1
2944 2
11137 2
11138 2
11139 1
11140 1
2951 2
11144 1
2953 2
11146 3
2955 0
11148 2
11149 0
2960 0
6918 2
11155 0
2967 2
2972 2
2973 2
2975 1
15102 1
3227 3
11172 1
11174 0
2984 2
11177 0
11178 3
2988 0
9374 1
11183 2
2992 2
2993 1
12787 2
2998 0
11191 2
3000 2
3001 2
3646 0
3005 0
11198 3
501 1
11207 3
3016 1
3021 2
11214 2
11215 1
11220 1
11222 0
505 3
11225 0
3034 2
3037 0
11230 2
1465 2
3043 3
11236 1
11237 2
11239 2
3048 3
3049 2
3051 0
3052 1
3053 2
11246 3
3057 0
5971 2
11254 2
3063 0
11258 3
3242 3
3070 2
512 1
3074 1
11267 2
3076 2
3079 2
11272 2
3081 2
3082 2
9895 2
11277 0
11281 2
11285 0
11286 2
13742 2
11289 0
3101 0
3104 0
3107 2
3110 2
11307 2
11309 0
11312 2
3122 3
11315 0
17562 1
1468 2
3132 1
16906 1
11327 2
3136 1
1888 2
3138 1
3139 0
11334 2
3143 2
11336 2
3147 2
11340 2
12813 2
11344 2
11345 1
10083 2
3156 0
3157 0
11350 1
18421 3
11354 2
16512 1
11450 2
18277 0
16912 3
11362 3
3172 2
4470 1
11367 0
11368 0
3177 3
3178 1
3182 3
3183 2
3185 0
3186 1
11379 3
3188 2
6380 0
3191 2
11388 1
3198 0
5562 1
11392 0
11393 2
11395 0
11397 2
11398 2
3207 2
3209 2
8727 0
11404 1
3213 0
3215 2
3216 2
4632 2
11411 2
3221 1
11414 1
3225 2
10095 2
8730 2
3231 1
11424 3
11425 2
3236 0
3237 1
11430 0
3239 0
3240 2
3241 1
11434 2
15559 3
3244 0
3246 2
3249 1
10099 2
542 2
11449 1
18706 2
11451 1
11452 2
3261 1
11454 0
3263 2
3264 0
3265 0
11458 2
3269 3
3270 1
11463 1
12384 1
3275 1
546 1
3279 2
3280 2
11477 2
3286 1
3287 2
3288 2
11484 1
3294 0
11487 0
3296 0
3299 0
3302 2
3303 1
16935 2
3311 1
11504 3
3313 2
3314 3
11508 2
3320 2
11513 3
13204 2
11515 0
3324 2
2020 3
11520 0
3329 0
3330 1
16939 1
3332 1
3333 1
17569 2
11532 2
11538 1
1923 2
11540 2
3349 2
3353 1
3354 2
3355 1
3358 0
3359 3
3361 0
11554 1
3363 1
14214 2
11565 1
3375 2
2641 1
3378 1
3380 1
3382 0
11575 0
11577 1
3386 3
3387 1
3389 2
3393 1
11586 0
3395 1
3396 0
3399 0
18316 1
1477 1
8759 1
3407 0
3409 0
11604 1
3414 0
8761 1
3416 0
11610 2
11613 1
3422 1
11615 1
3424 3
3427 2
3428 1
11621 0
1937 1
8764 1
3434 1
11629 0
3439 0
3440 1
3441 1
11635 0
3444 2
11640 2
3449 2
17300 1
575 1
3454 0
11647 1
3456 0
11650 2
11499 0
11652 2
3461 0
2096 1
577 1
1605 0
9352 1
3470 1
11663 0
6935 0
3473 0
11672 2
3485 1
3487 0
3489 3
18331 1
11684 2
4678 1
3495 2
11690 0
8775 0
3500 2
3501 1
3504 2
3505 0
11698 3
3509 2
3512 1
3513 3
5404 2
3515 1
11708 0
3521 2
11715 0
3525 0
3527 2
11721 1
18121 1
11724 2
11512 2
6051 2
11732 0
11733 3
11734 1
11738 1
11514 2
11742 0
11744 2
8784 1
2846 2
15611 3
11752 0
11755 1
3564 3
3567 2
3568 0
3572 1
11766 0
3577 0
11773 2
3583 2
392 1
11779 0
3588 0
1964 2
11786 1
3595 0
572 0
11791 3
3601 3
3603 2
16214 2
13759 0
3606 3
1115 1
11808 1
16760 0
7389 2
3619 2
3621 2
666 0
11815 1
11821 1
11822 0
3633 1
3634 3
11827 0
15124 3
11831 1
11833 1
11836 0
11838 2
11841 2
11843 2
3655 1
11848 2
11849 0
3658 2
3659 0
11852 1
3661 2
11854 0
11856 3
11857 0
3666 0
3667 2
18737 2
6073 2
4708 1
11866 0
3677 2
8805 2
11873 1
11874 1
1979 1
11877 2
6115 3
11879 2
3688 1
11884 2
11885 0
11887 2
3696 0
3702 2
3703 2
3704 1
11897 0
3706 2
8810 2
11902 2
9398 1
3713 2
4715 0
3717 2
11911 0
11913 1
3722 0
15639 1
714 1
3727 2
3730 2
11924 3
3733 0
3734 2
4719 0
3740 0
3741 2
3745 2
3747 1
6086 3
7452 2
6087 3
1992 2
11956 0
3765 2
3766 3
10185 0
3769 2
17101 3
8309 2
3782 2
3784 2
13765 0
3790 2
18381 1
3792 0
11555 1
633 2
3801 3
14287 1
15653 0
3808 2
3811 2
12006 0
3815 1
12011 3
6401 0
12013 2
17858 0
12019 0
8830 0
3830 0
3832 1
3833 0
3834 2
3840 0
3841 2
1219 0
12041 1
128 1
8834 2
7469 2
8835 1
3862 2
10201 1
12057 1
12065 0
12066 0
3876 2
12069 1
3879 2
3880 0
3881 0
3882 1
3887 2
12081 3
12082 0
12083 2
12084 1
12086 1
12089 1
2208 3
12091 2
3901 0
2016 0
12098 1
8843 2
12100 2
3912 1
12940 0
12109 2
12110 2
14307 2
18404 2
3930 0
12127 2
3950 0
12136 2
16771 0
8850 0
12142 2
12145 1
2517 0
12154 0
3965 2
12158 2
12159 0
3968 3
132 2
3973 1
5100 2
15681 1
3979 1
12173 0
3985 2
12178 0
3989 2
5482 0
12184 2
3994 0
3995 1
13772 2
12189 0
3999 0
12192 0
6128 2
4003 1
4006 2
12202 2
4011 2
4013 2
12206 1
2043 1
4017 2
12210 2
4019 1
12212 1
12958 0
12214 2
11593 3
4027 0
8863 3
12223 1
10065 3
4768 2
15691 0
1771 1
6135 2
4044 2
4047 1
18174 2
12243 2
15694 1
2469 0
6137 1
4058 2
12251 2
12252 2
12253 0
1499 3
4063 2
5318 0
12257 0
12258 2
6139 0
12260 1
12265 1
4074 1
4079 0
12272 2
17321 2
4660 2
4087 0
4088 0
12286 1
17067 1
13230 2
12298 2
4107 2
12300 2
12304 0
4113 1
10993 3
4115 0
12309 0
12312 0
2052 2
12314 2
4123 1
4124 2
9139 2
4126 0
2053 0
12320 3
12324 2
17073 2
15708 2
4138 3
12331 2
4140 0
12333 1
4146 0
11614 1
7984 3
4151 2
12344 2
4153 2
8885 2
12356 0
12141 1
4173 2
4175 2
12370 2
11619 1
12372 0
12377 2
17813 1
12380 0
4189 0
4191 2
4192 2
4195 1
4196 3
12389 2
12390 2
12391 1
12392 1
4201 2
12395 3
12718 1
4206 3
180 3
12402 1
4212 0
12405 2
1610 1
7529 2
12408 0
4217 3
12411 2
4221 2
4222 2
12417 2
4226 0
4227 2
4228 1
12421 0
12423 2
12424 2
12426 0
12428 3
4237 0
4238 0
12431 3
17091 0
12436 2
4245 2
12438 0
4249 1
4250 1
12444 3
12446 0
4256 2
4257 2
12451 1
4262 2
11633 0
14364 1
4267 1
4268 3
4270 0
6173 0
12464 0
4273 0
12466 1
10024 0
12470 2
713 0
12472 1
2079 3
12476 2
12477 3
12480 2
4291 0
12486 2
6177 1
4297 0
12490 3
4299 3
3962 0
12494 2
717 0
12496 1
4306 3
12501 2
4310 0
13613 0
4312 2
12509 2
4318 2
4320 2
4323 2
4325 2
4328 3
12521 2
4332 2
4333 2
4335 2
4336 0
4337 2
12530 1
8293 1
4341 1
4342 2
12536 1
12539 2
12541 1
12543 2
4352 3
4353 2
4354 2
18475 0
12548 0
4822 0
17603 3
12551 2
12554 3
4363 2
4365 2
12558 0
4370 1
12563 2
4372 2
12565 3
4374 2
12567 1
4378 0
12571 1
4380 2
12573 0
4385 1
12578 0
13019 2
4388 0
4389 2
4393 3
4396 0
4402 1
18483 2
4511 1
12599 2
12603 3
4413 3
5745 2
13024 2
12610 0
7563 2
10294 1
4422 2
14059 1
12616 0
12617 2
4426 0
10295 0
10513 0
738 2
4430 1
693 2
12626 2
4835 1
4436 2
7566 2
12632 1
8932 0
12634 0
7567 2
12636 0
12637 1
12638 2
4450 1
18491 0
12644 3
12648 2
4457 2
12651 0
12652 2
4462 2
10301 2
12656 0
12657 2
4466 2
12659 0
12660 2
13515 1
4471 1
12664 1
4476 3
12671 0
12672 3
2112 2
12674 3
17131 1
4484 1
10305 2
4491 1
10306 1
8333 2
4497 0
4498 2
4501 0
4503 2
6151 2
10308 0
12698 2
4508 2
12701 3
12703 3
12705 2
12709 0
4518 1
4849 0
4520 0
12713 2
12717 1
4526 2
4527 1
4529 2
4532 1
4534 1
12727 1
4536 0
4537 2
4538 2
12731 0
12732 1
3970 3
11608 2
12737 1
4546 1
4550 0
12743 0
4552 1
12745 2
12747 2
4557 1
12757 2
4566 2
12759 1
4568 0
3492 0
4570 1
4571 0
12765 2
4574 3
15781 1
2880 2
10518 2
763 0
4580 1
12774 1
4517 1
12778 0
15783 2
4589 2
4592 0
4593 2
12786 0
4595 1
12788 2
766 1
12790 0
2132 0
12795 0
4605 2
12799 0
1790 2
3499 0
12805 1
4614 0
12807 3
4617 2
12811 2
4621 2
4623 2
4626 2
4629 0
8539 1
16521 0
10560 0
7123 2
4642 0
4643 1
12836 3
13062 0
4648 1
12841 1
4650 2
8978 1
4653 0
4654 1
12847 2
4656 1
4657 1
4658 2
4659 2
12852 2
4662 0
4664 0
4667 2
12861 2
12862 2
4671 0
12865 2
4674 1
8971 2
12868 2
12870 1
14433 2
12872 2
12873 1
12874 1
4683 0
4687 0
4688 1
12884 1
4697 1
12579 0
4699 1
4705 1
4706 0
7611 1
12900 1
4709 1
4710 1
4712 2
4713 0
12906 2
12907 0
12909 2
15160 1
4723 0
12916 1
4726 1
12919 1
12920 1
12921 2
4732 0
4733 2
6977 0
4736 2
12930 2
12932 1
4741 1
11713 2
4744 1
3523 2
4748 1
7618 0
4751 0
4752 1
12946 1
4755 1
12950 0
8985 0
4761 0
4762 0
10351 2
4764 0
12957 1
4766 1
12960 2
12961 2
12963 1
12968 1
12972 2
16213 0
12981 1
4793 1
12986 2
12987 1
250 1
10357 1
4802 1
7627 0
4807 1
4809 2
4811 3
4813 1
4814 2
4815 2
4816 1
13010 0
4819 1
13014 2
13017 1
4826 1
4827 1
4829 0
4831 1
4832 2
4833 3
13027 0
13028 0
4838 0
4839 0
203 0
4842 1
13035 1
1887 2
17892 0
4848 1
13041 2
13042 2
13043 2
4852 0
13045 1
4854 0
13047 0
4856 1
13051 2
4860 2
4863 1
13056 0
4865 1
4866 0
13060 0
4869 1
4870 0
4874 2
4875 0
4878 0
4881 1
13076 3
8346 1
10372 1
4911 2
4892 0
4893 1
14217 2
3709 2
4897 2
4898 2
4900 0
4901 0
4903 3
4904 0
4906 3
13101 3
4910 0
18167 1
18568 0
13107 0
13108 0
13114 2
4927 2
4929 0
13122 1
13123 2
10257 2
4935 0
10380 1
13131 2
8075 2
13133 2
13135 2
13136 2
13138 0
4948 2
13142 1
13143 0
13144 1
13146 0
13147 1
13150 3
13153 2
13154 2
17211 1
13156 0
6712 2
13160 1
13161 1
4973 0
4974 0
829 1
4979 1
13173 2
13174 0
8622 2
4984 2
4986 2
4989 0
13183 0
13184 1
832 2
4995 1
4997 2
8453 3
13195 0
13196 0
15853 1
13200 0
13201 2
13202 1
5012 0
13205 2
2201 2
13208 2
13210 2
5020 2
5023 3
5025 2
13218 0
440 1
10533 2
5030 2
5031 3
13225 2
13227 2
13229 2
5038 0
5039 0
5043 2
13239 0
5049 3
5051 3
13244 2
13245 2
5054 1
13247 2
13249 3
13253 2
2209 0
13256 1
13842 0
5067 2
13260 3
6306 1
13535 2
845 1
5072 3
13266 1
5076 1
13271 1
13272 0
13273 1
9039 1
13276 2
5352 1
5086 1
4944 0
5090 3
5091 2
5095 2
13288 2
5098 0
13292 0
13293 1
5102 2
13295 1
13297 0
6035 0
13300 2
13301 2
13303 2
13304 2
5113 2
13307 1
13309 1
5118 0
5121 2
5122 2
5124 2
4950 2
5126 0
13320 2
10412 2
5130 1
5131 2
13324 2
13327 3
5137 1
5138 0
3587 1
13332 2
14510 2
13336 0
13337 2
17242 2
5150 0
14512 1
5155 0
5156 0
13352 0
13353 0
5162 2
17245 1
13360 2
5171 1
13364 3
5173 2
13366 0
11785 0
13373 2
5182 0
13375 0
5186 0
13379 0
13381 0
4961 1
13386 1
2231 2
4962 0
7693 2
10291 1
5201 1
13394 0
13396 0
7694 1
13399 2
4265 3
5680 1
5211 2
5212 1
10426 1
5214 2
5219 1
5221 0
13414 2
13415 0
5224 0
5225 3
13421 0
6333 1
5233 2
13427 2
13428 3
5238 3
5239 0
13437 1
5246 0
13439 1
5248 0
5249 2
13448 0
876 3
3581 0
13458 0
5272 0
13466 1
17263 0
5277 0
18452 2
13471 1
8714 1
5283 2
5284 0
5285 2
5287 2
13482 3
5293 2
15901 1
13489 0
5299 0
13494 3
13498 2
13501 1
13502 3
13503 2
13504 2
5313 2
5315 0
5317 0
13510 3
9079 1
5109 1
15906 2
6349 2
13520 2
5331 3
5332 2
5336 1
17657 0
5338 0
18148 0
13532 0
13178 0
7717 3
5345 2
7543 2
5348 3
5349 2
13542 0
13543 0
13544 2
17276 0
5358 1
13551 2
5361 2
5362 2
13556 0
13557 0
13559 2
13560 0
13561 1
5372 2
13565 2
5374 1
5375 2
9088 3
5378 2
13572 2
13573 2
7724 3
13578 2
13580 2
5389 2
10456 1
13586 0
13587 2
13588 2
3630 2
5399 3
9474 1
13602 2
13603 0
13605 2
13607 2
13608 2
13610 1
17287 1
5421 2
5422 2
13615 1
5424 0
5425 0
13621 2
13622 2
5431 0
13624 1
13625 0
13626 3
5435 0
5436 3
13630 0
5440 0
9099 0
5444 2
3638 2
13638 2
13640 1
5453 2
5463 1
5464 2
13659 1
13660 3
13661 0
12730 1
5476 0
5601 1
5478 0
1819 0
13673 2
13674 0
13675 1
13676 0
5486 2
13680 0
18664 0
5490 1
13685 1
5495 3
5496 2
5497 2
5498 2
5499 2
13695 2
14095 2
5505 0
5506 2
5508 2
3649 2
2928 1
5513 2
13277 2
5515 1
13710 2
5520 0
13718 2
921 2
13720 2
13723 2
5018 1
13727 1
5536 2
14576 0
5539 1
1821 1
5541 2
17308 2
13741 2
5550 2
5551 1
5553 2
13747 1
13750 2
5561 2
13754 2
13215 3
5564 1
13757 0
13758 0
5567 2
5568 3
13764 2
5573 0
13766 0
5576 1
13769 0
5579 2
5580 1
5581 2
5583 2
14584 0
5587 1
13780 1
13781 1
13782 2
5591 2
13788 3
13789 3
13791 2
5600 0
13793 0
15735 0
13796 0
5606 0
3665 0
5610 2
5612 2
5613 1
5614 0
13807 0
13808 2
5619 1
5620 0
13815 0
1551 2
5630 2
5631 0
5632 1
5636 0
5637 1
13830 0
5639 2
5641 0
13834 2
5645 0
5646 2
5037 2
5650 0
13845 1
13847 0
16568 1
5658 3
13851 0
13852 2
3674 2
5664 2
5666 0
5668 2
5670 1
13864 2
13865 2
13866 0
13867 2
13828 1
13872 1
947 2
5686 2
5692 3
5698 2
13891 1
13893 1
13894 0
5706 0
13900 0
13901 2
13902 0
5057 3
952 1
1470 2
5716 0
13910 3
17337 0
5720 2
5724 0
5727 0
13927 1
13928 1
956 1
13933 0
11880 1
18707 1
13941 0
13943 2
5753 0
737 2
13700 0
16405 2
13954 1
5763 2
5765 2
1175 2
13961 0
8921 2
2327 1
13965 0
13968 0
13969 2
5780 1
13974 1
13975 1
13978 2
5787 0
18714 1
13982 0
5791 1
4021 1
13986 2
18715 3
13988 0
13990 0
17129 1
5800 1
5803 1
13996 1
13997 0
2333 2
5808 2
5064 2
5810 0
14003 2
5812 0
5814 2
10832 0
7796 3
5823 2
5826 0
14019 2
9053 2
5831 0
5836 1
13261 2
5840 0
14035 3
14036 1
5845 0
14038 2
15993 1
2221 0
2340 3
5850 2
5851 3
5853 2
2341 3
976 0
5858 2
5862 2
16562 2
2343 1
5868 2
14062 3
14063 1
3266 0
14068 0
5878 0
5879 2
17364 2
14074 3
14077 3
9173 2
5888 2
17654 3
14084 1
5894 0
11905 3
5901 1
5903 2
5907 2
14100 0
18734 2
14103 1
5913 1
5915 3
5916 1
14109 3
14111 3
5921 1
5922 0
5925 2
5926 0
10545 1
14120 2
5930 2
14123 1
14125 2
5935 0
5937 0
14130 1
14131 1
14133 2
16679 1
5943 0
5945 2
5946 0
5947 0
14145 2
14147 2
18534 2
5957 1
14150 1
5960 3
5961 2
5962 3
14157 2
5966 2
5967 3
14163 0
4836 0
8115 2
14168 1
14006 3
5978 0
14171 0
14172 1
18746 2
5982 2
17381 2
14180 1
5989 2
16839 0
2364 2
14186 2
14187 0
14189 0
14190 2
5928 2
11111 3
14198 3
6011 2
6013 2
7829 1
14208 0
6017 2
6018 1
14212 2
6021 2
6022 2
6025 2
6026 2
14219 0
6029 2
14222 0
13567 3
14227 1
13294 3
17007 0
14234 0
1007 0
6044 3
6045 1
14238 1
14239 0
14241 2
14242 0
14243 1
11931 1
6053 1
1009 1
6057 2
6058 0
14251 0
14252 0
14253 2
14254 2
6064 2
18751 3
6067 2
14261 0
5108 1
14267 1
13023 2
14271 0
14274 2
14275 1
14276 2
14277 2
17115 2
14279 2
6088 0
6089 3
9207 0
13569 2
14285 0
6094 2
10573 1
18752 0
6097 3
6098 0
6102 2
14296 2
14297 2
10575 1
14302 2
6112 0
14306 1
5115 1
14309 0
14316 2
18770 0
11769 1
6127 0
14320 2
17662 2
14322 2
14323 2
6132 2
13310 1
14327 2
14328 3
2388 2
14330 0
14331 2
6140 2
6141 2
14334 0
14335 2
15753 0
750 2
14343 2
6152 3
14345 3
6154 2
14347 2
6156 0
14349 1
6159 2
14355 2
6164 2
14357 2
6167 1
14360 1
6172 0
14365 3
6176 1
14369 2
15647 1
6182 0
14376 2
6185 2
14380 0
7858 2
14385 1
14386 2
14387 2
6196 2
14389 2
14390 0
14391 0
6200 1
6201 2
6203 2
6205 2
6206 2
6209 2
3480 2
14403 0
14404 1
14407 1
14408 2
10516 3
6221 1
14414 2
1037 3
14418 0
2403 1
1038 0
6231 2
6232 2
761 3
14427 2
7866 2
14430 3
6241 1
16059 0
14437 2
18757 0
13329 2
1299 1
6251 2
14446 0
14449 2
14451 0
6260 1
14453 0
9483 3
6266 2
6267 2
8392 2
6269 1
6270 2
14463 1
14467 1
5770 0
860 3
17431 3
6284 0
16066 1
18797 2
5144 2
16067 2
14484 3
14488 3
14489 1
14492 0
14494 0
14496 0
6512 0
14498 2
6307 1
1301 2
6315 0
6514 1
11335 2
4302 1
14513 2
6515 2
6324 1
6325 1
14519 0
6329 0
6331 2
6332 2
14525 1
8667 2
6335 0
18760 3
14529 0
14533 2
13345 3
14537 0
17442 3
14545 3
14546 0
6356 1
6357 2
6359 2
6360 3
13348 1
6363 2
12487 0
6367 2
6369 1
6370 2
10619 0
14565 1
14568 3
10620 0
14571 2
14572 0
16082 2
6383 1
6384 0
6385 2
6386 1
6392 0
6393 2
14586 2
6527 1
6398 3
6399 0
14592 2
14593 3
6404 0
6407 2
14601 2
4407 0
6411 1
14604 2
6413 1
9261 0
14608 2
6418 0
14611 1
6422 1
6424 0
10628 2
6427 2
6429 1
14622 2
14623 0
14625 2
14626 1
14627 2
14628 0
14631 2
14632 2
6442 1
14635 0
6445 1
6446 2
16093 2
14640 0
12840 1
6451 2
6454 0
14648 0
17228 0
14651 2
8944 1
12763 2
1579 2
6467 2
17462 0
6472 0
6473 2
14666 2
6475 0
3260 0
14673 2
14675 2
9273 3
14680 2
14682 2
6495 0
1407 2
3814 1
10641 1
762 1
6506 2
6507 2
6511 3
14704 0
16104 0
14706 0
14707 0
6516 3
6521 0
6522 2
6523 2
14717 1
6526 1
2453 0
14720 0
14721 0
14724 2
6533 0
6536 0
4582 2
14730 1
2455 2
14734 0
18840 2
14738 3
8432 1
14745 3
8827 2
6553 0
10650 2
14751 2
14752 2
14755 1
8402 2
14761 1
5191 2
14765 0
14768 0
6577 1
3827 0
5129 2
862 0
14779 2
6588 1
14781 0
14782 2
6591 2
6592 3
6593 2
6594 3
13387 1
14789 2
8403 3
6600 0
14793 1
6603 1
6604 2
17229 3
7585 2
17678 1
14804 2
14805 2
6619 2
10586 0
6621 2
1857 2
6623 0
6624 2
14817 2
14818 3
6631 2
6632 2
14826 2
14829 2
16125 2
14832 0
6641 0
16126 0
14838 1
6648 2
6652 3
14845 0
14848 1
12032 2
6658 1
6660 0
14858 2
6667 0
6668 0
6673 1
6674 1
14867 0
14868 2
2478 3
6679 2
6683 2
17498 1
14878 2
6687 2
6576 2
6691 1
6692 2
7942 1
14886 1
6697 2
14890 0
6700 0
6701 1
6702 1
6497 0
16590 3
6705 0
6706 1
2483 1
6708 1
6709 0
6710 1
14903 2
14904 2
6714 0
17503 2
2485 0
18500 2
17504 2
14914 2
6723 1
14916 0
6725 0
1700 2
9313 0
14920 0
14921 1
6730 1
15227 3
14924 1
14925 2
6734 3
6738 0
14931 1
6740 1
18228 2
14936 0
3855 0
14941 1
6751 0
14945 1
6226 0
9318 0
14951 2
14952 1
6761 0
14955 2
6769 0
6770 2
14963 3
7410 2
14966 0
14967 0
6778 1
14972 2
14973 2
10738 2
6787 0
6791 2
14984 0
6794 2
14138 1
6796 0
14989 0
6798 1
14991 2
6801 1
6803 1
15775 0
6809 0
6810 1
13423 0
15004 2
2501 1
15008 2
15009 2
6819 3
6820 1
6823 0
6824 0
6828 1
6833 1
6835 1
16158 3
6839 3
15036 0
6845 0
15039 2
16160 0
15042 2
6851 1
6853 0
16595 3
6858 2
6859 1
6860 1
15053 2
6862 3
15055 2
6865 0
6867 1
15062 1
6871 0
15067 2
15068 2
15069 2
6879 2
15072 0
6881 2
6882 3
15075 2
15077 0
6886 2
15079 3
9231 2
15083 0
6892 2
15085 2
15087 2
6896 1
6902 0
15095 1
15096 3
6905 1
6047 2
15099 1
15100 1
15101 1
6910 2
6911 1
15104 1
15105 1
6914 2
15107 1
6917 2
9232 2
15111 3
6920 2
6922 1
15116 2
15117 2
6926 3
6927 2
6928 1
6929 2
6930 1
15123 1
6932 0
6933 3
15127 1
6937 0
12079 3
6941 0
6942 1
15135 2
15136 1
15137 3
15138 0
6947 3
6948 0
15141 1
15144 0
15145 0
6957 1
6961 1
6962 2
15157 2
6968 0
6969 0
15162 1
6971 1
15165 0
15167 2
6976 2
14816 1
6978 0
15172 2
6982 0
15175 1
6984 1
15177 2
6986 2
15179 2
10722 2
3506 0
15184 0
6994 1
15189 0
6998 2
3897 0
15192 0
7001 0
15194 2
15197 2
7006 2
7008 2
1168 3
15202 2
15204 2
7015 2
17411 1
7018 1
17554 2
7022 3
7023 1
7024 2
15220 2
15221 0
15223 0
15225 1
7035 0
15228 0
15229 2
7038 0
15231 0
15232 1
15233 2
15234 3
2539 2
7044 3
12097 1
15241 2
17559 2
7052 1
15245 2
7055 1
7056 2
15250 3
7060 0
7061 2
7064 2
7065 3
7069 0
7070 2
15264 2
7073 2
15266 1
7076 1
15270 0
9372 1
7085 0
15278 3
15279 2
7088 0
15281 2
15282 2
17740 3
15284 1
7093 0
8009 2
7096 2
7097 2
7098 2
17567 3
15292 1
10602 2
7102 2
7103 2
15296 2
7105 1
16203 0
7109 0
15303 2
15305 2
15306 1
10743 1
15308 1
17570 2
15310 1
7120 2
15314 0
1187 2
15316 1
7125 0
15318 2
17968 0
7129 2
7130 0
18241 0
3238 2
7136 0
7137 0
7138 0
7139 0
7141 0
15334 1
7143 0
14232 2
17575 1
16332 2
6653 1
15344 3
15345 0
7358 0
15349 1
7158 2
7160 3
15355 2
7164 2
7165 0
7166 3
7167 0
18515 2
1195 0
15364 2
1057 0
14849 2
7176 1
7179 3
15372 0
17697 0
15374 0
15375 1
15376 3
7185 2
7186 3
2563 2
7189 2
15383 2
7194 2
18516 2
17584 3
7203 2
7205 1
7206 2
7208 2
15404 0
7213 0
15406 2
8029 3
7216 2
15409 2
15413 2
7222 0
15417 2
7228 1
7229 0
7230 2
7231 0
15428 2
1206 2
15432 1
7241 1
7244 0
7245 0
15438 0
15439 1
15440 1
7254 1
7255 2
15448 2
2151 0
5306 1
15455 0
15461 0
14865 0
4061 0
1606 1
1213 1
9906 2
15475 0
7284 0
15482 1
1215 1
15491 1
7300 2
2582 2
15496 0
15497 0
9410 2
15503 2
15505 0
15506 1
15507 2
15509 1
10882 0
15511 0
15513 0
15514 0
15515 0
15520 0
15521 2
15522 1
15523 0
15525 2
15526 1
10337 2
7336 0
7337 0
15530 0
15531 0
15532 3
16884 1
4609 1
14879 2
15550 0
15552 1
7363 0
7365 0
15558 1
2593 2
7369 0
15562 0
7372 2
15565 1
7374 3
13517 0
15569 0
15570 0
15571 0
15574 0
7388 2
15581 1
15582 0
7391 1
15584 2
246 0
7395 1
15588 1
15590 1
9425 1
15594 3
7405 2
7407 2
17159 3
15602 2
15603 1
7413 1
4884 0
15607 1
17620 0
15610 0
3967 3
7578 1
15616 0
15617 2
1686 2
15627 1
15628 3
12162 1
7440 2
13528 2
15634 0
14894 2
15638 2
7447 2
16260 1
7450 2
15644 1
16261 1
6704 1
7460 2
7461 1
15654 2
15656 0
15657 2
7467 2
15661 1
13533 1
15665 1
14899 1
15668 1
15670 3
15671 0
7481 1
7482 0
7483 0
15676 0
10342 2
15678 2
2613 1
7488 2
7489 2
7491 2
15684 0
14902 2
7495 0
7496 0
7499 3
7500 2
7502 1
15695 0
15696 0
7505 2
7506 2
9443 2
15701 0
7511 0
15704 0
15705 1
15706 1
15707 1
7516 2
11707 2
15713 2
7522 2
6715 2
15716 0
17638 0
15721 2
15722 2
17639 1
9798 0
3986 0
15726 1
1032 1
1256 2
15730 1
8083 0
7540 0
13545 3
15736 1
15738 2
7547 1
15741 1
15746 0
8179 2
15748 2
15749 1
15750 0
7559 2
15752 1
7561 2
8087 0
15757 2
15758 2
15759 3
15760 0
15761 2
7617 1
15764 0
13550 1
18272 0
7576 2
6724 2
15770 2
3459 0
8090 2
14289 1
14917 1
3253 1
15778 0
15780 0
7589 0
15782 1
9457 2
7592 2
15785 0
15787 3
2435 0
17650 1
15790 0
15792 2
15793 0
15795 3
15798 1
10825 0
7608 0
7609 2
12191 0
15805 2
7615 2
7616 2
4000 0
15810 0
15813 0
15815 1
7624 3
15817 2
5367 2
15820 1
16290 0
15825 0
8099 3
15829 0
15830 3
1273 2
7640 3
7641 0
7643 0
7649 2
15842 0
1073 3
15847 1
2437 1
17236 3
7661 0
15854 1
15855 1
15856 0
16528 1
7667 1
11074 2
1278 0
15862 2
7675 0
15868 2
15871 1
7682 2
9473 1
7690 2
15883 0
17666 2
15886 0
7695 2
17667 3
7701 0
7702 2
15895 0
15898 2
15900 2
7709 3
15904 2
7714 0
15909 0
15910 1
15911 3
17715 0
15916 0
7726 0
7728 2
13078 0
15923 1
7732 1
7734 2
17674 2
16079 2
7743 2
2440 2
7747 2
15940 0
15941 0
7751 2
7753 3
18055 2
15953 1
15954 1
7765 2
7766 1
15959 1
17171 3
15962 0
15963 2
15966 2
15967 0
7778 0
7783 0
7784 0
15977 0
15978 3
15979 1
7789 2
15983 2
15984 0
7795 0
15988 1
10605 1
15992 0
9492 2
7803 0
7805 2
15999 1
16000 2
16001 0
16002 2
16003 2
16006 1
16008 0
7817 1
16010 0
1303 1
7820 2
16013 0
16014 2
16021 0
7832 3
16025 1
16026 2
16029 0
7838 2
16032 1
16034 2
7843 1
16037 1
16039 2
16040 2
16041 1
16045 3
16048 1
16049 1
16050 3
7862 2
16056 1
7865 2
16058 0
9503 2
16060 2
16061 1
1353 0
16064 2
7873 1
7874 0
12235 0
16068 2
16069 2
7878 0
16071 0
16073 1
7882 1
16075 1
7887 0
7890 2
7891 2
8142 3
16086 0
16088 1
7897 2
7899 1
7900 2
7901 0
7902 0
5446 1
7912 0
16106 2
17703 2
16110 2
16113 2
16115 2
16117 2
16120 1
7931 0
7932 2
8993 0
7934 2
16129 1
7941 0
16134 0
16136 1
7947 2
7949 2
16143 2
7952 0
7954 0
14979 3
7957 0
7958 2
16151 1
16153 0
5423 0
12250 2
7966 1
16159 0
7968 0
13616 2
4059 3
7974 0
7975 2
7976 0
133 2
16175 3
16176 0
7986 2
9523 0
16182 1
16186 2
7998 3
16191 1
8001 1
6795 2
16196 1
16197 0
16201 1
17719 1
16204 1
16207 0
16209 2
8018 3
14990 2
8022 0
17721 2
8024 0
16218 2
8028 3
16221 0
15329 2
8032 3
13627 2
16228 3
16229 3
8038 1
16231 1
16232 0
8044 1
16238 3
17725 0
16240 1
16244 1
16247 0
16250 2
16251 2
8061 0
16255 0
1344 0
10907 1
8069 2
16263 2
16264 3
16265 1
16266 2
16267 2
8078 0
8079 0
8082 0
16275 0
16277 2
16279 0
8088 0
16282 1
6816 1
5445 0
16288 1
4080 3
8098 1
16291 2
16292 0
8101 1
16294 3
16295 1
16297 0
2452 2
8108 2
16301 1
16304 2
16305 0
16307 0
8116 2
2127 0
8118 0
8119 0
16313 2
16314 0
16316 1
8127 0
16321 0
14728 3
8132 3
16325 0
6817 1
15001 1
16329 0
12279 2
8140 1
17729 1
8143 0
16337 2
16341 0
13093 1
16343 1
16344 2
16345 1
16347 2
8156 1
16350 2
8159 3
8160 0
8162 0
16356 0
16357 0
8170 2
16366 0
16369 0
1363 2
16372 1
16382 1
8182 2
16376 2
8190 2
8191 0
