0 0
16386 2
16388 2
8198 2
16391 1
16393 2
16405 2
16406 0
6831 0
8220 0
8222 2
16415 2
33 0
8227 2
16420 2
37 0
16429 2
16430 2
16431 2
16433 2
52 1
16439 1
16445 2
15029 1
66 1
8259 2
16452 1
8261 2
8262 2
16456 2
16457 2
74 0
10537 2
8268 2
16461 2
8270 0
81 0
16468 2
16469 1
88 2
8283 1
16476 2
16477 2
95 0
16481 1
98 2
16484 1
16485 0
8295 2
105 0
106 1
1383 2
108 2
112 3
114 0
115 1
10915 2
17769 0
122 3
16507 1
17770 3
126 2
16513 1
16516 1
133 2
134 0
8327 3
16520 2
16522 1
16523 2
16525 0
144 2
145 2
8338 2
15043 2
8340 2
16534 0
151 1
8345 3
8346 1
16539 0
16540 2
158 3
8353 1
8358 0
8360 2
16412 0
170 0
16555 3
16557 2
16558 2
175 3
177 1
178 0
17779 2
180 3
8374 2
183 2
8735 1
16569 0
187 1
8381 1
191 0
6859 1
16581 1
198 0
199 1
200 0
201 1
202 2
8396 0
7099 3
16590 3
8402 2
8403 3
8406 1
8407 2
16601 1
13919 3
8412 1
8413 2
8415 1
8418 2
16612 1
16614 0
16616 1
18284 1
8426 2
237 2
8430 2
16623 3
8432 1
8434 0
8435 3
8437 3
246 0
16632 2
250 1
16636 2
16637 3
8447 0
16640 1
8449 2
16645 1
16646 1
8455 0
8461 3
8237 2
8466 0
8468 0
16668 1
8477 0
8479 0
8480 1
8483 0
8485 2
8486 2
11226 2
8488 2
6876 2
8490 0
300 2
8496 2
305 2
307 0
16695 2
8506 1
8507 2
8510 2
319 2
16706 1
324 1
8517 1
8518 0
328 0
16713 0
16714 0
8524 2
334 3
16719 2
338 1
8531 1
340 1
16725 1
8535 2
347 3
8622 2
16733 2
353 2
354 2
7104 0
357 0
358 1
16743 2
362 1
367 0
368 0
17743 2
8564 2
16760 0
378 3
379 0
16765 2
383 0
384 1
5526 0
16774 1
394 2
396 1
16781 0
405 0
16790 1
8599 0
410 2
8604 2
8608 1
8609 2
8610 1
8611 2
420 1
8613 2
423 2
16808 1
8619 3
8621 0
16814 2
8625 2
436 2
16821 1
438 0
16823 0
440 1
8634 2
16827 2
444 2
8266 2
8638 1
8640 0
16833 2
450 1
8267 0
454 2
16839 0
8651 0
461 2
462 3
8655 2
16848 2
16851 2
8660 3
16854 2
16855 1
1444 2
474 1
16861 1
16863 2
16865 0
8674 0
8675 2
16871 0
16873 1
16875 1
498 0
500 2
6910 2
504 3
505 3
506 1
508 0
509 3
8703 3
8704 0
16897 2
517 0
16902 2
519 1
5200 0
521 0
8714 1
523 0
524 2
8717 2
8718 2
3018 2
16914 1
10656 0
8725 1
8727 0
536 3
537 3
538 0
8731 0
8732 1
541 2
16926 2
543 2
16928 2
8737 2
16930 2
8739 3
548 1
16934 1
13745 2
552 1
16937 2
8746 2
16939 1
8749 2
15112 1
8756 2
16949 0
8758 2
8759 1
8763 0
575 1
1804 1
577 1
16962 2
16966 2
8775 0
8776 1
8778 1
588 1
16482 0
4195 1
16980 2
16982 0
16983 0
8796 0
16989 1
16991 3
8800 1
16994 2
8805 2
8806 0
17002 1
8811 1
620 3
622 0
8817 1
15123 1
17012 3
629 1
16489 3
8825 1
13759 0
17021 0
17022 0
17023 1
8832 2
643 2
17028 0
646 3
8841 2
8842 2
651 0
654 0
8849 2
17042 2
17044 0
17048 3
17049 1
8859 1
8860 1
1386 3
8862 2
672 0
8304 0
8868 2
17062 0
680 0
17066 2
8877 1
4660 2
2205 1
18572 0
17076 1
17077 3
17078 2
8887 3
8888 3
17082 1
706 2
17867 0
8900 2
17094 1
8904 1
713 0
8906 2
17099 2
716 1
17101 3
8912 3
17106 0
15139 2
8916 2
726 2
727 2
8921 2
730 2
732 1
10390 0
17119 0
17121 2
738 2
17124 0
741 2
742 0
8935 2
744 2
714 1
8938 2
8939 2
6026 2
16509 1
5587 1
17141 2
17142 0
17143 1
10807 0
8953 1
762 1
17147 0
17150 3
8959 0
768 0
17153 0
8962 3
771 1
8974 2
8975 2
17168 2
17169 0
786 0
787 2
788 2
8981 2
790 2
17175 3
8985 0
8986 2
17179 1
17180 2
8989 1
8990 2
8991 2
8992 3
801 2
803 2
17188 2
17191 0
17196 1
9008 0
17201 1
9011 2
17205 1
17206 1
9015 0
17208 0
9018 2
9019 1
832 2
17217 2
17218 1
139 3
17220 1
837 0
17889 0
844 2
12429 0
17235 0
852 2
853 0
17239 1
856 0
858 1
859 2
9052 1
861 2
17248 1
8336 0
17255 0
874 3
17895 0
876 3
17262 0
879 2
17264 0
17265 2
882 0
883 1
884 1
17271 2
888 2
889 0
9082 2
892 2
894 2
9088 3
17284 0
17285 0
9094 0
9095 2
17292 1
9103 2
917 1
9111 2
9112 2
9113 0
17307 2
17308 2
17310 1
930 0
931 3
2886 0
934 0
9127 2
9129 2
17328 0
947 2
9142 0
952 1
17339 1
956 1
17342 2
960 2
961 1
963 0
9157 3
9158 3
17351 1
9161 0
16672 0
9169 0
17364 2
17376 0
17381 2
17384 0
1002 0
1003 0
17388 2
15186 1
17391 0
9308 1
9201 0
17395 2
17396 2
17918 0
17399 2
9209 1
17404 1
1022 2
1023 2
9216 0
17412 3
9224 1
1035 2
9228 2
173 2
1040 0
17426 2
9236 1
12462 2
7001 0
17435 3
1052 0
1054 2
17440 2
1057 0
9257 0
9262 2
17455 0
1077 2
9270 2
1079 2
1081 0
1082 2
17468 1
17469 0
17470 0
17473 0
17474 2
17475 0
17476 0
9286 0
17480 2
1098 2
12471 0
9292 1
1102 0
9296 3
9297 0
1106 0
1107 1
9300 1
14767 1
1110 2
17495 1
9304 2
9307 2
17500 2
9310 0
11109 2
9312 2
1121 0
8379 1
1124 2
17509 2
9318 0
5649 1
17512 1
1133 2
17520 1
1137 0
17525 1
18612 1
1144 2
17533 3
1150 2
9343 2
17539 3
1156 3
1558 3
17542 1
12481 0
17544 2
1162 3
9356 3
17549 1
17551 2
17552 1
17553 2
17554 2
195 2
9364 2
1173 2
1174 2
1175 2
1177 2
11119 1
17564 2
17567 3
1186 0
1187 2
17577 1
9386 2
17579 3
9389 0
9390 1
1200 0
9397 2
8393 2
17593 2
9403 1
1212 3
17597 1
1215 1
2020 3
1217 2
1218 2
1219 0
9412 1
1221 2
17607 2
1225 2
9418 1
17612 2
9421 2
9425 1
9427 2
2496 1
9430 0
1240 0
9433 2
1242 3
17627 1
1245 0
9438 1
4304 2
2939 2
17637 0
17638 0
17639 1
860 3
17641 1
1258 0
1260 0
17645 0
1262 2
1264 3
17649 1
1266 0
9459 2
9461 2
17654 3
9464 0
17657 0
17660 2
17662 2
17663 1
17664 0
9473 1
9474 1
1283 2
9476 2
17670 0
1288 2
1290 1
9484 1
17678 1
9491 0
1300 3
9493 1
9495 1
17689 2
1306 3
17692 3
1309 2
17695 2
17697 0
9508 0
17702 2
17970 0
15047 0
17712 1
17713 0
1330 0
1331 1
17719 1
17972 0
1338 1
1339 3
1340 2
1341 2
17727 1
1346 2
15243 1
9540 2
9541 1
17737 2
1355 1
1356 3
1359 1
17744 1
9555 1
9556 2
9557 1
17755 0
17756 0
9565 1
1375 2
17760 2
9569 2
17762 2
1380 0
9575 1
17504 2
9578 1
3865 0
17774 1
9583 2
17777 0
1395 1
9590 2
9592 1
17785 0
17787 3
9597 2
865 1
1408 0
9601 2
17795 1
9604 2
17797 3
9606 1
17801 2
18722 0
9611 2
9794 0
1423 2
1425 2
17813 1
1155 0
9623 2
1437 3
1439 2
1440 2
16624 2
9634 1
17827 1
9636 2
9637 1
9638 3
1448 1
9642 0
9645 2
9646 1
7069 0
9648 2
9800 0
9650 2
16627 0
1464 2
9657 0
1466 2
17852 2
9661 1
17855 2
1473 1
9666 1
9668 1
9669 2
9670 0
9673 1
1482 1
1483 2
9676 2
1686 2
9679 1
17872 0
17879 0
9691 3
9694 0
9697 3
1509 2
9702 2
5713 2
17896 1
8444 0
12871 0
9707 1
9715 2
9720 1
9812 0
9722 2
1531 0
1534 0
17921 0
17924 0
17925 0
1542 2
1546 0
1547 2
1548 2
9741 2
1551 2
17938 0
17942 0
1561 2
10485 1
7087 1
9756 0
17952 2
9761 1
17955 2
8454 0
9770 1
12551 2
17964 0
1583 2
17968 0
1586 2
17971 2
1588 0
1589 3
1591 1
9784 2
8978 1
17979 2
17982 2
9792 2
17985 2
1602 3
10419 0
1608 1
17995 2
10692 1
17998 2
17999 0
9808 2
18004 2
1621 0
1622 2
11193 0
18008 1
9817 2
18010 0
1627 0
9820 0
18013 0
13925 0
1635 2
9829 2
1639 2
9835 2
18028 1
274 2
18030 2
18032 0
18036 2
18037 1
18038 2
1655 2
18041 0
1659 0
9852 0
1661 1
1662 2
9855 0
9857 0
1666 2
1668 2
1669 1
6875 1
1671 1
18056 0
9865 3
1674 2
18062 2
9872 1
18067 0
9876 0
9838 1
9878 3
9885 1
9886 0
9887 3
18082 0
18083 1
1700 2
1702 2
9900 2
9903 1
1712 1
9907 2
18100 1
9911 2
18104 0
1721 2
18107 3
18109 2
18110 1
1727 0
1729 1
9923 0
15308 1
1738 2
18126 0
9936 1
1750 1
1753 3
9946 2
1756 0
18141 0
1758 3
18143 1
1760 0
9953 0
1762 0
9955 0
18148 0
1767 2
1768 1
18154 1
18155 1
9964 0
1773 1
18045 0
15062 1
296 0
18162 0
9854 1
18167 1
1785 2
1786 1
1788 2
9981 2
1790 2
1791 3
18178 1
18180 0
18186 2
15319 0
4540 1
18050 3
10000 0
1809 2
18194 3
18199 2
18052 0
18064 3
1819 0
18204 2
1821 1
18207 2
18209 0
1827 2
10020 3
18214 2
10023 3
18217 0
18218 2
1835 1
10028 1
1837 2
10030 2
18224 0
18225 2
10034 1
10035 2
18228 2
1845 0
1673 2
18232 2
18233 2
10043 1
1852 1
9866 0
10046 2
10047 1
1858 1
10051 1
10052 1
10053 1
18246 2
18247 2
10056 2
1865 0
18250 2
18251 2
10060 2
3042 2
18254 2
4465 0
18259 1
18261 1
18264 1
18269 2
18272 0
18273 2
10083 2
1894 2
18279 1
10089 2
3047 0
1900 2
18287 1
18289 0
10098 1
10099 2
18292 0
1911 0
10105 0
18301 2
1918 2
1920 2
1921 2
18306 2
3286 1
10117 1
18310 3
1927 3
18312 1
10125 1
18319 0
18321 2
18324 2
18326 0
1946 0
10142 2
18337 0
10151 3
1961 2
1962 3
10155 2
1964 2
1693 2
18353 0
1970 0
1971 2
10164 2
18358 3
1976 1
1978 0
18366 2
1157 1
18372 1
15350 0
18375 1
1992 2
332 2
10189 1
18384 2
1699 1
10196 1
18393 2
18397 1
10207 2
18401 1
18404 2
10220 0
16722 2
18414 3
10225 0
18419 1
9615 2
18421 3
12628 1
10235 2
8533 3
10240 1
18434 3
10243 1
2052 2
18437 0
10247 1
18443 2
2061 3
11267 2
10260 1
18455 2
10264 0
18457 1
2076 2
18462 3
15365 1
10272 2
18465 1
18467 0
2087 2
18472 0
10281 2
10282 2
2091 2
10286 1
10287 2
18483 2
18484 2
2101 1
10294 1
2105 0
10298 2
18491 0
2109 0
2113 2
10306 1
2116 2
10311 2
2121 0
10316 2
10317 1
10318 1
2127 0
2128 1
10321 0
2132 0
7182 0
2138 2
10331 0
7184 0
18532 1
18534 2
18539 2
2157 0
2158 1
1725 2
2161 0
2162 3
2163 1
1726 2
10358 2
4457 2
10361 0
10366 2
2176 2
10369 2
2179 2
10373 2
2183 2
2185 2
10379 2
10380 1
18575 3
2196 0
4462 2
2198 1
18584 1
10393 1
10394 0
18589 1
18590 0
18591 1
10401 2
18594 2
10403 0
2212 1
18598 2
10407 2
18604 2
8562 1
2223 2
2224 3
14024 0
2227 2
10420 2
2306 1
10422 2
18615 1
10426 1
2236 2
14259 1
2238 2
10432 2
2243 2
2248 2
18633 0
12663 2
2252 1
2254 2
18640 1
10449 2
10450 2
2261 1
18648 2
18649 0
2267 1
18654 0
2272 0
2273 1
12667 0
2276 0
2278 2
2280 1
2283 2
2284 2
10479 2
2288 2
18673 0
18675 0
18677 0
18678 0
10488 2
10489 0
18683 1
18687 0
10498 2
15400 2
18693 2
2311 0
2313 1
10507 2
10510 0
15405 2
18704 1
2324 2
10517 1
10521 2
18714 1
18715 3
10524 2
18717 2
18718 1
389 1
10530 1
18723 1
18724 0
18726 1
2345 1
10541 2
10542 2
5853 2
2353 1
18738 0
10548 1
18741 0
10554 2
18748 2
2368 1
10564 2
10565 2
18760 3
2377 0
2380 1
10573 1
10574 2
10575 1
18768 0
2385 2
18771 2
2388 2
18773 3
10583 2
2392 2
10586 0
18779 0
10589 2
10590 2
4717 0
2400 2
18790 0
10599 0
10602 2
17090 3
10607 1
10609 0
2421 1
18806 2
18807 2
2426 1
2427 2
10620 0
18813 1
2433 1
2434 2
18819 0
18820 2
10634 1
10640 3
2452 2
2453 0
18839 2
18841 2
10650 2
10652 1
2463 3
2464 1
2469 0
10663 3
2472 2
11335 2
10674 1
2484 0
18869 0
2486 2
10679 2
2491 0
18632 2
17541 1
12704 1
2498 2
2500 2
2503 0
10697 0
10698 2
10700 2
10701 2
10702 2
2517 0
10711 2
10712 2
8612 0
10714 1
11343 2
10716 1
2525 1
2527 1
2530 0
10724 0
2535 2
16807 1
2540 1
10734 1
16997 2
12087 0
2546 2
10741 1
2552 1
2554 1
2555 1
2556 1
2558 1
10752 2
10754 2
427 2
10756 3
10757 2
2566 3
2568 0
6905 1
16813 1
10773 1
2582 2
2583 3
2150 2
2587 1
10780 0
2594 2
12907 0
10789 2
433 2
2600 2
10793 0
2602 3
18596 1
10796 2
10797 0
2606 3
10799 1
10801 2
10803 3
18636 2
2613 1
2615 2
10808 3
10809 1
8629 1
10816 0
10817 1
2626 0
2627 2
10820 3
9362 0
18188 1
10827 0
2640 2
16824 0
2646 2
14095 2
12730 1
2654 2
2655 2
10849 0
10850 1
2659 1
10853 2
10001 0
10856 2
10857 0
10860 1
10864 2
10865 1
10866 0
10867 1
10868 0
2678 3
10873 0
10878 2
10881 2
1815 2
2702 2
10895 1
10897 3
10898 0
2707 0
10901 2
2710 3
10903 2
10905 2
2714 0
2715 2
10908 0
10913 3
18203 2
2732 0
10925 1
8424 2
2738 3
2739 2
2751 0
2758 2
5921 1
18641 2
3191 2
2764 3
2766 0
2769 0
2772 2
14312 2
2778 2
2781 0
10974 3
5925 2
2785 2
17640 1
2791 2
2794 3
2797 3
2798 0
10991 1
2800 2
2801 2
2804 2
2807 3
468 0
11004 2
10026 2
2815 0
11015 2
2549 2
2833 0
2839 2
11034 2
11038 2
11040 3
10032 1
11042 2
2851 1
11045 2
2854 1
2858 1
6855 1
11053 2
11055 2
11056 0
11059 0
5911 0
11065 2
12767 3
10037 2
11073 1
2882 2
2883 0
11078 2
15500 2
11082 2
2891 2
2892 2
2893 0
11086 1
2898 2
4579 3
11092 3
11094 1
5945 2
11097 1
11098 0
2908 0
2909 1
2911 2
2917 0
11112 1
2925 2
2927 2
2931 2
2934 0
11127 1
2936 0
2938 2
11131 1
11132 2
2942 2
15509 1
2944 2
11137 2
11138 2
11139 1
11140 1
11141 0
11144 1
2953 2
2954 2
2955 0
10464 1
11152 2
2961 0
2962 0
11155 0
11163 1
11164 0
2975 1
2977 0
2985 2
2988 0
2991 2
2992 2
10738 2
2009 0
2998 0
3000 2
3001 2
11194 2
11196 0
11198 3
3013 1
1737 1
11214 2
11215 1
11220 1
11221 2
3030 1
11223 0
11224 2
3033 0
3034 2
11234 1
12795 0
11239 2
3048 3
3049 2
16893 2
11249 3
3058 1
3061 0
11254 2
11259 2
3070 2
3072 0
3074 1
11435 2
3076 2
3079 2
11273 3
4494 0
15106 1
3105 1
11299 1
3109 0
3110 2
3114 3
11307 2
3119 2
11321 1
522 3
11327 2
10080 2
3141 2
11334 2
5985 2
11336 2
3147 2
12813 2
3154 3
18275 1
3156 0
11349 0
5988 0
3163 2
528 2
11451 1
3172 2
18278 1
3177 3
3178 1
11371 2
3183 2
11379 3
3188 2
11383 1
3193 1
11386 0
11388 1
3198 0
11393 2
17019 1
11397 2
3207 2
10092 1
3213 0
3215 2
11408 2
12824 3
18734 2
11412 0
3222 1
3227 3
11424 3
11425 2
11426 3
3236 0
11429 0
11430 0
11431 2
11432 0
11433 2
11463 1
3244 0
3246 2
3247 2
1907 0
11444 2
8734 0
17724 0
16927 1
3261 1
3263 2
3264 0
11457 2
3266 0
11461 1
545 2
11465 3
11469 2
11470 0
3280 2
11473 1
3285 1
11478 3
3287 2
3288 2
11484 1
11487 0
11488 1
11496 3
3305 1
3306 0
16935 2
11500 0
11504 3
11508 2
3320 2
11513 3
11514 2
16938 0
3327 0
555 2
3333 1
3334 1
2787 0
1924 2
3354 2
3357 1
3358 0
3359 3
3361 0
11554 1
3363 1
11557 2
11559 2
3368 1
10119 1
1476 1
11565 1
3376 2
3380 1
15582 0
14217 2
11577 1
3386 3
3389 2
3296 0
11586 0
3395 1
3396 0
3399 0
17535 0
3406 1
11599 1
11601 0
3416 0
3419 2
3420 2
11613 1
3422 1
11615 1
3424 3
11618 1
11620 1
11622 0
11043 0
3437 0
3441 1
3446 2
8767 0
3453 2
16209 2
11652 2
3461 0
11654 0
12866 2
3470 1
3471 2
11668 2
11672 2
11674 0
3485 1
11679 1
3489 3
3490 2
3491 2
11684 2
11573 2
3495 2
583 1
15602 2
3502 2
3503 2
3505 0
8573 1
3512 1
3515 1
11709 1
3520 2
11713 2
11715 0
11717 2
13335 0
11724 2
17030 1
8781 3
11512 2
11732 0
11738 1
3548 3
17849 2
11747 2
11754 0
3564 3
3572 1
11766 0
596 1
11773 2
3583 2
3585 2
3586 0
11779 0
3588 0
11786 1
3595 0
11795 3
11808 1
3619 2
3621 2
11815 1
11821 1
11823 1
11824 1
3634 3
11827 0
3638 2
11831 1
11832 1
6068 2
11838 2
11841 2
11842 0
11844 2
3655 1
11849 0
3658 2
11851 1
11854 0
11857 0
3666 0
11860 1
6073 2
3674 2
3675 1
3679 2
11874 1
3683 1
12902 1
11878 1
11879 2
3688 1
11883 1
7442 2
11887 2
11888 0
11889 1
8852 0
3702 2
3703 2
11897 0
14271 0
11900 2
11902 2
3712 2
11905 3
11907 2
3717 2
11911 0
11912 2
11913 1
11914 1
7447 2
3727 2
11920 0
3730 2
3731 1
1488 1
8814 2
3734 2
7449 2
3737 0
11931 1
3740 0
3742 2
3752 3
11549 3
18376 2
11955 0
11957 0
3768 0
3777 2
3778 0
11553 2
11976 0
7098 2
11979 0
3790 2
3801 3
11997 0
3811 2
12006 0
638 0
15657 2
17024 2
3842 0
3371 0
12037 2
17027 2
10201 1
3864 0
12057 1
12058 2
3869 0
12062 2
6130 0
3876 2
12069 1
3879 2
3880 0
12077 2
3887 2
12083 2
3893 0
12086 1
17033 2
12089 1
3901 0
3381 1
12100 2
12103 3
12106 2
12109 2
12110 2
3921 2
3923 0
10212 0
3932 3
12126 2
12130 2
12134 2
12136 2
12137 2
12139 2
658 0
12142 2
136 0
12145 1
4755 1
14313 2
660 2
12154 0
12157 3
12158 2
3967 3
3968 3
3973 1
10392 2
3982 0
12175 2
3984 1
3985 2
12181 1
5482 0
12184 2
12191 0
4001 1
4002 1
4009 3
12204 0
4013 2
4014 2
17053 2
4016 1
12209 2
12210 2
12211 2
12212 1
4766 1
4024 1
4029 2
12222 2
12223 1
4768 2
12229 2
4038 0
4049 1
4050 1
4053 1
6137 1
676 2
4058 2
4061 0
12257 0
12258 2
6139 0
12260 1
12262 2
7505 2
12265 1
12270 2
4079 0
12272 2
4081 1
12274 0
12277 0
4087 0
4088 0
4090 1
14335 2
12575 0
12289 1
4098 1
12291 3
4107 2
12300 2
12307 1
4119 2
12312 0
18436 2
12316 2
4126 0
4129 0
12323 3
12324 2
12325 0
4785 0
7516 2
4138 3
18439 2
4140 0
12333 1
14344 0
12343 1
14430 3
3423 1
12348 1
4789 3
4161 0
13138 0
4164 0
2048 0
4167 2
4169 3
4170 1
12372 0
12377 2
5595 0
12387 2
12389 2
6161 1
4200 3
4203 1
4204 0
4205 2
4797 2
4210 3
4217 3
4220 2
4221 2
4223 0
4505 0
4226 0
4227 2
12424 2
4235 2
4237 0
4238 0
12431 3
4245 2
12438 0
4249 1
14362 1
12446 0
4256 2
4257 2
12451 1
8902 2
4262 2
15729 1
4264 1
4807 1
12461 2
4270 0
12464 0
4273 0
12466 1
10270 3
12470 2
17097 2
4281 0
17098 2
12478 0
14368 2
12486 2
12487 0
4299 3
4302 1
12496 1
4305 1
12499 1
4310 0
12503 0
4313 2
4314 1
4320 2
12513 2
4323 2
14374 0
12521 2
4331 1
4335 2
6691 1
12530 1
4340 0
4342 2
12536 1
4345 2
12541 1
12544 0
4354 2
18475 0
12549 2
4359 2
12558 0
12563 2
4372 2
4374 2
18479 0
4380 2
12573 0
4383 2
4385 1
4827 1
4389 2
4390 1
3965 2
12584 2
12585 0
4394 1
12587 3
12588 2
12590 3
15752 1
4402 1
2099 2
4830 0
4408 2
4831 1
12611 2
12615 2
4425 2
12618 1
12619 1
12620 3
12622 1
15757 2
12624 2
12626 2
4436 2
15758 2
4438 3
4441 1
12635 0
12637 1
12638 2
4449 2
12649 1
4458 2
743 0
12652 2
12654 0
12656 0
12657 2
7571 1
12660 2
4471 1
4475 0
13034 0
12671 0
12672 3
17131 1
4485 2
12679 2
12680 0
12686 2
4497 0
4498 2
4499 0
12692 2
4501 0
12695 3
12696 1
10308 0
8943 1
12700 1
4509 1
4511 1
4512 0
4514 2
4517 1
4518 1
12712 3
12714 1
12715 2
15633 0
12717 1
12718 1
12153 1
4528 2
4529 2
17336 2
4532 1
12727 1
12728 2
4538 2
4539 1
12732 1
10244 3
13045 1
12737 1
12739 2
12740 0
12741 1
15777 2
4553 2
12747 2
14882 2
4566 2
4568 0
4571 0
8954 2
4574 3
7589 0
15428 2
8955 1
4581 1
4584 0
4586 1
4590 0
12786 0
4595 1
12788 2
12790 0
12792 1
10324 1
12794 3
17151 2
4605 2
4608 0
4609 1
12805 1
8337 0
12811 2
4621 2
4622 2
4624 1
4626 2
4627 3
12820 2
4629 0
4630 0
4632 2
4633 2
18523 0
4647 0
12840 1
12843 1
4653 0
12847 2
4656 1
4658 2
12852 2
4661 0
4662 0
12861 2
4670 2
12863 1
12865 2
4674 1
12867 1
12868 2
6241 1
12872 2
12873 1
12874 1
4683 0
4684 0
4685 0
4688 1
12882 2
4693 2
15801 0
4698 2
4703 3
4704 1
4705 1
11707 2
12900 1
4709 1
4710 1
785 2
12904 2
12905 3
12906 2
14439 2
17170 3
12910 2
15805 2
12913 2
4722 0
12916 1
4726 1
12919 1
4729 2
4733 2
12928 1
11712 2
12930 2
12931 0
8982 0
4742 1
4752 1
12946 1
12947 1
4758 0
4764 0
12957 1
12958 0
12960 2
12961 2
12963 1
4773 2
12967 0
4776 2
7623 1
12972 2
4781 1
4784 1
7624 3
18547 0
12981 1
4792 2
12985 0
12988 1
12989 2
17184 1
4803 3
2166 1
12998 1
12999 1
4808 1
4813 1
4816 1
13010 0
13015 1
13017 1
4826 1
13019 2
13021 0
13022 3
13023 2
13024 2
13027 0
13028 0
4839 0
4840 0
6306 1
13039 0
13041 2
13042 2
13043 2
4853 0
13047 0
13051 2
4860 2
13056 0
18560 3
4866 0
13801 0
13060 0
13064 3
4878 0
13076 3
13077 2
4888 2
4892 0
4894 0
13087 0
13088 1
4897 2
4900 0
13093 1
4902 0
8325 2
18567 3
4911 2
13107 0
359 3
13118 0
4929 0
4930 2
4933 0
13127 2
13128 1
4937 2
4939 0
13133 2
13135 2
13137 2
8348 2
7651 2
13140 3
4952 2
13147 1
13150 3
4959 0
4960 0
13153 2
17211 1
13156 0
13157 2
13160 1
13163 0
4973 0
16618 2
13168 2
4979 1
4980 1
13173 2
13175 2
4986 2
4987 0
4990 2
9024 2
4995 1
4997 2
13190 3
4999 1
13193 2
13195 0
13196 0
9026 2
2200 1
13207 1
13209 2
5018 1
5025 2
5030 2
5031 3
5035 2
5038 0
5039 0
5043 2
13237 1
5047 0
13240 2
5049 3
2207 1
13244 2
13245 2
5054 1
13247 2
5057 3
13252 0
5063 2
13256 1
13257 2
13259 2
2210 2
5072 3
13266 1
13270 3
11769 1
5081 0
13275 2
13276 2
13278 2
13283 2
14502 1
5095 2
13290 1
13291 2
13292 0
13293 1
13295 1
13296 1
13297 0
5108 1
13301 2
13303 2
4948 2
5115 1
13311 2
5122 2
13315 0
5124 2
13317 0
13320 2
5130 1
15874 3
10413 0
5137 1
5138 0
13331 2
13332 2
13333 1
13334 0
5143 1
5146 0
1889 2
13342 2
13345 3
13346 2
5155 0
13348 1
13349 0
14513 2
17244 0
5162 2
5164 3
5167 1
13360 2
5171 1
13364 3
5173 2
13366 0
2228 0
13374 2
5184 3
5185 0
5186 0
5187 0
18614 2
4961 1
13384 2
13386 1
5195 2
16267 2
13390 2
13392 0
13396 0
13401 2
13405 2
5218 0
13413 2
17359 0
14904 2
13419 1
5233 2
13427 2
10430 0
5242 2
5244 0
5248 0
2240 2
13449 2
13453 1
13457 0
5268 1
5269 0
13463 0
13464 3
13467 2
4976 0
5284 0
6177 1
5287 2
14535 1
5293 2
11633 0
13489 0
13490 1
13494 3
17268 1
5312 0
5318 0
5321 3
5322 2
13515 1
13520 2
13521 0
5331 3
5332 2
13526 1
5336 1
13532 0
5345 2
5349 2
13542 0
5351 0
13544 2
17276 0
13549 2
5358 1
13551 2
9453 3
13559 2
5368 0
13565 2
5374 1
5379 1
13572 2
13576 1
13577 1
5386 1
13581 0
13585 2
13586 0
13587 2
13589 0
5908 1
5399 3
745 1
9092 0
5405 2
13600 1
18651 1
13604 0
13607 2
13608 2
903 0
13613 0
5422 2
13618 1
13621 2
13627 2
5436 3
13631 2
5440 0
5441 2
13634 2
5443 2
5444 2
13638 2
9100 2
13646 1
13650 3
5463 1
3728 2
13659 1
13660 3
5469 1
5471 0
5472 2
13666 0
5476 0
5477 0
5478 0
5481 0
13674 0
13676 0
13677 0
7947 2
13681 3
5490 1
15694 1
13686 0
6184 0
5496 2
5497 2
5502 1
13695 2
10475 1
5508 2
3649 2
14572 0
13710 2
920 2
5524 2
18733 2
13718 2
13720 2
13721 1
13723 2
13726 2
13727 1
5538 0
13734 1
7751 2
13741 2
5550 2
13744 1
5553 2
13746 0
14579 0
5556 1
13750 2
13751 1
5564 1
13758 0
5567 2
5568 3
5571 1
5572 3
5576 1
13769 0
5579 2
5580 1
5581 2
5583 2
13779 1
13782 2
13784 1
11643 1
13790 1
13796 0
5606 0
5609 2
5610 2
13803 0
5612 2
14917 1
13808 2
5623 0
5624 2
13817 1
5627 1
13820 1
13824 0
13827 0
13828 1
5637 1
5639 2
13834 2
5645 0
13841 0
13843 0
13230 2
5654 2
5658 3
5659 0
13852 2
5661 1
5663 2
5666 0
5670 1
5672 3
5673 3
10503 2
13872 1
13873 2
5682 3
17331 1
5686 2
18193 1
5697 2
13891 1
13893 1
5705 3
13239 0
13900 0
13902 0
9144 3
5714 0
13907 0
5720 2
13913 0
13916 2
5727 0
5732 0
15974 1
13927 1
5736 2
13929 1
7785 0
14611 1
464 2
13246 2
13943 2
18708 2
12850 2
5761 1
5763 2
13249 3
5769 0
13967 1
13969 2
16909 1
13975 1
5787 0
10522 1
13982 0
13986 2
10523 2
13997 0
13999 1
5808 2
5064 2
5814 2
14007 1
10832 0
14009 2
5822 1
5824 2
5067 2
14022 2
5832 0
14029 2
5838 2
5839 2
10560 0
7800 0
5843 2
14036 1
5850 2
975 0
14045 0
14046 0
5859 2
14054 1
5868 2
5869 2
5870 0
5872 0
14065 0
14066 3
6913 0
5876 0
5879 2
5881 2
5882 1
14075 0
5884 0
14077 3
5891 0
5894 0
3713 2
5896 2
13271 1
5901 1
5903 2
14096 1
14100 0
5909 3
14103 1
5913 1
14107 0
5916 1
14109 3
15200 0
5922 0
16564 1
14117 2
5926 0
14119 1
5929 1
5930 2
18201 1
14125 2
14128 2
14130 1
14133 2
14134 0
5943 0
14137 2
14138 1
14139 1
14140 2
14142 3
14145 2
11915 0
15474 0
5958 2
5960 3
14156 1
14157 2
5968 2
5971 2
14164 2
5975 3
14171 0
18746 2
5982 2
14175 0
14177 2
14180 1
14184 1
2364 2
14186 2
14187 0
14189 0
14190 2
14199 1
14202 3
6011 2
6012 0
1564 1
6016 2
6017 2
6018 1
14212 2
6022 2
6023 1
14216 2
6025 2
14218 0
14221 0
14224 1
7832 3
6039 2
6044 3
6045 1
14238 1
14240 1
6055 1
6057 2
14250 2
14251 0
14252 0
14257 1
14258 2
1011 3
7567 2
6071 2
9204 0
15316 1
14268 2
14270 0
1013 2
14272 0
14274 2
14277 2
14280 0
14287 1
6097 3
6100 2
14293 0
6104 2
14304 0
14309 0
6120 2
6121 3
6122 2
14317 0
6128 2
6129 2
14322 2
14323 2
6132 2
10580 0
14331 2
6140 2
6143 3
6144 1
14337 1
6146 3
14340 0
14343 2
6152 3
6154 2
14347 2
6156 0
6159 2
14353 0
6164 2
1028 1
6170 3
6172 0
14365 3
6176 1
14369 2
6182 0
14375 0
14376 2
6185 2
14380 0
14386 2
6196 2
14394 2
6203 2
13300 2
6206 2
6207 2
2389 2
14407 1
14409 2
14412 2
6221 1
14414 2
6227 2
14420 2
6231 2
14428 3
16058 0
8391 2
6240 0
14433 2
2406 1
13329 2
6250 2
6251 2
9234 2
6257 1
6260 1
14453 0
6266 2
6267 2
6270 2
14464 3
14467 1
6277 2
2333 2
6282 2
6283 1
14476 0
6289 0
14484 3
14491 1
14494 0
14498 2
6307 1
14501 0
6310 1
2417 1
6315 0
14509 2
13031 1
3784 2
6324 1
14519 0
6330 2
6331 2
6332 2
14525 1
6337 0
6340 2
14533 2
9249 0
6345 0
14542 2
14544 2
14546 0
6355 3
6356 1
6359 2
14552 2
13578 2
6365 0
6367 2
14561 3
6370 2
15215 0
13845 1
14571 2
6380 0
6383 1
6384 0
6386 1
6387 2
6388 3
6389 1
13353 0
14584 0
6393 2
13354 1
6398 3
14593 3
14596 1
6407 2
6409 1
14603 2
14604 2
6413 1
14610 0
6419 2
6421 1
6426 1
6433 1
17945 2
14629 1
14631 2
6442 1
6445 1
6446 2
6448 1
6451 2
6455 1
14649 2
14650 1
14651 2
4080 3
6462 0
6465 0
6466 2
6467 2
14662 2
6540 0
14666 2
16098 0
14682 2
9274 2
16583 2
6504 2
6506 2
1085 0
11128 2
6515 2
10644 2
6522 2
6523 2
13376 3
16857 1
14724 2
6534 0
6535 0
14728 3
14730 1
2455 2
14732 2
13378 2
17665 2
14737 2
14742 2
8827 2
6553 0
14750 2
14753 2
6563 3
1094 3
14761 1
16040 2
14765 0
6575 2
6576 2
6577 1
14773 0
14775 1
14779 2
14780 2
6590 0
6593 2
14787 0
6597 1
6603 1
14796 2
14797 1
14798 2
6608 2
14802 2
14805 2
14807 2
6616 1
14809 2
14811 2
6624 2
17488 2
7931 0
18497 0
14825 2
14830 2
14832 0
14833 0
14835 0
6648 2
17492 1
17493 0
6658 1
6660 0
1111 2
14864 2
14866 0
6679 2
6683 2
14878 2
6687 2
14881 1
6690 1
17499 2
6692 2
14886 1
6697 2
6702 1
6708 1
6709 0
14903 2
6712 2
18227 2
14906 2
14908 1
2485 0
14913 2
14914 2
6723 1
8228 2
6725 0
17505 0
14920 0
14921 1
6730 1
6733 0
14929 1
14934 2
5680 1
6744 1
6747 2
6748 2
14941 1
6751 0
14945 1
6754 0
6755 3
14951 2
2492 0
17511 1
14966 0
6776 2
14972 2
6782 1
14977 0
6787 0
6788 1
6789 0
6794 2
7959 2
14989 0
14990 2
14992 0
14993 0
14996 2
14997 0
6807 2
6809 0
15004 2
15005 1
14789 2
15008 2
6824 0
15021 2
6830 2
12061 3
6833 1
6834 0
6836 1
6837 1
6845 0
15039 2
15041 2
15042 2
6851 1
6853 0
12065 0
6856 1
15051 2
18505 2
6871 0
15064 0
6873 0
15066 2
15067 2
15068 2
15072 0
6881 2
15074 0
6887 1
6892 2
15085 2
6896 1
6898 1
6899 1
6901 0
6902 0
6904 0
15097 2
6907 2
6908 2
15101 1
15102 1
10709 2
15105 1
6914 2
15109 1
6920 2
6922 1
6923 0
15116 2
6926 3
15120 0
6930 1
6931 2
15124 3
6933 3
6935 0
15134 1
15135 2
15136 1
15137 3
6946 2
6619 2
15140 0
6950 0
15143 2
15145 0
6956 0
6959 0
6961 1
15155 0
15157 2
6967 2
15160 1
6969 0
15171 1
6980 1
1869 0
14817 2
15177 2
15179 2
6989 1
15182 0
15184 0
6994 1
15189 0
3897 0
15193 1
15194 2
15195 2
15197 2
7006 2
7008 2
7009 2
4411 3
15204 2
15205 0
7016 2
7021 3
7022 3
7023 1
15220 2
7029 0
1847 0
17556 2
15226 2
15228 0
7042 0
7044 3
17609 1
15239 2
15241 2
17559 2
7052 1
15245 2
15249 2
15250 3
16196 1
15258 1
2963 3
15261 2
15264 2
15266 1
15270 0
7080 0
7085 0
15279 2
15282 2
16201 1
15290 2
9375 0
15295 2
15296 2
7105 1
15303 2
13603 0
15306 1
15307 2
7116 1
17570 2
7120 2
7123 2
7124 0
15318 2
11694 1
7130 0
7132 0
15329 2
7139 0
15333 2
7143 0
15214 1
7146 1
15344 3
7155 2
10750 2
7158 2
7160 3
14847 0
7164 2
7166 3
7167 0
16214 2
15371 2
15374 0
15375 1
15376 3
15377 2
7186 3
2563 2
7194 2
15387 2
7198 3
2565 0
18516 2
7203 2
7205 1
7206 2
7208 2
15404 0
240 1
7214 2
15409 2
7219 3
7221 0
7225 0
7227 2
15420 0
7229 0
17589 0
7236 2
7238 2
15431 2
7244 0
7246 2
15439 1
15442 0
7255 2
15448 2
15461 0
15462 3
15467 0
9405 2
3944 0
7282 2
7283 0
15478 2
15479 0
15484 1
5995 1
15488 3
9408 0
3947 0
10774 1
9409 1
15498 0
15499 2
7308 0
15503 2
15504 0
15505 0
15506 1
9411 2
3950 0
15510 2
15511 0
15513 0
15520 0
15521 2
15522 1
15525 2
376 2
10337 2
7336 0
7337 0
15530 0
9415 1
18248 2
15539 0
7349 2
15543 1
15546 0
1226 1
7358 0
15552 1
7363 0
11833 1
15562 0
7372 2
15565 1
7374 3
15567 1
14883 1
15574 0
3961 0
15577 3
7386 1
15579 2
7388 2
7390 0
7391 1
15584 2
7395 1
15588 1
2599 2
7405 2
7407 2
7408 2
7410 2
15603 1
15606 2
9051 1
15614 0
15615 2
15616 0
15619 0
15621 2
5946 0
7436 1
15632 2
7441 0
15634 0
10798 0
15638 2
15639 1
7448 2
15641 0
7450 2
15644 1
15645 3
7457 0
15650 0
7461 1
15654 2
15656 0
5340 2
15658 2
12765 2
7469 2
7472 3
2611 1
15668 1
7478 1
15671 0
7480 1
7481 1
15674 2
15676 0
14901 0
7489 2
7491 2
15684 0
7495 0
9448 0
7497 2
15691 0
7502 1
15697 0
7506 2
15701 0
15704 0
15707 1
15708 2
15710 3
15714 1
15717 0
15722 2
7532 2
15725 0
15726 1
7535 0
7537 2
7538 3
7540 0
7542 2
7543 2
15736 1
15737 0
15740 1
15741 1
15744 2
15746 0
7555 0
7556 0
7558 0
7560 3
12183 2
7565 1
7566 2
15759 3
15760 0
15761 2
15762 2
10819 2
15765 2
2628 1
7578 1
15528 0
15775 0
3253 1
15778 0
15780 0
15781 1
7593 2
7595 0
15788 1
17650 1
15790 0
15792 2
15793 0
7604 2
15798 1
7609 2
15802 3
15803 0
7612 1
7613 0
7618 0
15815 1
15816 2
7626 2
7627 0
8098 1
15822 0
15824 2
9465 1
7640 3
7645 0
7649 2
15842 0
15843 0
15847 1
7657 2
15853 1
9470 2
15862 2
15864 0
15866 1
7676 0
7677 3
15871 1
15873 0
7682 2
10838 1
15879 0
15880 1
17666 2
7694 1
15892 1
7701 0
7702 2
17668 0
15898 2
15900 2
7709 3
15903 2
7715 0
15908 1
7717 3
15911 3
7721 2
15915 1
7724 3
10845 2
7730 1
7737 1
17182 1
17674 2
7745 1
7747 2
6753 0
7753 3
17989 1
7762 1
7766 1
15959 1
15962 0
15963 2
15966 2
7778 0
7782 1
7783 0
11563 1
15979 1
7789 2
15983 2
15984 0
14953 3
15992 0
9492 2
7802 0
15996 0
16000 2
16001 0
16002 2
7816 0
7819 3
7825 0
16018 1
7831 1
16024 1
16027 1
7841 3
16036 1
16037 1
16038 2
7848 2
7852 3
17693 3
16049 1
16050 3
7866 2
16059 0
16060 2
16064 2
7875 1
7878 0
1313 3
13356 2
7890 2
7891 2
16088 1
7897 2
7898 0
16091 2
7901 0
7906 2
7912 0
5415 0
7917 2
16110 2
16112 0
16115 2
16117 2
16122 1
16123 1
7932 2
8993 0
7937 0
7939 2
7942 1
7945 2
16138 2
16139 2
16141 1
16143 2
7952 0
16145 0
7955 2
7958 2
4057 2
7960 0
16153 0
7974 0
7975 2
16348 2
3873 0
7986 2
16179 3
16180 0
16183 2
16185 1
16186 2
7995 2
7998 3
16191 1
8001 1
8004 2
8009 2
16203 0
16204 1
8017 3
16213 0
8022 0
16215 1
16220 2
8033 3
9531 2
16228 3
8166 2
8038 1
16232 0
13628 1
16238 3
9533 2
8049 0
10899 3
8054 2
18057 2
16252 1
16253 2
16254 2
8064 1
13632 2
8069 2
16263 2
16265 1
16266 2
8075 2
16272 0
16276 1
16277 2
16279 0
16281 1
8090 2
6816 1
16284 3
16285 0
16286 0
16287 0
16288 1
13363 2
16290 0
10907 1
16292 0
8101 1
16301 1
8113 3
16316 1
16317 0
16318 0
8127 0
16321 0
16324 0
15001 1
8137 2
16331 1
2723 2
8149 2
8151 2
8155 1
8156 1
8159 3
8162 0
16356 0
8165 2
8728 2
16359 1
16360 1
8188 2
16367 2
16369 0
1363 2
16372 1
16376 2
16380 0
8190 2
