16386 2
8200 0
16393 2
16396 1
6874 1
8210 0
16404 3
8213 1
16407 0
16409 0
16412 0
29 0
16414 2
16415 2
8227 2
16420 2
37 0
16422 2
16423 0
8236 3
16429 2
16430 2
8241 2
8247 1
8249 2
1375 2
16445 2
16449 2
66 1
68 2
69 1
1377 2
73 2
74 0
16460 2
16463 0
8275 2
84 3
16470 1
16472 1
6004 0
1381 2
16484 1
102 1
1383 2
2749 3
8304 0
114 0
120 3
122 3
16507 1
16509 1
126 2
16405 2
8321 3
16516 1
8325 2
8327 3
16520 2
8329 0
16522 1
139 3
16524 1
6850 1
16716 0
8340 2
151 1
8348 2
157 0
158 3
16543 2
8353 1
16546 0
8356 3
8358 0
1393 2
16552 2
8220 0
170 0
171 2
173 2
177 1
178 0
180 3
183 2
16568 1
187 1
16572 3
190 3
8385 0
16581 1
16583 2
8392 2
201 1
202 2
16589 3
16590 3
207 2
8401 2
16594 2
212 0
16597 0
16598 2
1401 2
8228 2
13919 3
6057 2
221 3
8415 1
16608 0
16612 1
16614 0
16618 2
8428 0
8430 2
16624 2
8435 3
16628 0
8438 2
16636 2
8445 3
16638 0
8447 0
16640 1
8450 1
554 2
16646 1
263 2
8461 3
270 0
271 2
274 2
8238 0
280 3
8473 2
8474 3
284 1
8477 0
287 2
16672 0
16673 1
15067 2
292 0
8485 2
16433 2
8488 2
297 2
16682 0
299 1
16686 1
8496 2
8498 3
8499 2
8507 2
316 0
317 2
8510 2
319 2
13150 3
8514 1
5515 1
324 1
2785 2
16712 0
16713 0
330 0
8524 2
16719 2
8528 1
8530 3
16723 3
8535 2
16728 1
8539 1
16732 1
16733 2
4376 3
8543 3
16736 0
354 2
16443 2
16740 0
8549 0
16743 2
8553 2
2248 2
8564 2
16758 3
8570 1
16765 2
16768 2
16770 1
387 0
5526 0
8583 3
8585 1
394 2
15085 2
16785 3
8594 1
16787 1
405 0
16790 1
16452 1
16794 3
8604 2
8611 2
420 1
8613 2
16806 1
16807 1
8617 0
427 2
8621 0
16814 2
16818 0
16819 2
439 3
8633 0
442 1
443 0
444 2
446 2
6901 0
8640 0
16833 2
454 2
455 1
456 1
16841 2
459 0
462 3
16847 0
464 2
8658 0
8660 3
16854 2
16856 2
16859 3
16862 1
8671 3
16865 0
8675 2
8676 0
489 3
16874 0
8683 1
16876 3
16878 0
496 2
500 2
16885 0
8696 2
8276 1
16893 2
16896 1
8708 2
8278 2
16906 1
524 2
16909 1
8718 2
528 2
8723 1
16919 1
538 0
16923 2
8732 1
16926 2
543 2
16928 2
545 2
8738 0
547 1
8742 1
551 1
8746 2
8747 2
8748 3
558 1
559 0
8752 2
565 1
8758 2
567 2
8761 1
573 1
574 0
8767 0
577 1
8771 3
16965 0
16966 2
8775 0
16970 2
8780 1
589 1
1695 2
591 1
16977 0
16984 1
16985 1
8796 0
13754 2
8799 2
8800 1
609 2
16994 2
611 1
8805 2
614 2
617 0
17002 1
8811 1
622 0
17007 0
624 2
6931 2
628 0
17014 1
13759 0
17021 0
17022 0
8831 0
17024 2
8834 2
17028 0
8837 0
17030 1
17033 2
8842 2
651 0
17036 2
8845 0
17038 1
17040 1
658 0
660 2
661 1
17046 1
8855 1
664 0
17049 1
8858 2
17051 1
1386 3
8862 2
8863 3
17057 0
17059 0
8868 2
17061 2
17062 0
8871 2
8872 2
17065 0
683 3
17068 3
685 1
15133 1
688 0
699 3
296 0
704 0
17089 0
17091 0
8902 2
17096 1
13772 2
714 1
17099 2
15138 0
17104 0
721 0
6947 3
8917 1
17110 0
17113 1
730 2
8923 2
733 1
17119 0
8928 1
741 2
742 0
744 2
8937 0
8938 2
748 2
17133 0
8942 1
17136 0
17138 1
8952 2
17147 0
764 2
8843 2
13781 1
17152 1
11051 3
773 2
774 1
775 2
8968 0
17164 1
8975 2
17168 2
787 2
790 2
8984 1
17177 0
11756 0
8992 3
803 2
17191 0
17192 0
135 1
4232 3
17202 0
9018 2
9019 1
17213 0
17215 0
17216 1
17218 1
9028 0
837 0
9033 1
17226 0
17227 1
844 2
8333 2
17235 0
9044 0
9045 2
17244 0
861 2
862 0
9057 1
9060 3
9061 1
870 2
17255 0
873 1
874 3
17260 2
9070 2
879 2
880 0
17265 2
882 0
884 1
17271 2
888 2
889 0
9082 2
892 2
9087 3
9088 3
9089 2
900 1
903 0
17288 1
17290 2
17292 1
9101 0
910 1
911 2
17297 0
17300 1
9109 3
9110 2
9111 2
9112 2
9113 0
17306 2
5615 3
17308 2
17313 2
17317 1
17319 0
9129 2
17323 0
9133 0
16541 0
17329 3
947 2
9142 0
952 1
956 1
957 2
17345 0
17346 0
17348 0
9157 3
9158 3
161 0
17356 2
17358 1
9169 0
17367 1
9178 1
9184 2
17379 2
17381 2
1002 0
17388 2
17391 0
15582 0
9201 0
1010 1
17395 2
9209 1
10945 2
17406 2
1023 2
9216 0
9218 2
1027 0
1028 1
17417 1
1034 2
1035 2
1037 3
9231 2
9232 2
1045 1
17431 3
17432 2
9241 2
1052 0
1054 2
9250 2
4273 0
9256 1
17450 1
16562 2
9262 2
1071 1
9269 2
1081 0
1082 2
17469 0
17470 0
17472 0
1089 3
17474 2
17476 0
17477 1
9286 0
9287 0
17480 2
9289 3
17485 0
17487 2
17488 2
9297 0
1107 1
9300 1
17493 0
9302 2
9304 2
9307 2
9308 1
9310 0
2917 0
9312 2
9313 0
17506 2
17509 2
9318 0
17512 1
9321 0
9322 1
17520 1
1137 0
17522 0
1144 2
1147 2
1149 0
1150 2
1151 1
17536 2
1154 2
7019 2
17541 1
9352 1
9355 3
17552 1
17553 2
17556 2
1174 2
17560 1
1177 2
1178 0
1180 1
1562 0
9375 0
1187 2
17572 2
17574 1
9383 0
17576 1
17948 2
17578 2
1195 0
9390 1
200 0
9397 2
8769 1
17592 3
17593 2
11125 1
17600 1
1217 2
1218 2
1219 0
1221 2
17609 1
9418 1
17612 2
17613 0
11128 2
1234 1
9427 2
9428 2
9429 1
1238 2
1239 0
9432 2
1242 3
17632 1
1251 1
17637 0
17638 0
9447 1
1257 0
9450 3
1259 1
1260 0
1262 2
17648 0
1265 3
17650 1
17651 0
9460 2
9461 2
9462 2
9464 0
1274 0
17660 2
1277 1
17664 0
9474 1
9771 1
9477 2
9478 2
9480 2
9481 2
1290 1
8407 2
9484 1
1293 3
9486 3
12591 1
1298 2
9492 2
17687 1
9496 2
17689 2
17691 2
16602 1
9505 2
17969 0
1322 2
1324 2
9517 3
16605 2
1331 1
1334 2
17719 1
1336 2
17723 1
17725 0
17726 2
1343 2
4321 3
1353 0
1355 1
17740 3
1359 1
9554 2
9555 1
1366 0
17755 0
17756 0
17759 1
9569 2
230 0
17767 1
9578 1
9579 2
9580 1
1389 3
1390 2
9585 0
9587 1
9591 0
9592 1
9593 2
17787 3
9596 0
9597 2
9601 2
17797 3
1414 2
17505 0
17800 2
17801 2
17802 1
1420 0
1426 0
1430 0
17819 2
17989 1
9637 1
1446 2
9639 2
1452 1
9645 2
9648 2
9650 2
1460 3
9657 0
17851 1
17852 2
17855 2
17858 0
9667 3
9669 2
9672 1
9673 1
1482 1
9675 1
9676 2
9805 0
2979 2
9685 2
17879 0
17880 0
9690 2
9691 3
9692 2
9694 0
17887 2
17889 0
17895 0
9705 0
1523 0
11177 0
17913 2
9722 2
16639 1
256 1
1538 2
17924 0
17925 0
1543 1
16691 2
9741 2
1558 3
1559 0
9754 2
7087 1
9756 0
13914 3
12600 1
17953 0
17956 2
17957 0
5724 0
9770 1
8455 0
17964 0
1583 2
17968 0
4360 1
17971 2
9781 1
1591 1
17977 2
17979 2
1596 2
1597 1
17983 3
9792 2
17985 2
1603 2
1605 0
9798 0
1608 1
1611 3
17996 1
1613 2
17998 2
1616 0
11192 2
9810 2
9812 0
8462 0
1622 2
9817 2
18011 2
1634 2
1635 2
9828 1
9829 2
1639 2
1640 2
18027 2
1645 0
9838 1
9839 0
18032 0
1653 2
18039 1
1657 2
9852 0
1661 1
1662 2
1666 2
1643 1
1671 1
18056 0
1673 2
1677 0
18062 2
13933 0
18065 0
9874 0
18069 0
18071 3
1688 0
16052 0
18076 0
1693 2
9886 0
7109 0
1696 2
9889 0
18082 0
18084 0
18085 1
1702 2
1703 1
16668 1
9898 1
18091 2
1709 0
9902 0
1711 2
1712 1
18098 2
9911 2
18104 0
18106 0
18107 3
18110 1
1727 0
9921 3
9922 1
1736 0
18121 1
1655 2
18126 0
8483 0
18132 1
18134 2
9946 2
14578 1
18141 0
18142 1
12581 0
1760 0
1761 0
1762 0
9955 0
18148 0
18150 2
1769 2
18154 1
18155 1
18156 1
1773 1
7424 3
18159 2
16680 1
18167 1
1789 2
1790 2
1793 0
16683 2
1800 0
18186 2
9995 2
9999 2
10000 0
10001 0
10003 1
18197 0
1814 0
15321 1
18201 1
10010 0
18203 2
18207 2
18209 0
18212 1
1833 0
10026 2
1836 1
1838 2
10032 1
18225 2
1843 0
10037 2
18231 0
18232 2
10041 2
10043 1
1852 1
18237 1
1855 2
18240 0
1857 2
1858 1
18243 0
10054 1
18247 2
10056 2
1872 0
18257 0
18259 1
18260 1
10071 1
18264 1
15333 2
10080 2
5776 2
18275 1
18276 0
10085 1
18279 1
10088 1
1897 3
18282 1
11239 2
18284 1
13970 0
18287 1
10099 2
10102 0
10103 3
10105 0
1918 2
1921 2
18306 2
1924 2
1927 3
18312 1
1929 0
18315 3
10125 1
18319 0
18323 0
1944 0
1947 1
10140 2
16707 0
18340 2
1958 0
18344 2
1961 2
10154 0
18348 1
1965 2
18357 2
18358 3
18361 3
1979 1
1980 0
18365 1
18366 2
1987 1
1991 2
1992 2
332 2
1998 3
18383 2
18384 2
2005 1
2006 1
18391 0
10200 2
9892 0
9887 3
10207 2
18401 1
10212 0
10213 2
2025 1
10218 2
18411 3
10220 0
18413 3
10222 2
14525 1
18419 1
18420 2
18421 3
18426 1
10235 2
2047 2
18432 1
18434 3
9899 1
18436 2
18437 0
10248 2
18443 2
2061 3
2069 3
10262 3
2072 2
2073 2
10269 0
10270 3
18463 0
10272 2
18467 0
10276 2
2086 0
10279 2
18472 0
10281 2
2091 2
2092 2
2093 0
10287 2
2097 3
2099 2
1888 2
10294 1
10295 0
2105 0
18491 0
2109 0
10303 1
2112 2
8544 3
10306 1
2116 2
10309 3
18503 3
2121 0
10317 1
10318 1
2127 0
2128 1
2129 1
355 1
10324 1
11278 1
2138 2
7183 0
1722 0
10335 2
10337 2
16555 3
10340 3
18534 2
10344 1
18538 2
4709 1
2171 0
2173 1
10366 2
2175 1
2176 2
1729 1
2184 3
2185 2
2189 0
18575 3
10386 1
2196 0
12654 0
2198 1
10391 1
2201 2
18587 3
18588 2
18589 1
2207 1
2209 0
18594 2
10407 2
2218 1
10413 0
18609 0
2229 2
10422 2
18615 1
10426 1
2235 2
2236 2
2240 2
18627 0
18632 2
10435 2
18634 1
18636 2
18637 1
18639 1
18640 1
18641 2
2259 1
10453 2
10454 0
2264 2
18649 0
18650 1
18651 1
16762 0
10462 0
2272 0
18660 1
2278 2
18664 0
18665 2
18670 1
18673 0
10483 0
18678 0
10488 2
18682 1
18683 1
18689 2
10498 2
4714 1
14002 0
2311 0
18697 1
18700 2
4482 1
10510 0
18704 1
18706 2
2323 0
2324 2
10517 1
2329 2
10522 1
10523 2
4442 2
10525 0
18719 0
10528 3
10530 1
18723 1
18724 0
18725 1
10535 2
2345 1
18733 2
5853 2
2355 2
1758 3
18743 0
2362 2
2364 2
10559 2
10560 0
10563 2
10564 2
10567 1
18760 3
2377 0
10573 1
18766 2
18767 0
10576 2
2385 2
2386 2
18771 2
2388 2
10581 0
18777 3
10589 2
10590 2
10592 2
2402 0
10595 2
18788 1
18790 0
10599 0
2408 0
10602 2
10603 1
10604 3
10607 1
10609 0
10610 0
10611 0
10612 2
2426 1
18811 1
10620 0
10621 2
2433 1
2434 2
18819 0
10628 2
18821 2
18830 0
10641 1
18835 0
2452 2
2455 2
10648 2
10649 2
410 2
11333 0
10660 2
18853 2
2472 2
10665 0
2475 1
2478 3
10672 2
14067 0
10678 2
10679 2
17268 1
2035 2
10688 0
2500 2
2503 0
2505 3
10698 2
5879 2
10700 2
10701 2
2513 1
2514 1
2520 2
10714 1
2524 1
2525 1
2539 2
2528 0
4518 1
357 0
10729 1
4519 0
2540 1
3154 3
10734 1
9981 2
10736 0
2546 2
9982 1
2552 1
2556 1
10753 2
2563 2
10756 3
2566 3
2572 0
2574 0
10771 1
10773 1
10774 1
9906 2
10776 1
10777 1
17544 2
2587 1
10780 0
2591 0
10785 2
2594 2
18839 2
10798 0
10800 0
10803 3
2613 1
10806 2
2615 2
10808 3
10809 1
10810 1
2624 2
13329 2
10822 1
2631 1
10825 0
16823 0
10831 2
2640 2
12728 2
10835 0
2646 2
14095 2
10846 2
2655 2
10850 1
2659 1
10852 2
2664 0
10857 0
10861 2
10863 0
10864 2
10865 1
11273 3
3177 3
10873 0
10876 0
10878 2
10881 2
10882 0
10894 3
2707 0
10901 2
1817 1
10906 2
10907 1
2718 2
6910 2
2722 1
10011 1
2724 1
2726 1
2731 3
2732 0
10925 1
2735 1
2736 0
2738 3
2739 2
10933 0
2744 0
2746 0
10941 0
10942 0
2751 0
2753 2
2754 2
2758 2
3191 2
2768 1
2769 0
2772 2
2774 0
10458 1
10020 3
8655 2
10972 0
10973 2
8656 0
10978 0
2788 0
2791 2
2797 3
2798 0
10991 1
2801 2
2804 2
2807 3
11003 0
11004 2
18218 2
11011 0
470 1
11015 2
11016 0
2833 0
15491 1
2839 2
11035 0
2844 0
11038 2
2847 1
2850 2
2851 1
11045 2
2854 1
15495 1
11053 2
11058 2
10035 2
2874 0
2880 2
2882 2
11403 2
2884 0
11078 2
11082 2
2891 2
483 2
10735 3
2904 1
11097 1
11099 2
11100 0
2909 1
12774 1
2922 1
11116 0
11120 0
5553 2
11123 2
2933 0
11126 1
2936 0
11129 2
11131 1
11134 1
2944 2
11137 2
2946 2
11140 1
14145 2
2955 0
9373 3
2963 3
2967 2
2973 2
2977 0
11171 2
18246 2
2983 2
2984 2
2985 2
10055 2
2988 0
2991 2
2992 2
2994 1
2997 1
3000 2
3001 2
11194 2
3013 1
11206 0
3016 1
3020 3
11214 2
11220 1
11221 2
505 3
11226 2
11230 2
3041 1
3042 2
5284 0
11236 1
3047 0
3048 3
11241 3
3051 0
3052 1
3056 2
5972 3
11259 2
11262 2
3072 0
3074 1
11267 2
3076 2
3081 2
3082 2
11277 0
3086 0
15533 2
11281 2
8832 2
3100 0
11295 2
3104 0
11300 2
3110 2
11305 2
3114 3
11307 2
11312 2
3123 3
11320 0
11327 2
18272 0
3141 2
11334 2
11335 2
11336 2
3149 3
11343 2
11346 2
11354 2
11364 1
11369 2
11371 2
11379 3
11383 1
4198 0
11390 1
3199 3
11393 2
8727 0
11404 1
11405 0
3653 2
3215 2
3216 2
2835 2
3227 3
3230 1
11425 2
3235 1
3236 0
3237 1
11430 0
11432 0
11433 2
3242 3
11441 3
3250 2
3251 0
542 2
3255 1
11449 1
11450 2
3261 1
3262 1
3263 2
3264 0
11457 2
3266 0
3268 2
3270 1
11463 1
9929 2
11467 1
11469 2
3277 0
3280 2
3281 3
3286 1
3287 2
3288 2
11484 1
11488 1
11491 0
3301 2
3302 2
3305 1
11499 0
3311 1
11504 3
3313 2
3314 3
11508 2
11510 2
3319 1
3320 2
11513 3
3323 2
16938 0
3327 0
3330 1
16939 1
3333 1
11540 2
11543 2
11544 2
6020 1
11547 2
3358 0
11553 2
11554 1
11558 3
112 3
11565 1
3375 2
11568 2
3380 1
11573 2
3382 0
3386 3
3387 1
3392 1
3296 0
11586 0
11588 1
11593 3
3406 1
11604 1
3413 2
3415 1
3416 0
3419 2
11613 1
3422 1
11620 1
3434 1
11629 0
16957 2
3445 1
11640 2
3449 2
3451 1
3456 0
11654 0
16961 3
3469 1
11662 2
11663 0
11665 3
11666 2
3479 2
3485 1
11678 0
3489 3
3490 2
3492 0
3495 2
18332 3
583 1
3503 2
3504 2
3509 2
3515 1
3516 3
586 3
3520 2
3521 2
11723 0
11724 2
11733 3
11736 1
1764 2
11738 1
11741 1
11742 0
11743 1
3557 2
11751 1
3564 3
11758 2
3567 2
3574 2
11767 1
11773 2
3584 1
3585 2
11779 0
11781 1
1964 2
11786 1
8303 2
11790 3
11791 3
3604 3
3606 3
11800 2
2588 1
11806 2
11808 1
3619 2
3621 2
11815 1
11817 0
11821 1
3630 2
3633 1
3634 3
11828 1
3637 2
11831 1
11832 1
11833 1
11839 3
11841 2
11845 2
3655 1
11849 0
3658 2
3661 2
11857 0
3666 0
3668 0
3670 0
3671 2
3674 2
11871 2
15632 2
11874 1
11877 2
11880 1
3689 1
3696 0
1982 0
11896 1
11897 0
3706 2
618 1
11902 2
11905 3
619 2
3727 2
3730 2
11923 3
8814 2
3740 0
3747 1
11941 2
11943 0
11944 2
7453 1
11952 2
18376 2
17011 0
3766 3
3768 0
11963 2
3775 2
3777 2
3778 0
3779 1
3784 2
3786 0
12920 1
3796 2
11990 1
11997 0
15653 0
8827 2
3812 3
7462 1
3815 1
12011 3
3822 3
12925 1
12018 0
638 0
12025 0
4736 2
12037 2
401 2
14296 2
12053 1
3862 2
3869 0
12062 2
6130 0
12066 0
6107 2
3876 2
4742 1
3880 0
3885 2
3887 2
12083 2
8841 2
8363 1
3903 2
12097 1
14265 2
12100 2
4748 1
12110 2
12113 2
11701 2
3934 0
3935 0
11315 0
12130 2
12136 2
3947 0
12141 1
12143 3
3952 2
12145 1
18409 3
12152 1
12154 0
3963 2
3967 3
3968 3
11584 3
3975 0
12170 2
15250 3
3985 2
12181 1
12184 2
3396 0
3996 3
12190 0
3999 0
14320 2
12196 3
4006 2
4013 2
12206 1
4017 2
4019 1
4766 1
12214 2
4025 2
4030 1
12223 1
4768 2
4034 2
4038 0
12238 3
12243 2
12247 0
12255 1
14331 2
12260 1
4069 3
4071 0
12264 1
4074 1
12267 0
12268 2
12271 0
680 0
12274 0
13775 3
4087 0
4106 2
12300 2
12305 1
12306 2
4115 0
12312 0
2052 2
687 1
12316 2
4126 0
12319 2
12324 2
4137 2
12330 1
4143 0
6152 3
11614 1
4151 2
12344 2
4153 2
7519 3
12348 1
14346 1
4164 0
4173 2
12366 2
4793 1
12376 2
4192 2
12387 2
4196 3
12389 2
12390 2
12392 1
4201 2
4202 1
12405 2
12406 2
12409 0
4221 2
4225 2
4227 2
12424 2
12426 0
12428 3
4239 0
4245 2
12440 2
4251 2
4256 2
4257 2
12451 1
14364 1
12459 1
4270 0
12465 1
18462 3
12470 2
17097 2
12472 1
4282 0
12476 2
8906 2
12478 0
18464 0
12486 2
12487 0
4298 0
12492 2
4301 1
4302 1
12496 1
12501 2
4310 0
12503 0
2053 0
15738 2
12510 1
18414 3
8912 3
4323 2
4325 2
1235 2
12521 2
12526 1
4335 2
4340 0
12533 2
4342 2
12537 3
12539 2
8601 2
4354 2
4357 1
4359 2
12552 2
12554 3
4370 1
4372 2
4374 2
12567 1
12568 2
6191 1
4380 2
12573 0
4383 2
4384 2
4385 1
4389 2
4391 2
12584 2
4396 0
12590 3
4829 0
12592 2
18483 2
12598 1
4408 2
13941 0
12605 2
12606 1
2101 1
12609 3
12615 2
18487 2
12622 1
12623 0
12634 0
7567 2
12638 2
12640 1
4451 3
4457 2
4458 2
13031 1
4462 2
12657 2
4466 2
12660 2
12662 1
4475 0
12668 2
4480 1
12674 3
4484 1
4485 2
12678 1
12679 2
4491 1
12686 2
13037 1
4498 2
4501 0
12695 3
10308 0
4509 1
4510 1
4511 1
752 3
4516 0
10516 3
12711 2
4520 0
12713 2
4523 2
13043 2
4532 1
12727 1
4536 0
4537 2
4538 2
12731 0
12732 1
11608 2
12739 2
12740 0
12741 1
12745 2
12747 2
4557 1
12750 2
4559 3
760 1
11684 2
4571 0
12765 2
4574 3
15781 1
12768 0
12771 1
4581 1
4582 2
12775 0
12778 0
4590 0
4594 1
4595 1
12790 0
2132 0
12794 3
4605 2
12799 0
4608 0
4615 0
12809 1
12811 2
4621 2
4622 2
4623 2
4624 1
4626 2
12819 1
4632 2
4636 0
4642 0
12836 3
4645 0
12839 0
12843 1
4652 3
12847 2
4656 1
4657 1
4658 2
4659 2
12852 2
4661 0
4662 0
4663 0
12856 2
12857 0
12858 0
12861 2
4671 0
4672 2
4674 1
4675 1
12868 2
4679 0
12872 2
12874 1
4683 0
4688 1
4694 1
4695 2
12898 1
10342 2
4713 0
12906 2
4717 0
15805 2
4721 2
4726 1
12919 1
4728 2
4729 2
12924 2
4733 2
12928 1
4741 1
12934 0
4744 1
12937 0
12938 0
12939 0
12940 0
4752 1
4753 2
12946 1
4755 1
8985 0
12953 2
4763 2
12958 0
4767 1
12960 2
12961 2
12966 3
12971 1
12977 2
12980 0
12981 1
4790 1
12984 2
6260 1
12989 2
12991 0
4801 1
4803 3
4805 1
4807 1
4809 2
4811 3
4813 1
4814 2
13010 0
4822 0
13015 1
13016 2
13017 1
4826 1
4827 1
13020 0
6266 2
4830 0
13027 0
4839 0
4841 2
4842 1
8999 0
4845 2
9000 1
4851 2
13045 1
4855 2
4863 1
13056 0
4866 0
13060 0
15830 3
4873 3
7640 3
13076 3
13077 2
4898 2
13092 1
4901 0
13105 3
13096 2
4910 0
12635 0
4913 3
13107 0
13110 1
18569 1
13113 0
13114 2
14474 3
4929 0
4931 2
4933 0
4934 1
4936 0
13133 2
4944 0
13137 2
4947 0
4948 2
18714 1
13147 1
4958 2
15845 2
13153 2
17211 1
13159 3
13160 1
13161 1
15714 1
4975 0
4979 1
4986 2
9024 2
4997 2
13191 0
5001 2
13195 0
13196 0
5008 0
13201 2
13208 2
17220 1
13210 2
5021 2
13214 1
13215 3
5030 2
713 0
13227 2
5037 2
5038 0
5039 0
13233 1
18717 2
13237 1
5051 3
5053 0
5054 1
5057 3
13251 2
13253 2
10401 2
13256 1
13259 2
14498 2
5071 3
5072 3
13265 2
13266 1
5081 0
13275 2
13276 2
5085 1
5088 1
13282 2
13287 2
5096 1
13292 0
3581 0
13303 2
13304 2
13311 2
5121 2
5122 2
13316 0
13317 0
7681 0
13320 2
13322 2
13324 2
8627 0
5137 1
5138 0
13331 2
13332 2
6318 0
5143 1
13336 0
5145 2
9446 1
13348 1
13349 0
13351 2
13355 2
17245 1
13360 2
5171 1
13364 3
9054 0
13366 0
5180 0
5183 3
5184 3
5185 0
5186 0
5187 0
18614 2
13384 2
5194 2
5210 3
5214 2
13413 2
5222 0
5224 0
13418 1
5231 2
13428 3
13431 2
5244 0
13442 2
13443 1
5255 0
8904 1
13453 1
5264 3
13457 0
13458 0
2243 2
13460 0
13461 0
5272 0
5276 2
13470 3
5279 1
17264 0
13474 0
13476 3
13477 2
8905 2
5293 2
13489 0
5299 0
13497 1
5306 1
13499 1
13504 2
3616 3
5318 0
13511 2
5322 2
5329 0
5332 2
17273 2
5336 1
5337 1
5340 2
5347 2
5348 3
13542 0
5351 0
5357 1
5358 1
13551 2
5362 2
18643 2
5368 0
5372 2
5374 1
5376 2
13569 2
13572 2
17281 0
5384 0
13578 2
13586 0
13589 0
13594 3
5405 2
5406 0
13603 0
3575 1
13608 2
13610 1
5422 2
18653 1
13616 2
13626 3
13627 2
13628 1
5438 0
17639 1
13632 2
5444 2
5445 0
13638 2
9100 2
13644 3
5463 1
5465 2
9103 2
4001 1
13666 0
5476 0
5477 0
5478 0
13671 1
5483 1
13676 0
5485 0
13680 0
13681 3
5491 2
5496 2
13691 2
5502 1
13695 2
13696 2
13697 2
13699 0
13701 3
13705 0
13707 2
16630 3
13710 2
13718 2
5528 0
13723 2
5018 1
13726 2
11641 2
13729 1
5538 0
13732 2
5544 3
5549 3
13745 2
13747 1
5556 1
5562 1
5564 1
5567 2
10486 2
5576 1
13769 0
5580 1
5581 2
5583 2
2368 1
5587 1
5589 3
13782 2
5593 0
5594 2
5598 0
5601 1
5602 2
5603 0
5606 0
5915 3
13807 0
5619 1
5622 0
5624 2
11860 1
5630 2
13825 0
13827 0
5637 1
5641 0
13834 2
13836 2
13229 2
13841 0
5650 0
13843 0
13845 1
5657 1
5664 2
5666 0
13859 0
5668 2
5670 1
13867 2
13872 1
5682 3
5684 3
13878 1
13879 2
5690 1
13884 2
13897 0
13898 3
13899 0
5712 0
5714 0
2318 0
13910 3
5720 2
5722 0
13916 2
13917 2
3685 2
13926 3
13928 1
1282 0
10514 2
5742 1
5747 0
13246 2
5751 2
18708 2
5758 2
13952 1
961 1
5769 0
13968 0
5777 2
5778 0
13976 3
13978 2
5787 0
13981 3
5793 1
18715 3
5798 2
13993 2
13995 2
5804 1
5806 0
2333 2
14001 2
5810 0
5814 2
5831 0
2338 2
5841 1
14036 1
575 1
14045 0
13264 0
5859 2
5865 1
14060 2
5869 2
14062 3
14066 3
5875 2
14068 0
14070 0
18729 0
14073 0
14074 3
14077 3
8925 2
5894 0
14090 2
5901 1
5903 2
14096 1
5909 3
14103 1
14107 0
5919 1
14113 3
5922 0
5925 2
5929 1
14133 2
14137 2
14138 1
14140 2
17376 0
14147 2
5967 3
14164 2
14166 2
5975 3
14168 1
5978 0
14171 0
5980 3
18746 2
5982 2
1563 3
14177 2
14180 1
5990 0
5992 1
18748 2
14186 2
5095 2
14188 2
14189 0
14190 2
3731 1
2382 0
2367 0
6012 0
6013 2
6015 0
14209 0
6018 1
14212 2
6021 2
6022 2
14217 2
6026 2
6028 0
14221 0
14224 1
2371 2
14234 0
6044 3
6045 1
14239 0
14240 1
14243 1
6053 1
11932 0
14252 0
14253 2
14256 1
10568 1
6073 2
14266 0
14272 0
14274 2
14276 2
14278 2
14280 0
14285 0
14287 1
6100 2
14293 0
6104 2
10575 1
14302 2
14672 1
6114 3
14307 2
6120 2
14314 2
14315 1
14316 2
14317 0
6128 2
6129 2
14322 2
14323 2
6135 2
6136 2
10580 0
17407 2
14335 2
17117 1
6150 0
14344 0
6154 2
14347 2
6156 0
6157 0
14353 0
14359 1
14360 1
6169 2
14363 1
6172 0
14369 2
14371 1
6181 0
6182 0
14380 0
14383 0
14386 2
14391 0
6200 1
6201 2
14394 2
14397 0
6206 2
6207 2
6211 0
14405 1
14408 2
14410 2
14412 2
14414 2
6227 2
6231 2
14427 2
14431 1
14432 3
14433 2
14435 0
14439 2
6248 2
6250 2
6251 2
7869 2
6256 2
10574 2
14453 0
14458 2
6267 2
6270 2
14463 1
6282 2
9240 0
13337 2
14488 3
14491 1
13576 1
6306 1
14501 0
18801 2
14504 2
6316 2
16997 2
14510 2
14512 1
14513 2
14521 3
6332 2
11978 0
6335 0
14530 0
14533 2
14535 1
2939 2
6349 2
14546 0
14547 3
14549 2
5156 0
6367 2
6368 2
6371 0
14565 1
14571 2
6380 0
6383 1
14576 0
6385 2
6386 1
6393 2
14586 2
6398 3
14592 2
3798 2
9215 0
6410 3
14604 2
7896 0
14611 1
6422 1
6424 0
6426 1
17455 0
6429 1
6430 0
14625 2
14627 2
11671 0
14631 2
14632 2
14633 0
14634 0
14635 0
14636 2
6446 2
6448 1
14646 1
14647 2
6456 1
14657 0
6466 2
6467 2
6473 2
6475 0
14668 0
6480 2
10638 1
6488 2
6494 0
6497 0
14690 2
6504 2
6506 2
6513 0
6514 1
9278 1
10644 2
6522 2
14715 2
16584 0
14721 0
14724 2
6534 0
14731 2
14732 2
14737 2
6553 0
5189 3
1094 3
14761 1
6576 2
6577 1
14770 1
6593 2
14787 0
6597 1
14791 2
14793 1
6603 1
6604 2
6608 2
6614 2
6616 1
6619 2
14812 3
6621 2
6624 2
14817 2
13314 0
6632 2
14829 2
14838 1
14845 0
1109 3
14850 2
14851 2
3841 2
14863 1
16793 3
6679 2
14872 2
14874 2
14878 2
14879 2
14882 2
1115 1
6692 2
14886 1
6697 2
6699 1
6578 2
14894 2
6703 1
6704 1
6706 1
14899 1
6708 1
6709 0
14904 2
14913 2
14914 2
6723 1
14916 0
14917 1
18773 3
14919 1
14924 1
14931 1
14934 2
6750 2
14945 1
14966 0
14967 0
14968 2
14970 0
14972 2
14973 2
14974 1
14978 3
6787 0
6788 1
14983 2
14987 3
6796 0
14989 0
6798 1
13047 0
6801 1
6803 1
6806 0
6809 0
6810 1
15004 2
17412 3
15009 2
15011 0
6823 0
6830 2
6835 1
6836 1
6839 3
6840 2
15034 2
15035 3
6845 0
15039 2
6848 0
15042 2
6851 1
6853 0
15046 1
15047 0
15048 2
15050 2
15051 2
6860 1
6862 3
15055 2
6865 0
18505 2
6871 0
15066 2
6875 1
15068 2
15069 2
15071 0
15072 0
6881 2
6883 3
6884 0
18813 1
6887 1
6892 2
10706 1
6898 1
15093 3
1048 3
6907 2
15100 1
15102 1
15106 1
15107 1
15109 1
6918 2
6920 2
6925 0
15119 0
15120 0
6929 2
6930 1
15123 1
6933 3
15126 1
15128 0
12079 3
6941 0
6942 1
15135 2
15137 3
6946 2
15139 2
6948 0
6951 0
15144 0
15145 0
15149 0
15151 3
6961 1
15155 0
15156 3
15157 2
15160 1
15165 0
6982 0
15175 1
15177 2
6989 1
15182 0
15189 0
6999 0
7001 0
15194 2
7006 2
1168 3
7018 1
10727 2
15212 3
7023 1
7024 2
15220 2
15225 1
7040 0
7043 2
7044 3
7045 2
15241 2
18511 3
15245 2
7055 1
7056 2
15249 2
7058 3
7062 0
9369 3
15259 0
7070 2
15264 2
15266 1
7076 1
7080 0
15275 1
7085 0
15279 2
7088 0
7090 3
15284 1
7098 2
2549 2
7105 1
15301 2
15304 2
7116 1
7122 2
15316 1
7125 0
7129 2
7130 0
15324 1
7136 0
7138 0
7139 0
7141 0
7142 1
3921 2
17423 3
15339 3
7148 0
7151 0
7157 2
7158 2
7166 3
15362 2
15363 2
15368 3
15374 0
15375 1
15376 3
10755 0
7188 2
15383 2
15388 0
7200 1
15395 0
7206 2
7214 2
7218 3
15417 2
2150 2
17589 0
7232 1
15428 2
7240 3
15433 1
15438 0
15443 0
10766 0
7255 2
15448 2
15457 2
15461 0
14865 0
7274 1
15472 2
7283 0
15486 2
7295 2
7298 0
12139 2
15494 3
9409 1
15496 0
7306 2
7307 0
15500 2
15502 1
15503 2
15506 1
15508 0
15513 0
15514 0
11155 0
15518 0
15520 0
15521 2
15522 1
15523 0
7332 2
15525 2
17975 2
16884 1
15544 1
6687 2
1226 1
15550 0
15552 1
15562 0
7372 2
15565 1
7374 3
15567 1
15570 0
7379 2
7386 1
15579 2
7388 2
7390 0
246 0
8059 3
15588 1
15592 0
15594 3
2599 2
9426 2
7407 2
17159 3
15602 2
15603 1
7413 1
15614 0
15616 0
15617 2
15621 2
7440 2
15635 1
15636 2
6702 1
15638 2
7448 2
7450 2
7452 2
15645 3
8069 2
7460 2
7461 1
15654 2
15656 0
13532 0
15665 1
15669 1
15670 3
7481 1
15675 2
15676 0
3978 2
15679 0
7489 2
15691 0
15693 0
15694 1
9443 2
15704 0
15705 1
15707 1
15711 2
7522 2
7525 3
7527 3
15722 2
15723 0
15725 0
15726 1
7538 3
7541 1
7542 2
15735 0
7546 2
15741 1
15742 1
10816 0
15748 2
15749 1
7558 0
15752 1
16279 0
15758 2
15759 3
15761 2
15762 2
15765 2
7575 2
15769 2
15775 0
15776 2
15778 0
15780 0
7589 0
17649 1
7593 2
15788 1
1266 0
15790 0
7599 2
15794 1
8237 2
15798 1
15801 0
4345 2
7613 0
7618 0
15812 2
17654 3
15815 1
7624 3
15818 2
7627 0
15822 0
15825 0
16291 2
7638 1
15832 0
7645 0
7649 2
7651 2
7653 0
7657 2
15850 2
15852 2
7661 0
7662 0
15855 1
15856 0
15863 2
7676 0
7677 3
7680 1
15873 0
7682 2
7683 2
15877 0
7621 0
15883 0
17666 2
7694 1
7695 2
7699 2
7701 0
15895 0
15898 2
7707 2
15900 2
7709 3
7715 0
15911 3
7723 2
7724 3
7726 0
7728 2
15921 2
7732 1
2654 2
17673 2
15931 0
7747 2
7751 2
1292 2
7758 1
9485 1
15600 2
15954 1
15957 0
7766 1
15959 1
15962 0
15963 2
15966 2
12534 0
7778 0
15972 0
7783 0
12807 3
7789 2
15984 0
7795 0
7798 1
15992 0
7802 0
17237 2
16000 2
16003 2
16004 0
16011 1
4352 3
16020 1
16023 1
7832 3
16026 2
16032 1
16033 3
16036 1
807 2
7860 0
16053 1
16054 1
16056 1
7866 2
16061 1
16064 2
16068 2
16069 2
535 0
16075 1
16078 1
16079 2
16081 2
7890 2
16085 0
16088 1
7898 0
7902 0
7905 0
7906 2
7908 0
7910 3
7912 0
16113 2
16115 2
16117 2
7927 1
16121 1
16123 1
7934 2
16127 3
16132 0
7947 2
2690 0
16143 2
16144 0
7955 2
16148 2
7957 0
7960 0
7962 0
16156 2
16158 3
7968 0
7970 1
16163 3
16168 0
7986 2
16179 3
16180 0
16181 1
16183 2
16184 2
16185 1
16186 2
8000 0
8001 1
6795 2
16196 1
16198 0
8007 3
16201 1
8012 0
16207 0
16209 2
16211 2
16212 2
8024 0
16217 2
16220 2
5434 3
12261 1
16226 0
8035 3
5436 3
16238 3
1341 2
8048 3
16245 1
17727 1
16261 1
16262 1
16265 1
16266 2
8076 2
15001 1
16282 1
16283 0
2714 0
16287 0
8096 2
16289 1
8098 1
2715 2
16292 0
8101 1
9543 2
16301 1
8110 2
8113 3
16307 0
8117 2
17737 2
16312 2
16314 0
16318 0
16319 0
16325 0
8139 1
8142 3
8143 0
8144 1
8156 1
16349 1
16350 2
16356 0
8167 0
8168 2
8170 2
16368 1
8190 2
8182 2
16376 2
16379 2
16380 0
16381 1
16382 1
8191 0
