16384 0
8193 0
16386 2
8195 0
1366 0
8199 0
8200 0
16393 2
8202 0
16396 1
16397 1
16398 0
6829 1
16401 2
8213 1
16406 0
16407 0
8216 0
8217 0
16411 1
16412 0
1370 2
16414 2
16415 2
8227 2
8228 2
16422 2
16423 0
11458 2
8233 1
10367 1
16428 0
16429 2
16430 2
16433 2
16434 2
2739 2
52 1
16437 1
10913 3
8250 1
16443 2
16445 2
16446 0
16449 2
66 1
8260 0
16454 3
16455 2
16456 2
16457 2
8266 2
16460 2
1378 3
16462 0
82 3
8275 2
16469 1
8278 2
17188 2
16476 2
8285 1
16478 1
16480 0
98 2
16484 1
5478 0
104 0
16489 3
1383 2
109 3
16494 0
16495 1
8304 0
113 2
115 1
8675 2
8309 2
120 3
16505 0
122 3
15039 2
16509 1
126 2
16512 1
129 3
13675 1
132 2
16517 1
16518 2
16519 0
8329 0
16522 1
8331 2
8333 2
8334 0
8335 0
144 2
8338 2
147 0
150 2
8343 1
153 1
154 0
16540 2
8349 2
10573 1
16543 2
16545 2
162 2
163 2
8356 3
16550 1
16551 2
168 1
8361 2
170 0
172 0
173 2
16559 0
177 1
178 0
8371 2
183 2
185 2
186 2
187 1
190 3
8383 2
195 2
3819 0
197 2
199 1
200 0
1916 3
202 2
8397 2
16590 3
208 2
209 2
16594 2
16597 0
214 0
215 1
218 3
220 2
16605 2
8415 1
13313 2
16611 0
16612 1
16613 2
16614 0
16616 1
8426 2
8427 2
4475 0
237 2
8430 2
17789 1
240 1
16626 2
16628 0
8737 2
8439 2
16632 2
16633 0
250 1
5503 1
16636 2
8447 0
16640 1
16643 2
16646 1
16647 0
264 0
12332 2
266 2
8459 2
8461 3
8237 2
16313 2
274 2
8468 0
16663 2
280 3
8473 2
283 3
8478 0
287 2
16672 0
289 2
8483 0
8484 3
1414 2
8486 2
16679 1
296 0
16682 0
16684 2
8495 2
8496 2
305 2
307 0
310 2
16436 1
16698 0
8507 2
316 0
317 2
15559 3
319 2
8512 0
8514 1
323 0
324 1
16710 3
16713 0
16714 0
16715 0
16716 0
8525 2
16719 2
336 0
338 1
8531 1
16725 1
16728 1
1648 1
346 3
9615 2
16732 1
16442 2
16734 1
16736 0
16737 2
354 2
16740 0
8549 0
358 1
16743 2
8559 3
8560 1
371 0
8564 2
16757 0
374 2
16759 1
16760 0
8570 1
379 0
16765 2
383 0
384 1
8577 1
16770 1
10924 1
1809 2
8581 0
390 1
8583 3
8584 3
8585 1
13719 1
16781 0
1377 2
16784 2
401 2
16786 1
16791 2
8601 2
410 2
16796 3
16800 3
8609 2
8610 1
8611 2
420 1
8613 2
16806 1
16807 1
16808 1
8617 0
16811 2
16813 1
8622 2
8623 3
72 1
16818 0
435 1
436 2
438 0
73 2
16824 0
16825 1
442 1
443 0
74 0
8638 1
8639 0
16832 0
16833 2
8643 1
16836 1
8645 0
454 2
455 1
16841 2
16843 3
461 2
8654 0
4173 2
464 2
466 3
8659 0
469 1
16854 2
471 0
8665 2
16858 0
8667 2
8671 3
16865 0
483 2
9638 3
486 2
16873 1
16878 0
8687 2
496 2
17843 2
16884 1
501 1
16886 2
13737 2
8696 2
4180 0
17513 2
15103 1
508 0
509 3
510 2
512 1
16898 2
1451 0
16470 1
16902 2
519 1
16905 1
8714 1
523 0
524 2
16909 1
16912 3
15107 1
13742 2
8726 2
8544 3
538 0
16923 2
8732 1
16926 2
16927 1
16928 2
16929 2
16930 2
8739 3
548 1
8741 0
551 1
8744 2
16938 0
16939 1
8748 3
558 1
16477 2
8752 2
563 2
564 1
8286 2
8758 2
8761 1
8762 1
8763 0
16956 1
573 1
575 1
577 1
16962 2
8771 3
8772 0
16965 0
16966 2
8775 0
584 2
8777 0
587 1
588 1
8781 3
591 1
16976 1
2903 2
4195 1
8789 2
17849 2
16984 1
603 1
8796 0
605 3
8799 2
16992 2
16993 2
8802 1
611 1
8804 1
8805 2
8806 0
616 3
17852 2
8810 2
8811 1
17004 1
8813 1
8814 2
625 3
12170 2
6931 2
17854 0
8822 2
15124 3
17019 1
17022 0
8831 0
8832 2
641 0
8835 1
644 1
17029 0
17030 1
17031 2
8841 2
8842 2
651 0
17036 2
653 2
654 0
8848 0
17207 3
17042 2
17043 0
661 1
8855 1
664 0
17049 1
8858 2
8303 2
17052 2
669 2
8862 2
671 1
17056 2
8865 3
8866 0
8868 2
17061 2
17062 0
8873 2
17066 2
17067 1
685 1
17070 3
17071 2
8880 0
17074 1
2826 2
2846 2
17078 2
17079 2
12571 1
697 0
17082 1
699 3
17754 2
17085 0
702 1
17090 3
707 0
708 2
17093 1
8902 2
711 3
712 2
17097 2
8906 2
17099 2
716 1
11042 2
17102 0
17104 0
1115 1
17108 0
725 1
17110 0
8921 2
730 2
8923 2
733 1
17119 0
737 2
738 2
8932 0
741 2
17126 2
8935 2
17128 3
8937 0
746 2
748 2
749 0
17134 1
17135 2
752 3
8945 2
17143 1
760 1
8953 1
762 1
8955 1
764 2
14210 2
17151 2
6845 0
17154 0
8963 2
17157 0
774 1
16513 1
8970 2
17164 1
17167 2
17168 2
786 0
787 2
788 2
17173 1
790 2
791 1
8986 2
17180 2
17181 2
8990 2
8991 2
8992 3
8993 0
8995 2
8996 2
17190 1
11057 2
808 2
17193 2
17194 2
8327 3
1118 2
17197 0
4937 2
9008 0
9011 2
820 2
17206 1
16521 0
17209 1
9018 2
9019 1
17213 0
9022 3
15157 2
17217 2
17218 1
139 3
17220 1
5601 1
841 1
844 2
9037 2
17231 0
9040 1
17233 2
17234 3
852 2
9045 2
11065 2
856 0
858 1
16527 2
860 3
861 2
862 0
17248 1
17249 0
17252 2
8485 2
17409 1
12433 2
874 3
9067 2
876 3
17261 0
17262 0
879 2
880 0
17265 2
882 0
12850 2
884 1
9079 1
888 2
17273 2
9083 1
892 2
894 2
895 1
9088 3
17281 0
17282 3
900 1
902 1
903 0
904 1
151 1
17292 1
2882 2
910 1
911 2
17296 3
9107 0
916 0
9109 3
918 0
919 0
9112 2
6980 1
17307 2
17308 2
17310 1
17311 2
17313 2
930 0
9123 2
932 3
17317 1
934 0
936 3
9129 2
17322 2
17323 0
17324 2
9133 0
17328 0
15176 1
9138 0
9139 2
9140 2
13040 2
9144 3
17338 1
9147 1
17342 2
961 1
9154 2
9157 3
9158 3
8353 1
17353 1
9162 1
9164 0
17360 2
17367 1
17368 1
9178 1
987 1
17376 0
17379 2
8358 0
13820 1
17388 2
2898 2
17391 0
3034 2
9201 0
1010 1
17395 2
17396 2
13822 1
17399 2
17402 1
5631 0
17405 2
9214 3
9216 0
9217 2
1026 2
1027 0
1028 1
9221 1
17414 0
1031 3
1032 1
17417 1
1034 2
17419 1
9228 2
1037 3
1038 0
9232 2
17426 2
9237 2
17430 2
18174 2
17432 2
9245 2
1054 2
9247 0
17441 2
1058 2
9252 2
17445 2
1063 2
1067 2
9310 0
17453 1
9262 2
17455 0
9265 1
9270 2
17463 1
9273 3
9274 2
11103 0
12584 2
17472 0
17474 2
17475 0
17476 0
17477 1
1094 3
17479 0
1096 1
9740 2
1098 2
17484 0
8220 0
5645 0
1110 2
17495 1
9304 2
9307 2
9308 1
9309 1
17502 3
5081 0
9312 2
17505 0
17506 2
1124 2
17509 2
9318 0
1127 1
17512 1
1129 0
17514 2
9325 0
1135 2
17520 1
17522 0
17523 2
9332 2
1141 1
15209 1
1144 2
17529 1
17530 1
17532 2
1150 2
1151 1
17536 2
1154 2
9347 1
17541 1
17542 1
17544 2
9355 3
17548 1
17549 1
1166 2
17551 2
17552 1
17553 2
17554 2
17556 2
1130 2
3281 3
1175 2
17560 1
17561 2
15215 0
17564 2
1181 3
17566 3
17567 3
17568 0
17569 2
17570 2
9379 1
9381 3
17574 1
17575 1
17576 1
17577 1
9386 2
16583 2
17581 1
8392 2
9396 1
9397 2
9398 1
9400 0
17593 2
17594 1
17595 2
17596 1
9405 2
17598 2
9407 0
1221 2
9414 0
9415 1
3314 3
17610 2
7031 1
17612 2
9421 2
9425 1
1234 1
9427 2
9428 2
12494 2
1242 3
12862 2
17628 2
1245 0
1246 3
17631 0
1250 0
1251 1
1252 1
17638 0
17639 1
17640 1
17641 1
17642 1
8402 2
13681 3
17649 1
17650 1
17651 0
9460 2
9461 2
9462 2
11499 0
1273 2
17659 2
17660 2
663 2
9470 2
213 2
17664 0
17665 2
17666 2
1283 2
1284 1
9477 2
17672 0
1290 1
8407 2
9484 1
9485 1
17680 0
1298 2
1299 1
9492 2
9493 1
9494 1
17687 1
1304 2
17689 2
1306 3
17691 2
9501 0
17695 2
1313 3
1314 1
17699 2
1316 3
17703 2
1324 2
17710 2
10137 2
1329 3
1330 0
1331 1
17716 3
17719 1
1337 0
1338 1
17723 1
9532 3
1341 2
17726 2
17727 1
9536 0
4682 2
18594 2
17737 2
1355 1
9548 0
1359 1
9784 2
9555 1
9556 2
9557 1
9558 1
228 2
9562 2
9563 0
17756 0
17757 1
1375 2
11152 2
17762 2
9787 3
1381 2
9575 1
9578 1
9580 1
17774 1
9583 2
17777 0
9587 1
1396 2
3047 0
9592 1
9593 2
9594 2
9595 2
9596 0
9597 2
1407 2
9600 1
9601 2
17794 1
16619 0
9605 1
9606 1
17800 2
17801 2
17803 1
16621 0
9616 0
9618 0
17811 1
17813 1
9623 2
9624 1
9625 0
1436 1
9631 1
9632 1
17825 1
1442 2
1444 2
1446 2
9639 2
15260 2
17835 2
4338 1
1454 2
7069 0
1458 2
9651 1
1462 1
1464 2
1465 2
17850 1
17851 1
1468 2
1469 2
1470 2
1471 1
1475 1
1476 1
9669 2
1478 1
9671 1
7687 1
1482 1
17867 0
9676 2
15266 1
9678 3
1488 1
7076 1
9690 2
9691 3
9693 1
1502 0
5712 0
17893 0
9702 2
17895 0
17896 1
17899 0
4349 2
1521 3
9812 0
9724 1
4961 1
9728 0
17924 0
1622 2
1542 2
16691 2
1546 0
18055 2
9741 2
17934 2
7116 1
9816 2
17941 1
17942 0
17944 1
1561 2
15279 2
17948 2
17952 2
11184 1
17956 2
17958 2
1575 1
9768 2
9770 1
17963 1
17967 1
17968 0
16648 0
2995 2
1588 0
17975 2
1592 3
17979 2
1596 2
1597 1
10660 2
9792 2
17987 0
1605 0
1608 1
6873 0
17995 2
17996 1
17997 3
17998 2
9810 2
5731 2
18004 2
9814 0
7097 2
18008 1
9817 2
1630 1
18015 2
9826 2
18020 0
9829 2
9830 2
1639 2
1640 2
1641 2
9835 2
18028 1
16658 0
9838 1
9839 0
18032 0
18033 0
1653 2
1655 2
1659 0
18045 0
9854 1
15296 2
1666 2
18052 0
18053 2
1670 0
1671 1
18056 0
18057 2
1674 2
1677 0
18062 2
13933 0
9873 2
18066 1
18067 0
9876 0
18069 0
12569 1
18076 0
18078 2
9887 3
18081 2
9891 3
1701 2
1702 2
1703 1
18091 2
9900 2
9901 2
14787 0
18095 0
1712 1
7112 1
18098 2
5747 0
1717 2
1719 2
1722 0
18107 3
1725 2
1726 2
9845 1
1729 1
9923 0
18121 1
18039 1
1740 0
18128 0
18130 1
18133 2
9942 2
292 0
6605 0
1755 1
18140 0
1757 1
1758 3
18143 1
18144 2
18146 0
1763 0
1764 2
18150 2
1767 2
1769 2
18155 1
18156 1
1773 1
1661 1
8488 2
1779 0
1662 2
18166 0
18167 1
16699 0
9978 2
1788 2
9981 2
1790 2
18175 1
18176 2
18178 1
11905 3
15318 2
17245 1
1799 2
1800 0
18186 2
9995 2
10000 0
18193 1
18194 3
10003 1
16700 2
18201 1
18203 2
1821 1
10699 1
18207 2
1826 2
1827 2
1828 2
18213 2
8497 1
18216 2
18218 2
9863 2
18221 2
1839 2
10032 1
18225 2
10035 2
1844 2
10038 2
1847 0
18232 2
10041 2
10043 1
1852 1
10045 1
10047 1
10048 2
1858 1
1859 0
1862 3
18247 2
10056 2
1865 0
1866 2
11234 1
18254 2
1872 0
10066 3
18261 1
18264 1
11236 1
1882 0
5791 1
18269 2
1887 2
10080 2
13968 0
10082 3
10083 2
18276 0
18279 1
10088 1
10089 2
18282 1
1899 0
18284 1
9874 0
5850 2
18287 1
1904 2
18289 0
18290 0
10099 2
18292 0
18293 0
18294 1
1911 0
10104 1
10105 0
16703 3
9611 2
1918 2
18303 0
320 3
1923 2
1924 2
18310 3
18312 1
5247 2
10125 1
16880 0
1937 1
16485 0
1939 1
1942 0
11815 1
1944 0
18329 1
1949 2
10143 1
18337 0
10146 2
10147 3
10149 1
65 1
10151 3
18344 2
1961 2
10154 0
10155 2
1964 2
18349 1
1968 0
18353 0
18354 0
18355 3
18358 3
4425 2
18360 2
18361 3
1486 0
1979 1
5218 0
18366 2
1987 1
1988 2
3885 2
1991 2
1992 2
8524 2
18378 1
18379 1
16706 1
10189 1
10190 0
18384 2
1699 1
2005 1
2006 1
2007 1
10200 2
2009 0
18397 1
18401 1
16413 2
10212 0
4596 1
12888 2
18409 3
10220 0
4434 1
15616 0
18419 1
18420 2
15358 2
18424 1
10233 1
18426 1
18428 2
18432 1
68 2
1432 0
18435 1
2052 2
9070 2
14892 1
18439 2
10434 2
3887 2
18442 1
18443 2
2061 3
18446 2
15363 2
10260 1
10261 2
2072 2
18457 1
1711 2
10268 1
10270 3
10271 0
2083 2
2086 0
2087 2
10280 2
10281 2
10282 2
10283 2
2092 2
10286 1
18479 0
2096 1
18481 0
18482 0
18483 2
2101 1
2102 2
2103 2
4542 1
5812 0
10298 2
10299 2
18493 2
18496 0
10305 2
10306 1
18500 2
10309 3
10310 1
8545 0
2120 2
2121 0
10317 1
2126 0
10319 3
2128 1
2129 1
10322 0
10323 3
10324 1
15374 0
10328 2
2138 2
10332 1
10333 1
10335 2
2144 2
10337 2
10340 3
2149 2
18534 2
617 0
2152 2
14012 1
18539 2
18540 0
18541 0
18542 0
18543 0
10352 1
6073 2
2162 3
2163 1
13711 2
18110 1
10358 2
2173 1
2175 1
2176 2
18564 0
618 1
18567 3
2185 2
2188 2
18574 2
18575 3
10384 0
18579 2
2196 0
12654 0
2198 1
10391 1
10392 2
2201 2
10394 0
367 0
18589 1
2207 1
18592 0
10401 2
2210 2
2211 0
18598 2
10407 2
11292 0
2218 1
14023 1
18604 2
10413 0
2222 2
3101 0
2224 3
10419 0
10420 2
18613 3
18614 2
18615 1
18616 1
9076 0
10426 1
10427 1
2236 2
2238 2
2240 2
10433 2
2242 1
18627 0
18628 2
2245 1
2246 3
18631 0
18632 2
2436 0
2251 2
2252 1
2254 2
14029 2
18640 1
15078 2
2258 2
3107 2
18644 2
18647 2
18649 0
18651 1
2268 2
3076 2
621 2
10464 1
2273 1
10467 2
18662 2
2280 1
18666 2
10475 1
2284 2
2287 2
76 2
18673 0
10482 0
18675 0
18676 2
18677 0
10486 2
18679 3
2297 2
18682 1
18685 0
2304 0
18689 2
2306 1
11307 2
18693 2
18694 2
2311 0
18626 3
10505 2
6015 0
18701 2
18703 2
18704 1
18706 2
18707 1
2324 2
10517 1
2327 1
18713 1
18714 1
10523 2
2333 2
18723 1
18724 0
16774 1
18726 1
18727 3
2345 1
18732 2
10542 2
2352 3
16776 0
7219 3
2356 2
18142 1
2358 1
18743 0
3079 2
2362 2
18747 1
8262 2
10558 0
15413 2
2368 1
10561 2
10563 2
10565 2
18760 3
2377 0
614 2
2380 1
2381 2
10574 2
2383 1
2385 2
18771 2
2388 2
18773 3
10582 1
2393 3
10588 3
10589 2
2398 1
10591 2
8592 2
10595 2
18790 0
8809 0
12628 1
10602 2
10604 3
8594 1
10606 1
10607 1
10609 0
9103 2
10611 0
10612 2
10616 1
2426 1
2427 2
10621 2
10622 2
18815 2
10624 0
2433 1
18819 0
17539 3
15084 3
10630 2
2439 1
18824 3
1772 0
3344 1
2444 1
12902 1
10640 3
18833 0
2452 2
18837 2
18838 0
18839 2
10648 2
2458 0
18844 1
10653 1
10654 1
780 2
18851 3
12630 2
18853 2
18161 1
2472 2
8604 2
2475 1
2476 0
5874 2
10670 1
10672 2
2482 2
10676 0
2485 0
15433 1
17268 1
8539 1
2496 1
10689 3
6357 2
2500 2
2505 3
1783 1
10700 2
10701 2
10702 2
16803 1
2517 0
7176 1
10711 2
10712 2
16804 3
10714 1
10716 1
2525 1
2526 1
10719 0
2528 0
2529 0
2531 1
10724 0
10727 2
12711 2
11346 2
10734 1
10737 3
2546 2
9982 1
10742 2
10743 1
2552 1
10745 0
10746 0
2556 1
10749 1
2558 1
11349 0
16452 1
10754 2
10755 0
2566 3
10759 3
2569 2
2571 1
8621 0
10771 1
10772 3
10773 1
2582 2
10780 0
10781 2
10179 0
2591 0
10784 0
2594 2
359 3
10788 1
9619 0
8625 2
5895 2
10796 2
10798 0
10800 0
2610 3
10803 3
18636 2
2615 2
10808 3
10809 1
10812 1
10814 1
2624 2
2627 2
2628 1
10822 1
2631 1
2632 0
10825 0
2640 2
2641 1
2643 1
2646 2
12729 0
10840 2
3172 2
2650 1
14095 2
2653 3
2654 2
2655 2
10849 0
10853 2
17001 0
2664 0
10858 1
10860 1
10863 0
10864 2
10867 1
10868 0
446 2
10873 0
10879 2
10880 2
10881 2
10884 0
12738 0
2702 2
10898 0
10900 1
10901 2
10903 2
10905 2
10906 2
2715 2
2716 1
2718 2
16837 1
6910 2
2722 1
10915 2
2724 1
10917 1
17276 0
2731 3
2732 0
10925 1
8747 2
2735 1
10928 3
11379 3
12745 2
1823 2
10940 2
10941 0
2750 1
2751 0
2755 0
2757 0
2758 2
12457 2
2764 3
18210 0
17550 2
2767 1
2768 1
2769 0
10020 3
2774 0
2776 0
18212 1
2778 2
2779 2
10973 2
2782 1
14117 2
16848 2
2791 2
2792 2
2793 0
2794 3
2795 0
8658 0
10991 1
10992 2
2801 2
2803 2
4383 2
2806 3
2807 3
11004 2
10026 2
2814 0
2818 0
2819 0
11012 2
11014 3
11016 0
1819 0
11020 2
1837 2
2835 2
2840 0
11034 2
11035 0
11037 1
11038 2
11040 3
1840 2
2850 2
2851 1
11045 2
2854 1
2855 2
11053 2
12765 2
2865 3
11058 2
8787 2
18228 2
2874 0
2880 2
11074 2
2883 0
11077 1
11078 2
15099 1
2890 3
2891 2
11084 3
11089 2
11090 0
11091 3
11093 0
14137 2
2904 1
11097 1
2907 2
2910 1
2911 2
11408 2
6350 2
2917 0
2921 2
2922 1
2925 2
2927 2
2928 1
13191 0
11128 2
11129 2
6948 0
2939 2
11132 2
2941 3
9918 3
11136 2
2553 1
2950 2
11144 1
16059 0
11146 3
11149 0
11150 2
9373 3
11156 2
2968 2
11162 2
11163 1
2975 1
11168 0
2977 0
11171 2
2980 0
18246 2
11176 1
2985 2
10055 2
2988 0
2992 2
11187 0
3000 2
11193 0
11195 3
18250 2
8693 2
3010 3
502 2
9102 1
3016 1
9349 2
11214 2
11220 1
3031 1
3032 2
3033 0
11226 2
11231 0
3042 2
3044 2
11430 0
11238 2
11239 2
3048 3
3049 2
3050 0
3051 0
3052 1
3057 0
3058 1
3061 0
3063 0
3066 0
11259 2
3242 3
3070 2
3071 1
3074 1
11268 2
4609 1
11272 2
3087 2
921 2
14168 1
4611 2
17571 1
3100 0
11293 2
11295 2
3104 0
3105 1
14171 0
11300 2
3109 0
3110 2
3115 3
11309 0
11310 1
3119 2
3122 3
12809 1
14175 0
3134 0
11327 2
11328 2
3140 1
3141 2
11334 2
11335 2
11336 2
8288 2
12896 0
3147 2
4621 2
11344 2
3154 3
18275 1
3156 0
3157 0
11350 1
3160 0
11353 1
11355 3
3258 2
18079 2
3168 3
3169 3
11364 1
11366 0
11368 0
3177 3
3180 3
11373 2
3261 1
3186 1
3187 2
3188 2
11382 2
3191 2
3192 1
3194 2
6653 1
3198 0
5562 1
11393 2
11397 2
11398 2
3207 2
1900 2
11403 2
3213 0
11406 3
3215 2
3216 2
11411 2
3220 1
1902 1
3224 3
11460 0
10095 2
11421 2
676 2
11425 2
11426 3
11428 3
3237 1
3238 2
11431 2
11433 2
11434 2
11435 2
3244 0
13747 1
3250 2
3251 0
3253 1
11447 0
11450 2
543 2
11453 2
3266 0
3268 2
11461 1
3270 1
545 2
3272 0
12384 1
9929 2
11468 0
3277 0
12657 2
3280 2
18296 0
3282 0
9111 2
15566 0
3286 1
3287 2
11480 0
11471 2
3294 0
8293 1
11488 1
9657 0
3299 0
3303 1
3305 1
16935 2
3568 0
3310 2
11504 3
3313 2
11506 1
8860 1
3316 0
10476 3
3318 0
11514 2
3323 2
8746 2
11518 2
3328 1
3330 1
555 2
3333 1
1921 2
16940 2
17480 2
12712 3
11532 2
3341 0
3342 1
11536 1
3347 0
11540 2
5567 2
11544 2
3353 1
3354 2
11550 1
3359 3
3361 0
11554 1
11555 1
14214 2
11558 3
11559 2
3370 1
14215 0
11565 1
3375 2
3377 2
11570 3
3380 1
3381 1
11574 2
11575 0
4660 2
3386 3
3387 1
3389 2
3390 0
11584 3
3296 0
3394 2
16385 2
16950 2
3399 0
10279 2
18517 0
1933 2
1750 1
13207 1
3414 0
11608 2
3419 2
3422 1
3423 1
3424 3
8843 2
11622 0
10129 2
3434 1
3435 3
11629 0
5570 3
11634 2
3444 2
11637 1
3446 2
11639 1
11641 2
3453 2
11299 1
3458 3
12663 2
11658 0
11659 2
12866 2
3470 1
11666 2
3478 2
3479 2
11672 2
11674 0
3483 1
8697 0
581 1
3488 2
3489 3
3490 2
3491 2
3492 0
11685 3
3495 2
1753 3
583 1
3501 1
3502 2
6045 1
11696 2
8776 1
3506 0
11703 1
11508 2
3515 1
11709 1
18736 1
3520 2
3521 2
11717 2
3527 2
8028 3
8780 1
5573 0
11724 2
16973 0
17303 0
11738 1
3548 3
11741 1
14245 1
11744 2
11754 0
11755 1
3564 3
11758 2
11760 2
11761 1
18390 0
3572 1
3573 0
11766 0
3576 0
3579 1
3583 2
11776 2
3585 2
3587 1
11780 3
5643 3
7425 3
18348 1
11786 1
11788 2
11789 2
1965 2
3601 3
13759 0
3607 0
11800 2
13772 2
11806 2
11808 1
3619 2
3621 2
6940 0
1969 0
4700 0
11821 1
11822 0
16989 1
14851 2
11825 2
11826 2
14259 1
11831 1
11833 1
3643 0
11838 2
11840 0
3649 2
11843 2
11844 2
11845 2
3655 1
11848 2
11849 0
3658 2
3659 0
3660 3
16994 2
3662 0
3663 0
3664 2
11857 0
11858 2
3668 0
3671 2
3672 1
3673 1
3674 2
3675 1
3679 2
11873 1
11874 1
3685 2
3687 0
3688 1
11883 1
11884 2
11886 2
11889 1
3702 2
3703 2
3704 1
3706 2
17002 1
11902 2
952 1
3713 2
3715 1
3717 2
3397 0
11913 1
11915 0
11916 0
3727 2
3730 2
11923 3
17855 2
3734 2
18372 1
3738 1
11931 1
11854 0
3741 2
3745 2
12127 2
3747 1
3750 1
11944 2
15645 3
18376 2
3762 1
3763 2
3764 1
11957 0
347 3
3768 0
3769 2
3770 2
10186 2
17013 2
3778 0
3779 1
11975 1
3784 2
3785 3
3792 0
4728 2
11989 0
898 2
7460 2
15901 1
11999 2
3808 2
3811 2
13446 3
3813 0
3814 1
15655 2
3821 2
12925 1
3825 3
638 0
12023 1
3832 1
3834 2
9675 1
3841 2
12034 1
12037 2
17937 2
12041 1
3373 3
14296 2
12053 1
3862 2
12055 2
12058 2
4766 1
12065 0
3876 2
12069 1
3322 3
3879 2
3880 0
12077 2
12079 3
12088 3
12089 1
12091 2
11041 2
12094 2
17035 2
12100 2
12108 2
12109 2
12110 2
18134 2
6115 3
3928 2
18404 2
12123 0
3932 3
12126 2
3935 0
17040 1
15134 1
3950 0
12136 2
8959 0
658 0
12142 2
12154 0
3965 2
12158 2
17045 0
3968 3
3973 1
3393 1
3976 2
3978 2
3979 1
12172 1
12173 0
3983 2
3985 2
18630 0
3989 2
3990 0
3992 3
12185 1
3995 1
12188 2
12189 0
12190 0
3999 0
133 2
4002 1
12197 3
4006 2
14321 2
13055 1
12202 2
4011 2
12206 1
4016 1
4019 1
4771 2
4024 1
17055 2
8863 3
10556 0
12960 2
18794 0
12230 1
673 2
18138 2
2733 2
12235 0
674 0
12238 3
12240 1
4050 1
12243 2
12244 2
12248 2
12249 1
12250 2
12251 2
4063 2
12257 0
12258 2
12260 1
12262 2
4071 0
12265 1
10774 1
12269 3
4079 0
12272 2
4776 2
12278 1
12279 2
12281 0
4090 1
4093 1
4095 0
12288 0
12289 1
8875 2
3307 1
4102 3
4106 2
18413 3
12300 2
12466 1
3416 0
4114 1
4115 0
4118 2
12314 2
4124 2
4126 0
12319 2
4130 2
12324 2
17050 1
12330 1
10247 1
4140 0
4142 0
14344 0
4148 1
4150 1
4151 2
12344 2
12348 1
3901 0
12981 1
12141 1
15714 1
12366 2
4176 3
4177 2
12372 0
2062 2
9084 1
12375 1
4184 2
12377 2
12380 0
4191 2
4192 2
12987 1
5868 2
12390 2
12392 1
4202 1
4203 1
4204 0
4206 3
7529 2
12408 0
18452 2
4218 1
12991 0
4220 2
4221 2
12414 2
4505 0
4225 2
4226 0
4228 1
12424 2
12426 0
4235 2
12428 3
8898 1
4238 0
4239 0
18382 1
6168 1
12434 2
14540 1
4245 2
12439 0
4249 1
12445 2
4255 0
4256 2
3440 1
12451 1
4262 2
14364 1
12459 1
12462 2
14365 3
12465 1
11599 1
12470 2
8905 2
4280 1
11636 1
6175 1
17098 2
12478 0
12481 0
12486 2
12487 0
4296 0
4812 1
4300 0
9090 1
4302 1
12496 1
4305 1
12499 1
4308 2
8910 2
3449 2
9418 1
4815 2
12509 2
4318 2
4320 2
12514 0
4323 2
4325 2
1235 2
12521 2
4331 1
12524 1
4333 2
4335 2
4336 0
4337 2
12530 1
4341 1
4342 2
4344 3
12537 3
12539 2
12540 0
12541 1
8917 1
4352 3
4354 2
18475 0
4359 2
12554 3
12559 1
4237 0
4370 1
2094 1
4374 2
12567 1
4377 3
4378 0
10287 2
4380 2
12573 0
7557 2
4385 1
4387 3
12580 2
4389 2
4391 2
4392 1
2098 2
12590 3
12592 2
12594 1
2099 2
12596 2
4407 0
4408 2
12603 3
4418 0
12611 2
4421 0
4422 2
12615 2
12617 2
4427 1
12621 1
12624 2
6200 1
12626 2
10786 2
4436 2
15758 2
4438 3
4836 0
12634 0
7567 2
12636 0
12638 2
17125 2
7568 2
4450 1
18491 0
13030 2
15761 2
12648 2
12649 1
743 0
12652 2
4462 2
10301 2
4464 2
744 2
12662 1
4471 1
12666 0
12667 0
12668 2
4842 1
7573 1
12672 3
13650 3
4484 1
4485 2
4491 1
12685 2
12686 2
4497 0
4498 2
4501 0
4504 2
10308 0
4508 2
4509 1
4510 1
4511 1
4513 0
4517 1
4518 1
4519 0
4520 0
4522 1
10311 2
4524 1
12717 1
4529 2
13043 2
4532 1
12727 1
4536 0
4537 2
12730 1
12732 1
12734 0
4853 0
4544 1
12737 1
4546 1
12739 2
12740 0
4552 1
4553 2
12746 1
4855 2
12748 2
4557 1
4559 3
12752 0
12754 2
8608 1
12757 2
4566 2
11684 2
4570 1
4571 0
12764 0
4573 1
4574 3
4575 2
4576 3
12770 1
17147 0
4580 1
4581 1
4582 2
4583 1
4584 0
12780 1
12781 3
12783 1
4593 2
12786 0
12787 2
12788 2
12790 0
12792 1
12794 3
12795 0
4605 2
4607 1
13056 0
4610 1
12803 1
4617 2
12811 2
4620 0
12813 2
12429 0
4626 2
12820 2
4629 0
4632 2
4633 2
12826 2
12827 1
12828 0
4637 1
6149 0
4642 0
6235 2
4645 0
4647 0
12840 1
18524 1
12842 2
12843 1
12844 3
4653 0
4654 1
12847 2
4656 1
12849 0
4658 2
12852 2
4661 0
4662 0
12306 2
12856 2
4665 2
12859 1
4668 2
12861 2
4670 2
18528 0
4674 1
7606 0
12870 1
4679 0
12873 1
12874 1
12876 2
4686 2
4687 0
5814 2
12882 2
12884 1
4695 2
4696 1
4697 1
4698 2
8975 2
16733 2
12893 0
4703 3
10710 2
4705 1
4708 1
4709 1
4710 1
4711 1
12906 2
12907 0
4716 3
4717 0
12911 1
4721 2
4723 0
4726 1
2153 2
12920 1
4729 2
12923 3
4732 0
4733 2
8981 2
4736 2
5886 2
12930 2
12933 0
4744 1
12938 0
4748 1
12941 1
4752 1
4753 2
12946 1
4761 0
14447 0
12956 2
12957 1
12958 0
4768 2
12961 2
12963 1
12964 2
4773 2
12968 1
4777 1
12970 2
12972 2
6433 1
8989 1
4784 1
7624 3
16213 0
17182 1
4790 1
4793 1
4795 3
12989 2
4798 0
4799 1
12992 0
12994 1
4803 3
4805 1
4806 1
4807 1
4808 1
4809 2
13780 1
4811 3
13004 2
4813 1
13007 1
4819 1
12696 1
13013 1
4822 0
4525 1
4826 1
4827 1
6266 2
4831 1
11072 1
4833 3
13027 0
13028 0
4838 0
4839 0
6306 1
17191 0
13037 1
13039 0
4848 1
13041 2
13042 2
4851 2
4097 0
13045 1
4854 0
13047 0
13050 2
13051 2
13053 0
4863 1
4864 3
4866 0
13060 0
4869 1
4871 0
17196 1
4874 2
4877 2
4878 0
13077 2
13078 0
7641 0
10372 1
13103 3
8619 3
13087 0
4896 3
13090 2
13092 1
13093 1
13097 2
2183 2
13100 1
13102 1
4911 2
6983 0
13107 0
4916 2
4917 0
13110 1
9711 0
13108 0
13114 2
4927 2
4929 0
4930 2
4931 2
9014 3
4934 1
13128 1
12985 0
13130 2
4939 0
13134 1
13135 2
13136 2
13138 0
10382 2
4955 0
13148 2
7530 1
4958 2
4959 0
13153 2
17211 1
13156 0
13157 2
13164 2
4974 0
4979 1
13172 0
4981 2
13174 0
13175 2
13177 1
9023 2
4989 0
4990 2
4992 1
4994 1
4997 2
13121 0
5001 2
13195 0
13196 0
5005 3
2076 2
13199 1
18584 1
5010 0
13123 2
13204 2
797 1
13206 1
5015 3
13208 2
13209 2
5018 1
12715 2
13214 1
13215 3
5024 2
5025 2
18587 3
13220 2
5030 2
5032 0
5034 3
5035 2
5036 3
13229 2
5038 0
10397 0
5043 2
13237 1
5047 0
5049 3
10290 0
13245 2
5054 1
5057 3
10534 2
13252 0
15862 2
2209 0
714 1
13257 2
13261 2
845 1
5072 3
5073 3
13267 2
13270 3
13271 1
13272 0
169 1
13275 2
13276 2
5085 1
13278 2
14501 0
5088 1
17232 1
13282 2
13283 2
13284 0
6144 1
5095 2
13288 2
13290 1
5099 1
5102 2
13295 1
13300 2
13301 2
13302 1
13303 2
5113 2
13307 1
13309 1
13311 2
7890 2
5121 2
5122 2
13315 0
5124 2
5125 0
13320 2
10412 2
5130 1
5132 2
18605 2
14811 2
5137 1
5138 0
13332 2
13334 0
5143 1
5144 2
13337 2
9446 1
13348 1
13350 0
5160 0
17244 0
13355 2
5167 1
13360 2
5171 1
13364 3
13150 3
13366 0
18612 1
5179 0
5180 0
13376 3
13378 2
10422 2
5191 2
13384 2
13387 1
5196 2
5197 3
5198 2
7693 2
13394 0
4963 3
5209 2
5211 2
2234 2
5214 2
5216 0
14631 2
13410 1
13413 2
13414 2
18620 2
17255 0
13421 0
13510 3
1835 1
5232 3
13427 2
13428 3
18622 2
16814 2
13433 2
13435 2
5244 0
13437 1
14632 2
5249 2
5251 2
14905 2
5254 0
5255 0
5258 1
13453 1
5265 2
13458 0
13459 0
13460 0
13461 0
14360 1
5272 0
5273 0
5277 0
13470 3
18629 2
8632 2
13477 2
5086 1
5289 0
12724 1
693 2
5293 2
5295 1
5297 0
8087 0
13494 3
13496 2
13497 1
5306 1
13173 2
13504 2
5315 0
5318 0
13511 2
13512 1
13513 0
7073 2
13519 2
13520 2
13521 0
14542 2
889 0
5336 1
5338 0
5340 2
5345 2
5349 2
10449 2
13544 2
13545 3
13547 2
5357 1
13551 2
13552 2
5361 2
5362 2
13129 2
13557 0
13558 2
5369 2
5371 1
5372 2
13565 2
5374 1
13567 3
17280 1
13570 3
13572 2
13573 2
13578 2
13580 2
13581 0
5390 0
13583 2
14552 2
13586 0
13587 2
13588 2
3630 2
13593 1
745 1
5401 2
13594 3
13596 2
13602 2
2267 1
13607 2
9095 2
13613 0
5422 2
5423 0
5424 0
17335 0
13621 2
5432 0
13626 3
13628 1
5437 2
5441 2
13634 2
5444 2
13638 2
5448 0
13641 2
13642 1
3639 2
5637 1
9101 0
15768 1
2091 2
12184 2
5461 2
5463 1
5464 2
5465 2
13658 2
5007 1
5469 1
13664 0
17767 1
5476 0
2278 2
13670 2
13672 2
5481 0
5482 0
5483 1
13676 0
5485 0
5486 2
14640 0
13680 0
18664 0
5490 1
13683 1
4820 2
3646 0
5496 2
5497 2
5498 2
13695 2
13696 2
13697 2
13699 0
13702 2
11841 2
5513 2
13277 2
13707 2
13708 3
13710 2
5519 1
13713 2
13714 1
5524 2
13718 2
9113 0
13720 2
13723 2
13727 1
5538 0
13732 2
14369 2
13734 1
5545 1
5550 2
5021 2
18734 2
5556 1
15749 1
5561 2
13754 2
5564 1
10485 1
18586 2
6911 1
11851 1
18678 0
13766 0
5576 1
5579 2
5580 1
5581 2
5583 2
5587 1
5588 3
13781 1
13782 2
13785 3
13786 0
13788 3
13790 1
13791 2
11856 3
13222 3
5607 1
5608 1
5609 2
5610 2
5612 2
3666 0
13806 1
5615 3
5619 1
8916 2
5623 0
5624 2
11860 1
5627 1
5628 1
938 1
5630 2
13823 1
5632 1
15736 1
13827 0
15958 3
13830 0
5493 2
13834 2
11863 1
10498 2
13841 0
10294 1
13843 0
5653 1
13846 2
11645 1
10554 2
13852 2
5661 1
9136 2
5666 0
15963 2
10502 2
5670 1
2371 2
13867 2
5684 3
5686 2
11919 3
5698 2
13893 1
6412 2
13898 3
13899 0
13900 0
6413 1
13904 0
5713 2
5716 0
5719 1
13916 2
11877 2
2320 0
13922 1
1009 1
13925 0
13926 3
13927 1
13928 1
7556 0
6418 0
13934 3
11880 1
14611 1
18708 2
5754 2
13949 3
5758 2
18709 3
5763 2
5765 2
13249 3
13960 3
13964 3
13965 0
13966 3
15981 0
5776 2
5777 2
3694 1
5782 0
13978 2
10522 1
13982 0
13253 2
4021 1
13986 2
18715 3
16287 0
17350 0
13990 0
13993 2
13997 0
5806 0
14000 2
5810 0
14004 3
14006 3
14007 1
7796 3
5819 1
5820 1
5823 2
3740 0
14022 2
5831 0
5836 1
5837 0
5841 1
5843 2
14036 1
5845 0
2221 0
14042 2
5851 3
5853 2
14047 1
5857 1
5858 2
5859 2
5860 2
2342 2
14054 1
2603 2
5865 1
14059 1
14060 2
5869 2
3709 2
5873 1
14066 3
14069 0
5879 2
5881 2
6442 1
14078 1
14084 1
15042 2
5896 2
13017 1
8573 1
11926 0
5903 2
5904 2
5907 2
5909 3
7100 0
5913 1
18746 2
11909 2
14113 3
5922 0
17770 3
5925 2
5927 3
14120 2
14121 3
14123 1
14125 2
14126 2
14127 2
14128 2
5937 0
14132 3
14133 2
5943 0
14136 2
5945 2
14138 1
14139 1
7563 2
2357 2
14144 2
14145 2
18742 0
14150 1
13624 1
14156 1
14157 2
5968 2
8655 2
5976 3
5978 0
5979 0
5981 3
5982 2
17381 2
14177 2
10555 0
5989 2
2364 2
13287 2
14189 0
14190 2
14191 2
14192 2
6001 0
14194 2
6004 0
14198 3
14199 1
14202 3
10559 2
6012 0
6013 2
1564 1
7829 1
14208 0
14209 0
6018 1
14212 2
6021 2
6022 2
6023 1
6024 2
14221 0
14225 0
14227 1
16025 1
14233 0
1007 0
6044 3
14237 0
14239 0
6053 1
9457 2
6055 1
14249 0
14253 2
10568 1
6067 2
6068 2
14261 0
6070 2
14264 2
14265 2
14267 1
5109 1
14273 1
14274 2
14277 2
14280 0
5931 2
14282 1
13569 2
14285 0
6094 2
14287 1
18752 0
6097 3
6099 1
6100 2
14294 0
6104 2
14298 1
10575 1
6108 2
1018 1
14302 2
14305 0
6114 3
14307 2
6117 0
10024 0
14320 2
6129 2
14322 2
14323 2
6132 2
1022 2
7947 2
6135 2
6136 2
18772 1
14330 0
14331 2
1841 2
14334 0
14335 2
14336 1
6145 2
18774 3
14343 2
6152 3
14345 3
6154 2
6157 0
6158 2
6159 2
14352 2
17411 1
6164 2
14357 2
18777 3
9108 2
6169 2
14363 1
6172 0
6173 0
6174 2
14367 1
6177 1
6182 0
14375 0
14376 2
6187 2
14380 0
16050 3
14383 0
17416 1
14386 2
6196 2
9225 0
14392 2
6201 2
423 2
6204 2
8170 2
6206 2
6207 2
2116 2
7410 2
14403 0
1025 2
6213 2
14408 2
14409 2
14413 2
14414 2
9229 1
6227 2
14420 2
14422 3
6231 2
15807 2
1187 2
14428 3
7866 2
8391 2
14431 1
6240 0
6241 1
6243 0
2406 1
14439 2
6251 2
16061 1
6256 2
481 1
14453 0
14454 2
6265 3
14458 2
3775 2
6269 1
6270 2
14463 1
14468 3
14470 3
6282 2
6284 0
14477 0
2413 2
6290 0
14488 3
14490 2
6301 3
1697 0
6304 1
14498 2
6309 0
14502 1
14503 2
14504 2
6313 0
6314 3
14509 2
14510 2
14512 1
14519 0
6330 2
6331 2
6332 2
6333 1
14527 3
14530 0
14533 2
14535 1
6348 3
6349 2
16851 2
2424 3
14546 0
6355 3
6356 1
14549 2
6360 3
6363 2
2256 0
315 1
14559 2
6368 2
6370 2
1576 1
14571 2
14572 0
11390 1
6383 1
6386 1
6387 2
6391 3
6392 0
6393 2
14586 2
14591 2
6407 2
14604 2
14605 0
7896 0
14671 0
6419 2
6422 1
14724 2
1071 1
14622 2
14623 0
14625 2
6436 1
6439 2
6440 1
14633 0
14634 0
14635 0
6445 1
6446 2
6448 1
10632 1
14642 2
10692 1
6817 1
6455 1
15755 0
14658 1
6467 2
6470 3
14664 1
14666 2
6475 0
14668 0
12700 1
14674 2
6485 0
14681 2
14682 2
6492 3
17947 1
18832 1
9218 2
6500 3
12006 0
6504 2
6505 0
18503 3
1035 2
7912 0
6519 2
6523 2
6526 1
6527 1
4309 2
14575 3
6532 1
14725 0
5186 0
14734 0
12013 2
16192 0
14740 3
14750 2
14751 2
6563 3
14761 1
14762 0
6575 2
6576 2
6577 1
14772 1
14773 0
6583 2
10312 2
1583 2
14778 2
14779 2
6589 1
14782 2
5675 1
14786 0
5195 2
8192 2
14791 2
14792 2
14793 1
6603 1
6604 2
14797 1
14800 2
14802 2
14755 1
14804 2
14805 2
6614 2
13019 2
14808 2
14809 2
6619 2
6621 2
14817 2
6626 3
14819 2
2130 1
6631 2
6632 2
14825 2
14828 0
14829 2
14830 2
6640 0
6642 3
5203 2
14838 1
917 1
14845 0
767 2
6657 1
6658 1
18859 1
14852 1
17494 2
16129 1
14859 1
6668 0
14864 2
6673 1
14867 0
14869 1
14870 3
6679 2
14874 2
14877 2
14878 2
14879 2
14880 2
14768 0
17499 2
6692 2
14886 1
6695 3
6697 2
6698 1
6700 0
6702 1
6703 1
6704 1
6706 1
14899 1
6708 1
6709 0
14902 2
14904 2
6713 0
6714 0
6715 2
12647 1
14911 0
14912 0
14913 2
14914 2
6723 1
6724 2
6725 0
6726 2
14921 1
6730 1
14924 1
1122 1
14930 0
6740 1
6741 0
6744 1
9316 0
6747 2
14942 3
6751 0
14945 1
14947 1
14950 2
6759 2
11682 2
6770 2
14963 3
14965 0
6774 0
5225 3
14971 0
14972 2
3499 0
14978 3
6787 0
6788 1
14983 2
6794 2
6795 2
6796 0
14989 0
6798 1
427 2
6803 1
14996 2
6809 0
6810 1
6811 1
15004 2
17412 3
13424 2
2944 2
11011 0
1591 1
6828 1
1138 2
6830 2
16157 2
6833 1
6835 1
6836 1
6837 1
6838 1
6839 3
13405 2
6843 2
15037 1
6847 0
15040 1
6850 1
6851 1
15044 1
6853 0
6855 1
6859 1
6860 1
6861 0
15055 2
9503 2
6867 1
6868 1
6869 1
6871 0
15064 0
12068 0
6874 1
6875 1
15068 2
15069 2
15070 2
15072 0
6881 2
15075 2
7974 0
6886 2
6887 1
15080 2
6890 1
500 2
6892 2
15085 2
15086 2
15087 2
6898 1
1737 1
15093 3
15096 3
6905 1
6907 2
6908 2
15101 1
15102 1
10709 2
15104 1
15105 1
6915 1
15109 1
3236 0
15111 3
15112 1
16870 2
15115 3
15116 2
6926 3
15119 0
6616 1
6930 1
15123 1
6932 0
15126 1
6617 2
15128 0
6937 0
6939 2
15132 1
6941 0
6942 1
15135 2
15136 1
15137 3
6946 2
15139 2
15140 0
15141 1
15142 0
15143 2
15144 0
15145 0
6955 0
6957 1
6958 2
9352 1
6963 2
6965 2
2283 2
6967 2
15160 1
15162 1
15167 2
6976 2
6978 0
1163 2
15172 2
329 1
15175 1
6984 1
15177 2
6986 2
15179 2
15180 1
6994 1
15189 0
6998 2
15192 0
15193 1
15194 2
7004 2
15197 2
7006 2
7008 2
7009 2
15202 2
7012 0
13457 0
7016 2
7017 1
7018 1
15212 3
9362 0
7023 1
7024 2
15217 2
15220 2
6633 0
15226 2
15228 0
15229 2
7038 0
7039 1
7040 0
15233 2
15235 1
7044 3
1174 2
7054 1
15241 2
7050 1
7052 1
15245 2
15246 0
7055 1
7056 2
15249 2
15250 3
3358 0
7062 0
7064 2
15258 1
15259 0
7068 1
15261 2
18233 2
15264 2
14832 0
7074 2
7075 3
13329 2
7080 0
9372 1
14966 0
7087 1
15281 2
16523 2
15286 1
7096 2
15289 3
15290 2
15292 1
16202 0
7102 2
2549 2
7104 0
7105 1
7194 2
7108 1
9377 2
15304 2
15305 2
7114 2
15308 1
1186 0
7120 2
15009 2
7123 2
15316 1
7126 0
15319 0
7129 2
7130 0
15324 1
7134 1
5285 2
7136 0
15329 2
7139 0
15333 2
7142 1
7143 0
7151 0
7155 2
10750 2
7158 2
7160 3
15355 2
7164 2
17578 2
7166 3
7167 0
15362 2
1195 0
15364 2
15368 3
15371 2
14505 2
15242 0
15375 1
15376 3
7186 3
2563 2
7188 2
7189 2
15383 2
15384 0
15386 2
7200 1
7203 2
13489 0
15401 0
7213 0
7214 2
15409 2
15411 0
7221 0
7226 0
15419 2
2150 2
7230 2
6667 0
15429 2
7238 2
7241 1
7243 2
15051 2
7246 2
15440 1
15445 2
15448 2
10767 0
1210 3
7264 2
15067 2
15461 0
15471 1
15473 0
15478 2
2580 2
15482 1
13503 2
15484 1
15485 3
15486 2
15488 3
15490 1
15491 1
7300 2
15493 2
15496 0
15497 0
15499 2
15500 2
15503 2
15504 0
15506 1
9518 2
15509 1
15510 2
15513 0
7323 0
15516 2
15519 1
15521 2
15522 1
15523 0
7332 2
244 3
376 2
7336 0
7337 0
15530 0
15531 0
15533 2
15535 3
8051 0
7350 1
9417 1
6687 2
15549 1
15552 1
11429 0
15555 1
15557 1
15558 1
7367 2
15561 1
15562 0
7372 2
15565 1
7374 3
17613 0
2595 2
15574 0
15578 0
15579 2
7388 2
3962 0
15582 0
7391 1
15584 2
7394 2
15588 1
15589 2
15593 0
15594 3
2599 2
15599 0
15600 2
15602 2
15603 1
7413 1
15606 2
17620 0
15610 0
15615 2
7424 3
15617 2
15619 0
9249 0
14432 3
15627 1
15628 3
15629 1
7440 2
15634 0
14894 2
7446 2
7447 2
15641 0
7450 2
7453 1
8069 2
9250 2
15652 1
15653 0
15654 2
14433 2
15657 2
15658 2
7469 2
2611 1
15668 1
15669 1
15670 3
15672 1
7481 1
8978 1
15676 0
15677 1
7488 2
7489 2
7491 2
15684 0
7494 1
15693 0
15694 1
6712 2
7506 2
9443 2
15701 0
15231 0
15704 0
15705 1
15706 1
15707 1
7516 2
15710 3
15712 0
15713 2
7522 2
15715 2
15716 0
7525 3
15721 2
15722 2
7532 2
15726 1
7535 0
7542 2
7543 2
7544 2
16618 2
6719 1
15741 1
15744 2
15745 2
15746 0
7555 0
15748 2
12182 3
7559 2
15752 1
7561 2
16279 0
15757 2
7566 2
15759 3
15760 0
7569 2
15762 2
15763 1
15765 2
7576 2
14916 0
7580 2
16282 1
15775 0
15778 0
15780 0
7589 0
15782 1
15783 2
7592 2
15785 0
7594 3
15787 3
15788 1
15790 0
12271 0
15794 1
16620 3
15798 1
7609 2
12191 0
15805 2
7615 2
7617 1
7620 2
17654 3
15816 2
15818 2
15820 1
15824 2
15825 0
7634 2
16291 2
15829 0
9465 1
8100 3
15834 1
7643 0
7646 2
7649 2
15842 0
15844 2
15845 2
15847 1
2437 1
7658 0
7659 1
15852 2
7667 1
17662 2
7670 3
4009 3
7672 3
17663 1
7676 0
7677 3
15871 1
7682 2
15877 0
9473 1
7688 2
7691 1
5378 2
7694 1
15892 1
4014 2
15895 0
9476 2
15898 2
7709 3
15902 1
17669 2
7712 2
8112 2
17442 3
7716 0
7717 3
15911 3
7089 2
10845 2
7728 2
15922 2
15923 1
7732 1
7734 2
7737 1
15930 2
7743 2
7747 2
15940 0
7751 2
7753 3
17989 1
15954 1
7765 2
7766 1
15959 1
15962 0
7771 2
7774 1
2441 2
15971 2
15973 2
7782 1
15979 1
7789 2
7791 1
10625 1
10856 2
7794 2
9491 0
15988 1
13353 0
15993 1
15994 2
15997 1
17685 2
16000 2
16003 2
2616 1
7819 3
533 0
16014 2
16021 0
7831 1
1079 2
16030 2
16325 0
16032 1
16034 2
16036 1
4038 0
16040 2
7852 3
7855 3
16049 1
17174 2
16056 1
7865 2
16058 0
7867 1
16060 2
7869 2
16064 2
16066 1
16629 0
16068 2
16069 2
535 0
16073 1
10628 2
7888 0
16081 2
16082 2
4900 0
16088 1
7897 2
7898 0
16091 2
7900 2
7901 0
7905 0
7906 2
16104 0
16106 2
16108 2
7917 2
16110 2
7921 3
16115 2
16116 1
16118 1
16120 1
7931 0
7932 2
7934 2
16127 3
7936 2
7937 0
5419 2
16134 0
16135 2
16136 1
7945 2
16138 2
16139 2
16143 2
7952 0
16145 0
7954 0
7956 2
7957 0
16345 1
16152 1
15268 0
16156 2
4058 2
7966 1
7968 0
13616 2
7970 1
4059 3
7973 0
16166 0
7975 2
8156 1
16170 1
16176 0
7986 2
16183 2
9524 2
16186 2
7995 2
16188 3
16191 1
8000 0
8003 2
16196 1
16197 0
16200 0
8009 2
8010 1
16204 1
16205 3
8014 2
16207 0
8017 3
8018 3
8021 0
4086 2
16220 2
8029 3
16223 2
8033 3
16226 0
9531 2
16228 3
8166 2
16231 1
5436 3
16235 1
16238 3
17725 0
16240 1
16243 1
16244 1
16245 1
8054 2
16250 2
1343 2
16252 1
16253 2
16255 0
1344 0
10201 1
16261 1
16263 2
16265 1
16266 2
8075 2
16272 0
8082 0
16275 0
381 0
16277 2
15001 1
8090 2
16283 0
16284 3
8095 3
16288 1
8097 1
8098 1
10907 1
16292 0
16294 3
16369 0
8104 2
8105 2
16301 1
16304 2
8115 2
8116 2
1634 2
1353 0
8121 0
16314 0
16317 0
16319 0
16321 0
8133 1
7363 0
16327 1
8727 0
17740 3
16331 1
8143 0
16337 2
15011 0
8149 2
8150 0
8152 3
10916 2
8154 3
17403 1
16349 1
16355 1
16356 0
16358 2
8167 0
16361 2
7637 2
8173 0
1636 0
1363 2
16382 1
8182 2
15017 1
16376 2
16379 2
8190 2
