8192 2
16385 2
16386 2
8198 2
16391 1
16393 2
8202 0
5463 1
10925 1
8211 0
16404 3
8184 2
8214 1
16407 0
16409 0
16411 1
16412 0
16414 2
16415 2
8224 1
16417 0
8227 2
8228 2
16422 2
16423 0
5184 3
8233 1
8237 2
16430 2
16431 2
16433 2
8244 3
16438 3
16440 2
8249 2
8250 1
16443 2
16445 2
62 2
65 1
66 1
16395 0
16452 1
8261 2
8262 2
1377 2
16456 2
73 2
74 0
17975 2
16462 0
16464 1
8276 1
88 2
16476 2
16477 2
16478 1
95 0
12551 2
16484 1
8295 2
16488 2
16489 3
1383 2
108 2
109 3
111 3
8305 0
116 3
12279 2
120 3
16505 0
122 3
10036 2
16509 1
8319 0
8320 0
8322 2
13675 1
16517 1
8326 2
16519 0
8328 0
16522 1
8331 2
8288 2
16527 2
16528 1
8337 0
8338 2
8340 2
5486 2
8345 3
8346 1
16540 2
158 3
8351 1
16544 3
162 2
163 2
8357 0
16550 1
9585 0
9280 1
169 1
170 0
8363 1
8365 1
16559 0
8368 1
15048 2
16562 2
8371 2
180 3
8374 2
8375 0
185 2
186 2
187 1
8381 1
190 3
13530 0
195 2
16580 0
9590 2
16583 2
8392 2
201 1
202 2
204 1
16590 3
207 2
2189 0
8401 2
16594 2
16595 3
16598 2
8407 2
16600 1
218 3
6863 0
8412 1
16605 2
223 2
8416 0
8418 2
1638 0
228 2
16614 0
16615 0
8424 2
233 2
235 3
16620 3
8430 2
17789 1
240 1
16625 0
8435 3
16628 0
246 0
8439 2
16632 2
250 1
8443 3
16636 2
16637 3
8449 2
260 2
16646 1
5505 0
9556 2
8460 2
8461 3
271 2
16657 1
274 2
8738 0
8469 2
8473 2
16666 1
284 1
285 1
8478 0
8479 0
16672 0
289 2
8483 0
8484 3
8485 2
8486 2
16679 1
8488 2
297 2
8490 0
299 1
300 2
8494 0
6877 0
8496 2
8497 1
16691 2
16695 2
16699 0
317 2
8510 2
319 2
320 3
8513 0
13707 2
11677 2
8517 1
16710 3
16713 0
8524 2
16718 1
16719 2
16721 1
4264 1
16723 3
15287 2
342 2
8535 2
16728 1
346 3
347 3
16732 1
16733 2
350 0
8543 3
354 2
16740 0
8549 0
359 3
360 2
8553 2
15079 3
366 2
8559 3
16752 2
16753 2
371 0
8564 2
374 2
16759 1
16760 0
378 3
379 0
16765 2
8574 0
384 1
387 0
388 1
8583 3
392 1
15084 3
8586 0
16779 2
396 1
397 3
8592 2
401 2
8594 1
16787 1
7924 3
8598 0
4714 1
68 2
410 2
9659 1
8604 2
416 0
16801 0
8610 1
419 0
420 1
8613 2
423 2
16808 1
16810 3
427 2
7791 1
16813 1
16814 2
16815 2
16817 1
16818 0
435 1
436 2
16821 1
438 0
8633 0
442 1
443 0
10423 0
8266 2
16831 1
16832 0
9632 1
450 1
454 2
455 1
16841 2
458 3
461 2
462 3
8655 2
464 2
8657 2
16850 3
5539 1
16852 1
16853 0
16854 2
6905 1
8665 2
474 1
16861 1
478 1
16865 0
8675 2
1446 2
16871 0
488 2
16878 0
8687 2
16880 0
498 0
8691 2
16884 1
501 1
16886 2
8695 3
8696 2
16889 2
16891 3
16896 1
16900 2
16902 2
519 1
10017 3
8714 1
524 2
8718 2
8719 3
8720 1
529 2
16930 2
8725 1
535 0
536 3
8729 1
538 0
16923 2
8732 1
16925 2
16926 2
6917 2
16928 2
16929 2
546 1
8739 3
548 1
8741 0
551 1
16937 2
8746 2
8748 3
18022 1
558 1
93 3
16946 2
565 1
8758 2
8759 1
8761 1
16954 2
8764 1
573 1
574 0
8767 0
16960 1
8769 1
16962 2
8771 3
16964 2
8773 2
16966 2
583 1
584 2
11261 3
8780 1
589 1
6925 0
16976 1
8785 0
16978 2
595 1
16980 2
17849 2
8793 1
603 1
8796 0
16989 1
8799 2
16992 2
611 1
8805 2
8806 0
1468 2
17002 1
8811 1
621 2
622 0
8815 2
8816 0
11512 2
627 1
8477 0
17854 0
8822 2
12393 1
4931 2
13759 0
8828 1
17021 0
17022 0
8831 0
8832 2
643 2
647 0
8841 2
8842 2
17035 2
17036 2
8845 0
654 0
655 2
657 3
17042 2
6937 0
17048 3
17049 1
8858 2
667 2
17053 2
8862 2
8863 3
672 0
673 2
674 0
6939 2
676 2
8869 2
17062 0
8871 2
8873 2
17066 2
17067 1
17071 2
688 0
5576 1
17074 1
17076 1
17077 3
8888 3
17083 1
700 2
701 2
702 1
296 0
8898 1
17091 0
8902 2
712 2
17097 2
8906 2
17099 2
716 1
6946 2
8910 2
13773 0
8912 3
3769 2
17106 0
11043 0
8916 2
725 1
727 2
8921 2
730 2
17116 1
733 1
17119 0
17120 2
1488 1
13371 3
741 2
742 0
8935 2
744 2
8938 2
17131 1
749 0
750 2
17137 2
17139 0
17140 0
17141 2
17143 1
17756 0
8953 1
764 2
766 1
17151 2
8963 2
17157 0
774 1
17159 3
17161 2
496 2
17164 1
2433 1
782 3
8975 2
17168 2
786 0
787 2
788 2
8981 2
790 2
791 1
8984 1
17177 0
8986 2
8989 1
17182 1
8991 2
8992 3
801 2
802 1
17187 2
8996 2
17190 1
807 2
808 2
811 0
27 0
17201 1
9011 2
17205 1
9015 0
9018 2
9019 1
8330 2
9022 3
9023 2
17218 1
139 3
670 2
9697 3
841 1
844 2
845 1
5751 2
17231 0
3491 2
17233 2
17234 3
851 0
17236 3
17239 1
856 0
17241 1
8335 0
860 3
861 2
862 0
17247 2
144 2
9059 0
17252 2
17254 1
12433 2
9065 2
874 3
875 2
17260 2
146 3
17262 0
879 2
17264 0
17265 2
882 0
883 1
17268 1
885 1
9078 0
17271 2
888 2
889 0
9082 2
9083 1
17276 0
17277 1
894 2
17280 1
17281 0
898 2
900 1
9093 1
9095 2
17288 1
17290 2
14245 1
17292 1
910 1
911 2
912 3
17297 0
17299 0
916 0
917 1
17302 2
9111 2
920 2
9113 0
17307 2
17308 2
17309 0
926 3
17313 2
12306 2
9123 2
932 3
11215 1
936 3
156 0
17322 2
17324 2
17325 1
2759 2
5619 1
9142 0
9144 3
16543 2
9352 1
17342 2
960 2
961 1
11463 1
963 0
9157 3
17351 1
9161 0
970 0
9164 0
17358 1
975 0
17362 2
11086 1
17367 1
17368 1
987 1
9182 0
16549 2
17376 0
17379 2
17381 2
17384 0
1003 0
1006 0
17391 0
3034 2
9201 0
1010 1
17395 2
17396 2
1013 2
17399 2
17401 3
9210 1
4753 2
9214 3
9216 0
1025 2
9218 2
171 2
1028 1
6998 2
17414 0
9224 1
17417 1
1035 2
9228 2
9229 1
4094 3
11096 2
17426 2
9236 1
1045 1
17432 2
5636 0
17435 3
17440 2
9250 2
17444 3
9734 0
12465 1
17450 1
1067 2
9262 2
9263 1
9264 1
17457 0
17458 2
9267 0
9270 2
17463 1
1081 0
9274 2
1084 0
17469 0
9279 2
17472 0
1089 3
17474 2
17476 0
17477 1
1094 3
17480 2
9740 2
7410 2
9292 1
16949 0
9300 1
17493 0
17495 1
17496 3
17497 3
9307 2
9308 1
9309 1
9310 0
9311 2
9312 2
1121 0
17506 2
1124 2
17509 2
9318 0
17511 1
17512 1
9322 1
17516 2
9325 0
9326 0
1135 2
17520 1
1137 0
1138 2
14768 0
9332 2
1141 1
9338 2
17532 2
17533 3
1150 2
17535 0
9344 1
9346 2
17539 3
1156 3
9349 2
3039 1
17544 2
7020 2
17546 2
1163 2
9356 3
9357 1
17552 1
17553 2
9362 0
17556 2
1173 2
1174 2
1175 2
9368 2
1177 2
1178 0
17563 2
1180 1
9754 2
16581 1
17568 0
17569 2
1186 0
1187 2
1189 2
17574 1
4404 0
1192 2
17577 1
17578 2
8391 2
9388 2
1200 0
1201 0
1203 2
9397 2
14247 0
1208 0
17593 2
17594 1
9403 1
17596 1
1213 1
1214 3
15221 0
1217 2
9410 2
17603 3
17604 0
1221 2
9416 1
17609 1
9418 1
1227 0
17612 2
17613 0
17616 0
17499 2
9427 2
9428 2
1237 2
1240 0
1241 2
11130 0
5497 2
17632 1
9441 2
17634 1
9443 2
17636 1
15345 0
9446 1
209 2
17640 1
17641 1
17642 1
9451 0
1666 2
9453 3
1133 2
17648 0
17649 1
1266 0
17651 0
15775 0
9461 2
17654 3
17655 3
1273 2
1274 0
7039 1
17660 2
1277 1
17662 2
17663 1
9472 0
17665 2
1282 0
9477 2
17670 0
1287 1
1290 1
18592 0
9484 1
1293 3
1294 2
216 1
17682 0
1299 1
1300 3
1301 2
17686 2
1304 2
17689 2
1307 0
9500 0
17693 3
17694 0
9503 2
17696 1
1313 3
219 0
17702 2
18593 2
1322 2
1324 2
17710 2
8413 2
17792 0
17715 0
1334 2
17719 1
17721 2
1338 1
9531 2
17724 0
9533 2
17726 2
1343 2
1344 0
17729 1
7051 1
16139 2
17737 2
1355 1
17741 2
10138 3
9551 1
7683 2
12515 3
12866 2
1369 2
9562 2
9563 0
9564 0
17757 1
1375 2
9569 2
17762 2
13883 0
17767 1
1384 3
17504 2
9578 1
9579 2
9582 2
16616 1
17779 2
1398 0
8425 3
592 1
9593 2
9594 2
9595 2
9596 0
9597 2
9599 0
9600 1
9601 2
1410 2
9604 2
17797 3
9606 1
1415 2
17800 2
12524 1
9610 2
9611 2
9615 2
1603 2
1428 0
17813 1
17814 2
17820 0
9629 1
17822 3
1605 0
1440 2
9634 1
9635 2
1444 2
9637 1
9638 3
9639 2
9642 0
17835 2
9645 2
17840 2
17842 2
16627 0
17844 0
17846 0
17847 1
4340 0
17850 1
17851 1
17852 2
9662 2
17855 2
17856 0
9669 2
9670 0
7073 2
7687 1
9673 1
1482 1
9675 1
9676 2
1485 3
9678 3
1613 2
17872 0
3665 0
2979 2
9685 2
4345 2
9689 0
9690 2
1499 3
9692 2
9693 1
9694 0
17887 2
17889 0
17893 0
9702 2
17895 0
17896 1
17900 2
9709 2
9711 0
9712 2
1521 3
17907 0
15714 1
18004 2
9722 2
1531 0
17919 0
11481 3
17921 0
17922 0
9942 2
17924 0
1542 2
9815 2
1548 2
9741 2
17935 1
13912 1
17938 0
17940 0
17941 1
1561 2
1562 0
7087 1
17949 2
17951 2
16419 1
1416 3
8454 0
17959 2
1576 1
17961 0
9770 1
1579 2
17966 1
1583 2
17968 0
17969 0
17971 2
1589 3
1591 1
9784 2
17977 2
17979 2
1596 2
17981 1
1600 2
17985 2
9795 0
17989 1
1608 1
9801 2
599 0
17995 2
17997 3
17998 2
17999 0
1616 0
18001 2
9810 2
1619 2
9812 0
3001 2
18008 1
9817 2
15057 0
1627 0
9820 0
8415 1
1630 1
18015 2
1632 1
9826 2
9828 1
9829 2
4157 3
1640 2
1643 1
18028 1
9838 1
18032 0
12330 1
1652 2
18037 1
1655 2
2510 0
12286 1
1659 0
1661 1
1662 2
1664 1
9858 0
18027 2
18052 0
601 1
1671 1
1672 3
18057 2
1674 2
9867 0
1677 0
18062 2
6942 1
9872 1
9873 2
13995 2
1687 2
18076 0
8474 3
1694 2
7109 0
1696 2
9840 0
18082 0
9891 3
9892 0
18085 1
133 2
1703 1
18088 2
1705 0
18091 2
1708 3
1709 0
1711 2
1712 1
18098 2
18100 1
1717 2
1719 2
1721 2
9914 3
18107 3
1724 2
1725 2
1726 2
1729 1
9922 1
9923 0
1732 2
8241 2
18118 1
8481 0
9928 1
18121 1
1738 2
18123 2
1741 3
18128 0
18132 1
18133 2
1750 1
5753 0
9944 0
1753 3
1754 1
18139 1
1758 3
18143 1
604 3
9953 0
18148 0
3025 1
1769 2
18155 1
18156 1
1773 1
18045 0
4392 1
18162 0
1779 0
18164 1
9854 1
1782 1
1783 1
18170 0
1788 2
9981 2
1790 2
18175 1
18048 2
18178 1
16683 2
11222 0
17245 1
18185 0
18186 2
9995 2
1805 3
18190 1
9999 2
10000 0
18194 3
10004 2
10006 0
10009 0
18202 1
18203 2
18204 2
1821 1
18207 2
18209 0
1826 2
1827 2
18214 2
1833 0
18218 2
1836 1
1839 2
18224 0
18225 2
10034 1
18227 2
334 3
18229 1
10038 2
1673 2
1848 3
18233 2
18234 2
18235 2
1852 1
10045 1
1855 2
10048 2
1857 2
1858 1
1860 2
10053 1
18246 2
18247 2
18248 2
18250 2
10059 2
18252 1
1869 0
18259 1
18261 1
18264 1
1881 0
18269 2
10078 2
10080 2
18275 1
18279 1
10088 1
10089 2
18282 1
3047 0
18284 1
17794 1
12884 1
11240 3
10098 1
10099 2
10100 2
18294 1
1911 0
10109 0
1918 2
1920 2
10113 2
18306 2
11243 2
1924 2
10117 1
18310 3
16705 1
18312 1
10123 2
18316 1
10125 1
11245 3
18320 0
10129 2
18324 2
10134 0
1944 0
1946 0
10139 2
10142 2
10499 3
5787 0
18340 2
8518 0
10151 3
1960 1
1961 2
18347 2
10156 1
1965 2
5789 0
18353 0
18354 0
1971 2
9886 0
18358 3
1975 1
18361 3
18363 1
1980 0
18366 2
1988 2
3885 2
1992 2
332 2
339 3
1996 2
10189 1
10190 0
18383 2
18384 2
18385 1
5687 2
10196 1
2005 1
18391 0
2009 0
2010 1
18398 0
2016 0
18401 1
18404 2
10213 2
18409 3
10218 2
2027 0
12626 2
18414 3
18415 2
10225 0
18419 1
18420 2
2037 0
18424 1
4436 2
18426 1
10235 2
18428 2
8797 3
2047 2
2048 0
18434 3
9899 1
10244 3
18437 0
10248 2
18442 1
18443 2
18444 0
2061 3
13533 1
2072 2
11268 2
1160 0
10267 0
16730 0
18462 3
10271 0
10543 2
18096 2
2043 1
16731 0
10276 2
10279 2
2088 2
10281 2
10282 2
2091 2
10285 1
10286 1
349 1
10290 0
18483 2
8526 2
10294 1
2105 0
10298 2
18491 0
2109 0
10304 3
12640 1
10306 1
15371 2
2116 2
10309 3
10311 2
18505 2
10316 2
10317 1
10319 3
2128 1
2129 1
18515 2
10324 1
2133 1
10328 2
2138 2
18523 0
18524 1
10333 1
10335 2
2146 3
10340 3
18836 1
18534 2
9916 1
16743 2
18540 0
2157 0
9946 2
10351 2
14802 2
6073 2
10545 1
2163 1
2164 2
18110 1
10358 2
4457 2
9982 1
10366 2
2175 1
2176 2
15071 0
18564 0
10373 2
4437 3
18567 3
2184 3
10377 2
10379 2
3997 2
4710 1
18574 2
2191 1
10384 0
10386 1
18579 2
10390 0
2199 2
10392 2
2201 2
18586 2
2208 3
2209 0
18594 2
18597 3
10407 2
2216 1
892 2
2218 1
18603 0
10412 2
12349 1
10415 2
2225 1
16755 2
10421 2
10422 2
18615 1
18616 1
9076 0
10426 1
2236 2
18122 1
2238 2
18626 3
10435 2
18628 2
18630 0
18631 0
18632 2
18633 0
18634 1
12663 2
2252 1
18637 1
2254 2
10448 3
15236 0
18642 2
18644 2
18649 0
18651 1
10460 1
8219 2
10463 2
10464 1
1979 1
11302 0
10470 2
2280 1
18665 2
10475 1
10476 3
10479 2
18673 0
10484 2
18679 3
2297 2
18682 1
18683 1
18685 0
2303 0
18688 1
2953 2
10498 2
2307 2
18692 2
18693 2
10502 2
2311 0
10505 2
10507 2
18700 2
12674 3
10510 0
18703 2
18704 1
10514 2
2323 0
10516 3
10517 1
18710 2
2327 1
18713 1
18714 1
10523 2
10525 0
18722 0
1755 1
18725 1
2343 1
18733 2
10542 2
14045 0
10544 0
2353 1
2355 2
2356 2
18142 1
393 2
624 2
18746 2
2364 2
2368 1
10563 2
10564 2
9343 2
18760 3
16780 0
18763 0
2380 1
10573 1
10575 1
2385 2
2386 2
18771 2
2388 2
18773 3
18774 3
10583 2
2393 3
10589 2
2398 1
18785 3
10594 2
2403 1
14054 1
18790 0
10599 0
1767 2
10604 3
10605 1
10607 1
10609 0
18806 2
18807 2
10618 2
2427 2
10621 2
18814 2
18815 2
18816 2
10625 1
18819 0
10629 3
2440 2
9964 0
10634 1
10635 0
2444 1
18830 0
18157 2
10640 3
10641 1
2451 2
2452 2
18838 0
18839 2
10648 2
10650 2
18159 2
10652 1
10653 1
2462 2
3141 2
10660 2
18853 2
10663 3
2472 2
3143 2
2476 0
18861 2
10672 2
2483 1
10676 0
2485 0
2487 2
11764 2
8539 1
4511 1
12728 2
10685 0
10686 0
17541 1
8608 1
2499 3
2500 2
18511 3
8609 2
10696 2
10698 2
10700 2
10701 2
10702 2
8611 2
2516 2
2517 0
10711 2
10712 2
10714 1
2524 1
2525 1
10719 0
10724 0
10726 2
12843 1
16807 1
6419 2
13178 0
2542 1
18173 2
2544 0
4520 0
2546 2
2547 1
10740 1
10741 1
10742 2
2551 0
2553 1
1791 3
10748 2
10749 1
2558 1
10753 2
12715 2
10756 3
2565 0
2566 3
1793 0
10761 0
15634 0
7255 2
2574 0
4525 1
2578 1
10771 1
2580 2
10773 1
2582 2
2587 1
10780 0
10783 3
10785 2
2595 2
10789 2
4831 1
2600 2
2603 2
10796 2
10798 0
10799 1
2608 1
10802 0
2611 1
2615 2
10808 3
10809 1
10810 1
2621 1
10814 1
10819 2
2628 1
10822 1
2633 2
4535 3
10830 1
2639 0
2640 2
10833 2
10834 0
1806 1
2646 2
10841 3
2650 1
5903 2
2653 3
2654 2
2655 2
2657 0
10850 1
10851 1
10852 2
10853 2
4540 1
10858 1
10860 1
10862 0
10863 0
10867 1
10868 0
10869 1
2678 3
10873 0
2688 1
10881 2
10882 0
10884 0
2200 1
10886 0
16833 2
2703 0
2706 2
10900 1
18201 1
2712 0
10905 2
10906 2
10907 1
2718 2
10911 2
10913 3
2722 1
10915 2
2724 1
2730 1
2731 3
2732 0
7282 2
2738 3
2739 2
10184 0
2741 2
2742 2
10935 0
2744 0
2746 0
1823 2
2750 1
2751 0
10945 2
2754 2
2756 2
2758 2
10951 0
2761 1
2762 2
2764 3
10018 0
2768 1
2769 0
18240 0
10964 0
16846 1
2776 0
4559 3
10973 2
10974 3
2783 3
2784 0
8420 2
2787 0
2788 0
10981 0
10982 0
2791 2
2793 0
2794 3
466 3
10991 1
10992 2
2801 2
10994 1
16851 2
10998 0
2807 3
14278 2
1437 3
11004 2
10026 2
469 1
15488 3
9184 2
11011 0
11012 2
2822 0
11015 2
11016 0
2835 2
2836 1
12761 2
2840 0
11034 2
10031 2
12762 3
11038 2
11040 3
17695 2
2851 1
11045 2
2854 1
1841 2
2856 2
11053 2
4573 1
11056 0
11059 0
11062 0
11065 2
2874 0
2879 2
11073 1
2882 2
2883 0
18230 0
11078 2
481 1
11080 2
11081 1
11082 2
2891 2
2893 0
9098 2
18232 2
2899 2
2904 1
11097 1
4711 1
2909 1
17282 3
2911 2
10043 1
5007 1
2917 0
11110 3
17828 3
2925 2
2928 1
4584 0
2930 0
15507 2
11124 2
11128 2
11129 2
2938 2
10047 1
11132 2
12778 0
2944 2
11137 2
2946 2
11139 1
11140 1
11143 1
2952 2
11145 2
11146 3
11149 0
11152 2
11155 0
2967 2
16441 2
11163 1
2973 2
2975 1
2977 0
11171 2
2980 0
11173 1
11177 0
2986 0
2987 0
12786 0
11182 2
11183 2
2992 2
10056 2
2995 2
18376 2
11191 2
3000 2
11193 0
11194 2
1866 2
17558 1
3007 2
7738 2
3013 1
3014 0
3016 1
10060 2
11214 2
4465 0
8830 0
504 3
11218 1
11220 1
3030 1
11223 0
11224 2
15524 1
11226 2
3036 0
11229 2
11230 2
15525 2
3043 3
11236 1
11238 2
11239 2
3048 3
3049 2
3239 0
3052 1
3053 2
3240 2
3058 1
3061 0
3063 0
11258 3
11259 2
11434 2
1466 2
3074 1
3076 2
3079 2
11273 3
11277 0
12105 2
11281 2
3093 3
11286 2
3247 2
3102 2
11295 2
3104 0
11299 1
11300 2
3110 2
3112 1
17562 1
12652 2
11327 2
11329 2
11331 3
495 0
11334 2
11335 2
11336 2
16908 1
11345 1
11346 2
10083 2
4058 2
15242 0
11350 1
3160 0
3162 1
10332 1
11356 2
18079 2
3171 2
11364 1
11368 0
3177 3
3178 1
11372 0
3181 3
3183 2
11379 3
11382 2
3191 2
9108 2
6373 1
3199 3
11393 2
11395 0
11397 2
11398 2
3265 0
8563 2
3212 1
3653 2
3215 2
3216 2
8728 2
11412 0
537 3
4411 3
11417 2
3227 3
12842 2
11425 2
11426 3
8731 0
11428 3
3237 1
11430 0
11431 2
11432 0
11433 2
3242 3
7367 2
11439 0
11441 3
3250 2
6003 1
11444 2
3253 1
9110 2
11450 2
11451 1
3261 1
11701 2
3263 2
11457 2
11458 2
3271 2
11465 3
3274 1
11467 1
11469 2
11470 0
3280 2
3282 0
3285 1
3286 1
11479 3
8740 2
3290 3
3291 2
11484 1
9657 0
13476 3
11492 2
3305 1
3306 0
11499 0
11500 0
3310 2
11503 0
11504 3
3313 2
11506 1
11508 2
3317 2
553 1
3320 2
11514 2
3325 0
11518 2
9658 2
11520 0
13477 2
11523 1
3333 1
1921 2
11530 1
3287 2
14210 2
8750 2
3350 2
3351 3
6931 2
3353 1
3354 2
3355 1
7386 1
3358 0
3363 1
1926 3
8533 3
17753 0
12850 2
11567 0
14216 2
3378 1
3380 1
3381 1
3386 3
3387 1
11581 2
4750 0
11583 0
3392 1
3393 1
11586 0
18315 3
3396 0
3399 0
6842 3
567 2
3406 1
3410 2
8697 0
11609 2
3420 2
8762 1
3422 1
13498 2
3427 2
11620 1
7781 2
1937 1
1478 1
16956 1
3434 1
3435 3
16644 2
3440 1
11633 0
14227 1
11636 1
12862 2
11638 2
3448 2
3449 2
11645 1
3456 0
3457 0
11650 2
3460 2
11653 0
11654 0
577 1
3466 2
11660 1
11661 2
3470 1
3471 2
3472 2
3473 0
11668 2
11502 2
3479 2
11672 2
3482 2
3483 1
3485 1
15600 2
1947 1
11684 2
3495 2
8775 0
3500 2
3501 1
11694 1
6045 1
3504 2
3505 0
11698 3
3508 0
18334 1
11704 2
11705 0
3515 1
12874 1
15605 1
3520 2
3521 2
2845 1
11717 2
3526 2
14302 2
588 1
5573 0
11724 2
11729 1
11732 0
11738 1
16975 1
3548 3
11741 1
11743 1
11745 2
3557 2
8601 2
11752 0
11754 0
1959 2
3564 3
8786 1
9680 0
3567 2
18344 2
3572 1
3573 0
11766 0
14249 0
596 1
15122 2
11773 2
1483 2
17821 2
3585 2
3588 0
11781 1
665 1
1964 2
11786 1
8791 2
8480 1
16985 1
11800 2
3611 3
3612 0
11806 2
11808 1
10283 2
3619 2
3621 2
11815 1
11817 0
11819 2
11821 1
3630 2
605 3
11824 1
3634 3
11833 1
11838 2
11839 3
11841 2
11843 2
11844 2
11845 2
3654 0
3655 1
11848 2
9426 2
14263 2
3660 3
11854 0
3663 0
3664 2
11857 0
3666 0
3667 2
9026 2
3670 0
3671 2
3675 1
3677 2
3679 2
11873 1
11874 1
6075 3
11877 2
7441 0
3688 1
3690 2
11883 1
11884 2
11885 0
3694 1
11887 2
3696 0
3702 2
12905 3
3705 0
3706 2
618 1
3710 0
11904 1
11905 3
11907 2
11909 2
11913 1
11914 1
11915 0
11916 0
13009 2
3730 2
3732 0
8814 2
11926 0
15641 0
5580 1
11934 0
3745 2
3747 1
11941 2
4762 0
11944 2
5035 2
15645 3
16492 0
11956 0
3765 2
3768 0
4724 2
11963 2
11968 1
3777 2
3778 0
3779 1
3782 2
3784 2
10188 0
4727 1
3790 2
3791 2
3792 0
12920 1
11988 0
18382 1
3798 2
3801 3
11999 2
12923 3
7462 1
3814 1
12924 2
12011 3
12013 2
8829 3
400 0
12019 0
638 0
15657 2
3832 1
2004 0
3834 2
17023 1
12029 0
12032 2
3842 0
16495 1
3855 0
6104 2
3858 0
8835 1
12053 1
3862 2
10201 1
3864 0
15102 1
3375 2
1477 1
4741 1
3873 0
3876 2
12069 1
3879 2
3880 0
3881 0
12074 2
12076 2
12077 2
3887 2
3889 2
12082 0
6110 0
12087 0
12088 3
12089 1
6111 1
3901 0
3903 2
12097 1
12098 1
12100 2
12102 0
12103 3
12104 2
652 2
12106 2
9132 2
4449 2
12109 2
12110 2
653 2
18134 2
9405 2
3923 0
3925 3
2020 3
3932 3
12127 2
3936 1
15675 2
14043 0
8849 2
3944 0
12137 2
658 0
3950 0
3389 2
3952 2
12145 1
12148 1
12149 1
3958 2
12956 2
3961 0
12154 0
12157 3
12158 2
3973 1
12170 2
12174 3
3983 2
12176 1
3985 2
3986 0
16612 1
12180 1
12181 1
12183 2
12184 2
3996 3
12954 0
3999 0
4000 0
14320 2
4006 2
10408 2
4009 3
12202 2
4011 2
12206 1
12207 2
12210 2
952 1
12212 1
4766 1
12214 2
12409 0
4024 1
17055 2
4029 2
12225 2
4034 2
14408 2
4037 3
4039 2
5590 3
4042 2
4044 2
9465 1
4057 2
12250 2
12252 2
4061 0
4063 2
12257 0
12258 2
12259 2
12260 1
12262 2
10236 1
12266 2
679 0
15139 2
12269 3
12270 2
4079 0
12272 2
12273 3
4086 2
4087 0
4089 1
12284 0
17867 0
7509 0
12957 1
12289 1
14838 1
12291 3
4102 3
12295 2
4107 2
12300 2
10242 1
4781 1
12304 0
4114 1
12307 1
12309 0
4118 2
2052 2
12314 2
4124 2
4126 0
4131 0
12324 2
8881 2
4137 2
4138 3
12331 2
4141 0
14344 0
11614 1
14059 1
4151 2
12344 2
12346 0
6154 2
4161 0
12355 1
4164 0
12357 3
7229 0
4173 2
12366 2
4175 2
4176 3
4177 2
11619 1
12372 0
12375 1
12377 2
12960 2
12381 0
12384 1
8323 1
12389 2
4198 0
4201 2
4203 1
4205 2
17085 0
7778 0
12406 2
15721 2
12961 2
12410 2
4219 0
4220 2
4221 2
4222 2
14357 2
12416 1
4225 2
4226 0
12423 2
12424 2
12425 1
18690 1
7807 2
17090 3
12431 3
12432 2
4241 0
4245 2
18457 1
4249 1
11871 2
4251 2
4255 0
4256 2
4257 2
15963 2
12451 1
4260 2
4262 2
12456 1
12459 1
17759 1
4270 0
10269 0
4273 0
12466 1
4277 2
12470 2
4809 2
4280 1
12473 1
12476 2
714 1
12478 0
4291 0
12486 2
12487 0
7543 2
12492 2
4301 1
12495 2
12496 1
4305 1
18467 0
543 2
12501 2
12502 2
12506 1
4316 1
12509 2
4318 2
4320 2
4322 1
4323 2
4325 2
4327 1
3833 0
2087 2
4332 2
4335 2
4337 2
4338 1
12531 0
12532 2
4342 2
12536 1
17057 0
12539 2
12541 1
12543 2
4352 3
4353 2
4354 2
4355 2
1236 1
4822 0
4359 2
12552 2
12554 3
4363 2
4364 2
3458 3
12559 1
4237 0
14330 0
4370 1
4372 2
4374 2
12567 1
4377 3
1502 0
12571 1
4380 2
12573 0
4383 2
4827 1
12580 2
4389 2
4391 2
12584 2
732 1
12588 2
4397 2
12590 3
4399 1
4403 2
12596 2
4405 2
7561 2
12601 0
12602 0
12603 3
4413 3
12611 2
12613 1
12615 2
12616 0
4425 2
12621 1
12622 1
12624 2
4433 1
4434 1
12628 1
11662 2
4438 3
4439 2
12632 1
4442 2
12635 0
12636 0
12637 1
12638 2
12639 0
4448 1
12641 0
4450 1
12643 1
12645 0
5331 3
7569 2
12649 1
12651 0
5598 0
4461 0
4462 2
18493 2
12657 2
12660 2
12662 1
4471 1
12664 1
4475 0
12672 3
2112 2
4482 1
8939 2
4484 1
4485 2
12678 1
4487 2
12680 0
13036 1
12685 2
12686 2
4497 0
4498 2
12692 2
4501 0
4503 2
10308 0
12698 2
4509 1
4510 1
6213 2
12704 1
12705 2
4515 2
4516 0
12521 2
4518 1
8061 0
12712 3
11880 1
12714 1
4523 2
4524 1
12717 1
4527 1
4528 2
4529 2
13043 2
4532 1
4533 0
12727 1
4536 0
4537 2
12730 1
12731 0
12732 1
12737 1
12738 0
12739 2
12743 0
4552 1
4553 2
12747 2
4557 1
14413 2
17144 3
12755 0
4565 1
4566 2
9523 0
3492 0
4570 1
12763 2
12765 2
4574 3
12767 3
4577 2
12770 1
4580 1
4581 1
4582 2
4583 1
12776 2
4586 1
4593 2
4594 1
4595 1
12788 2
17150 3
12790 0
12792 1
2132 0
12795 0
4605 2
12799 0
4608 0
13056 0
4611 2
12807 3
7246 2
4621 2
4623 2
2136 0
4626 2
12819 1
12820 2
15157 2
4630 0
849 2
4632 2
4636 0
10330 3
773 2
4641 2
4642 0
10331 0
11697 0
12840 1
12841 1
4650 2
4651 0
12844 3
4653 0
4654 1
12847 2
4656 1
4657 1
4658 2
12852 2
4662 0
12856 2
4665 2
4667 2
4668 2
12861 2
4670 2
4671 0
12865 2
4674 1
12868 2
4677 1
12872 2
780 2
4682 2
4683 0
12876 2
4685 0
4686 2
4688 1
16523 2
15801 0
4698 2
17167 2
12896 0
4705 1
4707 2
4709 1
12902 1
4794 2
4713 0
12906 2
4716 3
4717 0
11709 1
4721 2
16524 1
4723 0
12916 1
4726 1
12919 1
4728 2
4729 2
4731 2
4732 0
4733 2
17173 1
12928 1
12930 2
8982 0
4744 1
9978 2
12938 0
6177 1
4748 1
12941 1
12942 2
4752 1
12945 2
12946 1
4755 1
18708 2
8985 0
8069 2
4761 0
9433 2
4764 0
4765 1
12958 0
4767 1
4768 2
8215 1
12963 1
4772 0
12966 3
4776 2
7623 1
4780 0
6433 1
3978 2
17181 2
4784 1
12977 2
18547 0
12981 1
4790 1
12983 2
4792 2
4793 1
12986 2
4796 2
12989 2
12990 3
12991 0
4803 3
4804 2
4807 1
4808 1
7164 2
4811 3
4813 1
4814 2
4816 1
4817 2
13010 0
4819 1
13014 2
13015 1
6980 1
13017 1
4826 1
13019 2
13022 3
13023 2
13024 2
4833 3
13028 0
4837 2
13030 2
4839 0
4842 1
4843 2
4844 1
4845 2
13038 1
13039 0
13041 2
13042 2
15827 3
13045 1
4854 0
13047 0
4856 1
13051 2
13528 2
4863 1
4864 3
4865 1
4866 0
13060 0
4869 1
4871 0
4872 2
4874 2
4875 0
4878 0
18166 0
4882 1
13076 3
13077 2
4887 1
13083 2
13084 2
8619 3
13087 0
4897 2
4901 0
13096 2
8325 2
4907 0
4910 0
13107 0
4916 2
4918 2
4920 0
13114 2
13116 0
4929 0
13122 1
13123 2
13125 1
4934 1
7649 2
4937 2
4942 0
14477 0
13136 2
13112 1
4948 2
12417 2
13142 1
13144 1
8621 0
13147 1
13148 2
13150 3
4960 0
13153 2
13154 2
17211 1
13156 0
13159 3
13160 1
4971 2
4973 0
4974 0
17213 0
13170 0
13173 2
4986 2
13181 1
13184 1
4994 1
4997 2
13190 3
13191 0
5001 2
13195 0
13196 0
5005 3
13199 1
13201 2
591 1
17219 1
11758 2
13208 2
13209 2
17625 1
13711 2
5020 2
5021 2
13214 1
5026 2
13220 2
5030 2
5031 3
13227 2
5036 3
13229 2
5039 0
5040 0
5044 2
13237 1
5046 2
5049 3
5051 3
13244 2
13245 2
5054 1
13247 2
13248 1
13249 3
13250 2
10401 2
13256 1
13842 0
11136 2
13259 2
9199 0
2210 2
13262 2
5071 3
5072 3
8625 2
13267 2
13271 1
13275 2
13276 2
5088 1
5091 2
5095 2
12909 2
13290 1
5099 1
5100 2
13293 1
5103 1
18600 2
17235 0
13301 2
14955 2
13304 2
13140 3
5118 0
13311 2
5121 2
5122 2
5123 2
4950 2
13320 2
18604 2
5130 1
13323 2
5132 2
14901 0
14509 2
14811 2
13329 2
5138 0
13331 2
13332 2
13145 1
12091 2
15398 0
13339 3
16811 2
5150 0
5151 0
13345 3
5154 2
13348 1
13349 0
18609 0
13352 0
17244 0
13355 2
5167 1
13360 2
5171 1
4958 2
13366 0
11785 0
5179 0
13373 2
18613 3
13376 3
13377 0
13378 2
5187 0
18614 2
17249 0
13384 2
13385 1
13386 1
13387 1
5196 2
5197 3
3992 3
4963 3
18617 1
5208 1
5210 3
5211 2
13405 2
5214 2
13407 0
9691 3
2083 2
5218 0
5219 1
13413 2
13414 2
13417 3
5230 0
5231 2
13424 2
13425 3
1538 2
13427 2
5239 0
5244 0
13438 1
8358 0
5248 0
13442 2
13443 1
13444 1
5253 3
5255 0
13448 0
8904 1
5264 3
13458 0
4267 1
17263 0
5277 0
13471 1
5283 2
5284 0
5285 2
13481 2
17984 0
5292 2
5293 2
13486 1
5297 0
5299 0
13495 0
13496 2
884 1
5306 1
15903 2
13500 0
13504 2
5313 2
5317 0
5318 0
13511 2
13512 1
13513 0
5322 2
13515 1
13519 2
13520 2
13521 0
13522 0
11811 2
6350 2
723 2
5336 1
7716 0
5338 0
13532 0
13544 2
5345 2
5347 2
13542 0
5352 1
5353 3
7719 1
2258 2
5358 1
13551 2
7720 0
5363 3
9086 1
5366 0
5367 2
5369 2
5371 1
5372 2
5373 1
13567 3
13568 3
9088 3
13570 3
15915 1
13572 2
5381 2
13575 0
13577 1
13578 2
9092 0
13580 2
5389 2
13583 2
13585 2
13586 0
13587 2
13588 2
11822 0
5399 3
17284 0
11091 3
13596 2
5408 1
13602 2
13603 0
13605 2
13607 2
13608 2
13610 1
903 0
13612 2
5422 2
13615 1
5424 0
5425 0
13621 2
5431 0
13624 1
13626 3
5435 0
13628 1
5437 2
17639 1
5440 0
5441 2
5443 2
5444 2
5446 1
13640 1
13641 2
13642 1
16425 0
5457 2
5459 3
5461 2
13655 1
5465 2
13659 1
5469 1
13662 0
5471 0
13666 0
13668 3
5477 0
5478 0
10548 1
1819 0
5481 0
13674 0
9457 2
13676 0
13677 0
8438 2
18640 1
18664 0
5490 1
13683 1
15253 2
5496 2
13689 0
5498 2
5502 1
13695 2
13696 2
13697 2
13699 0
918 0
13703 1
13704 2
5513 2
919 0
8367 0
13710 2
5519 1
9112 2
5524 2
13718 2
17305 2
13720 2
13723 2
13727 1
6384 0
5538 0
9115 1
13732 2
13734 1
9459 2
14385 1
13737 2
7751 2
5548 2
13742 2
5552 1
5553 2
5556 1
17310 1
13752 1
5561 2
13754 2
5564 1
13757 0
13758 0
5567 2
5568 3
5569 1
6911 1
5571 1
13765 0
5574 2
3965 2
13768 3
5579 2
13772 2
5581 2
5583 2
8766 2
5587 1
13780 1
13782 2
13783 2
13784 1
9124 1
5594 2
13789 3
13790 1
13791 2
11856 3
13796 0
17318 2
10825 0
5607 1
5608 1
5609 2
5612 2
5613 1
11859 1
13815 0
1551 2
13820 1
5630 2
11355 3
18191 2
13827 0
13828 1
13829 0
5639 2
5641 0
13834 2
5643 3
13836 2
5645 0
5098 0
8917 1
13843 0
5653 1
13846 2
13847 0
5657 1
5658 3
5659 0
5661 1
5664 2
13858 0
11867 1
5668 2
5669 1
5670 1
13865 2
13866 0
13867 2
5676 1
13869 1
5684 3
5685 2
5686 2
13879 2
4281 0
5691 2
13884 2
13888 0
5697 2
5698 2
13894 0
13898 3
13899 0
13900 0
13901 2
18701 2
13295 1
17336 2
5714 0
5716 0
13911 2
5720 2
12599 2
13919 3
13921 1
13927 1
5736 2
5737 0
13935 1
5745 2
1402 1
5749 1
14376 2
2324 2
16405 2
5763 2
13097 2
10518 2
5057 3
5770 0
5772 0
13965 0
13968 0
14616 0
13970 0
17347 0
13974 1
13978 2
2102 2
10522 1
5791 1
18715 3
13990 0
13991 1
13993 2
9159 0
13997 0
5376 2
18717 2
5808 2
5810 0
5811 2
5812 0
5814 2
21 0
14012 1
5821 2
5822 1
5824 2
14017 3
3740 0
5067 2
10035 2
13514 2
5831 0
17356 2
3703 2
5836 1
14029 2
5838 2
14031 0
5841 1
5843 2
14036 1
15993 1
14040 1
5850 2
5851 3
5853 2
2377 0
5858 2
5859 2
5862 2
5378 2
18727 3
5869 2
5871 3
14065 0
14067 0
11109 2
14069 0
14070 0
5879 2
5881 2
14075 0
5884 0
14077 3
5886 2
18479 0
6443 2
14085 3
5901 1
421 0
14095 2
15745 2
5909 3
14103 1
5913 1
14107 0
14109 3
803 2
15200 0
5922 0
14116 1
5925 2
14119 1
5928 2
5930 2
14123 1
5933 2
14126 2
14127 2
14128 2
6968 0
17170 3
14132 3
14133 2
5943 0
14137 2
14138 1
14139 1
14140 2
14144 2
14145 2
17061 2
5878 0
5654 2
14156 1
14157 2
13283 2
2381 2
14167 0
14168 1
5978 0
14171 0
2362 2
5982 2
14177 2
7132 0
14180 1
5989 2
14186 2
13287 2
10838 1
14189 0
14190 2
14191 2
14192 2
14195 2
6004 0
14202 3
6011 2
200 0
6013 2
6015 0
6018 1
6019 1
14212 2
6021 2
6022 2
6023 1
6024 2
6025 2
14042 2
14221 0
16024 1
2371 2
14228 0
4020 1
14237 0
14239 0
14240 1
14242 0
14243 1
6053 1
1009 1
6057 2
14250 2
14253 2
14254 2
14256 1
6065 2
6066 3
14259 1
3314 3
6071 2
9204 0
14267 1
14268 2
14269 0
14270 0
14272 0
14274 2
14275 1
6086 3
6088 0
14281 2
6091 1
14287 1
14288 0
6097 3
6098 0
6100 2
14294 0
9209 1
14296 2
6107 2
6750 2
17402 1
10569 3
3749 0
6112 0
13297 0
6119 1
6123 2
9213 3
6128 2
6129 2
14322 2
14323 2
6132 2
13310 1
6135 2
6137 1
477 2
6140 2
14335 2
6144 1
2114 0
9217 2
6152 3
14345 3
2387 2
14347 2
6157 0
6158 2
6159 2
14353 0
1027 0
6164 2
6165 0
6489 0
14360 1
6169 2
14362 1
14364 1
14365 3
6174 2
6175 1
6176 1
14369 2
18482 0
6184 0
6185 2
6187 2
14380 0
17664 0
10299 2
14386 2
6196 2
14392 2
6201 2
6203 2
6206 2
6207 2
14664 1
14403 0
17597 1
14405 1
2278 2
1036 0
1298 2
14412 2
6221 1
14414 2
1037 3
14420 2
14422 3
6231 2
6235 2
14428 3
6501 0
14433 2
1026 2
6243 0
5137 1
17666 2
6251 2
14444 2
10301 2
6255 2
14449 2
6260 1
14453 0
14458 2
6267 2
14461 0
6270 2
11120 0
2333 2
2412 0
6282 2
6284 0
6285 0
13303 2
14488 3
14489 1
14491 1
6307 1
14501 0
14504 2
14505 2
6315 0
6316 2
6317 2
14510 2
483 2
14512 1
14513 2
6323 3
15759 3
11977 0
6330 2
6331 2
6332 2
6333 1
6335 0
6338 1
14533 2
14535 1
10734 1
14538 2
6349 2
14542 2
14545 3
14546 0
6355 3
6357 2
2121 0
6359 2
9252 2
6363 2
2426 1
6367 2
6368 2
14561 3
6370 2
10619 0
14565 1
17008 2
14569 0
13845 1
14571 2
6380 0
6381 1
14576 0
6385 2
6386 1
14579 0
6390 2
14583 0
6393 2
14586 2
6398 3
14591 2
14592 2
14593 3
14597 1
6407 2
16082 2
6409 1
14604 2
17126 2
14611 1
1070 1
6423 3
6424 0
6426 1
1071 1
6429 1
14623 0
14625 2
14626 1
17945 2
14629 1
14631 2
14632 2
6441 0
14634 0
14635 0
6445 1
6446 2
6448 1
6536 0
1734 1
6451 2
6452 1
6454 0
6455 1
14649 2
14651 2
6465 0
6466 2
6467 2
6468 1
5174 1
6472 0
6473 2
14666 2
9271 0
17128 3
14673 2
6479 0
3489 3
3811 2
14676 0
14679 0
6488 2
14681 2
14682 2
1082 2
18832 1
14690 2
17176 2
6500 3
12006 0
6505 0
6506 2
8868 2
6514 1
14707 0
14710 2
10644 2
6522 2
6523 2
16584 0
1088 0
14724 2
5673 3
6535 0
14728 3
14730 1
14731 2
6540 0
5186 0
14734 0
7917 2
18840 2
13379 0
14745 3
14746 2
14750 2
14751 2
14753 2
6562 0
5674 1
9493 1
14758 1
16113 2
8402 2
14761 1
14765 0
6575 2
6576 2
6577 1
14770 1
6580 0
14773 0
3031 1
14775 1
14777 2
14779 2
6590 0
6593 2
6594 3
6595 0
14789 2
14791 2
14793 1
7927 1
14797 1
14798 2
14800 2
14801 1
16738 1
5063 2
14804 2
14807 2
6616 1
14809 2
6619 2
6621 2
6622 0
2469 0
6624 2
14821 2
6631 2
14824 3
14826 2
13394 0
6639 2
14832 0
10664 1
6642 3
6643 3
6646 1
6648 2
14841 2
14842 2
1408 0
14845 0
9301 0
3840 0
14850 2
14851 2
11133 0
10668 2
14858 2
14859 1
14860 2
6671 3
9304 2
14868 2
14829 2
6679 2
4314 1
14873 2
14874 2
14878 2
14879 2
14880 2
6689 2
6691 1
6692 2
14886 1
6695 3
6696 3
6697 2
8952 2
6702 1
6703 1
6704 1
14899 1
6708 1
6709 0
14902 2
14903 2
6712 2
14120 2
10683 3
14912 0
14913 2
6723 1
6724 2
6725 0
14920 0
14921 1
14923 0
14924 1
6498 2
6734 3
14928 2
6741 0
1861 0
18228 2
6744 1
6747 2
6748 2
14942 3
6751 0
14945 1
6754 0
14947 1
6760 0
6762 1
9319 2
14957 1
14960 2
6770 2
6771 3
14965 0
14966 0
6775 0
17121 2
14971 0
14972 2
13193 2
10738 2
6788 1
6791 2
12774 1
6795 2
6796 0
6797 2
2954 2
14991 2
6801 1
6802 3
14787 0
14996 2
6806 0
6807 2
12591 1
6809 0
6810 1
13423 0
15004 2
15005 1
11138 2
15009 2
18558 0
15017 1
15740 1
500 2
6830 2
6831 0
6833 1
6200 1
6839 3
6840 2
17524 2
15034 2
15035 3
15038 2
15039 2
6849 0
15042 2
6851 1
6853 0
16725 1
6859 1
15053 2
15055 2
3428 1
6866 2
15060 3
6869 1
15062 1
6871 0
6872 2
15067 2
15068 2
15069 2
6879 2
6880 1
6881 2
15075 2
6886 2
6887 1
15080 2
6890 1
6892 2
15085 2
14803 2
15093 3
6902 0
12073 1
15096 3
6612 2
15098 2
5247 2
15101 1
6910 2
15103 1
15105 1
15107 1
6916 0
15109 1
15111 3
15114 2
6923 0
15116 2
15117 2
15994 2
15119 0
6928 1
14808 2
6930 1
15123 1
15124 3
6933 3
6617 2
15129 1
15131 1
15132 1
6941 0
15134 1
15135 2
15137 3
15138 0
17962 1
15140 0
2475 1
6950 0
15143 2
15144 0
15145 0
15148 2
6958 2
6961 1
6964 1
6965 2
6967 2
15160 1
15162 1
15167 2
6976 2
15170 1
15172 2
6984 1
15177 2
15180 1
6989 1
17549 1
1051 1
6993 2
15186 1
15188 0
15189 0
15190 0
15191 2
15194 2
7004 2
7006 2
7848 2
7008 2
7009 2
15202 2
3897 0
7018 1
15212 3
15213 0
15214 1
7023 1
7024 2
15217 2
7026 0
15220 2
7029 0
15225 1
15226 2
15229 2
15231 0
15232 1
2539 2
7044 3
7045 2
7046 1
15239 2
15240 0
15241 2
7050 1
17559 2
7052 1
7054 1
7055 1
7056 2
7057 0
15250 3
15251 3
7060 0
12448 1
7062 0
7069 0
7070 2
15264 2
15265 1
15266 1
3236 0
7076 1
15270 0
10737 3
15272 0
9372 1
15276 2
7085 0
15278 3
15279 2
15282 2
15284 1
236 0
15286 1
8009 2
15289 3
12595 2
15296 2
4601 1
7108 1
15301 2
7110 2
9377 2
904 1
16204 1
15307 2
15308 1
15310 1
15311 2
7120 2
7121 2
7122 2
7123 2
15316 1
15318 2
7129 2
16207 0
15324 1
15786 0
7136 0
15329 2
15330 0
7139 0
15332 1
15333 2
7143 0
6652 3
7147 0
7148 0
15344 3
17576 1
7154 1
17560 1
7157 2
7158 2
7160 3
15356 1
15787 3
7166 3
12117 0
9273 3
15363 2
7172 0
15368 3
12514 0
7179 3
7181 0
15374 0
15375 1
15376 3
15377 2
10755 0
7188 2
15381 2
7194 2
15388 0
1286 2
7206 2
13489 0
15402 2
7214 2
7216 2
15409 2
7218 3
7219 3
15413 2
15414 3
2569 2
15417 2
7226 0
7227 2
7228 1
2150 2
7230 2
1205 1
6667 0
15428 2
3752 3
6668 0
7243 2
15051 2
15438 0
15439 1
15440 1
9400 0
7250 2
15445 2
13497 1
7260 2
1210 3
7264 2
15457 2
1211 3
15463 0
7691 1
12135 0
15471 1
15472 2
12136 2
14427 2
17598 2
18161 1
15482 1
15484 1
15485 3
15486 2
7296 0
15490 1
7300 2
15496 0
7306 2
15500 2
1218 2
15503 2
15504 0
15505 0
15506 1
9411 2
15509 1
15510 2
7322 0
15515 0
15518 0
15521 2
7330 0
15523 0
7332 2
244 3
3953 1
15529 0
15532 3
15533 2
15540 2
9792 2
1063 2
2591 0
17610 2
7358 0
15552 1
11429 0
7362 1
5323 2
7365 0
15558 1
14881 1
15561 1
15562 0
7372 2
15565 1
7374 3
15568 3
15574 0
12153 1
15578 0
15579 2
7388 2
15581 1
15582 0
7391 1
15584 2
15588 1
15589 2
15590 1
6793 0
15594 3
7403 1
11976 0
7405 2
7407 2
7408 2
15602 2
15603 1
15604 2
7413 1
15607 1
15608 1
17620 0
12634 0
9429 1
15616 0
15617 2
7432 2
16790 1
15627 1
15628 3
15629 1
15630 1
7440 2
15633 0
7442 2
13614 2
15637 2
7447 2
7449 2
7450 2
7451 2
7452 2
7453 1
7454 1
15647 1
7459 2
15652 1
7461 1
15654 2
5340 2
7467 2
15661 1
9437 0
16264 3
6269 1
15669 1
15670 3
1340 2
15672 1
7481 1
7482 0
7483 0
15676 0
15677 1
15679 0
7489 2
7490 3
18817 2
6710 1
12925 1
10807 0
7500 2
14904 2
2432 3
17635 0
15701 0
7510 0
15703 1
15704 0
15706 1
15707 1
7516 2
15713 2
7522 2
9379 1
15716 0
17638 0
15718 0
7529 2
15722 2
15723 0
7532 2
541 2
15726 1
15728 1
15729 1
7538 3
7542 2
15735 0
15738 2
7548 2
15741 1
15744 2
1888 2
15746 0
3252 3
15749 1
15752 1
15753 0
8087 0
15758 2
7567 2
15761 2
2627 2
15764 0
15765 2
7575 2
15769 2
5531 3
7580 2
7581 0
14917 1
15776 2
7585 2
15780 0
15781 1
15782 1
7591 3
7593 2
7594 3
7595 0
15788 1
17650 1
16285 0
15792 2
253 2
15798 1
5436 3
7608 0
9460 2
15802 3
7611 1
5888 2
7615 2
7618 0
15812 2
13558 2
15815 1
7624 3
15818 2
15820 1
14925 2
15824 2
7634 2
16291 2
2638 0
15830 3
17657 0
7640 3
15834 1
15837 0
7074 2
15841 2
15844 2
1251 1
7654 1
9468 0
15852 2
15859 1
7670 3
8105 2
7675 0
7676 0
4620 0
15871 1
15872 3
15873 0
15875 1
15877 0
15878 2
9473 1
15883 0
7692 2
7693 2
7694 1
7695 2
15890 2
7699 2
15892 1
4014 2
15895 0
9162 1
15898 2
15900 2
7709 3
15902 1
17669 2
7714 0
15908 1
9478 2
15910 1
15911 3
4571 0
7723 2
15916 0
15919 0
15922 2
4019 1
15925 2
7734 2
7737 1
15930 2
17674 2
4021 1
7747 2
15940 0
15941 0
10845 2
6753 0
7753 3
7759 1
10624 0
7765 2
7766 1
15959 1
2660 1
15962 0
7771 2
15970 3
15973 2
7782 1
7783 0
7785 0
15978 3
15979 1
7789 2
7790 1
12221 0
15984 0
7795 0
15988 1
9492 2
7802 0
15996 0
8716 1
15999 1
16000 2
5562 1
16002 2
16003 2
7898 0
7817 1
7819 3
16014 2
16015 1
11990 1
16017 2
7080 0
7829 1
5401 2
7832 3
16025 1
7838 2
7839 2
7841 3
16034 2
7843 1
16036 1
16037 1
16038 2
16040 2
16041 1
16043 2
7852 3
16045 3
16049 1
16050 3
3727 2
7867 1
16060 2
16061 1
1353 0
2677 2
16064 2
7873 1
16066 1
7875 1
16069 2
17697 0
16073 1
14967 0
7884 2
16081 2
7890 2
7891 2
7893 2
2681 0
16088 1
7897 2
16090 1
16091 2
7900 2
7905 0
7906 2
18056 0
7912 0
5415 0
16108 2
16109 2
16110 2
15725 0
16114 2
16115 2
16116 1
16117 2
15983 2
16120 1
16121 1
16123 1
16126 0
16129 1
8150 0
16136 1
7945 2
16138 2
7947 2
4629 0
7949 2
16143 2
16144 0
13631 2
7955 2
9000 1
7957 0
16150 2
16152 1
7961 2
7962 0
338 1
16157 2
7966 1
7968 0
13616 2
16162 3
4357 1
7974 0
7975 2
14983 2
13093 1
7986 2
1331 1
8406 1
16182 1
16183 2
8995 2
16186 2
8875 2
16191 1
16192 0
8001 1
10632 1
16196 1
17718 1
16200 0
16201 1
16202 0
8012 0
4745 1
8014 2
14989 0
17725 0
8022 0
8024 0
16356 0
10895 1
16220 2
16224 2
8033 3
8036 1
8038 1
16231 1
16232 0
9532 3
16234 2
16235 1
4905 2
16238 3
1341 2
16240 1
16241 0
3341 0
8054 2
16248 2
6804 0
16251 2
16252 1
4074 1
16259 1
16261 1
16263 2
8072 1
16265 1
16266 2
8075 2
12544 0
8082 0
16275 0
1363 2
16279 0
16281 1
542 2
16283 0
16284 3
2714 0
16287 0
16288 1
4080 3
16290 0
2715 2
16292 0
8101 1
16294 3
16295 1
17455 0
7037 1
16301 1
16304 2
16305 0
8179 2
2127 0
8119 0
16312 2
4362 0
16317 0
16319 0
6481 2
16325 0
12711 2
16327 1
15001 1
16329 0
16331 1
8292 2
9549 2
8144 1
16337 2
8146 2
8148 0
8149 2
16342 2
16344 2
10916 2
8154 3
16349 1
2181 1
6000 0
8162 0
13638 2
16357 0
16359 1
8168 2
16362 2
7869 2
8172 1
16367 2
9555 1
16382 1
16376 2
1364 3
16379 2
4637 1
8190 2
