8192 2
16386 2
16387 2
16388 2
16389 0
16393 2
8202 0
8203 0
16396 1
8208 0
3001 2
16404 3
16405 2
16406 0
2455 2
8219 2
16412 0
16413 2
16414 2
16415 2
8226 2
8232 0
8237 2
1373 3
16432 0
16433 2
52 1
8247 1
4201 2
16441 2
8250 1
16443 2
16445 2
62 2
8258 0
16452 1
69 1
16454 3
16455 2
8264 0
73 2
8266 2
75 2
16460 2
8269 0
79 3
16464 1
8275 2
84 3
16469 1
8278 2
88 2
90 1
8283 1
16478 1
5477 0
98 2
15035 3
16484 1
8293 1
8295 2
8296 2
4528 2
8299 1
16492 0
8302 2
8303 2
115 1
116 3
2750 1
16502 0
8313 2
122 3
6847 0
4256 2
16509 1
126 2
8319 0
128 1
16516 1
16517 1
8326 2
8327 3
16520 2
8329 0
16522 1
8331 2
16524 1
16525 0
18281 0
144 2
8337 0
15043 2
151 1
8345 3
8347 3
16540 2
157 0
161 0
27 0
8356 3
16550 1
17777 0
9100 2
170 0
8363 1
8368 1
8369 0
178 0
17779 2
183 2
185 2
187 1
16572 3
6858 2
190 3
191 0
8385 0
194 0
6859 1
16581 1
8391 2
200 0
201 1
202 2
8396 0
8400 0
8401 2
16594 2
8403 3
16607 1
16598 2
8407 2
16600 1
15055 2
220 2
8413 2
223 2
16613 2
230 0
16615 0
8424 2
233 2
16618 2
8427 2
8430 2
17789 1
240 1
16626 2
8435 3
244 3
8737 2
246 0
16631 0
16632 2
8443 3
16637 3
254 0
17792 0
16642 0
6828 1
261 2
16646 1
263 2
4140 0
6871 0
269 0
9829 2
16657 1
16658 0
16659 0
16663 2
8474 3
17296 3
284 1
285 1
286 1
8480 1
15067 2
8484 3
16677 2
8486 2
16679 1
8488 2
16681 1
16683 2
18660 1
8496 2
17800 2
308 2
8502 1
11457 2
16697 2
315 1
16700 2
16701 2
15559 3
319 2
320 3
6880 1
324 1
8517 1
16710 3
18560 3
16439 1
8524 2
6882 3
16718 1
16719 2
16721 1
1375 2
8533 3
16728 1
16730 0
16731 0
16732 1
16733 2
16734 1
8543 3
16737 2
354 2
358 1
16743 2
16744 2
8553 2
365 2
10105 0
8560 1
16753 2
8563 2
8564 2
16759 1
376 2
378 3
16765 2
384 1
7105 1
16774 1
16775 1
8586 0
396 1
66 1
16784 2
16785 3
16786 1
16789 3
8598 0
407 2
8601 2
16794 3
411 2
8604 2
16800 3
16803 1
420 1
8613 2
16807 1
424 0
8617 0
71 1
8621 0
16814 2
16456 2
436 2
16821 1
438 0
13108 0
8633 0
442 1
443 0
10423 0
74 0
16830 1
16833 2
8642 0
16837 1
454 2
8268 2
459 0
461 2
462 3
16847 0
464 2
466 3
16851 2
468 0
470 1
8665 2
8667 2
16860 0
16862 1
16865 0
8674 0
483 2
8676 0
16869 0
16870 2
8679 2
4804 2
16876 3
8687 2
496 2
17843 2
500 2
15102 1
5545 1
8696 2
8276 1
2199 2
509 3
16900 2
2150 2
8711 0
16261 1
8713 1
8714 1
8715 0
524 2
16909 1
8719 3
528 2
529 2
532 3
533 0
8727 0
537 3
538 0
8731 0
8732 1
8282 2
542 2
6917 2
16928 2
1456 0
8738 0
8739 3
548 1
549 2
551 1
16937 2
8746 2
16939 1
16940 2
16941 0
558 1
559 0
6920 2
16946 2
13747 1
16948 0
16949 0
16950 2
8761 1
8762 1
16955 0
572 0
573 1
575 1
8769 1
8771 3
581 1
8775 0
8777 0
16970 2
588 1
565 1
16975 1
16976 1
16977 0
594 0
16980 2
8791 2
16985 1
8795 3
8796 0
14734 0
16990 2
8800 1
8802 1
611 1
8804 1
16997 2
8806 0
615 3
616 3
617 0
17002 1
619 2
620 3
17005 1
8814 2
8815 2
8816 0
4200 3
6931 2
17012 3
629 1
6022 2
17015 0
632 0
633 2
13759 0
8828 1
17021 0
17022 0
17024 2
8835 1
17029 0
17030 1
8841 2
17034 0
651 0
17036 2
18298 2
654 0
17040 1
657 3
658 0
8852 0
8855 1
664 0
17049 1
17050 1
667 2
17052 2
8862 2
17055 2
8864 2
673 2
674 0
6939 2
676 2
17061 2
17062 0
8871 2
11036 2
17066 2
8875 2
17068 3
12402 1
17073 2
17075 0
8885 2
8887 3
8888 3
17081 0
15135 2
8892 1
702 1
10389 0
8898 1
17091 0
17093 1
8902 2
712 2
17097 2
17099 2
7116 1
6946 2
2206 0
719 3
8912 3
17105 0
8914 2
8917 1
17111 2
17112 0
8921 2
730 2
17115 2
17116 1
8925 2
17119 0
17120 2
17121 2
8932 0
17125 2
17126 2
743 0
744 2
12412 2
8938 2
17131 1
8940 2
749 0
751 3
752 3
17138 1
8947 1
17140 0
6953 2
8952 2
8953 1
762 1
763 0
17150 3
17151 2
768 0
17154 0
771 1
8964 2
13782 2
17159 3
14731 2
8971 2
780 2
782 3
784 0
1496 1
17170 3
787 2
788 2
17173 1
790 2
7606 0
8985 0
17178 2
17180 2
17182 1
133 2
8992 3
801 2
8995 2
17188 2
16518 2
17191 0
808 2
8483 0
17194 2
16519 0
1118 2
17201 1
17205 1
9014 3
12848 2
17208 0
825 2
17211 1
8330 2
15157 2
832 2
139 3
9028 0
17224 3
9033 1
9034 0
17227 1
844 2
8757 2
8333 2
17235 0
9045 2
9046 1
17239 1
856 0
17241 1
858 1
17243 1
17244 0
861 2
862 0
863 0
9059 0
9702 2
873 1
874 3
875 2
877 3
17262 0
879 2
17264 0
17265 2
147 0
17268 1
5609 2
888 2
889 0
9082 2
9083 1
892 2
894 2
4245 2
9088 3
900 1
9093 1
17286 1
903 0
6498 2
17291 2
17292 1
15170 1
910 1
911 2
912 3
17297 0
914 1
17300 1
9109 3
9112 2
921 2
922 2
17307 2
17308 2
9578 1
17310 1
17311 2
17313 2
9123 2
932 3
11078 2
8348 2
9136 2
9137 2
9139 2
9142 0
9144 3
9145 0
17338 1
959 2
961 1
17346 0
9155 2
17348 0
17349 0
17737 2
17354 3
17358 1
7943 2
9307 2
17364 2
9173 2
17368 1
16548 0
17371 0
3007 2
13818 3
17379 2
17381 2
18691 1
17389 3
1007 0
9201 0
1010 1
17395 2
17396 2
18310 3
9209 1
1018 1
9212 1
1021 0
9216 0
17409 1
9218 2
16555 3
1028 1
9221 1
6608 2
9228 2
1037 3
17422 2
17430 2
17431 3
17432 2
17433 1
18584 1
17435 3
1052 0
9245 2
1054 2
9252 2
13830 0
177 1
17448 1
10401 2
17450 1
9310 0
9262 2
9263 1
9265 1
1971 2
17460 1
17461 3
9270 2
9271 0
9272 3
9274 2
17470 0
17472 0
7008 2
17474 2
1091 3
17476 0
9287 0
17480 2
9290 3
4704 1
1100 0
17487 2
17488 2
9297 0
1107 1
17934 2
17495 1
9304 2
17497 3
1115 1
9308 1
17502 3
1119 2
17504 2
17505 0
17507 2
1124 2
17509 2
9318 0
17512 1
1129 0
17514 2
9323 0
17516 2
1137 0
17523 2
9332 2
17525 1
2921 2
1144 2
9337 3
17531 0
17532 2
11114 3
1150 2
1151 1
1153 0
17538 1
17541 1
17542 1
17544 2
17546 2
1163 2
9357 1
17550 2
17551 2
17552 1
17553 2
9362 0
17556 2
1173 2
1174 2
17559 2
17560 1
1177 2
7023 1
17564 2
197 2
1184 3
11120 0
17570 2
17571 1
1189 2
17575 1
9384 3
17577 1
17578 2
16583 2
9388 2
17581 1
9390 1
17584 3
1201 0
17587 0
9396 1
17589 0
9398 1
4297 0
17595 2
17596 1
10319 3
17598 2
17599 1
9408 0
1218 2
17603 3
17605 1
9414 0
9415 1
13647 2
17609 1
17610 2
17612 2
9421 2
17616 0
9425 1
17499 2
9427 2
17620 0
6282 2
9430 0
13047 0
1241 2
1242 3
12556 0
17628 2
1245 0
17631 0
1251 1
17636 1
17637 0
9446 1
17639 1
9448 0
1257 0
17642 1
1259 1
17645 0
17647 2
1264 3
17649 1
17650 1
17652 1
9461 2
9462 2
1272 3
17657 0
9467 2
17660 2
1277 1
9470 2
17664 0
2944 2
17666 2
1579 2
9476 2
8545 0
17670 0
9479 2
17672 0
1290 1
11138 2
9778 0
9773 2
12504 0
17682 0
17683 0
9492 2
9494 1
17687 1
17689 2
9499 2
17692 3
1309 2
9503 2
1313 3
17698 0
17699 2
15804 3
17703 2
9982 1
17707 2
1324 2
17970 0
17710 2
6318 0
2952 2
1331 1
2953 2
9531 2
17725 0
17726 2
17727 1
9536 0
17729 1
1346 2
1353 0
1354 1
1355 1
2500 2
4322 1
17743 2
1360 1
9555 1
1364 3
9558 1
9560 3
1370 2
17756 0
17757 1
9566 0
229 3
17760 2
9569 2
17762 2
17763 0
1381 2
1383 2
1385 3
1386 3
1387 1
9580 1
1391 0
9585 0
2963 3
9590 2
9592 1
9594 2
17787 3
9596 0
9597 2
1408 0
235 3
17797 3
9606 1
1416 3
9610 2
9611 2
1420 0
1422 2
9615 2
17809 0
9618 0
9795 0
1428 0
1430 0
9623 2
9626 2
17820 0
1437 3
9630 2
1439 2
1440 2
1441 1
9635 2
1444 2
9637 1
9638 3
9639 2
9640 2
1449 2
9642 0
17835 2
15324 1
9645 2
17838 3
17840 2
17841 1
3049 2
1460 3
17846 0
9657 0
9659 1
1468 2
9661 1
9669 2
9671 1
9673 1
1482 1
9676 2
1686 2
9681 2
9683 0
13902 0
9688 3
9691 3
9692 2
9693 1
9694 0
17893 0
1414 2
17895 0
9706 1
9707 1
9709 2
253 2
596 1
1960 1
16638 0
17910 0
17911 0
9722 2
9724 1
12544 0
1538 2
17924 0
9734 0
9735 0
9815 2
9742 1
1551 2
9816 2
17939 0
1558 3
17944 1
17945 2
1562 0
15279 2
1564 1
17949 2
16645 1
11184 1
17955 2
17956 2
17959 2
9768 2
9770 1
3053 2
17964 0
1581 1
1583 2
1586 2
17971 2
17972 0
9781 1
1591 1
9784 2
17977 2
1594 1
17979 2
1596 2
1597 1
18014 3
9791 2
9792 2
17985 2
17986 0
17987 0
17988 3
18174 2
1608 1
9801 2
1610 1
1611 3
1614 1
17999 0
9810 2
8510 2
9812 0
1622 2
15289 3
18008 1
9817 2
1626 2
9820 0
18013 0
1630 1
18015 2
9825 0
9830 2
18022 1
1640 2
1641 2
1643 1
18028 1
274 2
18032 0
5736 2
9843 0
18036 2
9845 1
1658 3
7103 2
9852 0
1661 1
9854 1
9855 0
18048 2
18050 3
18052 0
1671 1
18056 0
18057 2
1674 2
279 0
18062 2
9872 1
9875 3
9876 0
18069 0
9878 3
1687 2
18076 0
1695 2
1697 0
18082 0
9891 3
1702 2
18088 2
9897 1
9899 1
9903 1
18096 2
9906 2
1715 0
1717 2
1719 2
1652 2
9914 3
4383 2
1725 2
9918 3
18037 1
16672 0
603 1
7115 0
9925 2
9927 2
9928 1
1737 1
9930 3
12578 0
18126 0
1746 2
291 1
1748 0
1749 0
9942 2
1751 2
1753 3
9946 2
1756 0
18141 0
1758 3
18143 1
10650 2
1764 2
1765 1
3025 1
1769 2
18156 1
18158 0
9967 1
1779 0
1662 2
1782 1
18167 1
18169 1
1788 2
1790 2
299 1
1798 1
18183 0
9995 2
1805 3
18191 2
10000 0
1809 2
10003 1
18197 0
18200 2
18201 1
18202 1
18203 2
18204 2
18207 2
1828 2
10023 3
18216 2
1833 0
10026 2
1835 1
1836 1
18221 2
1838 2
1839 2
10032 1
18225 2
10034 1
18227 2
18228 2
9865 3
18232 2
18234 2
10043 1
1852 1
18237 1
10046 2
18240 0
18241 0
1858 1
16694 1
1862 3
18248 2
10057 0
1866 2
12599 2
18252 1
15330 0
10428 0
18261 1
1880 1
1881 0
1882 0
1883 1
10077 1
10078 2
1887 2
1888 2
1889 2
18275 1
18279 1
10089 2
18282 1
18284 1
18286 2
10096 0
3048 3
10099 2
18067 0
1909 0
10102 0
1911 0
1913 2
10106 2
1918 2
1920 2
1921 2
18306 2
1923 2
1924 2
1925 3
1926 3
1927 3
18312 1
10124 0
10125 1
18319 0
1937 1
10130 2
5632 1
1942 0
18328 1
1946 0
1947 1
1949 2
18334 1
18614 2
10146 2
10147 3
18340 2
10149 1
1958 0
18344 2
1961 2
10154 0
18348 1
18349 1
1966 0
10161 3
1970 0
18355 3
18358 3
1975 1
18363 1
10172 2
330 0
18366 2
18367 0
10179 0
18372 1
18375 1
1992 2
332 2
18379 1
10189 1
10190 0
8525 2
18384 2
18386 1
10196 1
2006 1
2007 1
2009 0
18394 2
2011 1
18398 0
10212 0
10213 2
4434 1
18414 3
18415 2
10225 0
18419 1
18420 2
18421 3
18424 1
18425 0
11743 1
10235 2
16725 1
18432 1
3887 2
18434 3
10243 1
18437 0
18443 2
2414 2
2061 3
2062 2
16926 2
10260 1
2069 3
2072 2
11268 2
1711 2
10268 1
2077 2
18462 3
1712 1
2083 2
1672 3
2088 2
2091 2
1979 1
10287 2
15891 0
2098 2
5811 2
2101 1
10294 1
10295 0
5812 0
10298 2
10299 2
2109 0
2112 2
18497 0
10306 1
18499 1
2116 2
14006 3
10310 1
18503 3
2121 0
10316 2
10317 1
18511 3
2128 1
2129 1
10324 1
10325 1
10328 2
10329 1
2138 2
15375 1
18524 1
1722 0
10335 2
887 2
10339 1
10340 3
16742 1
18534 2
11281 2
2152 2
2157 0
360 2
18547 0
10356 1
10357 1
10358 2
2167 0
2169 0
10363 0
10365 2
10366 2
2175 1
2176 2
10372 1
10373 2
18567 3
18569 1
10379 2
10382 2
10384 0
18579 2
2197 3
10391 1
8307 2
18586 2
18590 0
2207 1
2209 0
18594 2
18595 2
18597 3
18598 2
10407 2
18600 2
18601 0
2218 1
10411 2
18604 2
10413 0
10414 1
18608 0
18609 0
4467 0
10420 2
10422 2
18615 1
18616 1
11295 2
2236 2
1738 2
10432 2
10433 2
2243 2
18629 2
8459 2
18631 0
10440 2
18634 1
2251 2
2252 1
2254 2
10448 3
18641 2
2258 2
2260 2
2261 1
2262 0
18647 2
18649 0
2266 0
10460 1
18564 0
10462 0
10464 1
2275 2
2276 0
2278 2
18665 2
18666 2
10475 1
18130 1
10479 2
5798 2
2292 0
10486 2
10487 0
10488 2
18682 1
2304 0
18353 0
10498 2
11307 2
1750 1
10502 2
2312 2
2313 1
1168 3
2315 2
8578 2
10510 0
18704 1
18707 1
2324 2
10517 1
18710 2
2327 1
12676 3
18714 1
18715 3
9890 0
10527 3
18723 1
18724 0
2341 3
2345 1
2346 0
18732 2
18734 2
2353 1
3123 3
10548 1
18142 1
2358 1
2359 3
10552 0
2362 2
18748 2
2367 0
4716 3
18755 3
2374 3
10569 3
10573 1
10574 2
10575 1
2385 2
18771 2
2388 2
4494 0
18774 3
10583 2
2393 3
18778 0
18779 0
10589 2
2398 1
10591 2
2404 1
18790 0
10599 0
6354 0
10601 1
2410 2
8241 2
2412 0
8594 1
10606 1
10607 1
10609 0
10613 1
18806 2
13655 1
18809 2
10618 2
10619 0
10620 0
10621 2
18814 2
18816 2
2433 1
10626 1
18819 0
2436 0
10629 3
10631 2
10632 1
14060 2
8599 0
10640 3
2469 0
2450 2
2452 2
5870 0
4505 0
10648 2
8832 2
2458 0
10993 3
18844 1
410 2
10655 0
12630 2
3901 0
10662 2
2471 3
2472 2
18859 1
10668 2
10670 1
628 0
10675 2
10676 0
10678 2
2487 2
14201 0
2491 0
416 0
2498 2
10692 1
2505 3
10698 2
10701 2
10702 2
7245 0
419 0
7709 3
2517 0
10714 1
2524 1
2525 1
10724 0
9086 1
2535 2
2536 0
10729 1
423 2
2543 0
10741 1
2550 3
10743 1
2552 1
10746 0
10748 2
10749 1
10750 2
10755 0
10756 3
2565 0
2566 3
2568 0
2572 0
4436 2
10766 0
2575 0
10771 1
10773 1
10774 1
2583 3
10776 1
2586 1
10780 0
10783 3
2592 1
2593 2
2594 2
10789 2
2599 2
2600 2
2603 2
10798 0
10799 1
10800 0
10802 0
2613 1
10806 2
2615 2
10809 1
10811 2
2620 0
10813 0
10814 1
437 2
2624 2
2625 0
10818 0
10820 3
4534 1
10822 1
2633 2
2634 2
4535 3
10829 0
10831 2
2640 2
2641 1
2643 1
2645 1
2646 2
5903 2
4538 2
2654 2
2655 2
10848 3
1808 2
10851 1
10852 2
2661 0
2663 1
10856 2
4540 1
11367 0
10860 1
10863 0
2672 2
10865 1
8939 2
10868 0
10869 1
10871 2
10873 0
2753 2
10883 2
10884 0
12737 1
7182 0
2702 2
10897 3
1454 2
2712 0
10905 2
2715 2
2716 1
1727 0
10911 2
10913 3
2722 1
1819 0
2724 1
10918 2
2729 1
2730 1
2731 3
10925 1
2735 1
5001 2
12744 0
10184 0
2742 2
16841 2
2748 3
18095 0
10942 0
2751 0
10945 2
8651 0
2764 3
2769 0
2774 0
2778 2
8655 2
10973 2
10974 3
9341 2
2786 0
3366 0
2791 2
2794 3
2797 3
10990 0
10991 1
2801 2
10994 1
2803 2
2804 2
18217 0
11004 2
18218 2
2818 0
10027 2
16854 2
11015 2
11016 0
10028 1
2549 2
11020 2
2833 0
2835 2
18222 0
2840 0
15840 1
11034 2
11035 0
2844 0
11038 2
11040 3
18224 0
2851 1
11045 2
2854 1
5937 0
476 2
11051 3
11052 0
11053 2
2862 2
2863 0
2865 3
1843 0
2868 1
11065 2
2874 0
2880 2
2882 2
2883 0
2884 0
2886 0
11079 2
11080 2
2890 3
18805 3
12770 1
11405 0
2898 2
8675 2
11095 2
11100 0
2909 1
2911 2
7462 1
2917 0
11111 3
11113 3
2922 1
11115 2
11118 0
10045 1
2928 1
4584 0
2930 0
15507 2
4462 2
2936 0
11131 1
11132 2
15509 1
11136 2
11137 2
2946 2
11139 1
11140 1
11414 1
11142 1
1857 2
11144 1
8684 1
2954 2
2955 0
11148 2
2959 2
11155 0
11158 2
2967 2
2968 2
11164 0
2973 2
10053 1
11168 0
2977 0
2979 2
11173 1
12920 1
2988 0
3229 1
2992 2
10056 2
2994 1
2998 0
18249 3
3000 2
11193 0
11194 2
3231 1
3004 0
11199 3
3013 1
3014 0
15521 2
3016 1
1868 3
1869 0
504 3
9648 2
11220 1
3030 1
8697 0
11428 3
11226 2
11229 2
6375 2
3040 2
1465 2
3042 2
12795 0
3044 2
11239 2
11240 3
11241 3
16458 2
11431 2
3052 1
11245 3
8701 1
3058 1
13741 2
11258 3
7549 2
3070 2
3074 1
3076 2
3078 1
11273 3
3082 2
14167 0
8286 2
3086 0
18264 1
3094 2
566 3
3098 1
3099 0
3100 0
11293 2
3102 2
3103 0
3105 1
14171 0
3110 2
3249 1
3114 3
3115 3
3117 3
3118 0
18269 2
11312 2
3122 3
11315 0
11317 3
3129 3
3131 0
11445 1
3136 1
10080 2
3138 1
523 0
3140 1
3141 2
11334 2
3143 2
11336 2
11338 2
11340 2
3149 3
11343 2
3152 3
3154 3
10083 2
11350 1
11351 0
4623 2
11358 0
3168 3
3169 3
9896 2
11364 1
16913 3
11368 0
3177 3
11371 2
3180 3
3182 3
3183 2
4627 3
3188 2
3191 2
17837 1
3194 2
10090 0
4629 0
11393 2
4471 1
11397 2
3207 2
11401 0
11402 0
16919 1
3212 1
3213 0
16201 1
3215 2
3220 1
5998 3
3222 1
3226 2
11421 2
11423 0
11424 3
11425 2
11426 3
3236 0
3237 1
11430 0
3239 0
11432 0
11433 2
3242 3
11435 2
3244 0
6002 1
541 2
11440 0
11441 3
3252 3
3253 1
3255 1
18292 0
11450 2
11451 1
3260 0
11453 2
11454 0
3263 2
3264 0
544 2
10660 2
3268 2
11461 1
3270 1
3271 2
11464 2
1200 0
3277 0
11469 2
3280 2
547 1
3286 1
3287 2
3290 3
3293 3
11487 0
3296 0
3299 0
3305 1
11503 0
3313 2
3316 0
8745 1
3320 2
11513 3
3323 2
11518 2
3328 1
11521 1
3330 1
8747 2
3333 1
11531 1
11532 2
3344 1
3345 2
3347 0
11540 2
3349 2
11544 2
6020 1
3354 2
3355 1
3359 3
8568 0
11554 1
3363 1
3365 2
11558 3
12849 0
3373 3
3374 1
11567 0
11861 1
3380 1
3382 0
6025 2
11577 1
3387 1
5478 0
3393 1
11586 0
3395 1
11588 1
9788 0
3404 1
11599 1
3412 2
16953 1
18390 0
3419 2
11612 3
11613 1
3422 1
3423 1
3424 3
3425 2
3427 2
11620 1
11621 0
3430 3
3432 1
16956 1
9116 1
3435 3
3440 1
3441 1
11635 0
11636 1
14572 0
3446 2
11639 1
3449 2
3451 1
3454 0
13754 2
11648 1
14262 2
2256 0
3459 0
11652 2
11653 0
11654 0
577 1
3466 2
11659 2
12866 2
3470 1
3471 2
1944 0
4480 1
3479 2
3480 2
11675 3
3485 1
18331 1
11684 2
4678 1
3494 2
3495 2
14301 0
583 1
7410 2
3503 2
3506 0
12847 2
10142 2
3512 1
3515 1
3516 3
4682 2
3521 2
11715 0
3527 2
8780 1
9392 0
11724 2
11731 2
11732 0
4686 2
11739 1
11742 0
6053 1
592 1
18122 1
3562 0
3564 3
3568 0
11761 1
3572 1
11766 0
11769 1
3580 0
11773 2
3582 2
3584 1
7424 3
3586 0
11779 0
3588 0
4661 0
7425 3
1964 2
3595 0
1965 2
3601 3
3602 0
11795 3
15123 1
3611 3
11806 2
11525 1
11808 1
3618 0
3619 2
3621 2
11815 1
11819 2
3394 2
11821 1
11823 1
11824 1
3634 3
14259 1
3636 3
3637 2
11831 1
11832 1
11833 1
17852 2
3646 0
11839 3
3648 0
11841 2
3650 2
11843 2
11845 2
3654 0
11849 0
3660 3
3664 2
11857 0
8803 0
7062 0
3671 2
3675 1
3676 2
11870 3
11871 2
11852 1
3681 1
11874 1
11875 0
17035 2
11877 2
11879 2
3688 1
3690 2
11886 2
1214 3
17000 1
11893 2
8809 0
3704 1
3706 2
11900 2
4714 1
11902 2
15637 2
11905 3
8811 1
15638 2
11910 0
11913 1
15639 1
2807 3
3727 2
3730 2
11923 3
11925 3
11932 0
3741 2
11941 2
8817 1
3752 3
1991 2
15128 0
11952 2
18376 2
1489 1
11957 0
3768 0
3769 2
3770 2
3772 1
17013 2
13173 2
3777 2
3778 0
3779 1
4726 1
3784 2
3785 3
15129 1
3790 2
3791 2
3792 0
4728 2
2371 2
17017 0
3801 3
11999 2
8827 2
3813 0
12006 0
3815 1
4732 0
12013 2
3822 3
12925 1
8830 0
3830 0
12130 2
12032 2
3841 2
12037 2
3850 1
15661 1
12052 0
3862 2
10767 0
12059 0
2010 1
3876 2
12069 1
3879 2
3880 0
12077 2
12079 3
3889 2
12082 0
3892 2
3899 2
8842 2
12098 1
8843 2
12100 2
11574 2
12103 3
652 2
12106 2
12110 2
18134 2
3921 2
6115 3
12118 2
12119 3
12126 2
12128 1
15134 1
17041 1
12136 2
12137 2
12139 2
17042 2
3950 0
12143 3
6120 2
12154 0
3965 2
1281 0
3967 3
3968 3
14320 2
3978 2
3979 1
12173 0
12174 3
12175 2
3985 2
10222 2
3990 0
12183 2
12184 2
3396 0
8858 2
12191 0
4001 1
8810 2
4003 1
12197 3
6129 2
12202 2
7495 0
4013 2
12206 1
12207 2
12209 2
12210 2
4019 1
4766 1
12409 0
4024 1
12217 1
12223 1
4033 2
4037 3
4038 0
12232 2
12235 0
12238 3
12240 1
4049 1
4050 1
4057 2
4058 2
12253 0
4063 2
12257 0
12259 2
1772 0
12262 2
12265 1
4074 1
12272 2
17321 2
12274 0
12279 2
12281 0
4090 1
6143 3
4096 0
12291 3
4103 2
4106 2
12300 2
4781 1
8593 0
10011 1
4115 0
12308 2
4118 2
12313 2
12314 2
4124 2
4126 0
12320 3
12324 2
12325 0
12330 1
12331 2
12332 2
4141 0
14344 0
4146 0
12341 3
4151 2
12344 2
12346 0
11615 1
12348 1
12349 1
4162 0
4164 0
12357 3
12360 1
4169 3
4173 2
4175 2
4176 3
12984 2
12372 0
4181 0
12377 2
10505 2
7525 3
4192 2
12388 2
12389 2
12390 2
12392 1
700 2
4204 0
4205 2
4206 3
8869 2
4210 3
14355 2
15721 2
18452 2
16780 0
12991 0
4220 2
4221 2
12414 2
14357 2
4226 0
15724 0
12426 0
4237 0
12431 3
7534 2
2073 2
16781 0
4249 1
4252 0
12446 0
12448 1
4257 2
2075 0
4262 2
11633 0
4264 1
13781 1
4267 1
15730 1
4270 0
12464 0
12465 1
12470 2
4280 1
4281 0
4282 0
5871 3
12480 2
12481 0
12484 2
12486 2
12487 0
4296 0
11327 2
4298 0
4299 3
4301 1
4302 1
12496 1
4307 2
12502 2
11641 2
4312 2
4313 2
4316 1
8212 0
4320 2
12514 0
4323 2
12516 3
4325 2
4326 0
6183 2
4332 2
4818 0
4335 2
4336 0
4337 2
12531 0
4341 1
12535 2
12539 2
8976 2
4352 3
3456 0
4354 2
4355 2
12548 0
4359 2
12554 3
8919 2
4364 2
4368 1
4370 1
4371 2
4372 2
4374 2
12567 1
4377 3
4379 2
4380 2
12573 0
12575 0
8758 2
4386 3
12579 0
4388 0
4389 2
4390 1
12584 2
12585 0
12588 2
12591 1
12592 2
15752 1
4402 1
10291 1
12596 2
7561 2
4411 3
4418 0
7563 2
12695 3
2102 2
15423 0
12620 3
12622 1
4433 1
12626 2
4435 1
12628 1
4437 3
4438 3
4439 2
12632 1
5485 0
12635 0
12636 0
12638 2
741 2
18491 0
8934 1
7569 2
12648 2
4457 2
4458 2
4459 2
12652 2
4461 0
12654 0
12656 0
12657 2
12658 2
12659 0
12660 2
12663 2
2331 3
4475 0
4477 0
12671 0
12672 3
4483 0
4484 1
4485 2
12678 1
14401 0
12681 0
4491 1
12686 2
3685 2
4497 0
4498 2
12692 2
4501 0
4503 2
10308 0
12698 2
8943 1
4508 2
12701 3
4511 1
12704 1
4516 0
4517 1
4518 1
4519 0
4520 0
7580 2
12714 1
4523 2
4524 1
12717 1
4527 1
12720 1
4529 2
4532 1
12726 0
12727 1
4536 0
4537 2
12730 1
12731 0
12732 1
4541 0
4853 0
4545 0
12738 0
4549 0
4551 0
4552 1
4553 2
12747 2
4557 1
4559 3
17144 3
12757 2
4566 2
12759 1
4568 0
12761 2
4571 0
12765 2
4574 3
7589 0
4576 3
10518 2
4580 1
4581 1
12775 0
12776 2
4588 0
12781 3
15688 0
12786 0
4595 1
4596 1
766 1
12790 0
2608 1
12792 1
12794 3
7791 1
12796 0
4605 2
12799 0
4608 0
4609 1
12803 1
12804 1
12805 1
4615 0
12809 1
12811 2
4620 0
12813 2
12815 3
2136 0
4626 2
8963 2
12821 0
4632 2
4633 2
4635 1
4639 2
4642 0
13034 0
12836 3
4647 0
2213 1
10332 1
4650 2
4651 0
4652 3
4653 0
10333 1
4656 1
4872 2
4658 2
4659 2
12852 2
12853 2
4662 0
12861 2
12862 2
4671 0
4672 2
4674 1
12869 2
12870 1
12874 1
4683 0
4685 0
12878 0
4688 1
12882 2
12883 1
4694 1
4696 1
10522 1
4703 3
18853 2
17168 2
4707 2
4709 1
4711 1
12904 2
12905 3
12906 2
4715 0
12908 0
4717 0
12910 2
3517 1
4721 2
4723 0
12918 0
12919 1
11452 2
12921 2
11887 2
12924 2
4733 2
4735 3
4736 2
12929 0
12930 2
4740 0
4741 1
4744 1
12941 1
12945 2
12946 1
12949 2
12950 0
12955 2
12957 1
12958 0
4768 2
12961 2
12963 1
4773 2
2161 0
4777 1
12973 3
12977 2
4786 3
12981 1
12983 2
4792 2
4793 1
4794 2
10166 2
4799 1
17184 1
12994 1
4803 3
18709 3
12998 1
4807 1
4808 1
4809 2
4811 3
13004 2
4814 2
4815 2
4816 1
13009 2
13010 0
17187 2
13012 1
13014 2
13015 1
8996 2
4826 1
4827 1
13021 0
4831 1
13027 0
13028 0
4837 2
13030 2
4839 0
4842 1
4848 1
13042 2
13043 2
13045 1
4854 0
4855 2
4860 2
4863 1
13056 0
4865 1
4866 0
13064 3
4875 0
4878 0
15832 0
13074 0
13075 2
4884 0
13077 2
4887 1
2180 2
11074 2
4893 1
4896 3
4897 2
4898 2
13093 1
4902 0
4903 3
4905 2
2183 2
4910 0
4911 2
13107 0
4916 2
13110 1
4920 0
13113 0
13114 2
14894 2
13117 0
13119 0
4929 0
13123 2
4934 1
18309 1
13131 2
13133 2
13134 1
13136 2
13138 0
4947 0
9712 2
13142 1
4952 2
13147 1
13148 2
13150 3
13153 2
13154 2
9019 1
13156 0
13159 3
13160 1
4971 2
13532 0
4981 2
4986 2
17215 0
4989 0
166 1
9024 2
4997 2
13193 2
13195 0
13196 0
5005 3
13199 1
13200 0
13201 2
5010 0
13204 2
5014 0
13207 1
13208 2
13209 2
13210 2
5021 2
13214 1
16291 2
13220 2
13221 3
5030 2
5032 0
5035 2
12170 2
13233 1
13237 1
5046 2
5051 3
13246 2
13247 2
5057 3
5063 2
13256 1
13259 2
13260 3
5071 3
5072 3
13266 1
2211 0
5076 1
5077 1
1343 2
13273 1
17231 0
13277 2
5086 1
10405 2
5090 3
13284 0
8561 0
13288 2
13290 1
2215 1
13292 0
13293 1
5102 2
13295 1
13296 1
13297 0
4753 2
13300 2
13301 2
13303 2
13291 2
13307 1
13312 2
7680 1
16619 0
4950 2
13319 0
11709 1
13323 2
5132 2
525 0
13329 2
5138 0
7683 2
13332 2
14510 2
13334 0
5143 1
5144 2
5146 0
9636 2
5154 2
859 2
5156 0
5157 2
13351 2
13352 0
860 3
5162 2
5167 1
13360 2
5171 1
13364 3
13366 0
13367 3
9055 0
13376 3
5186 0
11787 1
13380 2
13381 0
5191 2
13384 2
5194 2
13387 1
5196 2
5197 3
5200 0
5201 1
3992 3
13396 0
5205 0
446 2
5211 2
5214 2
5216 0
5218 0
13413 2
5222 0
11793 1
5225 3
13421 0
18621 0
5232 3
3603 2
13428 3
5239 0
5241 2
5244 0
4539 1
5247 2
5251 2
17220 1
13453 1
5265 2
13458 0
9070 2
13464 3
17263 0
5278 3
13473 3
5282 2
5286 2
18475 0
7708 1
13482 3
5293 2
5295 1
5297 0
5301 0
13494 3
13497 1
5306 1
13499 1
13501 1
13503 2
5315 0
5317 0
5318 0
5321 3
5322 2
5323 2
7073 2
13517 0
13519 2
13520 2
17272 0
5331 3
13524 2
5336 1
5338 0
5340 2
890 1
5342 0
13535 2
18640 1
4987 0
5348 3
13542 0
10449 2
13544 2
13545 3
7039 1
5357 1
13550 1
13551 2
5360 1
5361 2
13555 3
13556 0
13557 0
18644 2
13563 2
5372 2
5374 1
9999 2
17280 1
5379 1
5380 1
854 0
15916 0
13578 2
13581 0
13585 2
13586 0
13589 0
5401 2
7545 1
13600 1
17638 0
13602 2
13603 0
13604 0
5414 1
13607 2
13608 2
18652 2
5418 1
9095 2
13612 2
13614 2
15729 1
5425 0
13621 2
5430 0
5431 0
5433 0
5436 3
5437 2
2272 0
13636 1
13638 2
5447 0
13641 2
17293 0
5463 1
5464 2
5465 2
13659 1
13660 3
5469 1
13664 0
17767 1
13667 0
13668 3
18662 2
13670 2
13671 1
5481 0
13674 0
5483 1
13202 1
13679 2
18459 2
13687 2
5496 2
13691 2
13695 2
5504 0
13697 2
13698 1
2283 2
5508 2
2113 2
14368 2
5513 2
13710 2
2364 2
5520 0
920 2
13714 1
5524 2
13717 2
13718 2
9113 0
5528 0
13721 1
13723 2
13727 1
8383 2
5538 0
13732 2
13734 1
13735 2
924 1
5549 3
13742 2
5552 1
5553 2
5555 3
5556 1
5562 1
13758 0
5567 2
5568 3
5571 1
5572 3
13769 0
18679 3
5580 1
5581 2
5583 2
5585 3
5587 1
5588 3
5589 3
5590 3
5595 0
13789 3
5598 0
11856 3
5603 0
5606 0
5608 1
13801 0
5612 2
13806 1
5615 3
13808 2
7552 2
5619 1
9129 2
5626 3
5630 2
5631 0
13824 0
13828 1
5637 1
5638 0
5639 2
13834 2
11863 1
5645 0
13838 1
5651 0
5652 0
13845 1
13846 2
9312 2
5658 3
15962 0
5664 2
5666 0
11867 1
5668 2
5669 1
5670 1
5673 3
5674 1
13867 2
10009 0
13871 1
13873 2
5682 3
5684 3
3678 2
13878 1
6409 1
5690 1
5691 2
2099 2
5698 2
13892 3
11873 1
6412 2
13898 3
13900 0
14768 0
952 1
13906 1
13909 2
6737 1
5720 2
14375 0
13915 3
13916 2
13919 3
13677 0
13922 1
13924 0
13926 3
13927 1
13928 1
13930 1
13934 3
5743 1
17640 1
13938 2
2323 0
13568 3
5054 1
13943 2
18708 2
9151 0
13949 3
13951 3
13952 1
5761 1
5765 2
17345 0
13960 3
13964 3
13965 0
13966 3
5777 2
5780 1
10521 2
13978 2
5787 0
13981 3
5793 1
10523 2
5797 0
13990 0
13992 0
13993 2
12741 1
13995 2
13997 0
5806 0
14000 2
5810 0
14003 2
14004 3
5813 2
5814 2
5818 2
5819 1
14013 1
5823 2
14019 2
14028 1
14029 2
14030 2
5839 2
14036 1
14038 2
14040 1
5850 2
5851 3
14045 0
18725 1
5860 2
5861 1
5863 2
3585 2
5866 3
1130 2
5868 2
14062 3
14063 1
14066 3
5879 2
14073 0
14077 3
17654 3
14084 1
14085 3
5894 0
5896 2
5899 2
5901 1
14095 2
14096 1
11907 2
5909 3
12472 1
5916 1
14109 3
11909 2
5920 2
14113 3
5922 0
14116 1
5925 2
10545 1
5928 2
5929 1
10563 2
14123 1
14125 2
5935 0
14129 1
10547 2
14133 2
5943 0
14137 2
14138 1
13279 2
5108 1
15201 3
14144 2
14145 2
5960 3
5961 2
10551 2
13282 2
16013 0
8223 0
5971 2
5972 3
5975 3
5976 3
14170 1
5979 0
5980 3
14186 2
5982 2
5984 1
14177 2
14180 1
5989 2
14879 2
5993 3
15748 2
14189 0
14190 2
14194 2
6004 0
6462 0
14198 3
6009 3
6011 2
6013 2
6015 0
6016 2
14917 1
6019 1
14212 2
14214 2
5100 2
6026 2
14221 0
6030 3
4838 0
2383 1
14227 1
14228 0
14233 0
14234 0
5103 1
6044 3
6045 1
14240 1
14242 0
6470 3
14246 2
1009 1
3740 0
14251 0
6060 0
14254 2
6064 2
14664 1
14258 2
6067 2
7567 2
14261 0
6070 2
2377 0
6073 2
13023 2
14274 2
14280 0
16024 1
14285 0
6094 2
368 0
6100 2
6102 2
6104 2
7844 0
18767 0
16614 0
14302 2
14305 0
14307 2
6118 1
6119 1
14312 2
6121 3
6128 2
11944 2
14322 2
14323 2
6132 2
6134 1
6135 2
6136 2
10580 0
6139 0
6140 2
14335 2
13313 2
6152 3
6154 2
14347 2
6158 2
6159 2
14353 0
9219 1
6164 2
7854 2
14360 1
14362 1
14365 3
6174 2
14367 1
6176 1
14369 2
14374 0
17391 0
14377 1
14380 0
14386 2
6196 2
10134 0
6204 2
6206 2
6207 2
6209 2
14403 0
14408 2
13324 2
14410 2
14413 2
9229 1
14417 0
14418 0
6227 2
14420 2
9230 0
6231 2
9482 0
17172 1
14433 2
14435 0
14438 0
14439 2
6251 2
14444 2
6253 2
6255 2
6260 1
16062 2
6265 3
6267 2
12211 2
14463 1
14464 3
16463 0
14468 3
1046 2
14470 3
10604 3
14474 3
14121 3
6286 3
14479 0
6290 0
14485 0
15758 2
6295 3
14488 3
14245 1
14490 2
14491 1
6301 3
14494 0
14501 0
14502 1
14503 2
14504 2
1624 2
6315 0
11335 2
14512 1
11976 0
14521 3
6330 2
6332 2
14525 1
14527 3
6337 0
17500 2
5121 2
14533 2
14535 1
14538 2
6349 2
14546 0
6355 3
14549 2
6360 3
6363 2
14556 2
6367 2
6368 2
6370 2
14715 2
14565 1
1576 1
14571 2
6380 0
7890 2
18813 1
14576 0
9256 1
14580 3
6393 2
14586 2
6398 3
14591 2
6403 3
14596 1
6407 2
14600 2
14601 2
14604 2
6413 1
14607 2
6416 3
6418 0
14611 1
6421 1
6424 0
14617 2
6426 1
1071 1
6429 1
14622 2
14624 1
14625 2
14627 2
14632 2
14633 0
6443 2
6445 1
6446 2
6448 1
2440 2
14642 2
1075 0
14644 1
6454 0
14647 2
6456 1
14649 2
14651 2
14730 1
12763 2
9269 2
6465 0
6467 2
9217 2
14661 2
14662 2
14663 2
6472 0
6473 2
14666 2
6475 0
6478 3
14673 2
14677 2
14679 0
14680 2
6492 3
6494 0
6495 0
4353 2
14690 2
10641 1
6505 0
6514 1
9278 1
9379 1
6521 0
6522 2
6523 2
6527 1
5184 3
14724 2
6533 0
14728 3
2127 0
18839 2
1036 0
14736 2
17475 0
14740 3
10311 2
14748 0
14746 2
18483 2
14751 2
14754 1
6563 3
6566 1
14761 1
17404 1
10653 1
6576 2
6577 1
14773 0
219 0
6585 1
6586 0
14779 2
14782 2
14785 2
5195 2
14791 2
14792 2
14793 1
6603 1
6604 2
6605 0
14798 2
14800 2
14802 2
14804 2
6614 2
6616 1
6617 2
6619 2
6620 2
6621 2
6622 0
6623 0
6627 0
14820 2
10663 3
6636 1
14829 2
14832 0
14833 0
14835 0
6647 2
6653 1
14847 0
2475 1
6662 2
6668 0
14863 1
14864 2
14865 0
14867 0
14868 2
14869 1
6678 3
6679 2
6683 2
14876 2
14878 2
6687 2
6689 2
6691 1
6692 2
14887 0
6697 2
6699 1
6701 1
6702 1
6703 1
6704 1
6705 0
2483 1
6708 1
6709 0
14902 2
14903 2
6712 2
14120 2
6718 2
6719 1
14912 0
14913 2
6722 2
6723 1
6724 2
6725 0
14920 0
14921 1
6733 0
6734 3
6736 0
14929 1
6738 0
6740 1
14777 2
9316 0
6747 2
6751 0
6752 2
14945 1
14947 1
13414 2
6761 0
6770 2
7955 2
14964 0
14965 0
14966 0
6775 0
6776 2
6778 1
15179 2
6781 3
7957 0
6786 1
6787 0
6788 1
15229 2
6793 0
6794 2
14988 1
14989 0
6798 1
5229 2
14992 0
6801 1
6803 1
14996 2
6806 0
6809 0
6810 1
13423 0
15004 2
15005 1
6815 0
6816 1
15009 2
1962 3
17285 0
15020 0
15021 2
15022 2
6836 1
6838 1
6841 2
6843 2
6845 0
15039 2
15041 2
15042 2
6851 1
15044 1
6853 0
15046 1
6855 1
15048 2
6857 1
15050 2
15051 2
6862 3
6863 0
6865 0
6867 1
6869 1
1145 3
15066 2
6875 1
15068 2
15069 2
6879 2
15072 0
6881 2
15074 0
6883 3
6886 2
6887 1
15080 2
6890 1
6892 2
15087 2
6896 1
6898 1
6900 1
15093 3
15095 1
6905 1
6907 2
6908 2
15101 1
6910 2
6911 1
6912 2
15105 1
15106 1
15107 1
6916 0
15109 1
15111 3
15112 1
15116 2
15117 2
15119 0
6930 1
13443 1
15124 3
6933 3
6936 1
6937 0
15131 1
15132 1
6941 0
6942 1
6943 2
15136 1
15137 3
15138 0
15139 2
15142 0
6951 0
15144 0
15145 0
15148 2
6957 1
8415 1
6962 2
15155 0
6965 2
6967 2
15160 1
15162 1
15235 1
15166 0
15167 2
6977 0
6978 0
15172 2
15175 1
6984 1
16616 1
15180 1
15181 1
17549 1
6995 2
6996 2
1166 2
15194 2
15195 2
7005 2
7006 2
7007 3
15200 0
7009 2
16187 1
7015 2
12649 1
15209 1
7018 1
15211 3
7022 3
15215 0
15217 2
7029 0
7031 1
15225 1
15227 3
7037 1
15231 0
15232 1
7043 2
7044 3
15239 2
14828 0
7050 1
7051 1
7052 1
15245 2
7055 1
7056 2
15250 3
15254 3
7064 2
15258 1
8071 0
7069 0
9376 0
15266 1
7076 1
7077 2
15270 0
7081 0
7082 0
15275 1
7084 1
7085 0
7087 1
15282 2
15284 1
7093 0
15287 2
7097 2
11122 0
15293 0
15295 2
15296 2
17568 0
16203 0
7109 0
15303 2
15304 2
15306 1
15307 2
15308 1
10031 2
7120 2
7122 2
15315 2
15316 1
15319 0
7129 2
7130 0
7132 0
7133 2
7138 0
7139 0
15332 1
15333 2
7142 1
7143 0
14845 0
1192 2
7155 2
2558 1
15350 0
7164 2
7166 3
1195 0
15365 1
7174 1
15368 3
1196 2
7179 3
15374 0
9389 0
15377 2
7186 3
2563 2
15380 1
15384 0
7194 2
17152 1
9787 3
7202 0
7203 2
13489 0
15400 2
7522 2
15404 0
7214 2
7215 2
7216 2
15409 2
7219 3
15413 2
15414 3
15417 2
786 0
7227 2
7229 0
7230 2
7231 0
7235 2
15428 2
15431 2
15244 0
7243 2
15437 1
1605 0
15439 1
15440 1
15442 0
7255 2
7256 2
6671 3
16063 1
15457 2
6243 0
15461 0
15462 3
7271 1
7274 1
15467 0
15471 1
15472 2
15473 0
15477 2
15478 2
6830 2
8426 2
15484 1
15491 1
7300 2
15494 3
15496 0
7306 2
7307 0
15500 2
15503 2
15505 0
15506 1
7315 0
8046 0
15513 0
15514 0
13610 1
10778 0
8048 3
15522 1
7332 2
15525 2
12145 1
15529 0
15530 0
15531 0
16884 1
15534 0
15537 0
15540 2
7349 2
15544 1
15545 3
2591 0
9418 1
10784 0
15554 2
7363 0
15557 1
15558 1
7367 2
15560 0
15562 0
7372 2
15565 1
7374 3
15568 3
15569 0
15572 1
15574 0
15577 3
7386 1
15579 2
15581 1
15582 0
7391 1
15584 2
15589 2
5329 0
15594 3
15595 1
15596 3
7405 2
12157 3
15600 2
15602 2
15603 1
15604 2
8062 3
15607 1
15608 1
9428 2
15610 0
7419 0
15614 0
9429 1
15616 0
15617 2
15619 0
7434 2
7441 0
15634 0
7443 0
2606 3
7446 2
7447 2
15641 0
7450 2
7452 2
15645 3
15647 1
7457 0
15650 0
7461 1
15654 2
15657 2
15658 2
7467 2
2610 3
15667 2
15670 3
15671 0
7481 1
8978 1
15676 0
15677 1
15678 2
7489 2
15684 0
5345 2
7496 0
15691 0
7500 2
15694 1
15695 0
7504 3
14904 2
15699 1
7511 0
15704 0
15706 1
15707 1
7516 2
11707 2
15710 3
7519 3
15712 0
15713 2
15714 1
15715 2
15717 0
15719 1
7528 3
10812 1
15722 2
7532 2
15725 0
15726 1
7535 0
15728 1
7537 2
7538 3
7543 2
15737 0
7547 1
15740 1
15741 1
8085 2
15744 2
15746 0
7556 0
15749 1
7558 0
7559 2
7560 3
15753 0
15754 0
15755 0
14914 2
2287 2
15759 3
15761 2
15762 2
15764 0
15765 2
7575 2
14916 0
8805 2
15772 2
15775 0
15776 2
15780 0
15781 1
6488 2
7593 2
15788 1
15790 0
15793 0
15794 1
5363 3
15798 1
10825 0
7608 0
9460 2
15803 0
7612 1
15805 2
8096 2
7618 0
10827 0
15812 2
15813 0
7624 3
15824 2
15827 3
15829 0
7640 3
7648 0
7649 2
7651 2
15847 1
11565 1
10602 2
15852 2
15853 1
15856 0
15859 1
7670 3
7675 0
7676 0
15871 1
15872 3
15873 0
15874 3
15875 1
15877 0
15878 2
5377 2
8108 2
14935 2
9474 1
7694 1
7695 2
7696 0
15889 1
7699 2
15892 1
7701 0
7702 2
15895 0
15898 2
7707 2
15900 2
15901 1
15902 1
9477 2
15904 2
7714 0
15908 1
7718 2
15911 3
8986 2
15915 1
7724 3
16624 2
15923 1
7732 1
803 2
15930 2
17674 2
4021 1
7747 2
7751 2
7754 1
17989 1
7760 3
15954 1
7766 1
804 3
7770 3
15963 2
7773 0
15966 2
15972 0
7781 2
15977 0
15978 3
7789 2
15983 2
9491 0
7796 3
15990 2
15994 2
11171 2
7806 1
15999 1
16000 2
7809 3
16006 1
16008 0
7819 3
7820 2
8960 0
16015 1
3261 1
16018 1
16021 0
7832 3
16032 1
7841 3
16034 2
16035 3
16036 1
16037 1
16038 2
17992 2
16043 2
7852 3
16045 3
16046 0
7855 3
16049 1
16050 3
16051 0
1080 1
16056 1
7865 2
16058 0
18811 1
16060 2
10036 2
7870 3
7871 0
5408 1
16067 2
16069 2
7878 0
16073 1
7882 1
16079 2
16081 2
16082 2
16084 0
16088 1
7898 0
7902 0
4048 0
7912 0
16338 2
16110 2
16112 0
12266 2
16115 2
7924 3
16117 2
8720 1
16120 1
12840 1
16125 2
16341 0
7936 2
16129 1
16130 0
16132 0
16135 2
7945 2
16138 2
7947 2
16143 2
16145 0
14979 3
5422 2
16150 2
9397 2
16156 2
16157 2
16158 3
16159 0
7968 0
16161 2
16162 3
16164 1
7974 0
10267 0
16348 2
4472 2
8449 2
16173 3
16176 0
7986 2
16184 2
16186 2
12255 1
7998 3
8001 1
16196 1
16198 0
8009 2
17719 1
16205 3
16207 0
8017 3
8018 3
16213 0
8022 0
8024 0
16356 0
4375 3
14991 2
8028 3
8029 3
16223 2
16224 2
8033 3
16226 0
8035 3
5946 0
8455 0
15711 2
16235 1
16238 3
1341 2
16240 1
16243 1
16250 2
8059 3
16252 1
8061 0
16254 2
17728 0
16259 1
16260 1
8069 2
16263 2
16265 1
16266 2
8076 2
8079 0
8082 0
16277 2
16279 0
16282 1
15002 0
8095 3
16288 1
4080 3
8098 1
10907 1
16292 0
8102 1
12545 3
16301 1
16304 2
16306 1
8115 2
16309 1
8119 0
17738 0
16321 0
1997 3
16325 0
6817 1
15001 1
16331 1
8142 3
9549 2
8146 2
8148 0
8149 2
4089 1
16344 2
8154 3
16347 2
8156 1
8159 3
8160 0
8162 0
8164 0
2726 1
16358 2
16359 1
8169 2
16364 0
16367 2
8179 2
8180 0
16382 1
8182 2
16376 2
8186 2
16380 0
16381 1
8190 2
