8193 0
16386 2
1366 0
16391 1
16395 0
16396 1
8208 0
16401 2
8210 0
8212 0
8213 1
16406 0
16408 0
16411 1
16412 0
16413 2
16414 2
16415 2
8226 2
8227 2
8228 2
6833 1
45 1
16430 2
16431 2
8241 2
2739 2
15823 0
8247 1
16440 2
8249 2
16443 2
16445 2
66 1
68 2
8261 2
16455 2
16456 2
8265 0
74 0
75 2
16460 2
8269 0
8278 2
88 2
12712 3
8288 2
16481 1
98 2
16484 1
16485 0
8295 2
104 0
16489 3
17767 1
9089 2
16495 1
8305 0
17189 3
1385 3
122 3
16509 1
127 1
8320 0
16517 1
16519 0
5484 2
16522 1
8331 2
16525 0
8335 0
144 2
8339 0
148 1
150 2
151 1
8344 1
8347 3
16540 2
16542 0
9821 2
8353 1
8219 2
8356 3
16550 1
9585 0
16552 2
169 1
15047 0
8366 1
177 1
178 0
8325 2
8373 2
186 2
189 3
192 2
193 1
195 2
16580 0
16581 1
16583 2
200 0
8393 2
202 2
203 0
204 1
206 3
8400 0
8401 2
210 2
8403 3
16598 2
8407 2
16600 1
218 3
6863 0
220 2
223 2
16611 0
16612 1
553 1
16616 1
16619 0
8991 2
9597 2
240 1
9828 1
8434 0
16627 0
16628 0
246 0
16632 2
16633 0
8444 0
8447 0
16640 1
8449 2
16642 0
554 2
16646 1
8455 0
16648 0
8460 2
8461 3
271 2
17992 2
16658 0
13699 0
8468 0
16663 2
5192 3
16670 0
8480 1
8482 0
8483 0
8486 2
16433 2
8488 2
297 2
15069 2
16691 2
8501 0
16694 1
16695 2
313 1
8506 1
18014 3
8514 1
16707 0
16438 3
16712 0
16715 0
332 2
8525 2
16719 2
4152 2
338 1
8532 1
8533 3
342 2
10586 0
16730 0
8539 1
6427 2
8543 3
8545 0
8549 0
16742 1
359 3
16745 0
16746 1
15079 3
16751 1
16752 2
8563 2
8564 2
376 2
378 3
379 0
16765 2
16768 2
8578 2
387 0
389 1
390 1
394 2
8587 1
397 3
8591 3
400 0
401 2
8594 1
13587 2
8599 0
408 0
16452 1
410 2
412 0
8608 1
8609 2
8610 1
419 0
16804 3
2801 2
16808 1
8617 0
8619 3
8621 0
16814 2
9629 1
16817 1
436 2
16821 1
438 0
16457 2
16824 0
8633 0
1439 2
446 2
6901 0
16833 2
450 1
451 1
16837 1
454 2
455 1
16841 2
16842 1
459 0
461 2
9332 2
464 2
466 3
16851 2
16854 2
16855 1
8664 1
16857 1
16861 1
8671 3
16864 2
16865 0
8674 0
8675 2
9638 3
16870 2
8679 2
16873 1
16875 1
8684 1
8688 2
498 0
499 3
500 2
501 1
13737 2
16889 2
508 0
509 3
16896 1
515 0
2150 2
16905 1
523 0
524 2
525 0
526 0
8719 3
8725 1
535 0
8728 2
538 0
8732 1
16925 2
8734 0
543 2
16928 2
545 2
547 1
548 1
8742 1
551 1
16937 2
8746 2
555 2
556 1
1458 2
6920 2
16949 0
8758 2
8759 1
8761 1
16956 1
8766 2
8767 0
16960 1
8771 3
16965 0
16966 2
8775 0
8776 1
11261 3
8780 1
15117 2
594 0
16980 2
8790 0
9657 0
8292 2
16986 0
15119 0
8796 0
16989 1
16991 3
16992 2
17851 1
8805 2
8806 0
8807 2
8808 0
617 0
17002 1
12391 1
8812 2
17005 1
622 0
623 2
8816 0
4200 3
6932 0
17855 2
17021 0
17022 0
17024 2
641 0
642 1
8835 1
17028 0
8837 0
8841 2
8842 2
17035 2
17036 2
654 0
17041 1
8850 0
1475 1
8852 0
661 1
663 2
17048 3
17049 1
17050 1
667 2
17053 2
8862 2
9669 2
17056 2
17057 0
674 0
15131 1
17061 2
17062 0
113 2
681 3
17066 2
8875 2
17068 3
17070 3
15133 1
688 0
8881 2
17074 1
17075 0
17077 3
17078 2
8887 3
17081 0
17082 1
17083 1
700 2
8309 2
705 0
1483 2
17093 1
17095 0
5580 1
714 1
17099 2
716 1
15138 0
719 3
8912 3
17105 0
1115 1
17111 2
730 2
17115 2
17118 2
17119 0
15826 3
1488 1
8930 2
8932 0
742 0
744 2
8938 2
17131 1
17133 0
8942 1
8317 1
17137 2
17138 1
756 0
17142 0
605 3
8953 1
762 1
8319 0
764 2
17150 3
12516 3
768 0
17154 0
17155 1
773 2
774 1
17159 3
17160 0
17161 2
17163 0
780 2
3572 1
8975 2
17168 2
785 2
786 0
787 2
17173 1
790 2
791 1
8985 0
8986 2
17179 1
17182 1
133 2
8992 3
8993 0
803 2
8996 2
8997 0
17190 1
808 2
17193 2
17195 0
17196 1
12575 0
17202 0
17203 2
17205 1
17206 1
8329 0
825 2
17211 1
8330 2
17214 0
6965 2
17216 1
17218 1
9033 1
17227 1
844 2
845 1
9038 2
4237 0
849 2
17234 3
17235 0
852 2
7246 2
17239 1
860 3
861 2
862 0
16528 1
17252 2
9061 1
870 2
873 1
874 3
9067 2
17260 2
17261 0
17262 0
879 2
17265 2
147 0
17268 1
17270 1
17272 0
889 0
9082 2
891 1
894 2
9088 3
17281 0
9091 3
9092 0
9093 1
9095 2
907 1
17292 1
17293 0
17294 0
17297 0
2883 0
916 0
17302 2
9111 2
920 2
921 2
17308 2
17309 0
926 3
17311 2
17313 2
17318 2
8348 2
17323 0
11488 1
9134 0
17329 3
17333 2
6851 1
952 1
9147 1
9352 1
961 1
9154 2
15179 2
9157 3
17350 0
17351 1
15308 1
17362 2
12451 1
17364 2
17365 0
17368 1
9177 1
17376 0
17379 2
17841 1
17381 2
9190 0
17390 1
17391 0
1009 1
1010 1
17395 2
9726 2
15769 2
17399 2
9209 1
17403 1
1022 2
17409 1
9218 2
1027 0
1028 1
11094 1
17414 0
1032 1
9226 3
1035 2
1037 3
12461 2
9234 2
9236 1
1045 1
17430 2
15193 1
17432 2
17435 3
17436 3
17437 0
17440 2
9250 2
9257 0
9310 0
16562 2
9262 2
17455 0
9264 1
5408 1
9266 3
1075 0
17460 1
9270 2
9271 0
1081 0
17466 0
1083 0
1084 0
1085 0
17473 0
17474 2
17475 0
1092 0
17477 1
1094 3
9287 0
17480 2
1098 2
1101 1
17487 2
1108 2
17496 3
17499 2
17500 2
17502 3
9312 2
17505 0
17506 2
1124 2
17509 2
9318 0
17937 2
17512 1
17513 2
17514 2
17516 2
1133 2
17519 2
1137 0
17522 0
17524 2
1141 1
9335 1
9336 2
9337 3
9338 2
17532 2
17533 3
1150 2
9343 2
17538 1
17539 3
9350 2
17543 0
1160 0
9353 0
1162 3
17549 1
17550 2
1168 3
17553 2
17555 3
17556 2
1174 2
17560 1
1178 0
7023 1
17564 2
1181 3
9375 0
9377 2
9378 2
17571 1
17574 1
17577 1
17578 2
8391 2
9388 2
9389 0
9392 0
1202 1
4950 2
17589 0
17590 2
4297 0
9402 2
9403 1
17596 1
9405 2
17598 2
18044 0
17602 0
1219 0
9414 0
9418 1
17612 2
9421 2
17616 0
9427 2
17620 0
8398 1
10134 0
9764 0
1242 3
4304 2
17634 1
1251 1
17636 1
17637 0
9446 1
17639 1
17640 1
17641 1
18591 1
9453 3
1265 3
1266 0
9459 2
9461 2
9462 2
5673 3
9464 0
1273 2
17660 2
17663 1
588 1
1281 0
1282 0
17668 0
17669 2
9478 2
17673 2
1290 1
9863 2
1293 3
9486 3
1299 1
17684 2
9045 2
1304 2
17689 2
11773 2
17692 3
17695 2
17696 1
1313 3
1314 1
17702 2
9777 0
1321 2
1322 2
17707 2
1324 2
17710 2
17713 0
1330 0
1331 1
17719 1
17721 2
1338 1
17723 1
17725 0
17726 2
17973 2
1700 2
1346 2
9540 2
9543 2
17737 2
1354 1
1355 1
1358 2
9555 1
9556 2
9557 1
9558 1
17753 0
17755 0
17756 0
9566 0
1375 2
15248 1
17762 2
9787 3
1380 0
1383 2
4956 0
17769 0
9578 1
1387 1
9580 1
15250 3
1390 2
9789 1
17777 0
17778 0
9591 0
9592 1
17785 0
9594 2
17787 3
9596 0
17789 1
865 1
9600 1
17793 1
9604 2
17797 3
9606 1
1415 2
17800 2
1417 1
9611 2
9615 2
17814 2
9623 2
1435 0
1436 1
17821 2
1438 1
17989 1
9634 1
9636 2
9637 1
1446 2
9642 0
17835 2
9645 2
9646 1
1455 0
9648 2
9649 1
17842 2
1460 3
1461 2
1464 2
17849 2
9659 1
17852 2
9663 2
1473 1
9667 3
1477 1
1478 1
9672 1
9673 1
1482 1
9675 1
9676 2
1485 3
17872 0
9683 0
9685 2
9692 2
17887 2
17891 0
17893 0
9702 2
17895 0
17896 1
12871 0
9712 2
1521 3
15273 0
9720 1
9722 2
1534 0
17924 0
9734 0
9735 0
15276 2
1546 0
1547 2
1548 2
9741 2
17935 1
17936 0
9816 2
7086 0
2738 3
17944 1
1561 2
9754 2
7087 1
17948 2
17949 2
17952 2
2992 2
9763 1
17956 2
9765 0
17958 2
17960 0
9770 1
17963 1
17964 0
9773 2
1583 2
12037 2
9779 0
9780 2
9781 1
1591 1
9784 2
17977 2
17979 2
1597 1
9792 2
17985 2
17987 0
17988 3
1605 0
1608 1
16652 0
1610 1
1611 3
17996 1
9601 2
11192 2
9810 2
9811 0
9812 0
3001 2
18008 1
9817 2
1627 0
18013 0
1630 1
9826 2
18020 0
9829 2
1639 2
1640 2
18027 2
1644 1
274 2
1646 0
9839 0
18032 0
13928 1
9842 1
1652 2
9845 1
12603 3
1659 0
9852 0
1661 1
1662 2
1665 0
1666 2
8358 0
1671 1
18056 0
9865 3
9866 0
1677 0
9870 0
9873 2
9874 0
1684 3
18069 0
9878 3
18071 3
1688 0
18077 0
9886 0
1695 2
18081 2
18082 0
1699 1
18084 0
1702 2
1703 1
18091 2
1709 0
1711 2
18096 2
1713 0
18098 2
1715 0
1720 0
1723 1
1726 2
16672 0
9928 1
9929 2
1740 0
1741 3
18126 0
1744 2
1746 2
18133 2
1750 1
1751 2
1753 3
18141 0
1758 3
18143 1
18147 1
18148 0
1767 2
1769 2
18155 1
1772 0
18161 1
18163 0
1782 1
18167 1
13423 0
1788 2
9981 2
1790 2
18175 1
1793 0
18178 1
17245 1
1800 0
9995 2
1805 3
9998 0
9999 2
10000 0
1809 2
1812 3
18197 0
18201 1
10010 0
18203 2
1820 3
3034 2
18207 2
1826 2
10019 3
10020 3
10023 3
18216 2
18217 0
18218 2
11245 3
1836 1
18221 2
18222 0
18224 0
1672 3
10034 1
10035 2
10105 0
1847 0
18232 2
1850 2
1852 1
1674 2
309 0
10048 2
1857 2
1858 1
10053 1
18246 2
18247 2
10056 2
1866 2
10059 2
1868 3
16429 2
10428 0
18062 2
18264 1
1882 0
18269 2
15333 2
10080 2
18274 3
18275 1
18276 0
10086 2
18279 1
10088 1
11239 2
18284 1
10095 2
18290 0
10099 2
1911 0
18297 0
10109 0
1918 2
1921 2
1924 2
1925 3
1927 3
18312 1
10121 1
18314 2
1932 0
10125 1
10126 3
18319 0
18321 2
18326 0
18331 1
10141 0
6066 3
10149 1
18344 2
1961 2
10154 0
10155 2
18348 1
1966 0
18353 0
10162 0
18078 2
18358 3
18360 2
1979 1
18615 1
18366 2
10175 0
15350 0
1990 3
1697 0
1992 2
11579 2
1997 3
10190 0
10191 3
18384 2
5687 2
10196 1
18390 0
2007 1
10200 2
2009 0
18394 2
2011 1
18401 1
18404 2
10216 2
2025 1
10220 0
18414 3
8415 1
5800 1
10226 1
18419 1
18420 2
18421 3
18424 1
4436 2
18426 1
2043 1
16725 1
18432 1
18434 3
1707 0
18443 2
15617 2
2061 3
10254 2
13435 2
2069 3
2072 2
2075 0
4442 2
18463 0
18464 0
347 3
2087 2
2088 2
18475 0
10285 1
18481 0
2098 2
18483 2
199 1
10294 1
10296 1
10401 2
10299 2
10304 3
2113 2
10306 1
15371 2
2116 2
10309 3
18502 3
10311 2
2121 0
10316 2
10317 1
10318 1
10319 3
2128 1
2129 1
18515 2
10324 1
10325 1
2137 2
2138 2
7183 0
18524 1
10333 1
10335 2
16926 2
18529 0
2146 3
10339 1
10340 3
2149 2
18534 2
2151 0
2152 2
2153 2
18538 2
18539 2
2157 0
10351 2
2160 1
4456 3
18546 3
18547 0
10356 1
2166 1
8553 2
12620 3
10365 2
10366 2
2175 1
18560 3
14257 1
10371 2
2181 1
18567 3
18569 1
13439 1
2193 0
10386 1
2195 1
2196 0
10389 0
73 2
10391 1
2200 1
2201 2
10394 0
18587 3
2207 1
2209 0
18594 2
10403 0
10406 0
10410 2
18604 2
18605 2
2223 2
18608 0
18609 0
16755 2
18614 2
10423 0
2234 2
10427 1
2236 2
18621 0
2239 2
10433 2
2243 2
18628 2
18630 0
18631 0
2249 1
18637 1
2254 2
18640 1
2261 1
10454 0
18647 2
18649 0
10441 2
2268 2
2272 0
10467 2
2276 0
18662 2
2280 1
18665 2
18666 2
10477 2
381 0
10483 0
10484 2
10486 2
10487 0
10488 2
18681 2
18682 1
18683 1
2303 0
2304 0
18690 1
18692 2
18693 2
10502 2
18695 0
18697 1
18698 0
2315 2
10510 0
18704 1
18705 2
18706 2
2323 0
2324 2
10517 1
18710 2
18714 1
10523 2
18723 1
18725 1
10534 2
18733 2
18734 2
2353 1
15411 0
2356 2
18741 0
10552 0
18746 2
10555 0
2364 2
2365 3
7221 0
2368 1
18754 2
2371 2
18756 2
18760 3
10569 3
10573 1
2382 0
18767 0
18768 0
18770 0
18771 2
18772 1
18773 3
18775 1
18777 3
18778 0
12687 2
10589 2
10591 2
16784 2
3131 0
18790 0
10599 0
1444 2
2412 0
10606 1
10607 1
10609 0
10612 2
10613 1
10616 1
18357 2
2426 1
10620 0
10947 1
2431 0
2432 3
18819 0
10628 2
16790 1
2438 2
10631 2
10632 1
18156 1
10634 1
407 2
10637 0
18831 2
18832 1
18833 0
2452 2
18839 2
10650 2
2460 0
10658 2
10660 2
2470 2
2472 2
8604 2
2475 1
10670 1
10672 2
1779 0
10676 0
2485 0
10678 2
2487 2
10680 1
10681 0
2491 0
10689 3
2499 3
2500 2
2505 3
8293 1
2508 0
2510 0
8611 2
10709 2
10711 2
10712 2
420 1
10714 1
10716 1
2527 1
2528 0
2529 0
10724 0
2534 1
357 0
16807 1
2545 3
2546 2
2549 2
1791 3
10749 1
2560 1
10753 2
10755 0
10757 2
2566 3
9346 2
2574 0
18225 2
10771 1
10773 1
10774 1
9906 2
10776 1
2585 0
10780 0
2589 0
10783 3
10784 0
10786 2
2595 2
4529 2
10793 0
10797 0
10798 0
2609 0
10802 0
2611 1
2613 1
2615 2
4997 2
10809 1
10812 1
10813 0
10814 1
437 2
2624 2
2626 0
2628 1
10822 1
10825 0
10826 0
10827 0
2640 2
2641 1
2642 0
12729 0
10841 3
4538 2
2654 2
2655 2
10849 0
4539 1
10855 1
10856 2
12732 1
2666 0
10863 0
2673 1
10866 0
10868 0
2677 2
10871 2
447 0
2686 1
10881 2
10882 0
10883 2
10884 0
10887 2
2705 0
10901 2
10906 2
10907 1
6910 2
2722 1
10915 2
10919 0
2729 1
8747 2
16494 0
4819 1
2741 2
17822 3
10940 2
458 3
2750 1
2751 0
10945 2
16843 3
16385 2
2764 3
2766 0
2769 0
16459 2
1827 2
2774 0
2778 2
3093 3
10973 2
10974 3
16848 2
2791 2
2793 0
10988 0
2798 0
10991 1
10993 3
10994 1
2803 2
2807 3
11003 0
11004 2
10026 2
2817 0
11011 0
470 1
11014 3
11016 0
2826 2
1837 2
367 0
2840 0
11034 2
14127 2
2845 1
11038 2
2847 1
11040 3
11041 2
11042 2
2851 1
11045 2
2854 1
2855 2
11052 0
11053 2
2862 2
4573 1
11056 0
11057 2
11059 0
2868 1
11065 2
2874 0
12767 3
15498 0
1845 0
2278 2
2882 2
15499 2
11078 2
12769 2
11082 2
2893 0
13058 0
10040 3
2898 2
4579 3
2902 1
2903 2
11098 0
2907 2
2908 0
2909 1
2910 1
2917 0
11111 3
15295 2
2922 1
12775 0
2927 2
11120 0
2929 0
2931 2
11126 1
2936 0
2937 2
11133 0
11134 1
2944 2
11141 0
11142 1
11145 2
15374 0
2955 0
11149 0
2960 0
2961 0
2962 0
11155 0
17284 0
2973 2
11166 0
2979 2
2980 0
11174 0
17830 3
2984 2
2985 2
11178 3
2988 0
11181 1
11183 2
11184 1
4464 2
2995 2
11191 2
3000 2
11193 0
11194 2
18250 2
11200 1
11201 0
11203 1
11206 0
3016 1
11214 2
1869 0
3024 3
3025 1
11220 1
11222 0
3031 1
3032 2
3033 0
11226 2
3035 3
8830 0
11230 2
3040 2
1465 2
3043 3
11236 1
3047 0
3048 3
3049 2
3052 1
3053 2
3056 2
3057 0
3058 1
11259 2
11434 2
3070 2
18261 1
3072 0
3074 1
11267 2
11268 2
3082 2
10741 1
11277 0
3087 2
7195 0
11285 0
3098 1
3100 0
3101 0
11295 2
14171 0
3110 2
11307 2
11309 0
11310 1
3122 3
11315 0
4617 2
3128 3
3129 3
1468 2
3134 0
11327 2
11329 2
11330 1
16907 0
3141 2
11334 2
11335 2
11336 2
3145 3
11346 2
10083 2
11349 0
11356 2
3171 2
11364 1
11367 0
3177 3
3179 2
3182 3
3185 0
3187 2
11382 2
3191 2
11388 1
3197 0
11397 2
11398 2
3207 2
4685 0
3215 2
3216 2
11414 1
11424 3
11425 2
11426 3
3237 1
11430 0
3239 0
3241 1
3242 3
3243 1
11441 3
1907 0
3252 3
542 2
3260 0
3261 1
3263 2
3264 0
11457 2
11458 2
3268 2
11461 1
3270 1
11463 1
6241 1
11467 1
11468 0
3280 2
8739 3
3286 1
1913 2
3288 2
3290 3
3294 0
11487 0
3296 0
3298 1
3299 0
2292 0
11494 3
3303 1
16716 0
11499 0
3308 0
11502 2
11503 0
11504 3
3313 2
3283 0
16607 1
3320 2
3321 1
11514 2
16938 0
11519 0
6016 2
3330 1
16939 1
11525 1
10113 2
11530 1
111 3
6018 1
3344 1
14212 2
3354 2
3358 0
3359 3
3361 0
11554 1
3363 1
6022 2
15580 2
11565 1
3380 1
3381 1
3382 0
3387 1
4987 0
3393 1
11586 0
11588 1
11590 0
3399 0
3400 0
1933 2
3409 0
3410 2
3416 0
3419 2
3421 1
3422 1
11615 1
11617 1
11618 1
11619 1
11621 0
3430 3
14225 0
3435 3
3436 1
11629 0
3438 0
3446 2
11640 2
3449 2
8571 0
3452 0
3453 2
3456 0
11652 2
11653 0
11654 0
11658 0
3468 0
12866 2
11662 2
3472 2
3310 2
11672 2
11674 0
3483 1
11677 2
11678 0
7408 2
3490 2
11684 2
4678 1
11686 0
3499 0
3501 1
3503 2
11698 3
11703 1
3515 1
12874 1
3520 2
1660 1
3529 0
18121 1
11724 2
3535 3
11732 0
11738 1
591 1
11742 0
11744 2
3557 2
11750 0
11755 1
3564 3
13485 2
11764 2
11766 0
10032 1
3327 0
1962 3
3582 2
3584 1
11779 0
11521 1
1964 2
3595 0
11792 2
11795 3
13759 0
11800 2
3611 3
11806 2
3333 1
11808 1
14256 1
3619 2
3621 2
11815 1
11821 1
8797 3
3634 3
14259 1
11831 1
11833 1
11836 0
11837 0
11838 2
1973 0
11842 0
11843 2
3652 0
3655 1
3658 2
11851 1
3661 2
3663 0
11856 3
3665 0
611 1
3669 0
14265 2
3673 1
11867 1
1759 2
16997 2
11873 1
11874 1
18363 1
3684 3
12902 1
11878 1
11880 1
3690 2
11884 2
11886 2
18365 1
3701 2
3702 2
8809 0
3704 1
11897 0
8810 2
11902 2
9398 1
11905 3
3715 1
7446 2
620 3
2306 1
11915 0
3727 2
3730 2
3732 0
8814 2
15641 0
3738 1
3740 0
14277 2
3745 2
3747 1
11941 2
17310 1
12913 2
11944 2
18375 1
3763 2
11957 0
7455 0
3775 2
11968 1
3784 2
8855 1
3789 0
3791 2
3792 0
3795 3
11989 0
3798 2
8825 1
672 0
3810 2
8827 2
3814 1
3815 1
3816 2
12013 2
3822 3
4733 2
1764 2
15657 2
12028 0
6017 2
2006 1
8834 2
12053 1
3862 2
10201 1
12059 0
2010 1
3876 2
8858 2
15665 1
3880 0
12074 2
12076 2
3885 2
3887 2
3889 2
12082 0
12083 2
17042 2
1377 2
3901 0
14304 0
12100 2
12106 2
12109 2
12110 2
18134 2
12114 0
12117 0
12120 0
517 0
12126 2
3935 0
7483 0
12132 0
8849 2
12136 2
12139 2
658 0
3950 0
12145 1
3955 0
12148 1
3958 2
12157 3
3968 3
12162 1
2860 0
12170 2
3979 1
12173 0
12176 1
3985 2
3986 0
12181 1
12184 2
3994 0
12189 0
12191 0
14320 2
4002 1
17051 1
4009 3
4011 2
12204 0
4013 2
4014 2
12210 2
4019 1
4766 1
4024 1
17055 2
4029 2
12960 2
4038 0
1771 1
12232 2
6135 2
4050 1
4058 2
4059 3
12252 2
12253 0
12257 0
4066 1
18427 3
4071 0
12266 2
679 0
12270 2
4079 0
12272 2
8592 2
4086 2
4087 0
4088 0
2047 2
4093 1
1391 0
17067 1
12293 3
12300 2
12304 0
2755 0
12312 0
12314 2
15303 2
4126 0
4130 2
12324 2
12977 2
12331 2
4140 0
12333 1
4146 0
4147 2
4148 1
11614 1
4151 2
12344 2
12353 0
4164 0
12141 1
12360 1
12361 2
12363 3
4173 2
12366 2
4175 2
12372 0
18446 2
12375 1
12377 2
12379 1
16779 2
4189 0
4191 2
12384 1
4195 1
12390 2
6161 1
12392 1
4205 2
4206 3
4212 0
12405 2
7529 2
6687 2
12409 0
4218 1
12411 2
4221 2
12414 2
10261 2
4225 2
4226 0
15723 0
12420 2
17089 0
4232 3
12426 0
12429 0
12431 3
12432 2
12433 2
4245 2
12439 0
10507 2
4252 0
12445 2
12446 0
709 1
4256 2
12449 2
4258 1
4259 2
9531 2
4262 2
4263 2
12459 1
17759 1
8871 2
4270 0
12465 1
12466 1
15418 3
17097 2
4280 1
8906 2
12478 0
7541 1
12481 0
12486 2
12487 0
17100 0
4298 0
12492 2
4302 1
12495 2
12496 1
3448 2
4307 2
4310 0
12503 0
12509 2
4320 2
12513 2
12514 0
12515 3
4324 2
12521 2
16511 0
8914 2
4335 2
4336 0
4339 3
4342 2
12539 2
4354 2
2091 2
4822 0
4359 2
12554 3
4365 2
12563 2
4374 2
12567 1
4377 3
4380 2
12573 0
4383 2
12579 0
4389 2
4390 1
2097 3
12584 2
12587 3
4399 1
12594 1
12595 2
12596 2
4405 2
12599 2
4408 2
4409 1
13023 2
4413 3
12610 0
12611 2
4421 0
4422 2
12615 2
4428 1
12621 1
15827 3
4433 1
4434 1
12628 1
4438 3
4439 2
12634 0
12635 0
12638 2
4447 3
12641 0
4451 3
12648 2
12652 2
12656 0
12657 2
12659 0
12660 2
4471 1
12665 1
4475 0
12668 2
12674 3
4483 0
4485 2
4667 2
4493 2
12686 2
13037 1
3480 2
4498 2
18499 1
12692 2
4503 2
6151 2
10308 0
4511 1
4512 0
2928 1
4517 1
4518 1
4519 0
4520 0
12714 1
12715 2
12717 1
4526 2
4527 1
4528 2
12721 1
4531 1
4532 1
12727 1
4536 0
4537 2
12730 1
12731 0
4540 1
4541 0
4542 1
7789 2
4545 0
12739 2
12743 0
17143 1
4559 3
12754 2
12759 1
4569 0
4570 1
4571 0
12765 2
4574 3
15781 1
4577 2
12770 1
17147 0
4580 1
4581 1
4582 2
4583 1
4584 0
8956 2
4592 0
4593 2
12786 0
12788 2
12790 0
12792 1
2132 0
12794 3
12795 0
5336 1
4605 2
2133 1
4610 1
12809 1
12811 2
4620 0
12813 2
4622 2
4623 2
4626 2
4627 3
4630 0
4632 2
4633 2
4636 0
7123 2
10332 1
12842 2
12843 1
4653 0
12847 2
4656 1
12849 0
4658 2
12852 2
4661 0
4662 0
4666 0
6702 1
4668 2
12861 2
4671 0
4674 1
12867 1
12870 1
4679 0
12872 2
4682 2
4683 0
12877 2
4688 1
12884 1
4694 1
8495 2
2377 0
4248 0
4699 1
4702 0
4703 3
11707 2
12900 1
4709 1
4710 1
4711 1
12904 2
12906 2
12907 0
4717 0
12911 1
12912 3
4721 2
4722 0
4726 1
12919 1
4730 1
4731 2
4732 0
12925 1
4734 2
12928 1
12930 2
12931 0
12937 0
4748 1
4752 1
4757 2
12951 0
8069 2
4764 0
17178 2
12958 0
4768 2
12961 2
4772 0
15471 1
4776 2
4777 1
12971 1
12975 1
4785 0
12981 1
4790 1
12984 2
12986 2
12987 1
4796 2
4798 0
12992 0
4801 1
12994 1
12995 1
4807 1
4808 1
4809 2
4811 3
4813 1
4814 2
4815 2
13009 2
13010 0
13011 0
14345 3
13014 2
4826 1
4827 1
13021 0
13022 3
4831 1
13024 2
13027 0
4837 2
13030 2
4839 0
4840 0
4844 1
4845 2
4848 1
13041 2
13042 2
4851 2
13729 1
4855 2
4856 1
4863 1
13056 0
2176 2
4866 0
13059 3
13060 0
4872 2
4876 3
4878 0
13076 3
4887 1
4888 2
4892 0
13087 0
4897 2
4904 0
13097 2
13100 1
4910 0
4911 2
13104 3
13106 2
13107 0
13108 0
10377 2
4920 0
4916 2
4927 2
4929 0
4930 2
4931 2
4934 1
5347 2
4937 2
17207 3
13133 2
13135 2
13136 2
13112 1
4948 2
13142 1
13143 0
13144 1
13148 2
13150 3
4961 1
4962 0
9019 1
13157 2
13160 1
13163 0
13164 2
18579 2
13173 2
8622 2
13176 0
4986 2
13119 0
4991 1
4994 1
2198 1
1888 2
13193 2
13194 0
13196 0
10392 2
13202 1
5011 3
13208 2
13209 2
13210 2
13211 3
18586 2
5030 2
5031 3
5032 0
13229 2
13230 2
13233 1
13237 1
13239 0
13240 2
5049 3
5051 3
13245 2
5054 1
13249 3
5063 2
13256 1
13259 2
14498 2
13262 2
17229 3
5072 3
13266 1
2211 0
5076 1
13270 3
5081 0
5082 2
13275 2
13276 2
13278 2
6309 0
13280 1
5089 1
5090 3
13263 3
17233 2
5099 1
13292 0
5101 3
13295 1
851 0
13301 2
13302 1
13303 2
5115 1
5116 3
853 0
5121 2
13317 0
13320 2
10412 2
13324 2
10413 0
13329 2
5138 0
13337 2
5148 2
13341 0
13351 2
5160 0
17244 0
5162 2
8628 1
5167 1
13360 2
13363 2
5173 2
13366 0
13367 3
5177 3
5179 0
13376 3
5185 0
5186 0
5187 0
5188 1
10422 2
5191 2
13384 2
5195 2
5196 2
5197 3
13392 0
4963 3
13396 0
13401 2
5210 3
10426 1
5214 2
5217 0
13411 0
13413 2
13414 2
13415 0
13417 3
13420 3
13421 0
1835 1
13424 2
13427 2
13429 1
5239 0
5241 2
5242 2
5243 2
5244 0
5247 2
5248 0
13442 2
5251 2
5253 3
6176 1
17633 3
13452 0
5264 3
13458 0
8873 2
5275 1
5278 3
13477 2
5286 2
5289 0
5290 3
5291 0
5293 2
13486 1
5297 0
13490 1
5299 0
5301 0
13494 3
18633 0
884 1
5306 1
5307 0
13500 0
13501 1
4981 2
13504 2
5318 0
13511 2
13512 1
5321 3
13514 2
16544 3
5326 0
6349 2
5329 0
5331 3
9452 2
5335 1
13528 2
5340 2
13535 2
5345 2
17275 0
5351 0
5353 3
5356 0
5357 1
12999 1
13551 2
5361 2
5362 2
5363 3
13559 2
9201 0
13183 0
5372 2
13565 2
5374 1
5375 2
13568 3
5377 2
5378 2
5380 1
13575 0
13578 2
13580 2
13581 0
13586 0
17283 0
13588 2
13589 0
5401 2
13594 3
5407 1
13600 1
13602 2
3999 0
13605 2
13607 2
13608 2
10460 1
13610 1
5421 2
5422 2
2102 2
13622 2
5431 0
13626 3
5435 0
10464 1
13634 2
17291 2
5444 2
5446 1
5448 0
13642 1
13650 3
13654 3
5463 1
13656 1
18660 1
13658 2
13660 3
5471 0
5476 0
5477 0
5478 0
10498 2
13673 2
13674 0
13675 1
13676 0
5485 0
13679 2
5490 1
13685 1
13686 0
5497 2
11839 3
5501 1
13695 2
13697 2
14571 2
5508 2
13703 1
11913 1
5513 2
5514 0
13710 2
13713 2
13714 1
13718 2
9113 0
13720 2
13723 2
13727 1
14576 0
13732 2
14369 2
13734 1
5544 3
5545 1
13742 2
5021 2
18675 0
13749 0
5561 2
5562 1
5564 1
5567 2
18678 0
3965 2
13769 0
5579 2
13772 2
5581 2
5583 2
5587 1
13780 1
13782 2
6393 2
13786 0
13787 2
13789 3
13791 2
5606 0
11857 0
5609 2
5611 1
5612 2
13808 2
17645 0
5623 0
5624 2
13818 3
5627 1
5630 2
5632 1
18688 1
13828 1
5637 1
13830 0
5639 2
3461 0
5641 0
13834 2
13836 2
5645 0
13838 1
9133 0
583 1
5653 1
13846 2
5657 1
5658 3
13852 2
5661 1
5664 2
13865 2
13867 2
12737 1
5685 2
13879 2
5691 2
13884 2
5698 2
13891 1
14604 2
5100 2
13902 0
5712 0
17336 2
5720 2
13913 0
5722 0
13915 3
5727 0
13927 1
10011 1
13937 1
18707 1
13246 2
5751 2
10516 3
18709 3
13954 1
5765 2
9153 2
13967 1
5776 2
11877 2
5787 0
2331 3
13992 0
13993 2
13997 0
5376 2
14001 2
5810 0
5811 2
5814 2
5818 2
14012 1
5821 2
14014 0
5824 2
1841 2
14019 2
14022 2
5831 0
10568 1
14029 2
5841 1
14036 1
5845 0
5851 3
8651 0
14047 1
14050 1
5859 2
5863 2
5865 1
14059 1
14065 0
14066 3
14068 0
14069 0
5879 2
14077 3
14084 1
5898 0
8573 1
14100 0
5909 3
14103 1
5913 1
5921 1
5925 2
5927 3
5930 2
14123 1
14124 0
5935 0
14128 2
16008 0
17170 3
14133 2
5943 0
14136 2
14138 1
14139 1
10291 1
1562 0
14147 2
13019 2
5961 2
6455 1
13282 2
14167 0
5978 0
5979 0
2362 2
5982 2
14177 2
18747 1
14180 1
5989 2
14186 2
14189 0
14190 2
14191 2
14194 2
14199 1
11924 3
6011 2
6013 2
6015 0
14208 0
14209 0
14210 2
14211 0
6020 1
14214 2
14216 2
6025 2
10839 0
14219 0
14221 0
14222 0
16024 1
14227 1
14228 0
6044 3
6047 2
14240 1
14242 0
14243 1
6053 1
6055 1
6056 2
8385 0
6060 0
14253 2
6064 2
6472 0
14258 2
6067 2
6069 1
6071 2
6073 2
17280 1
6080 1
14274 2
5110 1
14280 0
6089 3
14282 1
7295 2
6093 0
14287 1
6097 3
14292 0
6107 2
6108 2
14301 0
14302 2
6111 1
6112 0
6118 1
14317 0
6128 2
14321 2
14322 2
14323 2
6134 1
14327 2
10580 0
14330 0
6140 2
6141 2
14335 2
14339 3
6149 0
6150 0
13313 2
6152 3
6153 0
6154 2
6156 0
6159 2
14353 0
6164 2
10585 0
14360 1
6169 2
14364 1
14365 3
6174 2
14367 1
14368 2
6177 1
18779 0
6180 3
13572 2
14376 2
6185 2
6187 2
14380 0
16050 3
14385 1
14386 2
14387 2
14389 2
14390 0
6200 1
6201 2
423 2
6203 2
6205 2
6206 2
6697 2
14403 0
14408 2
14411 2
14412 2
6222 0
14415 1
14420 2
14424 1
14428 3
14433 2
6243 0
14437 2
5137 1
6251 2
14444 2
6255 2
14449 2
6259 0
754 2
14458 2
6267 2
6270 2
14463 1
6272 3
14467 1
6282 2
6283 1
6286 3
6290 0
5145 2
14491 1
6306 1
14501 0
13299 2
14505 2
6315 0
6316 2
6317 2
14510 2
6319 1
6323 3
8593 0
6330 2
6331 2
6332 2
6333 1
6335 0
6336 2
6337 0
14530 0
6340 2
14533 2
2879 2
2388 2
17442 3
6350 2
14546 0
6355 3
6357 2
14551 1
3485 1
3752 3
6367 2
14560 1
6370 2
14565 1
6379 1
6380 0
16082 2
6384 0
6385 2
6386 1
10622 2
13353 0
14585 0
14586 2
6398 3
14593 3
6403 3
6407 2
6409 1
6412 2
6416 3
16088 1
14611 1
6424 0
14617 2
6426 1
1071 1
6428 1
6429 1
14625 2
14627 2
6436 1
6442 1
6445 1
6446 2
14640 0
18491 0
14642 2
14644 1
14647 2
6456 1
14651 2
6462 0
6466 2
6467 2
14661 2
6470 3
14664 1
14666 2
6475 0
7906 2
14671 0
14672 1
3811 2
14676 0
6488 2
14682 2
2671 0
9274 2
6495 0
14690 2
12006 0
6507 2
17469 0
16104 0
6514 1
6519 2
6520 0
6522 2
6523 2
13355 2
14724 2
14728 3
14729 0
14730 1
14731 2
14734 0
14736 2
14737 2
14738 3
9283 1
17476 0
13381 0
6563 3
18844 1
6575 2
1096 1
16115 2
6587 1
6588 1
14782 2
16117 2
13387 1
6597 1
14791 2
14792 2
14793 1
6603 1
14800 2
14804 2
6614 2
6617 2
14811 2
6620 2
6621 2
6622 0
6623 0
6624 2
14819 2
14820 2
10662 2
3494 2
6632 2
14825 2
14829 2
14830 2
14761 1
5204 2
6651 1
14845 0
14849 2
14850 2
14851 2
6660 0
6662 2
14858 2
14863 1
14864 2
6673 1
7939 2
6676 0
14870 3
14871 0
14874 2
14878 2
14879 2
14680 2
6689 2
9307 2
6692 2
6577 1
9308 1
6701 1
14894 2
6703 1
16590 3
14899 1
6708 1
6709 0
16863 2
14904 2
6713 0
6715 2
14911 0
14912 0
14913 2
6723 1
14916 0
2406 1
9313 0
10679 2
6734 3
14928 2
17955 2
14931 1
6740 1
1970 0
6750 2
6751 0
14945 1
11136 2
14779 2
10045 1
14951 2
14780 2
6764 2
14957 1
14959 0
6772 1
14965 0
6774 0
6777 0
6778 1
14972 2
14974 1
14975 1
6787 0
6788 1
6791 2
14984 0
6794 2
14989 0
6798 1
14992 0
14993 0
427 2
14787 0
14996 2
14997 0
6806 0
6809 0
6810 1
5231 2
15004 2
15009 2
6819 3
6828 1
6830 2
6600 0
6836 1
6841 2
15034 2
15035 3
6845 0
6847 0
15041 2
15042 2
14795 1
6855 1
15048 2
6857 1
6860 1
15055 2
6866 2
8412 1
6871 0
15068 2
6877 0
15070 2
15072 0
6881 2
15075 2
10575 1
6886 2
6887 1
15080 2
15081 1
6890 1
3879 2
6892 2
15085 2
6895 0
6896 1
6898 1
15093 3
6902 0
6907 2
15101 1
15102 1
6911 1
15107 1
15109 1
15111 3
15112 1
6923 0
6925 0
12077 2
15123 1
15124 3
6933 3
14809 2
15129 1
7596 1
15132 1
2522 3
6942 1
15135 2
15136 1
15137 3
6946 2
6947 3
15140 0
15141 1
6950 0
15144 0
15145 0
1159 2
6957 1
15150 0
17544 2
6962 2
15157 2
6966 0
15160 1
15162 1
6971 1
15167 2
6976 2
15172 2
15174 2
15175 1
17145 1
9982 1
15181 1
12235 0
6993 2
6996 2
15189 0
15191 2
11826 2
2532 0
15194 2
15195 2
7004 2
7006 2
7010 1
14122 3
7018 1
15212 3
7021 3
7022 3
15215 0
15217 2
14013 1
15220 2
7029 0
15225 1
15231 0
7040 0
15235 1
7044 3
15238 0
15241 2
7056 2
7058 3
7059 2
15255 0
7065 3
15258 1
15259 0
17562 1
15264 2
15265 1
15266 1
7076 1
15270 0
1180 1
7084 1
14966 0
15278 3
15279 2
7088 0
7089 2
15284 1
15286 1
8009 2
7103 2
7104 0
7105 1
15299 0
7108 1
7109 0
7110 2
17569 2
15304 2
7116 1
15310 1
7120 2
15314 0
15315 2
15316 1
15318 2
15319 0
7129 2
7130 0
15323 2
7134 1
15329 2
7138 0
7139 0
7141 0
7142 1
6653 1
7158 2
7164 2
7165 0
17151 2
1195 0
15366 1
1196 2
7179 3
13523 1
8968 0
15375 1
2563 2
7188 2
15384 0
7194 2
15387 2
7203 2
7205 1
7207 0
7208 2
7522 2
7214 2
15409 2
7219 3
15413 2
7225 0
7226 0
7228 1
7229 0
7230 2
15423 0
7235 2
15428 2
1206 2
15430 1
15431 2
4060 1
15438 0
15440 1
15443 0
15445 2
7256 2
15457 2
15461 0
15463 0
12135 0
17597 1
15472 2
15473 0
11887 2
15478 2
15479 0
15482 1
13503 2
15487 3
15488 3
15491 1
1217 2
15496 0
7306 2
6679 2
15500 2
1218 2
15503 2
15504 0
15506 1
15509 1
7323 0
15517 1
15520 0
15521 2
15522 1
7332 2
15525 2
7335 0
15531 0
15532 3
15539 0
2591 0
5322 2
15552 1
7363 0
15557 1
15558 1
15559 3
15562 0
15563 0
15565 1
7374 3
15572 1
15574 0
7388 2
15582 0
15589 2
15594 3
2599 2
7407 2
15600 2
7409 1
15602 2
15603 1
15605 1
15607 1
15610 0
1237 2
15616 0
12160 0
15618 0
15628 3
15633 0
15634 0
15635 1
2606 3
15638 2
7447 2
7449 2
7450 2
15645 3
15647 1
15649 3
15654 2
13532 0
7473 1
14979 3
15670 3
7481 1
15675 2
15676 0
15677 1
14901 0
7489 2
7491 2
7493 2
7495 0
7496 0
10807 0
7500 2
7502 1
6712 2
9443 2
15701 0
15703 1
15704 0
7516 2
15710 3
1253 0
15714 1
18057 2
3251 0
15721 2
15722 2
9447 1
7533 0
9448 0
7538 3
11435 2
7542 2
15736 1
15738 2
15741 1
15745 2
15748 2
15749 1
7558 0
15753 0
16279 0
15758 2
15759 3
15760 0
15761 2
15764 0
15765 2
15766 1
6724 2
7578 1
15771 0
7580 2
15776 2
3253 1
7586 3
7587 0
15780 0
7589 0
7591 3
7592 2
7593 2
7594 3
15787 3
15788 1
17650 1
15793 0
17651 0
7604 2
7611 1
7612 1
7613 0
7618 0
15816 2
15818 2
7627 0
10074 2
15821 1
7631 0
15824 2
7634 2
16291 2
7637 2
9465 1
7640 3
7641 0
15834 1
7646 2
800 2
7649 2
15842 0
7651 2
15845 2
8103 2
15855 1
4074 1
7667 1
15861 1
7670 3
15863 2
7675 0
7676 0
15870 1
15872 3
17664 0
15877 0
17665 2
15883 0
8289 2
17666 2
7695 2
7696 0
15889 1
15890 2
7699 2
15893 0
433 2
7703 3
7704 1
7705 0
15898 2
15900 2
7709 3
15902 1
9477 2
7714 0
7715 0
15910 1
15911 3
15913 2
15915 1
7726 0
15920 1
7730 1
12211 2
7732 1
7734 2
9481 2
15930 2
15931 0
9482 0
2440 2
7747 2
7753 3
10851 1
7766 1
15959 1
15962 0
15963 2
15966 2
7778 0
7624 3
7781 2
2714 0
7783 0
7784 0
15979 1
15981 0
12221 0
15984 0
17683 0
7796 3
10857 0
7802 0
15995 2
15996 0
15997 1
7806 1
15999 1
16000 2
16005 1
7816 0
7819 3
16014 2
16015 1
16021 0
7832 3
16025 1
16026 2
16027 1
7838 2
7839 2
16032 1
16034 2
16039 2
16040 2
9263 1
7852 3
7854 2
16049 1
7858 2
16056 1
16057 1
7866 2
9503 2
16061 1
16064 2
7873 1
16066 1
16067 2
16069 2
7878 0
17697 0
16073 1
7882 1
16075 1
7884 2
16078 1
7887 0
16081 2
7890 2
7895 1
7896 0
7897 2
7898 0
16091 2
7900 2
7901 0
16098 0
7912 0
16106 2
16108 2
16110 2
16112 0
16113 2
1082 2
16116 1
6782 1
16118 1
7927 1
7929 3
16123 1
7933 2
7934 2
7936 2
16131 1
16134 0
16135 2
7945 2
7947 2
16143 2
7952 0
16145 0
7954 0
7955 2
16150 2
17729 1
14980 0
7962 0
9397 2
12819 1
16164 1
7974 0
7975 2
7977 1
7986 2
17715 0
16180 0
16181 1
16186 2
7998 3
8003 2
16196 1
16198 0
16201 1
16203 0
8014 2
16207 0
16209 2
12259 2
16214 2
8164 0
8028 3
16226 0
16227 1
16228 3
10897 3
16234 2
16235 1
8044 1
6802 3
16362 2
16243 1
16250 2
1343 2
16253 2
16260 1
16261 1
16262 1
16263 2
16265 1
16266 2
16271 2
17727 1
8082 0
15001 1
16282 1
16285 0
16286 0
16288 1
16290 0
2715 2
16292 0
13638 2
16295 1
8108 2
12274 0
16304 2
16305 0
16307 0
8116 2
16309 1
8124 0
16317 0
16321 0
8130 1
16324 0
16325 0
16329 0
16331 1
16332 2
8142 3
16336 3
16338 2
16339 0
16341 0
16342 2
8151 2
8154 3
8155 1
8156 1
8159 3
8160 0
16356 0
8167 0
8168 2
8169 2
8170 2
8173 0
16366 0
16368 1
8179 2
8182 2
16376 2
8186 2
16379 2
16380 0
