62 2
64 1
66 1
68 2
69 1
73 2
74 0
80 1
88 2
93 3
102 1
104 0
106 1
108 2
112 3
113 2
115 1
118 1
122 3
126 2
133 2
135 1
139 3
144 2
148 1
150 2
151 1
157 0
158 3
162 2
163 2
170 0
173 2
175 3
177 1
178 0
183 2
185 2
186 2
187 1
189 3
191 0
195 2
197 2
199 1
200 0
201 1
202 2
203 0
204 1
206 3
207 2
208 2
209 2
213 2
218 3
220 2
228 2
236 0
240 1
246 0
250 1
261 2
263 2
264 0
266 2
271 2
279 0
287 2
289 2
291 1
297 2
305 2
307 0
317 2
319 2
323 0
324 1
329 1
332 2
345 3
347 3
358 1
359 3
360 2
362 1
366 2
367 0
378 3
379 0
383 0
394 2
396 1
397 3
400 0
407 2
410 2
411 2
419 0
421 0
423 2
424 0
427 2
429 3
432 1
433 2
435 1
437 2
438 0
440 1
442 1
443 0
444 2
446 2
454 2
455 1
461 2
464 2
466 3
467 1
469 1
477 2
483 2
485 2
486 2
488 2
489 3
496 2
500 2
501 1
504 3
505 3
508 0
510 2
512 1
517 0
523 0
524 2
526 0
528 2
533 0
535 0
538 0
541 2
542 2
545 2
547 1
548 1
549 2
551 1
552 1
554 2
558 1
562 3
563 2
564 1
566 3
567 2
572 0
573 1
574 0
581 1
583 1
584 2
585 2
587 1
588 1
591 1
592 1
601 1
603 1
605 3
606 0
607 1
611 1
617 0
618 1
619 2
620 3
622 0
623 2
625 3
629 1
630 0
632 0
633 2
636 2
638 0
641 0
644 1
651 0
654 0
658 0
660 2
663 2
664 0
666 0
670 2
672 0
673 2
674 0
676 2
681 3
688 0
701 2
705 0
707 0
713 0
715 2
717 0
730 2
733 1
737 2
738 2
741 2
744 2
746 2
748 2
749 0
750 2
755 2
760 1
762 1
763 0
764 2
766 1
773 2
774 1
780 2
786 0
787 2
790 2
794 2
795 2
800 2
801 2
802 1
803 2
808 2
810 0
814 2
825 2
832 2
844 2
845 1
846 0
849 2
850 1
852 2
854 0
856 0
858 1
860 3
861 2
862 0
864 2
873 1
875 2
879 2
882 0
889 0
892 2
894 2
895 1
900 1
903 0
910 1
911 2
914 1
916 0
918 0
920 2
922 2
926 3
931 3
932 3
952 1
960 2
961 1
964 3
1003 0
1010 1
1017 1
1023 2
1027 0
1028 1
1030 2
1035 2
1037 3
1038 0
1040 0
1048 3
1054 2
1058 2
1071 1
1075 0
1077 2
1079 2
1089 3
1100 0
1108 2
1119 2
1133 2
1134 0
1135 2
1137 0
1144 2
1147 2
1149 0
1150 2
1163 2
1174 2
1175 2
1177 2
1178 0
1180 1
1181 3
1183 0
1187 2
1189 2
1192 2
1196 2
1199 0
1200 0
1206 2
1211 3
1212 3
1217 2
1218 2
1219 0
1221 2
1225 2
1226 1
1240 0
1251 1
1256 2
1257 0
1258 0
1266 0
1268 0
1270 0
1272 3
1273 2
1277 1
1279 0
1282 0
1283 2
1290 1
1294 2
1295 1
1299 1
1303 1
1304 2
1314 1
1316 3
1319 0
1324 2
1331 1
1338 1
1340 2
1341 2
1343 2
1349 0
1355 1
1359 1
1363 2
1364 3
1366 0
1370 2
1372 1
1375 2
1377 2
1380 0
1381 2
1383 2
1385 3
1386 3
1390 2
1396 2
1402 1
1408 0
1410 2
1415 2
1418 0
1420 0
1425 2
1428 0
1435 0
1436 1
1440 2
1444 2
1445 2
1446 2
1447 3
1449 2
1454 2
1458 2
1460 3
1461 2
1464 2
1465 2
1468 2
1470 2
1473 1
1481 0
1482 1
1483 2
1486 0
1488 1
1491 0
1493 0
1496 1
1499 3
1531 0
1538 2
1542 2
1543 1
1544 1
1546 0
1548 2
1551 2
1553 1
1561 2
1562 0
1576 1
1577 3
1583 2
1588 0
1591 1
1592 3
1593 2
1596 2
1597 1
1603 2
1608 1
1610 1
1611 3
1613 2
1614 1
1616 0
1622 2
1624 2
1630 1
1640 2
1641 2
1645 0
1646 0
1652 2
1653 2
1656 3
1658 3
1659 0
1660 1
1661 1
1662 2
1666 2
1669 1
1671 1
1673 2
1674 2
1679 0
1690 0
1693 2
1694 2
1696 2
1699 1
1701 2
1703 1
1708 3
1712 1
1713 0
1716 1
1717 2
1718 2
1719 2
1720 0
1721 2
1725 2
1726 2
1732 2
1734 1
1738 2
1741 3
1746 2
1748 0
1751 2
1755 1
1758 3
1759 2
1761 0
1762 0
1763 0
1764 2
1765 1
1768 1
1769 2
1771 1
1779 0
1785 2
1786 1
1789 2
1790 2
1791 3
1792 0
1793 0
1800 0
1803 0
1810 3
1815 2
1820 3
1821 1
1823 2
1826 2
1827 2
1833 0
1836 1
1841 2
1842 1
1843 0
1844 2
1847 0
1848 3
1852 1
1856 2
1857 2
1858 1
1861 0
1867 1
1872 0
1883 1
1887 2
1888 2
1889 2
1897 3
1899 0
1911 0
1916 3
1918 2
1920 2
1921 2
1922 1
1923 2
1924 2
1927 3
1942 0
1944 0
1945 2
1947 1
1949 2
1961 2
1962 3
1964 2
1965 2
1966 0
1979 1
1980 0
1982 0
1990 3
1992 2
1997 3
1998 3
2002 0
2005 1
2006 1
2008 2
2009 0
2010 1
2024 2
2025 1
2043 1
2047 2
2061 3
2072 2
2073 2
2074 1
2076 2
2083 2
2086 0
2091 2
2092 2
2095 1
2097 3
2098 2
2099 2
2102 2
2103 2
2108 3
2109 0
2112 2
2116 2
2120 2
2121 0
2126 0
2128 1
2129 1
2132 0
2138 2
2140 0
2144 2
2146 3
2150 2
2151 0
2158 1
2161 0
2162 3
2164 2
2173 1
2176 2
2177 1
2184 3
2185 2
2189 0
2196 0
2200 1
2201 2
2207 1
2210 2
2211 0
2212 1
2213 1
2214 1
2218 1
2223 2
2225 1
2227 2
2234 2
2235 2
2236 2
2239 2
2240 2
2246 3
2248 2
2251 2
2254 2
2258 2
2260 2
2261 1
2263 2
2266 0
2267 1
2273 1
2276 0
2278 2
2280 1
2283 2
2284 2
2287 2
2288 2
2299 2
2304 0
2309 2
2311 0
2320 0
2323 0
2324 2
2327 1
2333 2
2338 2
2340 3
2345 1
2353 1
2355 2
2356 2
2358 1
2362 2
2364 2
2367 0
2368 1
2377 0
2378 1
2385 2
2388 2
2392 2
2399 1
2400 2
2422 1
2426 1
2427 2
2432 3
2433 1
2436 0
2438 2
2440 2
2449 2
2452 2
2453 0
2455 2
2458 0
2460 0
2465 1
2469 0
2472 2
2475 1
2476 0
2478 3
2482 2
2485 0
2496 1
2500 2
2503 0
2505 3
2507 1
2513 1
2517 0
2525 1
2527 1
2528 0
2529 0
2534 1
2544 0
2546 2
2552 1
2553 1
2558 1
2563 2
2565 0
2571 1
2574 0
2575 0
2580 2
2586 1
2589 0
2591 0
2595 2
2597 0
2613 1
2615 2
2624 2
2626 0
2627 2
2634 2
2639 0
2640 2
2641 1
2646 2
2653 3
2654 2
2655 2
2657 0
2674 0
2677 2
2678 3
2690 0
2702 2
2706 2
2714 0
2715 2
2718 2
2722 1
2723 2
2724 1
2726 1
2729 1
2730 1
2735 1
2738 3
2740 0
2741 2
2743 3
2745 0
2750 1
2751 0
2753 2
2755 0
2756 2
2762 2
2764 3
2766 0
2768 1
2769 0
2778 2
2779 2
2785 2
2791 2
2792 2
2793 0
2795 0
2797 3
2798 0
2799 3
2801 2
2803 2
2804 2
2807 3
2817 0
2821 1
2822 0
2825 2
2826 2
2835 2
2840 0
2846 2
2847 1
2851 1
2852 1
2854 1
2856 2
2862 2
2874 0
2876 3
2877 0
2879 2
2880 2
2882 2
2883 0
2884 0
2891 2
2893 0
2894 3
2898 2
2903 2
2904 1
2909 1
2910 1
2917 0
2921 2
2925 2
2926 1
2928 1
2930 0
2931 2
2934 0
2936 0
2942 2
2944 2
2946 2
2951 2
2952 2
2958 2
2960 0
2962 0
2963 3
2964 3
2968 2
2973 2
2975 1
2977 0
2979 2
2980 0
2982 3
2983 2
2988 0
2992 2
2995 2
2998 0
3000 2
3001 2
3003 1
3012 2
3013 1
3024 3
3030 1
3031 1
3033 0
3034 2
3035 3
3036 0
3040 2
3048 3
3049 2
3050 0
3052 1
3053 2
3057 0
3058 1
3063 0
3070 2
3073 1
3074 1
3076 2
3081 2
3094 2
3098 1
3100 0
3101 0
3103 0
3105 1
3108 2
3110 2
3114 3
3119 2
3122 3
3125 0
3126 0
3129 3
3132 1
3135 2
3139 0
3141 2
3145 3
3146 0
3147 2
3154 3
3156 0
3157 0
3163 2
3174 2
3177 3
3179 2
3182 3
3186 1
3188 2
3191 2
3193 1
3199 3
3205 1
3207 2
3208 2
3215 2
3220 1
3221 1
3223 2
3227 3
3229 1
3236 0
3237 1
3241 1
3250 2
3251 0
3253 1
3254 1
3260 0
3261 1
3263 2
3268 2
3270 1
3271 2
3272 0
3273 0
3274 1
3276 1
3278 3
3280 2
3282 0
3283 0
3286 1
3287 2
3288 2
3291 2
3294 0
3296 0
3299 0
3303 1
3305 1
3309 1
3310 2
3313 2
3314 3
3320 2
3322 3
3323 2
3333 1
3342 1
3347 0
3348 2
3349 2
3354 2
3359 3
3360 1
3369 2
3371 0
3375 2
3377 2
3378 1
3379 1
3380 1
3381 1
3387 1
3389 2
3392 1
3393 1
3394 2
3395 1
3396 0
3399 0
3410 2
3411 0
3414 0
3419 2
3422 1
3423 1
3433 3
3434 1
3440 1
3445 1
3449 2
3451 1
3454 0
3455 3
3457 0
3458 3
3468 0
3471 2
3480 2
3482 2
3485 1
3488 2
3489 3
3490 2
3492 0
3495 2
3499 0
3503 2
3505 0
3506 0
3509 2
3512 1
3520 2
3521 2
3535 3
3557 2
3563 1
3564 3
3566 1
3568 0
3572 1
3574 2
3577 0
3585 2
3588 0
3595 0
3599 1
3605 1
3606 3
3619 2
3621 2
3630 2
3634 3
3646 0
3649 2
3651 0
3652 0
3655 1
3660 3
3665 0
3666 0
3668 0
3671 2
3674 2
3676 2
3682 2
3683 1
3688 1
3689 1
3690 2
3699 1
3702 2
3703 2
3704 1
3706 2
3709 2
3713 2
3717 2
3727 2
3730 2
3731 1
3733 0
3740 0
3744 1
3745 2
3747 1
3751 1
3752 3
3762 1
3763 2
3766 3
3768 0
3773 2
3775 2
3777 2
3778 0
3779 1
3784 2
3788 2
3790 2
3791 2
3792 0
3797 2
3801 3
3808 2
3809 0
3810 2
3811 2
3812 3
3813 0
3814 1
3815 1
3821 2
3834 2
3841 2
3842 0
3850 1
3859 0
3862 2
3876 2
3879 2
3880 0
3885 2
3887 2
3889 2
3892 2
3897 0
3901 0
3903 2
3912 1
3928 2
3935 0
3936 1
3949 0
3950 0
3952 2
3958 2
3960 2
3961 0
3962 0
3967 3
3968 3
3971 1
3973 1
3974 3
3975 0
3979 1
3983 2
3984 1
3985 2
3986 0
3992 3
3995 1
3996 3
3999 0
4000 0
4001 1
4003 1
4006 2
4010 2
4011 2
4014 2
4017 2
4019 1
4021 1
4024 1
4027 0
4029 2
4033 2
4038 0
4043 2
4048 0
4050 1
4051 1
4053 1
4058 2
4059 3
4060 1
4061 0
4064 3
4069 3
4074 1
4078 1
4079 0
4081 1
4086 2
4087 0
4089 1
4106 2
4113 1
4114 1
4115 0
4116 0
4123 1
4124 2
4126 0
4130 2
4140 0
4141 0
4143 0
4151 2
4152 2
4153 2
4164 0
4167 2
4170 1
4173 2
4175 2
4177 2
4187 3
4190 1
4200 3
4201 2
4205 2
4208 2
4221 2
4224 0
4225 2
4226 0
4228 1
4237 0
4238 0
4239 0
4242 0
4245 2
4249 1
4256 2
4261 2
4262 2
4270 0
4273 0
4282 0
4296 0
4300 0
4302 1
4307 2
4312 2
4313 2
4314 1
4316 1
4318 2
4319 0
4321 3
4322 1
4323 2
4325 2
4326 0
4327 1
4328 3
4331 1
4335 2
4336 0
4337 2
4338 1
4340 0
4341 1
4342 2
4345 2
4347 3
4354 2
4357 1
4359 2
4362 0
4363 2
4366 3
4370 1
4371 2
4374 2
4375 3
4379 2
4380 2
4383 2
4384 2
4385 1
4386 3
4389 2
4390 1
4391 2
4392 1
4399 1
4403 2
4405 2
4408 2
4410 0
4411 3
4428 1
4429 3
4436 2
4441 1
4450 1
4457 2
4458 2
4462 2
4464 2
4465 0
4471 1
4472 2
4475 0
4483 0
4484 1
4485 2
4490 1
4491 1
4493 2
4496 1
4497 0
4498 2
4501 0
4503 2
4508 2
4510 1
4511 1
4518 1
4521 1
4523 2
4528 2
4532 1
4534 1
4536 0
4537 2
4538 2
4546 1
4553 2
4557 1
4565 1
4570 1
4571 0
4574 3
4575 2
4580 1
4582 2
4583 1
4584 0
4592 0
4595 1
4597 0
4599 1
4601 1
4604 2
4605 2
4610 1
4621 2
4625 2
4626 2
4627 3
4629 0
4632 2
4633 2
4637 1
4647 0
4649 3
4651 0
4653 0
4654 1
4656 1
4658 2
4659 2
4662 0
4667 2
4671 0
4674 1
4677 1
4683 0
4687 0
4688 1
4695 2
4697 1
4699 1
4703 3
4705 1
4707 2
4708 1
4709 1
4710 1
4711 1
4713 0
4714 1
4715 0
4719 0
4721 2
4723 0
4724 2
4726 1
4728 2
4729 2
4733 2
4736 2
4741 1
4742 1
4744 1
4752 1
4753 2
4757 2
4764 0
4765 1
4766 1
4771 2
4772 0
4773 2
4776 2
4781 1
4793 1
4794 2
4795 3
4804 2
4805 1
4806 1
4807 1
4808 1
4809 2
4811 3
4814 2
4815 2
4816 1
4817 2
4822 0
4823 2
4826 1
4827 1
4831 1
4832 2
4833 3
4836 0
4838 0
4839 0
4840 0
4844 1
4848 1
4851 2
4854 0
4856 1
4863 1
4865 1
4866 0
4873 3
4875 0
4876 3
4877 2
4878 0
4882 1
4896 3
4900 0
4903 3
4908 1
4911 2
4913 3
4916 2
4918 2
4920 0
4929 0
4931 2
4934 1
4935 0
4937 2
4938 0
4944 0
4948 2
4950 2
4958 2
4961 1
4973 0
4975 0
4980 1
4981 2
4986 2
4987 0
4988 0
4989 0
4990 2
4991 1
4992 1
4997 2
5001 2
5022 3
5024 2
5025 2
5030 2
5035 2
5037 2
5040 0
5047 0
5054 1
5057 3
5063 2
5064 2
5072 3
5073 3
5076 1
5079 3
5082 2
5086 1
5090 3
5095 2
5096 1
5098 0
5100 2
5113 2
5116 3
5118 0
5122 2
5123 2
5124 2
5131 2
5132 2
5138 0
5144 2
5145 2
5147 2
5150 0
5155 0
5156 0
5157 2
5162 2
5165 0
5171 1
5176 1
5179 0
5183 3
5184 3
5185 0
5186 0
5191 2
5195 2
5196 2
5197 3
5198 2
5201 1
5203 2
5206 1
5211 2
5212 1
5214 2
5216 0
5228 2
5239 0
5244 0
5247 2
5248 0
5254 0
5255 0
5258 1
5264 3
5268 1
5269 0
5272 0
5278 3
5283 2
5284 0
5289 0
5290 3
5291 0
5292 2
5293 2
5297 0
5301 0
5306 1
5307 0
5314 1
5315 0
5318 0
5321 3
5322 2
5323 2
5326 0
5336 1
5338 0
5345 2
5348 3
5352 1
5357 1
5358 1
5361 2
5362 2
5363 3
5369 2
5372 2
5376 2
5377 2
5378 2
5381 2
5386 1
5399 3
5401 2
5415 0
5419 2
5422 2
5435 0
5436 3
5437 2
5440 0
5444 2
5453 2
5463 1
5464 2
5467 0
5469 1
5476 0
5478 0
5481 0
5482 0
5485 0
5486 2
5490 1
5491 2
5494 3
5495 3
5496 2
5497 2
5498 2
5502 1
5503 1
5505 0
5508 2
5513 2
5514 0
5519 1
5524 2
5526 0
5541 2
5542 2
5545 1
5551 1
5552 1
5560 1
5562 1
5564 1
5567 2
5568 3
5571 1
5572 3
5574 2
5576 1
5579 2
5580 1
5581 2
5583 2
5587 1
5590 3
5592 3
5593 0
5594 2
5600 0
5603 0
5606 0
5608 1
5609 2
5615 3
5619 1
5624 2
5627 1
5630 2
5637 1
5639 2
5641 0
5642 0
5645 0
5646 2
5649 1
5654 2
5657 1
5658 3
5659 0
5661 1
5663 2
5668 2
5670 1
5672 3
5674 1
5680 1
5682 3
5684 3
5685 2
5686 2
5691 2
5698 2
5705 3
5712 0
5713 2
5714 0
5716 0
5719 1
5720 2
5722 0
5724 0
5742 1
5743 1
5747 0
5751 2
5765 2
5776 2
5777 2
5780 1
5781 0
5787 0
5800 1
5806 0
5808 2
5810 0
5811 2
5812 0
5814 2
5821 2
5822 1
5824 2
5843 2
5845 0
5849 0
5851 3
5853 2
5858 2
5859 2
5860 2
5862 2
5865 1
5868 2
5869 2
5873 1
5874 2
5879 2
5881 2
5884 0
5894 0
5903 2
5904 2
5912 2
5913 1
5919 1
5922 0
5925 2
5928 2
5929 1
5931 2
5933 2
5937 0
5943 0
5945 2
5947 0
5957 1
5961 2
5968 2
5972 3
5982 2
5985 2
5987 1
5989 2
5992 1
6001 0
6002 1
6011 2
6012 0
6013 2
6018 1
6019 1
6021 2
6022 2
6023 1
6024 2
6035 0
6044 3
6045 1
6047 2
6053 1
6055 1
6057 2
6059 1
6060 0
6066 3
6067 2
6068 2
6071 2
6073 2
6087 3
6094 2
6102 2
6103 2
6106 0
6107 2
6111 1
6119 1
6122 2
6123 2
6128 2
6132 2
6135 2
6140 2
6143 3
6151 2
6153 0
6154 2
6156 0
6158 2
6164 2
6165 0
6169 2
6172 0
6174 2
6175 1
6176 1
6177 1
6182 0
6183 2
6184 0
6187 2
6188 2
6191 1
6196 2
6197 1
6200 1
6201 2
6203 2
6204 2
6205 2
6206 2
6220 1
6226 0
6231 2
6235 2
6241 1
6243 0
6250 2
6251 2
6253 2
6256 2
6257 1
6260 1
6267 2
6269 1
6270 2
6282 2
6286 3
6290 0
6309 0
6315 0
6317 2
6330 2
6333 1
6349 2
6356 1
6357 2
6359 2
6363 2
6364 1
6368 2
6375 2
6378 1
6380 0
6381 1
6383 1
6384 0
6385 2
6386 1
6387 2
6389 1
6392 0
6393 2
6396 0
6398 3
6401 0
6404 0
6405 1
6412 2
6413 1
6414 2
6416 3
6418 0
6419 2
6422 1
6424 0
6425 3
6426 1
6428 1
6429 1
6434 3
6439 2
6441 0
6442 1
6445 1
6446 2
6448 1
6455 1
6456 1
6462 0
6464 0
6465 0
6466 2
6467 2
6473 2
6475 0
6478 3
6480 2
6481 2
6488 2
6493 2
6494 0
6502 2
6504 2
6505 0
6514 1
6522 2
6523 2
6527 1
6569 3
6573 0
6576 2
6577 1
6583 2
6584 2
6588 1
6590 0
6594 3
6600 0
6603 1
6604 2
6605 0
6608 2
6612 2
6616 1
6617 2
6619 2
6620 2
6621 2
6624 2
6625 2
6631 2
6642 3
6643 3
6646 1
6648 2
6653 1
6658 1
6662 2
6668 0
6673 1
6674 1
6675 3
6676 0
6679 2
6682 3
6683 2
6689 2
6692 2
6695 3
6697 2
6699 1
6701 1
6702 1
6703 1
6704 1
6705 0
6706 1
6708 1
6709 0
6710 1
6712 2
6713 0
6718 2
6723 1
6724 2
6725 0
6726 2
6732 2
6733 0
6737 1
6738 0
6740 1
6744 1
6747 2
6753 0
6754 0
6759 2
6762 1
6767 2
6774 0
6787 0
6788 1
6794 2
6795 2
6797 2
6799 2
6802 3
6807 2
6809 0
6810 1
6813 1
6816 1
6828 1
6830 2
6833 1
6834 0
6836 1
6839 3
6842 3
6845 0
6850 1
6851 1
6853 0
6857 1
6858 2
6859 1
6860 1
6861 0
6862 3
6865 0
6866 2
6868 1
6871 0
6872 2
6873 0
6880 1
6881 2
6882 3
6883 3
6886 2
6887 1
6888 3
6892 2
6895 0
6901 0
6902 0
6904 0
6907 2
6908 2
6909 1
6910 2
6912 2
6920 2
6922 1
6923 0
6925 0
6926 3
6927 2
6931 2
6933 3
6936 1
6937 0
6939 2
6942 1
6943 2
6946 2
6953 2
6957 1
6958 2
6962 2
6965 2
6977 0
6980 1
6984 1
6993 2
6994 1
6996 2
6998 2
7004 2
7006 2
7008 2
7009 2
7011 0
7022 3
7023 1
7024 2
7025 2
7026 0
7027 0
7029 0
7037 1
7038 0
7039 1
7040 0
7042 0
7045 2
7052 1
7055 1
7056 2
7064 2
7065 3
7067 0
7069 0
7073 2
7075 3
7076 1
7077 2
7085 0
7086 0
7087 1
7088 0
7094 2
7102 2
7103 2
7109 0
7110 2
7120 2
7123 2
7129 2
7130 0
7133 2
7136 0
7139 0
7140 0
7142 1
7143 0
7145 2
7148 0
7151 0
7153 0
7154 1
7155 2
7157 2
7158 2
7160 3
7164 2
7166 3
7167 0
7169 1
7173 1
7174 1
7176 1
7179 3
7185 2
7186 3
7194 2
7203 2
7205 1
7208 2
7214 2
7218 3
7221 0
7227 2
7230 2
7231 0
7235 2
7236 2
7239 1
7240 3
7242 0
7246 2
7253 0
7256 2
7260 2
7264 2
7274 1
7282 2
7292 0
7295 2
7306 2
7307 0
7328 2
7332 2
7335 0
7336 0
7363 0
7374 3
7379 2
7380 0
7386 1
7388 2
7391 1
7405 2
7407 2
7413 1
7415 2
7421 0
7424 3
7428 1
7440 2
7447 2
7450 2
7452 2
7459 2
7460 2
7462 1
7463 0
7467 2
7469 2
7479 0
7481 1
7483 0
7485 0
7487 1
7488 2
7489 2
7491 2
7499 3
7500 2
7505 2
7506 2
7510 0
7512 0
7516 2
7519 3
7522 2
7524 3
7530 1
7532 2
7533 0
7535 0
7537 2
7538 3
7545 1
7547 1
7549 2
7555 0
7556 0
7557 2
7561 2
7563 2
7565 1
7566 2
7567 2
7575 2
7578 1
7580 2
7583 3
7585 2
7589 0
7593 2
7599 2
7609 2
7612 1
7616 2
7617 1
7618 0
7624 3
7626 2
7627 0
7640 3
7641 0
7643 0
7649 2
7658 0
7663 2
7665 0
7672 3
7675 0
7676 0
7680 1
7693 2
7694 1
7695 2
7699 2
7700 2
7701 0
7707 2
7708 1
7715 0
7717 3
7719 1
7724 3
7726 0
7728 2
7732 1
7734 2
7745 1
7747 2
7748 2
7751 2
7753 3
7754 1
7762 1
7766 1
7771 2
7778 0
7779 2
7783 0
7789 2
7790 1
7795 0
7796 3
7800 0
7807 2
7814 1
7817 1
7819 3
7829 1
7832 3
7837 3
7838 2
7839 2
7848 2
7858 2
7865 2
7867 1
7869 2
7874 0
7887 0
7890 2
7897 2
7898 0
7900 2
7901 0
7902 0
7905 0
7906 2
7910 3
7912 0
7913 1
7918 0
7921 3
7932 2
7934 2
7936 2
7937 0
7945 2
7947 2
7954 0
7955 2
7956 2
7957 0
7962 0
7967 3
7968 0
7970 1
7974 0
7975 2
7979 2
7986 2
7998 3
8001 1
8009 2
8014 2
8021 0
8022 0
8028 3
8033 3
8035 3
8048 3
8054 2
8057 1
8059 3
8062 3
8064 1
8067 1
8069 2
8078 0
8082 0
8083 0
8084 1
8087 0
8088 0
8096 2
8098 1
8101 1
8103 2
8109 2
8115 2
8116 2
8117 2
8118 0
8119 0
8137 2
8146 2
8148 0
8150 0
8154 3
8159 3
8162 0
8166 2
8167 0
8170 2
8172 1
8178 0
8184 2
8190 2
8191 0
8197 2
8202 0
8210 0
8222 2
8228 2
8229 1
8233 1
8234 2
8241 2
8260 0
8261 2
8262 2
8266 2
8271 1
8276 1
8278 2
8282 2
8288 2
8293 1
8302 2
8304 0
8310 2
8312 1
8313 2
8322 2
8325 2
8330 2
8331 2
8333 2
8336 0
8337 0
8338 2
8346 1
8353 1
8356 3
8364 2
8368 1
8374 2
8379 1
8385 0
8392 2
8401 2
8402 2
8403 3
8406 1
8407 2
8412 1
8413 2
8418 2
8426 2
8428 0
8430 2
8432 1
8434 0
8435 3
8437 3
8441 2
8442 2
8447 0
8449 2
8450 1
8452 0
8454 0
8455 0
8458 1
8461 3
8462 0
8468 0
8474 3
8477 0
8480 1
8483 0
8485 2
8486 2
8488 2
8494 0
8496 2
8497 1
8498 3
8506 1
8507 2
8510 2
8521 3
8524 2
8531 1
8536 1
8539 1
8543 3
8549 0
8554 3
8558 2
8559 3
8561 0
8564 2
8571 0
8581 0
8585 1
8586 0
8588 1
8591 3
8592 2
8594 1
8595 0
8598 0
8604 2
8605 1
8609 2
8611 2
8612 0
8613 2
8619 3
8621 0
8623 3
8630 2
8634 2
8639 0
8643 1
8655 2
8664 1
8665 2
8667 2
8675 2
8679 2
8684 1
8687 2
8689 2
8690 1
8696 2
8697 0
8702 2
8703 3
8704 0
8708 2
8713 1
8714 1
8719 3
8723 1
8724 1
8727 0
8728 2
8732 1
8735 1
8737 2
8740 2
8742 1
8746 2
8758 2
8759 1
8761 1
8762 1
8763 0
8764 1
8767 0
8769 1
8771 3
8775 0
8776 1
8778 1
8780 1
8781 3
8786 1
8788 2
8791 2
8793 1
8796 0
8799 2
8800 1
8802 1
8805 2
8806 0
8810 2
8811 1
8812 2
8813 1
8814 2
8822 2
8827 2
8828 1
8832 2
8835 1
8841 2
8842 2
8843 2
8849 2
8850 0
8855 1
8858 2
8859 1
8860 1
8862 2
8863 3
8865 3
8871 2
8873 2
8880 0
8881 2
8885 2
8889 2
8890 0
8897 2
8898 1
8902 2
8904 1
8906 2
8908 3
8910 2
8912 3
8914 2
8917 1
8918 0
8919 2
8921 2
8922 1
8923 2
8927 3
8928 1
8930 2
8932 0
8935 2
8937 0
8938 2
8939 2
8940 2
8941 2
8946 0
8953 1
8956 2
8960 0
8962 3
8963 2
8971 2
8975 2
8984 1
8985 0
8986 2
8989 1
8990 2
8991 2
8992 3
8993 0
9011 2
9015 0
9018 2
9019 1
9022 3
9023 2
9024 2
9036 3
9039 1
9042 2
9049 2
9052 1
9057 1
9067 2
9075 2
9076 0
9079 1
9080 0
9082 2
9086 1
9087 3
9088 3
9089 2
9091 3
9092 0
9093 1
9094 0
9095 2
9099 0
9103 2
9105 0
9106 0
9109 3
9110 2
9113 0
9117 2
9124 1
9127 2
9129 2
9136 2
9138 0
9141 1
9142 0
9155 2
9158 3
9165 3
9178 1
9184 2
9186 2
9201 0
9209 1
9213 3
9216 0
9217 2
9218 2
9223 1
9226 3
9228 2
9229 1
9230 0
9234 2
9236 1
9237 2
9247 0
9257 0
9262 2
9264 1
9265 1
9268 1
9269 2
9270 2
9273 3
9274 2
9275 2
9282 3
9283 1
9286 0
9287 0
9292 1
9297 0
9302 2
9304 2
9307 2
9308 1
9310 0
9312 2
9316 0
9317 0
9318 0
9322 1
9332 2
9338 2
9343 2
9346 2
9349 2
9352 1
9356 3
9364 2
9366 1
9367 0
9368 2
9372 1
9374 1
9378 2
9379 1
9382 1
9384 3
9386 2
9388 2
9389 0
9397 2
9398 1
9402 2
9405 2
9406 3
9410 2
9411 2
9414 0
9416 1
9418 1
9421 2
9427 2
9428 2
9429 1
9433 2
9443 2
9446 1
9448 0
9450 3
9452 2
9453 3
9457 2
9460 2
9461 2
9462 2
9467 2
9473 1
9474 1
9477 2
9478 2
9479 2
9486 3
9492 2
9493 1
9494 1
9496 2
9499 2
9503 2
9507 0
9517 3
9531 2
9532 3
9533 2
9536 0
9554 2
9555 1
9556 2
9563 0
9566 0
9575 1
9578 1
9583 2
9590 2
9591 0
9592 1
9594 2
9596 0
9597 2
9598 2
9601 2
9604 2
9606 1
9610 2
9611 2
9612 0
9618 0
9630 2
9632 1
9634 1
9636 2
9637 1
9638 3
9640 2
9645 2
9648 2
9650 2
9651 1
9655 0
9657 0
9658 2
9669 2
9672 1
9673 1
9676 2
9678 3
9681 2
9688 3
9690 2
9691 3
9692 2
9694 0
9697 3
9702 2
9706 1
9719 1
9722 2
9724 1
9735 0
9754 2
9768 2
9770 1
9771 1
9773 2
9775 0
9780 2
9781 1
9784 2
9791 2
9792 2
9801 2
9810 2
9811 0
9812 0
9816 2
9817 2
9826 2
9829 2
9830 2
9843 0
9845 1
9852 0
9854 1
9856 1
9857 0
9865 3
9878 3
9882 1
9886 0
9887 3
9890 0
9892 0
9899 1
9900 2
9903 1
9906 2
9910 0
9915 2
9916 1
9929 2
9958 0
9972 0
9981 2
9982 1
9995 2
9999 2
10000 0
10010 0
10020 3
10023 3
10024 0
10026 2
10030 2
10031 2
10032 1
10034 1
10035 2
10036 2
10038 2
10040 3
10045 1
10046 2
10048 2
10050 1
10054 1
10056 2
10066 3
10074 2
10077 1
10080 2
10083 2
10084 1
10085 1
10086 2
10087 3
10088 1
10089 2
10099 2
10105 0
10118 2
10125 1
10126 3
10129 2
10130 2
10143 1
10144 0
10146 2
10149 1
10152 3
10155 2
10161 3
10164 2
10165 3
10175 0
10189 1
10196 1
10200 2
10201 1
10207 2
10213 2
10218 2
10237 0
10247 1
10256 0
10261 2
10262 3
10267 0
10268 1
10270 3
10272 2
10279 2
10281 2
10282 2
10283 2
10288 1
10291 1
10293 1
10295 0
10298 2
10299 2
10300 2
10305 2
10306 1
10311 2
10317 1
10319 3
10323 3
10324 1
10328 2
10331 0
10332 1
10335 2
10337 2
10339 1
10345 2
10351 2
10352 1
10358 2
10363 0
10364 2
10366 2
10372 1
10377 2
10380 1
10384 0
10386 1
10389 0
10390 0
10391 1
10392 2
10394 0
10401 2
10404 2
10406 0
10407 2
10410 2
10412 2
10413 0
10420 2
10422 2
10423 0
10426 1
10427 1
10440 2
10449 2
10453 2
10454 0
10458 1
10461 2
10462 0
10464 1
10466 0
10467 2
10476 3
10483 0
10486 2
10488 2
10498 2
10502 2
10505 2
10510 0
10513 0
10514 2
10516 3
10517 1
10522 1
10523 2
10524 2
10525 0
10527 3
10530 1
10533 2
10535 2
10541 2
10542 2
10543 2
10544 0
10547 2
10551 2
10554 2
10556 0
10558 0
10559 2
10563 2
10564 2
10565 2
10569 3
10573 1
10574 2
10575 1
10580 0
10581 0
10582 1
10583 2
10586 0
10589 2
10590 2
10601 1
10602 2
10606 1
10607 1
10609 0
10610 0
10611 0
10612 2
10613 1
10619 0
10621 2
10631 2
10632 1
10634 1
10637 0
10648 2
10652 1
10660 2
10662 2
10665 0
10672 2
10675 2
10676 0
10693 2
10696 2
10697 0
10700 2
10702 2
10707 2
10711 2
10712 2
10714 1
10723 2
10724 0
10726 2
10727 2
10733 0
10734 1
10735 3
10736 0
10738 2
10739 3
10741 1
10742 2
10743 1
10755 0
10771 1
10773 1
10774 1
10777 1
10778 0
10779 3
10780 0
10781 2
10782 0
10783 3
10787 1
10789 2
10791 1
10793 0
10798 0
10802 0
10805 0
10809 1
10811 2
10812 1
10813 0
10814 1
10816 0
10818 0
10819 2
10822 1
10825 0
10831 2
10838 1
10845 2
10846 2
10847 1
10849 0
10850 1
10851 1
10852 2
10853 2
10862 0
10864 2
10868 0
10870 2
10873 0
10879 2
10881 2
10883 2
10884 0
10897 3
10898 0
10901 2
10902 1
10907 1
10913 3
10915 2
10918 2
10942 0
10945 2
10973 2
10990 0
10991 1
10992 2
10993 3
10994 1
10996 1
11002 3
11003 0
11004 2
11010 3
11011 0
11012 2
11015 2
11016 0
11017 0
11020 2
11025 0
11034 2
11036 2
11038 2
11041 2
11043 0
11045 2
11047 2
11050 1
11058 2
11059 0
11065 2
11070 0
11074 2
11078 2
11082 2
11085 2
11086 1
11092 3
11095 2
11106 1
11107 1
11109 2
11111 3
11112 1
11113 3
11118 0
11127 1
11128 2
11132 2
11136 2
11138 2
11140 1
11141 0
11142 1
11148 2
11149 0
11150 2
11155 0
11173 1
11175 1
11177 0
11178 3
11183 2
11193 0
11194 2
11207 3
11215 1
11216 1
11218 1
11220 1
11221 2
11224 2
11225 0
11226 2
11229 2
11230 2
11232 0
11238 2
11239 2
11243 2
11249 3
11252 3
11259 2
11272 2
11273 3
11289 0
11292 0
11293 2
11295 2
11299 1
11300 2
11307 2
11312 2
11315 0
11316 0
11326 0
11327 2
11329 2
11333 0
11334 2
11335 2
11336 2
11343 2
11346 2
11349 0
11350 1
11353 1
11356 2
11363 2
11365 1
11371 2
11382 2
11383 1
11388 1
11391 0
11393 2
11395 0
11397 2
11398 2
11404 1
11408 2
11411 2
11414 1
11424 3
11425 2
11426 3
11428 3
11429 0
11430 0
11433 2
11434 2
11435 2
11441 3
11444 2
11445 1
11446 1
11451 1
11454 0
11457 2
11458 2
11459 0
11460 0
11461 1
11463 1
11465 3
11473 1
11480 0
11484 1
11487 0
11492 2
11502 2
11504 3
11505 2
11508 2
11512 2
11514 2
11518 2
11521 1
11522 2
11528 1
11538 1
11540 2
11543 2
11544 2
11546 0
11554 1
11563 1
11565 1
11573 2
11574 2
11575 0
11577 1
11578 1
11584 3
11586 0
11587 2
11588 1
11599 1
11614 1
11619 1
11620 1
11622 0
11633 0
11638 2
11639 1
11640 2
11641 2
11644 1
11649 2
11658 0
11659 2
11662 2
11666 2
11671 0
11672 2
11673 1
11674 0
11677 2
11678 0
11683 0
11684 2
11685 3
11686 0
11696 2
11699 1
11707 2
11710 1
11716 1
11724 2
11731 2
11732 0
11733 3
11738 1
11741 1
11742 0
11743 1
11744 2
11745 2
11746 2
11747 2
11748 0
11755 1
11766 0
11767 1
11768 2
11769 1
11771 1
11773 2
11779 0
11781 1
11786 1
11787 1
11791 3
11792 2
11800 2
11802 0
11804 1
11808 1
11811 2
11815 1
11820 3
11821 1
11823 1
11826 2
11828 1
11831 1
11832 1
11833 1
11834 2
11838 2
11839 3
11840 0
11841 2
11849 0
11853 1
11854 0
11855 0
11856 3
11857 0
11860 1
11864 2
11866 0
11871 2
11873 1
11874 1
11877 2
11879 2
11880 1
11882 3
11884 2
11885 0
11887 2
11891 3
11893 2
11900 2
11902 2
11905 3
11909 2
11913 1
11914 1
11915 0
11923 3
11931 1
11936 0
11941 2
11944 2
11952 2
11957 0
11963 2
11990 1
11999 2
12001 0
12006 0
12011 3
12013 2
12032 2
12037 2
12042 2
12056 0
12058 2
12059 0
12062 2
12065 0
12068 0
12074 2
12076 2
12081 3
12083 2
12084 1
12087 0
12089 1
12094 2
12097 1
12098 1
12099 1
12100 2
12101 1
12103 3
12106 2
12107 0
12109 2
12110 2
12118 2
12120 0
12134 2
12136 2
12139 2
12141 1
12152 1
12154 0
12156 3
12157 3
12158 2
12159 0
12173 0
12182 3
12184 2
12188 2
12192 0
12202 2
12206 1
12209 2
12210 2
12211 2
12221 0
12222 2
12227 0
12238 3
12240 1
12252 2
12255 1
12257 0
12258 2
12259 2
12260 1
12261 1
12262 2
12265 1
12267 0
12270 2
12271 0
12272 2
12276 3
12277 0
12279 2
12285 0
12288 0
12300 2
12312 0
12313 2
12314 2
12319 2
12324 2
12330 1
12333 1
12338 3
12344 2
12348 1
12353 0
12354 2
12356 0
12366 2
12372 0
12380 0
12387 2
12390 2
12392 1
12399 2
12402 1
12403 2
12406 2
12410 2
12413 1
12420 2
12421 0
12423 2
12424 2
12426 0
12431 3
12432 2
12433 2
12439 0
12440 2
12445 2
12448 1
12457 2
12459 1
12462 2
12465 1
12466 1
12470 2
12476 2
12480 2
12481 0
12487 0
12494 2
12495 2
12496 1
12501 2
12503 0
12515 3
12516 3
12521 2
12531 0
12539 2
12540 0
12541 1
12543 2
12551 2
12552 2
12554 3
12563 2
12567 1
12578 0
12579 0
12584 2
12595 2
12603 3
12614 1
12618 1
12620 3
12624 2
12632 1
12635 0
12636 0
12638 2
12643 1
12648 2
12651 0
12652 2
12657 2
12663 2
12664 1
12667 0
12669 2
12674 3
12675 3
12678 1
12685 2
12686 2
12697 0
12698 2
12703 3
12712 3
12713 2
12714 1
12717 1
12727 1
12729 0
12730 1
12731 0
12732 1
12733 1
12734 0
12737 1
12739 2
12740 0
12744 0
12745 2
12748 2
12752 0
12754 2
12759 1
12762 3
12763 2
12764 0
12765 2
12767 3
12769 2
12771 1
12774 1
12776 2
12778 0
12786 0
12787 2
12788 2
12790 0
12792 1
12795 0
12802 1
12805 1
12806 0
12808 3
12811 2
12813 2
12814 1
12815 3
12817 1
12820 2
12826 2
12828 0
12836 3
12840 1
12843 1
12844 3
12847 2
12850 2
12852 2
12856 2
12857 0
12858 0
12861 2
12862 2
12865 2
12866 2
12869 2
12870 1
12872 2
12873 1
12874 1
12876 2
12878 0
12883 1
12884 1
12888 2
12893 0
12904 2
12905 3
12906 2
12907 0
12908 0
12912 3
12914 2
12915 0
12918 0
12919 1
12920 1
12923 3
12924 2
12930 2
12935 0
12939 0
12945 2
12954 0
12956 2
12958 0
12960 2
12961 2
12963 1
12964 2
12972 2
12977 2
12981 1
12984 2
12986 2
12988 1
12992 0
13001 1
13004 2
13007 1
13009 2
13010 0
13011 0
13014 2
13015 1
13017 1
13019 2
13020 0
13022 3
13024 2
13027 0
13028 0
13029 3
13031 1
13035 1
13039 0
13041 2
13042 2
13043 2
13045 1
13047 0
13051 2
13053 0
13056 0
13060 0
13062 0
13064 3
13074 0
13075 2
13077 2
13078 0
13090 2
13093 1
13097 2
13102 1
13106 2
13107 0
13108 0
13110 1
13112 1
13114 2
13119 0
13123 2
13127 2
13131 2
13133 2
13135 2
13137 2
13142 1
13143 0
13148 2
13150 3
13153 2
13154 2
13156 0
13157 2
13159 3
13160 1
13172 0
13173 2
13174 0
13181 1
13185 1
13188 0
13195 0
13196 0
13199 1
13202 1
13205 2
13207 1
13208 2
13209 2
13210 2
13220 2
13222 3
13227 2
13249 3
13250 2
13256 1
13259 2
13260 3
13261 2
13262 2
13266 1
13267 2
13271 1
13272 0
13275 2
13276 2
13279 2
13281 0
13282 2
13283 2
13284 0
13286 3
13291 2
13292 0
13293 1
13295 1
13296 1
13301 2
13303 2
13311 2
13317 0
13320 2
13324 2
13329 2
13331 2
13332 2
13334 0
13337 2
13348 1
13349 0
13351 2
13352 0
13353 0
13354 1
13360 2
13364 3
13366 0
13367 3
13373 2
13375 0
13376 3
13377 0
13378 2
13379 0
13381 0
13384 2
13390 2
13392 0
13399 2
13413 2
13415 0
13417 3
13418 1
13419 1
13420 3
13421 0
13437 1
13453 1
13455 3
13458 0
13464 3
13466 1
13479 2
13489 0
13490 1
13494 3
13496 2
13498 2
13499 1
13504 2
13510 3
13511 2
13512 1
13515 1
13519 2
13520 2
13532 0
13533 1
13535 2
13541 2
13542 0
13543 0
13551 2
13552 2
13556 0
13557 0
13559 2
13561 1
13565 2
13570 3
13572 2
13573 2
13575 0
13576 1
13578 2
13582 0
13586 0
13587 2
13589 0
13600 1
13602 2
13603 0
13604 0
13607 2
13608 2
13609 2
13610 1
13612 2
13613 0
13622 2
13626 3
13629 1
13631 2
13633 0
13638 2
13647 2
13651 0
13661 0
13673 2
13675 1
13676 0
13680 0
13685 1
13687 2
13689 0
13695 2
13696 2
13700 0
13702 2
13704 2
13710 2
13718 2
13723 2
13727 1
13732 2
13734 1
13737 2
13741 2
13742 2
13744 1
13747 1
13750 2
13753 1
13754 2
13758 0
13759 0
13764 2
13768 3
13769 0
13777 3
13782 2
13783 2
13786 0
13814 3
13815 0
13822 1
13823 1
13827 0
13828 1
13830 0
13834 2
13836 2
13843 0
13845 1
13846 2
13867 2
13873 2
13878 1
13879 2
13884 2
13904 0
13908 1
13919 3
13927 1
13928 1
13930 1
13943 2
13946 0
13954 1
13959 1
13965 0
13969 2
13975 1
13976 3
13978 2
13982 0
13990 0
13993 2
13997 0
14007 1
14009 2
14012 1
14015 0
14025 1
14027 1
14029 2
14030 2
14035 3
14036 1
14040 1
14042 2
14045 0
14049 1
14050 1
14059 1
14062 3
14066 3
14067 0
14074 3
14077 3
14084 1
14100 0
14103 1
14107 0
14109 3
14113 3
14116 1
14119 1
14120 2
14125 2
14126 2
14127 2
14128 2
14132 3
14133 2
14136 2
14137 2
14138 1
14139 1
14150 1
14151 2
14156 1
14168 1
14171 0
14177 2
14180 1
14186 2
14187 0
14189 0
14190 2
14194 2
14195 2
14199 1
14201 0
14202 3
14209 0
14212 2
14214 2
14215 0
14216 2
14219 0
14221 0
14222 0
14224 1
14227 1
14228 0
14232 2
14233 0
14237 0
14238 1
14239 0
14240 1
14245 1
14259 1
14262 2
14264 2
14265 2
14267 1
14274 2
14275 1
14278 2
14281 2
14283 1
14287 1
14289 1
14296 2
14302 2
14304 0
14306 1
14309 0
14313 2
14314 2
14320 2
14322 2
14323 2
14334 0
14335 2
14336 1
14337 1
14340 0
14343 2
14345 3
14348 2
14349 1
14355 2
14357 2
14359 1
14360 1
14362 1
14364 1
14365 3
14367 1
14369 2
14372 0
14376 2
14378 0
14380 0
14384 0
14385 1
14386 2
14389 2
14390 0
14392 2
14394 2
14403 0
14405 1
14406 2
14408 2
14409 2
14412 2
14413 2
14414 2
14417 0
14419 3
14420 2
14422 3
14425 2
14427 2
14430 3
14432 3
14433 2
14435 0
14437 2
14444 2
14446 0
14453 0
14458 2
14463 1
14467 1
14476 0
14488 3
14491 1
14498 2
14501 0
14504 2
14505 2
14509 2
14510 2
14511 0
14512 1
14530 0
14533 2
14538 2
14546 0
14549 2
14552 2
14561 3
14562 1
14563 1
14564 0
14565 1
14571 2
14572 0
14576 0
14581 1
14586 2
14592 2
14596 1
14600 2
14601 2
14603 2
14604 2
14605 0
14607 2
14611 1
14622 2
14625 2
14626 1
14627 2
14631 2
14633 0
14635 0
14636 2
14638 1
14649 2
14651 2
14655 3
14657 0
14661 2
14662 2
14663 2
14666 2
14680 2
14682 2
14690 2
14717 1
14724 2
14728 3
14730 1
14731 2
14732 2
14737 2
14738 3
14739 3
14748 0
14749 2
14750 2
14754 1
14756 0
14761 1
14773 0
14779 2
14782 2
14789 2
14791 2
14792 2
14793 1
14795 1
14798 2
14803 2
14804 2
14805 2
14808 2
14809 2
14815 2
14817 2
14820 2
14822 0
14824 3
14825 2
14826 2
14829 2
14830 2
14843 3
14848 1
14849 2
14850 2
14851 2
14857 0
14859 1
14863 1
14872 2
14873 2
14874 2
14875 2
14877 2
14878 2
14880 2
14881 1
14894 2
14899 1
14902 2
14904 2
14908 1
14912 0
14913 2
14914 2
14916 0
14920 0
14925 2
14934 2
14935 2
14940 0
14942 3
14945 1
14947 1
14949 0
14950 2
14951 2
14955 2
14963 3
14965 0
14966 0
14971 0
14972 2
14977 0
14981 1
14983 2
14984 0
14987 3
14989 0
14993 0
14996 2
15000 0
15001 1
15004 2
15009 2
15011 0
15017 1
15021 2
15034 2
15035 3
15039 2
15041 2
15042 2
15043 2
15044 1
15045 2
15046 1
15048 2
15051 2
15053 2
15055 2
15062 1
15066 2
15067 2
15068 2
15069 2
15070 2
15072 0
15075 2
15083 0
15084 3
15085 2
15086 2
15091 1
15096 3
15097 2
15102 1
15107 1
15109 1
15111 3
15114 2
15115 3
15117 2
15119 0
15120 0
15123 1
15124 3
15129 1
15131 1
15132 1
15135 2
15137 3
15139 2
15140 0
15141 1
15143 2
15144 0
15145 0
15150 0
15155 0
15157 2
15160 1
15162 1
15167 2
15174 2
15175 1
15180 1
15181 1
15182 0
15189 0
15194 2
15195 2
15202 2
15208 2
15209 1
15219 0
15220 2
15225 1
15228 0
15231 0
15233 2
15237 2
15238 0
15239 2
15240 0
15241 2
15244 0
15245 2
15250 3
15252 1
15259 0
15261 2
15264 2
15265 1
15270 0
15272 0
15273 0
15279 2
15284 1
15287 2
15292 1
15295 2
15296 2
15301 2
15304 2
15305 2
15308 1
15310 1
15315 2
15316 1
15319 0
15323 2
15329 2
15333 2
15355 2
15358 2
15362 2
15363 2
15364 2
15366 1
15373 3
15374 0
15376 3
15377 2
15380 1
15381 2
15383 2
15385 2
15390 0
15409 2
15413 2
15419 2
15426 1
15428 2
15431 2
15435 1
15436 1
15438 0
15439 1
15440 1
15448 2
15457 2
15461 0
15462 3
15471 1
15473 0
15474 0
15478 2
15480 1
15485 3
15486 2
15487 3
15490 1
15496 0
15499 2
15500 2
15503 2
15504 0
15506 1
15509 1
15510 2
15513 0
15514 0
15520 0
15521 2
15522 1
15524 1
15529 0
15532 3
15533 2
15539 0
15543 1
15552 1
15555 1
15558 1
15559 3
15562 0
15563 0
15565 1
15569 0
15574 0
15579 2
15582 0
15588 1
15590 1
15592 0
15594 3
15600 2
15602 2
15603 1
15607 1
15610 0
15613 1
15614 0
15617 2
15619 0
15620 1
15621 2
15627 1
15628 3
15630 1
15632 2
15633 0
15634 0
15639 1
15641 0
15645 3
15647 1
15649 3
15650 0
15654 2
15655 2
15657 2
15662 0
15669 1
15670 3
15671 0
15674 2
15675 2
15676 0
15684 0
15693 0
15696 0
15701 0
15704 0
15707 1
15708 2
15713 2
15714 1
15715 2
15717 0
15719 1
15721 2
15724 0
15727 0
15728 1
15734 2
15735 0
15738 2
15740 1
15741 1
15746 0
15748 2
15749 1
15752 1
15754 0
15758 2
15761 2
15765 2
15768 1
15769 2
15772 2
15773 2
15776 2
15778 0
15779 0
15780 0
15781 1
15785 0
15788 1
15794 1
15798 1
15809 1
15810 0
15812 2
15814 1
15815 1
15816 2
15817 2
15818 2
15830 3
15842 0
15845 2
15847 1
15852 2
15853 1
15856 0
15859 1
15862 2
15863 2
15866 1
15871 1
15872 3
15874 3
15877 0
15878 2
15882 0
15883 0
15889 1
15892 1
15895 0
15898 2
15900 2
15901 1
15902 1
15908 1
15910 1
15911 3
15913 2
15915 1
15916 0
15921 2
15925 2
15954 1
15959 1
15960 0
15961 1
15962 0
15963 2
15966 2
15970 3
15972 0
15973 2
15974 1
15977 0
15978 3
15982 2
15984 0
15988 1
15990 2
15994 2
15995 2
15999 1
16000 2
16003 2
16008 0
16011 1
16015 1
16018 1
16021 0
16026 2
16032 1
16033 3
16034 2
16036 1
16039 2
16041 1
16046 0
16049 1
16050 3
16056 1
16057 1
16061 1
16062 2
16064 2
16065 0
16069 2
16073 1
16081 2
16082 2
16088 1
16091 2
16093 2
16096 2
16104 0
16106 2
16108 2
16110 2
16113 2
16115 2
16116 1
16117 2
16120 1
16123 1
16125 2
16127 3
16129 1
16132 0
16134 0
16135 2
16138 2
16140 3
16141 1
16143 2
16145 0
16150 2
16151 1
16152 1
16159 0
16160 0
16161 2
16162 3
16167 0
16169 2
16173 3
16176 0
16178 1
16183 2
16184 2
16186 2
16187 1
16191 1
16203 0
16207 0
16209 2
16220 2
16223 2
16224 2
16226 0
16228 3
16229 3
16231 1
16234 2
16235 1
16238 3
16240 1
16244 1
16245 1
16250 2
16253 2
16254 2
16261 1
16263 2
16265 1
16266 2
16271 2
16276 1
16277 2
16279 0
16283 0
16288 1
16290 0
16291 2
16292 0
16294 3
16295 1
16297 0
16301 1
16302 1
16304 2
16306 1
16309 1
16316 1
16317 0
16318 0
16319 0
16324 0
16325 0
16327 1
16329 0
16330 3
16331 1
16332 2
16333 1
16336 3
16337 2
16347 2
16351 3
16356 0
16362 2
16367 2
16376 2
16379 2
16380 0
16381 1
16386 2
16387 2
16388 2
16391 1
16393 2
16396 1
16397 1
16404 3
16405 2
16406 0
16412 0
16413 2
16415 2
16420 2
16422 2
16424 1
16429 2
16430 2
16431 2
16432 0
16433 2
16439 1
16442 2
16443 2
16445 2
16446 0
16447 2
16449 2
16452 1
16456 2
16457 2
16458 2
16460 2
16461 2
16469 1
16477 2
16482 0
16484 1
16485 0
16494 0
16495 1
16501 1
16509 1
16511 0
16513 1
16515 2
16517 1
16521 0
16522 1
16523 2
16524 1
16525 0
16527 2
16533 1
16534 0
16539 0
16540 2
16543 2
16548 0
16549 2
16550 1
16551 2
16555 3
16559 0
16569 0
16583 2
16586 2
16590 3
16591 2
16592 1
16594 2
16597 0
16598 2
16602 1
16603 3
16605 2
16608 0
16612 1
16613 2
16614 0
16616 1
16618 2
16620 3
16626 2
16629 0
16632 2
16636 2
16638 0
16640 1
16644 2
16645 1
16646 1
16647 0
16648 0
16658 0
16666 1
16669 0
16672 0
16678 1
16680 1
16681 1
16683 2
16684 2
16687 1
16689 1
16691 2
16700 2
16702 3
16705 1
16706 1
16711 0
16712 0
16714 0
16715 0
16716 0
16718 1
16719 2
16721 1
16730 0
16731 0
16733 2
16736 0
16737 2
16740 0
16741 2
16742 1
16743 2
16744 2
16745 0
16748 0
16752 2
16757 0
16759 1
16760 0
16765 2
16768 2
16773 2
16774 1
16776 0
16779 2
16785 3
16786 1
16790 1
16791 2
16792 0
16807 1
16808 1
16811 2
16814 2
16821 1
16827 2
16829 1
16830 1
16831 1
16833 2
16834 1
16836 1
16841 2
16843 3
16846 1
16851 2
16854 2
16856 2
16857 1
16859 3
16860 0
16864 2
16865 0
16872 1
16873 1
16874 0
16884 1
16885 0
16891 3
16896 1
16897 2
16898 2
16900 2
16902 2
16907 0
16914 1
16923 2
16925 2
16926 2
16928 2
16929 2
16930 2
16935 2
16937 2
16938 0
16939 1
16941 0
16949 0
16950 2
16956 1
16957 2
16959 2
16962 2
16964 2
16973 0
16976 1
16977 0
16980 2
16982 0
16989 1
16994 2
16997 2
17001 0
17008 2
17010 1
17016 0
17020 3
17022 0
17028 0
17033 2
17035 2
17036 2
17037 2
17041 1
17042 2
17049 1
17050 1
17053 2
17055 2
17056 2
17059 0
17061 2
17062 0
17063 1
17064 3
17065 0
17066 2
17067 1
17070 3
17071 2
17074 1
17076 1
17078 2
17083 1
17087 0
17088 0
17094 1
17097 2
17099 2
17102 0
17104 0
17106 0
17108 0
17113 1
17118 2
17119 0
17120 2
17125 2
17126 2
17129 1
17131 1
17133 0
17134 1
17135 2
17136 0
17140 0
17142 0
17144 3
17147 0
17151 2
17154 0
17156 2
17166 3
17168 2
17170 3
17173 1
17181 2
17182 1
17195 0
17205 1
17211 1
17214 0
17216 1
17217 2
17226 0
17227 1
17228 0
17229 3
17231 0
17232 1
17234 3
17236 3
17237 2
17239 1
17244 0
17245 1
17247 2
17251 1
17255 0
17260 2
17262 0
17265 2
17268 1
17271 2
17272 0
17276 0
17277 1
17280 1
17283 0
17285 0
17287 1
17289 1
17292 1
17296 3
17297 0
17300 1
17303 0
17307 2
17308 2
17310 1
17311 2
17313 2
17317 1
17319 0
17321 2
17323 0
17324 2
17329 3
17330 3
17331 1
17336 2
17338 1
17339 1
17340 0
17341 0
17343 0
17347 0
17351 1
17358 1
17360 2
17367 1
17376 0
17379 2
17381 2
17388 2
17390 1
17391 0
17392 2
17395 2
17396 2
17397 1
17399 2
17404 1
17406 2
17407 2
17414 0
17421 1
17422 2
17430 2
17431 3
17432 2
17434 0
17435 3
17440 2
17441 2
17442 3
17445 2
17450 1
17453 1
17455 0
17463 1
17469 0
17470 0
17472 0
17475 0
17476 0
17477 1
17480 2
17487 2
17491 2
17492 1
17493 0
17494 2
17497 3
17499 2
17500 2
17505 0
17506 2
17509 2
17510 2
17512 1
17514 2
17515 3
17516 2
17518 0
17521 2
17522 0
17532 2
17533 3
17536 2
17537 0
17538 1
17539 3
17541 1
17542 1
17544 2
17548 1
17549 1
17552 1
17553 2
17554 2
17556 2
17560 1
17568 0
17571 1
17574 1
17577 1
17578 2
17579 3
17581 1
17584 3
17589 0
17593 2
17594 1
17595 2
17597 1
17598 2
17603 3
17605 1
17610 2
17612 2
17613 0
17616 0
17623 1
17628 2
17631 0
17632 1
17633 3
17637 0
17638 0
17639 1
17641 1
17642 1
17644 1
17645 0
17649 1
17650 1
17652 1
17654 3
17657 0
17660 2
17663 1
17664 0
17665 2
17666 2
17670 0
17674 2
17680 0
17683 0
17684 2
17689 2
17692 3
17695 2
17696 1
17699 2
17702 2
17703 2
17707 2
17710 2
17713 0
17716 3
17719 1
17723 1
17725 0
17726 2
17730 1
17735 2
17737 2
17740 3
17744 1
17754 2
17756 0
17757 1
17758 0
17759 1
17762 2
17767 1
17769 0
17774 1
17775 3
17776 3
17777 0
17787 3
17794 1
17795 1
17797 3
17804 2
17810 1
17811 1
17813 1
17820 0
17825 1
17828 3
17835 2
17841 1
17843 2
17846 0
17849 2
17851 1
17852 2
17867 0
17887 2
17889 0
17895 0
17896 1
17899 0
17900 2
17921 0
17924 0
17932 0
17934 2
17935 1
17941 1
17944 1
17948 2
17949 2
17956 2
17957 0
17958 2
17962 1
17964 0
17969 0
17971 2
17977 2
17979 2
17980 0
17985 2
17989 1
17992 2
17996 1
17998 2
17999 0
18001 2
18014 3
18020 0
18022 1
18027 2
18028 1
18030 2
18032 0
18033 0
18035 1
18044 0
18050 3
18053 2
18055 2
18056 0
18057 2
18062 2
18067 0
18069 0
18077 0
18078 2
18079 2
18082 0
18083 1
18085 1
18088 2
18091 2
18095 0
18100 1
18108 0
18109 2
18110 1
18111 1
18121 1
18122 1
18126 0
18134 2
18139 1
18141 0
18142 1
18145 1
18146 0
18147 1
18148 0
18149 1
18153 0
18155 1
18156 1
18158 0
18162 0
18164 1
18166 0
18167 1
18173 2
18174 2
18179 1
18186 2
18188 1
18191 2
18193 1
18194 3
18196 1
18197 0
18201 1
18203 2
18204 2
18207 2
18208 1
18212 1
18214 2
18216 2
18218 2
18221 2
18222 0
18224 0
18225 2
18228 2
18233 2
18234 2
18237 1
18243 0
18246 2
18247 2
18248 2
18250 2
18251 2
18254 2
18264 1
18275 1
18277 0
18278 1
18279 1
18282 1
18284 1
18290 0
18293 0
18298 2
18305 0
18306 2
18312 1
18314 2
18315 3
18316 1
18319 0
18334 1
18337 0
18344 2
18347 2
18348 1
18353 0
18358 3
18361 3
18363 1
18366 2
18378 1
18381 1
18383 2
18384 2
18385 1
18387 2
18391 0
18393 2
18401 1
18404 2
18414 3
18415 2
18419 1
18420 2
18421 3
18422 3
18424 1
18426 1
18427 3
18428 2
18432 1
18434 3
18435 1
18436 2
18437 0
18442 1
18443 2
18446 2
18449 1
18452 2
18455 2
18457 1
18464 0
18466 0
18467 0
18471 2
18482 0
18483 2
18484 2
18487 2
18491 0
18494 1
18499 1
18500 2
18503 3
18505 2
18511 3
18512 3
18515 2
18523 0
18529 0
18530 0
18534 2
18535 1
18539 2
18541 0
18544 0
18547 0
18563 0
18564 0
18565 2
18567 3
18568 0
18570 2
18574 2
18579 2
18584 1
18588 2
18594 2
18600 2
18603 0
18604 2
18609 0
18614 2
18615 1
18620 2
18626 3
18628 2
18629 2
18630 0
18633 0
18637 1
18640 1
18641 2
18647 2
18649 0
18650 1
18651 1
18652 2
18662 2
18675 0
18680 0
18682 1
18685 0
18689 2
18690 1
18693 2
18694 2
18697 1
18698 0
18704 1
18706 2
18707 1
18708 2
18709 3
18710 2
18715 3
18717 2
18723 1
18724 0
18725 1
18726 1
18727 3
18737 2
18738 0
18746 2
18748 2
18749 1
18752 0
18754 2
18760 3
18771 2
18773 3
18776 3
18790 0
18794 0
18797 2
18806 2
18807 2
18809 2
18811 1
18813 1
18815 2
18819 0
18821 2
18824 3
18830 0
18834 1
18835 0
18839 2
18844 1
18851 3
18852 0
18853 2
