0 0
16384 0
16386 2
16387 2
2455 2
16385 2
16393 2
16394 1
16396 1
3001 2
16402 1
16404 3
16406 0
16407 0
9548 0
16409 0
16412 0
29 0
16415 2
8226 2
41 0
8199 0
16428 0
45 1
16431 2
16432 0
16433 2
16436 1
4201 2
1375 2
16445 2
16446 0
16447 2
66 1
68 2
16454 3
9569 2
16456 2
73 2
8266 2
16461 2
8270 0
8272 2
8273 1
85 0
88 2
89 1
16476 2
16478 1
10257 2
16484 1
8293 1
104 0
1383 2
8300 2
16495 1
112 3
12006 0
8675 2
8312 1
16507 1
16509 1
126 2
127 1
8321 3
16515 2
8324 0
16517 1
8849 2
16521 0
16522 1
139 3
15042 2
8335 0
144 2
146 3
147 0
148 1
149 0
150 2
151 1
8344 1
2460 0
16539 0
16540 2
16542 0
16543 2
16544 3
161 0
163 2
8356 3
16550 1
17777 0
170 0
16555 3
173 2
8368 1
177 1
178 0
180 3
16568 1
185 2
187 1
16572 3
190 3
193 1
8386 2
6859 1
16581 1
16583 2
200 0
202 2
8396 0
8397 2
8398 1
2765 2
8400 0
209 2
16594 2
16598 2
17785 0
16600 1
218 3
8412 1
9009 2
8415 1
16608 0
8418 2
16612 1
16613 2
16614 0
16616 1
16618 2
8427 2
6439 2
8430 2
16623 3
16625 0
8435 3
244 3
16629 0
246 0
8439 2
251 1
16636 2
12330 1
16638 0
16640 1
8449 2
16644 2
261 2
16646 1
8458 1
6221 1
271 2
16657 1
16658 0
8468 0
8473 2
8474 3
283 3
16669 0
287 2
16672 0
289 2
291 1
8193 0
8485 2
8486 2
8241 2
8488 2
297 2
299 1
16686 1
8495 2
8496 2
9608 1
8498 3
8244 3
315 1
16700 2
16702 3
319 2
16704 3
8514 1
324 1
16709 1
16710 3
328 0
330 0
16716 0
334 3
16719 2
4152 2
16722 2
8531 1
15287 2
8539 1
16732 1
349 1
16734 1
8543 3
16737 2
354 2
16740 0
16741 2
358 1
8551 0
16744 2
16745 0
8554 3
8555 2
16748 0
16752 2
8561 0
8564 2
62 2
16759 1
16760 0
379 0
16765 2
384 1
16774 1
392 1
8587 1
16781 0
398 0
400 0
401 2
8594 1
16789 3
8598 0
407 2
410 2
411 2
416 0
8609 2
16804 3
423 2
8619 3
8620 2
8621 0
16814 2
1437 3
16818 0
16819 2
436 2
8630 2
12361 2
440 1
16825 1
16827 2
444 2
74 0
446 2
15093 3
8641 3
8643 1
16837 1
454 2
16841 2
459 0
461 2
462 3
8655 2
8656 0
8658 0
16854 2
1444 2
16858 0
16860 0
16865 0
483 2
488 2
489 3
797 1
8686 3
8687 2
496 2
501 1
504 3
505 3
508 0
8277 2
8704 0
517 0
16902 2
8711 0
524 2
8718 2
16911 0
528 2
532 3
534 2
8727 0
538 0
16923 2
8732 1
8734 0
543 2
16928 2
16929 2
16930 2
8739 3
16934 1
551 1
16937 2
8746 2
8747 2
8748 3
559 0
16946 2
8755 0
16948 0
8757 2
8759 1
8761 1
8764 1
573 1
574 0
8767 0
577 1
578 1
8771 3
581 1
8775 0
16969 1
587 1
588 1
565 1
591 1
16977 0
8786 1
16979 1
16980 2
8791 2
8795 3
604 3
17850 1
606 0
4197 2
8800 1
609 2
8802 1
611 1
8804 1
8805 2
16999 0
8809 0
17002 1
619 2
8812 2
17005 1
8815 2
624 2
12392 1
17010 1
6931 2
629 1
8822 2
17015 0
13759 0
8829 3
17022 0
8831 0
641 0
8835 1
9665 2
17034 0
17036 2
654 0
657 3
658 0
660 2
661 1
17046 1
8855 1
17048 3
17049 1
666 0
8303 2
8862 2
1477 1
8864 2
6569 3
674 0
17062 0
679 0
17065 0
17067 1
17068 3
17069 3
8881 2
17077 3
17083 1
700 2
17090 3
17091 0
709 1
8902 2
17095 0
8906 2
17099 2
717 0
8480 1
8912 3
17106 0
17110 0
8921 2
730 2
17115 2
17117 1
17119 0
8929 2
17126 2
8935 2
744 2
8938 2
17131 1
748 2
749 0
8943 1
17136 0
17137 2
8947 1
17142 0
760 1
8953 1
762 1
763 0
764 2
17151 2
8960 0
17154 0
774 1
4225 2
776 3
780 2
17168 2
16972 1
8978 1
787 2
1390 2
790 2
791 1
17176 2
8985 0
8986 2
795 2
8988 3
17181 2
133 2
17184 1
17185 0
8997 0
17190 1
807 2
808 2
17193 2
17195 0
17201 1
17736 0
820 2
821 1
17206 1
9015 0
825 2
9018 2
17211 1
17213 0
6965 2
832 2
8331 2
9029 0
9033 1
17226 0
17227 1
844 2
845 1
17231 0
849 2
17234 3
17235 0
852 2
853 0
854 0
17239 1
856 0
17243 1
17244 0
861 2
862 0
863 0
17248 1
16528 1
868 3
870 2
17257 0
874 3
875 2
876 3
17262 0
17263 0
17264 0
17265 2
17266 0
6576 2
17268 1
885 1
9078 0
17271 2
9082 2
17276 0
17277 1
895 1
17280 1
897 1
17282 3
17283 0
900 1
17191 0
17288 1
9097 1
8343 1
17293 0
17295 0
17296 3
9105 0
17300 1
918 0
17303 0
920 2
9113 0
922 2
17307 2
17308 2
8346 1
9118 2
17311 2
17313 2
930 0
16125 2
932 3
17321 2
17322 2
17323 0
17325 1
17329 3
9138 0
17331 1
9142 0
11081 1
952 1
9145 0
17340 0
17341 0
17342 2
4256 2
9157 3
9158 3
8353 1
17364 2
17365 0
17367 1
17368 1
17376 0
17381 2
9196 0
9201 0
17395 2
9726 2
17399 2
9216 0
9217 2
9218 2
12459 1
1028 1
1030 2
1032 1
1034 2
17419 1
9228 2
1037 3
1040 0
16619 0
17431 3
17432 2
8491 3
17434 0
1054 2
5637 1
1057 0
17442 3
1063 2
9257 0
17450 1
1067 2
9262 2
1071 1
9264 1
9269 2
9270 2
9271 0
1080 1
9273 3
9274 2
17468 1
9279 2
17474 2
17475 0
9284 0
17477 1
9286 0
17480 2
5644 3
17484 0
17485 0
17487 2
9297 0
7129 2
1107 1
9300 1
14767 1
17495 1
1114 1
9307 2
9308 1
2917 0
17504 2
17505 0
17506 2
17509 2
17510 2
5649 1
17512 1
17513 2
9322 1
17517 1
17518 0
3311 1
17520 1
17522 0
9332 2
9333 3
1144 2
17532 2
9343 2
17539 3
9349 2
9352 1
17548 1
17549 1
17551 2
195 2
1173 2
1174 2
11519 0
11119 1
1180 1
1181 3
197 2
9376 0
1187 2
3040 2
17574 1
8991 2
1192 2
17577 1
17578 2
199 1
9388 2
9390 1
1200 0
1202 1
1204 0
17589 0
15043 2
17591 1
9401 0
17597 1
1218 2
9411 2
9414 0
1225 2
1226 1
2935 2
17612 2
9421 2
17616 0
11128 2
9427 2
9428 2
1238 2
17625 1
17628 2
17632 1
17633 3
1251 1
8401 2
860 3
17642 1
9451 0
8402 2
1264 3
17649 1
17650 1
12499 1
9460 2
9461 2
17654 3
9463 2
1273 2
15231 0
17660 2
17962 1
17662 2
1279 0
17665 2
1283 2
9477 2
1286 2
17672 0
9481 2
17674 2
9485 1
9773 2
1296 3
1298 2
9492 2
17689 2
17693 3
17695 2
17697 0
1314 1
9510 0
1319 0
17706 1
17713 0
1331 1
17719 1
9529 0
1338 1
9531 2
1340 2
17725 0
17726 2
17727 1
9536 0
15243 1
9540 2
9543 2
16139 2
17737 2
1354 1
1355 1
15048 2
17744 1
9554 2
9555 1
9556 2
17749 1
1369 2
17756 0
1373 3
17759 1
1377 2
9572 3
1381 2
17767 1
9578 1
9579 2
9582 2
1391 0
9585 0
11155 0
9590 2
9592 1
1401 2
17787 3
9597 2
9598 2
1408 0
17795 1
9604 2
17797 3
1415 2
1416 3
1418 0
9611 2
9615 2
9616 0
9618 0
9623 2
1436 1
9629 1
1438 1
17824 0
17828 3
9637 1
1446 2
9639 2
9645 2
9648 2
1460 3
9653 1
17849 2
1466 2
7141 0
1468 2
9661 1
9663 2
1473 1
9666 1
9668 1
9669 2
1478 1
1479 3
11521 1
9673 1
1482 1
16631 0
9676 2
9678 3
17872 0
9685 2
18326 0
15268 0
9690 2
9691 3
9694 0
17887 2
18000 0
17891 0
17893 0
9702 2
17895 0
2983 2
9711 0
9722 2
10212 0
1534 0
9730 0
16418 0
17924 0
1542 2
1548 2
9741 2
17934 2
17935 1
1562 0
7087 1
17948 2
11184 1
17959 2
17961 0
9770 1
17964 0
1581 1
1583 2
1586 2
17971 2
9781 1
1591 1
1592 3
17977 2
17979 2
1596 2
9789 1
1598 0
9791 2
9792 2
17985 2
1602 3
9795 0
9798 0
1608 1
1610 1
17995 2
17996 1
17998 2
17999 0
1616 0
9810 2
8510 2
9812 0
1622 2
9815 2
1636 0
5222 0
1627 0
9820 0
1634 2
9828 1
9829 2
9830 2
18023 3
18024 3
1964 2
1645 0
18032 0
1652 2
9845 1
1661 1
1662 2
9857 0
1671 1
18056 0
9865 3
9868 1
18062 2
1679 0
9876 0
1686 2
1687 2
1693 2
1695 2
1696 2
1648 1
18083 1
18085 1
1702 2
1703 1
1706 0
9899 1
18096 2
18098 2
18100 1
1717 2
9911 2
1720 0
18107 3
18109 2
18110 1
18111 1
1729 1
1734 1
9927 2
15308 1
1738 2
18130 1
8483 0
1748 0
18133 2
9942 2
18141 0
1758 3
9958 0
1767 2
1769 2
18155 1
18156 1
18045 0
296 0
1779 0
1423 2
9854 1
18166 0
1783 1
1788 2
9981 2
1790 2
1792 0
16683 2
12588 2
1151 1
18188 1
18191 2
10000 0
1809 2
18844 1
3033 0
18201 1
18203 2
18204 2
18207 2
10018 0
1827 2
1828 2
18214 2
10024 0
7132 0
18218 2
18055 2
1836 1
12594 1
10031 2
10032 1
18225 2
10034 1
18228 2
10037 2
10038 2
10039 2
18232 2
18234 2
10043 1
1852 1
10046 2
10048 2
18241 0
1860 2
1861 0
1862 3
10055 2
10059 2
18252 1
18255 0
18261 1
18264 1
18265 1
18271 0
10080 2
18275 1
10084 1
18277 0
18278 1
18279 1
10088 1
10089 2
18282 1
18284 1
10095 2
10096 0
18290 0
1909 0
10105 0
1918 2
18304 0
1921 2
18306 2
13974 1
18310 3
18312 1
10123 2
1932 0
10125 1
18324 2
1942 0
18328 1
18281 0
10142 2
18348 1
1965 2
18355 3
18358 3
1975 1
1976 1
1979 1
18364 1
18366 2
1987 1
18372 1
18375 1
1992 2
18378 1
10190 0
18383 2
2002 0
10196 1
2006 1
18391 0
2009 0
2010 1
8527 2
18397 1
18401 1
2020 3
16721 1
2025 1
2028 0
18414 3
18418 1
18419 1
5469 1
18421 3
18424 1
12628 1
18426 1
2043 1
18428 2
10237 0
2047 2
18434 3
18091 2
2052 2
18437 0
10248 2
18446 2
18449 1
10261 2
18455 2
2072 2
18457 1
2075 0
2076 2
10269 0
10270 3
10271 0
5808 2
2083 2
2088 2
10282 2
2091 2
2092 2
18479 0
2098 2
18483 2
10295 0
2105 0
10298 2
10299 2
2108 3
18494 1
2113 2
10306 1
2116 2
5814 2
10311 2
2121 0
1719 2
10316 2
10317 1
2129 1
10324 1
18517 0
2138 2
7183 0
10332 1
8549 0
18530 0
16742 1
18534 2
2152 2
10345 2
16743 2
2158 1
2160 1
18547 0
2164 2
10358 2
8553 2
1727 0
10366 2
2176 2
2177 1
18564 0
9921 3
2184 3
2185 2
10382 2
18579 2
18580 2
18581 2
16440 2
18584 1
2202 2
9075 2
2207 1
10401 2
2210 2
10403 0
2213 1
10410 2
10412 2
2221 0
11293 2
10419 0
10422 2
18615 1
10426 1
18619 2
10428 0
2238 2
373 2
10435 2
18628 2
18629 2
18632 2
18633 0
18634 1
2251 2
10444 0
18637 1
18640 1
8568 0
2260 2
10453 2
18649 0
2269 0
10464 1
2276 0
10470 2
2279 3
10472 1
2283 2
15079 3
18673 0
18675 0
10484 2
18678 0
18679 3
18682 1
2303 0
2304 0
2305 0
10498 2
3115 3
18134 2
2311 0
10505 2
7544 2
10510 0
18707 1
2324 2
10517 1
18710 2
10519 0
2329 2
2330 0
10523 2
2333 2
10527 3
18723 1
18725 1
18726 1
10537 2
2346 0
18733 2
10542 2
10545 1
2355 2
18743 0
2362 2
18747 1
2364 2
12081 3
10559 2
18752 0
2371 2
2373 1
18759 1
10568 1
10569 3
5858 2
10575 1
18768 0
2385 2
18771 2
2388 2
18773 3
18774 3
18777 3
18778 0
10590 2
18784 1
8593 0
18794 0
15356 1
2414 2
10607 1
10609 0
3453 2
2426 1
2427 2
18812 2
10621 2
18814 2
18815 2
10624 0
18819 0
10628 2
2437 1
10631 2
2440 2
10634 1
12902 1
4173 2
10640 3
18835 0
2452 2
18838 0
18839 2
10648 2
10649 2
10650 2
14812 3
3141 2
10657 0
10659 3
10660 2
18853 2
10662 2
2472 2
2475 1
10672 2
10676 0
5811 2
2490 2
2491 0
8608 1
2498 2
15508 0
2500 2
2501 1
2503 0
10702 2
2512 0
2514 1
10709 2
10711 2
10712 2
10714 1
2524 1
2525 1
2528 0
2531 1
10724 0
2535 2
630 0
10734 1
10737 3
2546 2
10741 1
2554 1
10747 3
2558 1
10754 2
427 2
2566 3
10766 0
10767 0
10771 1
10773 1
10777 1
2586 1
10780 0
2590 2
10783 3
2593 2
2595 2
10789 2
10790 0
2599 2
10793 0
10796 2
18363 1
2606 3
3727 2
10802 0
10803 3
10805 0
2615 2
2616 1
10809 1
10810 1
10812 1
2624 2
2625 0
2626 0
2627 2
10820 3
2630 1
10825 0
2634 2
12727 1
2640 2
10835 0
10855 1
9999 2
10844 1
2653 3
2654 2
2655 2
10849 0
10852 2
2663 1
10857 0
10860 1
10861 2
2671 0
10868 0
10869 1
10872 1
10873 0
10876 0
2686 1
5909 3
2690 0
10884 0
2698 1
2702 2
10895 1
10897 3
16835 0
10901 2
10904 3
10905 2
2715 2
10913 3
2722 1
10915 2
10919 0
2729 1
2730 1
2735 1
2738 3
2739 2
2743 3
2744 0
1823 2
10942 0
2751 0
10945 2
8651 0
2758 2
10951 0
3191 2
1826 2
2766 0
2767 1
2769 0
14004 3
2778 2
10973 2
464 2
2791 2
2794 3
2797 3
10991 1
2801 2
2803 2
11000 1
11002 3
11004 2
2817 0
1835 1
11016 0
2549 2
2831 3
2835 2
4656 1
11035 0
11038 2
11397 2
11042 2
2851 1
11045 2
2854 1
1841 2
11048 0
11052 0
11053 2
2862 2
4573 1
12617 2
11058 2
11065 2
2876 3
11074 2
2883 0
2884 0
11078 2
12769 2
11080 2
3212 1
11082 2
1847 0
2893 0
11086 1
13058 0
2898 2
12771 1
11092 3
2901 0
11094 1
2904 1
11097 1
2909 1
2256 0
5007 1
12774 1
11111 3
11112 1
11113 3
2925 2
11118 0
2927 2
2928 1
2930 0
2931 2
11124 2
11125 1
2934 0
16873 1
2936 0
11129 2
13464 3
2942 2
2944 2
2946 2
11139 1
11144 1
4588 0
2955 0
11149 0
2963 3
2973 2
10053 1
11169 3
18246 2
2982 3
11175 1
11180 0
11182 2
11183 2
2992 2
2995 2
3000 2
11193 0
11194 2
3004 0
3006 0
11202 0
11205 0
1737 1
9375 0
11215 1
3025 1
11218 1
11220 1
11225 0
11226 2
3035 3
11229 2
11232 0
11234 1
11236 1
11239 2
3048 3
3049 2
12797 1
3058 1
5971 2
3063 0
11259 2
3069 0
3070 2
3072 0
3076 2
3079 2
11273 3
11288 0
3098 1
14170 1
3102 2
3103 0
3105 1
11300 2
3110 2
11303 0
3114 3
11307 2
3125 0
3126 0
11320 0
3252 3
13476 3
11324 1
11326 0
11327 2
3136 1
11329 2
11331 3
15653 0
11334 2
11335 2
11336 2
3145 3
11341 1
11343 2
11344 2
11346 2
11349 0
11351 0
11364 1
11367 0
11368 0
11371 2
3183 2
3186 1
11379 3
6380 0
11383 1
3194 2
3198 0
11391 0
3205 1
11398 2
11404 1
3266 0
3214 1
3215 2
3216 2
15555 1
11414 1
18287 1
3230 1
3231 1
11425 2
3237 1
11430 0
11433 2
18349 1
3246 2
2563 2
11444 2
16926 2
3256 3
3257 3
3262 1
3263 2
11457 2
11458 2
11461 1
3270 1
11463 1
3274 1
3277 0
3280 2
11473 1
9111 2
3286 1
3287 2
11480 0
11486 1
3296 0
9657 0
3299 0
11502 2
11503 0
14022 2
3313 2
3314 3
11508 2
11510 2
16607 1
11512 2
15572 1
3323 2
11518 2
3327 0
3329 0
11522 2
14841 2
3333 1
2863 0
11532 2
1922 1
3342 1
5294 2
11536 1
11540 2
3349 2
3354 2
11553 2
12849 0
3368 1
11565 1
3375 2
563 2
3380 1
3387 1
555 2
3389 2
16949 0
3394 2
3395 1
11588 1
3399 0
6029 2
3411 0
3412 2
11605 1
3414 0
3416 0
3419 2
11612 3
11613 1
11614 1
11615 1
3424 3
11619 1
11620 1
11621 0
3430 3
3433 3
3434 1
3435 3
12861 2
3440 1
11633 0
3187 2
3449 2
12863 1
11644 1
18664 0
3661 2
11648 1
11653 0
3463 2
11658 0
12866 2
3470 1
11666 2
3476 2
11669 3
3479 2
11674 0
15599 0
11677 2
3489 3
3491 2
11684 2
12870 1
3499 0
3501 1
3503 2
5697 2
11701 2
8777 0
3515 1
7413 1
3520 2
11713 2
8780 1
11724 2
8781 3
11733 3
11738 1
11742 0
11744 2
7419 0
3557 2
11751 1
3564 3
11758 2
3571 2
3572 1
11766 0
596 1
11771 1
11773 2
3582 2
3583 2
3585 2
6059 1
11780 3
7425 3
10156 1
3595 0
3330 1
3599 1
3601 3
3605 1
11800 2
6063 3
11808 1
10283 2
3621 2
8796 0
11821 1
11822 0
3633 1
3634 3
11827 0
3637 2
11831 1
11833 1
17852 2
11836 0
11838 2
3648 0
11841 2
3653 2
3655 1
11851 1
3660 3
16994 2
11855 0
11857 0
3666 0
16995 1
3671 2
3674 2
3675 1
11871 2
583 1
3682 2
3683 1
3685 2
11878 1
11879 2
11880 1
13489 0
3694 1
11887 2
3699 1
4713 0
11901 1
11902 2
11907 2
3721 2
8813 1
3730 2
3731 1
11924 3
3733 0
3734 2
15641 0
11928 0
3740 0
3745 2
3747 1
3748 3
11941 2
11944 2
15128 0
15645 3
12915 0
15647 1
3772 1
11968 1
3778 0
4726 1
3784 2
3785 3
11978 0
3790 2
3798 2
3800 2
3801 3
6946 2
11999 2
3811 2
3813 0
3814 1
12011 3
15301 2
8830 0
12032 2
10198 0
3862 2
10201 1
12065 0
3876 2
12934 0
3879 2
11586 0
3885 2
3887 2
3889 2
6110 0
12086 1
11572 1
3899 2
12097 1
12100 2
12101 1
652 2
12106 2
12109 2
12110 2
12111 2
12112 2
9405 2
12114 0
3928 2
18404 2
12123 0
3950 0
12945 2
12136 2
12138 1
12139 2
17042 2
12142 2
12154 0
12158 2
12159 0
15135 2
3974 3
12167 1
10220 0
12170 2
12171 2
12172 1
12173 0
3985 2
16666 1
12180 1
12181 1
665 1
12184 2
8858 2
12191 0
4000 0
14320 2
4003 1
4006 2
12202 2
12205 1
12206 1
12207 2
4016 1
4017 2
12210 2
4019 1
12212 1
4766 1
18420 2
4027 0
4029 2
12223 1
12960 2
4034 2
6681 3
12229 2
673 2
4043 2
4049 1
4050 1
4771 2
4058 2
2591 0
12253 0
12255 1
12257 0
12259 2
12262 2
4074 1
12270 2
12271 0
4081 1
4087 0
4088 0
11604 1
6143 3
12284 0
4098 1
4107 2
12304 0
12305 1
4115 0
4116 0
12312 0
10244 3
12314 2
16776 0
4124 2
15413 2
4126 0
12319 2
4131 0
12324 2
4137 2
4138 3
4140 0
12413 1
4149 0
4151 2
12344 2
4153 2
12348 1
12351 2
12355 1
4167 2
4169 3
15714 1
12366 2
4792 2
12372 0
4181 0
12377 2
4187 3
12387 2
11622 0
12390 2
4199 0
4200 3
12393 1
4209 3
4211 3
4212 0
12411 2
4221 2
4224 0
12417 2
4230 0
12426 0
12427 2
12430 1
4239 0
12433 2
4242 0
12438 0
4249 1
12442 0
6961 1
17093 1
12448 1
4258 1
4261 2
12455 3
3688 1
13781 1
12999 1
4270 0
12466 1
6174 2
4809 2
12476 2
12478 0
4292 0
12486 2
14369 2
12492 2
4302 1
4305 1
4307 2
4308 2
12502 2
12503 0
4312 2
12505 1
8911 1
2053 0
4318 2
4321 3
4323 2
4325 2
4328 3
12521 2
4331 1
4335 2
4336 0
4340 0
4341 1
4342 2
12535 2
4354 2
18475 0
4359 2
12554 3
12559 1
4370 1
12563 2
4374 2
14838 1
4380 2
4383 2
4389 2
4390 1
12584 2
12585 0
4396 0
4238 0
4399 1
4402 1
10291 1
12596 2
8330 2
4409 1
12609 3
12610 0
12611 2
4425 2
4427 1
4429 3
12622 1
11877 2
12624 2
12627 0
4436 2
4438 3
4439 2
12632 1
12638 2
12643 1
4457 2
4458 2
743 0
12652 2
4461 0
4462 2
12141 1
4464 2
12657 2
3422 1
4471 1
12664 1
12666 0
4475 0
1339 3
12672 3
3968 3
8939 2
4484 1
4490 1
4493 2
12686 2
4498 2
4501 0
12695 3
4504 2
10308 0
751 3
4509 1
12702 2
4511 1
4512 0
4848 1
4516 0
4518 1
12711 2
4520 0
4521 1
12715 2
4525 1
4527 1
12720 1
15972 0
4532 1
12725 0
4534 1
4535 3
4536 0
4537 2
12730 1
12731 0
12732 1
4541 0
12734 0
12739 2
12743 0
16888 1
12748 2
4559 3
8952 2
17145 1
12761 2
4571 0
12765 2
4574 3
4577 2
17147 0
4581 1
4582 2
4584 0
12780 1
12781 3
4593 2
4595 1
12788 2
12790 0
2132 0
12795 0
12796 0
4605 2
12799 0
4610 1
12811 2
12813 2
12815 3
4626 2
4632 2
4633 2
12826 2
4639 2
4641 2
4642 0
4643 1
4648 1
18524 1
12843 1
4652 3
12847 2
12848 2
8968 0
4658 2
4659 2
12852 2
12853 2
4662 0
4667 2
4669 2
12862 2
4671 0
4672 2
12865 2
4674 1
12867 1
12869 2
4678 1
12872 2
12874 1
12877 2
4687 0
12704 1
12888 2
4697 1
4698 2
12891 2
12893 0
4703 3
4706 0
4707 2
4709 1
4710 1
12904 2
12905 3
12906 2
4715 0
4716 3
12909 2
12910 2
4719 0
4723 0
12918 0
12919 1
7615 2
4732 0
4733 2
12928 1
12930 2
12932 1
12933 0
4742 1
4744 1
12938 0
4747 3
12940 0
12941 1
12942 2
4752 1
4753 2
4758 0
12951 0
12955 2
4764 0
12957 1
12958 0
7621 0
4768 2
12961 2
12962 0
12963 1
12972 2
4781 1
12975 1
359 3
7624 3
14451 0
12981 1
12984 2
12986 2
12987 1
4796 2
12989 2
18436 2
4801 1
4803 3
12998 1
4807 1
4808 1
13001 1
4811 3
4812 1
4813 1
4814 2
4815 2
4816 1
4817 2
13010 0
4819 1
4822 0
4826 1
13019 2
13021 0
13023 2
4832 2
13027 0
13028 0
4837 2
4839 0
13034 0
4843 2
13037 1
6708 1
13040 2
9000 1
4850 0
13043 2
13045 1
13046 0
13051 2
13054 1
4863 1
13056 0
9982 1
4866 0
4868 0
4872 2
4875 0
13069 1
4878 0
8073 2
13076 3
13077 2
13078 0
13083 2
13092 1
4901 0
4903 3
4904 0
4906 3
4908 1
4909 0
4910 0
4911 2
13107 0
13108 0
13110 1
4916 2
13114 2
4929 0
13122 1
4931 2
4932 0
4936 0
4937 2
13135 2
13136 2
4948 2
13142 1
13143 0
4952 2
13147 1
13148 2
17210 2
13150 3
13151 3
4961 1
13154 2
4963 3
13156 0
13160 1
4973 0
4974 0
4975 0
13168 2
13170 0
4979 1
4980 1
13173 2
4984 2
13177 1
13178 0
17215 0
13181 1
13182 0
13185 1
2894 3
13189 0
13191 0
5001 2
13195 0
13196 0
5005 3
13199 1
2200 1
13204 2
13205 2
13207 1
13209 2
5021 2
5022 3
13215 3
5026 2
12988 1
5030 2
5031 3
5032 0
13225 2
13128 1
13237 1
17225 0
13244 2
13245 2
5054 1
17899 0
5057 3
13253 2
5063 2
13256 1
13260 3
14498 2
13262 2
5071 3
4806 1
13266 1
2211 0
5077 1
3577 0
13272 0
13276 2
10563 2
13280 1
13281 0
8080 0
13283 2
14502 1
13286 3
5095 2
13289 2
13290 1
5100 2
13293 1
5102 2
13295 1
13296 1
13301 2
13303 2
5116 3
13310 1
17237 2
7890 2
5121 2
5122 2
5123 2
13316 0
13317 0
13319 0
13320 2
13323 2
13324 2
10413 0
13329 2
11779 0
13332 2
5141 0
3588 0
18607 1
13340 2
5154 2
4955 0
5156 0
13350 0
9052 1
13356 2
5167 1
13360 2
18611 1
13364 3
9054 0
5174 1
9055 0
13376 3
5185 0
5186 0
13383 2
5192 3
13386 1
5195 2
5196 2
5201 1
13396 0
5210 3
5211 2
5214 2
13412 0
13413 2
13414 2
13418 1
13419 1
13421 0
5230 0
5231 2
13424 2
1538 2
13427 2
13428 3
13429 1
6335 0
5244 0
13438 1
8358 0
13442 2
13443 1
9995 2
13449 2
5258 1
5265 2
13458 0
13459 0
13460 0
13461 0
18179 1
879 2
5276 2
5277 0
880 0
5282 2
5283 2
5284 0
13477 2
5286 2
5290 3
5292 2
5293 2
7814 1
5297 0
17267 0
5306 1
5315 0
13511 2
13512 1
5321 3
5322 2
13528 2
5337 1
5340 2
5345 2
5347 2
7718 2
13542 0
5352 1
13545 3
13549 2
451 1
13551 2
5361 2
5362 2
6355 3
13557 0
13567 3
13569 2
5378 2
13572 2
13573 2
5382 0
4993 2
13577 1
13580 2
13586 0
13589 0
13590 2
2265 2
13595 0
5406 0
4997 2
13602 2
5411 2
5412 1
13607 2
13608 2
13610 1
13612 2
13614 2
5423 0
5424 0
13621 2
13626 3
5436 3
13629 1
5441 2
5444 2
13638 2
13640 1
5449 1
13642 1
5453 2
17094 1
13650 3
13651 0
5463 1
5465 2
13659 1
17640 1
912 3
2278 2
5478 0
13671 1
5481 0
1673 2
13675 1
13676 0
5485 0
2280 1
14913 2
5495 3
5496 2
13695 2
13696 2
13697 2
13699 0
17302 2
11913 1
5513 2
5514 0
13707 2
10822 1
13710 2
5520 0
7549 2
2287 2
13726 2
13727 1
5538 0
5539 1
5545 1
13745 2
5556 1
17310 1
13750 2
17643 0
13754 2
5564 1
13758 0
6389 1
5568 3
5571 1
5572 3
5576 1
8369 0
5579 2
5580 1
5581 2
5583 2
13777 3
5588 3
5589 3
13782 2
13783 2
13790 1
5600 0
5602 2
5603 0
7006 2
5608 1
5609 2
5612 2
5614 0
13808 2
5619 1
13812 0
13814 3
13815 0
5630 2
15958 3
5638 0
5641 0
5643 3
13836 2
5645 0
13841 0
5650 0
5651 0
5654 2
11645 1
5657 1
5664 2
5666 0
5670 1
13864 2
13867 2
13872 1
13873 2
9139 2
13879 2
13884 2
2099 2
5698 2
13892 3
5705 3
13898 3
5708 0
11874 1
17336 2
11875 0
18702 3
953 2
13913 0
13917 2
13919 3
13920 2
13922 1
5736 2
13930 1
12654 0
13933 0
5742 1
13937 1
13941 0
5763 2
13960 3
5777 2
5780 1
5781 0
5782 0
5785 2
13978 2
5787 0
18714 1
18715 3
13992 0
13993 2
5804 1
13997 0
5806 0
14000 2
5064 2
5810 0
11891 3
5812 0
14006 3
5819 1
14015 0
5824 2
12532 2
14023 1
5837 0
5841 1
14035 3
14036 1
5853 2
10533 2
14049 1
14050 1
5859 2
5860 2
14053 2
4014 2
14059 1
5868 2
15818 2
14066 3
3710 0
5879 2
5881 2
14084 1
5894 0
5896 2
14091 0
5903 2
14100 0
2350 2
14103 1
5913 1
5925 2
14119 1
5930 2
14124 0
5935 0
14128 2
5937 0
11109 2
11039 0
14137 2
14138 1
5948 2
14141 2
9184 2
5961 2
14157 2
5966 2
5091 2
5975 3
14168 1
5978 0
14171 0
18746 2
5982 2
5093 2
14177 2
5987 1
14180 1
14184 1
10556 0
14186 2
5995 1
14189 0
14190 2
14192 2
14196 0
6011 2
6013 2
6015 0
14208 0
2368 1
6018 1
14211 0
14212 2
6023 1
17388 2
14219 0
14658 1
14221 0
14222 0
14224 1
14227 1
14228 0
14233 0
16516 1
6044 3
6045 1
14238 1
14241 2
14242 0
6051 2
6053 1
6056 2
6057 2
10567 1
14254 2
14255 0
14256 1
14258 2
14261 0
2377 0
14265 2
14268 2
14277 2
14280 0
14282 1
14283 1
14287 1
6100 2
14293 0
16036 1
14302 2
6112 0
6115 3
6118 1
6119 1
6122 2
6128 2
14322 2
14323 2
6132 2
14327 2
6136 2
14330 0
13311 2
6140 2
15862 2
14334 0
14335 2
6144 1
14337 1
6149 0
6151 2
6152 3
14345 3
6154 2
14347 2
14349 1
6158 2
14680 2
6164 2
14360 1
6169 2
14362 1
14364 1
14365 3
14366 0
14367 1
6176 1
6177 1
14372 0
6182 0
14375 0
6185 2
14379 3
14380 0
7858 2
17008 2
14383 0
14384 0
14385 1
14387 2
6196 2
14389 2
14390 0
6200 1
6201 2
6203 2
6206 2
14401 0
9754 2
14405 1
14410 2
14413 2
6222 0
14417 0
14420 2
6231 2
14424 1
14425 2
6235 2
14429 1
14430 3
14433 2
6243 0
14437 2
6251 2
7869 2
6259 0
16063 1
14461 0
6270 2
14463 1
14464 3
14467 1
14470 3
6283 1
6284 0
1048 3
6295 3
14488 3
14489 1
14490 2
14496 0
6306 1
6307 1
14501 0
6310 1
6513 0
14504 2
6313 0
6315 0
6316 2
14511 0
6322 3
6324 1
9247 0
14527 3
16027 1
14533 2
14534 1
14535 1
6349 2
14542 2
14544 2
14546 0
5155 0
6356 1
6360 3
6363 2
6364 1
12487 0
6367 2
6369 1
6370 2
14564 0
14565 1
14571 2
14572 0
6381 1
14576 0
6386 1
14580 3
18489 1
6393 2
14586 2
2431 0
14593 3
14596 1
6407 2
14601 2
14604 2
14607 2
6418 0
14611 1
1070 1
6424 0
6532 1
8545 0
9263 1
6429 1
14623 0
14625 2
14627 2
6436 1
14631 2
6442 1
6445 1
6446 2
4579 3
10632 1
13363 2
6455 1
12763 2
5173 2
6466 2
6467 2
6468 1
14661 2
14664 1
14666 2
6475 0
14671 0
6480 2
14673 2
14675 2
10036 2
6488 2
6490 0
8945 2
6495 0
18832 1
14690 2
14693 3
6504 2
6505 0
6507 2
7912 0
6514 1
6519 2
6521 0
6522 2
3819 0
14724 2
14728 3
14731 2
14734 0
14737 2
17476 0
9318 0
14750 2
6563 3
14756 0
7921 3
14761 1
5191 2
16956 1
6575 2
14768 0
6577 1
14770 1
6588 1
14784 1
14787 0
8192 2
14789 2
6600 0
9292 1
6604 2
14798 2
6608 2
18645 0
14804 2
14805 2
6616 1
2117 1
6619 2
6620 2
14815 2
14174 1
14819 2
14820 2
2470 2
6631 2
14828 0
14829 2
6639 2
14832 0
5336 1
6646 1
6647 2
6648 2
17492 1
14845 0
14851 2
14863 1
14864 2
14865 0
6676 0
9224 1
6679 2
16132 0
14874 2
6683 2
14877 2
14878 2
6687 2
14881 1
1115 1
6692 2
14886 1
6697 2
6702 1
6703 1
6705 0
14899 1
14900 0
6709 0
6710 1
14904 2
6713 0
17503 2
14908 1
14910 0
10677 3
9312 2
14914 2
6723 1
6724 2
6725 0
14921 1
14928 2
14929 1
14936 0
6747 2
6750 2
6751 0
14948 0
14949 0
14952 1
14780 2
14955 2
14959 0
14965 0
6776 2
14971 0
14972 2
14978 3
14979 3
6788 1
14981 1
14983 2
14984 0
6794 2
6795 2
14988 1
14989 0
6798 1
5229 2
6802 3
14996 2
15000 0
6809 0
6810 1
13423 0
15004 2
6813 1
15008 2
6817 1
15011 0
15014 0
15017 1
6828 1
6833 1
6834 0
15029 1
14793 1
6841 2
15034 2
6845 0
17525 1
6850 1
6851 1
15044 1
6853 0
15046 1
14140 2
6856 1
14796 2
6858 2
15051 2
6860 1
6861 0
6862 3
15055 2
6867 1
15060 3
2510 0
6871 0
15064 0
15066 2
15070 2
15072 0
6881 2
6882 3
15075 2
9593 2
6886 2
6887 1
6888 3
6890 1
6892 2
15087 2
5246 0
6902 0
15095 1
15096 3
15098 2
15099 1
6908 2
15102 1
15103 1
6912 2
15106 1
15107 1
15109 1
12076 2
15116 2
12077 2
15120 0
6930 1
15123 1
15124 3
6936 1
6937 0
6941 0
15134 1
17541 1
15137 3
15138 0
14811 2
15140 0
15141 1
6951 0
15144 0
15145 0
15148 2
17544 2
6962 2
6964 1
15157 2
6966 0
5257 0
15160 1
15162 1
6978 0
6980 1
15176 1
15177 2
7052 1
12235 0
15184 0
15189 0
6998 2
15191 2
7002 2
7004 2
7005 2
15198 1
7008 2
10599 0
15204 2
11963 2
15208 2
7017 1
7018 1
7020 2
15214 1
7023 1
15220 2
15237 2
15225 1
15230 2
7039 1
7040 0
15236 0
9366 1
8001 1
7050 1
1175 2
15244 0
15245 2
15246 0
7056 2
7057 0
2542 1
15258 1
15259 0
15261 2
15264 2
15266 1
7076 1
15269 1
15270 0
7079 3
15273 0
7082 0
15275 1
15276 2
7085 0
15279 2
6812 1
15282 2
7094 2
16201 1
15288 3
15289 3
15290 2
1183 0
7103 2
7105 1
15299 0
7109 0
15303 2
7116 1
7120 2
7122 2
15316 1
7125 0
15318 2
15319 0
15321 1
7130 0
15324 1
10746 0
7134 1
7136 0
15329 2
7139 0
7140 0
15333 2
17576 1
7158 2
15351 1
7164 2
15362 2
15375 1
15376 3
7186 3
10755 0
7188 2
15381 2
18516 2
17584 3
266 2
7205 1
7206 2
17233 2
15400 2
15401 0
7213 0
7214 2
7215 2
15409 2
7218 3
7219 3
6787 0
7221 0
15417 2
7226 0
3485 1
7229 0
7230 2
7231 0
7235 2
15428 2
15433 1
15436 1
7246 2
15440 1
7254 1
15448 2
7260 2
13498 2
15455 0
15457 2
15461 0
15462 3
17973 2
1213 1
15472 2
15473 0
7284 0
15478 2
14868 2
15486 2
15487 3
15488 3
15491 1
15493 2
15494 3
15496 0
7306 2
7307 0
7308 0
15503 2
15504 0
15506 1
15792 2
13337 2
15509 1
15510 2
15511 0
15513 0
15514 0
7323 0
15517 1
15518 0
15519 1
15521 2
15522 1
7332 2
17606 1
15526 1
15527 1
7337 0
15531 0
15532 3
15534 0
15535 3
5247 2
15539 0
15543 1
14879 2
15552 1
7363 0
7367 2
15562 0
7372 2
15565 1
7374 3
15568 3
15570 0
7380 0
15574 0
7386 1
3962 0
15582 0
15588 1
7400 1
15595 1
7405 2
7407 2
15600 2
15602 2
15603 1
15605 1
17620 0
3967 3
15613 1
15616 0
12160 0
15619 0
15628 3
7440 2
15633 0
15634 0
15635 1
10798 0
15638 2
7447 2
7449 2
7450 2
7452 2
7453 1
7454 1
16261 1
7459 2
15652 1
7461 1
15654 2
15656 0
13532 0
794 2
7467 2
7472 3
15667 2
7479 0
15672 1
7481 1
15676 0
7489 2
7491 2
14902 2
9441 2
7500 2
15693 0
15694 1
15701 0
15704 0
15706 1
15707 1
7516 2
15710 3
15711 2
6797 2
15713 2
7522 2
6715 2
15717 0
15721 2
15722 2
15729 1
7538 3
7542 2
15736 1
15738 2
5434 3
15741 1
7555 0
15748 2
10817 1
15752 1
7561 2
15757 2
15758 2
7567 2
15761 2
15764 0
15765 2
7575 2
15768 1
7579 1
7580 2
15774 0
15775 0
15776 2
15778 0
15780 0
15781 1
9457 2
15708 2
7593 2
7594 3
15788 1
1344 0
15798 1
7608 0
17652 1
7612 1
15807 2
16288 1
15810 0
13331 2
1270 0
15814 1
15816 2
7626 2
15820 1
7631 0
15825 0
7634 2
15827 3
7637 2
9465 1
7640 3
15834 1
15837 0
8101 1
7649 2
15842 0
7651 2
15845 2
15852 2
15853 1
15855 1
7665 0
7670 3
15863 2
7672 3
15871 1
15872 3
15876 0
15878 2
1281 0
18491 0
15882 0
7695 2
7701 0
15895 0
15897 0
15898 2
7715 0
15908 1
9478 2
15910 1
12209 2
7723 2
7728 2
15929 1
17170 3
7739 0
7743 2
7747 2
15954 1
7766 1
15962 0
3532 2
7773 0
7778 0
7780 0
15973 2
7783 0
15978 3
15979 1
15980 2
7789 2
7790 1
15983 2
15984 0
15985 1
7794 2
7795 0
7796 3
7798 1
15991 0
15993 1
7802 0
1488 1
15999 1
16000 2
16003 2
16004 0
16006 1
4033 2
16008 0
7817 1
16010 0
16014 2
1897 3
16021 0
16023 1
7832 3
10863 0
16028 1
7838 2
16032 1
16034 2
7844 0
16037 1
7846 3
16040 2
16045 3
16046 0
16049 1
16050 3
16057 1
16058 0
9503 2
16060 2
16061 1
7871 0
16064 2
7873 1
16066 1
7875 1
16068 2
7878 0
16072 0
7885 3
16079 2
16081 2
16082 2
7891 2
16089 3
16091 2
7901 0
7903 3
7906 2
16104 0
5415 0
16108 2
16113 2
16115 2
16117 2
7927 1
7931 0
1322 2
7935 2
7940 0
16134 0
7945 2
7947 2
17177 0
16142 1
16143 2
16145 0
16146 2
7955 2
1356 3
16156 2
16159 0
16162 3
11995 3
7975 2
7977 1
4061 0
16176 0
6792 0
7986 2
6267 2
16180 0
16182 1
16183 2
16186 2
16192 0
8160 0
16196 1
16200 0
8009 2
16202 0
16203 0
16205 3
16207 0
8017 3
8018 3
16211 2
8021 0
16356 0
16219 0
16220 2
8029 3
16226 0
17723 1
16228 3
16235 1
8044 1
16238 3
5437 2
2723 2
8054 2
8059 3
17728 0
10907 1
8069 2
16264 3
16265 1
16266 2
8076 2
16272 0
8082 0
1363 2
16277 2
16279 0
8090 2
16283 0
16287 0
8096 2
16290 0
16291 2
16292 0
5446 1
16294 3
16297 0
16300 3
16305 0
8115 2
8119 0
8123 0
13486 1
16319 0
16321 0
16324 0
15009 2
17740 3
8142 3
8143 0
16336 3
6819 3
8148 0
16341 0
8150 0
16343 1
5727 0
8155 1
8156 1
16352 0
8164 0
16358 2
8167 0
8168 2
8169 2
8170 2
16365 1
5459 3
16372 1
545 2
16376 2
16380 0
16381 1
8190 2
