8192 2
16386 2
16387 2
8196 1
1366 0
8198 2
4097 0
8200 0
16393 2
16394 1
6829 1
16401 2
8210 0
8211 0
8212 0
16405 2
16406 0
8219 2
8220 0
16414 2
16415 2
33 0
16419 1
8228 2
37 0
16422 2
16425 0
4103 2
8236 3
16429 2
1373 3
16432 0
8241 2
52 1
16438 3
8247 1
16441 2
8250 1
16443 2
16445 2
62 2
66 1
16452 1
8261 2
8262 2
16455 2
16456 2
73 2
8266 2
16459 2
16460 2
16461 2
16462 0
16463 0
80 1
16466 1
84 3
8277 2
8278 2
88 2
16473 0
12712 3
16478 1
5477 0
11915 0
16484 1
16485 0
8294 2
8295 2
104 0
8297 2
1383 2
108 2
16494 0
16495 1
9460 2
113 2
15825 0
115 1
16501 1
16502 0
16404 3
122 3
16507 1
9578 1
8319 0
8320 0
16513 1
8322 2
16515 2
132 2
16517 1
16518 2
15041 2
136 0
8329 0
16522 1
139 3
16527 2
144 2
145 2
8338 2
147 0
16533 1
16534 0
8343 1
8345 3
16539 0
16540 2
8349 2
158 3
16543 2
16544 3
8353 1
162 2
8356 3
16549 2
16550 1
8360 2
4124 2
171 2
8365 1
16558 2
16559 0
177 1
178 0
8371 2
8374 2
8375 0
8377 1
187 1
16572 3
8383 2
16577 0
6859 1
197 2
8392 2
202 2
8397 2
207 2
209 2
210 2
8227 2
8407 2
16600 1
16601 1
218 3
219 0
220 2
16605 2
8415 1
8418 2
16612 1
229 3
16616 1
5948 2
8426 2
16619 0
16621 0
8430 2
16623 3
16625 0
8434 0
8435 3
16628 0
8437 3
246 0
8439 2
16632 2
5503 1
16636 2
253 2
16640 1
8449 2
16644 2
261 2
16646 1
263 2
16648 0
266 2
8460 2
8461 3
271 2
274 2
8468 0
329 1
8473 2
8474 3
284 1
16669 0
286 1
287 2
8480 1
8481 0
8483 0
8484 3
16677 2
8486 2
16433 2
8488 2
297 2
300 2
8496 2
8498 3
16691 2
309 0
310 2
16695 2
111 3
8244 3
8506 1
315 1
16700 2
317 2
16702 3
319 2
16704 3
8513 0
16706 1
324 1
16709 1
16713 0
18560 3
8524 2
8525 2
8526 2
16719 2
16721 1
16722 2
6883 3
16724 2
16725 1
342 2
8535 2
16728 1
16730 0
347 3
16732 1
16734 1
8543 3
1921 2
353 2
354 2
16741 2
358 1
16743 2
360 2
16745 0
8554 3
15079 3
365 2
10527 3
8559 3
16752 2
371 0
8564 2
8565 3
16758 3
376 2
16762 0
379 0
16764 3
8573 1
16767 3
16768 2
385 2
16771 0
8583 3
16776 0
6892 2
394 2
396 1
400 0
8594 1
16789 3
16790 1
16791 2
8601 2
410 2
2799 3
8604 2
3287 2
16799 1
16800 3
16804 3
8613 2
12987 1
16807 1
17820 0
427 2
428 2
8621 0
16814 2
8625 2
16818 0
8628 1
438 0
16457 2
8632 2
16826 3
18291 0
444 2
74 0
6901 0
1440 2
8643 1
8644 2
8646 1
16839 0
16841 2
459 0
461 2
8655 2
8656 0
16849 0
466 3
16851 2
16852 1
16854 2
16856 2
1444 2
16860 0
477 2
16865 0
8675 2
16868 2
5542 2
486 2
488 2
13928 1
16875 1
16876 3
289 2
8686 3
8687 2
496 2
9640 2
8690 1
8691 2
15102 1
16886 2
18293 0
8696 2
505 3
506 1
16891 3
508 0
509 3
8702 2
512 1
6712 2
8622 2
517 0
16902 2
16905 1
522 3
16908 1
11010 3
8719 3
529 2
15107 1
8725 1
535 0
8728 2
538 0
8732 1
541 2
16926 2
543 2
16928 2
545 2
16930 2
4187 3
548 1
6918 2
8742 1
551 1
8744 2
16937 2
8746 2
8747 2
16941 0
558 1
559 0
16946 2
16949 0
8758 2
16953 1
16956 1
8765 0
574 0
8767 0
576 2
577 1
8771 3
581 1
8775 0
584 2
585 2
587 1
8780 1
8781 3
16975 1
592 1
5560 1
8786 1
16980 2
17205 1
2202 2
1465 2
18569 1
601 1
8794 1
4930 2
605 3
2783 3
16991 3
8800 1
16993 2
16994 2
8803 0
8804 1
8805 2
8806 0
9660 2
17002 1
8811 1
8812 2
6930 1
8814 2
8815 2
8816 0
8817 1
13387 1
6931 2
17012 3
17013 2
8822 2
105 0
8824 0
17019 1
8828 1
17021 0
17022 0
17025 0
17027 2
17028 0
8841 2
17035 2
17036 2
17037 2
654 0
17040 1
657 3
17042 2
17043 0
663 2
17048 3
17049 1
17050 1
667 2
8862 2
17055 2
672 0
8865 3
8868 2
17061 2
17062 0
17063 1
681 3
17066 2
17067 1
685 1
8880 0
8881 2
17077 3
6943 2
17085 0
702 1
17087 0
17088 0
17091 0
17093 1
8902 2
17095 0
5580 1
8906 2
17099 2
17100 0
15138 0
17102 0
8911 1
721 0
8916 2
8917 1
2787 0
8921 2
730 2
17115 2
7097 2
733 1
17118 2
8929 2
8930 2
17797 3
8932 0
741 2
17126 2
8935 2
744 2
17129 1
8938 2
8939 2
8940 2
8941 2
17134 1
8943 1
752 3
17137 2
17138 1
755 2
756 0
757 2
16392 3
6953 2
17144 3
5588 3
8955 1
764 2
17151 2
17152 1
17154 0
8963 2
17156 2
5590 3
17158 1
8967 1
776 3
17161 2
5591 2
780 2
16514 2
782 3
17167 2
17168 2
8978 1
787 2
788 2
790 2
8984 1
8985 0
8986 2
795 2
17180 2
8989 1
798 2
8325 2
8992 3
801 2
803 2
17188 2
8997 0
11057 2
808 2
17194 2
17195 0
1118 2
17199 2
9008 0
17202 0
9011 2
1343 2
9694 0
17206 1
16521 0
825 2
9018 2
9019 1
17213 0
17215 0
9024 2
8331 2
17220 1
837 0
17222 3
17224 3
9034 0
17228 0
9037 2
9038 2
17231 0
17235 0
852 2
17239 1
856 0
15577 3
17243 1
17244 0
861 2
17248 1
17249 0
17252 2
8485 2
17409 1
17255 0
1120 3
874 3
9070 2
9071 0
17264 0
17265 2
882 0
9075 2
17268 1
15827 3
17271 2
9080 0
17273 2
9082 2
892 2
894 2
9087 3
9088 3
10941 0
898 2
9091 3
9092 0
9093 1
9094 0
903 0
904 1
9099 0
17292 1
910 1
9103 2
17296 3
9108 2
9109 3
17302 2
17303 0
17304 2
921 2
17307 2
924 1
926 3
17311 2
17312 3
17313 2
930 0
17315 1
17318 2
9127 2
9129 2
17323 0
9136 2
17329 3
947 2
9141 1
6851 1
17336 2
953 2
9147 1
956 1
957 2
17342 2
17343 0
960 2
961 1
9154 2
9155 2
964 3
9157 3
9158 3
4777 1
9162 1
13815 0
9164 0
17362 2
9173 2
17367 1
17368 1
9186 2
17379 2
17381 2
17384 0
17388 2
17390 1
17391 0
1009 1
1010 1
17395 2
17396 2
17399 2
9209 1
9210 1
12081 3
1020 0
9214 3
9216 0
9217 2
9218 2
1027 0
1028 1
17414 0
1031 3
9224 1
9225 0
9226 3
2903 2
1037 3
16557 2
9232 2
17429 0
17430 2
17432 2
1540 1
1051 1
1052 0
7002 2
9247 0
17440 2
17441 2
17442 3
17445 2
9254 1
9257 0
17450 1
5491 2
16562 2
9262 2
1071 1
9265 1
17458 2
1075 0
17460 1
9269 2
9270 2
9271 0
9272 3
9865 3
1084 0
17469 0
17472 0
17474 2
9283 1
17477 1
1094 3
9287 0
17480 2
9290 3
9292 1
11106 1
9297 0
7129 2
1107 1
9300 1
17495 1
9304 2
13676 0
17499 2
9308 1
9310 0
2917 0
9312 2
17505 0
17506 2
17509 2
1127 1
17512 1
4284 1
1130 2
17516 2
17519 2
1137 0
17522 0
17523 2
3499 0
3584 1
1144 2
191 0
17532 2
1150 2
9343 2
1152 0
16047 3
9346 2
17541 1
9352 1
4403 2
17546 2
1163 2
17549 1
9358 1
7021 3
1168 3
17553 2
16579 0
17556 2
15214 1
1174 2
1175 2
17560 1
1177 2
17564 2
1181 3
16581 1
17568 0
17569 2
17570 2
1187 2
17574 1
9383 0
17576 1
9385 3
17578 2
1195 0
17581 1
9390 1
17583 3
17584 3
200 0
17586 2
9397 2
4297 0
17593 2
17594 1
17951 2
1212 3
9405 2
17598 2
1215 1
9409 1
1218 2
9412 1
17606 1
9416 1
17609 1
9418 1
17612 2
17613 0
547 1
9425 1
9427 2
9428 2
1237 2
9433 2
1242 3
1243 2
17628 2
9437 0
1246 3
17632 1
17633 3
1251 1
1252 1
9446 1
17639 1
860 3
17642 1
17644 1
16594 2
10483 0
1264 3
9457 2
17650 1
9459 2
17652 1
9461 2
9462 2
9044 0
1273 2
17659 2
17660 2
1277 1
17662 2
9471 2
10105 0
17665 2
17666 2
5675 1
1284 1
17669 2
9478 2
9479 2
17674 2
1293 3
1294 2
1296 3
9491 0
9492 2
17685 2
9495 1
17689 2
1306 3
1307 0
9501 0
17695 2
1312 0
17698 0
1322 2
1324 2
17710 2
17711 1
17713 0
1331 1
9525 2
17719 1
9528 1
1338 1
9531 2
1340 2
9533 2
17726 2
17727 1
9536 0
17729 1
13878 1
9543 2
17736 0
17737 2
1355 1
17740 3
9549 2
9551 1
9555 1
17748 1
9557 1
9558 1
1593 2
17753 0
1370 2
17755 0
17756 0
17757 1
1375 2
1377 2
17762 2
9787 3
1381 2
9866 0
17767 1
1386 3
17775 3
9584 0
8424 2
6593 2
1395 1
1396 2
9590 2
17783 2
9592 1
17786 2
17787 3
9597 2
9599 0
1408 0
9601 2
9604 2
9605 1
9606 1
1601 1
17800 2
12595 2
9611 2
1420 0
1602 3
9616 0
1425 2
17814 2
9623 2
18324 2
1436 1
9630 2
9631 1
17824 0
9635 2
9636 2
9637 1
17830 3
1448 1
7068 1
9642 0
17835 2
16626 2
17838 3
7069 0
9648 2
1458 2
9651 1
1460 3
1461 2
17846 0
17847 1
9656 1
9657 0
17850 1
17851 1
17852 2
9661 1
9662 2
9663 2
17858 0
13485 2
9668 1
9669 2
1482 1
9675 1
9676 2
15266 1
1486 0
9805 0
1488 1
9681 2
11171 2
17880 0
9690 2
9691 3
9692 2
1502 0
1141 1
9697 3
4347 3
1509 2
9702 2
5713 2
17896 1
17899 0
9719 1
9720 1
9722 2
17917 1
9726 2
12544 0
1538 2
17924 0
1542 2
1545 2
1548 2
9741 2
17935 1
10690 3
17937 2
17939 0
16336 3
1558 3
5721 3
17944 1
1561 2
7087 1
17948 2
17949 2
12549 2
17952 2
9762 3
9763 1
17956 2
12873 1
17959 2
1576 1
9770 1
1579 2
17964 0
9773 2
17969 0
1586 2
1589 3
1591 1
17977 2
9786 0
17979 2
1596 2
1597 1
17982 2
9791 2
9792 2
17985 2
17986 0
17988 3
1605 0
1608 1
9801 2
1610 1
1611 3
17996 1
1613 2
17999 0
1616 0
9810 2
9812 0
1622 2
11193 0
9816 2
9817 2
18012 3
16421 3
1630 1
18015 2
9824 3
1634 2
6612 2
1636 0
9829 2
9830 2
9832 0
9838 1
18032 0
1640 2
12563 2
1652 2
1653 2
5521 2
1655 2
1656 3
1659 0
18044 0
1661 1
9854 1
18048 2
1666 2
1668 2
1671 1
18056 0
18057 2
1674 2
9868 1
1677 0
18062 2
18065 0
18066 1
1685 2
9878 3
1687 2
18074 3
5239 0
12570 3
9886 0
1695 2
18082 0
1700 2
18085 1
1703 1
9896 2
18091 2
18095 0
1712 1
9906 2
1651 2
1716 1
1717 2
9911 2
15287 2
18036 2
1722 0
18108 0
18109 2
9918 3
9920 0
9921 3
9927 2
15879 0
18121 1
1738 2
5751 2
1740 0
1741 3
18126 0
9936 1
18133 2
1750 1
17789 1
18139 1
13596 2
18141 0
1758 3
1759 2
1760 0
1761 0
18146 0
1763 0
18148 0
16678 1
18150 2
1768 1
1769 2
1771 1
1772 0
15314 0
18158 0
8788 2
296 0
18164 1
18166 0
18167 1
1784 1
9978 2
1789 2
9982 1
9856 1
7126 0
1800 0
1803 0
1804 1
9998 0
10001 0
18194 3
10003 1
18196 1
10005 3
10426 1
18201 1
10010 0
18203 2
3034 2
1823 2
1826 2
10019 3
1828 2
18214 2
18216 2
18217 0
10026 2
18055 2
18221 2
10030 2
10031 2
7699 2
18225 2
10034 1
18227 2
18228 2
18229 1
10038 2
1847 0
18232 2
18233 2
10043 1
1852 1
16631 0
10047 1
10048 2
18241 0
10054 1
18247 2
10056 2
13964 3
1866 2
1868 3
7050 1
9870 0
18264 1
6882 3
18269 2
16652 0
10080 2
10083 2
15334 1
18279 1
10088 1
10089 2
18282 1
3047 0
18284 1
9874 0
1902 1
18287 1
18290 0
10099 2
11793 1
8510 2
18294 1
16976 1
1913 2
18298 2
1918 2
1920 2
8512 0
1923 2
1924 2
1686 2
321 3
18312 1
18314 2
10123 2
10124 0
10125 1
10130 2
10132 1
1942 0
1944 0
1945 2
10142 2
1951 1
3409 0
4541 0
6839 3
1958 0
10151 3
18344 2
1961 2
10154 0
10155 2
10156 1
18349 1
18352 1
18353 0
1970 0
1971 2
1972 0
1973 0
18358 3
8521 3
1976 1
18361 3
18362 3
1979 1
18366 2
1988 2
1990 3
18376 2
332 2
18378 1
10191 3
18384 2
18385 1
10196 1
2006 1
2007 1
2008 2
10201 1
18394 2
1268 0
18399 1
10208 2
18401 1
12615 2
18404 2
5672 3
14307 2
10218 2
9895 2
18414 3
18419 1
18420 2
18421 3
4705 1
18426 1
2043 1
17526 0
2047 2
18432 1
18434 3
18436 2
16708 0
18442 1
18443 2
2061 3
10254 2
2065 0
18452 2
10261 2
2072 2
2073 2
18459 2
2076 2
18461 0
10270 3
2079 3
18465 1
2083 2
1672 3
2086 0
10279 2
10281 2
10282 2
10283 2
2093 0
10286 1
10287 2
2098 2
2099 2
10292 3
350 0
2103 2
5812 0
10299 2
10300 2
10301 2
10302 0
10305 2
10306 1
2116 2
14006 3
16737 2
10312 2
2121 0
2122 3
1719 2
10317 1
2126 0
10319 3
2128 1
10322 0
12643 1
10324 1
2134 2
18519 3
10328 2
2137 2
2138 2
10332 1
10335 2
344 2
10337 2
2146 3
2149 2
2150 2
7185 2
2152 2
10345 2
18538 2
18539 2
18541 0
18542 0
1725 2
10352 1
4456 3
9892 0
2164 2
1726 2
8553 2
10363 0
10364 2
10366 2
15381 2
2176 2
18112 3
18563 0
618 1
2183 2
18568 0
10377 2
10379 2
10380 1
18574 2
18575 3
18579 2
18580 2
18581 2
2198 1
2199 2
2201 2
18586 2
18588 2
18589 1
2207 1
18592 0
10401 2
18594 2
10404 2
18598 2
10407 2
18600 2
7166 3
18603 0
18604 2
18608 0
10419 0
10420 2
10421 2
10422 2
9929 2
18616 1
2234 2
3103 0
2236 2
14259 1
18078 2
2239 2
18123 2
18628 2
18632 2
10441 2
18634 1
2251 2
2252 1
18637 1
18639 1
18640 1
2258 2
2259 1
2260 2
2261 1
18647 2
18649 0
18650 1
18652 2
17582 0
10462 0
10464 1
10467 2
2276 0
2278 2
18664 0
18665 2
10475 1
2284 2
16765 2
18673 0
18675 0
18676 2
10485 1
18678 0
18679 3
18680 0
10489 0
2298 1
2299 2
622 0
16989 1
18687 0
12079 3
10498 2
2307 2
18692 2
2309 2
10502 2
2311 0
2312 2
10505 2
10507 2
18702 3
18704 1
10513 0
18706 2
18707 1
2324 2
10517 1
18710 2
12676 3
18714 1
18715 3
10716 1
2333 2
18719 0
2338 2
18723 1
18724 0
10533 2
18726 1
10535 2
10537 2
17536 2
9781 1
18732 2
18733 2
18734 2
5853 2
2353 1
18738 0
10548 1
18142 1
18743 0
2360 2
2362 2
18143 1
10556 0
18749 1
7221 0
2368 1
10563 2
10564 2
2373 1
10568 1
2377 0
2380 1
10573 1
2382 0
18767 0
11320 0
2387 2
2388 2
18773 3
10585 0
10589 2
234 2
4717 0
10592 2
10594 2
18790 0
10599 0
18794 0
18795 0
10605 1
10607 1
2418 3
10612 2
8264 0
18809 2
10618 2
2427 2
10620 0
10621 2
18814 2
4501 0
2433 1
18155 1
10628 2
2438 2
2440 2
18156 1
10634 1
18828 1
11811 2
2450 2
18835 0
2452 2
18839 2
18840 2
10650 2
10993 3
10652 1
16794 3
18847 3
10660 2
10663 3
2472 2
16796 3
2475 1
5874 2
10670 1
10672 2
2482 2
2485 0
2486 2
10679 2
8539 1
2491 0
2493 0
1040 0
2498 2
10692 1
2503 0
10696 2
2505 3
10699 1
2508 0
10702 2
10706 1
2516 2
10709 2
10711 2
10712 2
420 1
10714 1
11343 2
2524 1
10717 1
11268 2
2527 1
2528 0
15440 1
2531 1
10724 0
4518 1
10726 2
357 0
1721 2
423 2
11346 2
10734 1
4449 2
2544 0
10737 3
2546 2
2549 2
2551 0
2552 1
2553 1
2555 1
10748 2
2557 0
10752 2
2563 2
2565 0
8676 0
2568 0
13656 1
2575 0
10771 1
2580 2
10773 1
2582 2
2583 3
2585 0
17544 2
2587 1
10780 0
10781 2
10783 3
2593 2
359 3
10789 2
10791 1
2602 3
2605 0
10798 0
10799 1
10800 0
10802 0
10806 2
2615 2
10809 1
10810 1
3167 1
16454 3
10814 1
2624 2
10817 1
2626 0
10819 2
10820 3
8630 2
10822 1
2631 1
2633 2
2634 2
10828 1
10831 2
2640 2
16824 0
2645 1
2646 2
2650 1
14095 2
4538 2
2654 2
2655 2
10849 0
2663 1
10857 0
10861 2
8545 0
10864 2
10865 1
10867 1
10868 0
10869 1
10876 0
10878 2
10879 2
10880 2
10881 2
10882 0
10883 2
16833 2
11373 2
10897 3
10898 0
2709 0
1817 1
10904 3
10905 2
10906 2
10907 1
10911 2
10913 3
2722 1
1819 0
454 2
2726 1
17276 0
455 1
10925 1
1821 1
12744 0
2739 2
2742 2
2744 0
18207 2
2748 3
2749 3
2750 1
2751 0
2754 2
2756 2
2758 2
2762 2
2764 3
2765 2
2768 1
10961 0
2771 0
2774 0
2778 2
2779 2
14117 2
464 2
17640 1
2791 2
2793 0
2794 3
17551 2
2797 3
10991 1
2801 2
2803 2
9240 0
2807 3
11002 3
11003 0
11004 2
18218 2
1694 2
12757 2
11009 2
10522 1
1835 1
11012 2
470 1
2822 0
11015 2
2825 2
1837 2
12760 0
15491 1
2840 0
11035 0
11038 2
15916 0
13461 0
2851 1
2852 1
11045 2
2854 1
2855 2
2857 1
3207 2
2862 2
11055 2
11056 0
2865 3
11058 2
11059 0
11401 0
10036 2
2874 0
2876 3
10037 2
2880 2
11073 1
2882 2
9916 1
2884 0
2885 2
11078 2
11082 2
2891 2
2898 2
2899 2
2902 1
11095 2
2904 1
11097 1
2909 1
2911 2
11408 2
2914 1
2915 2
11109 2
11111 3
15295 2
11113 3
4583 1
2924 0
2925 2
12840 1
16872 1
2931 2
643 2
2933 0
2935 2
11128 2
2937 2
11132 2
11135 0
2944 2
11138 2
15101 1
1857 2
2952 2
8684 1
2955 0
2957 0
11150 2
2960 0
11155 0
11156 2
2968 2
2973 2
2975 1
11169 3
2979 2
11173 1
2982 3
11175 1
11177 0
2992 2
2993 1
12787 2
1969 0
11191 2
3000 2
3001 2
11194 2
3003 1
11196 0
11199 3
11424 3
3011 2
11557 2
3014 0
2364 2
3021 2
11214 2
14157 2
504 3
11220 1
11222 0
11224 2
11225 0
11226 2
3035 3
3038 1
3040 2
3042 2
12795 0
11238 2
11239 2
3048 3
3049 2
3050 0
11243 2
11245 3
12797 1
11249 3
3058 1
14163 0
11252 3
11255 0
3070 2
3072 0
3074 1
3243 1
3076 2
4609 1
3081 2
3082 2
8286 2
3087 2
11438 2
3094 2
3099 0
3100 0
3102 2
11295 2
3104 0
3105 1
3110 2
15537 0
11305 2
3114 3
11307 2
3118 0
3122 3
11315 0
12809 1
3128 3
3129 3
3131 0
11327 2
1888 2
3138 1
11331 3
3141 2
11334 2
11335 2
11336 2
3145 3
3147 2
11340 2
12813 2
11344 2
11448 3
3154 3
18275 1
11349 0
11350 1
11353 1
11354 2
3163 2
11356 2
3165 1
3166 3
18277 0
8952 2
3171 2
11364 1
11365 1
3175 3
11368 0
11369 2
11371 2
3180 3
3181 3
3186 1
8723 1
7358 0
11382 2
3191 2
3193 1
1898 3
18110 1
3200 0
11393 2
11395 0
11397 2
11398 2
11457 2
11400 0
1900 2
11403 2
3215 2
3216 2
12824 3
3221 1
3222 1
3223 2
3224 3
3226 2
10473 0
3230 1
3231 1
3232 0
11425 2
3236 0
11430 0
3239 0
12828 0
3242 3
11435 2
6002 1
3246 2
16925 2
11441 3
1907 0
11444 2
3253 1
3254 1
3255 1
3256 3
3258 2
3261 1
3263 2
3265 0
11458 2
3268 2
11461 1
3270 1
16929 2
3274 1
11468 0
11469 2
3278 3
11471 2
3280 2
3282 0
8739 3
3285 1
3286 1
6009 3
3288 2
11484 1
3293 3
11487 0
11488 1
13476 3
11494 3
3305 1
3307 1
3308 0
3309 1
3310 2
11504 3
3313 2
3314 3
3318 0
3320 2
11513 3
3324 2
16938 0
11518 2
3327 0
11521 1
14209 0
11528 1
11530 1
11531 1
17842 2
3344 1
11540 2
5567 2
3350 2
11543 2
3353 1
3354 2
3357 1
11550 1
3359 3
3361 0
11554 1
6022 2
11559 2
3369 2
3370 1
11565 1
3375 2
3376 2
3380 1
3381 1
3382 0
3386 3
3387 1
3389 2
565 1
11586 0
3399 0
1933 2
4664 0
3410 2
11491 0
3414 0
11607 2
11608 2
3417 3
3419 2
11612 3
11613 1
3422 1
3424 3
13753 1
11620 1
3430 3
3431 1
3433 3
3440 1
11634 2
11635 0
4670 2
3446 2
2936 0
11640 2
11641 2
3451 1
11644 1
13754 2
3458 3
12663 2
3461 0
16755 2
12866 2
11662 2
11501 3
3472 2
11502 2
10137 2
11672 2
11674 0
15599 0
3485 1
3489 3
3490 2
3491 2
4678 1
3495 2
11690 0
583 1
3501 1
3503 2
3504 2
18393 2
18334 1
11703 1
3515 1
3516 3
11709 1
117 0
3520 2
11713 2
3524 0
11510 2
3526 2
16757 0
8028 3
588 1
11724 2
17645 0
11731 2
11732 0
11733 3
7483 0
11741 1
11743 1
11744 2
11745 2
11747 2
16977 0
3564 3
11758 2
11760 2
1960 1
11764 2
11766 0
14249 0
596 1
12667 0
3580 0
11773 2
3582 2
3583 2
11776 2
15395 0
11779 0
3588 0
1964 2
3595 0
1965 2
3601 3
17657 0
8793 1
11800 2
3611 3
1484 0
11806 2
11808 1
1968 0
3619 2
3621 2
11815 1
11820 3
11823 1
11824 1
11825 2
3634 3
18355 3
3636 3
11831 1
11833 1
11834 2
11837 0
11838 2
10487 0
11840 0
11841 2
3654 0
3655 1
18772 1
3660 3
3661 2
3663 0
11856 3
3665 0
611 1
3671 2
11864 2
3674 2
11870 3
11871 2
11874 1
11876 1
11877 2
11878 1
15633 0
11880 1
11881 1
3690 2
11883 1
11884 2
11887 2
11889 1
3699 1
3701 2
3702 2
17001 0
11896 1
4714 1
11902 2
952 1
11905 3
223 2
11909 2
3719 2
11913 1
11914 1
15639 1
3727 2
3730 2
11923 3
11924 3
11925 3
7449 2
3738 1
11931 1
3740 0
3741 2
3744 1
3745 2
3747 1
3748 3
18374 1
3751 1
15645 3
1992 2
3358 0
1993 2
7390 0
3771 0
18052 0
3774 3
3777 2
3779 1
17014 1
3782 2
11553 2
3784 2
3785 3
11978 0
3790 2
3791 2
3792 0
12920 1
3795 3
14286 1
11990 1
11997 0
11999 2
3813 0
12006 0
8536 1
12013 2
3822 3
638 0
673 2
3841 2
14858 2
12037 2
641 0
8835 1
3862 2
2009 0
865 1
6107 2
3876 2
3879 2
3880 0
12076 2
3885 2
3887 2
3889 2
12082 0
12083 2
12086 1
12089 1
10207 2
3901 0
3903 2
8843 2
12100 2
7478 1
3949 0
12105 2
12106 2
15406 2
12110 2
653 2
18134 2
3921 2
12114 0
676 2
3924 3
9678 3
12122 3
12125 0
12127 2
1222 0
17484 0
5809 2
3950 0
4753 2
12136 2
12139 2
658 0
12142 2
11581 2
12145 1
3958 2
12152 1
12154 0
7487 1
12157 3
12158 2
3968 3
12161 3
3974 3
8855 1
3394 2
3985 2
3986 0
12181 1
665 1
12184 2
12188 2
8858 2
3999 0
133 2
14320 2
4003 1
13055 1
12202 2
12206 1
6131 0
4766 1
4024 1
8863 3
4029 2
12222 2
12223 1
12225 2
4037 3
4038 0
4039 2
3135 2
4044 2
12963 1
7502 1
9955 0
4772 0
4058 2
4059 3
12252 2
4063 2
4064 3
12257 0
12258 2
12259 2
12260 1
18096 2
12262 2
7505 2
4446 3
4074 1
4076 3
12270 2
4079 0
12272 2
4776 2
12277 0
12279 2
4088 0
4090 1
14335 2
12289 1
8875 2
12292 2
4101 3
4102 3
12295 2
16885 0
4107 2
12300 2
10011 1
4115 0
12312 0
10244 3
12316 2
9139 2
12323 3
12324 2
4134 0
4137 2
12330 1
12331 2
12332 2
4141 0
4143 0
12341 3
12344 2
14050 1
12346 0
12348 1
12349 1
12353 0
4162 0
4164 0
1446 2
4169 3
4173 2
4175 2
4176 3
4177 2
12371 2
4180 0
18446 2
12375 1
9575 1
6159 2
12380 0
12384 1
4195 1
12390 2
12391 1
12392 1
4201 2
4205 2
4206 3
4210 3
12403 2
12406 2
6687 2
10260 1
12410 2
12411 2
4220 2
4221 2
4222 2
4224 0
4225 2
4227 2
12420 2
12424 2
12425 1
12426 0
4238 0
12431 3
12433 2
7534 2
18457 1
8669 2
4249 1
4251 2
4256 2
3247 2
4262 2
4264 1
12457 2
12459 1
4268 3
4270 0
16509 1
12465 1
12466 1
12470 2
13001 1
12472 1
14367 1
12476 2
8549 0
2052 2
12480 2
12481 0
12486 2
12487 0
13760 2
8908 3
4300 0
4302 1
12495 2
12496 1
4306 3
4308 2
4312 2
4314 1
12509 2
4318 2
4320 2
4323 2
4324 2
4325 2
4327 1
4328 3
12521 2
2087 2
4335 2
4336 0
4338 1
4339 3
4342 2
12536 1
4345 2
12539 2
12541 1
4352 3
4354 2
2091 2
4822 0
4359 2
12554 3
4363 2
4364 2
4366 3
4367 3
4369 2
4370 1
4371 2
12565 3
4374 2
17113 1
12569 1
4378 0
12571 1
4380 2
12573 0
4383 2
12580 2
4389 2
4390 1
4391 2
12584 2
16786 1
12592 2
4402 1
18483 2
12596 2
4405 2
12599 2
2100 0
13023 2
4414 2
12610 0
12611 2
4421 0
4422 2
4423 2
4425 2
12621 1
12622 1
13027 0
4436 2
15758 2
4438 3
4439 2
12632 1
12635 0
12636 0
12638 2
13029 3
12641 0
12642 0
18491 0
4452 3
13030 2
12648 2
12652 2
4462 2
18493 2
12657 2
4466 2
4468 1
12662 1
4471 1
4472 2
15759 3
4475 0
746 2
4478 2
12671 0
4480 1
4482 1
4483 0
4484 1
4485 2
12678 1
748 2
12685 2
12686 2
17133 0
4497 0
4498 2
12691 0
12692 2
7995 2
18197 0
12695 3
12696 1
4505 0
17135 2
12700 1
12702 2
4511 1
12705 2
4515 2
9282 3
12710 1
4520 0
12713 2
10311 2
12717 1
4526 2
4528 2
4529 2
4532 1
12727 1
4536 0
4537 2
12730 1
12731 0
12732 1
12733 1
4542 1
4544 1
12737 1
4546 1
12739 2
12741 1
4552 1
4553 2
12746 1
12747 2
4557 1
4559 3
4561 3
4565 1
4566 2
17145 1
4568 0
4570 1
12763 2
12764 0
12765 2
4574 3
4575 2
763 0
4580 1
4581 1
4582 2
12775 0
12776 2
17065 0
4586 1
4589 2
4590 0
12786 0
4595 1
4596 1
12790 0
153 1
18516 2
12794 3
7791 1
4604 2
4605 2
4608 0
1790 2
4610 1
12803 1
4613 0
4615 0
8337 0
4617 2
12810 0
4620 0
4621 2
4622 2
12815 3
4626 2
4627 3
4630 0
4632 2
4633 2
12827 1
4636 0
12832 1
11696 2
4642 0
774 1
4648 1
12842 2
4653 0
4654 1
12847 2
4656 1
8968 0
4658 2
12852 2
12853 2
4662 0
4663 0
12856 2
4665 2
4668 2
12861 2
12862 2
4671 0
4672 2
4674 1
12867 1
12869 2
12870 1
4679 0
12872 2
17164 1
12874 1
4683 0
4688 1
4698 2
4699 1
784 0
4707 2
12900 1
4709 1
4710 1
12905 3
12906 2
12907 0
7522 2
4721 2
4723 0
4724 2
4726 1
12919 1
4728 2
4729 2
15807 2
4732 0
4733 2
195 2
12928 1
12930 2
12932 1
4744 1
4745 1
13079 0
12940 0
12943 2
4752 1
12945 2
12946 1
12947 1
12951 0
4761 0
4763 2
4764 0
12958 0
11717 2
4768 2
12961 2
4771 2
12964 2
12966 3
16253 2
12968 1
4892 0
12972 2
4784 1
4786 3
4788 3
12981 1
4790 1
4792 2
4793 1
12986 2
8991 2
4796 2
12989 2
4798 0
17184 1
12994 1
4803 3
4805 1
4806 1
4807 1
4808 1
4809 2
4811 3
13004 2
4813 1
4814 2
4815 2
4816 1
13009 2
13010 0
4819 1
4820 2
13014 2
13015 1
4825 2
4826 1
4827 1
2487 2
4901 0
4833 3
8761 1
9981 2
4836 0
4837 2
4838 0
4839 0
4840 0
4842 1
4843 2
13038 1
13039 0
4848 1
13043 2
4855 2
13051 2
4863 1
4865 1
4866 0
13060 0
4871 0
4872 2
15308 1
4878 0
4882 1
13075 2
13076 3
13077 2
4887 1
4888 2
13084 2
2345 1
4897 2
13090 2
4899 1
4900 0
13093 1
4903 3
6710 1
13101 3
14348 2
4911 2
13257 2
13107 0
13108 0
13110 1
2185 2
13112 1
14894 2
14474 3
13119 0
4929 0
13122 1
4931 2
4932 0
4934 1
13127 2
13128 1
4937 2
13130 2
4939 0
1724 2
13138 0
7651 2
4948 2
13141 0
13142 1
13146 0
13148 2
17210 2
13150 3
4959 0
4961 1
4962 0
17211 1
13156 0
13159 3
13160 1
16618 2
4979 1
4980 1
4981 2
13175 2
4984 2
4985 1
4986 2
9023 2
4990 2
13185 1
4994 1
13188 0
4997 2
13191 0
13192 2
5001 2
13196 0
5005 3
13200 0
15988 1
13202 1
13123 2
13204 2
13206 1
13207 1
13208 2
13209 2
13210 2
12715 2
13214 1
13215 3
5024 2
5025 2
13220 2
13221 3
5030 2
11761 1
5032 0
5035 2
2077 2
13229 2
5039 0
13233 1
2350 2
5044 2
5046 2
13239 0
5051 3
13245 2
5054 1
5057 3
13250 2
2209 0
13256 1
844 2
13259 2
13260 3
17229 3
5072 3
13266 1
6307 1
5079 3
16811 2
1834 0
13275 2
13276 2
13277 2
13278 2
13279 2
13282 2
13283 2
13285 2
5095 2
5096 1
13290 1
5099 1
5100 2
13295 1
13297 0
5109 1
13303 2
5113 2
13307 1
5116 3
13310 1
13313 2
5122 2
5123 2
13317 0
5126 0
13320 2
10412 2
5131 2
13324 2
6172 0
13329 2
5138 0
13331 2
13332 2
13334 0
5143 1
11780 3
13341 0
5150 0
5151 0
10416 1
5154 2
5155 0
13348 1
13349 0
5158 0
13353 0
13355 2
13356 2
5167 1
13360 2
9036 3
2627 2
5171 1
13364 3
4958 2
13366 0
18612 1
5179 0
13373 2
5184 3
5185 0
13378 2
5187 0
13380 2
18614 2
5191 2
13384 2
5193 2
5194 2
18615 1
5196 2
5198 2
11273 3
5202 3
13395 2
13399 2
16813 1
5211 2
13405 2
5214 2
13407 0
5219 1
13414 2
2356 2
5225 3
5226 1
13420 3
5229 2
5232 3
5233 2
13427 2
9065 2
5244 0
5247 2
5903 2
5251 2
13444 1
7702 2
13446 3
13448 0
2630 1
5264 3
5265 2
13458 0
9364 2
17262 0
8873 2
13466 1
879 2
5276 2
5278 3
5284 0
13477 2
5290 3
12724 1
5292 2
5293 2
5294 2
15901 1
5297 0
883 1
5301 0
13494 3
18633 0
6996 2
884 1
5306 1
13499 1
13502 3
13173 2
5315 0
5317 0
5318 0
13511 2
2331 3
5321 3
5323 2
5329 0
13523 1
13524 2
13528 2
12413 1
5339 1
13532 0
13178 0
5345 2
5349 2
13543 0
13544 2
13545 3
15911 3
5356 0
13549 2
13550 1
13551 2
13552 2
5361 2
5362 2
13559 2
5369 2
5372 2
5373 1
5374 1
13567 3
5376 2
17280 1
13570 3
13572 2
5381 2
13577 1
13578 2
13580 2
13581 0
13583 2
8440 1
13586 0
13587 2
13588 2
13589 0
5399 3
5401 2
5404 2
2266 0
17285 0
13602 2
5414 1
13607 2
2268 2
5419 2
11826 2
5422 2
13616 2
17288 1
82 3
12183 2
13622 2
5432 0
13625 0
13626 3
13627 2
13628 1
5437 2
5440 0
13634 2
5443 2
5444 2
13638 2
13197 0
17094 1
5461 2
13654 3
13655 1
5464 2
5465 2
11573 2
13659 1
13660 3
5469 1
18662 2
5481 0
5484 2
5486 2
13680 0
2280 1
5490 1
13683 1
13687 2
5496 2
5497 2
13690 2
13695 2
13697 2
5506 2
6856 1
9110 2
13702 2
2928 1
5513 2
13707 2
13710 2
13711 2
13713 2
5524 2
13718 2
7549 2
13720 2
14096 1
13727 1
6384 0
17331 1
13732 2
13734 1
5545 1
5549 3
13742 2
5021 2
5552 1
5553 2
13746 0
5555 3
17310 1
13750 2
13751 1
13752 1
10484 2
5562 1
5023 3
5564 1
16139 2
13759 0
5568 3
12697 0
5572 3
10486 2
7005 2
3965 2
5576 1
5579 2
13772 2
5581 2
5583 2
10488 2
9123 2
13780 1
5589 3
13782 2
12734 0
5592 3
5594 2
13788 3
18682 1
13791 2
18683 1
5609 2
5610 2
13803 0
5612 2
5619 1
17321 2
5624 2
5626 3
6399 0
5628 1
5630 2
13823 1
8990 2
13828 1
5637 1
5639 2
5641 0
13834 2
5645 0
5098 0
16555 3
13846 2
5657 1
5658 3
4280 1
13852 2
5661 1
5664 2
17328 0
13859 0
5670 1
13864 2
5674 1
13867 2
15965 3
18696 3
5683 1
5684 3
5685 2
5686 2
5687 2
3679 2
9852 0
13891 1
13892 3
13898 3
13900 0
13701 3
5712 0
9144 3
13906 1
5716 0
5720 2
13913 0
15973 2
2320 0
3686 1
13927 1
5736 2
17340 0
13930 1
4121 0
17341 0
13937 1
13938 2
14611 1
13943 2
10516 3
5754 2
13951 3
13952 1
5763 2
5765 2
5769 0
5771 1
6466 2
13965 0
13967 1
13969 2
7790 1
13974 1
5785 2
13978 2
5787 0
13981 3
13982 0
17378 3
10523 2
5797 0
13990 0
13993 2
5063 2
13996 1
13997 0
5806 0
5808 2
14001 2
5810 0
5811 2
14004 3
5814 2
14007 1
10832 0
14009 2
5818 2
5819 1
5821 2
16058 0
5826 0
5831 0
3030 1
3703 2
14028 1
14029 2
5838 2
3704 1
14036 1
14041 2
14042 2
5851 3
14045 0
18697 1
5858 2
5859 2
5860 2
14053 2
5862 2
5863 2
1559 0
2343 1
14066 3
5875 2
14068 0
5879 2
14073 0
7807 2
14077 3
14078 1
7561 2
14084 1
5894 0
11653 0
13017 1
6445 1
5904 2
5909 3
14103 1
14104 1
5913 1
14107 0
5916 1
5917 3
14113 3
5922 0
5923 3
14116 1
5925 2
14120 2
5929 1
5930 2
5931 2
5653 1
14126 2
5935 0
14128 2
14133 2
16679 1
5943 0
14928 2
14137 2
14138 1
5087 1
5998 3
2357 2
6472 0
14147 2
18534 2
5960 3
5961 2
5962 3
5090 3
5966 2
5968 2
5091 2
14166 2
5975 3
14168 1
14171 0
5980 3
10554 2
5982 2
1563 3
14177 2
10555 0
14180 1
14184 1
5993 3
14186 2
745 1
14190 2
14191 2
749 0
14194 2
6003 1
6004 0
14201 0
6011 2
6012 0
6013 2
10560 0
6018 1
14211 0
14212 2
6021 2
14214 2
14216 2
6025 2
6026 2
14221 0
2371 2
1006 0
14234 0
6044 3
6045 1
14238 1
6047 2
14240 1
14241 2
14662 2
6057 2
14254 2
14255 0
6064 2
2376 3
14258 2
6067 2
6068 2
14261 0
6071 2
14264 2
6073 2
14269 0
13301 2
859 2
14274 2
9477 2
14277 2
14278 2
12414 2
14280 0
13569 2
14285 0
6094 2
14287 1
14289 1
6101 0
6102 2
14296 2
14297 2
10575 1
6108 2
6109 1
14302 2
6114 3
6115 3
14310 3
14673 2
6120 2
6121 3
14314 2
6123 2
6128 2
6129 2
14322 2
14323 2
5118 0
6134 1
6135 2
10580 0
14330 0
6140 2
6143 3
15753 0
6146 3
14340 0
6150 0
6151 2
6152 3
14345 3
6154 2
14347 2
6156 0
6158 2
14351 3
14680 2
14355 2
6164 2
14357 2
6167 1
6169 2
14363 1
14364 1
14365 3
6174 2
7025 2
6176 1
6177 1
6180 3
6182 0
8617 0
6185 2
14378 0
6188 2
17008 2
14383 0
1032 1
14386 2
14387 2
6196 2
14389 2
5129 2
6200 1
6201 2
14394 2
6203 2
6204 2
6205 2
6206 2
6207 2
1372 1
2389 2
14408 2
5132 2
6220 1
6221 1
6222 0
5121 2
14417 0
6227 2
14420 2
16847 0
6231 2
14425 2
9231 2
14429 1
6238 0
14432 3
6241 1
14435 0
18757 0
6250 2
6251 2
14444 2
14446 0
6255 2
14449 2
6260 1
6265 3
6266 2
6267 2
6269 1
6270 2
14464 3
14467 1
6282 2
6283 1
18797 2
6053 1
1048 3
14486 0
6295 3
14488 3
14489 1
3206 2
751 3
14498 2
18470 1
14504 2
14505 2
151 1
6318 0
14512 1
14513 2
6324 1
6330 2
6331 2
6332 2
6336 2
6340 2
13345 3
14123 1
6348 3
6349 2
14542 2
2424 3
14546 0
6355 3
6357 2
6360 3
6363 2
2426 1
6367 2
6368 2
18811 1
6380 0
16082 2
6383 1
14576 0
6386 1
6387 2
14580 3
6393 2
14586 2
14591 2
8764 1
6403 3
6407 2
6408 0
14604 2
6416 3
7896 0
6419 2
1070 1
6422 1
6424 0
6753 0
17455 0
6429 1
14623 0
14625 2
6434 3
6441 0
6442 1
14635 0
9266 3
6446 2
6448 1
10632 1
14642 2
6451 2
6453 3
10035 2
14650 1
14651 2
14655 3
6464 0
14127 2
14658 1
6470 3
14664 1
2444 1
14666 2
6478 3
14671 0
1080 1
6488 2
14681 2
14682 2
6493 2
6499 2
6503 2
6504 2
2402 0
10855 1
17402 1
6514 1
6515 2
14710 2
6522 2
6523 2
14716 1
17283 0
14720 0
14724 2
7916 2
14730 1
14731 2
14732 2
5186 0
14734 0
17403 1
10648 2
4517 1
13379 0
16110 2
14742 2
6553 0
14748 0
13381 0
9286 0
6566 1
7921 3
8402 2
14761 1
6576 2
6577 1
1844 2
14774 1
6584 2
14779 2
6588 1
13386 1
14782 2
8563 2
6594 3
14787 0
4584 0
14791 2
14793 1
6602 0
6603 1
6605 0
14798 2
14800 2
14804 2
14805 2
12025 0
6616 1
14809 2
14811 2
6621 2
6624 2
5200 0
14818 3
6631 2
6632 2
6633 0
14830 2
14832 0
6641 0
5203 2
6646 1
6647 2
6648 2
14841 2
16861 1
14845 0
767 2
14848 1
6657 1
14850 2
14851 2
4245 2
6662 2
14857 0
18771 2
1111 2
14860 2
14864 2
14865 0
14868 2
6679 2
14874 2
6683 2
14876 2
14878 2
14879 2
8937 0
14768 0
6690 1
9307 2
6692 2
14886 1
14887 0
6696 3
6697 2
6698 1
6701 1
6702 1
6703 1
6705 0
6706 1
14899 1
6708 1
6709 0
14902 2
14904 2
1119 2
6718 2
6719 1
14912 0
14913 2
14914 2
6723 1
6724 2
12796 0
6726 2
8953 1
14924 1
6733 0
6736 0
14929 1
10590 2
14409 2
7044 3
6747 2
6748 2
14945 1
14947 1
14951 2
6760 0
14953 3
14954 2
6763 0
14957 1
6772 1
6770 2
1862 3
9321 0
771 1
14972 2
17514 2
6782 1
2500 2
9756 0
14977 0
14978 3
14979 3
6788 1
14982 3
6791 2
14987 3
14989 0
6799 2
6802 3
6803 1
14996 2
6806 0
6807 2
15001 1
6810 1
15004 2
6813 1
6597 1
15008 2
15009 2
6828 1
15021 2
6830 2
6834 0
15027 1
6836 1
10697 0
15035 3
6845 0
15039 2
6849 0
15042 2
15043 2
15044 1
15045 2
15046 1
6855 1
15048 2
15051 2
6860 1
6861 0
6862 3
15055 2
6869 1
6871 0
6872 2
6874 1
15067 2
15068 2
15069 2
15070 2
17687 1
6881 2
15074 0
15075 2
6887 1
6888 3
6890 1
15084 3
15085 2
15087 2
6898 1
15093 3
6902 0
6904 0
6905 1
5912 2
6910 2
15103 1
6912 2
15105 1
15106 1
6915 1
15109 1
15110 1
6923 0
15116 2
17538 1
6926 3
15119 0
14808 2
15122 2
15123 1
15124 3
6933 3
6617 2
15129 1
6939 2
6941 0
6942 1
15135 2
15137 3
6946 2
6619 2
15140 0
15141 1
6951 0
15144 0
15145 0
15148 2
6958 2
2525 1
6961 1
15155 0
6964 1
6965 2
6967 2
15160 1
6969 0
15162 1
15167 2
6976 2
6978 0
6980 1
15175 1
15176 1
15177 2
6986 2
15184 0
6993 2
17849 2
15189 0
6998 2
15193 1
15194 2
15195 2
7004 2
15197 2
7006 2
7008 2
7009 2
16187 1
15204 2
7016 2
7017 1
7018 1
7019 2
15212 3
15213 0
7022 3
7023 1
15217 2
7029 0
7031 1
15225 1
15227 3
15228 0
15229 2
7038 0
7039 1
15232 1
7042 0
15236 0
7045 2
15238 0
15239 2
15241 2
18511 3
15243 1
7052 1
15245 2
7055 1
7056 2
15249 2
7059 2
17693 3
15254 3
15255 0
16602 1
1599 0
2963 3
15261 2
15264 2
7073 2
7074 2
7075 3
7076 1
7079 3
7080 0
15273 0
15276 2
7085 0
7086 0
15279 2
15282 2
15284 1
8009 2
15288 3
15289 3
15290 2
10602 2
7103 2
7105 1
7110 2
15303 2
15304 2
7114 2
7116 1
1186 0
16331 1
15311 2
7120 2
7121 2
7122 2
15316 1
7408 2
15318 2
15319 0
15321 1
7130 0
15324 1
15329 2
7139 0
15333 2
7142 1
2556 1
17575 1
7148 0
8018 3
15344 3
1192 2
7155 2
7158 2
7164 2
13482 3
15358 2
7169 1
15362 2
13484 0
7179 3
15373 3
15374 0
15375 1
15376 3
15377 2
7186 3
10755 0
7188 2
7189 2
7194 2
15389 2
16061 1
1058 2
7206 2
13489 0
7208 2
7209 2
15402 2
15405 2
7214 2
15409 2
15413 2
15417 2
786 0
3935 0
7229 0
7235 2
15428 2
15431 2
11614 1
15444 2
13497 1
15448 2
7260 2
12690 0
7264 2
7265 1
15460 0
15461 0
15462 3
7271 1
17779 2
15473 0
7282 2
18246 2
7062 0
15482 1
15484 1
7295 2
3947 0
10774 1
15494 3
15496 0
15498 0
15499 2
15500 2
15503 2
15504 0
15505 0
15506 1
15509 1
15510 2
2153 2
15514 0
15515 0
15521 2
15522 1
11428 3
15525 2
7335 0
15532 3
15535 3
18248 2
1224 1
12924 2
16243 1
2231 2
7349 2
15543 1
1249 0
2591 0
17610 2
15550 0
15552 1
15553 0
15558 1
15560 0
15562 0
15563 0
15565 1
7374 3
9421 2
15574 0
14884 2
7388 2
7611 1
15582 0
7395 1
15588 1
15589 2
15595 1
15596 3
7405 2
7407 2
15600 2
15602 2
15603 1
15604 2
7413 1
5157 2
15616 0
15617 2
15619 0
15628 3
17160 0
7440 2
5336 1
7442 2
15636 2
2606 3
7446 2
7447 2
7448 2
15641 0
7450 2
15644 1
7453 1
7454 1
7455 0
7457 0
15650 0
15654 2
14433 2
15657 2
7474 2
15669 1
15670 3
7480 1
7481 1
7482 0
15675 2
15676 0
15677 1
15679 0
7488 2
7489 2
7491 2
15684 0
2614 1
15687 1
7497 2
10807 0
15694 1
12173 0
18708 2
7506 2
15699 1
15706 1
15707 1
15713 2
15714 1
7524 3
15717 0
15718 0
15719 1
15721 2
15723 0
7532 2
15725 0
15726 1
15728 1
5352 1
7540 0
15734 2
15736 1
15737 0
15738 2
15741 1
524 2
10812 1
15744 2
15745 2
15746 0
7555 0
7556 0
15749 1
1260 0
7563 2
7564 2
7566 2
7567 2
15761 2
7571 1
15765 2
15773 2
15774 0
7583 3
15776 2
7586 3
15780 0
15781 1
15782 1
17649 1
7592 2
7593 2
15787 3
15788 1
1266 0
3997 2
15792 2
15794 1
9219 1
10346 3
15798 1
10825 0
15801 0
8095 3
7612 1
7615 2
8096 2
7618 0
15813 0
7622 0
15815 1
8098 1
17828 3
15824 2
1272 3
7634 2
16291 2
13561 1
7640 3
8100 3
7648 0
7649 2
9467 2
2641 1
16295 1
15852 2
15855 1
15857 0
651 0
15862 2
15863 2
7672 3
15868 2
7677 3
15871 1
15872 3
8619 3
10838 1
15878 2
7687 1
7691 1
7692 2
5378 2
7694 1
7695 2
15889 1
1283 2
4014 2
433 2
15898 2
7709 3
15902 1
13573 2
7712 2
15906 2
7715 0
7719 1
4571 0
7722 3
15915 1
7724 3
2653 3
15922 2
4019 1
7732 1
7734 2
7738 2
10847 1
1290 1
13624 1
15936 2
7747 2
7751 2
7757 0
16006 1
7760 3
15954 1
6755 3
9486 3
7766 1
15959 1
15962 0
18535 1
7773 0
7778 0
7781 2
15974 1
7783 0
16316 1
15978 3
6759 2
15982 2
15983 2
15984 0
7794 2
7795 0
7796 3
4198 0
1300 3
7802 0
15997 1
15999 1
16000 2
16002 2
16003 2
260 2
4033 2
16008 0
16011 1
16014 2
16015 1
7831 1
16026 2
16027 1
7839 2
16032 1
16033 3
16034 2
16035 3
16036 1
16037 1
16040 2
16041 1
16045 3
16046 0
5405 2
16049 1
16050 3
2171 0
16053 1
16056 1
7865 2
7866 2
16059 0
16060 2
7869 2
16062 2
11446 1
16064 2
7875 1
16068 2
16069 2
16073 1
7883 0
7884 2
7887 0
16081 2
7890 2
7891 2
7893 2
16087 2
16088 1
7897 2
7898 0
16091 2
7900 2
5173 2
16096 2
7905 0
7906 2
7908 0
15539 0
16106 2
1471 1
16108 2
7917 2
7918 0
16113 2
16114 2
16115 2
16116 1
16117 2
16118 1
7927 1
16120 1
16123 1
16125 2
16126 0
16127 3
7936 2
16129 1
16131 1
16132 0
16134 0
16136 1
7945 2
16138 2
7947 2
7950 0
16143 2
6787 0
7956 2
9518 2
16150 2
16152 1
16155 1
12250 2
16159 0
7968 0
16164 1
7975 2
7978 0
10887 2
4963 3
7986 2
16179 3
7989 2
16183 2
16186 2
12255 1
7998 3
16191 1
16196 1
16198 0
16201 1
4066 1
8014 2
16207 0
8017 3
16210 3
8021 0
8022 0
5357 1
10895 1
16220 2
8029 3
16223 2
8033 3
16228 3
8038 1
2705 0
16232 0
5436 3
16234 2
16235 1
16238 3
17725 0
8051 0
16244 1
8054 2
16635 0
16250 2
8059 3
8170 2
16255 0
8069 2
16262 1
16263 2
16264 3
16265 1
16266 2
8075 2
8076 2
8079 0
16272 0
8082 0
16275 0
16277 2
6809 0
542 2
16283 0
2714 0
8094 0
16287 0
16288 1
13363 2
17182 1
2715 2
16292 0
8101 1
8103 2
8108 2
16301 1
8110 2
8116 2
8119 0
8124 0
16319 0
8133 1
6817 1
8727 0
4087 0
16332 2
8142 3
8144 1
8146 2
10915 2
8149 2
16343 1
5727 0
8156 1
8455 0
8162 0
16355 1
16356 0
16362 2
16367 2
16368 1
16372 1
16373 1
16376 2
16379 2
16380 0
16381 1
8190 2
