16386 2
16388 2
8198 2
16393 2
8202 0
16395 0
16396 1
16397 1
16399 2
8208 0
4099 2
16404 3
16405 2
8218 3
16412 0
16414 2
16415 2
16417 0
16418 0
16422 2
17756 0
8237 2
16430 2
48 1
16433 2
16436 1
8250 1
16445 2
62 2
8258 0
8259 2
68 2
69 1
8262 2
16456 2
73 2
8266 2
16465 1
16469 1
8278 2
88 2
8281 1
8286 2
16481 1
16484 1
8293 1
8295 2
104 0
6844 0
106 1
107 2
112 3
113 2
115 1
8309 2
8312 1
122 3
16509 1
126 2
8323 1
133 2
16518 2
16521 0
16522 1
139 3
16524 1
16527 2
144 2
146 3
8342 2
151 1
8345 3
8347 3
16540 2
8349 2
15045 2
8353 1
12316 2
171 2
173 2
16558 2
8368 1
177 1
178 0
9826 2
16566 3
183 2
16568 1
5293 2
189 3
8383 2
8385 0
16579 0
197 2
200 0
201 1
8394 3
8226 2
207 2
208 2
8401 2
8402 2
16598 2
8407 2
16601 1
218 3
8412 1
8413 2
8415 1
224 2
9595 2
228 2
16613 2
16618 2
235 3
8430 2
16626 2
8435 3
8437 3
16631 0
16636 2
12113 2
16644 2
16645 1
16646 1
263 2
264 0
8466 0
8473 2
284 1
16669 0
8480 1
289 2
8483 0
16677 2
8486 2
8241 2
8488 2
297 2
16683 2
8496 2
16695 2
312 1
52 1
8507 2
16700 2
16701 2
8510 2
319 2
16704 3
321 3
8515 2
324 1
8517 1
16710 3
329 1
332 2
8525 2
334 3
16719 2
339 3
16725 1
342 2
8536 1
8538 1
16731 0
348 1
16733 2
16734 1
8543 3
16737 2
8548 2
357 0
16742 1
16744 2
8553 2
16752 2
8561 0
371 0
8564 2
775 2
8568 0
379 0
16765 2
387 0
13718 2
8588 1
16781 0
398 0
8592 2
8593 0
8594 1
2750 1
16452 1
410 2
8603 1
8604 2
8608 1
8610 1
8611 2
420 1
8613 2
423 2
424 0
8619 3
16814 2
1437 3
72 1
434 1
16821 1
438 0
16457 2
8632 2
444 2
74 0
8638 1
448 3
16833 2
450 1
451 1
16836 1
454 2
455 1
16841 2
8650 1
461 2
462 3
8655 2
464 2
16851 2
8660 3
16854 2
16856 2
16857 1
475 1
477 2
16862 1
483 2
8687 2
496 2
8689 2
8690 1
500 2
501 1
8696 2
16891 3
508 0
509 3
510 2
512 1
15104 1
517 0
1452 1
8714 1
524 2
8718 2
8719 3
8721 2
530 2
8727 0
537 3
538 0
8732 1
16926 2
543 2
16928 2
8737 2
16930 2
5553 2
16937 2
8746 2
558 1
563 2
16948 0
8758 2
16951 2
8761 1
16954 2
16956 1
6922 1
8767 0
577 1
16962 2
8771 3
581 1
16966 2
8775 0
8776 1
587 1
588 1
8781 3
8782 0
591 1
8784 1
595 1
596 1
1465 2
16985 1
13754 2
8800 1
17851 1
16997 2
8806 0
16999 0
8810 2
8811 1
620 3
8814 2
17008 2
629 1
8827 2
636 2
17021 0
17022 0
17023 1
8832 2
8835 1
17028 0
8841 2
650 1
17035 2
17036 2
654 0
17042 2
17045 0
17049 1
8858 2
17052 2
17053 2
8862 2
17055 2
8304 0
674 0
675 0
676 2
17061 2
17062 0
17065 0
8874 3
685 1
17070 3
17074 1
8885 2
8888 3
17085 0
17089 0
1483 2
17092 1
12406 2
15137 3
17097 2
8906 2
17099 2
17100 0
6946 2
8911 1
17104 0
8914 2
2851 1
725 1
8918 0
8919 2
8922 1
8923 2
732 1
733 1
17118 2
17121 2
738 2
17123 2
740 2
741 2
17126 2
743 0
744 2
8938 2
17131 1
749 0
17134 1
17135 2
11048 0
8947 1
8955 1
764 2
8959 0
8963 2
5590 3
774 1
12417 2
776 3
2860 0
8974 2
11053 2
8976 2
787 2
788 2
790 2
792 0
8985 0
17178 2
17179 1
8990 2
8991 2
8992 3
8993 0
802 1
17187 2
17188 2
17189 3
6961 1
2209 0
811 0
9008 0
16394 1
9011 2
825 2
9018 2
17211 1
138 2
17216 1
17218 1
8331 2
9028 0
17226 0
17227 1
844 2
17229 3
9038 2
17233 2
9042 2
17235 0
852 2
9045 2
856 0
17243 1
17244 0
17245 1
9054 0
17248 1
9058 3
17252 2
870 2
873 1
9067 2
17260 2
8338 2
17262 0
879 2
17264 0
17265 2
9075 2
9076 0
9079 1
888 2
9082 2
892 2
9086 1
9088 3
5611 1
900 1
9093 1
9095 2
17288 1
9099 0
17292 1
11074 2
910 1
9103 2
912 3
1667 1
917 1
17302 2
17303 0
9112 2
15172 2
922 2
923 1
17308 2
17313 2
9123 2
932 3
17318 2
16382 1
18853 2
938 1
9134 0
9138 0
9139 2
9143 1
952 1
17338 1
8351 1
2890 3
17342 2
960 2
961 1
17346 0
17348 0
9157 3
17350 0
16545 2
17356 2
15181 1
17360 2
17367 1
9176 2
9184 2
17379 2
17381 2
2761 1
17390 1
1010 1
17395 2
17396 2
169 1
9209 1
17402 1
17404 1
1022 2
17409 1
9218 2
1027 0
1028 1
1030 2
9036 3
17419 1
1671 1
1538 2
9230 0
16557 2
9236 1
9237 2
17431 3
1051 1
17436 3
17440 2
9263 1
9266 3
9583 2
9270 2
17463 1
9273 3
9274 2
1085 0
4277 2
9280 1
1089 3
17474 2
9283 1
17476 0
17477 1
17480 2
1098 2
1102 0
17487 2
13919 3
17491 2
17492 1
9304 2
17498 1
1115 1
9308 1
9309 1
1118 2
9312 2
1122 1
1124 2
17509 2
9318 0
1127 1
9320 2
17514 2
9323 0
17519 2
17521 2
1138 2
12313 2
9336 2
1147 2
17532 2
17533 3
1150 2
9343 2
17537 0
1154 2
17539 3
17541 1
17542 1
9352 1
17545 1
1162 3
9356 3
17553 2
8387 1
9364 2
1173 2
1174 2
9367 0
17560 1
17561 2
1178 0
1180 1
17770 3
17567 3
17568 0
7024 2
17570 2
1187 2
17574 1
17576 1
9385 3
9386 2
17581 1
1201 0
1203 2
9397 2
9398 1
17593 2
1567 2
17597 1
17602 0
9411 2
9412 1
17605 1
17606 1
9418 1
9421 2
11128 2
9426 2
9427 2
9428 2
9429 1
16591 2
17631 0
17632 1
1251 1
17637 0
17638 0
1255 0
860 3
17642 1
17644 1
17645 0
7037 1
1264 3
17649 1
1266 0
1268 0
9461 2
9462 2
9463 2
1273 2
17660 2
1277 1
17663 1
2944 2
17666 2
9771 1
9476 2
9477 2
9480 2
1290 1
9484 1
9486 3
9773 2
1297 0
17682 0
17683 0
9492 2
9493 1
9494 1
17687 1
1304 2
17689 2
17692 3
17693 3
9503 2
17696 1
9505 2
17698 0
17702 2
17703 2
18593 2
1322 2
2951 2
1324 2
17710 2
17714 3
1331 1
317 2
17718 1
17719 1
17721 2
1338 1
9531 2
1340 2
17725 0
1343 2
7051 1
13878 1
1351 2
16139 2
17737 2
17738 0
1355 1
1359 1
1360 1
1363 2
1364 3
9558 1
16612 1
1370 2
17755 0
1372 1
9593 2
9569 2
17762 2
6047 2
9574 1
1383 2
15994 2
9578 1
1387 1
17774 1
1391 0
17778 0
2963 3
3047 0
17785 0
9594 2
17787 3
9596 0
9597 2
4210 3
1407 2
1410 2
9604 2
17797 3
1414 2
1601 1
9608 1
17802 1
1420 0
1425 2
17810 1
17811 1
1430 0
17817 1
9626 2
17819 2
9629 1
1440 2
1444 2
9637 1
17836 0
9645 2
9646 1
9648 2
17841 1
1458 2
1460 3
1461 2
9657 0
1466 2
9659 1
1468 2
9662 2
9663 2
1473 1
9669 2
7687 1
9673 1
1482 1
9675 1
9676 2
9678 3
1488 1
9681 2
9684 1
7076 1
9690 2
9691 3
9694 0
17887 2
17889 0
9702 2
17895 0
17896 1
9707 1
9730 0
1542 2
1543 1
1545 2
9741 2
9742 1
17935 1
17936 0
17937 2
17941 1
1561 2
9754 2
15279 2
17949 2
261 2
17952 2
17953 0
17955 2
9764 0
9765 0
1575 1
9768 2
9770 1
4359 2
17964 0
1581 1
17966 1
1583 2
17971 2
9780 2
9781 1
1591 1
9784 2
1593 2
17979 2
1596 2
1597 1
17984 0
17985 2
326 1
17989 1
1608 1
1610 1
17995 2
17996 1
9805 0
1614 1
17999 0
1616 0
18001 2
9810 2
1622 2
18008 1
9817 2
18011 2
9821 2
18014 3
9824 3
1634 2
1635 2
1636 0
9829 2
18022 1
1639 2
9832 0
9833 2
9835 2
1646 0
18032 0
13928 1
18035 1
1653 2
18038 2
1655 2
15295 2
1660 1
1661 1
1662 2
18048 2
1666 2
1643 1
18055 2
18056 0
9865 3
1674 2
18059 1
18062 2
18067 0
9876 0
9878 3
1691 2
9885 1
9886 0
10422 2
18081 2
4379 2
1700 2
18085 1
1702 2
1703 1
18091 2
9903 1
1712 1
11208 1
9907 2
1717 2
1724 2
1725 2
9918 3
18111 1
5513 2
9921 3
1732 2
9927 2
15308 1
18126 0
18128 0
1746 2
18132 1
66 1
18134 2
9946 2
18141 0
18142 1
1759 2
1765 1
9958 0
1767 2
1769 2
18156 1
1773 1
18161 1
1779 0
9854 1
18167 1
1786 1
1788 2
9982 1
1791 3
16972 1
9856 1
18178 1
9995 2
9999 2
18193 1
10003 1
1697 0
18203 2
18204 2
18207 2
1827 2
18212 1
18214 2
10023 3
18218 2
13959 1
18221 2
1839 2
10032 1
18225 2
1842 1
1843 0
1844 2
10037 2
18232 2
10041 2
10043 1
1852 1
10045 1
10046 2
10048 2
1858 1
18243 0
10053 1
18246 2
18247 2
10056 2
18249 3
18250 2
10060 2
18254 2
18264 1
18265 1
18268 1
18269 2
15333 2
10080 2
18275 1
10086 2
18279 1
10088 1
10089 2
1899 0
10092 1
18286 2
18287 1
1904 2
10099 2
10105 0
18298 2
1916 3
1918 2
1920 2
1923 2
1924 2
1927 3
18312 1
18314 2
18315 3
10125 1
1934 0
10127 1
10129 2
16707 0
10132 1
1944 0
1949 2
18334 1
10143 1
18337 0
18340 2
10149 1
15345 0
18344 2
1961 2
10154 0
18347 2
18348 1
1965 2
16705 1
1693 2
1973 0
18358 3
1975 1
1979 1
1982 0
18368 2
1988 2
18375 1
18376 2
10185 0
10186 2
10189 1
18383 2
18384 2
5687 2
2005 1
2006 1
10200 2
2009 0
18398 0
1701 2
18401 1
18404 2
10213 2
10218 2
18414 3
16980 2
2035 2
18421 3
18424 1
18425 0
18426 1
2043 1
18428 2
10237 0
2047 2
18434 3
2052 2
10246 3
18443 2
10253 2
10254 2
18449 1
18452 2
10261 2
2072 2
18457 1
1711 2
15072 0
18462 3
18463 0
18096 2
8539 1
10281 2
10282 2
2091 2
2092 2
10285 1
10288 1
2098 2
2099 2
2102 2
18487 2
10299 2
10301 2
18494 1
2112 2
10305 2
10306 1
10308 0
18502 3
10311 2
2120 2
2121 0
10316 2
10317 1
18511 3
2128 1
10321 0
10323 3
10324 1
10325 1
16740 0
2138 2
10332 1
10333 1
10335 2
10337 2
18530 0
18534 2
18535 1
2152 2
2157 0
18542 0
18543 0
2161 0
2164 2
18110 1
2171 0
2173 1
10366 2
3093 3
2176 2
2177 1
10371 2
10372 1
2183 2
2184 3
2185 2
2188 2
18575 3
10384 0
10386 1
18579 2
18581 2
10390 0
10391 1
10392 2
2201 2
18588 2
7194 2
2207 1
2208 3
10401 2
18595 2
2213 1
18598 2
10407 2
10410 2
10412 2
2223 2
2224 3
10419 0
18612 1
18614 2
18615 1
18616 1
18617 1
10426 1
2236 2
18078 2
10433 2
18629 2
18632 2
18633 0
18634 1
2251 2
18636 2
2254 2
18640 1
18641 2
2260 2
18647 2
18648 2
18649 0
2268 2
10463 2
2272 0
10466 0
10467 2
2278 2
10471 1
18664 0
2281 2
10475 1
18669 1
8573 1
18673 0
10484 2
10485 1
18682 1
622 0
16989 1
10498 2
9942 2
10502 2
2311 0
2312 2
10505 2
10507 2
18703 2
18704 1
18706 2
18707 1
2324 2
10517 1
4484 1
10522 1
10523 2
2333 2
18718 1
10527 3
2338 2
5851 3
2340 3
10533 2
18726 1
10535 2
2346 0
18734 2
18736 1
2353 1
2355 2
16718 1
1758 3
10552 0
10554 2
2364 2
2368 1
10563 2
18756 2
18760 3
2377 0
2378 1
10573 1
2382 0
10575 1
10576 2
2385 2
18770 0
18771 2
2388 2
18775 1
18778 0
10589 2
10590 2
10591 2
10594 2
10595 2
18788 1
18790 0
18792 2
18794 0
10604 3
16786 1
18801 2
10610 0
10612 2
2421 1
18809 2
2426 1
10619 0
18813 1
18814 2
18815 2
2434 2
2436 0
10629 3
10630 2
2439 1
10632 1
2450 2
10644 2
2453 0
18838 0
18839 2
2458 0
10652 1
18850 1
10660 2
2469 0
2471 3
2472 2
2475 1
18861 2
10670 1
10672 2
2484 0
2491 0
10689 3
2498 2
17472 0
2500 2
2503 0
16723 3
10702 2
2513 1
2514 1
7246 2
10710 2
10711 2
10712 2
10714 1
2525 1
11268 2
2527 1
10723 2
2532 0
12710 1
2534 1
10727 2
16807 1
3154 3
2542 1
2544 0
2546 2
10741 1
2550 3
2551 0
2552 1
2553 1
2556 1
10750 2
10754 2
10755 0
10756 3
10757 2
10761 0
2572 0
2576 0
10769 0
10771 1
10773 1
10774 1
2583 3
2586 1
2587 1
10780 0
2589 0
2591 0
2595 2
2599 2
2605 0
10798 0
10799 1
2608 1
10802 0
10803 3
2612 2
2615 2
10809 1
10810 1
2626 0
2627 2
8630 2
10822 1
6907 2
10825 0
2634 2
1640 2
10831 2
2640 2
2648 3
2650 1
2654 2
2655 2
2658 2
10852 2
10853 2
10855 1
10856 2
10857 0
10864 2
10866 0
10869 1
10873 0
10878 2
1726 2
10881 2
2702 2
3181 3
2705 0
10901 2
10904 3
10906 2
2715 2
10911 2
10913 3
2722 1
1819 0
10916 2
2725 2
10919 0
2729 1
2739 2
16458 2
10942 0
2751 0
10945 2
2758 2
3237 1
2762 2
2769 0
10020 3
10973 2
2791 2
2793 0
10988 0
10991 1
2800 2
2801 2
2807 3
11003 0
11004 2
5930 2
1835 1
11015 2
2826 2
7732 1
2839 2
11034 2
2845 1
11038 2
2847 1
1840 2
12763 2
11045 2
2854 1
1841 2
2856 2
11050 1
11052 0
10034 1
2862 2
4573 1
11056 0
2865 3
11058 2
11059 0
18228 2
7306 2
2882 2
11078 2
11079 2
11082 2
13549 2
10040 3
8675 2
2901 0
11094 1
2903 2
2904 1
11097 1
2909 1
2910 1
2923 1
2925 2
11118 0
2928 1
2933 0
2934 0
2936 0
11129 2
11131 1
11132 2
11136 2
11142 1
14145 2
2953 2
2954 2
2955 0
11149 0
2960 0
11155 0
11158 2
2967 2
2973 2
2975 1
2977 0
2983 2
2984 2
10055 2
2991 2
2992 2
18248 2
4595 1
3000 2
3001 2
11194 2
8693 2
3011 2
3012 2
3013 1
3014 0
3016 1
11214 2
3023 0
11220 1
3031 1
3036 0
3039 1
3040 2
11234 1
11236 1
11237 2
11239 2
3049 2
11246 3
11249 3
3058 1
11254 2
11259 2
11262 2
3074 1
11267 2
3076 2
11273 3
3082 2
12732 1
11285 0
3094 2
3102 2
3105 1
11300 2
3110 2
11307 2
11313 1
3122 3
3129 3
3131 0
11327 2
11329 2
11330 1
11334 2
11335 2
11336 2
3145 3
3147 2
11343 2
11345 1
11346 2
10083 2
11349 0
11350 1
11354 2
3172 2
11365 1
11367 0
3177 3
8722 3
3652 0
17564 2
12654 0
11388 1
3197 0
3200 0
11393 2
11397 2
3207 2
3208 2
18284 1
8563 2
3215 2
11408 2
7363 0
3220 1
11413 3
11417 2
12351 2
3231 1
11425 2
11429 0
11430 0
3240 2
11433 2
3242 3
3243 1
11438 2
4637 1
11441 3
11446 1
3261 1
3263 2
11457 2
11458 2
3275 1
3268 2
11461 1
3270 1
16929 2
11467 1
3279 2
3280 2
11473 1
3286 1
3288 2
11488 1
3303 1
3305 1
3307 1
3313 2
3314 3
11508 2
11512 2
11513 3
11514 2
11515 0
3324 2
554 2
11518 2
3327 0
3328 1
12843 1
3333 1
11528 1
11529 2
11532 2
3341 0
3348 2
18844 1
3354 2
3358 0
11553 2
11554 1
11559 2
11562 1
11565 1
3380 1
3381 1
11575 0
11578 1
3387 1
3389 2
18662 2
11586 0
3396 0
17571 1
8842 2
3399 0
8759 1
11599 1
1750 1
11608 2
18319 0
11612 3
3422 1
11620 1
11621 0
3430 3
11626 0
573 1
3441 1
11636 1
11637 1
11638 2
3447 2
3449 2
11648 1
11650 2
7403 1
11654 0
11658 0
12866 2
11662 2
11663 0
3479 2
3480 2
11674 0
3485 1
11678 0
3487 0
3489 3
3490 2
11684 2
11690 0
583 1
15602 2
6045 1
3506 0
3512 1
3515 1
11710 1
15605 1
3520 2
3521 2
8028 3
8780 1
18121 1
11724 2
3535 3
3320 2
11733 3
1551 2
11743 1
11744 2
14246 2
11751 1
3564 3
3566 1
3568 0
3572 1
11769 1
11773 2
11776 2
3585 2
3588 0
18349 1
11793 1
3603 2
11800 2
11805 0
3616 3
14256 1
3619 2
3621 2
11815 1
11816 0
11823 1
3634 3
3637 2
3638 2
3648 0
11841 2
11843 2
11844 2
11845 2
3655 1
11849 0
3658 2
11851 1
11852 1
3663 0
11856 3
11857 0
611 1
11864 2
3673 1
3674 2
8805 2
11873 1
11874 1
3685 2
11878 1
11879 2
3688 1
3689 1
8807 2
11886 2
11887 2
11891 3
3702 2
4713 0
396 1
17002 1
11902 2
11904 1
11905 3
619 2
11909 2
14274 2
3727 2
3730 2
3733 0
18372 1
3740 0
3741 2
11941 2
11944 2
1992 2
9845 1
3768 0
11963 2
3772 1
3775 2
3779 1
3782 2
3784 2
3791 2
3792 0
11990 1
3805 2
11999 2
3811 2
3812 3
12006 0
12011 3
3821 2
3822 3
12925 1
3834 2
12034 1
12037 2
3849 0
3862 2
12055 2
12060 2
13495 0
3873 0
3876 2
12069 1
3879 2
3880 0
12073 1
3882 1
12076 2
3885 2
4221 2
15667 2
3892 2
3897 0
3901 0
12094 2
3903 2
12098 1
12099 1
12100 2
12103 3
3081 2
4748 1
12106 2
12107 0
12110 2
3921 2
12119 3
3386 3
12126 2
12945 2
12136 2
12139 2
658 0
8374 2
3962 0
3968 3
3971 1
3973 1
9116 1
3978 2
3979 1
12174 3
12175 2
3985 2
12181 1
3990 0
12184 2
3994 0
3996 3
17050 1
6128 2
4009 3
12202 2
12629 2
12206 1
12210 2
12211 2
12212 1
4766 1
4022 0
4024 1
4027 0
4768 2
12227 0
4037 3
673 2
4043 2
4044 2
4046 1
4771 2
8868 2
4058 2
12252 2
12253 0
4063 2
12256 3
12258 2
12259 2
12260 1
12966 3
12262 2
7505 2
12265 1
4074 1
12268 2
7506 2
12270 2
12271 0
12272 2
4085 1
4086 2
4087 0
4089 1
7774 1
4093 1
12288 0
12291 3
12300 2
8877 1
4113 1
12306 2
4118 2
12312 0
10244 3
12314 2
4124 2
4126 0
12319 2
12324 2
12330 1
12333 1
4143 0
14344 0
11614 1
4150 1
4152 2
4153 2
14346 1
14323 2
4160 2
4164 0
12357 3
12141 1
12366 2
6157 0
4177 2
12372 0
14350 1
3428 1
4189 0
12382 3
7525 3
12389 2
12390 2
12392 1
4201 2
6141 2
4205 2
4206 3
4209 3
12402 1
14355 2
4214 0
4218 1
12413 1
6411 1
12416 1
4225 2
4227 2
12422 2
4801 1
12424 2
12425 1
12426 0
12433 2
4245 2
4249 1
4251 2
12446 0
17093 1
12448 1
4257 2
4261 2
4262 2
4263 2
4807 1
4268 3
4270 0
10269 0
1664 1
12472 1
3444 2
4282 0
2079 3
714 1
18419 1
12486 2
12487 0
4296 0
4301 1
4302 1
12496 1
12499 1
4308 2
12503 0
12506 1
4316 1
15738 2
4318 2
4320 2
4323 2
12516 3
4327 1
4328 3
12521 2
4333 2
12526 1
4335 2
4336 0
4337 2
4341 1
4342 2
12543 2
4354 2
10283 2
13014 2
12551 2
6419 2
12554 3
4365 2
4370 1
4371 2
12565 3
4374 2
4375 3
12570 3
12571 1
4380 2
730 2
4383 2
4386 3
4389 2
4390 1
4391 2
4399 1
15752 1
4403 2
8330 2
4831 1
5057 3
15755 0
4422 2
12615 2
4429 3
12626 2
4436 2
15758 2
4439 2
3471 2
12638 2
17125 2
4448 1
742 0
7569 2
12648 2
4457 2
4458 2
4462 2
2109 0
12657 2
4466 2
4467 0
12662 1
4471 1
12669 2
4480 1
10304 3
12674 3
8939 2
12676 3
12684 1
12686 2
4496 1
4497 0
4503 2
12698 2
12701 3
4511 1
16517 1
4514 2
4518 1
12711 2
4520 0
12713 2
12714 1
12717 1
12718 1
15773 2
4529 2
4531 1
4532 1
4533 0
12727 1
12730 1
4539 1
4540 1
12734 0
13045 1
4546 1
12739 2
15777 2
4552 1
4553 2
4855 2
2061 3
4557 1
6221 1
12757 2
17610 2
4570 1
4571 0
4572 0
12765 2
4574 3
12767 3
4578 2
4583 1
12778 0
12780 1
12786 0
12787 2
4596 1
12790 0
153 1
12795 0
4604 2
4605 2
4609 1
3499 0
4616 0
12811 2
12813 2
4622 2
4626 2
17155 1
12820 2
4629 0
4630 0
4631 0
4632 2
4633 2
4636 0
427 2
4641 2
4642 0
12839 0
4648 1
4650 2
4651 0
4656 1
4658 2
12852 2
12853 2
4662 0
12856 2
4665 2
12861 2
12862 2
4671 0
4674 1
12868 2
12870 1
12872 2
12873 1
12874 1
4683 0
4684 0
4685 0
4687 0
4688 1
12884 1
4694 1
7609 2
4699 1
4705 1
11707 2
4709 1
4710 1
12905 3
12906 2
12907 0
12912 3
4721 2
12916 1
4726 1
12919 1
4733 2
4734 2
4736 2
12930 2
17174 2
12938 0
12940 0
18541 0
4753 2
12946 1
4755 1
12956 2
12958 0
12960 2
12961 2
12963 1
18708 2
4777 1
12970 2
4779 1
12972 2
4781 1
12981 1
12984 2
12986 2
12988 1
17184 1
3706 2
801 2
13000 2
4809 2
4811 3
13004 2
4814 2
4816 1
13010 0
4822 0
4826 1
4827 1
14458 2
4830 0
13023 2
4838 0
4839 0
13035 1
13041 2
13042 2
13043 2
795 2
13047 0
4856 1
13051 2
4860 2
4866 0
13060 0
4872 2
4874 2
4878 0
708 2
4885 1
13078 0
4888 2
18564 0
4890 2
13084 2
11738 1
4897 2
13107 0
13112 1
17137 2
13114 2
13121 0
4930 2
13123 2
4937 2
4256 2
13136 2
4945 3
2191 1
13150 3
3557 2
4961 1
9019 1
13156 0
13157 2
13161 1
17213 0
13168 2
4978 1
4979 1
4981 2
13174 0
13175 2
4986 2
4990 2
2197 3
4992 1
13188 0
4997 2
5005 3
13208 2
13209 2
5018 1
13211 3
16534 0
5023 3
5024 2
5025 2
13220 2
5030 2
5035 2
18589 1
2350 2
13237 1
5049 3
5054 1
13247 2
13249 3
5063 2
5064 2
13257 2
5067 2
6306 1
13262 2
13263 3
5072 3
13266 1
5076 1
5077 1
13272 0
13273 1
13275 2
13276 2
13277 2
5086 1
13280 1
5090 3
5091 2
13285 2
5095 2
13292 0
5101 3
13294 3
13295 1
5104 0
13301 2
13302 1
5111 3
5113 2
5115 1
13311 2
5121 2
13317 0
13320 2
18604 2
5130 1
13324 2
14509 2
13329 2
13331 2
13332 2
5141 0
5148 2
9446 1
5154 2
859 2
13348 1
13352 0
13353 0
13355 2
861 2
13360 2
5171 1
5173 2
15781 1
5185 0
5186 0
5187 0
5188 1
5189 3
13153 2
5196 2
5197 3
1071 1
13395 2
446 2
5211 2
2234 2
5214 2
5218 0
13413 2
13414 2
13424 2
5233 2
2238 2
17257 0
5242 2
5246 0
13439 1
5251 2
9068 0
5264 3
5265 2
4267 1
8873 2
5272 0
13474 0
5283 2
5284 0
5285 2
5292 2
13485 2
883 1
13494 3
5303 0
13496 2
5306 1
5307 0
6346 2
13502 3
13504 2
11808 1
5317 0
5318 0
5321 3
5322 2
17271 2
6091 1
13520 2
11811 2
13528 2
5339 1
5340 2
890 1
5345 2
13542 0
13544 2
13547 2
5357 1
12999 1
13551 2
5363 3
894 2
5372 2
13565 2
5374 1
17280 1
13572 2
5381 2
13575 0
13578 2
13580 2
13588 2
9092 0
13596 2
5405 2
13599 0
13600 1
13602 2
13603 0
13607 2
5416 1
12510 1
903 0
6910 2
5422 2
13622 2
13624 1
13625 0
13626 3
13627 2
5437 2
5444 2
13638 2
13640 1
13647 2
5460 2
5461 2
5463 1
5464 2
5465 2
16276 1
911 2
5469 1
13666 0
13667 0
5477 0
13674 0
13675 1
13676 0
13680 0
5491 2
13685 1
5496 2
5497 2
5498 2
13691 2
13696 2
13697 2
13700 0
13705 0
13710 2
13714 1
5524 2
12459 1
5526 0
13720 2
5529 1
13722 3
13723 2
13727 1
13732 2
13734 1
13737 2
7751 2
13745 2
5556 1
13749 0
5562 1
5564 1
5567 2
5568 3
8096 2
5572 3
13766 0
17098 2
13769 0
5580 1
5581 2
5583 2
5585 3
5586 0
5587 1
13781 1
13782 2
5591 2
5592 3
17316 2
5594 2
13791 2
5600 0
13796 0
5606 0
13803 0
5612 2
12462 2
5619 1
5624 2
14331 2
5630 2
5632 1
13827 0
5637 1
13830 0
5639 2
5641 0
13834 2
5643 3
13836 2
5645 0
13843 0
5652 0
13845 1
13846 2
5657 1
13852 2
5666 0
5669 1
5670 1
2371 2
13867 2
13871 1
13873 2
947 2
5684 3
5685 2
5686 2
2313 1
13884 2
9457 2
13889 1
5699 0
13898 3
13900 0
17336 2
5714 0
5716 0
5718 0
13912 1
13916 2
13918 1
11877 2
529 2
5736 2
11880 1
5747 0
5749 1
13943 2
10516 3
5758 2
18709 3
13954 1
17345 0
5771 1
8549 0
13965 0
5776 2
5777 2
3694 1
13975 1
5787 0
5791 1
5793 1
5794 1
5798 2
5800 1
13993 2
5802 0
5803 1
5804 1
5807 1
5811 2
5812 0
5814 2
5819 1
5824 2
13259 2
14024 0
14029 2
5840 0
14035 3
14036 1
5845 0
18724 0
14042 2
5071 3
5853 2
5858 2
5859 2
10534 2
5866 3
14059 1
5868 2
14064 0
14065 0
10166 2
14068 0
5879 2
6442 1
3712 2
14084 1
5899 2
5901 1
5903 2
17368 1
14100 0
10542 2
5913 1
11005 1
5921 1
5922 0
5925 2
5929 1
14122 3
14123 1
5935 0
14128 2
14129 1
14130 1
14131 1
14133 2
14136 2
14138 1
14139 1
14140 2
14144 2
5953 2
6859 1
14150 1
16838 2
13282 2
5966 2
13283 2
14166 2
14168 1
14170 1
2362 2
5982 2
14180 1
5989 2
14186 2
13293 1
14189 0
14190 2
14191 2
14193 0
14194 2
6004 0
14199 1
6011 2
6013 2
6018 1
14212 2
6022 2
746 2
6028 0
14221 0
6030 3
14223 2
7832 3
14227 1
1292 2
6039 2
6044 3
14237 0
14239 0
14240 1
13296 1
14244 2
6053 1
6054 2
10840 2
6057 2
14251 0
14253 2
6064 2
14258 2
14259 1
6069 1
14262 2
10569 3
6073 2
14267 1
11932 0
6086 3
6089 3
17399 2
6094 2
2381 2
6100 2
6102 2
6104 2
16036 1
6108 2
6111 1
14304 0
7846 3
6122 2
6123 2
14316 2
14317 0
14320 2
16040 2
14322 2
6131 0
6132 2
8929 2
6135 2
6136 2
6139 0
6140 2
8115 2
14334 0
14335 2
14336 1
6146 3
6151 2
6152 3
6153 0
6154 2
14347 2
6156 0
1026 2
6158 2
6159 2
17411 1
6164 2
14360 1
6169 2
14362 1
14364 1
6174 2
14367 1
14369 2
6180 3
14373 1
6182 0
14376 2
7858 2
14382 2
6191 1
14386 2
6196 2
6200 1
6201 2
6202 1
13322 2
6206 2
6207 2
6209 2
14405 1
6220 1
14413 2
6225 2
6232 2
7866 2
14430 3
14432 3
14433 2
6243 0
1299 1
6251 2
6256 2
14454 2
6266 2
6267 2
6269 1
6270 2
14463 1
6274 3
6282 2
14476 0
7875 1
14487 3
14491 1
14496 0
14498 2
14501 0
14502 1
10609 0
2418 3
6318 0
14512 1
6330 2
6331 2
6332 2
14525 1
8667 2
10613 1
6336 2
14533 2
14535 1
14538 2
6349 2
6357 2
6359 2
5156 0
6363 2
6213 2
6369 1
18811 1
6373 1
6374 1
14571 2
10621 2
6384 0
6386 1
6387 2
6389 1
6390 2
6393 2
6398 3
14591 2
6407 2
7895 1
14604 2
6414 2
14607 2
6418 0
14611 1
6423 3
6426 1
17455 0
6429 1
14624 1
14625 2
14627 2
14633 0
14634 0
15763 1
6445 1
6448 1
2440 2
14644 1
6453 3
14647 2
10035 2
14651 2
13365 1
6465 0
6467 2
9217 2
14662 2
18219 0
14666 2
1079 2
14669 2
6488 2
14681 2
14682 2
14690 2
14693 3
6502 2
6503 2
6504 2
6505 0
6514 1
6515 2
2452 2
6522 2
6523 2
14717 1
6527 1
14721 0
10583 2
14724 2
14727 1
14728 3
14731 2
14734 0
12013 2
14742 2
5401 2
18483 2
14751 2
14753 2
14755 1
14760 1
14761 1
6575 2
14768 0
14775 1
14777 2
14778 2
14779 2
14782 2
6591 2
14787 0
13313 2
14791 2
6600 0
6603 1
6605 0
6608 2
14803 2
14804 2
14805 2
11677 2
1135 2
6619 2
14815 2
9296 3
14821 2
6631 2
10663 3
14829 2
6876 2
5336 1
6646 1
14841 2
14845 0
14850 2
14851 2
6662 2
1790 2
14859 1
6668 0
6671 3
6674 1
6675 3
14868 2
6679 2
6681 3
14874 2
6683 2
14878 2
6576 2
9307 2
6692 2
6697 2
6702 1
6703 1
6704 1
14899 1
6709 0
14902 2
6711 1
14904 2
14912 0
14913 2
14914 2
6723 1
14916 0
14920 0
6730 1
6732 2
17506 2
6736 0
6740 1
6747 2
6753 0
14949 0
14955 2
14960 2
6771 3
6781 3
14978 3
6788 1
10319 3
6795 2
14988 1
14989 0
6798 1
8665 2
6806 0
6809 0
6810 1
6811 1
15004 2
15009 2
15011 0
6828 1
15021 2
14792 2
6834 0
209 2
6837 1
6838 1
15034 2
15035 3
15036 0
2410 2
15039 2
15041 2
15042 2
6852 0
6853 0
15051 2
6861 0
18505 2
6871 0
15066 2
15067 2
15068 2
15070 2
6880 1
6881 2
6886 2
6892 2
15085 2
6896 1
6898 1
15091 1
6902 0
15095 1
15096 3
5247 2
15101 1
15102 1
15103 1
6912 2
6914 2
15107 1
15109 1
15110 1
15111 3
6920 2
15114 2
6923 0
15117 2
6926 3
6927 2
6929 2
6930 1
15124 3
6933 3
15126 1
6936 1
15132 1
15133 1
15135 2
16176 0
15138 0
6947 3
15140 0
15145 0
6957 1
6958 2
17544 2
6962 2
12083 2
6964 1
6965 2
15160 1
6969 0
15162 1
6978 0
6980 1
15175 1
15176 1
15177 2
6989 1
15182 0
15184 0
6993 2
6994 1
15189 0
15191 2
15194 2
15195 2
7005 2
7006 2
7009 2
15202 2
7012 0
10726 2
7016 2
15209 1
7018 1
7019 2
7020 2
7021 3
7022 3
7023 1
11145 2
15219 0
7031 1
7036 1
15229 2
7039 1
7042 0
15236 0
15239 2
15240 0
15241 2
1175 2
7052 1
15245 2
7056 2
13464 3
15250 3
7059 2
16741 2
7061 2
15259 0
7068 1
15264 2
7073 2
15266 1
15268 0
15269 1
7080 0
15273 0
15276 2
15277 1
7087 1
7088 0
7089 2
15284 1
7093 0
7094 2
16201 1
15290 2
9375 0
2549 2
7105 1
15304 2
7116 1
7120 2
15314 0
7123 2
15316 1
15317 1
7128 2
7129 2
7130 0
15323 2
15329 2
7141 0
7142 1
7143 0
6653 1
9384 3
17577 1
7164 2
15358 2
15362 2
15363 2
7176 1
15374 0
15375 1
15376 3
7186 3
7188 2
7189 2
15383 2
7193 1
15386 2
15388 0
15390 0
2565 0
7203 2
7205 1
13879 2
7214 2
15409 2
15413 2
15414 3
2569 2
15417 2
7227 2
7235 2
15428 2
7238 2
15431 2
15432 1
7241 1
15434 2
7243 2
15438 0
15442 0
7255 2
15448 2
7260 2
15457 2
15462 3
16231 1
15473 0
15479 0
15488 3
2582 2
15498 0
15500 2
1218 2
15503 2
15504 0
17603 3
15509 1
15510 2
15513 0
15516 2
15519 1
15520 0
15521 2
15522 1
7332 2
15525 2
7335 0
15534 0
7349 2
15544 1
15545 3
2427 2
15549 1
15550 0
15552 1
7362 1
15555 1
7367 2
15565 1
7374 3
17613 0
15570 0
14884 2
12154 0
15582 0
7391 1
15584 2
15590 1
1233 1
15595 1
7405 2
15599 0
7410 2
15603 1
7413 1
15607 1
1236 1
7419 0
6521 0
15617 2
15627 1
15628 3
15629 1
7440 2
15633 0
15634 0
2430 2
7447 2
7448 2
7450 2
7451 2
15645 3
15647 1
14896 0
7459 2
15654 2
7463 0
13532 0
15665 1
7475 0
7481 1
15676 0
8074 2
7488 2
7489 2
7491 2
15684 0
15688 0
15693 0
15696 0
6712 2
8997 0
15699 1
15701 0
15707 1
7516 2
15711 2
15714 1
7524 3
15717 0
15719 1
15721 2
7532 2
15725 0
1256 2
7538 3
7540 0
7542 2
7545 1
7546 2
15741 1
15744 2
15746 0
15748 2
15749 1
16908 1
7560 3
7563 2
7566 2
9453 3
15761 2
10819 2
15765 2
6724 2
9455 1
16282 1
15775 0
15776 2
7585 2
15778 0
15780 0
7589 0
15782 1
15783 2
7593 2
15788 1
17650 1
15791 2
15793 0
15794 1
15798 1
15801 0
7615 2
7617 1
7618 0
17654 3
7624 3
15818 2
7634 2
9465 1
7640 3
15840 1
7649 2
15845 2
15847 1
15857 0
15859 1
15863 2
15873 0
7682 2
18805 3
8289 2
9474 1
7694 1
15889 1
15892 1
7701 0
15895 0
1284 1
15898 2
7708 1
15902 1
15903 2
15904 2
7715 0
15908 1
7717 3
9053 2
15913 2
7724 3
7728 2
8750 2
15922 2
4019 1
15924 1
15925 2
10847 1
7747 2
15940 0
14945 1
7752 1
7753 3
9533 2
7766 1
15959 1
15962 0
15963 2
15965 3
15966 2
15971 2
15973 2
7783 0
7784 0
7897 2
7789 2
15983 2
7793 3
7795 0
7796 3
7802 0
8716 1
7807 2
16000 2
16001 0
16003 2
12808 3
7815 2
7819 3
13593 1
16024 1
16025 1
7838 2
16032 1
7844 0
16038 2
7848 2
16041 1
16049 1
16050 3
7865 2
16058 0
16060 2
16061 1
16062 2
16064 2
7873 1
16066 1
16067 2
16073 1
7882 1
7884 2
16081 2
7894 2
16087 2
16088 1
16089 3
16091 2
7900 2
7905 0
7906 2
7912 0
16106 2
16108 2
16110 2
16113 2
16115 2
16117 2
7929 3
14510 2
16129 1
8150 0
16134 0
7947 2
6786 1
16143 2
16144 0
16145 0
7955 2
7957 0
7963 2
16156 2
12250 2
7968 0
7970 1
16164 1
7085 0
16172 2
4061 0
7984 3
7986 2
17715 0
16182 1
16183 2
16184 2
16186 2
12255 1
6794 2
7998 3
16191 1
8001 1
14987 3
16196 1
16197 0
16353 2
5727 0
8009 2
16203 0
16207 0
16214 2
16356 0
16220 2
16221 0
8033 3
16227 1
8166 2
10897 3
16232 0
16235 1
8044 1
1341 2
16244 1
16245 1
8054 2
16248 2
8059 3
16254 2
10907 1
8069 2
16263 2
16265 1
16266 2
8075 2
17727 1
16275 0
8084 1
16277 2
15001 1
8090 2
4079 0
8094 0
16287 0
16288 1
16291 2
8101 1
9543 2
16307 0
8116 2
16314 0
1354 1
16319 0
8129 2
16326 2
16327 1
16329 0
12279 2
16332 2
8142 3
16336 3
16337 2
8148 0
8149 2
16342 2
16344 2
2724 1
8154 3
16347 2
8156 1
16350 2
8160 0
7103 2
8164 0
16358 2
8170 2
16364 0
16381 1
8177 0
9555 1
16372 1
545 2
16376 2
16379 2
8189 2
8190 2
