8192 2
16385 2
16386 2
16388 2
13912 1
13655 1
16396 1
16398 0
8210 0
16404 3
16412 0
8221 0
16415 2
16417 0
8226 2
8227 2
8228 2
16421 3
16423 0
8237 2
15550 0
8240 0
8241 2
8250 1
16443 2
16445 2
62 2
15029 1
8258 0
16451 0
16452 1
8261 2
16454 3
1377 2
16456 2
8266 2
8268 2
16461 2
80 1
16465 1
16466 1
8276 1
16469 1
8278 2
88 2
8283 1
16476 2
12551 2
16482 0
16484 1
16485 0
8295 2
16489 3
8299 1
8300 2
16494 0
111 3
112 3
8309 2
8312 1
16505 0
122 3
16509 1
126 2
16514 2
132 2
133 2
8326 2
16522 1
139 3
16524 1
15042 2
144 2
150 2
151 1
8734 0
16539 0
16540 2
159 2
8353 1
162 2
163 2
16548 0
16550 1
169 1
8363 1
16559 0
8368 1
177 1
16568 1
187 1
8383 2
6859 1
16580 0
197 2
16583 2
4371 2
202 2
206 3
8399 0
209 2
16594 2
8403 3
212 0
8406 1
16600 1
218 3
220 2
5498 2
8416 0
8418 2
8420 2
16615 0
8424 2
16620 3
8430 2
16623 3
16624 2
8434 0
16627 0
16628 0
8437 3
246 0
8439 2
16634 3
16636 2
16638 0
8449 2
8450 1
554 2
16645 1
16646 1
263 2
16648 0
266 2
8461 3
271 2
8738 0
16663 2
280 3
283 3
16668 1
285 1
8478 0
8480 1
555 2
8483 0
8484 3
9606 1
8486 2
16433 2
8488 2
8491 3
300 2
15069 2
8496 2
9608 1
16691 2
16694 1
15286 1
16701 2
319 2
16704 3
16707 0
324 1
16710 3
16715 0
8525 2
16718 1
16719 2
16721 1
16722 2
339 3
16724 2
8533 3
16726 0
16727 1
8538 1
8539 1
16733 2
8543 3
8545 0
354 2
8549 0
16742 1
16743 2
365 2
366 2
367 0
16752 2
8561 0
8564 2
374 2
376 2
378 3
379 0
8573 1
383 0
387 0
16774 1
391 3
394 2
396 1
66 1
16784 2
401 2
8594 1
16789 3
8601 2
410 2
411 2
8604 2
416 0
4651 0
8610 1
16803 1
420 1
16807 1
16808 1
16809 0
16811 2
8621 0
16815 2
8625 2
16818 0
16821 1
16824 0
74 0
446 2
6901 0
8641 3
16836 1
8646 1
16843 3
462 3
8655 2
8656 0
8657 2
8658 0
16852 1
9636 2
16860 0
16861 1
16862 1
9637 1
481 1
8675 2
1446 2
16870 2
16871 0
488 2
13928 1
16875 1
8684 1
8686 3
2527 1
1448 1
498 0
16884 1
5745 2
8697 0
506 1
8699 1
509 3
510 2
4181 0
16896 1
517 0
8711 0
523 0
524 2
16909 1
8719 3
16913 3
16914 1
16915 1
533 0
8728 2
538 0
8732 1
541 2
542 2
16927 1
16928 2
16929 2
16930 2
8739 3
548 1
551 1
8746 2
8747 2
558 1
559 0
16946 2
563 2
564 1
16950 2
567 2
8761 1
8763 0
572 0
574 0
8767 0
16960 1
8769 1
8771 3
16964 2
16966 2
583 1
585 2
586 3
587 1
16972 1
8781 3
591 1
16977 0
16978 2
595 1
16980 2
9657 0
8792 1
1111 2
15119 0
605 3
16991 3
16993 2
16994 2
9659 1
8805 2
8806 0
617 0
17002 1
8811 1
622 0
12392 1
17010 1
628 0
17013 2
17017 0
5567 2
636 2
8830 0
641 0
8834 2
643 2
17028 0
8837 0
8841 2
650 1
17036 2
653 2
654 0
8847 3
657 3
658 0
660 2
17045 0
663 2
17049 1
667 2
8862 2
8863 3
673 2
674 0
17061 2
17062 0
17063 1
17067 1
17135 2
6941 0
17075 0
17077 3
8890 0
699 3
17085 0
17086 3
16501 1
17089 0
17090 3
17091 0
17093 1
8903 0
712 2
8905 2
8906 2
17099 2
717 0
5581 2
721 0
8914 2
6947 3
725 1
8919 2
8921 2
17118 2
17119 0
17124 0
742 0
8935 2
744 2
745 1
8938 2
2855 2
749 0
750 2
8943 1
17137 2
8946 0
8948 2
757 2
760 1
764 2
766 1
8959 0
17154 0
8963 2
17158 1
780 2
782 3
8978 1
787 2
790 2
17175 3
2936 0
8986 2
15151 3
8988 3
5482 0
17182 1
801 2
9691 3
8996 2
17189 3
6961 1
808 2
17196 1
814 2
17199 2
17202 0
17205 1
9014 3
825 2
9018 2
17211 1
8330 2
6965 2
832 2
17217 2
17218 1
17220 1
17225 0
844 2
9038 2
849 2
17234 3
17235 0
17239 1
856 0
9051 1
860 3
861 2
9054 0
8485 2
17409 1
9063 1
17256 2
9065 2
874 3
876 3
877 3
17263 0
17264 0
9075 2
17268 1
17269 1
887 2
9081 2
9082 2
17275 0
892 2
895 1
17280 1
898 2
17284 0
9093 1
9095 2
910 1
911 2
912 3
17297 0
9106 0
17300 1
917 1
918 0
9111 2
17305 2
17307 2
17308 2
17310 1
17313 2
932 3
933 1
936 3
17325 1
9134 0
9136 2
17329 3
17331 1
9142 0
9143 1
17336 2
16543 2
17342 2
961 1
9155 2
964 3
9157 3
17359 0
17360 2
3033 0
17368 1
8356 3
9178 1
987 1
9184 2
9186 2
9188 1
17381 2
9190 0
17388 2
17390 1
17391 0
3034 2
9201 0
1010 1
17395 2
17399 2
9209 1
17406 2
9215 0
9216 0
9217 2
1028 1
15190 0
9224 1
9225 0
1037 3
9230 0
9231 2
11096 2
9236 1
1045 1
17430 2
17432 2
1051 1
1052 0
9245 2
17442 3
1063 2
9256 1
1672 3
9262 2
9263 1
9264 1
9266 3
9268 1
9269 2
9270 2
9271 0
9274 2
2911 2
17468 1
17469 0
17470 0
17474 2
17767 1
17476 0
9286 0
9287 0
17480 2
9289 3
9311 2
17487 2
9301 0
17494 2
17495 1
9304 2
1114 1
9307 2
9308 1
9309 1
1119 2
17504 2
17506 2
17509 2
9318 0
17937 2
17513 2
1130 2
17516 2
17517 1
9326 0
17519 2
1138 2
17525 1
17496 3
17529 1
1147 2
17532 2
1150 2
17941 1
17539 3
9349 2
17542 1
9352 1
9353 0
9354 1
9356 3
17549 1
17550 2
17551 2
1168 3
17553 2
195 2
17556 2
1174 2
17560 1
1177 2
17563 2
1181 3
16581 1
16679 1
9378 2
1187 2
17572 2
9381 3
17574 1
17575 1
1192 2
9385 3
17578 2
9389 0
9390 1
1201 0
15219 0
17589 0
1206 2
17591 1
17592 3
9402 2
1211 3
9404 0
9405 2
1218 2
9411 2
17606 1
17607 2
1225 2
9418 1
17612 2
9421 2
17616 0
9425 1
9427 2
17620 0
1237 2
15225 1
17956 2
2769 0
1243 2
9437 0
1246 3
9765 0
1248 0
9441 2
6861 0
1251 1
1252 1
17638 0
17639 1
17640 1
8402 2
1262 2
9455 1
17500 2
9457 2
17650 1
9459 2
9461 2
17654 3
1273 2
15231 0
17660 2
17665 2
17666 2
1284 1
9477 2
1286 2
9480 2
1290 1
9483 3
1292 2
7408 2
9486 3
1581 1
1296 3
1299 1
9492 2
1301 2
17687 1
1304 2
17689 2
1306 3
17692 3
17693 3
17695 2
17697 0
17699 2
17700 1
8412 1
1322 2
1324 2
17710 2
2952 2
1331 1
17719 1
1338 1
9531 2
1340 2
9533 2
9534 0
9781 1
1344 0
1346 2
9543 2
17737 2
17738 0
1355 1
17740 3
1358 2
9551 1
9555 1
1364 3
17755 0
17756 0
17757 1
1375 2
9569 2
17764 2
1381 2
1383 2
17768 2
1596 2
9578 1
9580 1
1389 3
17779 2
9588 2
9590 2
17783 2
9592 1
1401 2
17789 1
9599 0
17792 0
9601 2
9604 2
1414 2
1415 2
1416 3
17801 2
17802 1
1420 0
1422 2
9615 2
1425 2
9618 0
17813 1
9623 2
1436 1
9629 1
17233 2
1605 0
1440 2
1442 2
1444 2
1445 2
9638 3
48 1
17832 3
7068 1
9642 0
9645 2
17838 3
7069 0
9648 2
17841 1
17847 1
1465 2
17851 1
1468 2
9661 1
9663 2
9665 2
9667 3
9669 2
1482 1
9675 1
9676 2
7074 2
1686 2
17872 0
9690 2
14780 2
17887 2
9702 2
17895 0
17896 1
9705 0
9708 2
596 1
9719 1
9720 1
9722 2
11178 3
1534 0
9727 0
1538 2
1539 2
17924 0
1542 2
9736 1
9740 2
1553 1
13418 1
17944 1
1562 0
7087 1
17949 2
1567 2
17952 2
9761 1
9764 0
17957 0
7089 2
9768 2
17961 0
1579 2
17964 0
9773 2
1586 2
17973 2
17975 2
17976 0
17977 2
17978 0
17979 2
9788 0
1597 1
17982 2
9791 2
17984 0
17985 2
17989 1
1608 1
1610 1
9805 0
18001 2
9810 2
1619 2
15289 3
18008 1
9817 2
1627 0
9820 0
1630 1
18015 2
9826 2
9829 2
1640 2
18027 2
18032 0
18033 0
1651 2
9845 1
18038 2
18039 1
9849 0
9852 0
1661 1
9854 1
18048 2
1666 2
8358 0
18056 0
9868 1
1677 0
10704 2
9873 2
9874 0
9878 3
10149 1
18076 0
9886 0
1695 2
1697 0
9891 3
1702 2
1703 1
9902 0
1711 2
1712 1
1714 0
1717 2
1719 2
1721 2
9914 3
18109 2
1726 2
18114 2
1732 2
1735 1
9929 2
1738 2
1740 0
1748 0
1750 1
1755 1
18141 0
18142 1
9333 3
18148 0
9958 0
1767 2
9960 0
18153 0
18154 1
18155 1
18156 1
1773 1
18045 0
4392 1
9972 0
1662 2
1782 1
18167 1
18170 0
1788 2
1790 2
7125 0
299 1
15318 2
18186 2
9995 2
1805 3
18191 2
1809 2
4152 2
575 1
18203 2
13154 2
1823 2
10016 1
1826 2
879 2
10020 3
18214 2
305 2
18217 0
10027 2
18221 2
1839 2
18225 2
10034 1
10035 2
10036 2
10038 2
1849 0
18234 2
10043 1
1852 1
10047 1
10048 2
18241 0
1858 1
10053 1
18246 2
18247 2
10056 2
1872 0
10065 3
18260 1
18264 1
7141 0
10080 2
18274 3
18275 1
18279 1
10088 1
10089 2
11239 2
18290 0
10099 2
1909 0
10104 1
1913 2
18298 2
10108 1
1918 2
1920 2
1921 2
18306 2
1924 2
18070 0
18310 3
10119 1
10120 1
10121 1
1933 2
1934 0
18320 0
10129 2
18324 2
18326 0
18328 1
10137 2
1947 1
10142 2
10143 1
18340 2
1957 0
10151 3
1960 1
1961 2
10154 0
1964 2
18349 1
16598 2
1970 0
18355 3
1972 0
18078 2
10166 2
1978 0
18363 1
18366 2
18372 1
15350 0
1990 3
18376 2
18379 1
1997 3
10190 0
18383 2
18384 2
18386 1
10196 1
2005 1
2006 1
18391 0
2009 0
2010 1
2011 1
18398 0
10208 2
2020 3
10213 2
2025 1
18411 3
4434 1
18414 3
18419 1
18421 3
18424 1
4436 2
2043 1
8797 3
2047 2
18432 1
18434 3
10244 3
10246 3
18443 2
2061 3
10254 2
13838 1
16926 2
18452 2
2069 3
10264 0
2073 2
2074 1
2075 0
10268 1
2077 2
18464 0
18096 2
2089 1
10283 2
2092 2
18098 2
2098 2
18483 2
2101 1
10294 1
10296 1
14004 3
10298 2
18491 0
2112 2
2113 2
10652 1
6964 1
2116 2
18503 3
2121 0
9911 2
889 0
2128 1
18514 1
10324 1
18517 0
4981 2
2138 2
15375 1
1722 0
10335 2
10338 2
10339 1
10340 3
2150 2
2152 2
359 3
18540 0
2159 3
10356 1
10358 2
10361 0
10365 2
10366 2
2176 2
10372 1
4437 3
18567 3
2185 2
18571 1
18572 0
2189 0
18574 2
2524 1
10384 0
18579 2
10391 1
2200 1
2201 2
2207 1
10401 2
2210 2
18595 2
10404 2
2213 1
18598 2
18604 2
2221 0
18612 1
10422 2
18615 1
2234 2
2236 2
9930 3
2238 2
18629 2
18631 0
18632 2
18635 1
2252 1
18639 1
2256 0
16442 2
18649 0
18651 1
18653 1
2272 0
18050 3
10466 0
10467 2
3110 2
2278 2
18663 3
2280 1
10473 0
10475 1
2284 2
2285 2
18670 1
10484 2
10485 1
18679 3
5532 1
2306 1
2309 2
10505 2
2315 2
18704 1
18707 1
2324 2
10517 1
18710 2
2329 2
10522 1
10523 2
14042 2
10533 2
10535 2
10537 2
8583 3
10542 2
10543 2
2355 2
2356 2
2357 2
2362 2
18143 1
2364 2
2365 3
18750 1
10559 2
2368 1
18753 0
8535 2
2371 2
2373 1
2376 3
10569 3
10573 1
2382 0
2383 1
18768 0
18771 2
2388 2
10583 2
1764 2
18779 0
10590 2
2399 1
17581 1
2406 1
8809 0
2410 2
10605 1
10607 1
10608 1
10609 0
10610 0
10611 0
18805 3
2424 3
10618 2
2427 2
18812 2
2430 2
18819 0
18820 2
18821 2
2440 2
10636 1
18830 0
2452 2
18839 2
10648 2
2458 0
18844 1
2463 3
10657 0
10658 2
4507 1
18852 0
2472 2
3143 2
18861 2
10670 1
10672 2
10674 1
2483 1
10679 2
2489 3
2490 2
2492 0
17541 1
2498 2
10692 1
18166 0
2503 0
2505 3
10702 2
10703 2
2512 0
2514 1
8611 2
2516 2
10709 2
10712 2
2521 3
10714 1
10715 1
10716 1
2525 1
12709 0
2528 0
2535 2
423 2
2546 2
2552 1
2553 1
10749 1
15445 2
10752 2
10754 2
10755 0
2565 0
2566 3
10761 0
2571 1
2575 0
7256 2
10771 1
10773 1
10774 1
2586 1
10780 0
11354 2
10783 3
2592 1
2599 2
2601 1
10796 2
10798 0
2609 0
2611 1
2612 2
2615 2
17545 1
10809 1
2624 2
10817 1
10819 2
2628 1
10822 1
2631 1
10825 0
4535 3
10831 2
2640 2
8632 2
10837 2
2646 2
12729 0
10841 3
10843 1
4538 2
2654 2
2655 2
1725 2
10851 1
10853 2
2663 1
10857 0
10860 1
16829 1
2672 2
2673 1
10866 0
10870 2
10873 0
1771 1
10879 2
10881 2
10883 2
10884 0
2702 2
10895 1
10899 3
10901 2
10904 3
10905 2
2714 0
2715 2
10911 2
10913 3
2722 1
10915 2
454 2
2729 1
2738 3
2739 2
2742 2
2744 0
18207 2
10602 2
2750 1
10945 2
2754 2
16534 0
2762 2
2764 3
2765 2
10961 0
2778 2
2779 2
10973 2
10974 3
2783 3
2784 0
2788 0
2791 2
2792 2
2793 0
2794 3
10988 0
466 3
10992 2
2801 2
2803 2
10996 1
2807 3
1437 3
11003 0
2817 0
5931 2
11016 0
2825 2
2835 2
8665 2
11035 0
11038 2
11040 3
11042 2
2851 1
11045 2
2854 1
1841 2
11051 3
2860 0
11053 2
11055 2
11056 0
10461 2
11059 0
11065 2
2880 2
11073 1
2886 0
16865 0
2890 3
2891 2
11085 2
11087 2
11089 2
11092 3
11093 0
11094 1
2903 2
2904 1
11097 1
2908 0
485 2
3216 2
11106 1
17555 3
11109 2
2919 0
11112 1
18236 3
4583 1
2925 2
11118 0
2927 2
2928 1
2934 0
2935 2
11128 2
11132 2
3644 1
2944 2
11138 2
11139 1
11144 1
11149 0
5874 2
11155 0
11158 2
2968 2
2973 2
11169 3
2980 0
11173 1
2983 2
11176 1
2986 0
10055 2
2988 0
2992 2
2995 2
3000 2
500 2
11194 2
3007 2
11202 0
3012 2
11205 0
3016 1
4599 1
11214 2
11215 1
11218 1
11220 1
3032 2
11225 0
11226 2
3037 0
3038 1
3040 2
16891 3
11236 1
3047 0
3048 3
3049 2
3058 1
3059 0
7337 0
11258 3
11259 2
3069 0
3072 0
11265 3
11268 2
3079 2
11273 3
11277 0
3087 2
11285 0
3102 2
8709 1
3105 1
11299 1
11300 2
3109 0
11302 0
11307 2
11313 1
11315 0
11320 0
11321 1
11323 2
11327 2
18272 0
3138 1
3139 0
3140 1
11334 2
14177 2
13387 1
11338 2
11339 2
4621 2
3162 1
3165 1
11364 1
3177 3
3178 1
11371 2
11372 0
3182 3
11379 3
6380 0
18281 0
11391 0
3200 0
11393 2
4471 1
11397 2
11398 2
3212 1
3215 2
11408 2
4632 2
3218 3
3220 1
3225 2
3230 1
3232 0
11425 2
11428 3
3237 1
11430 0
11431 2
3244 0
3246 2
108 2
3251 0
11444 2
3253 1
3257 3
11450 2
11451 1
11452 2
3261 1
3263 2
3264 0
11457 2
11458 2
3268 2
3269 3
11463 1
3272 0
11468 0
3274 1
3276 1
546 1
3280 2
3286 1
3287 2
3291 2
11484 1
10106 2
8293 1
18659 1
3305 1
11499 0
11502 2
11503 0
14022 2
3314 3
11510 2
3319 1
3320 2
11513 3
5423 0
3325 0
3327 0
3328 1
11521 1
11522 2
16939 1
3333 1
11531 1
11532 2
9113 0
11540 2
8750 2
11543 2
11544 2
3353 1
3354 2
3358 0
3359 3
11553 2
11554 1
3375 2
18312 1
11570 3
3380 1
3381 1
11574 2
8756 2
3389 2
11584 3
18662 2
11586 0
3395 1
3399 0
11593 3
3406 1
3407 0
11613 1
3422 1
11615 1
3424 3
13753 1
11618 1
3427 2
11626 0
3440 1
11633 0
11634 2
3444 2
3446 2
11639 1
11640 2
11641 2
12863 1
3453 2
576 2
3461 0
11654 0
577 1
11660 1
11662 2
11663 0
11668 2
11672 2
3483 1
3485 1
11678 0
3487 0
11504 3
3491 2
4678 1
3494 2
8775 0
3501 1
3503 2
18334 1
11704 2
3515 1
11710 1
3520 2
3521 2
3526 2
7415 2
11724 2
11731 2
11738 1
16975 1
11742 0
11743 1
11744 2
3557 2
3564 3
3568 0
18344 2
11764 2
3575 1
8788 2
11773 2
11779 0
7425 3
11786 1
1965 2
11798 2
11800 2
11808 1
11811 2
3621 2
3622 2
3628 0
18354 0
3630 2
16989 1
3633 1
3634 3
3637 2
11831 1
11833 1
11836 0
11838 2
11839 3
1758 3
11841 2
11842 0
11844 2
18358 3
11848 2
11850 3
3659 0
11852 1
8802 1
3662 0
3663 0
11856 3
11857 0
3671 2
3672 1
3674 2
3675 1
18362 3
12901 2
9397 2
11874 1
3683 1
11877 2
11878 1
3688 1
3690 2
13557 0
11887 2
11889 1
3702 2
3703 2
3704 1
11897 0
3706 2
11902 2
11905 3
11913 1
3351 3
714 1
3727 2
3728 2
3730 2
3731 1
8814 2
11926 0
5580 1
3742 2
11936 0
3745 2
3747 1
11941 2
3750 1
8817 1
11944 2
1992 2
11957 0
3769 2
3777 2
3781 1
3787 2
3791 2
3792 0
3796 2
11995 3
3805 2
7461 1
3810 2
15654 2
12006 0
17020 3
3819 0
12013 2
3825 3
17022 0
3834 2
12040 0
12042 2
12053 1
3862 2
644 1
17429 0
12065 0
12066 0
6107 2
3876 2
12069 1
3880 0
12076 2
12077 2
3887 2
3889 2
12086 1
12089 1
244 3
14265 2
12100 2
12103 3
12106 2
12110 2
12127 2
14310 3
8849 2
12136 2
12139 2
12141 1
3950 0
15008 2
12153 1
12154 0
7487 1
12157 3
12158 2
3968 3
3392 1
12162 1
12165 1
3974 3
12170 2
8855 1
12172 1
12173 0
3985 2
12181 1
12183 2
12184 2
12188 2
12191 0
4000 0
4003 1
12196 3
14321 2
12202 2
12206 1
4766 1
4022 0
17055 2
12223 1
12225 2
12228 1
4039 2
12232 2
12235 0
8866 0
4046 1
4049 1
4771 2
1226 1
4058 2
4059 3
12255 1
4064 3
12258 2
12260 1
12265 1
12266 2
12272 2
12274 0
12277 0
4086 2
4087 0
10229 1
4093 1
12289 1
12292 2
12293 3
4102 3
17068 3
4106 2
12300 2
12304 0
4115 0
12309 0
12312 0
12314 2
4123 1
4124 2
4125 1
4126 0
12320 3
4131 0
12325 0
7516 2
4140 0
4141 0
4148 1
4151 2
12344 2
4153 2
12346 0
12348 1
4164 0
12360 1
4171 1
4173 2
4175 2
4176 3
18446 2
12375 1
12377 2
12380 0
4189 0
12388 2
4200 3
4201 2
4204 0
12399 2
12402 1
4212 0
12405 2
4214 0
12408 0
12410 2
4220 2
4221 2
4222 2
10261 2
4226 0
4228 1
12424 2
12428 3
4237 0
12430 1
12431 3
12433 2
4245 2
4249 1
12445 2
12448 1
4262 2
4263 2
12457 2
12465 1
12470 2
17097 2
12477 3
12480 2
7542 2
12488 0
4297 0
7543 2
4302 1
12496 1
4305 1
4308 2
12502 2
12503 0
4313 2
4314 1
4318 2
4320 2
12513 2
4325 2
4327 1
4328 3
13010 0
4335 2
12532 2
4342 2
12535 2
12539 2
12541 1
12543 2
12544 0
4354 2
2091 2
4357 1
4359 2
12553 2
12554 3
4363 2
2873 0
4367 3
12563 2
4374 2
12569 1
4378 0
4380 2
12573 0
4383 2
4385 1
4389 2
4390 1
12584 2
4393 3
12588 2
12591 1
4402 1
2099 2
12596 2
12598 1
12601 0
12603 3
12615 2
4428 1
12622 1
4433 1
12626 2
12628 1
3470 1
8932 0
7567 2
12636 0
12638 2
4449 2
10299 2
5331 3
12649 1
12652 2
12657 2
12660 2
4470 1
12663 2
4472 2
12666 0
746 2
12672 3
12674 3
17131 1
357 0
7613 0
10305 2
12681 0
12684 1
12686 2
17133 0
4497 0
4498 2
8942 1
12696 1
751 3
4509 1
4511 1
4512 0
4514 2
4515 2
4516 0
4517 1
12712 3
12714 1
10311 2
4524 1
12717 1
12718 1
4527 1
4528 2
4532 1
12727 1
4536 0
4537 2
12730 1
4539 1
4540 1
12733 1
12734 0
13045 1
12737 1
4546 1
12739 2
12740 0
12742 1
4552 1
12748 2
4557 1
12750 2
4559 3
12754 2
4566 2
4570 1
4571 0
4573 1
4574 3
4575 2
12769 2
4579 3
4580 1
4581 1
12775 0
4584 0
8956 2
12780 1
12782 0
12786 0
12788 2
13054 1
12790 0
7593 2
12792 1
4601 1
12794 3
17151 2
4605 2
4609 1
12803 1
12807 3
12808 3
7596 1
8962 3
12815 3
6250 2
4626 2
12819 1
4630 0
12824 3
4633 2
12828 0
427 2
12830 3
4644 1
14428 3
4650 2
12843 1
4652 3
4653 0
4656 1
4658 2
4659 2
12852 2
4661 0
4662 0
12856 2
1239 0
4667 2
12861 2
12862 2
4671 0
4673 0
4674 1
12867 1
12870 1
12872 2
12873 1
4683 0
4688 1
12882 2
12883 1
12885 1
4696 1
4698 2
12898 1
12900 1
4709 1
4712 2
12905 3
4716 3
786 0
4719 0
17271 2
4721 2
7795 0
4724 2
4726 1
12919 1
13076 3
7615 2
4733 2
4735 3
12930 2
12931 0
4741 1
12934 0
4748 1
12941 1
4751 0
12946 1
4755 1
12949 2
12953 2
10351 2
12958 0
4768 2
12963 1
12967 0
4776 2
17180 2
4779 1
12972 2
4788 3
2164 2
4795 3
15818 2
4798 0
4803 3
4805 1
12998 1
4807 1
4808 1
13001 1
4813 1
4814 2
4815 2
13009 2
4818 0
8995 2
4820 2
13014 2
6980 1
4826 1
4827 1
13021 0
4831 1
4836 0
13029 3
4838 0
4839 0
4842 1
4844 1
4848 1
9000 1
13043 2
4853 0
4855 2
13051 2
4862 1
4863 1
13056 0
13057 2
13058 0
13060 0
7638 1
4871 0
4872 2
4878 0
13075 2
4884 0
13077 2
13078 0
4887 1
4897 2
13097 2
4906 3
4911 2
13106 2
13107 0
13108 0
4916 2
4931 2
13124 3
13128 1
13133 2
4942 0
13135 2
4948 2
17209 1
13146 0
13148 2
13150 3
4961 1
4962 0
13157 2
13159 3
13164 2
4978 1
4979 1
4980 1
13173 2
17215 0
13183 0
4992 1
4997 2
13196 0
5006 1
10392 2
11078 2
5013 3
13206 1
13208 2
13214 1
7805 2
5030 2
7665 0
5033 3
13229 2
13237 1
5047 0
3572 1
13244 2
13245 2
5054 1
13250 2
13256 1
9036 3
5067 2
18594 2
5072 3
13266 1
10403 0
13270 3
13271 1
13272 0
2212 1
13275 2
13277 2
13283 2
5093 2
5095 2
13288 2
5099 1
5100 2
850 1
13295 1
13300 2
13301 2
13302 1
13308 1
13310 1
5121 2
5122 2
5123 2
5125 0
10412 2
10413 0
13329 2
5138 0
13331 2
13332 2
5143 1
5147 2
5155 0
13348 1
13349 0
5158 0
13351 2
17244 0
5162 2
13355 2
17245 1
13360 2
14966 0
13363 2
862 0
13366 0
10420 2
13371 3
13372 1
13373 2
13374 2
11873 1
5185 0
5186 0
5187 0
5191 2
13384 2
10423 0
5196 2
5197 3
5198 2
10291 1
5202 3
13395 2
5210 3
5211 2
9448 0
5214 2
13412 0
13414 2
5226 1
13419 1
17632 1
13424 2
13428 3
5241 2
5244 0
13439 1
5248 0
13446 3
5258 1
5265 2
13458 0
13459 0
18179 1
13467 2
5276 2
13476 3
13481 2
5292 2
5293 2
13486 1
7709 3
5298 1
13495 0
13497 1
13498 2
5307 0
13501 1
13503 2
13504 2
5313 2
5318 0
13512 1
18636 2
5322 2
9079 1
13520 2
3619 2
17273 2
5336 1
7716 0
5338 0
5341 1
5345 2
5348 3
13542 0
5351 0
5352 1
5353 3
13551 2
5361 2
5362 2
9453 3
13556 0
5365 3
13560 0
13563 2
5373 1
5374 1
9999 2
9088 3
5378 2
13571 2
13572 2
13573 2
13580 2
13586 0
13596 2
5406 0
13600 1
13605 2
5414 1
13607 2
13608 2
13609 2
5418 1
5419 2
5422 2
2269 0
13616 2
5909 3
13621 2
13622 2
13624 1
15924 1
13626 3
5436 3
5437 2
5440 0
13633 0
5443 2
5444 2
13638 2
13640 1
13647 2
13650 3
5459 3
5463 1
5464 2
17276 0
5472 2
5477 0
5478 0
13671 1
5481 0
13674 0
5485 0
5486 2
13679 2
5490 1
13683 1
3646 0
5495 3
13690 2
13695 2
13697 2
13698 1
2283 2
5513 2
13710 2
5524 2
13717 2
921 2
13720 2
13721 1
13724 3
13727 1
5538 0
5539 1
5542 2
5548 2
13741 2
5556 1
13750 2
5561 2
13754 2
5564 1
13759 0
13760 2
5569 1
5571 1
5573 0
13768 3
13769 0
13772 2
13773 0
5587 1
5588 3
13782 2
13788 3
13789 3
13790 1
5603 0
5613 1
13808 2
5619 1
13817 1
5627 1
5630 2
5632 1
13828 1
5639 2
13834 2
5643 3
13836 2
10498 2
5646 2
13841 0
5654 2
5658 3
13851 0
13852 2
3973 1
5672 3
5680 1
9139 2
13879 2
13884 2
13893 1
13895 0
13896 0
6412 2
13898 3
13900 0
952 1
13906 1
13907 0
5719 1
5720 2
13913 0
13920 2
5731 2
3686 1
13927 1
5736 2
13935 1
13937 1
14611 1
13941 0
18708 2
5758 2
5761 1
5765 2
13965 0
13967 1
5776 2
13970 0
13978 2
5787 0
18714 1
18715 3
13993 2
5804 1
13997 0
5808 2
5064 2
5811 2
5812 0
5814 2
5819 1
5821 2
14015 0
5824 2
3740 0
5830 2
14023 1
11896 1
14036 1
10833 2
5847 0
14040 1
14041 2
5850 2
2377 0
14053 2
5862 2
5863 2
5871 3
14066 3
14068 0
14070 0
5879 2
5881 2
15999 1
14077 3
5891 0
14084 1
5895 2
5896 2
5903 2
14100 0
6446 2
14103 1
5916 1
14116 1
5925 2
14123 1
14126 2
14127 2
14128 2
14133 2
14928 2
14138 1
5947 0
14142 3
5951 0
17376 0
14147 2
5961 2
14156 1
18475 0
5978 0
16015 1
5982 2
5985 2
5987 1
5989 2
5659 0
14184 1
5995 1
11922 1
6002 1
14198 3
14201 0
14202 3
6011 2
6013 2
6017 2
6018 1
6019 1
14212 2
6021 2
14214 2
14216 2
6028 0
14221 0
14224 1
14228 0
6044 3
6045 1
14238 1
14243 1
6053 1
6057 2
18760 3
6068 2
14261 0
6071 2
14264 2
6073 2
14268 2
13023 2
859 2
14274 2
6084 1
14277 2
14278 2
14281 2
6094 2
14287 1
13734 1
6103 2
6105 1
10575 1
6108 2
14302 2
6111 1
6112 0
6480 2
6115 3
8387 1
6481 2
14316 2
14317 0
7848 2
14322 2
14323 2
6135 2
477 2
6140 2
14334 0
6144 1
14337 1
6146 3
14341 1
6150 0
13313 2
6152 3
6153 0
6154 2
2391 0
6156 0
6158 2
6161 1
6164 2
14359 1
14360 1
6169 2
14364 1
14365 3
6174 2
14367 1
6176 1
6177 1
14371 1
6182 0
6185 2
6187 2
14380 0
14382 2
14387 2
6196 2
14389 2
6753 0
14392 2
7860 0
6203 2
6206 2
14401 0
14410 2
14412 2
14690 2
6229 1
6231 2
14425 2
6236 0
7866 2
14430 3
14432 3
14433 2
6243 0
14437 2
5137 1
14442 1
6251 2
14444 2
6255 2
6257 1
14453 0
14454 2
6265 3
6266 2
14461 0
14463 1
14465 1
6274 3
14467 1
6277 2
6283 1
6284 0
6286 3
14489 1
14491 1
17435 3
14501 0
14502 1
210 2
6314 3
6315 0
14510 2
14511 0
14514 3
6330 2
6331 2
6332 2
6335 0
6336 2
14533 2
14535 1
14540 1
6349 2
14546 0
14547 3
6356 1
6357 2
14550 1
6359 2
6360 3
5156 0
3752 3
6367 2
1303 1
6370 2
10619 0
14571 2
14572 0
7890 2
6383 1
14576 0
14578 1
6393 2
16307 0
6398 3
14600 2
486 2
14604 2
6416 3
6419 2
6424 0
2436 0
1071 1
14627 2
6439 2
14632 2
6441 0
6445 1
14638 1
10632 1
14642 2
14645 1
6454 0
14647 2
14651 2
14658 1
6470 3
6471 1
14664 1
14666 2
6475 0
14672 1
14673 2
14677 2
5177 3
14680 2
14682 2
6494 0
6495 0
17947 1
6497 0
6498 2
6503 2
6506 2
6507 2
6511 3
6514 1
6516 3
6519 2
18836 1
6522 2
6523 2
6527 1
14721 0
14724 2
6533 0
14728 3
14731 2
18840 2
14738 3
13379 0
6553 0
14755 1
9493 1
1094 3
14760 1
14761 1
14767 1
6577 1
14774 1
6584 2
16116 1
14779 2
6588 1
1098 2
14782 2
14785 2
14787 0
14791 2
14792 2
14793 1
6603 1
6604 2
6221 1
6608 2
6610 3
6563 3
14804 2
14809 2
6619 2
6621 2
6626 3
6632 2
14829 2
14838 1
6647 2
14842 2
14845 0
17493 0
14850 2
6662 2
6664 2
14859 1
14860 2
6671 3
14865 0
14866 0
14867 0
14868 2
6679 2
14874 2
6683 2
14878 2
6687 2
14880 2
6689 2
6690 1
6692 2
6697 2
6698 1
6702 1
16590 3
14899 1
6708 1
6709 0
14902 2
14904 2
6713 0
6715 2
6718 2
14911 0
9312 2
14914 2
6723 1
6724 2
6730 1
14923 0
14925 2
6736 0
14929 1
6740 1
6741 0
14934 2
6744 1
4777 1
754 2
14945 1
6754 0
17510 2
14951 2
14952 1
14953 3
14957 1
14963 3
6774 0
14972 2
17514 2
6782 1
2500 2
2496 1
14978 3
6787 0
14984 0
6794 2
6796 0
14989 0
13421 0
6803 1
6806 0
15000 0
6809 0
6810 1
15004 2
6816 1
15009 2
1591 1
17522 0
6600 0
6836 1
6837 1
6839 3
15034 2
6844 0
15039 2
15040 1
15041 2
6850 1
6851 1
6855 1
15051 2
15053 2
8139 1
15055 2
6867 1
15060 3
6871 0
15067 2
15068 2
6877 0
6881 2
15074 0
15075 2
6884 0
15080 2
15084 3
15085 2
6898 1
14803 2
16051 0
15095 1
15097 2
15102 1
2517 0
6912 2
6913 0
15109 1
15110 1
6922 1
15117 2
15118 1
3885 2
15122 2
9347 1
6933 3
15126 1
6936 1
6939 2
2522 3
6942 1
15135 2
15136 1
6946 2
14811 2
15140 0
6950 0
6951 0
15144 0
15145 0
6959 0
17544 2
15156 3
15157 2
6967 2
15160 1
15162 1
10719 0
15167 2
15170 1
15172 2
15175 1
6984 1
15182 0
6993 2
353 2
15188 0
6998 2
7001 0
7002 2
15195 2
7004 2
15197 2
7006 2
7008 2
7009 2
4411 3
11335 2
7016 2
7017 1
7018 1
15211 3
15212 3
15217 2
5267 0
7029 0
9364 2
15228 0
7039 1
8612 0
15235 1
7045 2
15241 2
7052 1
7055 1
7056 2
15250 3
15251 3
15252 1
15260 2
15261 2
15264 2
15266 1
7076 1
7085 0
15278 3
15279 2
6812 1
15284 1
7094 2
7097 2
7100 0
15293 0
7105 1
15298 1
7108 1
6646 1
15304 2
7115 0
15308 1
16331 1
7120 2
15316 1
8014 2
1601 1
15319 0
7129 2
15324 1
15329 2
7138 0
7139 0
15333 2
7142 1
6653 1
7154 1
7155 2
7158 2
17577 1
15355 2
7164 2
7166 3
7169 1
15363 2
15368 3
15374 0
13485 2
15376 3
15377 2
15378 0
2563 2
15381 2
15383 2
7193 1
18516 2
16061 1
15400 2
15405 2
7214 2
15409 2
7219 3
15413 2
7227 2
7229 0
7230 2
15423 0
15428 2
15430 1
7246 2
15440 1
16881 1
7253 0
15448 2
7264 2
15457 2
9403 1
15468 0
1213 1
7282 2
15484 1
15487 3
15490 1
15491 1
2582 2
15496 0
7306 2
15500 2
15503 2
15507 2
15509 1
15514 0
15515 0
17042 2
15519 1
15522 1
15523 0
7332 2
15525 2
7336 0
15529 0
5320 0
2231 2
5321 3
2591 0
17610 2
7358 0
15552 1
7363 0
15558 1
7367 2
15560 0
15561 1
7372 2
15565 1
7374 3
15567 1
15568 3
15570 0
15579 2
7388 2
15581 1
15582 0
9424 1
15590 1
1233 1
15593 0
7407 2
15600 2
7409 1
15602 2
15603 1
15606 2
15607 1
9428 2
15616 0
15617 2
15627 1
15628 3
15629 1
15633 0
15634 0
15635 1
15638 2
7447 2
15641 0
15645 3
15647 1
15649 3
7459 2
15653 0
7462 1
15657 2
15658 2
12765 2
15665 1
15669 1
15670 3
7480 1
7481 1
15675 2
15676 0
15677 1
15679 0
7489 2
7491 2
15684 0
17633 3
6712 2
7510 0
15704 0
15705 1
15707 1
15708 2
15712 0
15714 1
15717 0
7529 2
15722 2
7532 2
15725 0
15726 1
13544 2
15734 2
13545 3
15736 1
15738 2
15741 1
16464 1
15744 2
15746 0
7555 0
15750 0
14913 2
7561 2
15755 0
15758 2
15759 3
7568 2
7569 2
7571 1
15764 0
15770 2
7580 2
15773 2
15775 0
15776 2
8091 3
15781 1
15782 1
17649 1
15785 0
15786 0
15788 1
1266 0
15790 0
16285 0
15792 2
15794 1
17651 0
15805 2
15807 2
8096 2
7618 0
9462 2
15816 2
7626 2
7631 0
15824 2
7634 2
15827 3
15830 3
7639 2
7640 3
7645 0
15839 1
7649 2
7651 2
15845 2
15847 1
15852 2
15853 1
15855 1
15857 0
15859 1
6925 0
7676 0
7677 3
15871 1
15873 0
7683 2
7691 1
15886 0
7695 2
7699 2
7702 2
15895 0
15898 2
2166 1
17669 2
15906 2
15907 1
15908 1
7719 1
7720 0
5167 1
15915 1
15919 0
7730 1
15923 1
7732 1
10846 2
7734 2
803 2
18534 2
7747 2
7751 2
15954 1
15957 0
7766 1
15959 1
15962 0
7778 0
12219 1
7783 0
7784 0
15979 1
15983 2
15984 0
7793 3
3260 0
7796 3
15991 0
7802 0
7803 0
15997 1
7807 2
16000 2
16001 0
4033 2
7819 3
6765 0
7828 3
16021 0
7831 1
7832 3
16026 2
10863 0
7838 2
11445 1
16034 2
16035 3
16036 1
16040 2
16041 1
16043 2
7852 3
16049 1
16050 3
6771 3
16052 0
16056 1
16058 0
9503 2
7869 2
16064 2
7873 1
16066 1
7875 1
16068 2
16069 2
7878 0
16073 1
16076 2
4627 3
16081 2
16082 2
7891 2
7894 2
16087 2
16088 1
7898 0
16091 2
7901 0
7902 0
16630 3
7906 2
7910 3
16106 2
16108 2
16109 2
16110 2
16115 2
7924 3
7927 1
16120 1
7936 2
16133 1
16134 0
7943 2
7945 2
7947 2
16142 1
16143 2
7955 2
4484 1
9518 2
16150 2
7963 2
16158 3
5448 0
10855 1
7974 0
7975 2
7976 0
16176 0
7986 2
16183 2
16186 2
16192 0
8001 1
16196 1
16200 0
16202 0
16206 0
16207 0
10894 3
8022 0
8024 0
16226 0
8036 1
8042 0
8044 1
16238 3
17725 0
2072 2
16244 1
8054 2
8169 2
8170 2
8179 2
16259 1
16261 1
16263 2
16265 1
16266 2
8075 2
8080 0
8083 0
1363 2
16277 2
16279 0
16283 0
10906 2
8095 3
16288 1
16289 1
16290 0
10907 1
16292 0
8101 1
8102 1
8103 2
16297 0
16301 1
16305 0
8115 2
16309 1
16318 0
4085 1
16321 0
8137 2
12279 2
16376 2
8146 2
8149 2
16343 1
16344 2
16345 1
8154 3
16355 1
16359 1
8188 2
16362 2
16366 0
16371 2
16372 1
545 2
8182 2
8184 2
8186 2
16379 2
16380 0
16381 1
8190 2
