16384 0
8193 0
16386 2
16389 0
0 0
16391 1
8200 0
16393 2
8202 0
16395 0
16396 1
16398 0
8210 0
4099 2
16404 3
16405 2
16406 0
8219 2
16412 0
29 0
16414 2
16415 2
8224 1
16419 1
8228 2
8229 1
8233 1
8234 2
16429 2
16430 2
16433 2
16439 1
16441 2
8250 1
16443 2
16444 0
16445 2
62 2
2741 2
66 1
16451 0
16452 1
69 1
8262 2
9569 2
16456 2
73 2
74 0
16459 2
16460 2
16461 2
8270 0
79 3
16464 1
2744 0
82 3
16469 1
8278 2
6841 2
88 2
8282 2
7365 0
16476 2
16477 2
16478 1
8288 2
16484 1
8293 1
16489 3
1383 2
109 3
16494 0
112 3
12006 0
8675 2
118 1
12279 2
120 3
16505 0
122 3
18813 1
16509 1
126 2
16511 0
128 1
16513 1
8322 2
16516 1
133 2
8327 3
16520 2
16521 0
16522 1
8331 2
6850 1
15734 2
18281 0
144 2
8337 0
8338 2
147 0
8340 2
150 2
151 1
8345 3
8346 1
8348 2
8349 2
158 3
16543 2
8238 0
16411 1
8356 3
166 1
16552 2
12316 2
8363 1
177 1
16562 2
8371 2
16564 1
16568 1
185 2
187 1
16572 3
190 3
8383 2
192 2
8385 0
1115 1
195 2
197 2
16583 2
8392 2
202 2
16588 3
8397 2
207 2
208 2
8401 2
8402 2
4131 0
214 0
8407 2
16600 1
16420 2
218 3
220 2
223 2
8420 2
16614 0
1917 0
232 1
16618 2
8428 0
8430 2
17789 1
16627 0
16628 0
16629 0
8438 2
7803 0
16632 2
8441 2
9599 0
8444 0
8445 3
16638 0
8447 0
16640 1
17792 0
12331 2
16645 1
16646 1
8455 0
16650 0
17896 1
8461 3
8462 0
271 2
274 2
16659 0
8468 0
8469 2
8470 1
280 3
8474 3
284 1
286 1
287 2
8480 1
8483 0
8485 2
8486 2
8241 2
16680 1
16681 1
16683 2
300 2
16686 1
303 2
8496 2
8497 1
8498 3
16691 2
7648 0
313 1
13041 2
8507 2
16700 2
1418 0
8510 2
16704 3
16705 1
8514 1
16707 0
16708 0
8517 1
16710 3
15073 1
328 0
16713 0
8247 1
16716 0
333 0
16719 2
16721 1
338 1
6883 3
524 2
16725 1
342 2
8535 2
344 2
8539 1
16732 1
16733 2
8543 3
8544 3
16737 2
354 2
8548 2
8549 0
358 1
16743 2
9832 0
16748 0
365 2
61 1
16752 2
16753 2
371 0
8564 2
16446 0
374 2
657 3
8570 1
16765 2
8574 0
383 0
384 1
13379 0
4650 2
16772 1
16775 1
392 1
8585 1
8587 1
396 1
16781 0
8592 2
8594 1
15060 3
407 2
8600 1
68 2
410 2
16796 3
8261 2
8608 1
8609 2
16803 1
420 1
16807 1
16808 1
16809 0
16811 2
8620 2
8621 0
16814 2
17821 2
16817 1
16818 0
435 1
436 2
438 0
16824 0
8633 0
442 1
443 0
444 2
16829 1
16830 1
14745 3
16833 2
18564 0
451 1
16836 1
16837 1
454 2
455 1
16840 0
16841 2
458 3
16843 3
461 2
16846 1
4173 2
8656 0
6689 2
467 1
468 0
469 1
16854 2
16856 2
16857 1
8666 2
11187 0
16861 1
16862 1
16864 2
481 1
482 1
483 2
13292 0
16871 0
16874 0
491 0
16876 3
16878 0
8687 2
16880 0
8691 2
16884 1
6910 2
18293 0
505 3
7109 0
6911 1
509 3
510 2
8704 0
515 0
517 0
8714 1
16908 1
8720 1
8723 1
8725 1
534 2
8727 0
8728 2
538 0
16923 2
8732 1
90 1
16926 2
16928 2
545 2
16930 2
8739 3
548 1
551 1
16937 2
8746 2
16939 1
16940 2
6951 0
8751 2
8752 2
16946 2
564 1
16949 0
8758 2
8759 1
568 0
8761 1
8762 1
572 0
16957 2
574 0
8767 0
576 2
8769 1
8771 3
8772 0
16965 0
16966 2
8775 0
585 2
587 1
588 1
589 1
592 1
5560 1
16978 2
12387 2
16980 2
1465 2
8292 2
16986 0
8795 3
16989 1
606 0
8799 2
8800 1
609 2
16994 2
611 1
8805 2
8806 0
8807 2
8808 0
17852 2
618 1
8811 1
15122 2
8814 2
8815 2
17008 2
8817 1
17011 0
17012 3
629 1
630 0
13759 0
636 2
17022 0
6933 3
17024 2
641 0
8835 1
9115 1
17033 2
8842 2
651 0
652 2
654 0
17041 1
658 0
17043 0
17044 0
17045 0
663 2
664 0
17049 1
17050 1
17051 1
17052 2
669 2
8862 2
17055 2
8864 2
17057 0
674 0
675 0
676 2
17061 2
17062 0
679 0
17066 2
8875 2
17068 3
8877 1
6941 0
688 0
8881 2
17075 0
17076 1
2846 2
12225 2
4027 0
699 3
17085 0
12844 3
704 0
17089 0
8898 1
17091 0
8900 2
16502 0
8902 2
6945 0
8904 1
8905 2
8906 2
17099 2
716 1
717 0
8912 3
721 0
8914 2
8917 1
17111 2
728 3
730 2
731 0
732 1
17118 2
17119 0
8930 2
1311 1
17125 2
742 0
743 0
744 2
8938 2
17131 1
749 0
750 2
751 3
17136 0
2856 2
754 2
17142 0
17143 1
760 1
17145 1
762 1
17147 0
764 2
766 1
8959 0
17152 1
17153 0
17154 0
8963 2
2460 0
774 1
8967 1
776 3
17161 2
17163 0
780 2
17165 1
782 3
17167 2
17168 2
786 0
787 2
17173 1
790 2
17177 0
17178 2
11055 2
17180 2
17181 2
17182 1
16517 1
4918 2
8993 0
802 1
803 2
17188 2
8999 0
9000 1
17193 2
17194 2
16519 0
17197 0
17199 2
7675 0
16394 1
9011 2
820 2
17206 1
17207 3
17209 1
17210 2
17211 1
8330 2
9022 3
9023 2
832 2
17217 2
17218 1
139 3
17220 1
9029 0
15172 2
17224 3
17225 0
17226 0
17227 1
844 2
845 1
17231 0
17233 2
17234 3
13795 1
852 2
853 0
17238 1
17239 1
856 0
16527 2
17244 0
861 2
862 0
863 0
16528 1
9059 0
17252 2
9702 2
17254 1
12433 2
17257 0
874 3
875 2
17260 2
877 3
17262 0
9071 0
10535 2
17265 2
883 1
17268 1
888 2
889 0
890 1
17275 0
892 2
894 2
9088 3
897 1
900 1
17285 0
9095 2
904 1
17289 1
17292 1
11074 2
910 1
911 2
17296 3
17297 0
914 1
9109 3
13124 3
921 2
5615 3
17308 2
17310 1
17311 2
17313 2
18580 2
931 3
932 3
2886 0
11215 1
9127 2
16540 2
17323 0
17324 2
16847 0
9136 2
9138 0
947 2
9144 3
9145 0
17341 0
17342 2
8488 2
9153 2
9158 3
17351 1
17353 1
15308 1
11085 2
17360 2
15581 1
8355 0
17364 2
17367 1
17368 1
9178 1
17376 0
9186 2
17379 2
16550 1
15185 0
17388 2
17390 1
17391 0
9201 0
1010 1
17395 2
17396 2
1013 2
17399 2
9209 1
17402 1
17404 1
9854 1
9214 3
9216 0
9217 2
9218 2
9219 1
1028 1
9223 1
9224 1
9226 3
1035 2
9228 2
1037 3
9230 0
17424 1
1045 1
17430 2
17432 2
17433 1
1052 0
17437 0
1054 2
9247 0
17440 2
1057 0
9250 2
1589 3
9252 2
2763 0
9257 0
17450 1
9310 0
178 0
9262 2
1071 1
9264 1
1073 3
9266 3
9267 0
17460 1
9269 2
9270 2
17463 1
9274 2
5642 0
9278 1
1088 0
14028 1
9283 1
17476 0
17477 1
9286 0
9287 0
17480 2
1098 2
9292 1
17485 0
17486 0
9296 3
12472 1
17491 2
17934 2
17494 2
17495 1
7012 0
17498 1
9307 2
9308 1
1118 2
17503 2
17504 2
17505 0
17506 2
17509 2
9319 2
17512 1
1129 0
9322 1
9323 0
9324 1
9326 0
17520 1
1137 0
17522 0
15174 2
9332 2
8791 2
17532 2
1149 0
1150 2
9343 2
17536 2
1154 2
9347 1
17541 1
17542 1
12481 0
17544 2
1162 3
9355 3
17548 1
17549 1
1166 2
17551 2
17552 1
17553 2
16579 0
17556 2
2926 1
1174 2
17559 2
17560 1
1177 2
17563 2
1180 1
9373 3
17566 3
9375 0
17568 0
17569 2
17793 1
17571 1
17572 2
17574 1
9383 0
1192 2
17577 1
17578 2
8391 2
17581 1
9390 1
17949 2
17584 3
200 0
1203 2
4536 0
9397 2
9398 1
17593 2
1210 3
11497 0
1212 3
1213 1
1218 2
17603 3
9412 1
17605 1
17606 1
11192 2
17612 2
9421 2
17616 0
11225 0
9427 2
9428 2
15317 1
1409 0
9437 0
7952 0
17631 0
17632 1
1249 0
1250 0
1251 1
10440 2
9446 1
17639 1
17640 1
17641 1
17642 1
1575 1
17645 0
9501 0
17649 1
17650 1
12499 1
15775 0
9461 2
17654 3
9463 2
8329 0
1273 2
1274 0
17659 2
17660 2
1277 1
17662 2
17663 1
17664 0
9473 1
1282 0
1283 2
9476 2
9477 2
17670 0
1290 1
215 1
1292 2
11138 2
17678 1
12591 1
18012 3
1299 1
9492 2
9494 1
1303 1
17689 2
14575 3
17691 2
17692 3
1309 2
9503 2
1314 1
17699 2
17700 1
2950 2
1319 0
1320 1
17706 1
1323 0
9518 2
17712 1
1329 3
1331 1
9525 2
17719 1
9528 1
17972 0
1338 1
9531 2
9532 3
9533 2
17726 2
17727 1
9536 0
10826 0
1349 0
17735 2
9865 3
1353 0
1354 1
1355 1
17740 3
9549 2
17744 1
11502 2
9555 1
9829 2
9560 3
16612 1
17755 0
6853 0
17757 1
1375 2
1377 2
17764 2
1381 2
9574 1
17767 1
1385 3
9578 1
9580 1
1389 3
17981 1
8424 2
2963 3
9588 2
9589 1
9590 2
17849 2
9592 1
1401 2
9594 2
9791 2
9597 2
15253 2
209 2
9601 2
7094 2
9604 2
17797 3
9606 1
1601 1
236 0
9610 2
9611 2
1420 0
9615 2
16687 1
9623 2
17817 1
17818 2
1436 1
9629 1
1438 1
1439 2
1440 2
4483 0
1442 2
17828 3
9637 1
1446 2
9639 2
1448 1
9642 0
17835 2
15324 1
9645 2
17838 3
7069 0
17840 2
17841 1
1458 2
8435 3
1460 3
17846 0
9656 1
9657 0
17851 1
1468 2
1469 2
9662 2
9663 2
1473 1
6859 1
1476 1
9669 2
9671 1
9672 1
9673 1
1482 1
1483 2
9676 2
8212 0
1486 0
17997 3
1488 1
9681 2
11171 2
9684 1
1493 0
1494 3
16633 0
9690 2
9691 3
9692 2
9693 1
9694 0
17887 2
9697 3
17892 0
1414 2
17895 0
9052 1
16636 2
9707 1
9708 2
9711 0
14140 2
9715 2
254 0
1255 0
6284 0
1538 2
17924 0
1542 2
1543 1
1544 1
1545 2
1548 2
9741 2
9742 1
17935 1
870 2
17944 1
1561 2
9754 2
7087 1
12271 0
1567 2
17952 2
11184 1
17955 2
17957 0
17959 2
1576 1
17961 0
9770 1
1579 2
17964 0
9773 2
18614 2
17971 2
9780 2
9781 1
1591 1
9784 2
1593 2
17979 2
1596 2
12554 3
17983 3
17985 2
1602 3
1603 2
9796 0
17989 1
9798 0
1608 1
9801 2
1610 1
17995 2
17996 1
1613 2
17998 2
9808 2
18001 2
1618 1
9812 0
12558 0
11193 0
5248 0
18010 0
9820 0
18015 2
4368 1
1634 2
15832 0
18022 1
9830 2
18023 3
18024 3
1641 2
10693 2
1639 2
12395 3
9838 1
18032 0
5736 2
17687 1
1651 2
1652 2
9845 1
1655 2
9849 0
18042 3
1660 1
1661 1
1662 2
1663 2
18048 2
8237 2
1666 2
1667 1
18052 0
1671 1
18056 0
1673 2
1674 2
1677 0
18062 2
9873 2
18066 1
9876 0
17514 2
9878 3
9879 0
1688 0
9882 1
18076 0
16666 1
9886 0
9887 3
1696 2
9891 3
18084 0
1701 2
1702 2
1703 1
16668 1
1706 0
18091 2
1709 0
8513 0
1711 2
1712 1
18097 1
1714 0
9907 2
18100 1
1717 2
1719 2
7695 2
9914 3
18109 2
18110 1
18037 1
9920 0
1729 1
18114 2
1732 2
1734 1
1735 1
9928 1
18121 1
18122 1
18126 0
18128 0
18130 1
18132 1
18133 2
1750 1
4388 0
1755 1
1695 2
18141 0
18142 1
18143 1
18144 2
1763 0
1764 2
18150 2
1767 2
1769 2
18155 1
18156 1
7122 2
1774 1
18159 2
18161 1
1779 0
18164 1
18165 0
18166 0
297 2
1785 2
9855 0
18027 2
1789 2
9982 1
18175 1
16677 2
1969 0
18178 1
299 1
1800 0
1151 1
18190 1
10000 0
11224 2
18197 0
10006 0
15321 1
18200 2
1817 1
18203 2
1820 3
3034 2
4425 2
18207 2
1826 2
13427 2
10020 3
559 0
1832 1
18217 0
18218 2
13959 1
18221 2
18222 0
10031 2
1840 2
18225 2
10034 1
12595 2
10036 2
1845 0
10038 2
1847 0
18232 2
10041 2
18234 2
10043 1
1852 1
18237 1
1855 2
1856 2
18241 0
17247 2
1860 2
10487 0
18247 2
10056 2
10057 0
18250 2
10059 2
18252 1
775 2
1872 0
18259 1
1878 0
10071 1
18264 1
1882 0
18268 1
18269 2
10080 2
13968 0
1890 0
18275 1
15334 1
18279 1
10088 1
10089 2
18282 1
3047 0
18284 1
1902 1
18287 1
6610 3
18289 0
18290 0
10099 2
18292 0
1909 0
1911 0
10104 1
10105 0
6931 2
18301 2
1918 2
18303 0
1921 2
18306 2
1924 2
18309 1
1926 3
1927 3
18312 1
1322 2
18314 2
18315 3
1932 0
10125 1
1934 0
18319 0
18068 1
2686 1
10133 1
1942 0
17785 0
324 1
1946 0
18331 1
18074 3
1951 1
10149 1
7516 2
10151 3
18344 2
1961 2
10154 0
10155 2
18348 1
18349 1
10161 3
1970 0
18355 3
18078 2
18358 3
1975 1
18363 1
2248 2
6067 2
10174 1
10176 1
1987 1
1988 2
7158 2
1990 3
18375 1
1992 2
332 2
18379 1
7977 1
18382 1
18383 2
18385 1
18386 1
13987 2
10196 1
2005 1
2006 1
5318 0
10201 1
12623 0
9893 3
2522 3
18401 1
4433 1
2025 1
10218 2
10220 0
18413 3
18414 3
18415 2
6942 1
2035 2
18420 2
18421 3
9897 1
18424 1
8532 1
18426 1
2043 1
10237 0
8797 3
2047 2
18432 1
3887 2
18434 3
2052 2
2053 0
10247 1
18442 1
18443 2
10253 2
18446 2
10256 0
5797 0
10261 2
2072 2
2073 2
2074 1
18459 2
4442 2
18463 0
14000 2
16731 0
10276 2
10279 2
10282 2
2091 2
10288 1
18481 0
2098 2
18483 2
10295 0
1716 1
10298 2
2109 0
18494 1
18497 0
2116 2
10309 3
10310 1
10311 2
18504 1
2121 0
16983 0
10315 0
2124 2
10317 1
10319 3
2128 1
10322 0
18515 2
2132 0
2133 1
16740 0
2138 2
10331 0
10332 1
10333 1
17802 1
10335 2
2145 2
18530 0
10339 1
10340 3
16742 1
18534 2
617 0
18541 0
2158 1
10351 2
18544 0
2161 0
10355 1
13711 2
1726 2
10358 2
4457 2
10361 0
10366 2
2175 1
2176 2
10372 1
11286 2
9921 3
18568 0
2185 2
10379 2
18572 0
2189 0
10382 2
2193 0
18579 2
2196 0
2197 3
12621 1
2199 2
10392 2
2201 2
2202 2
4463 1
18588 2
4379 2
10398 1
2207 1
2208 3
10401 2
18594 2
10404 2
2213 1
10406 0
10407 2
7166 3
18603 0
18604 2
10413 0
2222 2
10415 2
18609 0
712 2
10422 2
18615 1
4468 1
10426 1
10427 1
2236 2
16757 0
10432 2
10433 2
10434 2
18627 0
8258 0
9441 2
18632 2
18633 0
2251 2
2252 1
2254 2
5837 0
18640 1
18641 2
75 2
10451 1
18644 2
11532 2
16761 1
2264 2
18649 0
10460 1
16762 0
10462 0
16109 2
10464 1
2273 1
12667 0
18660 1
18661 1
18662 2
10471 1
2280 1
18665 2
10475 1
10476 3
10477 2
10478 2
381 0
18673 0
18675 0
17807 1
10486 2
18679 3
10488 2
18681 2
18682 1
17855 2
16382 1
18687 0
12079 3
10498 2
10499 3
2308 3
18134 2
10502 2
2311 0
18626 3
10505 2
10507 2
18700 2
10509 0
18704 1
18706 2
18707 1
10516 3
10517 1
10518 2
388 1
9352 1
18715 3
2333 2
10527 3
2338 2
17263 0
18724 0
18725 1
2342 2
2343 1
10537 2
4487 2
18734 2
10543 2
2353 1
7219 3
10548 1
1758 3
18743 0
3079 2
13600 1
18746 2
10555 0
2364 2
2365 3
18750 1
7221 0
2368 1
18753 0
2371 2
18756 2
18759 1
18760 3
2377 0
9563 0
2381 2
10574 2
10575 1
2385 2
2386 2
18771 2
18773 3
18775 1
18148 0
10586 0
18779 0
10589 2
18784 1
2402 0
2403 1
18790 0
10599 0
18792 2
2410 2
18795 0
1107 1
2413 2
10607 1
10608 1
18801 2
10611 0
10612 2
10613 1
18806 2
16993 2
2424 3
2426 1
18811 1
18812 2
2429 1
18814 2
10624 0
2433 1
2434 2
2436 0
18821 2
17474 2
10631 2
10632 1
1772 0
2443 0
10636 1
18157 2
2448 2
2450 2
2451 2
18837 2
18838 0
18839 2
18840 2
2458 0
10993 3
18844 1
10653 1
2462 2
18847 3
5872 0
18852 0
2469 0
10662 2
9969 2
2472 2
8604 2
5061 3
2475 1
18861 2
10670 1
10672 2
6902 0
10674 1
10675 2
2484 0
16799 1
9903 1
2494 0
2496 1
10689 3
2498 2
18511 3
2502 1
2503 0
2505 3
1783 1
10700 2
10701 2
10702 2
8611 2
2516 2
2517 0
10711 2
10712 2
6727 2
10714 1
2524 1
2525 1
11268 2
2528 0
3222 1
10724 0
9086 1
10726 2
357 0
2539 2
2540 1
13178 0
10734 1
9981 2
2544 0
2546 2
9632 1
10740 1
10741 1
2550 3
2551 0
2552 1
2553 1
17854 0
2555 1
2556 1
2558 1
3157 0
10752 2
10755 0
2565 0
2566 3
1722 0
2568 0
428 2
10768 1
2577 3
2578 1
10771 1
2580 2
10773 1
10774 1
10776 1
2587 1
2588 1
2589 0
10782 0
2591 0
10785 2
16726 0
10789 2
2599 2
2603 2
2604 0
2606 3
10799 1
10800 0
10801 2
8627 0
10805 0
10806 2
2615 2
10808 3
10809 1
10810 1
3167 1
10812 1
2621 1
2622 1
10815 2
2624 2
10819 2
14272 0
10822 1
2631 1
10824 0
10825 0
2634 2
4535 3
10829 0
10830 1
10831 2
2640 2
440 1
10835 0
10838 1
15460 0
5903 2
2653 3
2654 2
12909 2
10850 1
10852 2
10853 2
10855 1
2664 0
4540 1
10860 1
10862 0
10865 1
10867 1
446 2
2678 3
10873 0
17820 0
10878 2
10879 2
10880 2
10881 2
2691 0
10884 0
10887 2
10893 1
10895 1
1181 3
10898 0
10899 3
10901 2
2710 3
18201 1
127 1
8644 2
10906 2
10907 1
10908 0
6892 2
10913 3
2722 1
10915 2
10916 2
2725 2
15155 0
7183 0
17276 0
2731 3
10925 1
2735 1
10928 3
4552 1
2738 3
14003 2
2742 2
10935 0
2855 2
2746 0
1823 2
16842 1
9129 2
2751 0
2753 2
2754 2
2756 2
2758 2
2759 2
2762 2
11383 1
2769 0
1827 2
8654 0
18212 1
2778 2
2779 2
11386 0
2785 2
2786 0
2788 0
2789 0
2791 2
2792 2
2794 3
14119 1
2798 0
10991 1
2800 2
2801 2
2803 2
2807 3
16852 1
11002 3
11003 0
11004 2
5930 2
8599 0
11016 0
2825 2
2826 2
12759 1
11020 2
14006 3
2834 1
11029 0
8665 2
2840 0
15492 0
11035 0
2845 1
11038 2
15916 0
11041 2
2851 1
2852 1
11045 2
2854 1
1841 2
11048 0
11050 1
2859 1
11053 2
2863 0
6642 3
2868 1
11062 0
11065 2
2874 0
2880 2
11073 1
2882 2
2883 0
2884 0
11077 1
11078 2
12769 2
12377 2
2889 1
11082 2
2891 2
5279 1
2893 0
11086 1
11087 2
1848 3
11090 0
2899 2
11092 3
11093 0
11094 1
2903 2
11097 1
2909 1
11102 3
2911 2
16191 1
11107 1
2917 0
10190 0
11113 3
2922 1
2923 1
2924 0
2925 2
11118 0
2927 2
2929 0
11122 0
2931 2
4462 2
11126 1
11128 2
11129 2
10047 1
11132 2
10048 2
565 1
11140 1
11141 0
11142 1
2951 2
11144 1
11145 2
2955 0
11149 0
14283 1
6856 1
11155 0
8686 3
11164 0
2973 2
8688 2
2979 2
11173 1
2982 3
11176 1
10055 2
2988 0
4594 1
11421 2
2992 2
2995 2
2998 0
5961 2
3000 2
3001 2
11194 2
11195 3
11197 3
1867 1
11205 0
3016 1
1737 1
11214 2
3023 0
1119 2
11218 1
11220 1
11221 2
11222 0
3032 2
3033 0
11226 2
3035 3
11229 2
11230 2
3040 2
11233 1
3042 2
12795 0
3044 2
11430 0
11239 2
3048 3
3049 2
11243 2
3052 1
8285 1
12797 1
3056 2
3058 1
11254 2
11255 0
11259 2
11262 2
3072 0
16896 1
3074 1
12923 3
3076 2
4609 1
3080 2
11273 3
3082 2
11277 0
3086 0
3087 2
3094 2
11288 0
3099 0
3100 0
3102 2
3104 0
3105 1
11299 1
3110 2
11441 3
11307 2
3116 0
11309 0
13470 3
3120 0
11316 0
1195 0
12809 1
11320 0
3129 3
14175 0
3132 1
11327 2
1888 2
11330 1
3139 0
9379 1
11335 2
11336 2
3145 3
923 1
11343 2
11344 2
11345 1
11346 2
11349 0
11350 1
3160 0
11355 3
18277 0
5561 2
11364 1
11366 0
11368 0
3177 3
3178 1
3179 2
3180 3
21 0
3182 3
11379 3
3191 2
3193 1
3194 2
4409 1
5562 1
11393 2
1899 0
11397 2
11398 2
1900 2
11403 2
3266 0
3215 2
3216 2
11411 2
16279 0
3221 1
11414 1
11417 2
3226 2
3229 1
3230 1
11423 0
11424 3
11425 2
11428 3
3237 1
3238 2
3239 0
11432 0
3242 3
15559 3
3244 0
10098 1
11438 2
4637 1
11440 0
3249 1
3250 2
11444 2
3253 1
3254 1
3256 3
3257 3
11451 1
3260 0
3261 1
11454 0
3263 2
3264 0
11457 2
11458 2
3275 1
3268 2
11462 0
11463 1
3272 0
3274 1
11467 1
11468 0
3277 0
3279 2
3280 2
3281 3
11881 1
547 1
3286 1
3287 2
3288 2
17192 0
3291 2
11484 1
3294 0
11487 0
3296 0
3298 1
3299 0
18680 0
15149 0
3306 0
17484 0
110 0
3310 2
11503 0
3313 2
11506 1
11508 2
11510 2
3320 2
11513 3
11514 2
3323 2
3324 2
16938 0
12113 2
3327 0
3328 1
11521 1
11522 2
8747 2
3332 1
6112 0
556 1
11530 1
14043 0
14210 2
3342 1
11480 0
3347 0
11540 2
11544 2
3353 1
3354 2
3355 1
3358 0
10117 1
11553 2
11554 1
3363 1
6022 2
3366 0
3368 1
3373 3
3374 1
3375 2
3378 1
12851 1
3380 1
3381 1
8756 2
3387 1
3388 1
3389 2
12853 2
11584 3
3393 1
11586 0
3395 1
3396 0
16950 2
13076 3
3404 1
5369 2
3406 1
3411 0
3413 2
3414 0
3415 1
3416 0
11609 2
11610 2
3419 2
11612 3
11613 1
3422 1
11615 1
3425 2
11620 1
10207 2
3431 1
16956 1
3434 1
1938 3
3438 0
3440 1
9389 0
3446 2
3447 2
11640 2
3449 2
3454 0
16960 1
3458 3
12663 2
3461 0
11654 0
577 1
1605 0
3465 1
11658 0
11660 1
12866 2
5915 3
661 1
4480 1
11669 3
3480 2
3481 3
11674 0
12476 2
7408 2
3490 2
3491 2
11684 2
12870 1
3495 2
583 1
3503 2
3504 2
3505 0
11698 3
11699 1
3512 1
12392 1
18335 1
11709 1
3520 2
3521 2
11717 2
3527 2
8780 1
3118 0
3532 2
11499 0
8781 3
11732 0
17576 1
3548 3
11741 1
11742 0
11743 1
16976 1
3557 2
11755 1
3564 3
3566 1
3567 2
3568 0
17304 2
3572 1
11766 0
596 1
11773 2
3585 2
3586 0
11779 0
3589 1
3679 2
1964 2
3595 0
11788 2
11789 2
1965 2
3603 2
3606 3
16985 1
11800 2
11802 0
3611 3
11804 1
11806 2
11525 1
11808 1
3619 2
3621 2
11815 1
12190 0
3627 0
18354 0
11823 1
11824 1
3634 3
11827 0
11831 1
14045 0
11833 1
11836 0
11838 2
17539 3
10905 2
11841 2
11842 0
11844 2
3654 0
3655 1
5850 2
11849 0
11851 1
8802 1
11854 0
11856 3
11857 0
3666 0
8803 0
11860 1
11861 1
3671 2
3673 1
16997 2
7440 2
11874 1
11876 1
3685 2
5851 3
15633 0
3688 1
3689 1
3690 2
11884 2
7442 2
11887 2
3696 0
17000 1
11891 3
18366 2
3702 2
12905 3
3704 1
11900 2
17002 1
11904 1
11905 3
3714 3
4715 0
7446 2
11911 0
3720 1
11913 1
11916 0
3725 3
3727 2
11920 0
3352 1
8643 1
8952 2
11924 3
622 0
11926 0
3740 0
3747 1
3750 1
12640 1
7453 1
11952 2
14281 2
3775 2
12191 0
3778 0
3779 1
8822 2
3782 2
11978 0
8855 1
3791 2
3792 0
4728 2
6094 2
13142 1
12921 2
3801 3
8310 2
3809 0
8827 2
3813 0
3814 1
3815 1
3816 2
17201 1
3821 2
3822 3
4733 2
3135 2
8830 0
12023 1
3834 2
14293 0
12032 2
8832 2
15659 1
12037 2
17025 0
15131 1
12930 2
11565 1
10200 2
643 2
3862 2
2009 0
1444 2
12058 2
12062 2
12065 0
3876 2
12069 1
8858 2
3879 2
3880 0
3882 1
12076 2
14301 0
15356 1
12081 3
12082 0
8841 2
11919 3
12091 2
3901 0
14860 2
11573 2
17707 2
12097 1
12098 1
17035 2
12100 2
12102 0
12103 3
12104 2
12105 2
12106 2
12107 0
12108 2
12109 2
12110 2
9405 2
11577 1
3928 2
4768 2
3932 3
12406 2
17589 0
12130 2
12131 3
12134 2
12574 3
12136 2
12139 2
17042 2
3950 0
11581 2
3953 1
12149 1
12956 2
12152 1
660 2
12154 0
11583 0
3965 2
3967 3
12162 1
3974 3
12167 1
9116 1
3978 2
3979 1
12173 0
15681 1
3983 2
3985 2
12181 1
8625 2
12184 2
11588 1
14211 0
3995 1
12189 0
3998 0
3397 0
14320 2
8810 2
4003 1
7337 0
4006 2
10225 0
15084 3
4009 3
12202 2
4011 2
4013 2
12206 1
4017 2
4019 1
12212 1
4766 1
12214 2
671 1
8863 3
12221 0
12223 1
14046 0
17056 2
4034 2
15691 0
4037 3
17321 2
673 2
12232 2
12233 0
12238 3
4050 1
12243 2
4058 2
12251 2
12252 2
4063 2
4064 3
12257 0
12258 2
12259 2
12260 1
12261 1
12262 2
15697 0
12265 1
4074 1
12268 2
12270 2
4079 0
4080 3
4081 1
4084 1
4086 2
4087 0
4094 3
4098 1
17067 1
6473 2
12972 2
12298 2
4107 2
12300 2
12304 0
4114 1
4115 0
4118 2
12314 2
4123 1
4124 2
4126 0
18437 0
191 0
15707 1
12324 2
12325 0
4134 0
3420 2
12330 1
6151 2
4141 0
4142 0
4143 0
4144 0
6152 3
13777 3
11614 1
12343 1
12344 2
12346 0
3423 1
12349 1
12354 2
4164 0
12141 1
4776 2
15714 1
4175 2
12372 0
10254 2
12985 0
7611 1
4187 3
14867 0
12384 1
4195 1
4196 3
12390 2
18449 1
4200 3
4201 2
4203 1
4204 0
4205 2
4206 3
4209 3
12402 1
14355 2
4212 0
12990 3
4214 0
5712 0
4221 2
3141 2
4225 2
4226 0
4227 2
4229 1
12424 2
8757 2
12428 3
4237 0
4238 0
3437 0
16995 1
6168 1
12995 1
4245 2
4249 1
11871 2
4251 2
12445 2
12446 0
4255 0
4256 2
12449 2
4262 2
15729 1
4264 1
6172 0
12459 1
7538 3
12462 2
10269 0
12465 1
12466 1
12963 1
12470 2
713 0
4280 1
4284 1
714 1
18419 1
14368 2
16787 1
12484 2
4293 1
12486 2
6177 1
12488 0
4298 0
7543 2
4301 1
4302 1
12496 1
7544 2
4307 2
12501 2
12502 2
12503 0
4312 2
18468 0
4314 1
11649 2
4319 0
4320 2
17104 0
4322 1
4323 2
14374 0
17105 0
12521 2
4331 1
18035 1
4333 2
4335 2
4337 2
4338 1
4339 3
12532 2
4341 1
12634 0
12537 3
4349 2
4352 3
4354 2
18475 0
12549 2
4359 2
4362 0
12556 0
2873 0
4366 3
12560 1
17112 0
12562 3
4371 2
4374 2
15141 1
7556 0
4378 0
12571 1
4380 2
12573 0
8602 1
15749 1
12577 1
12578 0
12579 0
17604 0
15750 0
4390 1
4391 2
3463 2
4829 0
4403 2
12596 2
17059 0
13941 0
13023 2
4413 3
4418 0
12611 2
4421 0
12617 2
14391 0
4428 1
4429 3
12622 1
15757 2
14392 2
12626 2
4435 1
4436 2
7566 2
4439 2
12632 1
8932 0
2330 0
12635 0
12636 0
12637 1
13029 3
4448 1
3472 2
148 1
3661 2
13030 2
12647 1
12649 1
4458 2
12652 2
4461 0
12654 0
10301 2
12656 0
12657 2
4466 2
12660 2
8213 1
4471 1
12665 1
4475 0
12668 2
12669 2
12671 0
12672 3
8939 2
4484 1
4485 2
18173 2
10305 2
4491 1
4496 1
4497 0
4498 2
9468 0
4501 0
17215 0
12695 3
4504 2
10308 0
4508 2
3482 2
4511 1
4513 0
4515 2
18502 3
12711 2
4520 0
12713 2
12714 1
12715 2
12716 1
12717 1
4527 1
4528 2
4529 2
18393 2
17336 2
4532 1
12726 0
12727 1
12728 2
4537 2
4538 2
4539 1
12732 1
12733 1
4542 1
4853 0
4544 1
12737 1
4546 1
12739 2
4549 0
4550 0
7585 2
12744 0
10316 2
12747 2
12748 2
4557 1
12750 2
4559 3
17144 3
4566 2
8953 1
17610 2
12761 2
12763 2
4572 0
12765 2
4574 3
7589 0
4577 2
4578 2
8955 1
4580 1
4581 1
4582 2
4583 1
4584 0
12778 0
12780 1
12782 0
4591 0
4593 2
12786 0
4595 1
12788 2
1257 0
12790 0
12813 2
10324 1
12794 3
13055 1
4604 2
4605 2
18517 0
12800 1
1790 2
12250 2
4611 2
12804 1
12805 1
4615 0
4617 2
4620 0
4621 2
4622 2
12815 3
4624 1
4626 2
15157 2
4630 0
4632 2
14066 3
12828 0
7123 2
13061 1
12832 1
4642 0
14427 2
4645 0
12906 2
12840 1
12841 1
740 2
4651 0
4652 3
4653 0
4654 1
12847 2
4656 1
8968 0
4658 2
4659 2
4661 0
4662 0
4663 0
9929 2
4667 2
4668 2
12861 2
12862 2
4671 0
4672 2
12865 2
4674 1
12867 1
12869 2
4678 1
6241 1
12872 2
12873 1
12874 1
12875 0
12431 3
4686 2
4688 1
12882 2
4693 2
15801 0
4697 1
10522 1
4699 1
12893 0
12896 0
4705 1
4706 0
4707 2
4709 1
4710 1
12904 2
4713 0
4714 1
12907 0
4717 0
4719 0
4721 2
12914 2
4723 0
4726 1
12919 1
12920 1
4729 2
4731 2
4732 0
12925 1
4734 2
4736 2
12929 0
4738 0
4740 0
4741 1
7617 1
4744 1
12938 0
4748 1
7618 0
4752 1
12945 2
12946 1
12951 0
12953 2
12954 0
12955 2
4764 0
4523 2
12958 0
7621 0
12960 2
12961 2
4771 2
12964 2
4773 2
12966 3
12968 1
16776 0
12970 2
2323 0
4780 0
12975 1
4784 1
7624 3
4786 3
7775 0
12980 0
8990 2
12983 2
12984 2
4793 1
12987 1
4798 0
10357 1
8266 2
4803 3
210 2
12998 1
4807 1
4808 1
13001 1
13780 1
4811 3
13004 2
4813 1
4814 2
4815 2
15436 1
4817 2
13010 0
13012 1
13013 1
4822 0
13015 1
13017 1
4826 1
4827 1
13021 0
4831 1
4833 3
6267 2
4837 2
4838 0
4839 0
4843 2
4844 1
13037 1
4848 1
808 2
13043 2
13045 1
4854 0
4855 2
4856 1
13051 2
4863 1
13056 0
13057 2
4866 0
13060 0
4869 1
13062 0
4871 0
10563 2
4878 0
13072 0
9112 2
13074 0
6982 0
13078 0
2180 2
4890 2
13103 3
13084 2
4893 1
4894 0
13087 0
4897 2
4900 0
4901 0
4903 3
2183 2
13100 1
4909 0
4910 0
4911 2
13106 2
13107 0
4916 2
13110 1
4919 1
13112 1
4927 2
4928 0
4929 0
4930 2
13123 2
4932 0
7802 0
4935 0
13128 1
4937 2
13130 2
8659 0
13134 1
4944 0
13137 2
13138 0
4947 0
4948 2
13141 0
4950 2
4952 2
13146 0
13147 1
13148 2
9018 2
13150 3
13153 2
4963 3
6695 3
13160 1
6907 2
17213 0
4979 1
4981 2
13174 0
8622 2
13177 1
4986 2
4987 0
13181 1
13182 0
18581 2
4992 1
17216 1
4994 1
4997 2
13191 0
5001 2
10391 1
13196 0
5006 1
7661 0
13200 0
18584 1
13202 1
4931 2
5012 0
5014 0
13208 2
13209 2
13210 2
7663 2
5020 2
13214 1
5026 2
5030 2
5031 3
13227 2
2077 2
13230 2
13237 1
5046 2
11764 2
18591 1
13245 2
5054 1
5871 3
5058 2
8079 0
3574 2
5063 2
6988 0
13259 2
13260 3
13262 2
5071 3
5072 3
15864 0
13266 1
17421 1
13271 1
13272 0
5082 2
9039 1
13276 2
5085 1
5086 1
5088 1
5089 1
5090 3
13283 2
13288 2
13290 1
14503 2
5100 2
9042 2
5102 2
13295 1
4753 2
851 0
13300 2
13301 2
14955 2
13304 2
13140 3
5115 1
5116 3
5121 2
5123 2
13317 0
13320 2
10412 2
13322 2
13324 2
2221 0
13329 2
5138 0
13331 2
13332 2
10414 1
10264 0
5145 2
6319 1
5148 2
18365 1
4884 0
4955 0
5156 0
2225 1
860 3
4809 2
13356 2
5167 1
15175 1
5171 1
13364 3
2900 1
15194 2
5179 0
5180 0
13373 2
13376 3
5185 0
5186 0
5187 0
5189 3
5192 3
13385 1
15201 3
2231 2
5196 2
5197 3
5198 2
7693 2
13392 0
13395 2
5205 0
5206 1
5208 1
7112 1
3599 1
5212 1
13405 2
5214 2
13407 0
5219 1
13413 2
13414 2
13415 0
14983 2
13420 3
5229 2
801 2
13425 3
11795 3
9065 2
5240 0
5244 0
13437 1
13439 1
253 2
5250 1
9067 2
13444 1
9068 0
5258 1
7703 3
13453 1
2320 0
5264 3
5265 2
13458 0
2243 2
13460 0
4267 1
13464 3
5273 0
13466 1
879 2
14737 2
7706 1
12787 2
14533 2
5283 2
5285 2
16581 1
5290 3
5292 2
5293 2
7709 3
5297 0
9075 2
8087 0
16893 2
13497 1
13499 1
13503 2
5315 0
5317 0
13510 3
17635 0
5321 3
13514 2
13518 2
6349 2
13520 2
5329 0
4985 1
13528 2
17657 0
5338 0
18639 1
5340 2
9082 2
5342 0
7717 3
5345 2
5349 2
14545 3
5352 1
13545 3
5361 2
6725 0
13551 2
13553 0
5362 2
13556 0
5365 3
13561 1
5372 2
13565 2
5374 1
14549 2
17280 1
13570 3
13572 2
5381 2
13577 1
13578 2
13580 2
5389 2
11821 1
10456 1
13586 0
13587 2
13588 2
13589 0
10457 1
5405 2
9093 1
5408 1
13602 2
13603 0
5539 1
1040 0
13607 2
13608 2
2268 2
13610 1
903 0
11826 2
13614 2
13615 1
2491 0
13621 2
13622 2
5432 0
13626 3
13627 2
13628 1
5437 2
13631 2
5440 0
13195 0
5444 2
11638 2
13638 2
9100 2
14562 1
13647 2
5457 2
5459 3
17294 0
5463 1
13659 1
5469 1
12730 1
13664 0
912 3
2278 2
5478 0
13672 2
18663 3
13676 0
5485 0
5486 2
13680 0
5490 1
3037 0
5495 3
5496 2
5497 2
2345 1
7743 2
5501 1
5502 1
13695 2
13697 2
13698 1
13699 0
5508 2
5513 2
13707 2
3650 2
13710 2
5519 1
13712 0
13713 2
5524 2
13718 2
9113 0
13720 2
3652 0
12530 1
1837 2
13726 2
13727 1
6384 0
5538 0
17307 2
13734 1
2289 1
5545 1
17097 2
5549 3
13742 2
5553 2
10483 0
5556 1
13750 2
13752 1
13753 1
13754 2
5564 1
9418 1
5567 2
5568 3
3659 0
5573 0
5576 1
13769 0
5579 2
5580 1
5581 2
5583 2
5585 3
5587 1
5588 3
5589 3
13782 2
13783 2
5592 3
17316 2
5594 2
5595 0
5601 1
5603 0
5607 1
5608 1
5609 2
5612 2
5614 0
13807 0
5618 0
5623 0
5624 2
5626 3
5628 1
5630 2
7765 2
5632 1
5633 3
13828 1
13830 0
5639 2
5641 0
13834 2
5643 3
5644 3
5645 0
13838 1
5648 1
171 2
16555 3
5654 2
9312 2
5657 1
5658 3
5659 0
13852 2
5661 1
1947 1
5666 0
5668 2
18465 1
5670 1
13864 2
5674 1
13867 2
5680 1
5685 2
13878 1
5691 2
13884 2
9852 0
2099 2
5699 0
13898 3
13899 0
5057 3
16929 2
952 1
15971 2
5720 2
18096 2
13914 3
13915 3
13916 2
13920 2
13921 1
13922 1
13557 0
13927 1
13928 1
11672 2
10514 2
957 2
11880 1
13938 2
5747 0
464 2
13246 2
13943 2
2324 2
8167 0
5758 2
13951 3
5761 1
13544 2
18710 2
10012 1
961 1
5770 0
13965 0
5776 2
5780 1
5785 2
13978 2
18714 1
13253 2
5792 1
5795 3
17350 0
5798 2
17651 0
5800 1
13993 2
193 1
5803 1
7831 1
13997 0
6429 1
5808 2
5810 0
5811 2
17160 0
5813 2
5814 2
14007 1
45 1
5819 1
14012 1
5821 2
5822 1
14015 0
5824 2
13723 2
5831 0
5832 0
5836 1
14029 2
5839 2
5840 0
5841 1
4029 2
14036 1
5845 0
5847 0
14040 1
14041 2
14042 2
17359 0
5853 2
5854 2
1286 2
5859 2
5860 2
10534 2
5862 2
4014 2
5866 3
18727 3
5868 2
14063 1
14064 0
5874 2
14067 0
5878 0
5879 2
5886 2
14084 1
14091 0
16002 2
14095 2
14100 0
5909 3
14103 1
14107 0
5916 1
5920 2
17770 3
5925 2
416 0
10545 1
5928 2
5929 1
14122 3
5931 2
14126 2
14127 2
14128 2
14129 1
14131 1
14132 3
14133 2
11109 2
14137 2
14138 1
14139 1
5211 2
5108 1
5951 0
6472 0
14147 2
14149 1
248 1
7820 2
14156 1
14157 2
5967 3
14648 0
14166 2
14988 1
5978 0
14171 0
5980 3
5982 2
17381 2
5984 1
5985 2
14180 1
5992 1
10556 0
10869 1
14189 0
14190 2
5999 2
6000 0
5096 1
6004 0
14198 3
14199 1
3732 0
14202 3
6012 0
6013 2
14208 0
6017 2
6018 1
6019 1
14212 2
6021 2
14214 2
18055 2
14216 2
14217 2
14218 0
14219 0
14221 0
14222 0
3063 0
2383 1
14227 1
14233 0
14234 0
6044 3
6045 1
14240 1
12774 1
6053 1
6054 2
6055 1
6057 2
14252 0
14255 0
6064 2
14257 1
14259 1
6068 2
14261 0
14262 2
6071 2
6587 1
6073 2
14266 0
14267 1
14269 0
10568 1
1839 2
14274 2
14278 2
14280 0
18153 0
14282 1
13303 2
14286 1
14287 1
6101 0
6102 2
14297 2
14298 1
6107 2
6108 2
6109 1
14302 2
6111 1
14304 0
14309 0
6118 1
1020 0
6122 2
8660 3
18770 0
7569 2
4296 0
14322 2
6135 2
6136 2
6137 1
477 2
6139 0
6140 2
14335 2
14336 1
6146 3
14662 2
17409 1
14344 0
14345 3
6154 2
14347 2
6156 0
14349 1
14350 1
6159 2
14352 2
14353 0
1027 0
6164 2
2223 2
2393 3
14360 1
14362 1
14364 1
14365 3
6174 2
14367 1
6176 1
14369 2
14373 1
6182 0
14376 2
14380 0
14382 2
14384 0
14385 1
14386 2
16051 0
6196 2
13027 0
6200 1
6201 2
14394 2
6204 2
6205 2
6206 2
14403 0
13573 2
14405 1
14409 2
14410 2
8061 0
14412 2
14415 1
14417 0
1828 2
14420 2
9730 0
10573 1
6231 2
14424 1
1187 2
7866 2
14431 1
14433 2
7867 1
14438 0
14439 2
6248 2
14442 1
6251 2
14444 2
6253 2
7869 2
14449 2
15099 1
14451 0
6265 3
14458 2
7871 0
14461 0
6270 2
14463 1
6272 3
14466 0
13334 0
14474 3
17728 0
14476 0
14411 2
6643 3
13337 2
14488 3
14489 1
6298 1
12426 0
14494 0
16069 2
6304 1
14498 2
6307 1
7575 2
14501 0
10609 0
14504 2
6313 0
6314 3
14511 0
6330 2
6332 2
14525 1
14527 3
2422 1
14538 2
1058 2
14542 2
10616 1
14546 0
6356 1
6357 2
6360 3
12487 0
6367 2
13851 0
6369 1
6370 2
2427 2
6379 1
14572 0
16082 2
6383 1
14576 0
1188 1
6389 1
6390 2
14583 0
6393 2
14586 2
6395 1
5162 2
6398 3
14591 2
14592 2
10745 0
11990 1
7844 0
6410 3
6411 1
14604 2
5669 1
14611 1
7897 2
6424 0
10628 2
6426 1
6427 2
6428 1
3316 0
14623 0
14625 2
4033 2
14627 2
13035 1
14632 2
6441 0
6442 1
6443 2
6445 1
14640 0
2440 2
6451 2
261 2
6456 1
14651 2
15264 2
14655 3
14658 1
6467 2
6470 3
14664 1
2444 1
14668 0
6478 3
14671 0
6480 2
6481 2
14679 0
6488 2
14681 2
14682 2
6490 0
5399 3
10640 3
14690 2
14693 3
6503 2
6504 2
6505 0
6507 2
8400 0
9277 0
6512 0
16104 0
316 0
18057 2
6521 0
6522 2
6523 2
16584 0
14718 2
6527 1
14724 2
14728 3
14730 1
14733 1
12013 2
10648 2
14738 3
1091 3
14742 2
14743 2
6553 0
10650 2
13381 0
16858 0
14753 2
15767 1
1094 3
10652 1
3492 0
6575 2
13384 2
14770 1
14775 1
14778 2
14779 2
14782 2
6591 2
6594 3
3699 1
14789 2
10657 0
6600 0
14793 1
1038 0
6603 1
14796 2
1101 1
14800 2
14801 1
14802 2
14803 2
14804 2
14805 2
6614 2
16121 1
6616 1
10660 2
14811 2
6620 2
6625 2
7040 0
14820 2
6631 2
14824 3
6636 1
14829 2
14832 0
10664 1
14834 1
7670 3
16126 0
14838 1
14761 1
14842 2
14844 2
6653 1
14846 1
9301 0
2131 0
14851 2
6662 2
16129 1
6665 3
6668 0
14863 1
14864 2
14865 0
14866 0
16131 1
14868 2
6679 2
14872 2
14873 2
14875 2
14876 2
1114 1
14878 2
14881 1
506 1
17499 2
6692 2
14885 1
14886 1
6577 1
6700 0
6701 1
6702 1
6703 1
6704 1
12040 0
14899 1
6708 1
6709 0
14902 2
14903 2
6712 2
14120 2
14906 2
6715 2
14908 1
14909 1
1120 3
6722 2
6723 1
14916 0
14917 1
9313 0
14921 1
14924 1
14925 2
6734 3
14928 2
6740 1
6741 0
18228 2
6744 1
17137 2
14942 3
14943 1
14945 1
14947 1
14949 0
14951 2
14952 1
6763 0
6764 2
6765 0
14959 0
6770 2
16865 0
14964 0
14965 0
14966 0
14967 0
7045 2
14971 0
14972 2
6781 3
6782 1
6784 3
14978 3
14979 3
6788 1
2497 0
17516 2
6794 2
12055 2
6796 0
14989 0
14990 2
6801 1
6802 3
6803 1
14996 2
15000 0
6809 0
6810 1
6811 1
15004 2
6597 1
15008 2
15009 2
6818 2
6820 1
6823 0
15017 1
14791 2
6828 1
1138 2
6830 2
8138 3
14792 2
15026 1
6835 1
773 2
17524 2
15034 2
15035 3
6845 0
6846 3
15039 2
15042 2
6851 1
12776 2
15047 0
15048 2
6857 1
15051 2
6860 1
15054 2
15055 2
6866 2
6867 1
6868 1
6869 1
18505 2
6871 0
15064 0
12068 0
15066 2
15067 2
15068 2
15069 2
6879 2
15072 0
6881 2
6882 3
15075 2
6886 2
6887 1
15080 2
7975 2
1866 2
15085 2
15087 2
6896 1
6898 1
15093 3
15094 2
15095 1
5247 2
15102 1
15103 1
15104 1
1152 0
15106 1
15107 1
15109 1
6918 2
15111 3
15112 1
15114 2
15116 2
15117 2
15118 1
15119 0
2140 0
2520 2
6930 1
15123 1
12306 2
2501 1
15126 1
14809 2
6937 0
6939 2
15132 1
16485 0
15134 1
15135 2
15136 1
15137 3
6946 2
6619 2
15140 0
9350 2
3889 2
15144 0
15145 0
6955 0
6957 1
6747 2
6961 1
6963 2
6965 2
6966 0
15160 1
15162 1
15235 1
15165 0
15167 2
6978 0
6980 1
2665 1
18236 3
15177 2
6986 2
15179 2
15180 1
6989 1
6993 2
15186 1
15189 0
15191 2
15192 0
7002 2
7004 2
7005 2
7006 2
7008 2
7009 2
16187 1
15204 2
2534 1
15208 2
7017 1
7018 1
7022 3
7023 1
7024 2
15217 2
6235 2
13459 0
15220 2
15225 1
3903 2
15228 0
15231 0
15232 1
7043 2
15236 0
15237 2
7046 1
15241 2
7050 1
7052 1
15245 2
5272 0
15250 3
7060 0
10484 2
15254 3
16602 1
8004 2
15258 1
11340 2
15261 2
7070 2
7072 0
7073 2
15266 1
3236 0
7076 1
7077 2
7079 3
7080 0
5276 2
8007 3
7084 1
15277 1
15278 3
15279 2
15282 2
15283 0
15284 1
7093 0
15286 1
7096 2
15289 3
17567 3
15292 1
7102 2
15296 2
7105 1
15301 2
15303 2
15304 2
7114 2
7115 0
7116 1
7118 1
15311 2
7120 2
10744 3
15314 0
15315 2
15316 1
7125 0
15319 0
7128 2
7129 2
7130 0
15323 2
14422 3
10746 0
7134 1
13477 2
15329 2
7139 0
7140 0
15333 2
7142 1
7143 0
10748 2
15339 3
13250 2
15345 0
7157 2
15350 0
7160 3
7164 2
15358 2
15362 2
7171 1
7172 0
15368 3
15371 2
15372 0
15374 0
15375 1
15376 3
7185 2
2563 2
7188 2
17582 0
15384 0
6158 2
7194 2
18516 2
7204 0
7205 1
13489 0
16220 2
15405 2
7214 2
7216 2
15411 0
15413 2
15414 3
13583 2
15417 2
7227 2
7228 1
7229 0
1205 1
15428 2
15429 2
7238 2
9297 0
7241 1
7244 0
7246 2
15440 1
15442 0
15443 0
15448 2
6671 3
7260 2
3515 1
15455 0
7264 2
15457 2
10523 2
12405 2
15461 0
7271 1
15471 1
15473 0
7282 2
15475 0
7284 0
7062 0
15484 1
15485 3
15486 2
15488 3
17666 2
15490 1
7300 2
2582 2
15496 0
15498 0
15500 2
15503 2
15505 0
15506 1
15508 0
15509 1
15510 2
6681 3
15513 0
17429 0
4795 3
16961 3
15522 1
6683 2
15524 1
15525 2
15527 1
7336 0
10780 0
15532 3
15539 0
7349 2
15544 1
15545 3
15546 0
18794 0
15550 0
4385 1
15552 1
8974 2
7363 0
15557 1
7366 1
7367 2
15560 0
15562 0
15563 0
7372 2
15565 1
7374 3
15567 1
15570 0
6691 1
5326 0
15574 0
14884 2
12994 1
15579 2
8058 1
15582 0
15584 2
246 0
7394 2
8059 3
15593 0
15594 3
10791 1
15596 3
7407 2
17159 3
15602 2
15603 1
15604 2
15606 2
15608 1
15614 0
247 2
15616 0
15617 2
1611 3
15625 1
15630 1
15632 2
5336 1
15634 0
10798 0
15638 2
7447 2
7448 2
15641 0
7450 2
15645 3
8069 2
7457 0
15650 0
15652 1
15653 0
15654 2
2609 0
15656 0
15657 2
15658 2
7467 2
7472 3
15665 1
15666 1
15667 2
15669 1
15670 3
15671 0
10123 2
7481 1
249 2
15676 0
17980 0
7489 2
12171 2
15684 0
17633 3
10807 0
7500 2
15693 0
15694 1
14904 2
9443 2
16344 2
15701 0
15704 0
15705 1
15706 1
12175 2
15708 2
15711 2
15712 0
15713 2
7522 2
15715 2
7524 3
15718 0
7529 2
15722 2
5351 0
7532 2
15725 0
10813 0
9448 0
15730 1
7541 1
7542 2
9449 0
15736 1
15737 0
15738 2
15741 1
10143 1
3989 2
15744 2
10816 0
15746 0
7555 0
15748 2
7557 2
7558 0
15752 1
7561 2
13471 1
15755 0
7564 2
7565 1
15758 2
15759 3
15760 0
15761 2
2627 2
15765 2
18272 0
15769 2
15770 2
7579 1
8090 2
15774 0
7583 3
15776 2
15777 2
15779 0
15781 1
15782 1
7591 3
7593 2
15787 3
15788 1
1266 0
7598 2
3997 2
423 2
15793 0
9459 2
16620 3
15798 1
7609 2
15802 3
3999 0
15805 2
15807 2
7616 2
8096 2
15810 0
8437 3
15812 2
9462 2
4001 1
15816 2
7627 0
16290 0
15822 0
15824 2
15825 0
16291 2
9465 1
7640 3
7641 0
15834 1
2639 0
7645 0
15840 1
7649 2
15842 0
9467 2
15845 2
7654 1
15847 1
7657 2
7658 0
15852 2
17713 0
15854 1
15855 1
15862 2
10621 2
7672 3
15866 1
13567 3
7677 3
15871 1
7682 2
15875 1
15877 0
15878 2
5377 2
7691 1
8985 0
5378 2
7694 1
16301 1
15892 1
16302 1
15895 0
7704 1
7705 0
15898 2
7707 2
15900 2
8440 1
15902 1
17669 2
7712 2
10843 1
15908 1
9478 2
7718 2
9053 2
15915 1
7724 3
15921 2
15923 1
7732 1
4020 1
15930 2
17674 2
4021 1
7746 2
7747 2
12272 2
7751 2
16091 2
7759 1
15600 2
15954 1
9486 3
7766 1
15959 1
4623 2
15962 0
15963 2
15965 3
15966 2
9863 2
15970 3
7779 2
15972 0
15973 2
15974 1
1297 0
15977 0
15980 2
7789 2
8617 0
15983 2
15984 0
6760 0
15988 1
15989 2
15990 2
10857 0
15992 0
15994 2
15995 2
15996 0
15997 1
15999 1
16000 2
7810 1
16003 2
17686 2
16321 0
7817 1
16011 1
533 0
16013 0
16014 2
16018 1
16021 0
16023 1
7832 3
16026 2
16027 1
16033 3
16034 2
16035 3
16036 1
16037 1
7846 3
2673 1
7848 2
4039 2
7852 3
16045 3
7855 3
16049 1
16050 3
2675 3
7860 0
16056 1
16057 1
16058 0
17695 2
16060 2
16061 1
16063 1
16064 2
7873 1
16068 2
10870 2
16073 1
7882 1
16075 1
16079 2
16081 2
7890 2
8142 3
7894 2
7895 1
16088 1
9508 0
16090 1
7899 1
16097 1
17565 0
7911 2
7912 0
16106 2
16108 2
7917 2
16110 2
16113 2
16114 2
16115 2
16116 1
16117 2
7927 1
7929 3
16123 1
7933 2
7934 2
16127 3
7937 0
5419 2
16342 2
16135 2
16136 1
7945 2
16138 2
7947 2
16141 1
16144 0
16145 0
7954 0
6787 0
17710 2
16150 2
16153 0
7962 0
7963 2
16156 2
16157 2
7966 1
16160 0
7970 1
4059 3
16167 0
7085 0
6791 2
13093 1
16176 0
16180 0
16182 1
17511 1
16186 2
12255 1
7998 3
7999 2
16192 0
8001 1
16196 1
16198 0
4065 1
16200 0
16201 1
16202 0
18543 0
16204 1
16207 0
2160 1
16210 3
16211 2
8020 2
16213 0
8022 0
1631 1
8028 3
8029 3
16223 2
16224 2
8033 3
16226 0
17723 1
16228 3
16232 0
5436 3
16234 2
16235 1
8044 1
16238 3
1341 2
16244 1
16245 1
8054 2
16250 2
1343 2
16253 2
16254 2
16255 0
1344 0
16260 1
16261 1
16263 2
8072 1
16265 1
16266 2
8076 2
16672 0
16271 2
10904 3
8082 0
8083 0
8084 1
16277 2
15001 1
8088 0
16281 1
542 2
16283 0
16284 3
16287 0
16288 1
13363 2
8098 1
2715 2
16292 0
8101 1
16294 3
8103 2
8104 2
17455 0
16300 3
8109 2
8110 2
16304 2
16306 1
8115 2
8119 0
16316 1
16319 0
8129 2
8130 1
16325 0
16330 3
16331 1
16332 2
16334 1
16340 0
8149 2
8150 0
8152 3
2724 1
8156 1
16349 1
8159 3
16353 2
16356 0
16359 1
709 1
8170 2
16365 1
16381 1
16369 0
8178 0
16373 1
16374 0
2729 1
16376 2
16379 2
16380 0
18167 1
8190 2
5461 2
