0 0
16385 2
16386 2
16387 2
16388 2
16694 1
7638 1
16393 2
8203 0
16396 1
16397 1
10925 1
16402 1
16405 2
8216 0
8196 1
16410 0
16412 0
16414 2
16415 2
16417 0
8226 2
8228 2
8198 2
16422 2
6833 1
16424 1
1372 1
3328 1
8237 2
16430 2
17757 1
48 1
16433 2
8242 1
8244 3
16440 2
8250 1
12277 0
16445 2
62 2
66 1
16452 1
69 1
16454 3
16455 2
16456 2
73 2
74 0
359 3
8269 0
4367 3
16465 1
82 3
16469 1
8278 2
87 3
88 2
8281 1
90 1
16476 2
93 3
16481 1
2747 2
16484 1
8293 1
8296 2
105 0
1383 2
12306 2
110 0
111 3
8304 0
115 1
16502 0
13673 2
120 3
8313 2
122 3
16507 1
4256 2
8317 1
126 2
129 3
8322 2
132 2
133 2
8326 2
16519 0
136 0
16521 0
16522 1
8331 2
16524 1
6850 1
16527 2
144 2
8338 2
15043 2
16534 0
151 1
8345 3
16540 2
16543 2
16545 2
162 2
8356 3
16550 1
12788 2
169 1
170 0
6855 1
173 2
16559 0
8368 1
177 1
8371 2
183 2
185 2
186 2
16382 1
16572 3
190 3
8383 2
10372 1
8387 1
16581 1
16583 2
200 0
201 1
202 2
203 0
8397 2
8398 1
8399 0
14737 2
209 2
8402 2
8403 3
5497 2
16600 1
16601 1
15055 2
220 2
5498 2
223 2
8418 2
16612 1
16614 0
16616 1
16618 2
8427 2
8430 2
16625 0
8434 0
8435 3
16628 0
16630 3
250 1
8443 3
16636 2
253 2
16639 1
16640 1
8449 2
16644 2
16645 1
16646 1
263 2
266 2
8459 2
16652 0
16429 2
274 2
13699 0
8469 2
8473 2
16666 1
284 1
8477 0
286 1
287 2
8480 1
16673 1
6875 1
8485 2
8486 2
8488 2
297 2
16682 0
16683 2
16684 2
8494 0
2781 0
8496 2
305 2
16691 2
2782 1
8502 1
52 1
315 1
16700 2
17802 1
16702 3
319 2
8512 0
16708 0
8517 1
16710 3
16713 0
9831 2
332 2
16718 1
16719 2
16722 2
339 3
16724 2
8533 3
342 2
8536 1
8538 1
347 3
16732 1
16733 2
16734 1
16443 2
16740 0
8549 0
358 1
6013 2
13879 2
8555 2
8558 2
61 1
16752 2
16753 2
6455 1
371 0
8564 2
8565 3
374 2
16759 1
8568 0
378 3
380 1
16765 2
383 0
8578 2
5526 0
16774 1
16775 1
393 2
394 2
396 1
16781 0
8592 2
16785 3
8594 1
8596 0
7924 3
16790 1
16791 2
15562 0
8601 2
16794 3
8604 2
3287 2
8261 2
8608 1
8609 2
8610 1
8611 2
420 1
8613 2
423 2
8619 3
428 2
8621 0
16814 2
432 1
8625 2
16818 0
8629 1
8630 2
8632 2
9631 1
444 2
8266 2
446 2
8639 0
16833 2
8644 2
454 2
455 1
16840 0
16841 2
8650 1
8651 0
5198 2
461 2
462 3
16461 2
464 2
16851 2
16852 1
16854 2
1444 2
8666 2
8667 2
16860 0
477 2
16862 1
8671 3
16866 1
483 2
485 2
16870 2
488 2
489 3
8684 1
7927 1
496 2
8689 2
8690 1
8691 2
500 2
6910 2
16886 2
18293 0
504 3
505 3
16890 3
508 0
509 3
16896 1
6912 2
517 0
16902 2
8711 0
8713 1
8714 1
524 2
2131 0
8719 3
8720 1
529 2
16915 1
532 3
533 0
8727 0
8728 2
537 3
538 0
16923 2
8732 1
541 2
16926 2
6917 2
16928 2
545 2
16930 2
8739 3
548 1
6918 2
8742 1
437 2
8745 1
8746 2
555 2
16940 2
558 1
16477 2
8752 2
563 2
8756 2
8757 2
566 3
8759 1
14749 2
8761 1
16954 2
8764 1
574 0
8767 0
16961 3
8771 3
8772 0
16965 0
583 1
8776 1
585 2
586 3
8780 1
16975 1
592 1
16978 2
16980 2
1465 2
16984 1
8292 2
603 1
605 3
16990 2
12279 2
608 0
8801 0
8802 1
611 1
8804 1
8805 2
8806 0
8807 2
10036 2
8809 0
17002 1
8811 1
8812 2
8813 1
8814 2
623 2
8817 1
15123 1
17012 3
629 1
17014 1
8297 2
17016 0
8825 1
13759 0
636 2
17021 0
17023 1
8832 2
642 1
643 2
17028 0
17030 1
17031 2
8840 1
8841 2
650 1
654 0
9569 2
17040 1
17042 2
8302 2
8855 1
17049 1
666 0
667 2
8860 1
17053 2
8862 2
8863 3
672 0
673 2
674 0
675 0
676 2
17061 2
17062 0
679 0
17066 2
17067 1
8877 1
6941 0
8881 2
18037 1
17076 1
17077 3
17078 2
15026 1
696 3
17083 1
8892 1
702 1
8898 1
17092 1
11523 1
8902 2
8903 0
712 2
17097 2
8906 2
17099 2
17100 0
15138 0
17102 0
8911 1
8912 3
721 0
8914 2
727 2
17112 0
8921 2
730 2
13775 3
732 1
17118 2
737 2
738 2
17124 0
15142 0
17126 2
8935 2
744 2
745 1
8938 2
17131 1
2207 1
749 0
17134 1
16509 1
17137 2
17138 1
13779 1
17140 0
17142 0
6953 2
8952 2
5588 3
17147 0
764 2
766 1
17151 2
17152 1
17153 0
8963 2
8964 2
773 2
774 1
16513 1
776 3
2860 0
780 2
16514 2
17167 2
17168 2
785 2
786 0
787 2
17172 1
790 2
8588 1
16516 1
8986 2
795 2
17180 2
8990 2
572 0
17184 1
801 2
8995 2
17188 2
17189 3
8998 1
8999 0
808 2
17193 2
810 0
17196 1
814 2
17199 2
17201 1
17202 0
9011 2
820 2
17205 1
9014 3
15156 3
9019 1
8330 2
9023 2
832 2
17219 1
17220 1
841 1
844 2
9037 2
551 1
16525 0
17232 1
17233 2
850 1
17235 0
852 2
9045 2
10394 0
17239 1
856 0
858 1
859 2
17244 0
861 2
9054 0
9055 0
17248 1
17252 2
871 0
873 1
2297 2
5607 1
876 3
877 3
9070 2
879 2
17264 0
17265 2
882 0
9075 2
884 1
17269 1
9078 0
888 2
9081 2
9082 2
891 1
892 2
9086 1
896 0
9090 1
9094 0
9095 2
17290 2
18852 0
17292 1
17293 0
910 1
9103 2
17296 3
15171 1
916 0
9109 3
17302 2
921 2
17307 2
17308 2
17310 1
928 1
17313 2
930 0
9123 2
932 3
17318 2
18853 2
17324 2
9133 0
2759 2
9136 2
17329 3
17331 1
9140 2
9142 0
15177 2
9144 3
9145 0
17339 1
9149 0
17342 2
959 2
17344 0
961 1
9499 2
13473 3
9157 3
6306 1
10125 1
9162 1
13815 0
17356 2
9165 3
17360 2
9170 0
9173 2
17366 0
7917 2
17368 1
2215 1
9182 0
9184 2
9186 2
17381 2
17386 0
17388 2
17389 3
17391 0
17392 2
12456 1
17395 2
17396 2
17399 2
17401 3
17402 1
17404 1
9214 3
17407 2
9217 2
171 2
1028 1
9221 1
9224 1
17417 1
1034 2
2903 2
9228 2
17421 1
9230 0
9231 2
9232 2
17425 0
17426 2
1045 1
17430 2
18174 2
1048 3
17433 1
16701 2
1051 1
13674 0
9247 0
17440 2
17441 2
9254 1
17450 1
1067 2
9310 0
15584 2
9262 2
1071 1
9264 1
9265 1
17458 2
1077 2
9270 2
1079 2
9274 2
17467 2
17469 0
17470 0
12584 2
1088 0
1089 3
9282 3
9283 1
17476 0
17477 1
1094 3
17480 2
9289 3
1098 2
4704 1
9292 1
17487 2
9297 0
17491 2
1108 2
17934 2
9302 2
8377 1
9304 2
1114 1
9307 2
9308 1
9309 1
1118 2
1119 2
9312 2
17505 0
17506 2
310 2
9317 0
9318 0
9320 2
9323 0
9324 1
1133 2
1137 0
1138 2
9332 2
1141 1
15209 1
1144 2
8791 2
17532 2
17533 3
1150 2
9343 2
17539 3
1156 3
3881 0
9352 1
7020 2
17546 2
9355 3
9356 3
17549 1
17550 2
17551 2
1168 3
17553 2
9364 2
1174 2
1175 2
17560 1
1177 2
1178 0
17563 2
9555 1
1181 3
17569 2
17570 2
9379 1
17573 1
17574 1
17576 1
17577 1
9386 2
1196 2
17581 1
17582 0
1200 0
8392 2
17586 2
1203 2
9397 2
9398 1
8393 2
17592 3
17593 2
17594 1
17595 2
1212 3
1213 1
1217 2
1218 2
17603 3
17606 1
17607 2
9416 1
17609 1
9418 1
2935 2
9421 2
1233 1
9427 2
9428 2
11129 2
207 2
9441 2
9443 2
17636 1
1253 0
9446 1
17640 1
17642 1
17644 1
16594 2
9455 1
1264 3
17649 1
17650 1
16595 3
17652 1
9461 2
17654 3
5673 3
1273 2
7039 1
17660 2
1277 1
17662 2
17663 1
17664 0
1281 0
17666 2
1284 1
9477 2
9478 2
9479 2
17673 2
17674 2
9486 3
17680 0
216 1
1299 1
9492 2
9493 1
17686 2
1304 2
17689 2
1306 3
17691 2
17692 3
7241 1
17695 2
10156 1
1314 1
17699 2
8192 2
15448 2
1321 2
1322 2
17707 2
1324 2
1586 2
17710 2
17711 1
17712 1
1330 0
1331 1
9065 2
17718 1
17719 1
1336 2
17721 2
1338 1
17723 1
1340 2
1341 2
17726 2
17727 1
15457 2
9540 2
17737 2
1355 1
17740 3
9554 2
1363 2
17748 1
9558 1
17751 2
8420 2
9563 0
17756 0
1373 3
1374 2
1375 2
1377 2
17762 2
9574 1
17767 1
17768 2
1385 3
9578 1
1387 1
9580 1
1389 3
1390 2
9583 2
9584 0
9588 2
17783 2
9592 1
9593 2
9594 2
17787 3
9597 2
9599 0
1408 0
1409 0
17794 1
4331 1
9604 2
17797 3
9606 1
1415 2
17800 2
17801 2
9610 2
9611 2
13959 1
1421 0
1422 2
9615 2
9618 0
17811 1
17813 1
17814 2
1436 1
1437 3
17822 3
1605 0
1440 2
5063 2
13687 2
9636 2
9637 1
1446 2
9639 2
9642 0
16626 2
1454 2
7069 0
9648 2
17992 2
17842 2
1460 3
17846 0
9657 0
1466 2
17851 1
17852 2
9662 2
17855 2
16143 2
9665 2
1477 1
1479 3
9673 1
1482 1
9676 2
9677 1
1613 2
1488 1
12537 3
9690 2
9691 3
9692 2
9696 1
17891 0
10143 1
9702 2
17895 0
17896 1
9706 1
9707 1
9709 2
15599 0
9712 2
1619 2
501 1
9722 2
17917 1
17919 0
12544 0
1538 2
17924 0
1542 2
883 1
1545 2
18055 2
9741 2
1550 3
17935 1
17937 2
13431 2
17942 0
17944 1
1561 2
9754 2
7087 1
1564 1
261 2
17952 2
17953 0
17955 2
17956 2
17957 0
17958 2
1575 1
1576 1
17961 0
9770 1
1579 2
17964 0
9773 2
1583 2
9600 1
17971 2
1588 0
1591 1
1592 3
17979 2
1596 2
1597 1
1599 0
9792 2
1601 1
1603 2
17989 1
1608 1
9801 2
1610 1
17995 2
17996 1
17997 3
1614 1
9808 2
18001 2
9810 2
9811 0
6667 0
1622 2
11193 0
18008 1
1626 2
271 2
7098 2
17785 0
1634 2
6612 2
9829 2
9830 2
1639 2
1640 2
18027 2
9838 1
18032 0
1652 2
1653 2
1656 3
12603 3
1658 3
7103 2
1660 1
1661 1
1662 2
18048 2
10421 2
1666 2
18052 0
18053 2
1671 1
18056 0
9865 3
1674 2
18059 1
1677 0
18062 2
9873 2
9876 0
1686 2
1688 0
1691 2
9886 0
1695 2
1696 2
18082 0
9891 3
9892 0
13041 2
1703 1
9896 2
9897 1
14414 2
9900 2
9901 2
1711 2
1712 1
9906 2
9907 2
1717 2
18036 2
1722 0
4383 2
9916 1
18110 1
9845 1
16672 0
1732 2
1734 1
9927 2
9928 1
9929 2
18122 1
5751 2
18607 1
9878 3
1747 0
18015 2
18133 2
1750 1
1751 2
9944 0
1753 3
1754 1
14578 1
18141 0
18142 1
1759 2
18144 2
18148 0
18150 2
1767 2
1769 2
18584 1
18156 1
1773 1
18158 0
18045 0
296 0
1779 0
1423 2
9854 1
1782 1
18167 1
1786 1
1788 2
1790 2
18175 1
18178 1
11905 3
18181 1
9995 2
18050 3
9998 0
10000 0
18193 1
18194 3
10004 2
11305 2
18199 2
18715 3
9860 1
18203 2
18204 2
11226 2
10014 1
1823 2
10016 1
1827 2
646 3
18213 2
18214 2
16689 1
1832 1
18218 2
1835 1
10028 1
18221 2
16488 2
1839 2
10032 1
18225 2
10034 1
10035 2
18228 2
18229 1
10038 2
18232 2
1850 2
3039 1
1852 1
10045 1
10046 2
6177 1
1857 2
1858 1
18243 0
10052 1
10053 1
18246 2
18247 2
10056 2
18249 3
18250 2
10059 2
10060 2
1869 0
18259 1
18260 1
1699 1
16697 2
18264 1
10074 2
2992 2
18269 2
10080 2
18274 3
8507 2
10084 1
1893 1
18278 1
18279 1
10088 1
1897 3
18282 1
11239 2
18284 1
18286 2
10095 2
10096 0
18289 0
10099 2
8510 2
18294 1
1913 2
10106 2
10108 1
18301 2
1918 2
1920 2
1921 2
2261 1
1924 2
1925 3
18310 3
1927 3
18312 1
18315 3
18316 1
1933 2
18319 0
18321 2
10130 2
12611 2
1944 0
10137 2
18331 1
18332 3
1949 2
16709 1
18340 2
10149 1
1958 0
10151 3
18344 2
1961 2
1962 3
18348 1
1965 2
18350 0
18351 0
6887 1
18355 3
10164 2
18358 3
329 1
18360 2
18361 3
1979 1
2248 2
18366 2
1988 2
3885 2
18375 1
18376 2
18379 1
10189 1
18383 2
18384 2
2001 0
2002 0
18387 2
10196 1
5795 3
2006 1
10200 2
10201 1
2010 1
8527 2
18397 1
10207 2
10208 2
18401 1
18404 2
10213 2
2024 2
2025 1
10218 2
18414 3
10379 2
18419 1
10228 0
10229 1
18424 1
18425 0
18426 1
8797 3
16725 1
18432 1
18434 3
18091 2
2052 2
18437 0
10246 3
10247 1
1708 3
2061 3
18446 2
10256 0
2067 2
10261 2
2072 2
18457 1
2074 1
5807 1
2077 2
11012 2
18465 1
8539 1
10276 2
18469 2
18470 1
2087 2
10281 2
10282 2
2091 2
2092 2
10285 1
10286 1
10287 2
7176 1
2098 2
18483 2
10293 1
2102 2
3081 2
10298 2
18491 0
10301 2
12780 1
2111 3
2112 2
2113 2
12891 2
18499 1
2116 2
10309 3
10311 2
18504 1
2121 0
10709 2
10315 0
10317 1
10318 1
18511 3
2128 1
18514 1
18515 2
10324 1
2133 1
10326 0
8548 2
10330 3
18524 1
10333 1
2142 0
10335 2
2144 2
10337 2
1723 1
10340 3
2149 2
2150 2
18535 1
2152 2
2154 0
16743 2
9619 0
890 1
18542 0
10351 2
13729 1
18545 2
1726 2
10358 2
12649 1
18111 1
10364 2
9982 1
10366 2
15381 2
2176 2
10369 2
11853 1
2179 2
18564 0
18567 3
2184 3
2185 2
18570 2
18571 1
10380 1
18574 2
14690 2
10386 1
18579 2
12654 0
10391 1
2200 1
10393 1
18586 2
18587 3
18588 2
18591 1
10401 2
18594 2
2211 0
18118 1
12657 2
18600 2
18601 0
10410 2
10411 2
10412 2
2222 2
2223 2
10416 1
10417 3
10419 0
10420 2
18613 3
18614 2
18615 1
18616 1
18617 1
2234 2
10427 1
2236 2
2237 3
16757 0
9349 2
18628 2
18629 2
18630 0
2247 1
10440 2
18633 0
18634 1
375 0
18636 2
2254 2
18639 1
18640 1
18641 2
18642 2
2259 1
18644 2
18645 0
2262 0
10455 1
18648 2
18649 0
2266 0
18651 1
2268 2
16762 0
621 2
10464 1
5804 1
2276 0
894 2
2278 2
10471 1
18664 0
18665 2
18666 2
2283 2
2284 2
18669 1
10478 2
8573 1
10169 2
18674 0
18675 0
17807 1
10485 1
349 1
18679 3
10488 2
14261 0
18682 1
15402 2
8099 3
2303 0
2304 0
10498 2
18691 1
18693 2
10502 2
2311 0
10504 0
10505 2
10510 0
18703 2
18704 1
1441 1
18706 2
4483 0
2324 2
10517 1
18710 2
10519 0
3348 2
2329 2
10522 1
10523 2
18717 2
10527 3
18723 1
2260 2
10533 2
18726 1
10535 2
2345 1
2346 0
12679 2
10541 2
18734 2
5853 2
2352 3
2353 1
18739 0
2356 2
2357 2
2358 1
10551 2
10554 2
18143 1
10556 0
7221 0
10561 2
18754 2
2371 2
10564 2
9899 1
18760 3
2377 0
10572 3
10573 1
10575 1
18768 0
2385 2
18771 2
2388 2
18773 3
18774 3
18776 3
2393 3
10589 2
2398 1
10594 2
2403 1
12911 1
2406 1
10599 0
12628 1
18794 0
18795 0
10606 1
10607 1
10609 0
18153 0
10616 1
2426 1
18811 1
10620 0
10621 2
2431 0
18816 2
2433 1
18819 0
10628 2
8810 2
10174 1
10634 1
4503 2
2444 1
10637 0
10638 1
18157 2
18832 1
18833 0
16730 0
6901 0
2452 2
10645 1
18839 2
10648 2
18841 2
10650 2
18844 1
410 2
2462 2
15429 2
18850 1
10659 3
10660 2
2469 0
2470 2
2471 3
2472 2
412 0
11335 2
10668 2
5874 2
2478 3
10672 2
2482 2
2483 1
10676 0
2485 0
10678 2
10679 2
2490 2
2491 0
18165 0
10689 3
2498 2
71 1
2500 2
2502 1
16801 0
6849 0
10700 2
10702 2
15437 1
2512 0
2513 1
10706 1
2516 2
2517 0
902 1
10714 1
2524 1
2525 1
12710 1
10729 1
16807 1
2540 1
16950 2
16997 2
2544 0
2546 2
2549 2
8541 2
2555 1
2556 1
10749 1
367 0
2563 2
2565 0
2566 3
6943 2
10768 1
10769 0
10771 1
2580 2
10773 1
2582 2
2583 3
10777 1
17544 2
3162 1
10783 3
10786 2
2595 2
2599 2
2600 2
18363 1
10798 0
16384 0
10800 0
2609 0
10802 0
2611 1
2612 2
2613 1
10807 0
2616 1
10809 1
10811 2
2622 1
2623 0
2624 2
2626 0
2627 2
2628 1
10822 1
633 2
2633 2
2634 2
10828 1
10830 1
1805 3
2640 2
16824 0
2642 0
18190 1
10838 1
12729 0
10841 3
2650 1
14095 2
2653 3
2654 2
2655 2
10849 0
10851 1
10852 2
10853 2
10856 2
12732 1
10858 1
3175 3
2671 0
2672 2
2673 1
15781 1
10867 1
8638 1
10870 2
2681 0
5272 0
10877 0
10878 2
10879 2
10881 2
10882 0
10884 0
12737 1
10894 3
10895 1
10896 1
10897 3
10900 1
10901 2
9358 1
18201 1
11547 2
1600 2
2715 2
10908 0
10911 2
10913 3
2722 1
2724 1
2725 2
14148 2
10919 0
2729 1
2730 1
2733 2
2735 1
2738 3
2739 2
2741 2
18207 2
18095 0
2750 1
2751 0
2753 2
2758 2
14113 3
2762 2
2763 0
2767 1
2768 1
10961 0
2771 0
2776 0
18212 1
2778 2
12751 0
3194 2
10974 3
2783 3
2785 2
2787 0
2788 0
11004 2
2791 2
2794 3
14119 1
2797 3
10991 1
18216 2
467 1
10996 1
10997 0
2806 3
2807 3
5549 3
6913 0
11005 1
11009 2
11010 3
2820 3
11015 2
1836 1
2826 2
2833 0
2835 2
17804 2
8665 2
2840 0
11034 2
17007 0
11036 2
4570 1
11038 2
2847 1
11040 3
11041 2
11042 2
2851 1
11044 1
11045 2
2854 1
1841 2
2856 2
476 2
11050 1
11051 3
11052 0
11053 2
11055 2
11057 2
11059 0
11065 2
2874 0
16863 2
3369 2
2878 3
2879 2
2880 2
11074 2
11078 2
11080 2
11082 2
2891 2
2892 2
2893 0
2894 3
11087 2
11089 2
11091 3
2900 1
2902 1
5945 2
2904 1
1758 3
2909 1
11102 3
2911 2
12372 0
3216 2
2917 0
15295 2
4583 1
11118 0
2927 2
2928 1
2929 0
2930 0
2934 0
16873 1
11128 2
2937 2
2938 2
2939 2
11132 2
2280 1
2944 2
10048 2
11138 2
11141 0
2951 2
11144 1
16876 3
11149 0
2959 2
11156 2
11159 3
2968 2
1860 2
2973 2
11167 1
11168 0
16880 0
2979 2
10054 1
2983 2
13110 1
11177 0
15517 1
11184 1
2993 1
2995 2
11191 2
3000 2
3001 2
11194 2
11196 0
11197 3
3007 2
11200 1
11201 0
3010 3
3012 2
3016 1
3018 2
11214 2
11215 1
11218 1
11220 1
3030 1
8697 0
11224 2
11428 3
3034 2
17559 2
11230 2
15525 2
3040 2
3042 2
11236 1
3238 2
3047 0
3048 3
3049 2
3050 0
15527 1
3052 1
8285 1
3056 2
11249 3
3058 1
11254 2
11433 2
11259 2
3242 3
3310 2
18261 1
512 1
3074 1
11435 2
11268 2
12841 1
3079 2
11272 2
11273 3
11276 1
3086 0
11279 1
3093 3
3094 2
17571 1
3098 1
9295 0
11294 3
12805 1
3104 0
3112 1
4468 1
3114 3
11307 2
11310 1
3119 2
11313 1
11315 0
11317 3
1821 1
16905 1
3129 3
522 3
11326 0
12925 1
11329 2
11331 3
15653 0
11334 2
5985 2
11336 2
11338 2
11340 2
11343 2
11344 2
5531 3
18275 1
11349 0
11350 1
11354 2
5561 2
3170 3
10086 2
11367 0
3177 3
11371 2
7290 1
11453 2
11379 3
3188 2
7358 0
10089 2
11386 0
11096 2
11388 1
3197 0
3199 3
11393 2
11395 0
11397 2
11398 2
11457 2
3209 2
11403 2
3214 1
3215 2
11408 2
4632 2
3220 1
1902 1
3222 1
11417 2
5999 2
11421 2
3230 1
3231 1
11424 3
11425 2
3236 0
3237 1
11430 0
11431 2
3240 2
12865 2
11434 2
11463 1
3244 0
18349 1
567 2
11441 3
3250 2
3252 3
11445 1
11446 1
4200 3
11451 1
11452 2
3261 1
3263 2
544 2
11458 2
3267 0
3268 2
11461 1
3270 1
3271 2
11464 2
3276 1
11468 0
11469 2
11471 2
3280 2
11473 1
1473 1
3285 1
3286 1
10475 1
3288 2
11481 3
3291 2
11484 1
3293 3
3295 0
11496 3
3305 1
16935 2
11502 2
3311 1
11504 3
3313 2
11506 1
3316 0
16937 2
3320 2
6930 1
3323 2
12842 2
3327 0
3459 0
11521 1
3330 1
8747 2
11528 1
11531 1
11532 2
3341 0
15400 2
10477 2
11540 2
3350 2
15577 3
11544 2
3354 2
3355 1
11549 3
3358 0
6021 2
11554 1
6022 2
3366 0
12849 0
3368 1
6386 1
11565 1
3374 1
3375 2
11568 2
3377 2
12843 1
4659 2
3380 1
3381 1
658 0
14217 2
11577 1
3386 3
11581 2
3390 0
16949 0
3393 1
3395 1
3396 0
8758 2
3399 0
11593 3
16951 2
11599 1
3408 1
3414 0
11609 2
11610 2
10127 1
11612 3
3422 1
17238 1
3427 2
3428 1
11621 0
3430 3
10129 2
16956 1
3434 1
3435 3
18790 0
3437 0
11631 2
3440 1
3441 1
11634 2
11635 0
14572 0
11638 2
11639 1
11640 2
3449 2
17300 1
3451 1
3452 0
3453 2
11648 1
12663 2
11652 2
3461 0
577 1
11658 0
11659 2
11660 1
11845 2
3471 2
11668 2
3477 0
11670 3
3479 2
3480 2
11674 0
3483 1
11677 2
8773 2
7408 2
3490 2
1947 1
11684 2
5299 0
3495 2
8775 0
11694 1
3503 2
11696 2
18393 2
11699 1
8777 0
3512 1
11508 2
3515 1
3516 3
11709 1
7413 1
3520 2
3521 2
11717 2
390 1
588 1
18121 1
3319 1
11724 2
11512 2
11732 0
11733 3
11734 1
13757 0
11738 1
11739 1
3548 3
14331 2
11743 1
16976 1
10484 2
3564 3
3568 0
1960 1
3572 1
3574 2
3575 1
11769 1
11773 2
17850 1
3585 2
11779 0
11781 1
15617 2
1964 2
11786 1
8303 2
3599 1
3603 2
3605 1
8793 1
11800 2
3611 3
11808 1
1757 1
3619 2
3621 2
11815 1
11817 0
11819 2
11820 3
3629 1
11823 1
11824 1
11825 2
3634 3
11827 0
3636 3
8262 2
8850 0
11831 1
11833 1
11836 0
11838 2
11839 3
11840 0
11841 2
11842 0
11844 2
10166 2
3655 1
5850 2
9669 2
1975 1
3660 3
3661 2
10414 1
11856 3
1976 1
11861 1
3670 0
3671 2
3672 1
3674 2
3675 1
3676 2
3678 2
3679 2
11873 1
11874 1
11875 0
3685 2
11878 1
11879 2
3688 1
11881 1
3690 2
11884 2
11887 2
17000 1
3347 0
2287 2
3702 2
17001 0
3704 1
11897 0
3706 2
3709 2
11902 2
3712 2
3713 2
3714 3
3715 1
3717 2
11913 1
11915 0
3727 2
11920 0
3730 2
11923 3
622 0
3734 2
7449 2
18372 1
3738 1
8815 2
3740 0
3741 2
923 1
3745 2
3747 1
3748 3
11941 2
3751 1
3752 3
3754 2
18861 2
15645 3
1992 2
11550 1
1672 3
3770 2
11963 2
671 1
3773 2
3777 2
3781 1
3782 2
3784 2
3785 3
3787 2
3790 2
4728 2
4729 2
11999 2
7219 3
8827 2
13446 3
7462 1
12006 0
10193 0
8828 1
15655 2
12013 2
3822 3
4733 2
1764 2
12023 1
3832 1
6100 2
3834 2
8831 0
3840 0
12928 1
12034 1
14210 2
12037 2
7766 1
401 2
12053 1
2009 0
8312 1
12058 2
18678 0
12066 0
13501 1
3876 2
12069 1
3879 2
3880 0
12073 1
3882 1
12076 2
12077 2
3887 2
3889 2
12083 2
12089 1
3901 0
17211 1
11573 2
12098 1
12100 2
12102 0
12103 3
12106 2
9132 2
12108 2
12110 2
12111 2
12112 2
12114 0
12118 2
7481 1
12122 3
12126 2
12127 2
8848 0
12131 3
12136 2
12137 2
12138 1
12139 2
12141 1
3950 0
3389 2
12144 1
3953 1
4755 1
3960 2
12153 1
12154 0
12157 3
12158 2
3967 3
3968 3
12162 1
3973 1
12167 1
3976 2
3978 2
3979 1
12173 0
3983 2
15250 3
12177 3
3986 0
3989 2
665 1
12184 2
12188 2
8858 2
4001 1
4002 1
4003 1
12196 3
4006 2
14321 2
4009 3
12202 2
12204 0
12206 1
4017 2
17234 3
4019 1
12212 1
4766 1
4024 1
18420 2
17055 2
4029 2
4030 1
18421 3
8864 2
3403 3
12228 1
4037 3
4038 0
4039 2
8866 0
4046 1
16747 3
4050 1
12243 2
12244 2
8483 0
4058 2
12251 2
12252 2
12253 0
4063 2
12257 0
12259 2
12260 1
4069 3
12262 2
12265 1
4074 1
12268 2
12269 3
12270 2
14333 3
12272 2
17321 2
15699 1
4085 1
4086 2
4087 0
14335 2
4093 1
12286 1
15701 0
12288 0
12971 1
4101 3
12295 2
4114 1
4118 2
7513 2
10244 3
12314 2
4124 2
4125 1
10503 2
4130 2
7515 3
12324 2
6957 1
17073 2
12330 1
12331 2
12332 2
12333 1
4147 2
4149 0
12342 2
4151 2
12344 2
4153 2
7519 3
12348 1
14346 1
4160 2
12355 1
12361 2
4171 1
4173 2
12371 2
4180 0
12376 2
12377 2
12384 1
17052 2
12387 2
7526 3
12390 2
12392 1
4201 2
4204 0
4205 2
4206 3
15249 2
4210 3
12990 3
12406 2
7529 2
4217 3
10339 1
4220 2
4221 2
4222 2
8988 3
4228 1
4230 0
12423 2
12426 0
17090 3
12433 2
12435 2
4245 2
2073 2
9630 2
4249 1
4250 1
4251 2
4252 0
6170 3
12446 0
12448 1
12451 1
4261 2
4262 2
4264 1
12457 2
13781 1
17095 0
17759 1
12462 2
18461 0
12465 1
12466 1
4277 2
12470 2
13001 1
14367 1
714 1
6176 1
3446 2
12486 2
12487 0
11327 2
4299 3
4302 1
4304 2
7544 2
18467 0
8910 2
12503 0
4312 2
4314 1
1700 2
12509 2
4318 2
4320 2
12513 2
4322 1
4323 2
4325 2
1235 2
4817 2
12521 2
6183 2
4332 2
4335 2
4337 2
12530 1
4339 3
4340 0
4341 1
4342 2
2089 1
12536 1
2702 2
4347 3
12540 0
12541 1
4352 3
4353 2
4354 2
6187 2
12549 2
4359 2
12693 1
12554 3
4365 2
2093 0
4368 1
1926 3
12563 2
6965 2
4374 2
15748 2
4379 2
4380 2
15749 1
4385 1
4387 3
12580 2
4389 2
4390 1
4391 2
4392 1
17116 1
4394 1
3463 2
12589 1
12591 1
12592 2
2099 2
12596 2
12598 1
7561 2
4411 3
4412 3
4413 3
2779 2
12609 3
16929 2
147 0
12613 1
12615 2
12617 2
4427 1
4428 1
4430 1
7565 1
6200 1
12626 2
4436 2
4437 3
4438 3
4439 2
8932 0
4442 2
12638 2
12641 0
12643 1
742 0
15761 2
12648 2
4457 2
4458 2
743 0
12652 2
7570 2
4462 2
5505 0
8936 1
4466 2
12660 2
12662 1
4471 1
4475 0
12668 2
12672 3
4482 1
13035 1
4484 1
4485 2
12678 1
4487 2
8940 2
12684 1
10306 1
12686 2
8333 2
4497 0
4498 2
12692 2
4501 0
12695 3
6151 2
4505 0
12698 2
12700 1
4511 1
4512 0
4515 2
4516 0
12709 0
4518 1
12711 2
12713 2
12714 1
12715 2
4524 1
12717 1
4526 2
4527 1
4528 2
2120 2
8947 1
4532 1
4533 0
4534 1
12727 1
4536 0
4537 2
12730 1
4539 1
4540 1
12733 1
4542 1
13045 1
4544 1
4545 0
4546 1
12739 2
13046 0
4552 1
12745 2
12746 1
12747 2
12748 2
4557 1
4559 3
4564 1
12757 2
4566 2
12759 1
12762 3
4571 0
4572 0
12765 2
4574 3
4575 2
18512 3
8955 1
4580 1
4581 1
4582 2
12775 0
4584 0
12778 0
15783 2
7941 0
8353 1
12786 0
4595 1
4596 1
12790 0
15785 0
12792 1
18516 2
4602 0
12795 0
4604 2
4605 2
4610 1
4613 0
4865 1
12811 2
12812 0
12813 2
4626 2
771 1
3502 2
4630 0
4631 0
12824 3
4633 2
2882 2
4637 1
12830 3
17157 0
12832 1
4641 2
4643 1
12836 3
10332 1
4650 2
4651 0
4652 3
4653 0
12847 2
4656 1
4872 2
4658 2
8884 2
12852 2
12853 2
4662 0
12856 2
4668 2
12861 2
12862 2
4671 0
4673 0
4674 1
748 2
12868 2
4677 1
4678 1
6241 1
12872 2
17164 1
12874 1
4683 0
12878 0
4688 1
12882 2
12883 1
12884 1
7609 2
4699 1
18533 2
16889 2
4705 1
12898 1
11707 2
4709 1
4710 1
4711 1
12904 2
12905 3
12906 2
4717 0
12910 2
4719 0
4721 2
4723 0
11614 1
4726 1
12919 1
12920 1
12921 2
15807 2
4732 0
10346 3
4735 3
4736 2
11712 2
12930 2
12931 0
12932 1
12933 0
4742 1
4744 1
4748 1
18541 0
4752 1
12946 1
12947 1
4758 0
8069 2
4763 2
4764 0
17178 2
12958 0
4768 2
12963 1
4772 0
12967 0
4776 2
4892 0
4779 1
12972 2
4784 1
4785 0
4786 3
9088 3
12981 1
4790 1
15853 1
4793 1
12986 2
8991 2
18436 2
3433 3
12992 0
4801 1
4802 1
4803 3
4805 1
12998 1
4807 1
4809 2
4811 3
4813 1
4814 2
4816 1
13009 2
13010 0
4819 1
4820 2
13013 1
13015 1
4824 2
13017 1
4826 1
4827 1
2487 2
14458 2
13022 3
13023 2
4835 1
4836 0
4837 2
4839 0
15035 3
4842 1
4843 2
4844 1
13038 1
4848 1
17192 0
13042 2
13043 2
4853 0
4854 0
13047 0
7179 3
16291 2
13053 0
4863 1
13056 0
18560 3
4866 0
13059 3
4868 0
898 2
4871 0
13064 3
11619 1
2890 3
4878 0
4881 1
13075 2
4884 0
13077 2
4888 2
2180 2
13084 2
4893 1
4894 0
13087 0
4897 2
4898 2
4901 0
13094 3
9009 2
13096 2
11620 1
4906 3
4908 1
13101 3
4910 0
4911 2
13107 0
13108 0
11742 0
4918 2
13112 1
4916 2
4929 0
4930 2
4931 2
4932 0
17206 1
11745 2
13128 1
4937 2
4939 0
13134 1
13135 2
4529 2
16045 3
4948 2
4950 2
13143 0
4952 2
13145 1
13148 2
13150 3
3557 2
4961 1
4963 3
13156 0
13159 3
13160 1
16897 2
4971 2
4973 0
4975 0
13168 2
4978 1
4979 1
4981 2
13174 0
4984 2
4986 2
4989 0
10389 0
13184 1
9024 2
4994 1
4995 1
4997 2
4998 3
5001 2
2199 2
13196 0
4531 1
13199 1
13201 2
13202 1
13123 2
13204 2
13205 2
13206 1
5015 3
13208 2
18746 2
5020 2
2202 2
5022 3
13215 3
5024 2
11760 2
5026 2
13220 2
5030 2
11761 1
5032 0
713 0
13127 2
8351 1
13230 2
5044 2
13237 1
5046 2
13240 2
11764 2
5051 3
13245 2
5054 1
13248 1
5057 3
13250 2
5380 1
11766 0
18593 2
9036 3
13259 2
13260 3
2210 2
13262 2
7672 3
13266 1
5077 1
13270 3
13271 1
15172 2
13275 2
13276 2
10563 2
5086 1
13279 2
13281 0
5090 3
7675 0
13286 3
12909 2
13289 2
13290 1
10407 2
13293 1
5103 1
13297 0
6035 0
13301 2
13303 2
5113 2
13307 1
5116 3
443 0
17237 2
13313 2
5122 2
6315 0
13142 1
13320 2
18604 2
13323 2
13324 2
13329 2
5138 0
13331 2
13332 2
5141 0
13334 0
5143 1
13337 2
13339 3
5148 2
11109 2
13345 3
5154 2
17243 1
5156 0
13351 2
860 3
13358 1
5167 1
13360 2
5171 1
862 0
13366 0
11785 0
5176 1
18612 1
13371 3
13373 2
2229 2
5184 3
5185 0
5186 0
13381 0
5191 2
13384 2
12255 1
5196 2
5197 3
17948 2
7693 2
5202 3
13395 2
7694 1
5206 1
13401 2
10670 1
5211 2
15722 2
5214 2
4538 2
2083 2
13413 2
13414 2
18620 2
5228 2
13510 3
13424 2
5233 2
13427 2
13428 3
17257 0
5240 0
5242 2
5244 0
874 3
5247 2
13443 1
5254 0
13448 0
17260 2
5258 1
13165 1
5265 2
13458 0
17262 0
13464 3
5275 1
13471 1
880 0
13477 2
5286 2
13482 3
5292 2
13486 1
13487 1
13489 0
10542 2
5301 0
13494 3
13495 0
17268 1
5306 1
13499 1
6346 2
13173 2
13504 2
5313 2
18748 2
17203 2
5322 2
5323 2
12533 2
13520 2
17272 0
5331 3
5332 2
5335 1
5336 1
8361 2
5338 0
13178 0
13535 2
5345 2
1563 3
9083 1
5348 3
13542 0
581 1
13545 3
13549 2
13551 2
13552 2
5361 2
5362 2
5363 3
13556 0
5365 3
13558 2
5367 2
5369 2
13563 2
5372 2
13565 2
5374 1
14549 2
13568 3
17280 1
5378 2
13572 2
13573 2
13575 0
13577 1
13578 2
5387 2
13580 2
5389 2
13583 2
13586 0
13588 2
5399 3
5401 2
13594 3
13596 2
18650 1
5406 0
13600 1
7728 2
13602 2
13605 2
13607 2
13608 2
18652 2
13610 1
903 0
13612 2
13613 0
5422 2
18653 1
13616 2
13621 2
13622 2
13624 1
7732 1
13626 3
5435 0
13629 1
11365 1
5440 0
5441 2
13634 2
5444 2
13638 2
5447 0
16821 1
6370 2
13647 2
8365 1
13652 3
5461 2
2364 2
13656 1
5465 2
13659 1
13660 3
15930 2
17276 0
912 3
2910 1
5477 0
13670 2
10548 1
13672 2
5481 0
5482 0
5483 1
5486 2
10472 1
5490 1
17299 0
5494 3
5495 3
5496 2
9108 2
13690 2
7743 2
5502 1
13695 2
13697 2
13698 1
14571 2
5508 2
5511 0
13704 2
5513 2
5514 0
13708 3
13710 2
13711 2
13713 2
5524 2
13717 2
13718 2
13720 2
5529 1
13723 2
13726 2
13727 1
6384 0
9115 1
13732 2
5541 2
13734 1
13735 2
5545 1
10973 2
5548 2
13741 2
13742 2
5021 2
5552 1
13745 2
13746 0
13747 1
5556 1
16240 1
13750 2
14580 3
13754 2
5564 1
11850 3
13758 0
5567 2
5568 3
8875 2
5572 3
13765 0
5576 1
18725 1
5578 3
5579 2
5580 1
5581 2
5583 2
8766 2
5587 1
13780 1
5589 3
13782 2
14585 0
10279 2
5594 2
11643 1
13789 3
13790 1
5601 1
5603 0
5606 0
13799 2
5609 2
5031 3
5612 2
18736 1
17645 0
9129 2
13816 2
13817 1
13818 3
5627 1
16827 2
5630 2
13823 1
5632 1
5035 2
13828 1
5637 1
5639 2
5641 0
4020 1
5098 0
10294 1
10499 3
5652 0
13845 1
5655 2
5657 1
5658 3
5659 0
5661 1
5666 0
5670 1
13864 2
13865 2
13867 2
5683 1
5685 2
5686 2
5687 2
5691 2
11919 3
13283 2
5698 2
5699 0
5702 0
13904 0
952 1
5716 0
5719 1
13912 1
18096 2
13914 3
3191 2
5930 2
11877 2
13921 1
13922 1
9147 1
13925 0
13927 1
13928 1
13929 1
5743 1
11880 1
17922 0
5747 0
13943 2
18708 2
5754 2
13951 3
13954 1
5763 2
5767 0
6466 2
13965 0
5375 2
5776 2
5777 2
2657 0
18713 1
5785 2
13978 2
5787 0
18714 1
5791 1
13984 0
6427 2
5798 2
13993 2
8822 2
5803 1
13996 1
13997 0
5806 0
2333 2
5808 2
17352 0
5810 0
5811 2
5812 0
5813 2
5814 2
13257 2
15988 1
5819 1
14012 1
14014 0
14019 2
5831 0
366 2
3703 2
14029 2
324 1
5841 1
5843 2
14036 1
14038 2
5849 0
14042 2
5851 3
7802 0
14047 1
5858 2
5860 2
2342 2
5862 2
14631 2
5869 2
14062 3
5871 3
14064 0
14065 0
14066 3
5875 2
15151 3
5879 2
5881 2
14074 3
7807 2
10732 3
14077 3
14078 1
14084 1
5895 2
11926 0
5903 2
5904 2
13272 0
14098 2
11907 2
5909 3
14103 1
14107 0
5916 1
14109 3
5921 1
5922 0
5925 2
5926 0
5927 3
14122 3
5931 2
14125 2
14126 2
6451 2
18044 0
13278 2
5943 0
14137 2
14138 1
14139 1
14142 3
14144 2
10291 1
7819 3
18534 2
6859 1
14150 1
14151 2
5960 3
14155 3
14157 2
5966 2
5971 2
8655 2
5975 3
14168 1
14170 1
14171 0
13515 1
2362 2
5982 2
5984 1
14177 2
18807 2
14180 1
5989 2
4403 2
5168 1
14188 2
14189 0
5998 3
14191 2
14192 2
14194 2
14198 3
14199 1
10308 0
14201 0
14202 3
6012 0
14205 3
6018 1
6019 1
14212 2
18098 2
14214 2
6023 1
6024 2
6025 2
6026 2
16023 1
14221 0
14227 1
7566 2
8769 1
14233 0
13295 1
6044 3
6045 1
14239 0
14243 1
6053 1
9457 2
6055 1
6056 2
6057 2
14251 0
14253 2
14254 2
6063 3
14256 1
10568 1
6067 2
6068 2
6069 1
14262 2
14263 2
14264 2
14265 2
5109 1
14274 2
14275 1
14277 2
7109 0
14280 0
14281 2
6091 1
6094 2
14287 1
6097 3
6098 0
16035 3
14292 0
6102 2
9209 1
1567 2
6107 2
6109 1
14302 2
14304 0
10576 2
6114 3
6115 3
14310 3
14673 2
6120 2
13570 3
14316 2
6127 0
6128 2
6129 2
14322 2
14323 2
6132 2
6135 2
6136 2
6137 1
6139 0
6141 2
6143 3
6144 1
6145 2
750 2
5121 2
6152 3
14345 3
6154 2
14347 2
14348 2
6158 2
6159 2
6161 1
14355 2
6164 2
14117 2
11662 2
10585 0
14360 1
6169 2
14362 1
14363 1
14364 1
3206 2
6175 1
14368 2
14369 2
14371 1
6180 3
14374 0
14375 0
14376 2
14377 1
14379 3
6188 2
6493 2
6193 3
14386 2
6196 2
14389 2
14392 2
6201 2
14394 2
6204 2
6205 2
6206 2
6207 2
6209 2
14403 0
14407 1
14408 2
14409 2
14412 2
14413 2
6222 0
1037 3
7864 3
10595 2
14420 2
6231 2
14425 2
6235 2
14428 3
3102 2
14433 2
6244 2
14437 2
14438 0
5137 1
3772 1
6251 2
208 2
6253 2
2936 0
6260 1
7870 3
13383 2
6265 3
6266 2
6267 2
10602 2
6270 2
14463 1
14464 3
6273 2
6274 3
1842 1
14474 3
9098 2
17432 2
9241 2
14488 3
14489 1
14490 2
11444 2
14497 0
14498 2
1301 2
14501 0
14503 2
14504 2
14505 2
6314 3
11826 2
6317 2
14510 2
9245 2
14512 1
14513 2
6322 3
6323 3
6325 1
14521 3
6330 2
6331 2
6332 2
16075 1
6340 2
14535 1
14538 2
606 0
6348 3
6349 2
14545 3
14546 0
14547 3
6356 1
6357 2
6359 2
3485 1
13348 1
6363 2
1297 0
6367 2
6368 2
14562 1
2427 2
14565 1
6374 1
18812 2
6379 1
6380 0
6381 1
14576 0
663 2
6387 2
6388 3
6390 2
6391 3
6393 2
14586 2
18815 2
6398 3
14591 2
10299 2
6403 3
2387 2
14604 2
6413 1
14607 2
6416 3
14611 1
6422 1
6424 0
6426 1
9263 1
6429 1
14622 2
2437 1
14625 2
14627 2
17945 2
14629 1
6439 2
14632 2
6441 0
6443 2
6445 1
6446 2
6448 1
10463 2
13363 2
13581 0
6453 3
14647 2
6456 1
14651 2
12763 2
6464 0
14658 1
6467 2
17462 0
14662 2
14663 2
6473 2
14666 2
6478 3
6481 2
3811 2
18830 0
6487 1
6488 2
14681 2
14682 2
8945 2
1082 2
6494 0
1407 2
6498 2
5179 0
6501 0
6503 2
6504 2
6505 0
2126 0
2450 2
1035 2
7912 0
6514 1
6515 2
9278 1
1308 3
8946 0
6522 2
6523 2
6526 1
18837 2
9219 1
13376 3
14724 2
6533 0
14726 1
14727 1
14728 3
14730 1
14731 2
4198 0
13378 2
1036 0
3821 2
18840 2
13249 3
17556 2
2458 0
14751 2
14753 2
11175 1
14758 1
14760 1
14761 1
16040 2
6575 2
6577 1
14770 1
14773 0
12767 3
6585 1
14778 2
14779 2
14780 2
14782 2
6592 3
6594 3
14787 0
6228 2
14789 2
14791 2
6600 0
14793 1
6603 1
14796 2
6605 0
6608 2
14803 2
14804 2
14805 2
6614 2
6616 1
14809 2
6619 2
14812 3
6621 2
6622 0
14815 2
14817 2
6626 3
14821 2
6630 3
6631 2
14825 2
10663 3
12496 1
14829 2
14830 2
14832 0
14834 1
1107 1
14133 2
6569 3
6648 2
14842 2
14844 2
6653 1
6712 2
6657 1
6658 1
15920 1
17494 2
6662 2
14859 1
14860 2
6671 3
6674 1
14868 2
14869 1
6679 2
14873 2
14874 2
14875 2
14877 2
14878 2
14879 2
14880 2
6689 2
12225 2
17499 2
6692 2
16134 0
14886 1
6695 3
18772 1
6697 2
6698 1
14892 1
6701 1
6702 1
6703 1
6704 1
6706 1
14899 1
6708 1
6709 0
6710 1
14903 2
14904 2
13317 0
4588 0
9210 1
10677 3
6720 1
14913 2
14914 2
6723 1
17409 1
6726 2
6727 2
14921 1
6730 1
8953 1
6734 3
10083 2
6740 1
14934 2
14777 2
14936 0
4682 2
6747 2
14941 1
754 2
17509 2
14945 1
6754 0
10683 3
14949 0
6759 2
6760 0
14953 3
6762 1
14960 2
17512 1
6770 2
14963 3
18200 2
6776 2
16148 2
14972 2
6782 1
14975 1
6227 2
6787 0
6788 1
14983 2
12055 2
6797 2
6801 1
427 2
6595 0
14996 2
6806 0
6807 2
15001 1
6810 1
15004 2
18662 2
6815 0
6816 1
15009 2
6818 2
6819 3
17685 2
9229 1
6829 1
6830 2
16157 2
14792 2
6834 0
6837 1
6839 3
6841 2
15034 2
6843 2
6844 0
2410 2
15038 2
15041 2
15042 2
6851 1
6852 0
6853 0
15047 0
6856 1
15051 2
6860 1
6862 3
6863 0
9336 2
6866 2
2138 2
6869 1
15062 1
6871 0
15066 2
15067 2
15069 2
6879 2
15072 0
6881 2
15074 0
15075 2
6886 2
15079 3
16869 0
6892 2
15085 2
15087 2
6898 1
15093 3
6902 0
15095 1
6904 0
6905 1
6907 2
15102 1
15103 1
15104 1
15105 1
15107 1
15109 1
15110 1
15111 3
6922 1
6923 0
15119 0
15120 0
15122 2
6931 2
15124 3
15126 1
6617 2
6936 1
15129 1
12079 3
15133 1
6942 1
15135 2
15137 3
6946 2
6947 3
15140 0
15141 1
6950 0
15143 2
15144 0
15145 0
16178 1
8415 1
6959 0
6961 1
6963 2
6964 1
15157 2
6967 2
6968 0
6969 0
15165 0
15167 2
1163 2
6980 1
14417 0
15176 1
1164 1
15179 2
15180 1
6989 1
15184 0
6996 2
15189 0
6998 2
15191 2
15192 0
7001 0
7002 2
15195 2
15197 2
7006 2
7008 2
17552 1
15202 2
3897 0
7015 2
7016 2
7017 1
7018 1
15211 3
15212 3
7021 3
7022 3
7023 1
7024 2
15217 2
15220 2
7029 0
15225 1
3903 2
15228 0
15229 2
15231 0
12327 2
15233 2
7042 0
10731 3
7044 3
15237 2
9384 3
15241 2
7050 1
15243 1
7052 1
15245 2
15246 0
7055 1
9368 2
12819 1
7059 2
7062 0
17561 2
15259 0
7068 1
15261 2
7070 2
15264 2
7073 2
15266 1
7075 3
7076 1
15269 1
7080 0
1180 1
15275 1
7085 0
15278 3
15279 2
15280 1
15283 0
15286 1
15287 2
15288 3
7097 2
15290 2
7099 3
8010 1
10741 1
15296 2
7105 1
15299 0
7108 1
15301 2
15303 2
15305 2
7114 2
7115 0
7116 1
7118 1
7120 2
1187 2
15323 2
15318 2
15319 0
15513 0
7129 2
7131 0
7133 2
15329 2
15333 2
7142 1
7143 0
7146 1
15342 0
15344 3
1192 2
16605 2
7155 2
15349 1
7158 2
15353 3
10751 1
7164 2
7166 3
16213 0
15363 2
15368 3
16215 1
13523 1
15373 3
15374 0
15375 1
15376 3
7185 2
10755 0
7188 2
7189 2
13060 0
7193 1
7194 2
15387 2
7201 1
7203 2
7205 1
7208 2
15401 0
5150 0
15405 2
7214 2
7216 2
15411 0
15413 2
15417 2
7229 0
7230 2
7235 2
15428 2
1206 2
15430 1
15432 1
6668 0
7243 2
7245 0
7246 2
15439 1
15440 1
15444 2
7256 2
9402 2
7264 2
7265 1
7276 1
13851 0
15471 1
15472 2
15473 0
15478 2
7288 0
8426 2
15482 1
15486 2
15487 3
15488 3
15491 1
15494 3
9409 1
15496 0
7306 2
5886 2
15500 2
9410 2
15503 2
15505 0
15506 1
7315 0
15509 1
15510 2
9791 2
15514 0
15515 0
2586 1
15519 1
15521 2
15522 1
6683 2
7332 2
244 3
12145 1
7336 0
15529 0
13511 2
15532 3
15534 0
10781 2
3955 0
15544 1
2591 0
17610 2
15550 0
13884 2
15552 1
7362 1
7363 0
15557 1
15558 1
7370 3
15563 0
7372 2
15565 1
7374 3
17613 0
15568 3
6691 1
14884 2
7386 1
15579 2
7388 2
15581 1
7391 1
8975 2
7394 2
7395 1
7403 1
7405 2
7407 2
15600 2
15602 2
15603 1
15604 2
15605 1
7415 2
7419 0
15614 0
17780 1
15616 0
7425 3
15619 0
1549 0
15621 2
14343 2
15628 3
7440 2
13528 2
15634 0
15636 2
15638 2
7447 2
1339 3
7450 2
10799 1
7452 2
7453 1
15647 1
7458 1
7459 2
7460 2
7461 1
15654 2
7463 0
15657 2
15659 1
15661 1
15662 0
7473 1
7474 2
15667 2
15668 1
15669 1
15670 3
15671 0
15672 1
15673 3
15675 2
15676 0
7488 2
7489 2
7490 3
7491 2
15684 0
17633 3
8076 2
2615 2
7500 2
15695 0
15697 0
1251 1
16344 2
7509 0
15704 0
1252 1
15707 1
7516 2
17637 0
15712 0
15713 2
7522 2
7524 3
15717 0
15718 0
3985 2
15721 2
7530 1
15723 0
7534 2
1032 1
15729 1
7538 3
15731 1
17017 0
15254 3
15736 1
10344 1
15738 2
6719 1
15741 1
15744 2
1888 2
15746 0
7556 0
7557 2
15752 1
9452 2
16279 0
15757 2
15758 2
7567 2
7569 2
15762 2
15765 2
15769 2
7580 2
15773 2
7582 3
15775 0
7585 2
7589 0
15782 1
7591 3
7593 2
14260 3
15788 1
139 3
15794 1
6527 1
7604 2
15798 1
17984 0
15801 0
8117 2
15803 0
7612 1
7615 2
16288 1
15812 2
9462 2
15814 1
15815 1
7624 3
15817 2
15823 0
15827 3
15829 0
17985 2
7639 2
7640 3
2639 0
15840 1
7649 2
15842 0
9467 2
15847 1
15850 2
15852 2
10834 0
15854 1
5373 1
7670 3
15863 2
15864 0
14932 2
13567 3
7677 3
15871 1
7682 2
542 2
15878 2
9473 1
7692 2
1282 0
15886 0
7695 2
7699 2
7702 2
15895 0
15897 0
15898 2
7707 2
7709 3
15902 1
17669 2
7713 1
15906 2
15908 1
1286 2
7718 2
15911 3
7721 2
7722 3
4076 3
16800 3
15921 2
15924 1
7733 3
7734 2
7736 3
7737 1
17170 3
1290 1
4021 1
17504 2
7747 2
15940 0
15941 0
7751 2
7752 1
16311 2
7759 1
15954 1
11672 2
15959 1
2660 1
15962 0
7771 2
7774 1
17455 0
15970 3
15972 0
2714 0
7783 0
15978 3
7789 2
15982 2
15983 2
15984 0
14952 1
7795 0
7796 3
15989 2
15990 2
15992 0
15994 2
14041 2
15997 1
15999 1
16000 2
5562 1
7810 1
16003 2
6182 0
4033 2
16008 0
16010 0
16011 1
7820 2
16014 2
16015 1
17688 0
16018 1
12209 2
7831 1
7832 3
16026 2
8133 1
16034 2
7843 1
16037 1
7848 2
16041 1
7852 3
8172 1
16049 1
16050 3
16051 0
18538 2
7862 2
16056 1
16058 0
9503 2
7869 2
16062 2
7871 0
16064 2
16066 1
16331 1
16068 2
16073 1
1899 0
7884 2
4045 3
829 1
7890 2
7893 2
16086 0
10873 0
16088 1
7897 2
16090 1
16091 2
7900 2
7906 2
536 3
16337 2
16104 0
1471 1
16108 2
16109 2
16110 2
16113 2
16114 2
16115 2
16116 1
16117 2
16118 1
12539 2
16123 1
16125 2
7934 2
16127 3
5419 2
16132 0
8150 0
7942 1
14449 2
16136 1
7945 2
16138 2
7947 2
5421 2
16144 0
16145 0
7955 2
7956 2
9518 2
16150 2
16152 1
16153 0
7962 0
1320 1
16156 2
12250 2
16160 0
16164 1
7974 0
7975 2
16348 2
10887 2
7982 1
13093 1
16176 0
7986 2
7988 2
16183 2
16186 2
16351 3
16188 3
7998 3
7999 2
16192 0
8004 2
8007 3
16200 0
8009 2
16202 0
9527 1
16204 1
8014 2
16207 0
8017 3
8021 0
8996 2
16217 2
5357 1
2703 0
8028 3
16223 2
16224 2
16226 0
9531 2
8166 2
10906 2
16231 1
16232 0
16234 2
16235 1
6802 3
16238 3
5437 2
8048 3
16244 1
16245 1
8054 2
6804 0
11821 1
16252 1
8066 2
16259 1
16261 1
16263 2
16264 3
16265 1
16266 2
8075 2
8725 1
16272 0
16275 0
16277 2
6809 0
9601 2
16285 0
8096 2
16289 1
10907 1
8101 1
16294 3
8105 2
13641 2
16301 1
8115 2
8116 2
16309 1
1353 0
16317 0
16318 0
16319 0
8128 2
14675 2
9547 3
16092 2
16325 0
6272 3
8139 1
8140 1
8142 3
5453 2
16336 3
16376 2
8146 2
8149 2
16342 2
8152 3
10916 2
8154 3
16347 2
8156 1
8159 3
8160 0
8162 0
16355 1
16356 0
8165 2
16358 2
8167 0
8168 2
8170 2
16364 0
16367 2
16369 0
16371 2
16372 1
16373 1
16374 0
8184 2
9556 2
16379 2
8190 2
