8192 2
16384 0
16386 2
8198 2
16367 2
16392 3
16393 2
10802 0
8203 0
16396 1
16398 0
8210 0
8211 0
16404 3
8213 1
16406 0
16407 0
8219 2
16412 0
1370 2
16414 2
8223 0
8226 2
17755 0
8228 2
16423 0
9564 0
8237 2
16430 2
16431 2
16433 2
16436 1
16437 1
8249 2
8250 1
16443 2
16444 0
16445 2
62 2
66 1
16451 0
16452 1
8261 2
16454 3
16455 2
16456 2
8265 0
74 0
79 3
82 3
84 3
16469 1
8278 2
88 2
93 3
15035 3
16484 1
8293 1
102 1
16489 3
16491 3
4114 1
110 0
15037 1
112 3
16502 0
8212 0
122 3
123 0
8317 1
128 1
16513 1
16516 1
133 2
134 0
135 1
16520 2
137 1
16522 1
139 3
8333 2
8334 0
16527 2
144 2
7097 2
146 3
6851 1
148 1
151 1
8345 3
16538 0
16540 2
157 0
158 3
8353 1
8354 1
16411 1
8356 3
15046 1
16550 1
8361 2
170 0
15047 0
8365 1
16559 0
177 1
178 0
180 3
183 2
16568 1
8377 1
16415 2
16572 3
8381 1
17737 2
8386 2
16580 0
197 2
16583 2
8392 2
202 2
203 0
206 3
209 2
8402 2
8403 3
212 0
8406 1
8407 2
218 3
6863 0
16605 2
16607 1
16611 0
16612 1
229 3
16614 0
16616 1
8425 3
234 2
16620 3
8430 2
9597 2
8432 1
16625 0
8434 0
8435 3
244 3
8437 3
246 0
4137 2
16632 2
16636 2
16638 0
8447 0
16640 1
1408 0
8453 3
16646 1
264 0
7694 1
8461 3
16429 2
16658 0
8468 0
279 0
9011 2
8474 3
284 1
8478 0
16671 1
8480 1
289 2
8483 0
292 0
1414 2
8486 2
8488 2
15068 2
8466 0
16686 1
10973 2
8496 2
16690 2
12339 1
8502 1
312 1
16699 0
316 0
16701 2
16702 3
319 2
16704 3
16705 1
8514 1
324 1
16710 3
4648 1
16712 0
16713 0
15074 0
16718 1
16719 2
16720 2
16721 1
16723 3
16724 2
16725 1
6880 1
346 3
16731 0
16737 2
354 2
16739 1
8549 0
16742 1
359 3
360 2
6887 1
17810 1
16752 2
8419 0
371 0
8564 2
16446 0
374 2
16760 0
378 3
4377 3
16765 2
8577 1
387 0
388 1
16773 2
16774 1
16779 2
397 3
8593 0
8594 1
16789 3
16790 1
16791 2
410 2
8604 2
8605 1
416 0
420 1
8262 2
16807 1
424 0
16810 3
8619 3
8621 0
16814 2
9629 1
433 2
8627 0
16821 1
438 0
440 1
16827 2
444 2
16458 2
446 2
8643 1
16837 1
454 2
455 1
16841 2
8651 0
461 2
8654 0
16847 0
8656 0
8658 0
16851 2
468 0
17828 3
8667 2
16862 1
9637 1
16865 0
483 2
8676 0
8745 1
486 2
16874 0
16875 1
16876 3
8274 0
16878 0
8687 2
8688 2
16881 1
6836 1
16884 1
8693 2
16886 2
503 3
504 3
505 3
16891 3
8473 2
9642 0
16896 1
16897 2
8709 1
16902 2
16905 1
524 2
16909 1
526 0
9645 2
16912 3
8721 2
8724 1
533 0
8727 0
8728 2
537 3
538 0
8731 0
8732 1
541 2
542 2
6917 2
1040 0
8737 2
16930 2
8739 3
16932 3
551 1
552 1
16937 2
8746 2
8747 2
8748 3
16948 0
565 1
566 3
11017 0
8761 1
8762 1
16955 0
572 0
573 1
8767 0
576 2
16961 3
8771 3
581 1
8775 0
8776 1
16969 1
587 1
588 1
8781 3
16975 1
16976 1
8786 1
16980 2
16982 0
17849 2
16985 1
16986 0
13754 2
606 0
16991 3
16993 2
5203 2
611 1
16997 2
8806 0
8807 2
8808 0
8809 0
17002 1
8811 1
620 3
8814 2
8815 2
624 2
12392 1
17012 3
17013 2
8822 2
8827 2
636 2
17021 0
17022 0
17023 1
8832 2
8834 2
643 2
17029 0
17031 2
8841 2
8842 2
8843 2
17036 2
17038 1
658 0
17044 0
661 1
8855 1
664 0
17049 1
17050 1
8860 1
17054 1
8863 3
672 0
17057 0
674 0
676 2
17061 2
17062 0
17063 1
15132 1
17066 2
17067 1
17068 3
17071 2
8883 0
17077 3
8889 2
8898 1
17091 0
15572 1
15137 3
712 2
17097 2
18390 0
17099 2
11042 2
719 3
8912 3
8914 2
8916 2
8918 0
16505 0
17112 0
8921 2
730 2
17116 1
17117 1
17120 2
738 2
17123 2
8932 0
17126 2
8935 2
744 2
8938 2
17131 1
749 0
750 2
16509 1
17136 0
17137 2
8946 0
755 2
17140 0
757 2
6953 2
8952 2
8953 1
762 1
17147 0
764 2
8957 0
17150 3
17151 2
17152 1
17154 0
771 1
17156 2
15102 1
774 1
17159 3
776 3
8976 2
8978 1
787 2
17173 1
790 2
17176 2
17178 2
2863 0
17181 2
8990 2
8991 2
17184 1
801 2
802 1
17188 2
17191 0
808 2
9001 0
17194 2
17195 0
9005 3
9052 1
17201 1
17202 0
17203 2
17205 1
9014 3
17207 3
17208 0
9019 1
8330 2
9022 3
6965 2
832 2
8331 2
17220 1
17222 3
17227 1
844 2
17229 3
9038 2
17231 0
17235 0
9044 0
9045 2
9046 1
17239 1
856 0
17242 2
17243 1
860 3
861 2
862 0
9057 1
869 0
870 2
17255 0
873 1
874 3
8758 2
1965 2
8338 2
9070 2
9071 0
17264 0
17265 2
9075 2
17268 1
9079 1
17272 0
889 0
9082 2
894 2
9088 3
2880 2
17282 3
9092 0
17285 0
9094 0
903 0
18852 0
17292 1
11074 2
910 1
911 2
17297 0
17300 1
9109 3
17302 2
17304 2
9113 0
12663 2
154 0
17310 1
17311 2
931 3
932 3
11078 2
15034 2
17322 2
2352 3
12445 2
17328 0
17329 3
9138 0
947 2
9141 1
9142 0
9143 1
9145 0
17338 1
957 2
17343 0
961 1
11463 1
9155 2
9157 3
9158 3
969 1
9164 0
6989 1
17365 0
17368 1
768 0
17371 0
17372 3
17376 0
9186 2
17379 2
17381 2
17386 0
1004 0
11090 0
17390 1
17391 0
9201 0
1010 1
17395 2
17396 2
3307 1
9209 1
17402 1
1020 0
17405 2
14955 2
15189 0
9216 0
17409 1
12459 1
1028 1
9223 1
17416 1
17417 1
7945 2
1037 3
9230 0
9231 2
9232 2
14492 0
17429 0
853 0
18174 2
1048 3
1050 1
175 3
17437 0
17438 2
17440 2
17441 2
17445 2
9254 1
1063 2
17450 1
16562 2
15197 2
9736 1
9266 3
1075 0
9269 2
9270 2
17463 1
9273 3
9274 2
1127 1
17472 0
17474 2
17767 1
1092 0
17477 1
1094 3
9287 0
17480 2
9289 3
9290 3
9292 1
1101 1
1549 0
17488 2
8376 3
9299 3
9300 1
17495 1
9308 1
9310 0
17504 2
17505 0
1122 1
310 2
9316 0
17509 2
9318 0
17511 1
17512 1
9321 0
17514 2
9323 0
1133 2
17518 0
17520 1
1137 0
190 3
11113 3
9338 2
17532 2
17533 3
1151 1
17536 2
9346 2
17539 3
9350 2
17543 0
17544 2
9353 0
14917 1
17549 1
1166 2
17551 2
17552 1
17553 2
17554 2
17556 2
7022 3
1174 2
9367 0
17560 1
1177 2
1178 0
17563 2
1181 3
1183 0
9377 2
17570 2
1187 2
1189 2
17574 1
9383 0
17576 1
9385 3
9386 2
17579 3
9389 0
9390 1
17949 2
17584 3
200 0
1204 0
1205 1
9398 1
12567 1
17593 2
9402 2
1212 3
10319 3
1214 3
9408 0
18044 0
9413 0
17606 1
17607 2
17610 2
17613 0
9422 0
9425 1
9427 2
9428 2
1237 2
1241 2
1243 2
1245 0
17632 1
4304 2
1250 0
1251 1
9446 1
17639 1
9448 0
17641 1
9450 3
9451 0
17644 1
16594 2
3588 0
11226 2
17649 1
17650 1
17651 0
17652 1
9462 2
17655 3
1272 3
1273 2
1274 0
15231 0
17660 2
1277 1
17663 1
17664 0
1281 0
17666 2
9476 2
9477 2
17670 0
17672 0
1290 1
1291 0
9485 1
9486 3
17680 0
1297 0
9491 0
9493 1
17686 2
17687 1
17689 2
17692 3
17693 3
17695 2
17696 1
1313 3
17698 0
219 0
17700 1
6228 2
1322 2
1324 2
9517 3
1329 3
1331 1
9065 2
1338 1
9319 2
1340 2
1341 2
1343 2
1344 0
17729 1
17736 0
1353 0
1354 1
1355 1
2500 2
1359 1
17744 1
9554 2
1363 2
9556 2
1366 0
17752 1
9562 2
9563 0
17756 0
17759 1
17760 2
17761 0
1381 2
1383 2
17769 0
9578 1
9579 2
9580 1
1389 3
11155 0
3047 0
9592 1
17787 3
9596 0
17789 1
17792 0
1409 0
17797 3
9606 1
17985 2
8428 0
9610 2
9611 2
17804 2
17986 0
9615 2
17809 0
9618 0
17811 1
1428 0
17813 1
17814 2
17818 2
17819 2
17820 0
1437 3
1605 0
1440 2
16624 2
13687 2
1444 2
1445 2
9638 3
9639 2
17832 3
9284 0
15067 2
15261 2
9648 2
17843 2
1460 3
17848 1
9657 0
17850 1
17852 2
9661 1
1470 2
17855 2
3595 0
17858 0
9667 3
16630 3
9670 0
9671 1
9673 1
1482 1
9675 1
9676 2
1485 3
9678 3
1488 1
9681 2
4647 0
9685 2
4345 2
1496 1
9690 2
9691 3
6051 2
9694 0
17887 2
17889 0
6324 1
17895 0
17896 1
9709 2
9712 2
2984 2
1523 0
7143 0
9720 1
9722 2
1538 2
1542 2
1543 1
1544 1
7962 0
1547 2
1548 2
9741 2
15277 1
17937 2
17939 0
17237 2
17944 1
17945 2
1562 0
7087 1
1564 1
4962 0
17952 2
16419 1
17956 2
17959 2
9768 2
9770 1
9771 1
17964 0
1581 1
1583 2
17968 0
17969 0
17972 0
9781 1
17974 1
1591 1
9784 2
17977 2
17979 2
1596 2
4362 0
1598 0
1599 0
9792 2
1601 1
9794 0
9795 0
17989 1
1608 1
13147 1
9826 2
1614 1
9808 2
1618 1
9811 0
9812 0
3001 2
9817 2
18010 0
18012 3
18014 3
1634 2
1635 2
18020 0
9829 2
9830 2
18024 3
18028 1
274 2
9838 1
18032 0
18033 0
18034 1
9845 1
1655 2
1658 3
1659 0
1660 1
1661 1
1662 2
9855 0
1664 1
18050 3
18052 0
18053 2
1671 1
1672 3
9865 3
1674 2
9867 0
9868 1
1677 0
6057 2
18066 1
18069 0
9878 3
9879 0
1688 0
18074 3
18076 0
9885 1
18079 2
18081 2
18082 0
9891 3
9892 0
13041 2
1702 2
1703 1
18091 2
8513 0
18095 0
1714 0
1715 0
18100 1
1717 2
1722 0
9915 2
1724 2
1725 2
1727 0
18114 2
9923 0
16673 1
7116 1
1738 2
18123 2
18126 0
1746 2
18132 1
16425 0
1750 1
11215 1
14578 1
18141 0
18142 1
16677 2
1762 0
18147 1
9958 0
9960 0
1769 2
1771 1
18156 1
1773 1
18163 0
9854 1
18167 1
1790 2
18175 1
11414 1
1795 0
8959 0
11222 0
1800 0
18186 2
9995 2
1666 2
1807 0
1808 2
1809 2
18201 1
18203 2
10012 1
1821 1
18207 2
10019 3
18212 1
10024 0
10025 1
18218 2
10027 2
1836 1
18221 2
18222 0
10032 1
18225 2
10036 2
1845 0
1847 0
18232 2
18233 2
10043 1
1852 1
18237 1
10047 1
10048 2
18241 0
1858 1
16694 1
9882 1
18247 2
18248 2
18249 3
1866 2
1868 3
18254 2
18255 0
1872 0
18259 1
10071 1
18264 1
11236 1
10078 2
7141 0
1888 2
13968 0
18274 3
10083 2
18276 0
7142 1
18278 1
18279 1
10088 1
10090 0
11239 2
18284 1
18287 1
1904 2
10098 1
1907 0
1911 0
10105 0
18298 2
18301 2
1918 2
1924 2
10117 1
1926 3
1927 3
18312 1
18316 1
10125 1
18319 0
18320 0
5141 0
18324 2
10134 0
18328 1
10137 2
10138 3
883 1
1949 2
18334 1
10143 1
10146 2
7182 0
10149 1
1958 0
10151 3
18344 2
1962 3
18347 2
18348 1
18349 1
1970 0
1971 2
18357 2
1975 1
18363 1
18365 1
18366 2
18368 2
1987 1
1988 2
1697 0
1992 2
18379 1
18383 2
18386 1
2006 1
18391 0
10201 1
2010 1
2011 1
18397 1
10207 2
18401 1
18402 0
2020 3
18409 3
10220 0
18414 3
8531 1
18421 3
18424 1
12628 1
18426 1
2043 1
10237 0
8533 3
2048 0
3887 2
4438 3
10247 1
10248 2
18443 2
2061 3
10254 2
10256 0
2069 3
18455 2
2072 2
2073 2
5807 1
2076 2
10271 0
11383 1
18465 1
2083 2
10276 2
2086 0
10279 2
10281 2
10282 2
2091 2
2093 0
10286 1
13371 3
18483 2
10292 3
10295 0
15726 1
18491 0
2108 3
2109 0
10302 0
10305 2
10307 0
2116 2
14255 0
17581 1
18504 1
2121 0
10317 1
18511 3
2128 1
2129 1
2130 1
18515 2
10324 1
2133 1
2134 2
18520 1
18521 0
2138 2
10332 1
10335 2
2145 2
18107 3
10340 3
358 1
18534 2
2151 0
10344 1
9916 1
16743 2
18540 0
2157 0
2158 1
10351 2
2161 0
2164 2
10358 2
2169 0
2171 0
10364 2
6619 2
10367 1
18560 3
5528 0
10371 2
2180 2
618 1
18567 3
18568 0
2185 2
2189 0
2191 1
10384 0
10390 0
2199 2
2200 1
2201 2
2202 2
2801 2
18590 0
5829 1
10401 2
18594 2
2211 0
10405 2
10406 0
10407 2
10410 2
1735 1
10412 2
2222 2
4270 0
18609 0
8563 2
2228 0
10421 2
10422 2
18615 1
10426 1
10428 0
18623 0
18626 3
10435 2
18630 0
18632 2
10441 2
18635 1
2252 1
18637 1
2254 2
5837 0
18640 1
10451 1
18644 2
2261 1
2262 0
17559 2
18649 0
2266 0
18651 1
16762 0
10462 0
18655 2
10464 1
2273 1
10466 0
10467 2
2276 0
18661 1
2278 2
10471 1
2280 1
10473 0
10475 1
10476 3
10477 2
2286 2
2287 2
18676 2
18679 3
10488 2
10489 0
18682 1
18687 0
2304 0
4480 1
2306 1
10499 3
17262 0
10505 2
10507 2
18700 2
18701 2
10510 0
18704 1
18706 2
18707 1
18708 2
10517 1
18714 1
10523 2
5850 2
18719 0
18723 1
14808 2
18725 1
18726 1
18729 0
2346 0
5853 2
18736 1
9080 0
15411 0
2356 2
18743 0
11316 0
2362 2
10555 0
18748 2
10559 2
18753 0
10563 2
10564 2
10568 1
2377 0
10573 1
10574 2
10575 1
2385 2
18771 2
10580 0
18773 3
10582 1
10583 2
18776 3
2393 3
10586 0
2395 0
10589 2
4717 0
2403 1
2406 1
10599 0
18792 2
10604 3
10605 1
10606 1
18799 3
2417 1
10611 0
10612 2
10613 1
18806 2
18807 2
18809 2
2426 1
2427 2
10620 0
2429 1
18814 2
2432 3
18819 0
8810 2
2438 2
2440 2
4503 2
2444 1
10638 1
11811 2
2452 2
15377 2
18839 2
18841 2
2458 0
18844 1
16794 3
18847 3
1173 2
10659 3
10660 2
18853 2
10663 3
2472 2
15358 2
18859 1
10448 3
2479 0
10672 2
4447 3
1779 0
8266 2
2489 3
8539 1
4511 1
10686 0
2499 3
10692 1
10696 2
10699 1
10702 2
2514 1
2516 2
2517 0
10711 2
2524 1
2525 1
2528 0
2530 0
10724 0
10726 2
10727 2
2536 0
10729 1
10734 1
2544 0
4520 0
2549 2
10742 2
2551 0
10745 0
10747 3
10751 1
10753 2
1108 2
10755 0
2565 0
2566 3
2568 0
10761 0
2571 1
10771 1
10773 1
10774 1
18180 0
10781 2
10783 3
5269 0
2594 2
2595 2
4706 0
10792 0
10797 0
2606 3
10799 1
10800 0
2609 0
2269 0
16819 2
2612 2
10805 0
10001 0
2615 2
2617 1
10812 1
10814 1
10815 2
10816 0
12908 0
10819 2
10820 3
9362 0
10825 0
10827 0
1640 2
1805 3
2640 2
2641 1
10835 0
2645 1
10840 2
10841 3
18191 2
4538 2
2655 2
10000 0
10850 1
10851 1
10852 2
10853 2
10854 0
2663 1
2666 0
11367 0
907 1
10863 0
10864 2
2673 1
10867 1
10868 0
2678 3
2309 2
10872 1
10873 0
10878 2
10881 2
9364 2
10884 0
13384 2
10887 2
2698 1
6991 0
2702 2
10896 1
10897 3
10899 3
10900 1
10901 2
2710 3
10903 2
10904 3
10905 2
10906 2
2715 2
10911 2
15639 1
10913 3
2722 1
1819 0
13657 0
2729 1
2731 3
10925 1
4552 1
2738 3
12745 2
2746 0
2751 0
13185 1
10945 2
16843 3
2758 2
2762 2
2763 0
2764 3
2766 0
2769 0
1827 2
2776 0
2777 1
2778 2
2781 0
10974 3
8276 1
464 2
2791 2
10985 0
2794 3
10991 1
10992 2
18216 2
2807 3
16852 1
11002 3
11004 2
10026 2
2817 0
1835 1
2821 1
11015 2
11016 0
2825 2
2833 0
10030 2
2839 2
6914 2
11035 0
11036 2
11038 2
17280 1
2851 1
11045 2
2854 1
2855 2
11048 0
2857 1
11052 0
11053 2
11055 2
11056 0
11059 0
11065 2
2874 0
15498 0
11072 1
11073 1
2882 2
2883 0
2884 0
2886 0
481 1
11080 2
2892 2
11085 2
11086 1
13058 0
2898 2
5552 1
2901 0
2902 1
2904 1
11097 1
11100 0
2909 1
11103 0
2917 0
2919 0
17476 0
18236 3
11118 0
2927 2
11128 2
11412 0
2939 2
11132 2
12999 1
2946 2
11139 1
11141 0
11142 1
1857 2
8684 1
11146 3
11149 0
11152 2
2963 3
11164 0
2973 2
2975 1
2977 0
15515 0
9101 0
2988 0
12786 0
2992 2
10056 2
11187 0
2998 0
11191 2
3000 2
11193 0
3232 0
11202 0
3020 3
3021 2
4465 0
17535 0
11220 1
3030 1
3032 2
11225 0
3034 2
3036 0
11230 2
101 1
3044 2
11237 2
16741 2
3048 3
3049 2
3050 0
11243 2
3052 1
3056 2
3058 1
3059 0
9922 1
11261 3
3070 2
3074 1
11268 2
3080 2
11273 3
3082 2
11277 0
3093 3
11288 0
3099 0
3100 0
11295 2
3104 0
3105 1
3110 2
11441 3
13197 0
11307 2
3116 0
3117 3
8560 1
11315 0
3124 2
3125 0
17562 1
11320 0
3129 3
1887 2
11327 2
10080 2
8146 2
3141 2
11334 2
11335 2
11336 2
14562 1
3149 3
11343 2
11345 1
18275 1
11355 3
11356 2
3167 1
528 2
11366 0
529 2
3178 1
3182 3
3652 0
3185 0
3186 1
11379 3
3191 2
11390 1
4629 0
11393 2
11397 2
11402 0
11404 1
3213 0
3215 2
3218 3
7363 0
16279 0
14190 2
3222 1
3223 2
3224 3
11417 2
11421 2
3230 1
9382 1
11424 3
11426 3
16923 2
3236 0
3237 1
11430 0
11432 0
3242 3
3271 2
3244 0
16925 2
3249 1
3251 0
3252 3
16926 2
3255 1
6004 0
11451 1
11452 2
3261 1
3263 2
3268 2
11461 1
3270 1
545 2
3272 0
11465 3
3274 1
11467 1
546 1
3279 2
3280 2
11473 1
3282 0
547 1
7374 3
3286 1
1913 2
3288 2
548 1
3291 2
11484 1
11487 0
3296 0
240 1
3305 1
11499 0
3568 0
11502 2
3311 1
11504 3
3313 2
3314 3
3316 0
3318 0
4649 3
3320 2
13914 3
11514 2
11515 0
3324 2
11518 2
3285 1
3328 1
16939 1
3334 1
6017 2
16940 2
11532 2
3347 0
5567 2
11543 2
11544 2
3354 2
3355 1
3357 1
3358 0
3359 3
3361 0
11554 1
11555 1
3366 0
3368 1
15580 2
3371 0
3373 3
3375 2
3380 1
11573 2
3382 0
3387 1
11580 1
3389 2
16949 0
11586 0
3396 0
16950 2
1521 3
3399 0
10124 0
3410 2
1932 0
11608 2
11612 3
11613 1
3422 1
14800 2
3425 2
11620 1
11621 0
11622 0
14225 0
16956 1
3434 1
3435 3
3439 0
3440 1
11635 0
3445 1
11638 2
11640 2
10132 1
575 1
3452 0
3454 0
17699 2
3458 3
3459 0
11652 2
3461 0
11654 0
5298 1
3466 2
11660 1
12866 2
11668 2
3310 2
12391 1
1946 0
16965 0
3489 3
3490 2
3491 2
4678 1
583 1
7410 2
3503 2
11696 2
3505 0
11701 2
8777 0
3515 1
3516 3
12874 1
3520 2
3521 2
390 1
8780 1
11724 2
16973 0
14243 1
11732 0
11733 3
11738 1
591 1
3548 3
11743 1
11747 2
10484 2
11753 1
3564 3
16978 2
11760 2
3572 1
11766 0
11767 1
11768 2
3577 0
11773 2
11774 1
3585 2
3586 0
11779 0
11780 3
8790 0
7425 3
6060 0
11786 1
16983 0
11788 2
11791 3
3601 3
11795 3
8439 2
3606 3
3611 3
1484 0
11806 2
11808 1
3618 0
3619 2
3621 2
3622 2
8304 0
11821 1
11822 0
16989 1
17048 3
3633 1
3634 3
14259 1
3636 3
16990 2
3638 2
11831 1
11833 1
607 1
11838 2
11839 3
3648 0
11841 2
11842 0
8570 1
6941 0
3653 2
3655 1
11850 3
3659 0
11852 1
3661 2
11856 3
11857 0
297 2
8803 0
11860 1
3672 1
3673 1
3674 2
3675 1
9397 2
11874 1
1979 1
3684 3
3685 2
11878 1
3688 1
13489 0
11884 2
11885 0
11887 2
11888 0
11889 1
1982 0
617 0
3704 1
11899 2
3709 2
11902 2
11905 3
3397 0
11913 1
11914 1
11915 0
11919 3
3352 1
3730 2
3734 2
18372 1
17319 0
17007 0
3745 2
3747 1
11941 2
3750 1
3752 3
8481 0
11952 2
18376 2
3762 1
3768 0
628 0
11963 2
3774 3
3778 0
3780 1
17014 1
11978 0
4727 1
3790 2
3792 0
3793 0
3798 2
1763 0
11999 2
3809 0
4731 2
3812 3
6128 2
12006 0
3815 1
8828 1
12011 3
3820 1
16494 0
3822 3
4733 2
638 0
12023 1
3832 1
12029 0
14293 0
12032 2
12034 1
12037 2
12040 0
11565 1
8835 1
3862 2
12059 0
4766 1
3873 0
3876 2
12069 1
3879 2
3880 0
12074 2
12077 2
12079 3
15356 1
4494 0
12087 0
12089 1
3901 0
3381 1
12097 1
12100 2
12103 3
12110 2
3131 0
14307 2
654 0
10212 0
3932 3
12127 2
12131 3
12136 2
3388 1
17042 2
12145 1
3958 2
2025 1
12154 0
11583 0
12158 2
3967 3
3968 3
12161 3
3970 3
3971 1
12165 1
3974 3
12170 2
3979 1
12173 0
3985 2
3988 0
12181 1
12184 2
8858 2
8862 2
3999 0
4001 1
4002 1
4003 1
12196 3
4009 3
12202 2
4011 2
12204 0
7496 0
18419 1
4020 1
670 2
4024 1
17055 2
12223 1
12225 2
12230 1
4039 2
12235 0
2209 0
4050 1
4053 1
12247 0
4058 2
15138 0
12252 2
12253 0
12255 1
12257 0
12259 2
12260 1
18139 1
4071 0
12265 1
12266 2
12268 2
4078 1
4079 0
4081 1
12277 0
8873 2
4090 1
12283 0
4094 3
4096 0
4097 0
900 1
12292 2
12293 3
12298 2
4107 2
12300 2
12304 0
3416 0
12306 2
4115 0
4118 2
12313 2
7775 0
4126 0
18437 0
7515 3
12324 2
7447 2
3420 2
12330 1
12331 2
4140 0
4141 0
4142 0
4143 0
14344 0
4146 0
4147 2
4150 1
4151 2
12348 1
4162 0
4164 0
12141 1
12360 1
12363 3
15714 1
18446 2
4793 1
4184 2
12377 2
412 0
4187 3
17052 2
12388 2
12390 2
6161 1
4200 3
4201 2
8869 2
12405 2
4218 1
12991 0
4221 2
4225 2
4227 2
12421 0
12422 2
12426 0
12428 3
12429 0
4238 0
10264 0
4245 2
18457 1
12440 2
6961 1
4256 2
2075 0
4260 2
4262 2
12455 3
6172 0
13781 1
4267 1
12462 2
6173 0
12464 0
12465 1
12470 2
13001 1
12473 1
14367 1
4284 1
11637 1
8599 0
12486 2
12487 0
12488 0
12492 2
717 0
12496 1
6179 0
933 1
12504 0
14372 0
4314 1
4318 2
4320 2
12513 2
12515 3
14374 0
12521 2
4331 1
4332 2
4335 2
4337 2
12530 1
4341 1
4342 2
4344 3
12537 3
7207 0
12539 2
12540 0
12541 1
4354 2
4355 2
726 2
4359 2
6419 2
6188 2
12554 3
1120 3
4369 2
12562 3
4371 2
4374 2
17113 1
12569 1
4380 2
12573 0
12574 3
15749 1
4385 1
12578 0
12579 0
4389 2
4390 1
3463 2
12594 1
2099 2
12597 1
12602 0
4411 3
4413 3
12609 3
4418 0
12611 2
4422 2
12618 1
12620 3
4429 3
12622 1
12623 0
12624 2
4433 1
4434 1
4436 2
7566 2
12630 2
12634 0
12635 0
12636 0
4445 0
4837 2
12640 1
9313 0
10299 2
8934 1
12646 3
7569 2
4457 2
2921 2
12656 0
12657 2
4467 0
12660 2
12662 1
4471 1
2331 3
4475 0
12672 3
4483 0
4484 1
4485 2
4487 2
12680 0
4493 2
12686 2
4495 1
4497 0
4498 2
4501 0
12695 3
4505 0
12698 2
8943 1
4508 2
12703 3
12705 2
4515 2
12709 0
4518 1
12711 2
12712 3
12715 2
12717 1
3485 1
12720 1
2120 2
13043 2
4532 1
7582 3
12727 1
4536 0
12729 0
12730 1
7583 3
12732 1
4542 1
12737 1
4546 1
12739 2
4549 0
12742 1
4551 0
12744 0
4553 2
17143 1
4557 1
4559 3
4560 0
12754 2
4566 2
17145 1
4568 0
12762 3
4571 0
12765 2
4574 3
4577 2
4580 1
4581 1
6225 2
4584 0
4588 0
12782 0
12783 1
4593 2
4594 1
4595 1
12788 2
12790 0
4599 1
14420 2
12795 0
4605 2
16525 0
4608 0
4609 1
4611 2
4613 0
4615 0
8337 0
12809 1
12811 2
4620 0
12813 2
4622 2
3501 1
4624 1
10328 2
4626 2
8963 2
12821 0
2137 2
4632 2
12827 1
15430 1
7123 2
1791 3
4642 0
4645 0
12839 0
12840 1
6236 0
12842 2
4652 3
4653 0
4656 1
12849 0
4658 2
12852 2
4661 0
4662 0
4663 0
4665 2
4668 2
12861 2
4670 2
4671 0
4672 2
12865 2
4674 1
7606 0
12870 1
14433 2
4682 2
4683 0
12876 2
12878 0
4687 0
4689 0
6243 0
12885 1
15801 0
4696 1
4699 1
4705 1
12898 1
4707 2
12900 1
4709 1
12903 3
4713 0
12906 2
4716 3
17170 3
4719 0
4721 2
4723 0
4726 1
12919 1
12920 1
4729 2
12923 3
4732 0
12925 1
4736 2
12929 0
4741 1
4744 1
4748 1
12941 1
12943 2
4752 1
12946 1
4755 1
16071 0
12956 2
12957 1
12958 0
4768 2
12961 2
12963 1
4772 0
4773 2
4776 2
4777 1
7623 1
12972 2
4781 1
8989 1
4784 1
4786 3
12981 1
12984 2
12985 0
4796 2
12989 2
4799 1
12992 0
800 2
12994 1
4803 3
18709 3
4805 1
4806 1
4807 1
4808 1
4809 2
13002 1
4813 1
4814 2
4815 2
4816 1
13010 0
4819 1
13013 1
4822 0
4823 2
4825 2
4826 1
4827 1
13020 0
4829 0
13022 3
4831 1
4833 3
13027 0
13028 0
13029 3
4839 0
807 2
4844 1
13037 1
4848 1
17192 0
4851 2
13045 1
13047 0
4856 1
13051 2
13053 0
13056 0
2176 2
4866 0
13059 3
4868 0
6436 1
4872 2
435 1
4878 0
13075 2
13076 3
17075 0
13078 0
18564 0
4892 0
4897 2
4898 2
13092 1
4901 0
4902 0
4903 3
10372 1
13100 1
4910 0
13104 3
4913 3
13107 0
13108 0
1175 2
4918 2
13114 2
6282 2
13119 0
4929 0
4930 2
13123 2
4934 1
4935 0
13128 1
9015 0
13133 2
6984 1
13138 0
13139 0
13140 3
13143 0
13145 1
4955 0
13150 3
3557 2
13153 2
13154 2
17211 1
13156 0
13160 1
10531 0
13163 0
4979 1
4986 2
4987 0
13181 1
13182 0
14078 1
13188 0
4997 2
13193 2
10391 1
13196 0
5005 3
13198 1
18584 1
13202 1
13204 2
5014 0
13208 2
13211 3
10394 0
5024 2
5025 2
13220 2
5030 2
5031 3
5033 3
5035 2
5037 2
5038 0
5039 0
5040 0
14218 0
13237 1
5047 0
5049 3
2207 1
13245 2
5054 1
13248 1
13249 3
13250 2
18593 2
13256 1
4533 0
13260 3
13263 3
5072 3
14899 1
13266 1
5076 1
13270 3
13271 1
13273 1
5082 2
13275 2
13276 2
5085 1
5086 1
6309 0
13282 2
13283 2
13284 0
13286 3
13290 1
5102 2
13295 1
13297 0
13301 2
13303 2
852 2
13307 1
5116 3
13311 2
5121 2
5123 2
13316 0
18604 2
13329 2
17492 1
13331 2
13333 1
13334 0
13337 2
2899 2
16811 2
5154 2
5155 0
13348 1
2225 1
3253 1
13360 2
2627 2
5171 1
13366 0
5177 3
5179 0
5180 0
5183 3
13376 3
13377 0
5186 0
13379 0
13381 0
865 1
5192 3
2231 2
5196 2
5197 3
5201 1
13395 2
5205 0
5206 1
5210 3
5214 2
5219 1
13413 2
5222 0
2236 2
9063 1
13420 3
13421 0
5230 0
5231 2
5232 3
13427 2
13428 3
17257 0
2239 2
5244 0
4539 1
8358 0
5248 0
5254 0
18724 0
17260 2
15895 0
13453 1
16542 0
877 3
13458 0
13461 0
13463 0
5272 0
879 2
5277 0
5278 3
13473 3
13477 2
5287 2
18475 0
12724 1
5292 2
13485 2
15901 1
5297 0
6723 1
5299 0
4405 2
5301 0
6139 0
884 1
13498 2
13499 1
5318 0
13511 2
5321 3
5322 2
17271 2
13518 2
13519 2
13520 2
888 2
5331 3
13525 2
13528 2
13529 1
5338 0
13532 0
13178 0
5345 2
2545 3
5347 2
13542 0
13545 3
13547 2
13550 1
13551 2
13552 2
13553 0
5362 2
9453 3
13556 0
13561 1
5373 1
5374 1
6357 2
13569 2
15915 1
13572 2
13575 0
5384 0
13578 2
13586 0
5401 2
13595 0
13596 2
10458 1
17638 0
13603 0
13605 2
13607 2
5416 1
5417 3
9095 2
13613 0
5422 2
5423 0
5424 0
15923 1
13621 2
5431 0
13624 1
13626 3
13627 2
3727 2
5437 2
13195 0
13638 2
5447 0
5453 2
13647 2
13650 3
18659 1
9102 1
5463 1
13656 1
6183 2
13660 3
17640 1
13667 0
13668 3
18662 2
5478 0
5481 0
5482 0
2279 3
13676 0
5010 0
5488 0
18664 0
5490 1
5495 3
5496 2
13691 2
12731 0
13695 2
5506 2
13702 2
10822 1
13710 2
5519 1
5520 0
13718 2
13720 2
17642 1
13723 2
13727 1
14576 0
5538 0
5539 1
13732 2
13734 1
5542 2
5548 2
13741 2
13742 2
13744 1
5553 2
5556 1
13751 1
5561 2
5562 1
5564 1
13758 0
13759 0
5568 3
11851 1
5573 0
5574 2
5576 1
5579 2
5580 1
5581 2
5583 2
13777 3
5587 1
5588 3
5589 3
5590 3
2297 2
13784 1
13789 3
5598 0
13791 2
5603 0
13222 3
5606 0
5608 1
9127 2
5612 2
7762 1
13806 1
5618 0
17645 0
13814 3
5623 0
5624 2
13817 1
5626 3
938 1
5630 2
13823 1
18688 1
13827 0
13828 1
5637 1
13830 0
5639 2
5641 0
13834 2
13836 2
5645 0
13229 2
5648 1
11864 2
13843 0
5657 1
5661 1
14597 1
9136 2
5669 1
5670 1
5672 3
13865 2
8645 0
13871 1
5686 2
13879 2
5690 1
5691 2
13884 2
5698 2
13891 1
13892 3
13893 1
13895 0
6412 2
7778 0
13904 0
5714 0
11875 0
5719 1
14375 0
5722 0
13915 3
13919 3
13920 2
13090 2
13927 1
13928 1
13930 1
13933 0
13935 1
2323 0
13941 0
7785 0
2324 2
13946 0
17104 0
13951 3
5057 3
5771 1
13965 0
13967 1
5776 2
5777 2
963 0
5787 0
13981 3
5795 3
5798 2
5800 1
13993 2
13995 2
5804 1
13997 0
5806 0
13999 1
13014 2
5810 0
5811 2
5812 0
5814 2
10832 0
5819 1
5820 1
14014 0
5823 2
5826 0
5828 0
2330 0
5831 0
5832 0
14029 2
5839 2
5841 1
5843 2
14036 1
5845 0
14038 2
5847 0
14040 1
5849 0
14042 2
5851 3
14044 0
14045 0
17263 0
5859 2
5863 2
6439 2
16835 0
5872 0
14066 3
14068 0
5879 2
5886 2
14084 1
14085 3
5894 0
15042 2
5896 2
14090 2
14091 0
14094 1
14095 2
5904 2
14100 0
5909 3
14103 1
5913 1
5916 1
14640 0
5922 0
1561 2
5925 2
14122 3
14123 1
7017 1
14132 3
14133 2
14137 2
14138 1
14139 1
14140 2
14142 3
14144 2
16011 1
14150 1
14151 2
5090 3
14161 1
5971 2
14166 2
5975 3
14168 1
5978 0
14171 0
5982 2
5983 0
14180 1
5989 2
14185 1
14187 0
11922 1
5998 3
14191 2
14196 0
14198 3
14199 1
14201 0
14202 3
6011 2
6012 0
6013 2
11824 1
14209 0
6018 1
14211 0
14212 2
6021 2
6022 2
14216 2
6025 2
6026 2
14219 0
14221 0
14223 2
16024 1
14226 2
14227 1
8769 1
14233 0
14234 0
6044 3
14238 1
14242 0
1838 2
6053 1
6055 1
14249 0
14251 0
16023 1
6063 3
6064 2
14258 2
6067 2
13841 0
14261 0
14262 2
6071 2
14264 2
6073 2
6074 1
14272 0
14274 2
14278 2
14280 0
14282 1
17388 2
6094 2
14287 1
14292 0
6101 0
14294 0
6104 2
6105 1
14302 2
16037 1
14304 0
6115 3
14309 0
6118 1
6122 2
6123 2
14317 0
14320 2
16040 2
14322 2
14323 2
6132 2
6136 2
2388 2
14331 2
6140 2
6146 3
14341 1
6152 3
14345 3
18775 1
14349 1
6158 2
6159 2
14353 0
6164 2
14357 2
14360 1
6171 1
14364 1
14365 3
6175 1
6176 1
6177 1
18779 0
6180 3
6181 0
6182 0
4843 2
6184 0
6187 2
14380 0
14383 0
14386 2
6196 2
6200 1
14394 2
6206 2
6209 2
9754 2
14408 2
14409 2
14410 2
14412 2
14414 2
17421 1
14417 0
10595 2
12862 2
1038 0
3769 2
14428 3
14431 1
17424 1
16681 1
16059 0
14437 2
18830 0
14442 1
6251 2
6253 2
14446 0
2936 0
14451 0
14453 0
14455 0
6265 3
14458 2
16063 1
6270 2
14463 1
14465 1
14466 0
14467 1
2333 2
15212 3
14474 3
6284 0
14477 0
14479 0
17432 2
6290 0
16067 2
6293 1
14488 3
14490 2
10607 1
751 3
17434 0
6302 0
6304 1
14497 0
6306 1
6307 1
14501 0
14502 1
10609 0
6313 0
6315 0
6316 2
14509 2
14510 2
14512 1
6322 3
15759 3
6330 2
12700 1
6334 0
17669 2
14533 2
14535 1
9381 3
14545 3
14546 0
6355 3
14549 2
14550 1
2256 0
3428 1
14561 3
6370 2
6371 0
14571 2
14572 0
6383 1
6384 0
6385 2
6386 1
14579 0
14581 1
13353 0
6393 2
14586 2
6395 1
6396 0
14589 1
14590 1
6403 3
11990 1
6409 1
14604 2
18217 0
6416 3
14611 1
6424 0
14617 2
6426 1
6427 2
6429 1
14622 2
14623 0
214 0
14625 2
14628 0
14631 2
6442 1
11944 2
6445 1
6446 2
6448 1
10632 1
16036 1
14645 1
14647 2
14648 0
14651 2
6462 0
14655 3
10308 0
14658 1
6467 2
17462 0
14662 2
14664 1
6473 2
14666 2
6475 0
14668 0
17128 3
14671 0
6481 2
14675 2
6485 0
14679 0
6488 2
6490 0
8945 2
6494 0
3813 0
17947 1
6497 0
14690 2
6499 2
6504 2
6505 0
6506 2
6507 2
6514 1
6521 0
6522 2
17948 2
6527 1
5673 3
14728 3
2127 0
14731 2
13378 2
14734 0
4855 2
14737 2
17281 0
14745 3
6553 0
14746 2
14756 0
6566 1
7921 3
10527 3
14761 1
6573 0
6575 2
6576 2
6577 1
14772 1
14775 1
10312 2
1098 2
14782 2
6593 2
14392 2
13387 1
14791 2
6600 0
6603 1
14796 2
6608 2
14801 1
14803 2
14804 2
6616 1
6617 2
14811 2
6621 2
6622 0
15647 1
9297 0
14824 3
14828 0
14833 0
6642 3
6643 3
14841 2
6653 1
14847 0
14849 2
2475 1
6662 2
6667 0
14860 2
6671 3
14865 0
6674 1
14867 0
6676 0
6679 2
6683 2
14876 2
14878 2
17135 2
2132 0
6691 1
6692 2
6697 2
2482 2
6702 1
6703 1
6704 1
6706 1
6707 1
6708 1
6709 0
14903 2
14904 2
10676 0
6715 2
14908 1
14911 0
9312 2
7947 2
14916 0
6725 0
6726 2
6727 2
14920 0
6740 1
10681 0
6747 2
6750 2
6751 0
14945 1
2491 0
14949 0
6759 2
14952 1
14954 2
6763 0
6765 0
9320 2
6770 2
14966 0
14967 0
17138 1
14972 2
14978 3
6787 0
6788 1
6789 0
6791 2
6794 2
14987 3
6796 0
14989 0
6798 1
14991 2
6801 1
427 2
14996 2
14997 0
6806 0
6807 2
14957 1
15001 1
6810 1
15005 1
6815 0
6816 1
6818 2
6819 3
2856 2
6828 1
6833 1
773 2
6837 1
6842 3
6843 2
6845 0
1319 0
6850 1
15043 2
15044 1
6853 0
6854 1
6855 1
15048 2
6859 1
6860 1
15053 2
15055 2
9503 2
15777 2
15060 3
6869 1
15062 1
6872 2
6874 1
6875 1
6876 2
15070 2
6879 2
15072 0
6881 2
6882 3
15079 3
6888 3
6890 1
7975 2
15093 3
15096 3
6612 2
6231 2
9343 2
15100 1
15101 1
6910 2
15103 1
15104 1
15106 1
15107 1
6916 0
15109 1
6918 2
15112 1
6922 1
15116 2
17538 1
6926 3
15119 0
6929 2
6930 1
15123 1
15124 3
15128 0
6937 0
6939 2
6940 0
16485 0
15134 1
15135 2
6945 0
6946 2
6947 3
15140 0
15993 1
15143 2
15144 0
15145 0
6955 0
6957 1
15150 0
15151 3
9352 1
15155 0
15156 3
15157 2
5257 0
15160 1
15165 0
6976 2
15169 3
15175 1
15176 1
15180 1
15181 1
9357 1
15184 0
6994 1
9358 1
15193 1
15194 2
7005 2
7006 2
7008 2
1168 3
7011 0
15204 2
2534 1
7015 2
15209 1
15211 3
7020 2
7021 3
15214 1
7023 1
7024 2
15217 2
7026 0
7029 0
15225 1
15227 3
15228 0
15229 2
7039 1
7040 0
15233 2
7044 3
15239 2
15241 2
15243 1
7052 1
7056 2
9368 2
7059 2
15252 1
15253 2
8004 2
15258 1
7068 1
7069 0
15264 2
15266 1
7076 1
15269 1
7079 3
7080 0
15275 1
15276 2
7085 0
15278 3
15279 2
14835 0
15284 1
13470 3
16201 1
7096 2
15289 3
7105 1
7109 0
7110 2
17569 2
7113 1
7114 2
15307 2
15308 1
7120 2
7121 2
7122 2
9379 1
15316 1
16206 0
15318 2
15319 0
7129 2
7130 0
7132 0
7134 1
17573 1
7136 0
15329 2
7138 0
7139 0
15333 2
15334 1
16209 2
17575 1
7149 1
14845 0
1192 2
15350 0
12159 0
7164 2
7166 3
7167 0
15365 1
7176 1
15374 0
7183 0
15376 3
8024 0
15384 0
15386 2
7200 1
7201 1
1248 0
7205 1
7206 2
6241 1
15405 2
7214 2
7216 2
15409 2
7218 3
7219 3
15413 2
15414 3
15417 2
15418 3
7227 2
7229 0
7230 2
17589 0
15425 0
7235 2
15428 2
18790 0
7238 2
7240 3
15433 1
15434 2
7244 0
16226 0
7246 2
15439 1
15440 1
17592 3
15442 0
16228 3
15457 2
15461 0
6673 1
15471 1
15473 0
15474 0
15475 0
15479 0
14868 2
15482 1
15485 3
15487 3
15488 3
15490 1
15491 1
15493 2
15494 3
15496 0
7306 2
15499 2
15500 2
15503 2
15505 0
15506 1
7315 0
15509 1
15510 2
15511 0
15514 0
7323 0
15521 2
7330 0
15523 0
7332 2
15526 1
10337 2
15529 0
15534 0
16243 1
2591 0
15550 0
15552 1
15553 0
15248 1
15555 1
15556 1
15561 1
7372 2
15565 1
15566 0
7380 0
15574 0
15577 3
15579 2
7388 2
15582 0
15584 2
15585 1
8059 3
15588 1
15589 2
15522 1
15593 0
15596 3
7405 2
18669 1
15599 0
15600 2
15602 2
15603 1
15604 2
7413 1
15607 1
7419 0
15612 1
15616 0
15617 2
15628 3
17160 0
2605 0
5336 1
15634 0
15636 2
10798 0
15638 2
9433 2
15641 0
7450 2
7453 1
8069 2
15649 3
15650 0
15653 0
15654 2
15655 2
15657 2
15661 1
7472 3
15665 1
15667 2
15668 1
15669 1
15670 3
7481 1
15676 0
15677 1
2613 1
7489 2
7491 2
17633 3
15688 0
10807 0
7502 1
15695 0
6712 2
9443 2
15701 0
10809 1
15704 0
15707 1
7516 2
11707 2
15710 3
15711 2
15712 0
8080 0
7522 2
15716 0
15717 0
15719 1
15721 2
15722 2
1255 0
15725 0
7534 2
15728 1
15729 1
7538 3
7540 0
1257 0
7544 2
16618 2
2623 0
15740 1
15741 1
2624 2
15746 0
7555 0
7556 0
7557 2
4616 0
14913 2
15752 1
7561 2
7563 2
8968 0
15758 2
7567 2
15760 0
15761 2
15763 1
15765 2
15768 1
6724 2
15770 2
7580 2
15774 0
15775 0
15776 2
7585 2
15780 0
15781 1
9457 2
7592 2
1071 1
7594 3
7595 0
15788 1
1266 0
15790 0
7599 2
15793 0
8982 0
7604 2
12190 0
15798 1
2633 2
7608 0
9460 2
7611 1
7615 2
7617 1
7618 0
8725 1
12193 0
7624 3
15817 2
15818 2
13035 1
15826 3
7639 2
7640 3
15834 1
15803 0
7649 2
15842 0
17659 2
15844 2
15845 2
7658 0
15852 2
7661 0
7662 0
15855 1
7665 0
1619 2
7667 1
15863 2
9471 2
7676 0
7677 3
17168 2
15871 1
15872 3
15873 0
7682 2
15877 0
15878 2
9473 1
15880 1
7689 2
15883 0
15886 0
7695 2
15890 2
15892 1
7701 0
15894 1
7703 3
5712 0
15898 2
15899 1
7709 3
15903 2
7714 0
7716 0
15909 0
15911 3
7723 2
7726 0
7728 2
4019 1
7732 1
14942 3
9482 0
4021 1
7746 2
7747 2
6753 0
7752 1
7753 3
8119 0
15954 1
15807 2
7766 1
15959 1
15962 0
15963 2
15965 3
7774 1
2661 0
15970 3
4027 0
15972 0
15977 0
7789 2
15982 2
15983 2
15984 0
7795 0
15989 2
13019 2
7804 1
15997 1
15999 1
16000 2
16002 2
16003 2
4033 2
16008 0
7817 1
7819 3
7820 2
16015 1
7828 3
7831 1
7832 3
16026 2
7839 2
16032 1
7841 3
16034 2
7844 0
4038 0
7848 2
16041 1
7852 3
16045 3
16048 1
16049 1
16050 3
16051 0
16056 1
16058 0
7867 1
16060 2
16061 1
7871 0
16065 0
7875 1
9505 2
16073 1
6775 0
1314 1
16079 2
16081 2
16082 2
7891 2
9810 2
16088 1
7898 0
7900 2
16093 2
7908 0
9265 1
7910 3
7912 0
16105 0
16107 0
7917 2
7918 0
13608 2
16115 2
7924 3
16117 2
8720 1
16120 1
16122 1
16123 1
16125 2
7934 2
16127 3
7936 2
16129 1
16132 0
16134 0
16137 1
16138 2
16139 2
16140 3
16143 2
16145 0
14979 3
7956 2
7961 2
16154 3
16156 2
12819 1
16160 0
16163 3
17713 0
7976 0
4060 1
7978 0
14983 2
16176 0
7986 2
16183 2
4063 2
1630 1
7998 3
16196 1
8009 2
8014 2
16207 0
8017 3
16210 3
8020 2
8022 0
12815 3
8164 0
8029 3
16223 2
16224 2
18271 0
8036 1
16232 0
8042 0
8044 1
16238 3
17725 0
16240 1
16242 1
8051 0
16244 1
4323 2
8054 2
8055 1
16250 2
17727 1
8064 1
10907 1
16261 1
16262 1
8072 1
16265 1
16266 2
8075 2
8076 2
16272 0
2712 0
16275 0
8084 1
16277 2
16278 2
6809 0
18000 0
8091 3
15002 0
16288 1
8098 1
16291 2
8100 3
8101 1
16294 3
8103 2
16297 0
16300 3
16301 1
8110 2
16305 0
16307 0
16309 1
16311 2
16316 1
16317 0
16321 0
17739 1
16324 0
16325 0
17740 3
16330 3
16331 1
8140 1
8142 3
16336 3
16338 2
8148 0
8149 2
8150 0
16343 1
8154 3
8156 1
8159 3
8160 0
16356 0
8165 2
16358 2
8167 0
13911 2
16364 0
16366 0
8189 2
16368 1
9555 1
16372 1
12286 1
16376 2
1200 0
16379 2
16380 0
16381 1
8190 2
8191 0
