16385 2
16386 2
8198 2
8201 2
16396 1
16397 1
8210 0
8214 1
8216 0
8217 0
9562 2
16414 2
16415 2
13659 1
8228 2
16422 2
6833 1
16424 1
8233 1
45 1
16432 0
16433 2
16438 3
16393 2
16441 2
8250 1
16443 2
16445 2
16447 2
16452 1
8261 2
8262 2
16456 2
8266 2
75 2
16461 2
16462 0
16464 1
8275 2
13759 0
16470 1
88 2
17764 2
8289 2
13915 3
16484 1
16485 0
8295 2
106 1
17767 1
16492 0
16495 1
8304 0
119 1
120 3
122 3
16509 1
16511 0
16513 1
8322 2
16515 2
16519 0
136 0
8330 2
139 3
16524 1
8333 2
16527 2
144 2
8338 2
6851 1
16533 1
151 1
8346 1
16540 2
157 0
16543 2
16545 2
8356 3
16550 1
169 1
16555 3
173 2
175 3
8368 1
177 1
180 3
187 1
193 1
6859 1
16583 2
200 0
201 1
202 2
13687 2
206 3
209 2
8402 2
212 0
8406 1
8407 2
216 1
16420 2
218 3
8413 2
8415 1
8418 2
16612 1
16616 1
16619 0
16620 3
8430 2
16623 3
240 1
8232 0
16628 0
16630 3
9599 0
16636 2
1645 0
5504 0
261 2
16646 1
8458 1
17896 1
8461 3
274 2
16666 1
284 1
285 1
286 1
289 2
291 1
8485 2
8486 2
8241 2
8488 2
297 2
299 1
305 2
8498 3
16691 2
8501 0
16697 2
16701 2
319 2
8513 0
323 0
8517 1
16713 0
332 2
333 0
334 3
8527 2
8531 1
16724 2
342 2
8536 1
345 3
347 3
8622 2
8541 2
8543 3
16737 2
354 2
16741 2
358 1
359 3
16744 2
16745 0
362 1
15079 3
8556 1
10105 0
16752 2
8561 0
371 0
8564 2
16759 1
376 2
379 0
16765 2
6931 2
16768 2
8578 2
16771 0
8581 0
390 1
392 1
8587 1
8588 1
397 3
400 0
401 2
410 2
16796 3
16800 3
8610 1
8611 2
420 1
2801 2
16808 1
1436 1
8619 3
8621 0
16814 2
8625 2
16818 0
16819 2
436 2
9630 2
438 0
4169 3
440 1
8634 2
444 2
16829 1
16833 2
8644 2
454 2
455 1
16841 2
459 0
461 2
8654 0
464 2
466 3
16851 2
8270 0
16854 2
8664 1
9636 2
8666 2
475 1
16862 1
16863 2
8675 2
16868 2
489 3
797 1
8687 2
496 2
8689 2
8690 1
8691 2
500 2
8693 2
16886 2
5545 1
16888 1
505 3
506 1
16891 3
8702 2
8704 0
16897 2
515 0
517 0
16902 2
16905 1
522 3
524 2
8717 2
529 2
8725 1
535 0
538 0
16923 2
8732 1
16926 2
16928 2
16930 2
8739 3
548 1
549 2
8742 1
16935 2
16937 2
8746 2
8748 3
17842 2
558 1
563 2
8756 2
568 0
8761 1
8763 0
16956 1
573 1
8769 1
15115 3
581 1
583 1
586 3
8780 1
8782 0
591 1
16980 2
13753 1
6927 2
16989 1
606 0
16991 3
16993 2
1468 2
17002 1
8811 1
8813 1
8814 2
8815 2
12392 1
11027 0
17013 2
4201 2
8825 1
634 0
8827 2
8829 3
8830 0
17023 1
17024 2
8835 1
17029 0
17030 1
8841 2
8842 2
651 0
17036 2
654 0
8848 0
17042 2
660 2
8855 1
17048 3
17049 1
8858 2
8862 2
8863 3
8864 2
17057 0
674 0
17061 2
8871 2
17067 1
17068 3
8877 1
841 1
5576 1
17075 0
17078 2
17081 0
6333 1
296 0
706 2
709 1
17096 1
17097 2
714 1
720 3
8312 1
1115 1
6947 3
8917 1
728 3
15140 0
730 2
8923 2
8925 2
17118 2
17119 0
17126 2
8935 2
744 2
17129 1
8938 2
8939 2
8940 2
8941 2
750 2
17135 2
8946 0
760 1
8953 1
762 1
8319 0
17151 2
8960 0
16590 3
17154 0
8963 2
13782 2
774 1
17159 3
8971 2
780 2
17168 2
785 2
787 2
790 2
17175 3
8984 1
795 2
14211 0
8989 1
8990 2
8991 2
801 2
8995 2
6961 1
808 2
2209 0
17197 0
17199 2
9009 2
9011 2
821 1
17206 1
9018 2
17211 1
17213 0
9022 3
832 2
9025 2
4665 2
9033 1
844 2
551 1
16525 0
9042 2
851 0
17236 3
17239 1
9049 2
4239 0
17244 0
861 2
862 0
17249 0
871 0
17256 2
873 1
17260 2
17264 0
17265 2
9075 2
17268 1
885 1
9079 1
9080 0
889 0
9082 2
892 2
17280 1
17281 0
17282 3
9092 0
9093 1
9095 2
4248 0
9107 0
17300 1
917 1
17304 2
921 2
9116 1
16538 0
17310 1
17311 2
17313 2
9125 2
934 0
8348 2
9136 2
17329 3
947 2
17333 2
17335 0
17336 2
953 2
12448 1
962 2
18228 2
9162 1
4124 2
17360 2
17364 2
17365 0
754 2
17368 1
9184 2
17379 2
9188 1
17381 2
17391 0
17395 2
9209 1
17402 1
1019 0
9212 1
17406 2
9216 0
17409 1
9218 2
1028 1
1031 3
1032 1
9225 0
11095 2
9228 2
1037 3
1038 0
8365 1
1040 0
9236 1
1045 1
1046 2
17431 3
1048 3
9241 2
17435 3
9247 0
17440 2
17441 2
9250 2
9252 2
9256 1
9257 0
1067 2
9262 2
1071 1
9264 1
9265 1
17458 2
9269 2
9270 2
17463 1
1082 2
9275 2
17468 1
17474 2
17476 0
17477 1
17480 2
1098 2
9292 1
11106 1
17487 2
9297 0
1107 1
1108 2
17495 1
1114 1
9307 2
9308 1
9310 0
9312 2
17505 0
17506 2
17509 2
9320 2
9321 0
1130 2
1133 2
17520 1
17521 2
17524 2
2921 2
1144 2
17532 2
17533 3
1150 2
9343 2
17539 3
9349 2
1159 2
17544 2
7020 2
9354 1
9355 3
17549 1
1166 2
17552 1
17553 2
9362 0
17555 3
9364 2
1173 2
1174 2
1175 2
17561 2
17564 2
1562 0
9374 1
17568 0
11120 0
9378 2
1187 2
1189 2
17574 1
17577 1
9388 2
17581 1
17584 3
9397 2
17593 2
9402 2
17597 1
9828 1
9409 1
1218 2
17603 3
9412 1
1221 2
9414 0
17953 0
17609 1
17610 2
17612 2
9425 1
9427 2
9428 2
9429 1
17623 1
1242 3
9439 2
17632 1
4304 2
9443 2
17636 1
1253 0
17639 1
17640 1
17642 1
16594 2
1262 2
1264 3
17649 1
17650 1
17651 0
1268 0
9461 2
5673 3
1275 0
17660 2
17666 2
9476 2
9477 2
17670 0
17672 0
1290 1
1293 3
17678 1
17680 0
9491 0
17684 2
1303 1
1304 2
17689 2
1308 3
12506 1
1311 1
9505 2
17698 0
17699 2
17702 2
1321 2
17502 3
17710 2
1331 1
17718 1
17719 1
1336 2
1338 1
17723 1
1340 2
1341 2
17726 2
17727 1
9539 0
9540 2
4321 3
17737 2
1354 1
1355 1
17740 3
9549 2
9551 1
17744 1
9554 2
9555 1
1369 2
17754 2
9563 0
1372 1
17757 1
1375 2
17760 2
1377 2
17762 2
9787 3
1380 0
1383 2
1385 3
9578 1
1387 1
9580 1
7058 3
17780 1
9589 1
17782 2
9597 2
1407 2
1408 0
17794 1
9604 2
17797 3
1414 2
9611 2
17804 2
9615 2
9616 0
1155 0
17818 2
17819 2
17820 0
1438 1
1439 2
1444 2
9637 1
9639 2
17835 2
9645 2
17838 3
9650 2
1460 3
1462 1
1465 2
9658 2
17851 1
17852 2
9662 2
4341 1
17858 0
1477 1
17862 1
9671 1
9673 1
1482 1
9675 1
9676 2
1488 1
9691 3
9692 2
17887 2
9697 3
1509 2
9704 3
9706 1
17900 2
9709 2
17913 2
9722 2
9724 1
9726 2
1538 2
17924 0
1542 2
1545 2
1547 2
1548 2
16522 1
17937 2
1558 3
5721 3
17944 1
1561 2
9754 2
7087 1
17948 2
11184 1
17955 2
9770 1
2995 2
9781 1
9782 2
9784 2
1594 1
17979 2
1596 2
1597 1
1598 0
9792 2
17985 2
9795 0
1605 0
1608 1
1610 1
1611 3
17996 1
1613 2
2236 2
15289 3
18008 1
9817 2
9820 0
1636 0
9829 2
1640 2
9833 2
1643 1
16658 0
18033 0
9845 1
18038 2
18039 1
18041 0
1660 1
1661 1
1662 2
18052 0
1671 1
9865 3
1674 2
12567 1
1677 0
17241 1
9837 3
9873 2
9876 0
18068 1
9878 3
1687 2
1693 2
9891 3
6876 2
1701 2
1702 2
1703 1
9896 2
18091 2
9900 2
18095 0
18096 2
3016 1
9906 2
18100 1
1717 2
1721 2
1722 0
18107 3
18108 0
18109 2
18110 1
1729 1
603 1
15307 2
1732 2
1734 1
9928 1
15308 1
8483 0
18134 2
1751 2
1754 1
1756 0
1757 1
1758 3
18147 1
9606 1
1767 2
9960 0
18154 1
1771 1
18158 0
18045 0
18161 1
18163 0
18166 0
18167 1
9978 2
1789 2
9982 1
18175 1
18178 1
18179 1
9995 2
18188 1
10000 0
10001 0
10003 1
18196 1
1814 0
15321 1
1668 2
1819 0
10012 1
1821 1
10014 1
18207 2
1826 2
10019 3
1828 2
18214 2
8497 1
18218 2
10027 2
1836 1
18221 2
10031 2
18225 2
8499 2
10036 2
18229 1
1846 0
18057 2
18232 2
18233 2
18234 2
18236 3
10046 2
10047 1
1857 2
1858 1
18246 2
18247 2
10056 2
18250 2
1867 1
10065 3
1699 1
10071 1
18264 1
18267 2
18269 2
10080 2
18274 3
18275 1
18279 1
10088 1
10089 2
18282 1
3047 0
18284 1
18287 1
10099 2
18297 0
18298 2
16703 3
9669 2
18301 2
1918 2
1920 2
18305 0
1924 2
1926 3
16705 1
18312 1
18315 3
10125 1
10126 3
10129 2
1938 3
8515 2
10133 1
10134 0
1947 1
10140 2
10143 1
10147 3
10149 1
1958 0
1960 1
1961 2
10155 2
1964 2
1965 2
10161 3
1970 0
10163 2
10164 2
10165 3
15616 0
1975 1
1979 1
18366 2
1983 2
10176 1
1988 2
1992 2
18377 0
10189 1
18383 2
18083 1
10196 1
8526 2
18391 0
10200 2
2009 0
2010 1
16719 2
18397 1
18401 1
18404 2
10213 2
18414 3
18415 2
18418 1
18419 1
18420 2
18421 3
18424 1
18425 0
18426 1
18428 2
18434 3
2053 0
2054 3
2061 3
18446 2
7171 1
2069 3
2072 2
2073 2
9903 1
2076 2
2083 2
10276 2
2087 2
10281 2
2091 2
16733 2
10288 1
888 2
18482 0
18483 2
2102 2
10295 0
1716 1
10298 2
18491 0
2108 3
18493 2
10302 0
2111 3
10304 3
10305 2
10306 1
18499 1
2116 2
10309 3
18504 1
10314 0
10317 1
2126 0
18511 3
2128 1
10322 0
4451 3
10324 1
10325 1
10329 1
2138 2
10331 0
8549 0
18529 0
10340 3
2149 2
18534 2
2151 0
16743 2
2157 0
2158 1
17257 0
2160 1
18621 0
18547 0
10356 1
10358 2
8553 2
2171 0
10364 2
2173 1
10366 2
2176 2
10369 2
10372 1
18567 3
18570 2
10380 1
2189 0
18574 2
10384 0
18579 2
2196 0
18581 2
10391 1
2201 2
2202 2
18587 3
18592 0
10401 2
18594 2
18595 2
2212 1
2213 1
10407 2
18600 2
18601 0
18603 0
18604 2
18605 2
2222 2
10416 1
2225 1
712 2
8563 2
10422 2
18615 1
10426 1
10427 1
10428 0
1711 2
2240 2
3104 0
18626 3
2243 2
10440 2
5836 1
18634 1
4471 1
2254 2
18639 1
10457 1
2266 0
10460 1
2269 0
10463 2
18660 1
2278 2
10471 1
18665 2
10475 1
10476 3
18669 1
18673 0
2292 0
10485 1
10486 2
18679 3
18680 0
18682 1
18683 1
2305 0
10498 2
2308 3
2309 2
10502 2
2311 0
10505 2
2315 2
10510 0
18704 1
10513 0
18706 2
18707 1
10516 3
10517 1
10521 2
18714 1
10523 2
2333 2
10527 3
10530 1
5851 3
2340 3
18725 1
18727 3
18729 0
18732 2
10542 2
18141 0
2353 1
2356 2
2358 1
2360 2
2362 2
2364 2
18749 1
2368 1
10562 1
2371 2
18757 0
18760 3
10569 3
16781 0
2385 2
18771 2
2388 2
18773 3
13173 2
18776 3
10585 0
10589 2
10590 2
8592 2
2406 1
10599 0
18792 2
18794 0
10604 3
2414 2
10607 1
10609 0
2419 3
18805 3
18807 2
2426 1
2427 2
10620 0
18813 1
18816 2
2433 1
2434 2
18819 0
2436 0
10630 2
2439 1
2440 2
5868 2
10634 1
2444 1
10641 1
2451 2
2452 2
18838 0
18839 2
18841 2
13928 1
18844 1
10653 1
18853 2
2472 2
10665 0
2475 1
10672 2
2482 2
2483 1
2485 0
2492 0
2500 2
2501 1
15074 0
10702 2
2513 1
2514 1
10707 2
2516 2
10711 2
10714 1
2524 1
1786 1
12710 1
10727 2
16807 1
10733 0
10734 1
10735 3
10736 0
12712 3
2549 2
2551 0
10744 3
2556 1
10749 1
2558 1
427 2
617 0
2565 0
10761 0
2571 1
2577 3
10771 1
2580 2
10773 1
10774 1
10776 1
2586 1
10779 3
10783 3
2593 2
9088 3
10790 0
2600 2
10796 2
12089 1
10798 0
10799 1
10802 0
2611 1
2613 1
2615 2
10809 1
10812 1
16821 1
2627 2
10822 1
2632 0
2640 2
8632 2
10835 0
10838 1
2653 3
2654 2
2655 2
10850 1
12731 0
2660 1
10853 2
1809 2
10861 2
10864 2
10867 1
10868 0
11369 2
10873 0
2686 1
10881 2
3179 2
2702 2
2705 0
10901 2
18201 1
127 1
10905 2
10906 2
2715 2
2717 0
6910 2
18203 2
2724 1
16838 2
18204 2
16774 1
10925 1
2735 1
2739 2
1782 1
2742 2
2756 2
2758 2
2759 2
11383 1
2764 3
2766 0
2776 0
10020 3
2778 2
10973 2
2783 3
2787 0
2790 1
2791 2
2794 3
8658 0
10991 1
10992 2
10993 3
467 1
2807 3
11004 2
2822 0
11016 0
2825 2
1837 2
2835 2
2840 0
11036 2
11038 2
2847 1
17695 2
2851 1
11045 2
2854 1
11051 3
11053 2
4573 1
2865 3
11058 2
11059 0
2868 1
11825 2
11065 2
8671 3
2879 2
2880 2
2882 2
15499 2
10038 2
11078 2
11082 2
2891 2
11084 3
11086 1
11087 2
2898 2
4579 3
11094 1
2903 2
2908 0
2910 1
2914 1
7462 1
5007 1
2917 0
11112 1
1852 1
2928 1
16873 1
11128 2
11129 2
11132 2
4586 1
2942 2
15509 1
11136 2
2946 2
11141 0
2951 2
11145 2
11148 2
2960 0
2963 3
2964 3
2973 2
2975 1
11171 2
11173 1
2983 2
2984 2
2988 0
11183 2
2992 2
11187 0
3000 2
3001 2
3007 2
11202 0
11208 1
3018 2
11214 2
11217 2
11218 1
15523 0
11220 1
3030 1
3031 1
3032 2
3034 2
12279 2
11230 2
3040 2
3041 1
11234 1
8699 1
11237 2
11239 2
3048 3
3049 2
11431 2
3052 1
3057 0
3059 0
510 2
10004 2
11434 2
3070 2
3073 1
3074 1
11267 2
16742 1
11272 2
11273 3
3082 2
10741 1
3087 2
5976 3
18652 2
3094 2
13742 2
3098 1
3103 0
9105 0
3110 2
11305 2
11307 2
11312 2
3124 2
14174 1
4617 2
3135 2
9379 1
11334 2
11335 2
11336 2
11340 2
11345 1
10083 2
11350 1
12787 2
12961 2
3169 3
11364 1
11365 1
11366 0
3177 3
11371 2
3182 3
3188 2
15550 0
1897 3
533 0
11393 2
11397 2
11398 2
11402 0
11478 3
11458 2
3215 2
11413 3
3222 1
3223 2
9109 3
11421 2
3230 1
11423 0
11424 3
11425 2
5812 0
3236 0
3239 0
3241 1
3242 3
11435 2
11441 3
3252 3
3253 1
11446 1
11451 1
3261 1
3263 2
3265 0
3266 0
3267 0
3268 2
11461 1
3270 1
11463 1
3272 0
3274 1
11467 1
8738 0
11471 2
3280 2
11473 1
547 1
3285 1
3286 1
1913 2
11484 1
8293 1
11488 1
9657 0
11491 0
3305 1
4647 0
11502 2
3313 2
11510 2
3320 2
11514 2
3323 2
3324 2
12842 2
11518 2
3330 1
11523 1
11525 1
11528 1
12844 3
11479 3
3344 1
384 1
3347 0
3349 2
3350 2
3352 1
3354 2
11547 2
11549 3
3358 0
3359 3
17297 0
11553 2
11554 1
11558 3
9024 2
6023 1
11565 1
11568 2
3377 2
3380 1
3381 1
658 0
11575 0
3387 1
11581 2
3390 0
3392 1
18662 2
11586 0
11588 1
3397 0
11593 3
1750 1
11604 1
3413 2
3415 1
3419 2
3422 1
1205 1
11620 1
3434 1
10130 2
12861 2
18118 1
11633 0
11636 1
11638 2
11639 1
11645 1
3456 0
11654 0
11656 2
3466 2
12866 2
11662 2
3472 2
11666 2
8771 3
11671 0
11672 2
3481 3
3485 1
4677 1
7408 2
11684 2
3495 2
3501 1
11699 1
11707 2
11709 1
11712 2
3521 2
588 1
18121 1
11724 2
11733 3
11738 1
3548 3
11743 1
11744 2
17849 2
3557 2
11751 1
6055 1
3564 3
3568 0
18344 2
3572 1
11766 0
596 1
11773 2
17850 1
3585 2
11779 0
18348 1
3595 0
11790 3
11792 2
3601 3
11795 3
3605 1
3607 0
11800 2
3611 3
11805 0
11806 2
11808 1
3619 2
3621 2
11815 1
11821 1
605 3
11824 1
3633 1
3634 3
1971 2
11828 1
11831 1
11833 1
11839 3
11842 0
18355 3
3655 1
3658 2
3661 2
11854 0
11856 3
3665 0
3671 2
3674 2
3677 2
15632 2
11874 1
18363 1
3685 2
11878 1
11879 2
11880 1
3690 2
11884 2
11887 2
12904 2
3699 1
17001 0
3705 0
10175 0
11900 2
11901 1
3712 2
11905 3
223 2
3720 1
11913 1
3725 3
3727 2
3730 2
11923 3
3740 0
3745 2
11941 2
3750 1
4721 2
11944 2
3753 3
11952 2
3762 1
3764 1
3769 2
11963 2
3779 1
12918 0
3782 2
3784 2
3792 0
3795 3
11990 1
8826 0
7461 1
12001 0
3366 0
3815 1
12011 3
12013 2
12925 1
9129 2
673 2
12032 2
3841 2
18677 0
12037 2
2007 1
3862 2
10201 1
12933 0
3873 0
12066 0
3876 2
3879 2
3880 0
12073 1
3882 1
12079 3
12082 0
17033 2
11414 1
3897 0
3899 2
12094 2
12097 1
12098 1
8843 2
12100 2
12105 2
12109 2
12110 2
14307 2
3932 3
12127 2
12131 3
12136 2
12137 2
12139 2
3949 0
12144 1
6120 2
12152 1
12154 0
3963 2
3965 2
12158 2
3967 3
3968 3
12162 1
3393 1
12170 2
3979 1
12173 0
12176 1
3985 2
665 1
12184 2
13772 2
666 0
6407 2
4001 1
4003 1
4009 3
4013 2
12206 1
14591 2
12209 2
12210 2
12211 2
12212 1
4766 1
4024 1
12218 2
17055 2
4029 2
12960 2
4038 0
8865 3
12232 2
1226 1
4057 2
4058 2
4060 1
4063 2
12256 3
12259 2
12264 1
12268 2
12270 2
4079 0
4081 1
12276 3
12277 0
4087 0
4092 0
4093 1
11605 1
4096 0
4098 1
4107 2
12300 2
7512 0
12306 2
4115 0
4119 2
12316 2
4126 0
12319 2
12322 2
12324 2
12327 2
12330 1
4140 0
4141 0
4142 0
14344 0
4146 0
4151 2
12344 2
4153 2
12348 1
4160 2
3425 2
12361 2
12370 2
4180 0
6158 2
12985 0
12376 2
3683 1
12388 2
12390 2
4200 3
12393 1
4202 1
4203 1
4205 2
4209 3
12402 1
4217 3
4221 2
10261 2
12416 1
12417 2
4227 2
12423 2
12424 2
12425 1
12426 0
12429 0
12431 3
12433 2
12435 2
4245 2
12439 0
12440 2
4255 0
4256 2
2075 0
4261 2
4262 2
12455 3
12459 1
17759 1
12461 2
14365 3
12465 1
12466 1
12470 2
1779 0
12472 1
4293 1
12487 0
3520 2
4302 1
12496 1
4310 0
7545 1
9418 1
4314 1
17056 2
12509 2
4318 2
12513 2
4323 2
4327 1
4328 3
12521 2
8914 2
12526 1
4335 2
12533 2
4342 2
12539 2
12540 0
12541 1
11648 1
4354 2
10283 2
4822 0
4359 2
13777 3
14380 0
12554 3
4365 2
12560 1
4369 2
4370 1
4374 2
8921 2
4377 3
6191 1
12573 0
4383 2
13019 2
4389 2
4390 1
4391 2
2098 2
12591 1
12595 2
12597 1
4409 1
4831 1
4414 2
12609 3
12613 1
12617 2
4429 3
12622 1
11661 2
4433 1
12626 2
4436 2
4437 3
4438 3
15759 3
10299 2
742 0
12649 1
12652 2
4462 2
2109 0
12656 0
12657 2
7231 0
12663 2
12664 1
12665 1
4475 0
12669 2
12672 3
2112 2
17131 1
12676 3
4485 2
748 2
4491 1
12686 2
4495 1
4497 0
4498 2
4503 2
12697 0
12698 2
4507 1
4509 1
4510 1
4511 1
11607 2
4516 0
4518 1
12711 2
4520 0
12713 2
4523 2
4524 1
4525 1
4527 1
4528 2
4532 1
12726 0
12727 1
4536 0
4537 2
4538 2
4539 1
12732 1
12737 1
12738 0
12739 2
3489 3
4552 1
4553 2
12748 2
4557 1
12757 2
12759 1
12762 3
12763 2
12765 2
4574 3
4575 2
763 0
4581 1
4582 2
4583 1
4584 0
2062 2
12780 1
4592 0
12786 0
4595 1
4596 1
12790 0
12792 1
16520 2
12795 0
4605 2
12799 0
4609 1
4614 0
4616 0
12809 1
12813 2
4623 2
4625 2
4626 2
4627 3
4632 2
12828 0
4637 1
12839 0
12840 1
4650 2
12843 1
4652 3
4654 1
12847 2
4658 2
12852 2
12854 0
12857 0
12858 0
4669 2
4671 0
4674 1
12869 2
12870 1
12872 2
12874 1
12876 2
12878 0
4687 0
4688 1
12881 0
156 0
4696 1
4697 1
4698 2
4700 0
14437 2
4707 2
4709 1
4712 2
4713 0
12906 2
18535 1
12909 2
4719 0
12913 2
4726 1
12919 1
4729 2
12923 3
12924 2
4733 2
4734 2
4736 2
12929 0
12932 1
4741 1
12934 0
11713 2
4744 1
12937 0
12939 0
12941 1
4752 1
4753 2
4761 0
12954 0
10351 2
12958 0
4768 2
10352 1
4773 2
14449 2
12972 2
12975 1
4790 1
4793 1
12987 1
12989 2
12994 1
4803 3
4805 1
12998 1
4807 1
4808 1
4809 2
13002 1
4811 3
4813 1
4814 2
13009 2
13010 0
13014 2
13016 2
13017 1
4827 1
14458 2
4830 0
13023 2
4833 3
13027 0
13030 2
4839 0
4841 2
4842 1
4843 2
4844 1
13041 2
4850 0
13043 2
13045 1
9001 0
4856 1
13061 1
4871 0
4874 2
435 1
13072 0
4897 2
4898 2
4903 3
4905 2
13101 3
4911 2
13107 0
13108 0
4924 2
17205 1
4929 0
13128 1
13137 2
7651 2
4950 2
13143 0
4956 0
13150 3
4959 0
13153 2
4962 0
4965 0
13160 1
2195 1
4981 2
7657 2
18715 3
13177 1
4986 2
13181 1
15527 1
4997 2
4998 3
13193 2
13196 0
13198 1
13199 1
13205 2
13206 1
13207 1
13208 2
13209 2
13210 2
5022 3
5025 2
5030 2
5037 2
13237 1
13239 0
11764 2
13245 2
5054 1
13249 3
5063 2
13256 1
17228 0
13259 2
13260 3
2210 2
5071 3
13264 0
14899 1
13271 1
13275 2
13279 2
13283 2
13293 1
13295 1
2216 1
13298 1
5108 1
13301 2
5111 3
9044 0
5115 1
5116 3
5122 2
13317 0
13320 2
10412 2
5130 1
5132 2
13329 2
13331 2
13332 2
13334 0
857 1
13337 2
13353 0
5165 0
13360 2
5171 1
13364 3
5173 2
13366 0
11629 0
5179 0
13378 2
5187 0
18614 2
5191 2
13384 2
2231 2
5196 2
5197 3
5201 1
13394 0
5203 2
5204 2
13401 2
5211 2
5212 1
5214 2
13407 0
13415 0
5225 3
1265 3
13423 0
13427 2
12995 1
13431 2
9816 2
5244 0
5250 1
5258 1
5265 2
13458 0
15899 1
5291 0
5292 2
5293 2
13489 0
883 1
13493 2
13494 3
13497 1
5306 1
13503 2
5318 0
13512 1
5323 2
13517 0
13519 2
17272 0
5336 1
5339 1
5340 2
5341 1
5345 2
5348 3
13542 0
5352 1
13545 3
7039 1
5357 1
13550 1
13551 2
13552 2
5362 2
5369 2
5374 1
6357 2
5376 2
5377 2
5378 2
13572 2
13575 0
5384 0
13577 1
13578 2
5389 2
13582 0
13586 0
13588 2
18649 0
13594 3
13596 2
5405 2
5407 1
13600 1
13602 2
13190 3
13607 2
13608 2
5417 3
13610 1
903 0
11826 2
5422 2
13622 2
13626 3
13627 2
13632 2
5444 2
5453 2
5461 2
5463 1
2276 0
5467 0
5469 1
12730 1
16785 3
5476 0
10470 2
913 2
2164 2
5481 0
5482 0
5485 0
5490 1
13549 2
5495 3
13690 2
13691 2
5501 1
13695 2
13696 2
13697 2
2283 2
5508 2
13701 3
13702 2
5514 0
3650 2
13710 2
9112 2
11843 2
13717 2
13718 2
9113 0
13720 2
13723 2
13727 1
14576 0
13734 1
2289 1
5544 3
13737 2
746 2
17309 0
5553 2
13747 1
5556 1
13214 1
13750 2
5561 2
13754 2
5564 1
5567 2
5568 3
13764 2
5574 2
13768 3
5580 1
5581 2
5583 2
14584 0
5586 0
5587 1
5588 3
5590 3
13784 1
13788 3
5601 1
13795 1
11857 0
13808 2
5619 1
17321 2
5627 1
5630 2
5633 3
5636 0
2097 3
5639 2
13834 2
10294 1
13845 1
13846 2
5658 3
5661 1
5663 2
5664 2
5666 0
18694 2
5670 1
9137 2
5672 3
13865 2
13867 2
13828 1
13873 2
5682 3
5686 2
13884 2
2099 2
5698 2
13898 3
13900 0
952 1
13907 0
13912 1
13913 0
3191 2
13919 3
13921 1
13922 1
5732 0
13925 0
13927 1
5736 2
13934 3
5743 1
3688 1
13938 2
2323 0
13246 2
13943 2
2324 2
13954 1
961 1
13965 0
13968 0
5777 2
5780 1
5787 0
10522 1
5791 1
13986 2
5795 3
5800 1
13993 2
5803 1
13997 0
5806 0
18717 2
5064 2
5810 0
14004 3
5813 2
14009 2
5821 2
5823 2
14019 2
5828 0
5830 2
5831 0
14028 1
14034 0
14036 1
14042 2
14043 0
5853 2
14047 1
5072 3
5862 2
5864 0
5865 1
14060 2
6440 1
14066 3
5879 2
14077 3
11904 1
5891 0
14084 1
5893 1
5894 0
5903 2
5904 2
5908 1
14103 1
5913 1
9532 3
14113 3
5922 0
5925 2
5927 3
5930 2
12141 1
14125 2
5937 0
14132 3
14133 2
14137 2
14139 1
17376 0
14149 1
5958 2
14151 2
14647 2
14157 2
5091 2
14164 2
6200 1
14168 1
5978 0
14171 0
5982 2
14175 0
14177 2
14651 2
14180 1
5989 2
15748 2
14189 0
14190 2
14194 2
3731 1
14198 3
14199 1
14200 3
14202 3
6013 2
6018 1
6019 1
14212 2
6021 2
14214 2
6465 0
6025 2
6030 3
14224 1
10563 2
14228 0
4020 1
6044 3
6045 1
2373 1
14242 0
14244 2
14245 1
5105 0
6057 2
14252 0
14253 2
14254 2
6063 3
10319 3
14263 2
14266 0
14270 0
14274 2
14278 2
14280 0
13303 2
13569 2
6094 2
14287 1
14289 1
6104 2
6108 2
14301 0
14302 2
6111 1
14306 1
6115 3
14312 2
6122 2
6128 2
14322 2
14323 2
6132 2
6135 2
6140 2
14335 2
5933 2
6151 2
6152 3
6154 2
14349 1
14350 1
6161 1
14360 1
6169 2
14362 1
14364 1
6173 0
6174 2
6176 1
6182 0
6183 2
14376 2
14377 1
14378 0
6188 2
16050 3
14383 0
14385 1
14386 2
6196 2
6197 1
14392 2
6201 2
6205 2
6206 2
14403 0
6220 1
14415 1
15317 1
14420 2
14422 3
6231 2
14424 1
14425 2
9231 2
14428 3
14433 2
18790 0
6250 2
6251 2
14447 0
17554 2
9210 1
6260 1
14455 0
6265 3
6266 2
6267 2
6274 3
17430 2
6282 2
15485 3
6053 1
17432 2
10606 1
14488 3
14489 1
6298 1
14494 0
16069 2
14498 2
6309 0
14505 2
6315 0
6317 2
14510 2
14512 1
1847 0
6322 3
10611 0
11226 2
6332 2
14525 1
14526 0
6336 2
14533 2
14534 1
14535 1
6346 2
6349 2
14542 2
14546 0
16409 0
6360 3
6367 2
14561 3
6523 2
14565 1
6374 1
18812 2
6759 2
6384 0
6386 1
14579 0
14580 3
6392 0
14586 2
6396 0
6398 3
6399 0
14599 3
6408 0
2387 2
14604 2
14608 2
14611 1
6424 0
6426 1
17455 0
6428 1
6429 1
14622 2
6431 1
214 0
14625 2
14631 2
14632 2
6441 0
6445 1
6446 2
6448 1
14642 2
14644 1
6454 0
6455 1
6456 1
10035 2
4571 0
14657 0
6467 2
6468 1
14663 2
14664 1
6473 2
14666 2
6475 0
14669 2
14671 0
6488 2
14682 2
9274 2
3813 0
6498 2
6505 0
6514 1
14715 2
14718 2
14724 2
14730 1
17174 2
14732 2
5186 0
14736 2
14738 3
6553 0
14755 1
14761 1
1096 1
14501 0
16586 2
6587 1
6594 3
5195 2
14789 2
14792 2
14793 1
14800 2
6612 2
14808 2
14809 2
14811 2
14812 3
6621 2
6624 2
14822 0
6631 2
14825 2
14829 2
14830 2
7933 2
6642 3
6646 1
13396 0
6850 1
6653 1
14848 1
14851 2
6665 3
14858 2
6667 0
6673 1
14868 2
6678 3
6679 2
14874 2
6683 2
14878 2
6687 2
14881 1
14882 2
17499 2
6692 2
14886 1
6695 3
6697 2
6699 1
6702 1
6704 1
6705 0
6707 1
6709 0
14903 2
14904 2
6714 0
6715 2
14908 1
4588 0
6719 1
14912 0
14913 2
14914 2
6723 1
14916 0
14917 1
6726 2
14920 0
6732 2
6737 1
6740 1
11954 0
14936 0
14942 3
14945 1
14779 2
14951 2
14952 1
6762 1
14955 2
1589 3
17512 1
1862 3
14965 0
6774 0
14972 2
6787 0
6788 1
14983 2
6794 2
14990 2
14993 0
7123 2
14787 0
14996 2
6808 0
6809 0
15002 0
15004 2
15005 1
17412 3
6597 1
12502 2
9229 1
15021 2
6600 0
6837 1
6839 3
6842 3
6845 0
15042 2
15043 2
15044 1
15050 2
15051 2
6860 1
15055 2
9503 2
6865 0
6869 1
6871 0
6873 0
6874 1
15068 2
6877 0
15071 0
15072 0
6881 2
6882 3
15075 2
15077 0
6887 1
6890 1
6892 2
15085 2
6898 1
15091 1
15093 3
15096 3
14804 2
15098 2
6907 2
6908 2
15102 1
15103 1
6912 2
15107 1
15109 1
15111 3
6923 0
15116 2
6926 3
15119 0
15120 0
6616 1
6930 1
15123 1
15124 3
6933 3
6936 1
6937 0
3887 2
15133 1
6942 1
15135 2
15136 1
15137 3
6946 2
6619 2
6948 0
15142 0
15144 0
15145 0
6957 1
2525 1
9352 1
6964 1
15157 2
6966 0
15160 1
15162 1
6971 1
15167 2
15169 3
15170 1
6984 1
15179 2
1324 2
15193 1
15194 2
7006 2
7008 2
15201 3
15202 2
12091 2
7016 2
7018 1
15212 3
15213 0
7023 1
15217 2
10054 1
15225 1
15228 0
15229 2
15231 0
7040 0
7043 2
15236 0
15241 2
7050 1
7052 1
7055 1
7056 2
15250 3
7062 0
7065 3
15261 2
7073 2
15266 1
7075 3
7076 1
15270 0
10737 3
15275 1
7085 0
15279 2
15280 1
15282 2
15284 1
15286 1
7096 2
7097 2
15290 2
7103 2
7105 1
7108 1
14838 1
15303 2
15304 2
7115 0
7116 1
17570 2
7120 2
5283 2
7125 0
15319 0
7129 2
7130 0
15324 1
7136 0
15329 2
7139 0
15333 2
7142 1
15339 3
7155 2
7160 3
7164 2
7166 3
7169 1
18515 2
15363 2
1057 0
15371 2
15375 1
7184 0
7186 3
10755 0
512 1
15393 2
7203 2
7205 1
7206 2
7208 2
7209 2
15402 2
12788 2
7218 3
7219 3
15413 2
15414 3
15417 2
7228 1
2150 2
9788 0
11152 2
7235 2
15428 2
7243 2
7245 0
9117 2
15440 1
2885 2
7254 1
15448 2
3515 1
15457 2
15461 0
15467 0
15482 1
14085 3
6977 0
15488 3
15496 0
7306 2
7307 0
15503 2
7316 2
16238 3
15510 2
15513 0
15518 0
15521 2
15522 1
2587 1
7335 0
16884 1
15539 0
10408 2
15549 1
7358 0
7363 0
15560 0
7370 3
15565 1
7374 3
15569 0
15573 0
15574 0
14884 2
7386 1
15582 0
15585 1
7394 2
15592 0
15593 0
15594 3
7403 1
7405 2
15599 0
15600 2
15602 2
1235 2
15604 2
13613 0
15606 2
15607 1
17620 0
7421 0
7424 3
15617 2
15625 1
7434 2
7440 2
15634 0
7446 2
7447 2
15641 0
7450 2
7452 2
15645 3
16261 1
15649 3
15652 1
14616 0
15654 2
15656 0
15657 2
15665 1
15667 2
15670 3
7481 1
15675 2
15676 0
15678 2
17980 0
7488 2
7495 0
7496 0
7497 2
10807 0
7500 2
1251 1
15701 0
15704 0
15705 1
15706 1
15707 1
7516 2
15710 3
15711 2
15712 0
3984 1
15714 1
15715 2
15716 0
7525 3
12177 3
15721 2
7532 2
7534 2
15734 2
7543 2
7544 2
16276 1
7546 2
15741 1
15746 0
7556 0
15749 1
7563 2
7564 2
15758 2
9453 3
15760 0
15761 2
15762 2
15765 2
7580 2
8090 2
15779 0
15781 1
15783 2
15788 1
7598 2
7599 2
15794 1
15798 1
9460 2
15802 3
7611 1
15809 1
7624 3
15818 2
16348 2
7630 0
15824 2
15827 3
7637 2
7639 2
7640 3
8100 3
15834 1
7643 0
15837 0
7649 2
15842 0
9467 2
15844 2
9468 0
15853 1
15858 0
7667 1
15863 2
15871 1
13568 3
7682 2
542 2
15877 0
7687 1
7692 2
7694 1
7695 2
7699 2
15892 1
15894 1
7703 3
7704 1
15898 2
7707 2
15902 1
7714 0
7715 0
15908 1
7717 3
15916 0
7728 2
15921 2
4019 1
7732 1
7733 3
15927 0
7737 1
17674 2
7747 2
7751 2
7753 3
7754 1
17989 1
10851 1
9486 3
7766 1
15959 1
15962 0
15963 2
7773 0
15966 2
15969 0
15970 3
15971 2
7781 2
15976 0
15979 1
7789 2
7790 1
12221 0
15984 0
7796 3
15994 2
14954 2
15999 1
16000 2
16003 2
16008 0
7817 1
16015 1
16017 2
16018 1
16024 1
16025 1
16026 2
16030 2
7626 2
7841 3
16036 1
16039 2
7848 2
16041 1
7852 3
16046 0
16049 1
7858 2
7860 0
16056 1
16057 1
7867 1
16060 2
16061 1
1353 0
16063 1
16064 2
5408 1
16066 1
16067 2
14966 0
7878 0
7879 0
16073 1
7887 0
7890 2
7893 2
16088 1
7897 2
7900 2
16097 1
7912 0
7913 1
16106 2
7917 2
16110 2
16114 2
16115 2
16117 2
7932 2
16125 2
16126 0
16127 3
16129 1
9266 3
16134 0
7945 2
16138 2
7947 2
13419 1
16143 2
16145 0
7955 2
16152 1
16159 0
7973 0
7975 2
7977 1
16173 3
7982 1
16176 0
7986 2
16180 0
16183 2
16186 2
16191 1
8001 1
1334 2
8009 2
8014 2
16213 0
16214 2
8024 0
16217 2
16218 2
8028 3
8029 3
16224 2
8033 3
10419 0
16229 3
16232 0
18544 0
16234 2
16235 1
8046 0
16240 1
16241 0
8054 2
8058 1
8059 3
16260 1
8069 2
16264 3
16265 1
8076 2
8082 0
16275 0
8084 1
16279 0
16282 1
16283 0
8092 3
6810 1
16287 0
10907 1
16292 0
9543 2
8108 2
16301 1
8110 2
16304 2
16306 1
8119 0
8121 0
4362 0
6815 0
16319 0
16321 0
16325 0
16326 2
15001 1
16331 1
16332 2
8143 0
16337 2
8148 0
8150 0
8151 2
8154 3
8156 1
16349 1
16353 2
16356 0
16359 1
8168 2
8173 0
12285 0
8178 0
16372 1
16375 0
16376 2
16379 2
16380 0
16381 1
8190 2
