16386 2
16387 2
16392 3
8201 2
16394 1
10925 1
18058 0
8210 0
16404 3
16405 2
16406 0
11184 1
8219 2
8220 0
29 0
16415 2
16417 0
8226 2
8228 2
16422 2
16423 0
40 0
15277 1
12295 2
16429 2
16432 0
16433 2
16436 1
16437 1
8247 1
56 0
8249 2
16443 2
16445 2
62 2
64 1
8258 0
16452 1
69 1
9569 2
8264 0
73 2
74 0
8268 2
80 1
81 0
1379 0
16469 1
8278 2
88 2
91 1
16478 1
98 2
99 0
16484 1
16485 0
16488 2
5347 2
9575 1
8300 2
4114 1
110 0
16495 1
112 3
8309 2
119 1
8312 1
8313 2
122 3
16509 1
126 2
16513 1
8322 2
16515 2
133 2
8326 2
10945 2
8330 2
8331 2
6850 1
16527 2
144 2
147 0
150 2
151 1
8345 3
8347 3
16540 2
16543 2
16545 2
162 2
163 2
164 0
16549 2
8358 0
4124 2
10951 0
8365 1
175 3
177 1
178 0
17779 2
180 3
8373 2
8374 2
183 2
185 2
187 1
189 3
8386 2
15051 2
16581 1
200 0
201 1
202 2
206 3
16592 1
209 2
8402 2
1256 2
6862 3
5497 2
7530 1
218 3
8415 1
8417 3
8419 0
16614 0
233 2
8426 2
8430 2
9597 2
240 1
8232 0
16626 2
8435 3
244 3
5502 1
246 0
16636 2
16637 3
254 0
16639 1
8449 2
16646 1
264 0
12332 2
8458 1
8459 2
271 2
16663 2
16666 1
8477 0
287 2
8480 1
16673 1
291 1
292 0
16677 2
8486 2
16679 1
8488 2
16681 1
299 1
16684 2
9830 2
16686 1
15069 2
8496 2
305 2
16691 2
8506 1
8507 2
16702 3
319 2
16704 3
16706 1
16707 0
324 1
16710 3
16712 0
16713 0
332 2
333 0
16718 1
16719 2
4152 2
338 1
8531 1
340 1
16725 1
10586 0
8539 1
348 1
16733 2
16734 1
353 2
354 2
16740 0
16741 2
16743 2
16744 2
8553 2
9495 1
363 2
367 0
371 0
8564 2
16757 0
376 2
8570 1
8571 0
16765 2
383 0
384 1
16771 0
8580 0
389 1
16774 1
8583 3
392 1
394 2
397 3
16786 1
16790 1
16791 2
8601 2
411 2
16799 1
8608 1
16803 1
420 1
16807 1
1436 1
8621 0
16814 2
8625 2
10380 1
435 1
438 0
8265 0
1694 2
2185 2
10423 0
712 2
8639 0
17824 0
450 1
451 1
16837 1
454 2
455 1
16841 2
458 3
16843 3
461 2
8655 2
16849 0
466 3
467 1
16852 1
470 1
16855 1
1925 3
8665 2
8666 2
8667 2
477 2
8672 0
481 1
8675 2
8676 0
1446 2
489 3
16874 0
8684 1
289 2
15101 1
16880 0
8691 2
16884 1
8693 2
16886 2
18293 0
504 3
8697 0
509 3
511 2
512 1
16897 2
16898 2
16902 2
8713 1
16906 1
524 2
8717 2
8718 2
528 2
16914 1
8723 1
8725 1
8727 0
8728 2
537 3
538 0
8732 1
16925 2
16926 2
17476 0
545 2
16930 2
8739 3
8742 1
551 1
8744 2
8746 2
8747 2
8748 3
16941 0
16946 2
563 2
564 1
8758 2
8759 1
8761 1
8762 1
6922 1
574 0
16961 3
6923 0
581 1
16966 2
583 1
584 2
585 2
16970 2
587 1
588 1
8781 3
591 1
8786 1
16980 2
6926 3
8790 0
16983 0
16985 1
16986 0
603 1
604 3
16989 1
606 0
16991 3
16992 2
609 2
8802 1
611 1
8805 2
8806 0
8808 0
17001 0
8810 2
619 2
8812 2
17005 1
8814 2
17008 2
8817 1
6931 2
17012 3
629 1
17014 1
12393 1
8824 0
633 2
8826 0
13759 0
8828 1
17022 0
17023 1
8832 2
641 0
8834 2
17027 2
8841 2
651 0
652 2
17037 2
654 0
17042 2
17046 1
663 2
664 0
17049 1
666 0
8862 2
8863 3
672 0
673 2
8866 0
8868 2
17061 2
17062 0
679 0
17065 0
17067 1
12505 1
8877 1
6941 0
8880 0
8881 2
17055 2
17077 3
15135 2
117 0
8898 1
17093 1
5580 1
17097 2
8906 2
17099 2
717 0
17104 0
8916 2
8917 1
8919 2
8921 2
730 2
17115 2
17117 1
17118 2
17120 2
8932 0
741 2
742 0
743 0
744 2
8938 2
8939 2
748 2
17134 1
12413 1
17137 2
8946 0
17142 0
760 1
17876 0
15301 2
763 0
764 2
17151 2
17152 1
771 1
5590 3
774 1
775 2
17162 0
8971 2
8974 2
17167 2
17168 2
8755 0
786 0
787 2
16393 2
790 2
8986 2
795 2
17180 2
17182 1
8991 2
17184 1
8993 0
802 1
13787 2
17188 2
8999 0
808 2
17193 2
17194 2
814 2
17199 2
9008 0
17201 1
17202 0
11059 0
17205 1
17208 0
17209 1
9018 2
17211 1
16522 1
9023 2
9024 2
17217 2
17218 1
139 3
9028 0
13208 2
841 1
17227 1
844 2
846 0
16525 0
849 2
851 0
852 2
17237 2
17238 1
17244 0
17245 1
9060 3
9061 1
871 0
17256 2
873 1
9067 2
17260 2
17262 0
879 2
17265 2
883 1
17268 1
9077 1
889 0
9082 2
17275 0
892 2
894 2
895 1
17280 1
11072 1
17282 3
900 1
9093 1
9094 0
9095 2
17291 2
17292 1
17294 0
9103 2
17300 1
917 1
17302 2
9111 2
17304 2
922 2
17308 2
17310 1
17311 2
17313 2
16539 0
932 3
933 1
9127 2
936 3
9129 2
17324 2
17325 1
9136 2
17329 3
947 2
9140 2
952 1
953 2
960 2
961 1
17346 0
17348 0
9157 3
17350 0
9159 0
17353 1
9162 1
9719 1
15308 1
17360 2
9173 2
17368 1
9177 1
9178 1
17374 1
17376 0
17379 2
16550 1
11089 2
1006 0
1010 1
17395 2
17396 2
9209 1
9211 2
1020 0
1021 0
9214 3
9215 0
9216 0
1025 2
9218 2
1027 0
1028 1
1032 1
9225 0
1035 2
1037 3
173 2
17426 2
9237 2
15193 1
17432 2
1049 1
3581 0
1052 0
17437 0
9246 0
17440 2
9250 2
17445 2
1063 2
17448 1
9257 0
17083 1
1067 2
17452 0
17453 1
9262 2
1071 1
9264 1
9265 1
1075 0
9269 2
9270 2
9271 0
9274 2
17469 0
17470 0
9280 1
17474 2
9283 1
1092 0
17477 1
9287 0
17480 2
13836 2
1098 2
17486 0
17487 2
1107 1
17492 1
17493 0
17495 1
9304 2
1113 2
1114 1
17499 2
9308 1
9309 1
9310 0
11109 2
9312 2
17505 0
17506 2
9316 0
17509 2
9318 0
9319 2
17512 1
17514 2
17516 2
1135 2
12211 2
17524 2
2517 0
17526 0
17529 1
17530 1
8791 2
17532 2
17533 3
1150 2
9343 2
17536 2
1153 0
9346 2
9349 2
17542 1
17543 0
9352 1
15212 3
17548 1
17549 1
1166 2
17553 2
17554 2
17556 2
15214 1
1174 2
1175 2
17560 1
9369 3
2927 2
1180 1
1181 3
9375 0
17568 0
2928 1
17570 2
11769 1
9382 1
17575 1
1192 2
17577 1
17578 2
17579 3
9388 2
9389 0
12703 3
1200 0
1204 0
17589 0
17594 1
10319 3
17598 2
9407 0
9409 1
1218 2
1221 2
9414 0
17607 2
9416 1
1225 2
17610 2
17612 2
17613 0
9422 0
9427 2
9428 2
16590 3
1240 0
17632 1
1250 0
1251 1
17637 0
17638 0
17639 1
9448 0
17642 1
17959 2
17645 0
9455 1
9457 2
17650 1
17651 0
17652 1
9461 2
17654 3
9464 0
17657 0
1274 0
1275 0
17660 2
1277 1
17662 2
17663 1
9473 1
17666 2
5675 1
9476 2
17669 2
17670 0
9479 2
17674 2
8407 2
1296 3
4312 2
3862 2
9492 2
9494 1
17687 1
9496 2
17689 2
13593 1
17692 3
17695 2
14501 0
1314 1
17702 2
1319 0
1321 2
1322 2
1323 0
1324 2
9518 2
16411 1
1330 0
1331 1
9065 2
17718 1
17719 1
9529 0
1338 1
17726 2
17727 1
1344 0
9540 2
13878 1
17737 2
1354 1
1355 1
17740 3
17743 2
9554 2
1363 2
9556 2
15246 0
8356 3
1369 2
9562 2
9563 0
17756 0
1375 2
1377 2
17762 2
1595 2
1381 2
17767 1
9578 1
9579 2
1395 1
884 1
9590 2
9591 0
9592 1
9594 2
17787 3
17789 1
1409 0
17794 1
9603 1
9604 2
17797 3
9606 1
17985 2
17800 2
9611 2
1420 0
1423 2
17809 0
9618 0
1430 0
9623 2
9625 0
17820 0
9629 1
17822 3
1605 0
1440 2
4483 0
1444 2
9637 1
8777 0
9642 0
17835 2
7069 0
17841 1
9651 1
1460 3
9653 1
17846 0
1464 2
9657 0
17851 1
17852 2
1469 2
17855 2
3595 0
1473 1
9669 2
9672 1
9673 1
1482 1
9676 2
1686 2
3665 0
9684 1
17998 2
1496 1
9690 2
17999 0
9692 2
13990 0
17887 2
17892 0
17893 0
17895 0
17896 1
9705 0
11175 1
17900 2
13144 1
1521 3
16963 0
17907 0
17911 0
9722 2
1533 0
17924 0
17782 2
1542 2
1543 1
7084 1
9815 2
12157 3
9741 2
17934 2
1551 2
17942 0
17944 1
1561 2
9754 2
15279 2
17949 2
17952 2
17953 0
1416 3
17956 2
1575 1
9768 2
9770 1
12551 2
1583 2
17969 0
17971 2
9781 1
1591 1
17977 2
17979 2
1596 2
1597 1
9792 2
1601 1
17986 0
9795 0
9796 0
17989 1
9798 0
1608 1
1610 1
17996 1
9826 2
1614 1
1615 2
9810 2
9811 0
9812 0
1621 0
1622 2
11193 0
9817 2
18010 0
1629 0
1630 1
1634 2
1635 2
1636 0
9829 2
18022 1
1639 2
1640 2
18027 2
18028 1
14383 0
18032 0
18033 0
12563 2
1653 2
1655 2
18041 0
9852 0
1661 1
9854 1
18048 2
9858 0
18052 0
1670 0
1671 1
18056 0
1674 2
9867 0
18062 2
6057 2
9874 0
9876 0
18069 0
9878 3
1687 2
1690 0
18076 0
18078 2
11205 0
1696 2
18082 0
9891 3
1700 2
1701 2
1702 2
1703 1
1709 0
1711 2
18096 2
9906 2
1717 2
1721 2
1722 0
18107 3
1724 2
1725 2
18110 1
1732 2
9927 2
18121 1
18039 1
1740 0
9936 1
10268 1
1746 2
4387 3
18133 2
1750 1
1755 1
1757 1
18142 1
9953 0
18146 0
1763 0
1765 1
9958 0
1768 1
1769 2
18154 1
18156 1
1773 1
18045 0
16680 1
1662 2
1782 1
1783 1
1784 1
1785 2
1786 1
7970 1
1788 2
9981 2
9982 1
18178 1
18183 0
1800 0
18186 2
1803 0
18188 1
1666 2
13879 2
18191 2
10000 0
10001 0
18194 3
18197 0
10006 0
15321 1
18201 1
10010 0
18203 2
11226 2
18207 2
1827 2
18212 1
18214 2
10023 3
18216 2
18217 0
18218 2
1835 1
1836 1
18221 2
10031 2
10032 1
18225 2
10034 1
1843 0
1844 2
18229 1
1847 0
18232 2
10043 1
1852 1
18237 1
10048 2
18243 0
10053 1
18246 2
18247 2
10056 2
18250 2
18252 1
18255 0
4408 2
18259 1
18260 1
1878 0
18264 1
7140 0
1882 0
18271 0
10080 2
5776 2
315 1
18278 1
10088 1
1897 3
18282 1
3047 0
18284 1
18287 1
18289 0
10099 2
10100 2
8510 2
18294 1
10105 0
1918 2
1924 2
18070 0
10118 2
1927 3
18312 1
1929 0
10123 2
1932 0
10125 1
10126 3
18319 0
10129 2
1939 1
1943 0
1944 0
10137 2
10139 2
10140 2
1949 2
1950 0
10144 0
4541 0
14743 2
18344 2
1961 2
10154 0
10155 2
1964 2
18349 1
1969 0
18354 0
1971 2
10165 3
18358 3
329 1
18361 3
1486 0
10171 0
18366 2
1983 2
10176 1
66 1
3885 2
1992 2
8524 2
339 3
18379 1
18380 0
10189 1
9615 2
18384 2
18386 1
10196 1
10200 2
10201 1
18401 1
18404 2
2021 0
15356 1
12626 2
18414 3
6942 1
18419 1
18420 2
18421 3
16724 2
18426 1
2043 1
10237 0
2047 2
68 2
2052 2
2053 0
10247 1
10248 2
18442 1
18444 0
2061 3
18446 2
10256 0
2069 3
18455 2
2072 2
2073 2
2075 0
2076 2
12634 0
10271 0
18464 0
2083 2
2086 0
10282 2
2091 2
16982 0
5810 0
2094 1
349 1
2096 1
18482 0
18483 2
10292 3
18487 2
18491 0
10301 2
2112 2
2113 2
10306 1
7179 3
2116 2
14255 0
5526 0
3071 1
10312 2
18505 2
10314 0
10316 2
10317 1
2126 0
18511 3
2128 1
10321 0
10322 0
18516 2
10325 1
2134 2
10327 1
8800 1
2138 2
10332 1
18525 0
10335 2
2144 2
10339 1
2149 2
18534 2
2151 0
10344 1
18541 0
210 2
6073 2
2163 1
10356 1
1726 2
10358 2
18551 0
14015 0
2173 1
10366 2
4106 2
2176 2
14257 1
18564 0
18618 2
18567 3
18568 0
10377 2
18572 0
18574 2
4149 0
14690 2
10386 1
18579 2
2196 0
2199 2
2200 1
10393 1
10394 0
2207 1
18592 0
10401 2
18594 2
3099 0
10405 2
18600 2
10410 2
18604 2
2221 0
10415 2
18609 0
10419 0
15584 2
18615 1
2233 0
347 3
18619 2
2236 2
10429 2
10434 2
10435 2
18628 2
18629 2
18630 0
18632 2
10441 2
12663 2
2252 1
18637 1
2254 2
18639 1
18640 1
16760 0
10450 2
3107 2
2260 2
2261 1
18649 0
2266 0
14260 3
18653 1
10462 0
10464 1
2273 1
10466 0
18659 1
2278 2
10471 1
10472 1
10473 0
18666 2
2284 2
7208 2
10482 0
18675 0
10484 2
18677 0
10488 2
18682 1
10493 0
2303 0
2305 0
10498 2
10499 3
18692 2
9942 2
10504 0
10505 2
18700 2
2318 0
18704 1
10513 0
18706 2
18707 1
2324 2
10517 1
10518 2
2327 1
18713 1
10522 1
18715 3
4442 2
2333 2
10527 3
11312 2
2338 2
5851 3
10533 2
18726 1
10536 1
18732 2
18733 2
18734 2
10543 2
10544 0
10545 1
14320 2
2356 2
1758 3
18746 2
18747 1
2364 2
2368 1
18753 0
10562 1
18663 3
2373 1
1761 0
18760 3
2377 0
10573 1
10575 1
18769 0
18771 2
2388 2
10583 2
18776 3
18778 0
4717 0
18790 0
10599 0
10602 2
8594 1
10607 1
10609 0
10611 0
18804 2
18805 3
2422 1
10616 1
2426 1
18811 1
10620 0
18813 1
2434 2
18819 0
2438 2
2440 2
10635 0
10637 0
2451 2
2452 2
18839 2
18841 2
2458 0
2462 2
10657 0
2466 0
18852 0
10662 2
2472 2
2475 1
14066 3
10670 1
10672 2
10674 1
2484 0
2486 2
10680 1
10681 0
2491 0
9903 1
2494 0
18165 0
17541 1
2498 2
2500 2
10693 2
17814 2
2503 0
10696 2
16723 3
10699 1
10700 2
10702 2
2512 0
10706 1
10709 2
10711 2
10712 2
10713 2
10714 1
2524 1
2525 1
11268 2
2527 1
2531 1
12710 1
10727 2
2536 0
7995 2
12711 2
2542 1
16997 2
4520 0
10738 2
9632 1
18174 2
5928 2
10743 1
10745 0
2554 1
2556 1
2557 0
7723 2
1108 2
10755 0
2565 0
2566 3
14270 0
2569 2
2572 0
2575 0
2578 1
10771 1
10773 1
10774 1
10777 1
2586 1
2588 1
10782 0
2591 0
10785 2
10786 2
2595 2
10790 0
2599 2
632 0
10796 2
10798 0
10799 1
16819 2
2612 2
10805 0
10806 2
2615 2
10809 1
2621 1
2624 2
2625 0
2627 2
8630 2
10822 1
2631 1
2633 2
2634 2
2639 0
2640 2
12728 2
10841 3
9999 2
17321 2
2653 3
2654 2
2655 2
14096 1
10850 1
2660 1
10853 2
1809 2
10856 2
444 2
2670 1
10863 0
10865 1
10866 0
10867 1
12637 1
10871 2
10872 1
10873 0
10884 0
10886 0
14103 1
10893 1
10895 1
2705 0
10901 2
16457 2
2715 2
2717 0
10911 2
6910 2
2722 1
10011 1
920 2
2729 1
11378 0
14109 3
2739 2
2748 3
2750 1
2751 0
2753 2
2754 2
2755 0
2757 0
2759 2
10954 0
2764 3
2768 1
2769 0
10019 3
2776 0
1828 2
2778 2
16847 0
10973 2
3195 2
2790 1
2791 2
2793 0
2795 0
8822 2
10991 1
2800 2
2801 2
8659 0
2804 2
15486 2
2807 3
11005 1
2815 0
11009 2
5931 2
11012 2
11015 2
2825 2
1837 2
2834 1
11027 0
17804 2
12761 2
2840 0
11034 2
11037 1
11038 2
11039 0
11040 3
11041 2
2851 1
2852 1
11045 2
2854 1
11049 0
11051 3
11053 2
4573 1
11056 0
10035 2
11061 0
11065 2
2874 0
2877 0
2878 3
10037 2
2880 2
2882 2
2883 0
2884 0
15099 1
11080 2
2891 2
1383 2
2898 2
8148 0
2903 2
2904 1
11097 1
2909 1
2911 2
2912 1
11107 1
2917 0
11111 3
2921 2
11115 2
2925 2
11118 0
1853 1
12840 1
2930 0
11128 2
11132 2
11136 2
1856 2
11138 2
11139 1
11142 1
492 0
2955 0
11149 0
11150 2
11152 2
11155 0
2964 3
11158 2
8687 2
11164 0
2973 2
1861 0
2979 2
11173 1
2983 2
2985 2
2988 0
2992 2
18248 2
2009 0
12787 2
11191 2
3000 2
3001 2
11194 2
3003 1
3232 0
3011 2
3013 1
11208 1
11209 2
1737 1
11214 2
11215 1
3025 1
11220 1
3030 1
3031 1
11224 2
11225 0
3034 2
17559 2
11229 2
11230 2
6375 2
11232 0
12795 0
11236 1
11239 2
3048 3
3049 2
11242 1
3052 1
3053 2
12797 1
3058 1
11254 2
10650 2
16896 1
3074 1
3076 2
3078 1
4609 1
3082 2
10741 1
11277 0
3088 0
11438 2
3095 0
10717 1
3098 1
11291 1
11292 0
3102 2
3103 0
3104 0
3105 1
11299 1
3110 2
11305 2
11307 2
3119 2
3120 0
11315 0
3125 0
3126 0
1468 2
8714 1
11326 0
11327 2
1888 2
11330 1
3141 2
11334 2
11335 2
11336 2
11340 2
11346 2
18275 1
3156 0
526 0
11350 1
11355 3
11364 1
924 1
3182 3
3183 2
1979 1
3186 1
11379 3
16851 2
11382 2
3191 2
11386 0
379 0
11391 0
13756 2
11393 2
11395 0
11397 2
11398 2
3207 2
11402 0
11403 2
11458 2
3215 2
3216 2
3218 3
15555 1
11413 3
11417 2
3226 2
5999 2
11424 3
11425 2
3236 0
11429 0
11430 0
11431 2
3241 1
12733 1
11435 2
3244 0
3246 2
11440 0
11441 3
3250 2
542 2
11449 1
11451 1
11452 2
3261 1
3262 1
3263 2
11457 2
3266 0
11459 0
11460 0
11461 1
3270 1
11463 1
9929 2
11471 2
3280 2
11473 1
3286 1
3287 2
3288 2
3291 2
11484 1
11487 0
9460 2
550 1
3305 1
11499 0
3310 2
11504 3
5293 2
11506 1
768 0
3319 1
3320 2
3323 2
3324 2
16938 0
11518 2
3328 1
11523 1
11295 2
11531 1
11540 2
15577 3
11544 2
3354 2
3359 3
11554 1
3363 1
3369 2
11565 1
3376 2
3379 1
3380 1
11573 2
3382 0
3386 3
3387 1
11581 2
18662 2
3395 1
3396 0
10124 0
1477 1
3403 3
14221 0
11601 0
3410 2
1934 0
3417 3
3419 2
11612 3
3422 1
11615 1
3425 2
11620 1
11622 0
1937 1
3434 1
3435 3
11631 2
3440 1
3441 1
11634 2
11636 1
4670 2
3446 2
11639 1
11640 2
11641 2
3451 1
11649 2
3460 2
3461 0
3463 2
3465 1
3466 2
11660 1
4674 1
11662 2
2025 1
11669 3
10716 1
3480 2
11674 0
11678 0
15600 2
11684 2
12870 1
3495 2
11693 0
14237 0
11696 2
3505 0
11698 3
9664 1
11701 2
11703 1
3512 1
3515 1
586 3
11710 1
11713 2
11717 2
10483 0
3529 0
11723 0
11724 2
10146 2
3535 3
11731 2
3541 1
11738 1
3548 3
11742 0
17849 2
2846 2
3557 2
11752 0
3564 3
3566 1
3568 0
11761 1
3572 1
11766 0
14249 0
11768 2
596 1
11773 2
5302 0
3584 1
3585 2
11779 0
11781 1
7425 3
11786 1
11787 1
11795 3
3604 3
8793 1
11800 2
18641 2
3611 3
11806 2
11808 1
14256 1
11811 2
3621 2
11815 1
10163 2
14578 1
11821 1
11822 0
8797 3
11824 1
11827 0
11831 1
11832 1
11833 1
8799 2
11838 2
11839 3
11841 2
3650 2
3653 2
16993 2
11848 2
1975 1
12898 1
11856 3
11857 0
297 2
3671 2
11864 2
3673 1
3674 2
3679 2
9397 2
11874 1
18363 1
3684 3
11877 2
3688 1
11881 1
11884 2
15634 0
3694 1
11887 2
11891 3
3701 2
3702 2
8809 0
3706 2
11899 2
12906 2
11902 2
8811 1
7446 2
3719 2
11913 1
3727 2
3730 2
3731 1
11926 0
1576 1
3740 0
624 2
5853 2
3747 1
3751 1
11944 2
7452 2
7453 1
11954 0
3763 2
11963 2
3775 2
3779 1
12918 0
3786 0
3792 0
11985 0
4218 1
3798 2
8825 1
11999 2
3811 2
3812 3
12006 0
3819 0
12013 2
3830 0
3832 1
2004 0
12032 2
4736 2
12037 2
12043 0
8835 1
12054 0
12055 2
4493 2
3876 2
3880 0
10222 2
12076 2
12077 2
3887 2
3889 2
12937 0
12091 2
3901 0
3381 1
12098 1
12100 2
12106 2
12110 2
653 2
18134 2
12113 2
3926 0
3928 2
3932 3
12126 2
12127 2
7496 0
18347 2
12757 2
12131 3
3940 0
12136 2
12139 2
3949 0
3950 0
3389 2
13498 2
12152 1
12153 1
12154 0
14314 2
12158 2
6901 0
15681 1
2960 0
3982 0
12175 2
3985 2
3986 0
12181 1
12184 2
12187 2
12188 2
3997 2
3998 0
12193 0
4002 1
12196 3
4006 2
12202 2
4011 2
12204 0
12207 2
4017 2
4019 1
12212 1
4766 1
4027 0
4029 2
12229 2
4038 0
8865 3
2733 2
674 0
2209 0
8483 0
1226 1
4058 2
15138 0
12252 2
4061 0
4063 2
12256 3
12257 0
4066 1
12259 2
12260 1
8046 0
12262 2
4071 0
12264 1
12265 1
4074 1
8871 2
12268 2
12270 2
12271 0
12272 2
27 0
4086 2
4087 0
4089 1
4090 1
12285 0
12286 1
8875 2
12293 3
6145 2
12298 2
4107 2
12304 0
12306 2
15140 0
12313 2
12314 2
12316 2
4126 0
18437 0
688 0
18141 0
12324 2
12327 2
4137 2
12330 1
4140 0
17074 1
4143 0
4148 1
11614 1
4151 2
12344 2
4153 2
12346 0
12348 1
12349 1
8885 2
12353 0
4162 0
4164 0
11617 1
12360 1
12361 2
4173 2
12366 2
10253 2
4177 2
12377 2
4187 3
12380 0
12382 3
4195 1
12390 2
4200 3
4201 2
4202 1
4204 0
4205 2
14267 1
4212 0
12410 2
4221 2
4223 0
4225 2
4228 1
12422 2
12423 2
12424 2
12430 1
4239 0
10264 0
12434 2
4245 2
18457 1
4248 0
4249 1
6961 1
4254 3
4256 2
12451 1
4260 2
5843 2
4262 2
12455 3
4264 1
6172 0
4267 1
4270 0
6173 0
12465 1
12466 1
12470 2
12471 0
12472 1
12473 1
4284 1
714 1
12481 0
12486 2
12487 0
4296 0
4298 0
12492 2
4301 1
4302 1
12496 1
15736 1
4306 3
18467 0
4308 2
9418 1
4313 2
4316 1
4318 2
4319 0
4320 2
4321 3
4322 1
4323 2
4324 2
18470 1
12521 2
4818 0
4335 2
4337 2
12530 1
4340 0
4342 2
10783 3
4345 2
4349 2
4354 2
12549 2
4359 2
12554 3
4363 2
12556 0
4365 2
12558 0
4371 2
4374 2
7556 0
4379 2
4380 2
12573 0
4383 2
4385 1
12578 0
4827 1
4389 2
14385 1
12584 2
2098 2
12595 2
4405 2
12598 1
9694 0
12602 0
4831 1
4413 3
12611 2
4421 0
12614 1
12615 2
12619 1
12620 3
4429 3
12622 1
11661 2
4434 1
4436 2
4438 3
4439 2
12632 1
4836 0
2330 0
12635 0
18697 1
4445 0
12638 2
4448 1
12641 0
8934 1
12648 2
12649 1
8935 2
12652 2
13614 2
12654 0
12657 2
15763 1
12660 2
13515 1
4471 1
4472 2
4473 1
4474 0
4475 0
12668 2
4480 1
17131 1
4484 1
4485 2
4490 1
4491 1
12685 2
12686 2
4496 1
4497 0
4498 2
475 1
4501 0
4505 0
12698 2
4510 1
4511 1
12704 1
4513 0
4517 1
4518 1
4519 0
12712 3
7580 2
10311 2
4524 1
15773 2
4529 2
4532 1
4533 0
12727 1
4536 0
4537 2
4538 2
4539 1
12732 1
2122 3
12737 1
13046 0
4551 0
4552 1
4553 2
4855 2
5213 0
4557 1
4559 3
8952 2
12754 2
4565 1
4566 2
8953 1
12760 0
15155 0
12763 2
12765 2
4574 3
4575 2
12770 1
12772 0
4582 2
12775 0
12776 2
12777 0
7591 3
4588 0
4595 1
4596 1
12790 0
7593 2
12792 1
10324 1
13055 1
12796 0
4605 2
4608 0
1790 2
4610 1
12803 1
12805 1
4616 0
12811 2
4620 0
4621 2
12814 1
4626 2
8963 2
12820 2
15157 2
4630 0
18521 0
4632 2
13060 0
12826 2
4636 0
4637 1
3504 2
13405 2
11697 0
4648 1
12841 1
12843 1
4653 0
4654 1
12847 2
4656 1
12849 0
4658 2
4659 2
12852 2
4661 0
4662 0
12856 2
4666 0
12859 1
4669 2
12862 2
4671 0
10336 0
12866 2
12867 1
12869 2
4678 1
14433 2
12872 2
4683 0
12877 2
4688 1
12883 1
7609 2
12888 2
12896 0
4706 0
4708 1
4709 1
4711 1
4712 2
12905 3
4714 1
12907 0
8978 1
12910 2
12705 2
4726 1
12919 1
4728 2
4729 2
4731 2
4732 0
4733 2
12928 1
12930 2
12931 0
12933 0
4742 1
12935 0
4744 1
9978 2
4748 1
4750 0
4751 0
12944 2
4753 2
12946 1
5378 2
7620 2
4763 2
794 2
12958 0
12960 2
12961 2
12963 1
4776 2
4777 1
12971 1
12972 2
18547 0
12981 1
4792 2
4793 1
12986 2
12987 1
8343 1
12989 2
8992 3
12994 1
4803 3
4805 1
4806 1
4807 1
4808 1
4809 2
4811 3
4813 1
4814 2
4815 2
4816 1
13010 0
4820 2
13013 1
13014 2
13015 1
13016 2
13017 1
4826 1
13019 2
4829 0
4830 0
13023 2
13028 0
13030 2
4839 0
4842 1
807 2
4844 1
4845 2
4848 1
13041 2
13043 2
13045 1
4854 0
13097 2
4856 1
13051 2
4863 1
4865 1
4866 0
1253 0
4868 0
7638 1
4871 0
16781 0
4878 0
9019 1
4881 1
13077 2
13088 1
13090 2
13093 1
17054 1
4905 2
4910 0
4911 2
13106 2
13107 0
13108 0
18569 1
13112 1
4916 2
13114 2
13118 0
4927 2
4929 0
4930 2
4931 2
13125 1
13127 2
6284 0
11746 2
18861 2
13138 0
4948 2
9471 2
4950 2
13113 0
4952 2
13146 0
13148 2
17210 2
13150 3
13153 2
4962 0
4963 3
13156 0
13159 3
4973 0
4975 0
13168 2
13532 0
13173 2
13174 0
4985 1
4986 2
13119 0
4989 0
13182 0
166 1
13184 1
13185 1
4997 2
11756 0
13195 0
13196 0
15853 1
10392 2
13202 1
5011 3
13204 2
2201 2
5016 0
13209 2
13210 2
5022 3
11760 2
5030 2
5035 2
13229 2
5040 0
13233 1
15859 1
13237 1
5046 2
4937 2
1425 2
13245 2
5054 1
15861 1
13249 3
5058 2
9443 2
13256 1
13259 2
6306 1
13133 2
5072 3
13266 1
13267 2
13270 3
13271 1
5087 1
13280 1
13282 2
7675 0
13286 3
5095 2
13291 2
13292 0
13295 1
13301 2
5110 1
13303 2
13307 1
2218 1
5118 0
13311 2
5121 2
5122 2
13316 0
13317 0
14464 3
13320 2
10412 2
13322 2
5132 2
18605 2
13329 2
13331 2
13332 2
6318 0
13335 0
5144 2
13337 2
3589 1
5154 2
13349 0
14928 2
13355 2
861 2
13360 2
13361 0
5171 1
13366 0
5177 3
5179 0
13373 2
5184 3
13379 0
5189 3
5191 2
5194 2
13387 1
5196 2
5197 3
5198 2
5205 0
13399 2
5211 2
10426 1
5214 2
9691 3
5217 0
5218 0
2235 2
13414 2
16456 2
13419 1
13510 3
5231 2
3603 2
13428 3
17257 0
5244 0
13438 1
13439 1
15894 1
10678 2
9995 2
9068 0
5262 0
13458 0
13459 0
8873 2
5272 0
5273 0
5277 0
5279 1
10428 0
13473 3
5284 0
13477 2
5287 2
13481 2
5292 2
13485 2
1540 1
13489 0
5301 0
13494 3
13495 0
13497 1
5306 1
13499 1
5312 0
5314 1
5318 0
13511 2
3313 2
5321 3
5322 2
5323 2
5360 1
13519 2
5329 0
3619 2
18638 0
17273 2
5336 1
5338 0
5340 2
5345 2
891 1
13543 0
13544 2
5357 1
13551 2
13552 2
5361 2
5362 2
13559 2
5369 2
5372 2
13565 2
5374 1
6357 2
13570 3
5379 1
13572 2
5381 2
13578 2
13580 2
13583 2
13586 0
13590 2
5399 3
9092 0
13596 2
5405 2
13600 1
13602 2
5411 2
3575 1
13605 2
5414 1
13607 2
13608 2
13610 1
5419 2
5422 2
5423 0
5424 0
5425 0
5001 2
5432 0
13626 3
13627 2
5436 3
5437 2
5441 2
5444 2
5445 0
13638 2
6369 1
13640 1
5453 2
13646 1
13650 3
13651 0
910 1
5463 1
13659 1
5469 1
5471 0
10470 2
5478 0
10548 1
1819 0
5483 1
13676 0
5486 2
5490 1
5491 2
5495 3
5496 2
5012 0
5498 2
13691 2
14430 3
13695 2
13697 2
5506 2
5507 0
13702 2
14368 2
5514 0
13707 2
13710 2
13713 2
13718 2
13723 2
17306 2
13727 1
5539 1
16091 2
5541 2
13734 1
5545 1
4549 0
13741 2
5552 1
13747 1
5556 1
13214 1
13750 2
5561 2
13754 2
5564 1
13758 0
5567 2
5568 3
5573 0
5574 2
5576 1
5579 2
13772 2
5581 2
5583 2
13777 3
5586 0
5587 1
13782 2
13784 1
5595 0
13789 3
14371 1
13796 0
5606 0
5607 1
5612 2
5614 0
5618 0
5623 0
13816 2
5630 2
13823 1
5632 1
13828 1
5637 1
13830 0
5639 2
9882 1
13834 2
5644 3
13838 1
5649 1
5652 0
13845 1
5654 2
13852 2
5661 1
5666 0
15963 2
5668 2
5670 1
13864 2
5674 1
13867 2
13871 1
5680 1
13876 0
5685 2
5686 2
5687 2
5690 1
13884 2
2099 2
16929 2
13908 1
10510 0
9145 0
5720 2
13916 2
13917 2
13918 1
3685 2
13920 2
13921 1
13927 1
5736 2
13933 0
1415 2
11880 1
6419 2
6738 0
5751 2
18708 2
5761 1
5763 2
17345 0
5771 1
962 2
13968 0
5777 2
5780 1
13974 1
9467 2
13978 2
5787 0
18714 1
13982 0
5791 1
5793 1
10523 2
13732 2
5798 2
13991 1
13993 2
12741 1
13997 0
14000 2
14002 0
5811 2
14007 1
5818 2
5819 1
5821 2
14014 0
5823 2
5824 2
14022 2
5831 0
5832 0
10287 2
14029 2
5838 2
5841 1
18723 1
14036 1
5845 0
3521 2
14040 1
14041 2
14042 2
13561 1
14044 0
14045 0
18725 1
5859 2
5860 2
14053 2
5863 2
11652 2
5868 2
5869 2
5872 0
5874 2
14067 0
17108 0
5879 2
3469 1
15999 1
14077 3
17365 0
14345 3
14084 1
5895 2
14093 1
5903 2
5904 2
14099 1
5908 1
10542 2
5911 0
5912 2
5913 1
16291 2
5921 1
5922 0
17770 3
14116 1
5925 2
14119 1
14120 2
5930 2
14123 1
14124 0
5935 0
14128 2
14129 1
14133 2
14134 0
5944 1
14137 2
14138 1
2357 2
9184 2
5961 2
14156 1
5966 2
5968 2
13283 2
5978 0
14171 0
5982 2
17381 2
14180 1
5989 2
5992 1
14186 2
14189 0
14190 2
14191 2
6001 0
6004 0
10020 3
6013 2
14209 0
6018 1
14212 2
6022 2
14215 0
6024 2
14218 0
14658 1
13567 3
14224 1
3689 1
17659 2
14233 0
6045 1
14239 0
14240 1
6053 1
6055 1
11932 0
14253 2
14254 2
6063 3
6064 2
6065 2
6067 2
6068 2
14261 0
6071 2
15807 2
14266 0
6075 3
12861 2
14278 2
14279 2
14287 1
14293 0
6102 2
1017 1
6104 2
2383 1
6109 1
14302 2
6112 0
14307 2
6116 0
14309 0
6118 1
6481 2
6122 2
14317 0
10024 0
6128 2
14322 2
14323 2
6132 2
1022 2
6134 1
6135 2
17935 1
6137 1
14330 0
6140 2
14335 2
3205 1
750 2
6150 0
6152 3
6153 0
6154 2
18775 1
14348 2
6158 2
6159 2
14353 0
14355 2
6164 2
14357 2
14360 1
6169 2
14364 1
14365 3
6174 2
6176 1
6177 1
6179 0
6181 0
6182 0
6183 2
14376 2
14377 1
2661 0
9224 1
14386 2
14387 2
6196 2
6197 1
6200 1
6201 2
423 2
6203 2
5130 1
6206 2
6209 2
14403 0
6213 2
14408 2
10027 2
14410 2
14412 2
6221 1
9229 1
6227 2
6231 2
14425 2
6238 0
6241 1
7867 1
6244 2
14437 2
18757 0
14440 0
14442 1
6251 2
14444 2
6253 2
14446 0
6255 2
6260 1
14453 0
14455 0
14458 2
16063 1
14461 0
6270 2
6272 3
6507 2
6277 2
3227 3
6282 2
5143 1
14476 0
6289 0
6290 0
14486 0
4580 1
14498 2
1051 1
6309 0
14504 2
14122 3
6316 2
14509 2
14510 2
14519 0
2120 2
10612 2
6330 2
6332 2
14526 0
7537 2
14533 2
6349 2
6350 2
7885 3
14545 3
14546 0
6356 1
14549 2
2121 0
6359 2
14552 2
3023 0
6367 2
14560 1
14561 3
6370 2
10619 0
14565 1
3793 0
18812 2
14571 2
6380 0
16082 2
10621 2
9256 1
6386 1
6393 2
14586 2
6398 3
14591 2
213 2
6404 0
6407 2
14601 2
14604 2
14605 0
14611 1
6422 1
16089 3
14617 2
6429 1
14623 0
14625 2
1578 0
16648 0
14629 1
14631 2
14633 0
6445 1
6446 2
6448 1
14642 2
13363 2
14647 2
6456 1
14650 1
14651 2
10308 0
6466 2
2443 0
14662 2
14664 1
6473 2
14666 2
7906 2
14673 2
6488 2
14682 2
6495 0
2944 2
14693 3
6505 0
14699 0
7912 0
6522 2
13846 2
14724 2
14728 3
14731 2
14734 0
17403 1
16192 0
14738 3
14745 3
8827 2
6553 0
14749 2
14755 1
14761 1
14762 0
6575 2
6577 1
7923 0
6580 0
6586 0
14779 2
6588 1
6591 2
6593 2
14787 0
14789 2
14791 2
6600 0
14793 1
6603 1
6604 2
14798 2
14804 2
6614 2
14807 2
6616 1
14809 2
6619 2
14812 3
6622 0
14815 2
6624 2
14821 2
6631 2
6632 2
14826 2
14834 1
6646 1
6647 2
14841 2
6651 1
6652 3
14845 0
14848 1
6658 1
14851 2
14852 1
3841 2
6667 0
6671 3
6679 2
14873 2
14874 2
14875 2
14877 2
14878 2
14879 2
2132 0
6690 1
9307 2
6692 2
14887 0
6697 2
6699 1
6702 1
6703 1
6704 1
6705 0
14899 1
6708 1
6709 0
6712 2
6714 0
17503 2
6718 2
6719 1
14913 2
6722 2
6723 1
14916 0
14917 1
6726 2
6730 1
6734 3
14136 2
6736 0
18321 2
6740 1
14935 2
6744 1
1124 2
12920 1
6747 2
6750 2
14945 1
14947 1
14949 0
6759 2
6762 1
6770 2
6771 3
6772 1
11955 0
14967 0
14972 2
9322 1
17411 1
6787 0
6788 1
14981 1
6794 2
14988 1
6797 2
14993 0
6802 3
6803 1
14996 2
6806 0
6808 0
15001 1
6810 1
15004 2
6813 1
6597 1
6816 1
15009 2
16594 2
6828 1
6830 2
14792 2
6836 1
6837 1
15034 2
6845 0
15038 2
15039 2
6848 0
15042 2
6851 1
6853 0
15046 1
6855 1
6859 1
16868 2
15054 2
15055 2
6867 1
15060 3
6871 0
10660 2
6874 1
15067 2
15068 2
9338 2
15070 2
15071 0
15072 0
6881 2
6883 3
15078 2
15079 3
6888 3
15087 2
6896 1
15093 3
15094 2
15095 1
15098 2
5247 2
6908 2
6909 1
15102 1
6911 1
15105 1
15109 1
15110 1
15111 3
15112 1
15114 2
15115 3
15118 1
15119 0
14808 2
6930 1
15123 1
15124 3
6933 3
15126 1
6617 2
6936 1
15129 1
15132 1
15133 1
15134 1
6943 2
15136 1
15137 3
6946 2
6948 0
15141 1
6950 0
15144 0
15145 0
16178 1
6958 2
15151 3
17544 2
6962 2
6963 2
15156 3
6965 2
6967 2
15160 1
15162 1
15166 0
6977 0
6978 0
6980 1
6983 0
15177 2
15179 2
6989 1
6993 2
6994 1
17550 2
7001 0
15194 2
7006 2
5416 1
7008 2
7009 2
7011 0
8144 1
7017 1
7018 1
7020 2
7022 3
7023 1
7024 2
14824 3
7027 0
15220 2
7031 1
15225 1
15227 3
7038 0
7039 1
15233 2
15238 0
15239 2
15241 2
9685 2
7052 1
7054 1
7055 1
7056 2
13464 3
15250 3
12448 1
15254 3
7065 3
15261 2
15264 2
7073 2
15266 1
7076 1
15275 1
15276 2
2546 2
15278 3
7087 1
15282 2
15284 1
7093 0
10329 1
16201 1
7097 2
17567 3
15295 2
15296 2
3237 1
7109 0
7110 2
15303 2
15304 2
7116 1
7118 1
7120 2
1187 2
15316 1
15318 2
15319 0
7129 2
7130 0
15324 1
7057 0
15329 2
7138 0
7139 0
15332 1
15333 2
7142 1
7146 1
9383 0
7148 0
7151 0
7153 0
7158 2
5289 0
8020 2
7164 2
7166 3
15362 2
15371 2
15374 0
15375 1
7189 2
15383 2
15388 0
15389 2
9392 0
7205 1
5297 0
15400 2
7522 2
15405 2
7214 2
15409 2
7218 3
15413 2
15417 2
15418 3
15419 2
7229 0
7231 0
15426 1
15428 2
12516 3
7242 0
15435 1
7244 0
15440 1
15443 0
15448 2
7260 2
9402 2
15455 0
7264 2
15457 2
1303 1
18791 1
16336 3
15461 0
7271 1
15467 0
15815 1
7280 0
15482 1
1215 1
7294 0
15487 3
15491 1
15492 0
2582 2
15497 0
7306 2
15500 2
9410 2
15503 2
15506 1
7315 0
15509 1
15510 2
15511 0
15513 0
15514 0
15520 0
15522 1
15523 0
7332 2
15525 2
7335 0
15529 0
7341 0
13512 1
15539 0
15544 1
15545 3
6687 2
10422 2
15549 1
7358 0
15552 1
7363 0
15558 1
7367 2
7370 3
15563 0
7372 2
15565 1
7374 3
9421 2
15570 0
15574 0
14884 2
7388 2
7391 1
15249 2
7548 2
15596 3
7405 2
7407 2
7408 2
15602 2
15603 1
15605 1
15606 2
12159 0
15613 1
15615 2
15616 0
15617 2
7428 1
7440 2
7442 2
15635 1
2606 3
15638 2
7447 2
7448 2
7450 2
15644 1
15645 3
15647 1
15649 3
7459 2
7461 1
15654 2
7463 0
15656 0
15657 2
15658 2
7467 2
15664 1
8072 1
15667 2
15669 1
15670 3
8073 2
15672 1
7481 1
15675 2
15676 0
15679 0
7488 2
7489 2
15688 0
7497 2
10807 0
15694 1
14904 2
15699 1
15704 0
15705 1
15707 1
7516 2
15711 2
15713 2
15714 1
15716 0
15719 1
15721 2
15722 2
15723 0
15726 1
17640 1
7544 2
15737 0
15738 2
15740 1
15741 1
7555 0
15748 2
15755 0
14914 2
15758 2
15759 3
15761 2
10819 2
15764 0
15765 2
15766 1
7575 2
15769 2
7578 1
7579 1
15772 2
8090 2
7582 3
15775 0
15776 2
7585 2
2630 1
17649 1
5015 3
15217 2
15787 3
1266 0
15794 1
7606 0
10825 0
17984 0
1268 0
7612 1
15805 2
7615 2
8096 2
7618 0
8437 3
15812 2
4001 1
15816 2
7626 2
15820 1
15822 0
7634 2
15827 3
7636 0
10089 2
15830 3
9465 1
7640 3
8100 3
10831 2
15840 1
7649 2
7651 2
7658 0
16295 1
15852 2
7661 0
5373 1
7665 0
7667 1
1278 0
15862 2
8105 2
7672 3
1279 0
15871 1
15872 3
13199 1
15877 0
7687 1
7688 2
7691 1
7693 2
15886 0
7695 2
15889 1
7699 2
16302 1
7702 2
15895 0
15897 0
15898 2
7708 1
15902 1
9477 2
7712 2
7714 0
7715 0
15908 1
7717 3
7718 2
4571 0
15913 2
1287 1
15919 0
15818 2
15921 2
16307 0
7734 2
17170 3
15931 0
1290 1
7743 2
7746 2
7747 2
7753 3
18055 2
15957 0
7766 1
10852 2
7771 2
7775 0
14989 0
7777 1
15973 2
8988 3
7783 0
15977 0
15979 1
7789 2
7790 1
7791 1
15984 0
7795 0
7796 3
7802 0
14954 2
7807 2
16000 2
16002 2
16003 2
7812 0
16006 1
8129 2
7816 0
16010 0
16011 1
17688 0
17128 3
16020 1
15655 2
16023 1
3489 3
16026 2
2671 0
1887 2
16032 1
11445 1
7843 1
16036 1
16037 1
7846 3
16040 2
16041 1
16043 2
16045 3
16046 0
16050 3
16052 0
16056 1
16057 1
16058 0
9503 2
16060 2
16061 1
7870 3
7871 0
16064 2
7873 1
16066 1
7875 1
16069 2
535 0
16073 1
16076 2
17698 0
16078 1
16079 2
7888 0
16081 2
7890 2
16085 0
16088 1
7897 2
7898 0
10083 2
16094 1
16096 2
7905 0
16098 0
16104 0
5415 0
7917 2
16110 2
16113 2
16114 2
16115 2
16116 1
16117 2
15983 2
16120 1
16121 1
16123 1
7932 2
5418 1
16127 3
16131 1
16134 0
16138 2
7947 2
16140 3
16141 1
16143 2
7955 2
153 1
7957 0
16150 2
16152 1
7961 2
16156 2
16157 2
16159 0
7968 0
10855 1
7974 0
4060 1
16176 0
7986 2
16182 1
16186 2
16187 1
16189 0
8000 0
8003 2
16196 1
16197 0
3267 0
16200 0
8009 2
16202 0
16203 0
13965 0
16207 0
16212 2
16214 2
16218 2
16220 2
2995 2
16226 0
6801 1
16234 2
16235 1
8044 1
16238 3
16240 1
16245 1
8054 2
1343 2
16252 1
16253 2
17728 0
1973 0
16261 1
16264 3
16265 1
16266 2
8075 2
8079 0
16272 0
15000 0
16275 0
16277 2
6809 0
16282 1
16288 1
8098 1
10907 1
16292 0
8101 1
16294 3
8103 2
8104 2
16297 0
5447 0
16301 1
8110 2
8112 2
16306 1
8115 2
8116 2
16314 0
16316 1
16317 0
16319 0
8128 2
16321 0
16325 0
10913 3
9548 0
16330 3
12279 2
8142 3
5837 0
8184 2
16338 2
10915 2
16340 0
8150 0
5727 0
16347 2
8156 1
16349 1
16350 2
8159 3
16356 0
16358 2
8167 0
16367 2
9555 1
16372 1
2350 2
16376 2
16379 2
16380 0
16381 1
8190 2
8456 0
