4096 0
16386 2
16387 2
16388 2
16393 2
16395 0
16399 2
8208 0
3001 2
8210 0
16404 3
16407 0
16412 0
8223 0
8226 2
8227 2
16420 2
16422 2
8233 1
16429 2
16430 2
16431 2
16433 2
15027 1
9566 0
8249 2
8250 1
16443 2
16445 2
62 2
2741 2
64 1
16449 2
66 1
16451 0
16452 1
16454 3
71 1
16456 2
73 2
8266 2
8269 0
4539 1
16464 1
81 0
82 3
8276 1
8277 2
16471 2
88 2
17461 3
8286 2
12551 2
97 0
16484 1
15279 2
8295 2
8296 2
1640 2
1383 2
8303 2
8304 0
122 3
16509 1
126 2
8322 2
132 2
133 2
8327 3
16521 0
138 2
139 3
8333 2
16527 2
144 2
8337 0
8338 2
15043 2
148 1
16534 0
151 1
8346 1
1391 0
16540 2
158 3
16543 2
16544 3
161 0
8354 1
8356 3
16550 1
8220 0
170 0
171 2
172 0
16557 2
175 3
177 1
178 0
8371 2
16564 1
183 2
16568 1
9588 2
187 1
16572 3
8381 1
11463 1
191 0
195 2
196 0
197 2
16583 2
8392 2
8393 2
202 2
203 0
8396 0
16418 0
206 3
16591 2
208 2
209 2
8402 2
8403 3
8407 2
16600 1
16374 0
218 3
219 0
221 3
8415 1
16647 0
8418 2
8420 2
16613 2
16614 0
16616 1
16618 2
12327 2
16620 3
8430 2
240 1
16625 0
8435 3
246 0
247 2
8440 1
8441 2
5503 1
16636 2
254 0
16639 1
8449 2
8450 1
16644 2
16646 1
8455 0
264 0
12332 2
8461 3
271 2
274 2
280 3
281 3
8474 3
18278 1
16671 1
8480 1
8481 0
8483 0
16677 2
8486 2
16679 1
8488 2
297 2
16683 2
2863 0
8496 2
8497 1
8501 0
310 2
16695 2
315 1
16701 2
8510 2
319 2
320 3
8514 1
324 1
326 1
16712 0
16714 0
12343 1
332 2
8525 2
334 3
16719 2
16721 1
1375 2
8533 3
342 2
344 2
16732 1
18824 3
8544 3
354 2
16741 2
5936 0
16743 2
360 2
8553 2
6887 1
365 2
366 2
367 0
8562 1
371 0
8564 2
8565 3
374 2
16759 1
8568 0
378 3
379 0
16765 2
383 0
8578 2
387 0
388 1
13718 2
390 1
8583 3
16776 0
6892 2
394 2
8588 1
397 3
8592 2
16786 1
16789 3
16790 1
16791 2
409 0
410 2
2799 3
8604 2
3287 2
416 0
8610 1
8611 2
420 1
8613 2
3241 1
423 2
424 0
16809 0
8619 3
8621 0
16814 2
72 1
16818 0
15091 1
16821 1
8631 1
440 1
10996 1
10423 0
16829 1
446 2
8639 0
16833 2
450 1
8643 1
15094 2
16838 2
16839 0
16841 2
459 0
1442 2
16846 1
8655 2
464 2
8658 0
16851 2
8660 3
16854 2
6905 1
16857 1
8667 2
16860 0
477 2
16865 0
483 2
5542 2
486 2
16871 0
16873 1
16876 3
16466 1
496 2
8689 2
8690 1
500 2
5545 1
504 3
8697 0
15103 1
509 3
510 2
16897 2
17835 2
8708 2
16902 2
16904 3
8713 1
524 2
525 0
8718 2
8719 3
8721 2
8722 3
532 3
533 0
8727 0
8728 2
538 0
16923 2
8732 1
541 2
16926 2
543 2
16928 2
16929 2
16930 2
8739 3
548 1
549 2
13745 2
8744 2
553 1
8746 2
8747 2
16477 2
16946 2
563 2
8757 2
16950 2
567 2
8761 1
8762 1
16956 1
573 1
8767 0
8769 1
16962 2
8771 3
8772 0
8775 0
16971 1
588 1
16973 0
1464 2
16978 2
16980 2
1465 2
601 1
8796 0
16989 1
8799 2
8800 1
16994 2
17851 1
8805 2
16999 0
17000 1
617 0
17002 1
8811 1
6930 1
8814 2
8815 2
624 2
8817 1
629 1
17014 1
4201 2
8824 0
636 2
17021 0
17022 0
8831 0
17027 2
17028 0
646 3
8841 2
2839 2
8845 0
654 0
8849 2
17042 2
660 2
661 1
663 2
664 0
17049 1
8858 2
8862 2
671 1
17056 2
673 2
8866 0
17059 0
17061 2
17062 0
8872 2
17626 1
8875 2
17068 3
12402 1
8881 2
2846 2
15026 1
8889 2
699 3
17084 1
17089 0
17090 3
17091 0
8902 2
1933 2
8905 2
714 1
17099 2
716 1
719 3
17104 0
5751 2
8917 1
8921 2
730 2
15826 3
737 2
738 2
17126 2
17127 0
744 2
8938 2
17131 1
17132 1
8941 2
750 2
751 3
752 3
8946 0
755 2
12414 2
7663 2
760 1
13780 1
8954 2
8955 1
17148 1
17149 3
13781 1
16590 3
771 1
773 2
774 1
8967 1
17160 0
17161 2
8970 2
17164 1
17165 1
17167 2
8976 2
17169 0
787 2
17172 1
790 2
8984 1
8986 2
17179 1
8988 3
5482 0
8990 2
8991 2
8992 3
16939 1
8995 2
17188 2
807 2
808 2
17193 2
17194 2
16519 0
9008 0
17201 1
9011 2
9015 0
17208 0
17209 1
9018 2
17211 1
8330 2
9022 3
4392 1
832 2
9025 2
17218 1
8331 2
17227 1
844 2
17229 3
9040 1
17233 2
850 1
851 0
852 2
17237 2
17239 1
856 0
858 1
4239 0
9052 1
861 2
933 1
17247 2
868 3
17255 0
873 1
874 3
876 3
9070 2
879 2
17265 2
882 0
9075 2
884 1
885 1
17271 2
888 2
889 0
9082 2
17275 0
892 2
894 2
8730 2
9090 1
17283 0
18579 2
8342 2
9095 2
8343 1
11074 2
910 1
9103 2
17296 3
17297 0
17300 1
920 2
9113 0
923 1
9116 1
17310 1
17311 2
17313 2
16539 0
9125 2
17318 2
17321 2
11196 0
17324 2
9136 2
9137 2
9138 0
9139 2
16542 0
952 1
17339 1
17340 0
17341 0
960 2
4256 2
9156 1
9158 3
16545 2
17353 1
17354 3
305 2
17360 2
17361 3
12451 1
17366 0
17367 1
17368 1
9177 1
9178 1
987 1
13818 3
17379 2
17381 2
17386 0
17388 2
17389 3
17391 0
9201 0
1010 1
17395 2
9209 1
1018 1
1020 0
17406 2
1023 2
15037 1
9218 2
9219 1
1028 1
17416 1
17417 1
1035 2
1671 1
17421 1
9230 0
173 2
1045 1
17430 2
18174 2
13828 1
17435 3
17436 3
9245 2
1054 2
9250 2
17445 2
4273 0
9256 1
1065 2
1067 2
16562 2
9262 2
1071 1
9264 1
17458 2
179 3
9268 1
1077 2
9270 2
1079 2
9274 2
17469 0
9278 1
10129 2
17474 2
17477 1
15201 3
17480 2
1098 2
9292 1
1101 1
17487 2
17488 2
9297 0
17494 2
17495 1
9304 2
17498 1
9307 2
9308 1
9310 0
9311 2
17504 2
17506 2
17509 2
9318 0
1127 1
9320 2
4573 1
2991 2
9326 0
17520 1
17521 2
17522 0
1145 3
9338 2
17532 2
17533 3
1150 2
1151 1
17536 2
17537 0
9346 2
9347 1
9349 2
17542 1
9351 3
17544 2
12610 0
1163 2
1166 2
17551 2
17553 2
17556 2
17557 3
1174 2
10127 1
1177 2
9372 1
1181 3
16581 1
9376 0
9378 2
9379 1
1189 2
17574 1
1191 3
17576 1
9386 2
199 1
17581 1
9390 1
1200 0
200 0
9396 1
9397 2
1206 2
17592 3
17593 2
9405 2
9407 0
1218 2
9411 2
17605 1
9414 0
17609 1
17610 2
9421 2
3587 1
9427 2
9429 1
15225 1
1242 3
427 2
17628 2
17632 1
1251 1
9446 1
860 3
17641 1
17642 1
17959 2
18591 1
16594 2
1262 2
1264 3
17649 1
17650 1
9459 2
9460 2
9461 2
9462 2
9463 2
1272 3
1273 2
17659 2
17660 2
1277 1
9470 2
17663 1
1281 0
17666 2
5675 1
9477 2
1286 2
9480 2
1289 3
9483 3
17680 0
9492 2
9493 1
9494 1
17687 1
17688 0
17689 2
17690 1
17691 2
17692 3
13137 2
17695 2
9505 2
9507 0
1317 3
17703 2
1321 2
17707 2
1324 2
9518 2
8413 2
17712 1
1329 3
17714 3
1331 1
12510 1
1335 2
1337 0
1338 1
1339 3
9532 3
17725 0
17726 2
1589 3
17729 1
9540 2
5686 2
1351 2
17737 2
1354 1
13879 2
17740 3
9549 2
1359 1
17744 1
1362 0
9555 1
1364 3
17749 1
17751 2
4324 2
1370 2
17756 0
17757 1
1374 2
229 3
1377 2
17762 2
9787 3
1380 0
17767 1
9578 1
9579 2
9580 1
9583 2
9584 0
17777 0
1395 1
1396 2
9592 1
1401 2
9597 2
5192 3
1407 2
1408 0
9601 2
1410 2
17797 3
9606 1
17800 2
17801 2
9610 2
9611 2
1420 0
9615 2
1425 2
9618 0
9619 0
17813 1
9624 1
17820 0
1437 3
4685 0
17989 1
1441 1
9634 1
17828 3
17830 3
9639 2
16415 2
9642 0
17779 2
9645 2
1454 2
15261 2
9650 2
1460 3
17846 0
9656 1
9657 0
9659 1
17852 2
9662 2
3595 0
1473 1
1474 2
6859 1
9669 2
9673 1
1482 1
1483 2
9676 2
17997 3
1488 1
9684 1
9685 2
249 2
9690 2
9691 3
1500 3
9694 0
17887 2
17896 1
9711 0
15273 0
9722 2
17917 1
9726 2
8780 1
1538 2
17924 0
1542 2
9735 0
1545 2
1548 2
17934 2
16964 2
17937 2
17941 1
1558 3
17944 1
1561 2
9754 2
1563 3
17948 2
18010 0
1567 2
16419 1
1416 3
1575 1
1576 1
9770 1
263 2
17964 0
1583 2
12055 2
12840 1
17971 2
17973 2
1591 1
9784 2
9786 0
17979 2
1596 2
17981 1
9792 2
17985 2
1605 0
1606 1
1608 1
1610 1
17995 2
17996 1
8237 2
1615 2
1616 0
18001 2
1619 2
9812 0
9814 0
7097 2
18008 1
9817 2
1626 2
12559 1
338 1
1630 1
1634 2
16694 1
9829 2
9830 2
18024 3
9833 2
9834 3
18028 1
720 3
9838 1
9839 0
18032 0
18033 0
1652 2
1653 2
18038 2
1655 2
1660 1
1661 1
9854 1
18048 2
18050 3
18055 2
18056 0
1673 2
1674 2
1677 0
18062 2
18066 1
18067 0
18030 2
9878 3
1687 2
1693 2
9886 0
9887 3
1697 0
18082 0
1699 1
1700 2
1701 2
1702 2
5745 2
18088 2
9897 1
18091 2
1711 2
1713 0
18100 1
1717 2
1718 2
9911 2
1721 2
287 2
1725 2
1726 2
1727 0
5513 2
16672 0
1732 2
8241 2
16673 1
9928 1
18121 1
1738 2
18039 1
18126 0
9936 1
9940 2
18133 2
1750 1
1751 2
11215 1
14578 1
18141 0
18142 1
18143 1
18144 2
15312 3
18146 0
11141 0
18148 0
1765 1
18150 2
1767 2
9852 0
18155 1
18156 1
1773 1
18161 1
1779 0
18164 1
1662 2
5122 2
18167 1
18169 1
13951 3
18173 2
1790 2
1703 1
18181 1
17245 1
1800 0
18186 2
9995 2
1666 2
3601 3
9999 2
1808 2
10001 0
18194 3
1815 2
10009 0
18202 1
18203 2
5904 2
18207 2
16688 2
10018 0
10019 3
18212 1
18214 2
10023 3
16155 1
18218 2
1835 1
18222 0
10032 1
18225 2
10038 2
10039 2
1848 3
18233 2
1850 2
1852 1
18237 1
10046 2
10047 1
5195 2
1858 1
10053 1
1862 3
10055 2
10056 2
10057 0
1867 1
1868 3
18254 2
1872 0
10066 3
18260 1
1878 0
10071 1
18264 1
18272 0
10081 3
18274 3
18275 1
18277 0
10086 2
18279 1
10088 1
10089 2
10090 0
3047 0
1901 3
10095 2
1904 2
18290 0
10099 2
10100 2
1913 2
1918 2
1685 2
1921 2
18306 2
1923 2
1924 2
18309 1
1926 3
1927 3
18312 1
7148 0
18315 3
1932 0
10125 1
10126 3
18319 0
1937 1
9352 1
1944 0
10137 2
1947 1
16522 1
1949 2
18334 1
14743 2
2520 2
1959 2
1961 2
10154 0
1964 2
1965 2
9885 1
18353 0
1970 0
611 1
10164 2
15616 0
12617 2
1978 0
1979 1
1980 0
18366 2
18367 0
10176 1
9768 2
14525 1
18081 2
1992 2
3063 0
10189 1
18384 2
18385 1
18083 1
10196 1
16718 1
2006 1
9892 0
18397 1
18748 2
18401 1
18404 2
2025 1
10218 2
18411 3
18413 3
18414 3
6942 1
18419 1
18420 2
18421 3
18089 1
10233 1
18426 1
2043 1
18434 3
9899 1
16726 0
10248 2
13996 1
11266 3
18446 2
10256 0
8536 1
2067 2
2072 2
11268 2
18459 2
2076 2
10270 3
18464 0
2083 2
10276 2
18469 2
2086 0
10281 2
10282 2
2091 2
4434 1
2094 1
11907 2
2098 2
18483 2
10292 3
2101 1
10294 1
10295 0
10296 1
10298 2
18491 0
2109 0
10306 1
3083 1
2116 2
10309 3
2118 1
10311 2
10312 2
2121 0
10316 2
10317 1
2128 1
10322 0
10324 1
10327 1
18521 0
2138 2
10332 1
10335 2
10337 2
10338 2
10340 3
18534 2
2151 0
10344 1
10345 2
12647 1
18541 0
2158 1
10351 2
12648 2
2164 2
17530 1
10358 2
4457 2
2170 1
18111 1
10365 2
10366 2
7189 2
2176 2
10369 2
2179 2
18567 3
2184 3
10377 2
10379 2
2188 2
2189 0
2195 1
8802 1
2199 2
10392 2
2201 2
10394 0
18589 1
2207 1
10401 2
18594 2
2211 0
18596 1
10407 2
2218 1
10412 2
18605 2
10416 1
10417 3
2227 2
18614 2
18615 1
18618 2
10427 1
18620 2
2237 3
2239 2
18626 3
10435 2
13381 0
2245 1
18630 0
18631 0
10440 2
10441 2
18634 1
18635 1
9895 2
2254 2
18640 1
16760 0
18642 2
2260 2
2262 0
2264 2
18649 0
2268 2
18653 1
10463 2
10464 1
18659 1
7206 2
2278 2
10471 1
10475 1
10476 3
2287 2
10485 1
10488 2
16767 3
12079 3
18690 1
18692 2
2309 2
18694 2
2311 0
18696 3
10505 2
18698 0
10507 2
1600 2
2323 0
18708 2
10517 1
10518 2
2327 1
2329 2
18714 1
10523 2
14042 2
18724 0
10533 2
10534 2
18727 3
10537 2
2346 0
18732 2
18734 2
5853 2
2353 1
2356 2
2357 2
10552 0
2362 2
2364 2
18750 1
2368 1
16437 1
2371 2
10564 2
10565 2
4989 0
18760 3
2377 0
2380 1
5858 2
10574 2
10575 1
10576 2
2385 2
18771 2
2388 2
10583 2
18776 3
10589 2
2398 1
18149 1
18784 1
10594 2
2403 1
18788 1
18790 0
18792 2
10602 2
1444 2
10606 1
10607 1
10609 0
18084 0
15629 1
18805 3
2422 1
1769 2
2424 3
18811 1
18812 2
18814 2
2433 1
1771 1
10628 2
18821 2
2438 2
2440 2
2441 2
10634 1
18828 1
11811 2
2450 2
18835 0
2452 2
18839 2
10648 2
16794 3
10658 2
10660 2
18853 2
2470 2
1446 2
2472 2
15358 2
2475 1
10668 2
18861 2
2479 0
2482 2
2483 1
10679 2
17268 1
2491 0
9903 1
17541 1
16800 3
2498 2
2500 2
2501 1
2503 0
10696 2
2505 3
10702 2
10704 2
2513 1
10706 1
2517 0
10711 2
10712 2
10714 1
10715 1
2527 1
10723 2
2534 1
10729 1
2539 2
10734 1
9981 2
2544 0
8616 2
2546 2
903 0
10741 1
10743 1
2552 1
2555 1
2558 1
10754 2
2563 2
10757 2
2566 3
10759 3
10761 0
2571 1
4525 1
10771 1
2580 2
10773 1
10774 1
2583 3
2586 1
2587 1
10783 3
10784 0
10785 2
9088 3
359 3
2599 2
2600 2
2606 3
7179 3
2609 0
10802 0
2615 2
10809 1
10811 2
10812 1
10813 0
10814 1
10815 2
12908 0
13329 2
2627 2
10820 3
4534 1
10822 1
2631 1
10825 0
4535 3
10828 1
10831 2
2640 2
2641 1
10835 0
2645 1
10838 1
10839 0
5903 2
10845 2
2654 2
2655 2
2657 0
2659 1
10852 2
10853 2
1809 2
2665 1
10858 1
15910 1
2669 1
10864 2
10865 1
2677 2
5203 2
10873 0
10877 0
10881 2
10882 0
10884 0
14104 1
10898 0
14257 1
18201 1
4225 2
10906 2
2715 2
2716 1
2718 2
10911 2
10913 3
2725 2
2729 1
10924 1
10925 1
2735 1
2738 3
2739 2
14003 2
2747 2
2748 3
2751 0
2753 2
2754 2
2755 0
2756 2
2758 2
14113 3
12748 2
2762 2
11383 1
2764 3
461 2
2769 0
2772 2
462 3
2775 1
2778 2
2779 2
10973 2
10974 3
2784 0
2785 2
2786 0
911 2
2791 2
2792 2
2794 3
2795 0
10991 1
2800 2
2801 2
2804 2
454 2
13112 1
16852 1
11002 3
11004 2
10026 2
11015 2
2825 2
2826 2
10548 1
8665 2
11034 2
2844 0
11038 2
2847 1
11041 2
17280 1
2851 1
11045 2
2854 1
1841 2
2856 2
2857 1
2859 1
11052 0
7733 3
11055 2
2864 2
4187 3
11059 0
2868 1
11065 2
2874 0
2880 2
2882 2
2883 0
2884 0
2885 2
11078 2
481 1
11080 2
11081 1
11082 2
2891 2
11086 1
18232 2
2898 2
2899 2
2903 2
2909 1
2910 1
2911 2
2915 2
11109 2
11111 3
2921 2
11115 2
2926 1
2928 1
17308 2
2930 0
2931 2
11124 2
11128 2
11131 1
11132 2
2944 2
2946 2
3222 1
2951 2
11144 1
11145 2
2958 2
11152 2
2963 3
2973 2
11168 0
2977 0
2980 0
18246 2
11174 0
2983 2
2984 2
18247 2
2988 0
11183 2
2992 2
1864 1
2995 2
11191 2
3000 2
11193 0
11194 2
3003 1
3004 0
3008 0
3011 2
3014 0
3016 1
3020 3
14157 2
8696 2
11220 1
3030 1
4601 1
3033 0
3034 2
3037 0
11236 1
11238 2
11239 2
3048 3
3049 2
3052 1
11245 3
9453 3
3056 2
3058 1
11254 2
11433 2
11258 3
7549 2
3070 2
11263 3
3072 0
3074 1
11267 2
3076 2
11273 3
6922 1
14167 0
1880 1
17942 0
3094 2
12651 0
3100 0
11293 2
3102 2
11295 2
3104 0
3105 1
3110 2
3114 3
11307 2
3119 2
11312 2
12379 1
11315 0
4617 2
3128 3
3129 3
11327 2
16744 2
3141 2
11334 2
11335 2
11336 2
11337 3
11340 2
3149 3
11343 2
3152 3
11346 2
10083 2
3156 0
11350 1
11356 2
18079 2
14181 1
11364 1
11365 1
11367 0
3177 3
530 2
3182 3
11453 2
3185 0
11379 3
8835 1
3191 2
11386 0
3195 2
11388 1
18282 1
8725 1
1899 0
11398 2
3207 2
11403 2
3215 2
11408 2
12839 0
11411 2
3220 1
5998 3
11414 1
11416 2
11417 2
11421 2
9382 1
11425 2
11428 3
11430 0
11431 2
3240 2
4636 0
7367 2
3245 1
11438 2
16925 2
3250 2
11444 2
3253 1
11446 1
3256 3
11450 2
16927 1
11452 2
3261 1
4483 0
11457 2
11458 2
3268 2
11461 1
3270 1
545 2
12384 1
546 1
11471 2
3280 2
11476 0
10105 0
11487 0
3298 1
17207 3
11495 3
11496 3
3307 1
11504 3
3313 2
3314 3
3315 2
11508 2
3319 1
3320 2
11513 3
3323 2
3324 2
3325 0
3327 0
3330 1
555 2
3332 1
3333 1
3334 1
11528 1
11529 2
11531 1
11532 2
3342 1
3344 1
3350 2
11543 2
3354 2
3358 0
11553 2
18310 3
11558 3
11561 2
17262 0
12850 2
3375 2
11570 3
3380 1
11573 2
3386 3
3387 1
3389 2
16949 0
11584 3
3396 0
566 3
3400 0
3406 1
11599 1
3410 2
3414 0
3416 0
11609 2
14223 2
3421 1
3422 1
3424 3
11621 0
3430 3
3431 1
3434 1
3303 1
3436 1
3437 0
12861 2
11634 2
14227 1
3446 2
11640 2
3449 2
575 1
3453 2
11654 0
16961 3
3468 0
12866 2
11664 1
3476 2
11672 2
11673 1
12391 1
3485 1
11682 2
11684 2
11686 0
583 1
3500 2
15602 2
3502 2
3503 2
3504 2
11701 2
12873 1
3516 3
11709 1
11712 2
3521 2
11716 1
3526 2
16972 1
11724 2
3535 3
11512 2
11732 0
11733 3
11734 1
12393 1
11738 1
16485 0
11744 2
17849 2
15611 3
3557 2
8785 0
18122 1
3564 3
3566 1
11760 2
11761 1
3571 2
3572 1
11766 0
8788 2
3579 1
11773 2
3583 2
3585 2
392 1
6059 1
3588 0
18348 1
11786 1
11787 1
11789 2
12888 2
3602 0
14254 2
11800 2
3611 3
3619 2
3621 2
10161 3
11817 0
3630 2
11823 1
3633 1
18355 3
11828 1
3638 2
11831 1
11832 1
11833 1
3644 1
11839 3
1758 3
11841 2
11842 0
11844 2
3653 2
3655 1
3658 2
7214 2
3660 3
3661 2
3663 0
3666 0
3667 2
6073 2
3674 2
6074 1
16997 2
11874 1
18363 1
11877 2
3688 1
3690 2
11884 2
11886 2
11887 2
3699 1
3702 2
4713 0
3706 2
10175 0
11901 1
11902 2
3712 2
11905 3
11906 1
12907 0
223 2
3717 2
3719 2
11912 2
11913 1
3727 2
11920 0
3730 2
11923 3
622 0
3734 2
1761 0
3740 0
3744 1
11941 2
3752 3
3754 2
7453 1
11952 2
18376 2
3762 1
3763 2
3768 0
3769 2
3770 2
3774 3
3777 2
3779 1
3782 2
3784 2
3785 3
3790 2
3792 0
3798 2
672 0
3805 2
11998 2
11999 2
3810 2
3811 2
3366 0
12006 0
12011 3
12013 2
9129 2
3369 2
3832 1
3834 2
12032 2
3841 2
14294 0
11565 1
17538 1
643 2
10201 1
12062 2
16938 0
12065 0
3876 2
3879 2
3880 0
12074 2
3378 1
3887 2
3889 2
12084 1
14302 2
17033 2
12089 1
10207 2
3901 0
12094 2
3903 2
12097 1
12098 1
12100 2
12101 1
12103 3
12109 2
12110 2
17037 2
12112 2
12113 2
6115 3
12123 0
12126 2
12127 2
12128 1
12130 2
11579 2
3950 0
12134 2
657 3
12136 2
12139 2
658 0
12142 2
12144 1
12145 1
3958 2
12154 0
6122 2
12158 2
3968 3
3973 1
3974 3
12171 2
12173 0
12175 2
3985 2
16666 1
3989 2
12184 2
12188 2
3997 2
3999 0
14320 2
12196 3
12197 3
4006 2
15084 3
4011 2
12204 0
12206 1
12209 2
12210 2
2035 2
12212 1
12958 0
4024 1
12218 2
8863 3
12223 1
12224 3
12225 2
4037 3
12230 1
4039 2
12232 2
4043 2
674 0
12243 2
14865 0
12250 2
12251 2
4060 1
12253 0
4063 2
4064 3
12257 0
12259 2
12260 1
15697 0
4079 0
4081 1
4087 0
2591 0
4090 1
12284 0
12285 0
12286 1
12288 0
4097 0
4098 1
17067 1
12292 2
18358 3
4107 2
12300 2
4109 2
8877 1
11608 2
4115 0
12308 2
4119 2
12313 2
12314 2
4124 2
12319 2
12324 2
12325 0
17050 1
17073 2
15708 2
12330 1
12331 2
4140 0
11613 1
4144 0
12341 3
12342 2
4151 2
4152 2
4153 2
12346 0
17077 3
12351 2
12355 1
9269 2
4173 2
10253 2
10254 2
12377 2
6159 2
15717 0
4192 2
12387 2
12390 2
4199 0
4200 3
4777 1
12395 3
4204 0
4206 3
4209 3
4210 3
4212 0
12406 2
6687 2
4221 2
4222 2
12417 2
12425 1
12427 2
4238 0
12431 3
12433 2
12995 1
4245 2
1392 1
4248 0
4249 1
4250 1
4251 2
14362 1
4255 0
12448 1
2075 0
17094 1
4262 2
4263 2
9605 1
12457 2
12459 1
17759 1
4270 0
6173 0
12464 0
12465 1
12466 1
12963 1
12470 2
17097 2
12472 1
12473 1
8906 2
961 1
11638 2
12486 2
6177 1
4296 0
4297 0
4299 3
12492 2
4301 1
4302 1
4813 1
12496 1
6179 0
12502 2
12506 1
4815 2
12509 2
4318 2
12511 0
4320 2
12513 2
12514 0
4323 2
12516 3
4325 2
12521 2
4335 2
4337 2
12532 2
4342 2
12539 2
12541 1
4354 2
12548 0
13014 2
4359 2
6188 2
12554 3
12558 0
1120 3
4369 2
4370 1
12563 2
4374 2
13017 1
12571 1
4380 2
4381 1
4383 2
4384 2
4385 1
12578 0
4391 2
12584 2
12591 1
12595 2
4405 2
12598 1
12601 0
4411 3
4413 3
13786 0
5057 3
12611 2
4422 2
17121 2
12616 0
14323 2
18487 2
12626 2
13027 0
7566 2
4438 3
12632 1
12635 0
12636 0
12638 2
12639 0
4448 1
12641 0
4450 1
4452 3
7569 2
4456 3
12649 1
4458 2
1785 2
12652 2
4462 2
12657 2
4466 2
4467 0
12660 2
12662 1
4471 1
12664 1
12666 0
4477 0
12671 0
4480 1
8939 2
4484 1
4485 2
12681 0
4491 1
11779 0
12686 2
13037 1
4496 1
4497 0
4498 2
12692 2
12695 3
4504 2
10308 0
12698 2
17135 2
12700 1
4511 1
16517 1
4514 2
4518 1
12711 2
12712 3
11880 1
12717 1
4526 2
4528 2
4529 2
4532 1
12726 0
12727 1
4536 0
4537 2
12730 1
12731 0
12732 1
12741 1
4550 0
4553 2
16888 1
2061 3
12750 2
4559 3
8952 2
8608 1
12757 2
4566 2
3492 0
4571 0
12765 2
4574 3
7589 0
4577 2
17147 0
4581 1
12775 0
15783 2
12782 0
4593 2
12790 0
15156 3
4600 1
2132 0
17151 2
4605 2
6850 1
4608 0
4609 1
4610 1
4611 2
12809 1
4621 2
12815 3
4626 2
8963 2
12820 2
4632 2
12826 2
12828 0
7123 2
11696 2
12157 3
4648 1
17159 3
12844 3
4654 1
12847 2
4656 1
776 3
4658 2
4659 2
12852 2
4662 0
12856 2
4666 0
4669 2
12862 2
4671 0
4674 1
12868 2
12869 2
12870 1
6241 1
12872 2
780 2
12874 1
4683 0
12876 2
12877 2
4688 1
4693 2
4696 1
4703 3
17168 2
12898 1
4709 1
4710 1
12903 3
12905 3
12906 2
18535 1
4716 3
7522 2
4724 2
4726 1
12919 1
4729 2
12923 3
4733 2
4734 2
12929 0
12931 0
12932 1
4741 1
11713 2
4744 1
4752 1
4753 2
4755 1
4763 2
17178 2
4766 1
4768 2
4771 2
4772 0
4773 2
17180 2
12971 1
17181 2
4786 3
4789 3
4793 1
12986 2
4795 3
17184 1
4803 3
4805 1
4807 1
13000 2
4809 2
4811 3
13004 2
13005 1
4814 2
13007 1
4816 1
13009 2
13010 0
17187 2
4822 0
4824 2
4825 2
4827 1
4831 1
10363 0
13028 0
13029 3
4838 0
4839 0
13032 1
4845 2
13041 2
13043 2
13045 1
4855 2
4856 1
13053 0
4863 1
4864 3
6272 3
4866 0
13060 0
4869 1
162 2
13064 3
4873 3
7639 2
4876 3
4878 0
4881 1
13074 0
13084 2
4893 1
4894 0
4897 2
4898 2
13091 2
4900 0
4901 0
4902 0
4906 3
2183 2
4908 1
13101 3
4913 3
13107 0
4918 2
4920 0
14474 3
13119 0
4929 0
4930 2
13123 2
13129 2
13131 2
13133 2
4942 0
13135 2
13136 2
4945 3
7651 2
4948 2
4956 0
13150 3
13153 2
4963 3
13156 0
13159 3
13160 1
4971 2
13165 1
829 1
13168 2
4979 1
13173 2
11077 1
6167 1
4985 1
4986 2
13181 1
10389 0
13184 1
4993 2
4994 1
4997 2
4998 3
17217 2
13195 0
13200 0
2200 1
13202 1
13204 2
13207 1
13208 2
13209 2
13210 2
13211 3
5020 2
5021 2
5024 2
14327 2
13220 2
13221 3
5030 2
13229 2
5044 2
13240 2
2623 0
5051 3
13245 2
5054 1
13249 3
5063 2
5064 2
13257 2
13259 2
13262 2
13263 3
5072 3
15864 0
13266 1
13267 2
1834 0
13275 2
13276 2
10563 2
5088 1
5090 3
13283 2
13285 2
13286 3
5095 2
5098 0
13293 1
5102 2
13295 1
13297 0
13301 2
5110 1
5111 3
13304 2
5113 2
13307 1
13310 1
9045 2
5121 2
13314 0
5123 2
5124 2
13317 0
13320 2
18604 2
13323 2
4808 1
13326 3
5137 1
5138 0
13331 2
13332 2
5141 0
13334 0
444 2
13340 2
17242 2
5150 0
13346 2
5156 0
13352 0
13353 0
13356 2
16266 2
5167 1
13360 2
13363 2
13364 3
5173 2
5179 0
13373 2
13374 2
5185 0
5186 0
5187 0
13380 2
10422 2
13384 2
13385 1
2231 2
5196 2
5197 3
5198 2
7693 2
5200 0
5201 1
13394 0
13395 2
18529 0
17252 2
5210 3
5211 2
2234 2
5214 2
13413 2
13414 2
5223 3
5225 3
5229 2
5231 2
13424 2
13428 3
9065 2
5244 0
13437 1
5246 0
5247 2
5249 2
5251 2
17260 2
5264 3
5265 2
13458 0
4267 1
13464 3
9450 3
13466 1
5278 3
18629 2
5283 2
5285 2
15900 2
12724 1
5293 2
18632 2
10542 2
8087 0
5301 0
13494 3
13496 2
13497 1
13499 1
14538 2
13504 2
5314 1
5318 0
13512 1
5321 3
5322 2
13520 2
5331 3
5332 2
13526 1
17657 0
5339 1
5340 2
5345 2
17539 3
5347 2
5348 3
13541 2
13542 0
5352 1
13545 3
13547 2
13549 2
13551 2
13552 2
5362 2
13555 3
17069 3
5372 2
13565 2
5374 1
14549 2
13568 3
13569 2
5378 2
5379 1
13572 2
5381 2
13575 0
13578 2
5387 2
13580 2
5389 2
10456 1
13586 0
13588 2
5399 3
9092 0
13596 2
10000 0
5407 1
13602 2
13603 0
5412 1
13605 2
13607 2
13608 2
13610 1
5419 2
13612 2
13613 0
5422 2
13616 2
11827 0
13621 2
5433 0
13626 3
5436 3
5437 2
13631 2
5440 0
5441 2
17291 2
13638 2
13640 1
13641 2
14562 1
13647 2
10467 2
5461 2
13654 3
5463 1
13659 1
800 2
17276 0
912 3
5476 0
18662 2
5478 0
13671 1
13672 2
5481 0
13674 0
13676 0
13681 3
5490 1
5497 2
5499 2
13695 2
13696 2
5506 2
13699 0
13702 2
3649 2
2284 2
13710 2
13713 2
13717 2
5526 0
921 2
13720 2
16745 0
13727 1
5538 0
5539 1
13732 2
5541 2
13734 1
13737 2
5548 2
5549 3
13742 2
5553 2
13746 0
5556 1
13750 2
13753 1
13754 2
13756 2
13758 0
5567 2
5568 3
5572 3
15734 2
5574 2
5576 1
13769 0
5579 2
5580 1
5581 2
5583 2
13777 3
5588 3
5589 3
13782 2
5592 3
5594 2
13787 2
13789 3
13791 2
1823 2
5606 0
5608 1
5612 2
5613 1
12462 2
13808 2
5619 1
5620 0
5622 0
13815 0
13816 2
5626 3
5630 2
13823 1
17100 0
15958 3
5639 2
5641 0
13834 2
3671 2
13836 2
10498 2
5646 2
5648 1
7242 0
13844 3
5654 2
5655 2
5658 3
13851 0
5664 2
13282 2
10502 2
5673 3
5674 1
13867 2
17330 3
13871 1
13873 2
13878 1
5687 2
14374 0
13884 2
2099 2
2315 2
13892 3
13893 1
13901 2
5714 0
10556 0
13912 1
13915 3
10264 0
13919 3
5736 2
13937 1
6419 2
13943 2
2324 2
5758 2
18709 3
5765 2
13959 1
5771 1
8549 0
13965 0
15981 0
5776 2
5777 2
5780 1
5781 0
18713 1
5785 2
13978 2
5787 0
13981 3
2331 3
5798 2
5800 1
13995 2
5804 1
5805 2
10525 0
5809 2
5810 0
5811 2
5814 2
5823 2
5067 2
5831 0
3703 2
5838 2
14031 0
5843 2
14036 1
5845 0
5847 0
2236 2
5850 2
5851 3
14045 0
18725 1
14050 1
5860 2
4014 2
2343 1
5868 2
5878 0
5879 2
5886 2
14084 1
5894 0
3713 2
10562 1
3714 3
14095 2
14096 1
9176 2
5907 2
16220 2
2350 2
14103 1
5912 2
18746 2
5921 1
5922 0
5923 3
5925 2
14120 2
14121 3
5930 2
14123 1
14127 2
14128 2
5937 0
14130 1
14132 3
14133 2
5943 0
5945 2
14138 1
14139 1
5948 2
14142 3
14144 2
5953 2
14147 2
5957 1
5960 3
6455 1
5965 2
3472 2
5091 2
14166 2
5975 3
14168 1
11919 3
5980 3
10554 2
5982 2
5987 1
14180 1
5989 2
14185 1
14187 0
7826 3
14190 2
14191 2
14194 2
6004 0
14199 1
6011 2
6012 0
6013 2
14209 0
6018 1
6019 1
14212 2
6021 2
6022 2
14215 0
14216 2
14221 0
13567 3
14226 2
18755 3
14232 2
6044 3
6045 1
14239 0
6053 1
1009 1
6057 2
14251 0
6060 0
6062 3
6065 2
6067 2
7567 2
6071 2
14264 2
14265 2
14266 0
14268 2
5109 1
14273 1
14274 2
13302 1
14278 2
14280 0
14282 1
13303 2
16680 1
14285 0
6094 2
2381 2
6100 2
6102 2
1017 1
6104 2
6107 2
6108 2
9210 1
16843 3
6114 3
14307 2
6116 0
6119 1
17404 1
14314 2
14316 2
6128 2
14321 2
14322 2
10579 2
6132 2
6135 2
6136 2
8115 2
14331 2
6140 2
6141 2
6146 3
6152 3
14345 3
6154 2
14347 2
14349 1
6158 2
14351 3
6161 1
14355 2
6164 2
14357 2
14359 1
14360 1
6170 3
14364 1
14365 3
6174 2
14369 2
14371 1
6181 0
6182 0
14376 2
6185 2
14380 0
14382 2
14385 1
14386 2
6196 2
2387 2
6200 1
6201 2
14394 2
6203 2
9481 2
6206 2
10592 2
1372 1
14408 2
14409 2
6220 1
6221 1
6222 0
14418 0
14420 2
6229 1
14422 3
6231 2
6232 2
14425 2
6235 2
7866 2
14430 3
14431 1
14433 2
2406 1
14439 2
6248 2
6250 2
6251 2
14444 2
16061 1
14449 2
6260 1
14455 0
6265 3
6266 2
6267 2
6270 2
14464 3
14467 1
14468 3
5562 1
6282 2
6286 3
14489 1
14491 1
14494 0
14496 0
14498 2
14501 0
18801 2
14504 2
5148 2
6316 2
14509 2
14510 2
14512 1
14513 2
13342 2
10612 2
6331 2
6332 2
6333 1
14529 0
6340 2
14533 2
14534 1
6346 2
2939 2
6348 3
6349 2
6350 2
7885 3
14544 2
14546 0
6355 3
6356 1
6357 2
6359 2
6360 3
6363 2
14561 3
6370 2
2427 2
14569 0
14572 0
6381 1
14576 0
6386 1
6388 3
2430 2
6391 3
6393 2
6396 0
6398 3
14592 2
14595 1
6405 1
14604 2
6414 2
14611 1
13358 1
6424 0
14617 2
6426 1
17455 0
6428 1
6429 1
14622 2
2437 1
14625 2
6436 1
6438 0
14631 2
14632 2
6443 2
6445 1
6446 2
6448 1
11445 1
14642 2
6451 2
14647 2
14651 2
6462 0
14655 3
6467 2
6468 1
14662 2
14666 2
6475 0
16098 0
6488 2
14681 2
14682 2
7909 2
6497 0
14690 2
6506 2
16104 0
5182 0
6522 2
14715 2
14717 1
17472 0
14724 2
14725 0
14730 1
14731 2
3821 2
14736 2
14737 2
14738 3
14745 3
6553 0
6863 0
14750 2
14751 2
1855 2
14761 1
14766 1
9228 2
12494 2
6577 1
4038 0
10573 1
14779 2
9290 3
14782 2
6593 2
13387 1
6600 0
14793 1
6605 0
6606 2
6608 2
14801 1
14803 2
14804 2
14805 2
14808 2
6619 2
6427 2
14816 1
14817 2
14821 2
7461 1
6631 2
6876 2
7933 2
6642 3
6643 3
6646 1
14841 2
16861 1
7935 2
6652 3
6658 1
14852 1
3263 2
6662 2
17407 2
6664 2
6667 0
14860 2
17496 3
14868 2
14869 1
14870 3
6679 2
14872 2
6681 3
14874 2
14875 2
14876 2
14878 2
12037 2
14881 1
14882 2
17499 2
6692 2
14886 1
6697 2
6702 1
6703 1
6704 1
16136 1
14899 1
6708 1
6709 0
14902 2
14903 2
6712 2
14908 1
9312 2
14914 2
6723 1
14916 0
6726 2
14921 1
6734 3
6736 0
2952 2
14932 2
14935 2
6747 2
14941 1
14942 3
14945 1
6754 0
14947 1
14950 2
14951 2
14952 1
17512 1
10591 2
14964 0
14966 0
6776 2
6778 1
14972 2
1130 2
6784 3
2496 1
1027 0
6787 0
6788 1
14981 1
14982 3
6794 2
14987 3
6798 1
6801 1
6802 3
6803 1
14996 2
6806 0
6809 0
15002 0
15004 2
6813 1
7963 2
15020 0
15021 2
4319 0
6833 1
6834 0
6835 1
6836 1
6838 1
6841 2
15034 2
15035 3
6845 0
15038 2
15039 2
6849 0
15042 2
6851 1
14140 2
15051 2
6860 1
15053 2
15055 2
6869 1
18505 2
6871 0
15067 2
15068 2
15069 2
15070 2
7594 3
6881 2
15074 0
9593 2
6886 2
15079 3
14414 2
15085 2
6896 1
6898 1
6899 1
15093 3
6902 0
15095 1
15096 3
6612 2
8993 0
6907 2
6908 2
15101 1
15102 1
10709 2
15105 1
15106 1
4137 2
15109 1
6918 2
15114 2
6923 0
15116 2
15117 2
15119 0
15120 0
6929 2
15122 2
15123 1
15124 3
6933 3
6936 1
9266 3
6939 2
15134 1
15135 2
15136 1
6946 2
6947 3
15140 0
15141 1
15144 0
15145 0
16178 1
5720 2
6961 1
6962 2
15155 0
6964 1
15157 2
15160 1
6969 0
15162 1
15175 1
6989 1
15184 0
15188 0
15189 0
15190 0
15191 2
15192 0
7001 0
15194 2
7004 2
1597 1
7006 2
7008 2
7009 2
13457 0
15208 2
15209 1
7018 1
15212 3
15213 0
7023 1
15217 2
15220 2
1847 0
9364 2
15229 2
15230 2
7039 1
15233 2
15235 1
7050 1
7052 1
15245 2
7054 1
2417 1
7056 2
5272 0
15250 3
7059 2
15253 2
7062 0
7065 3
15258 1
7069 0
7070 2
7073 2
15266 1
3236 0
7076 1
1180 1
7087 1
7089 2
15282 2
16201 1
7096 2
15289 3
7098 2
11122 0
7102 2
7103 2
7104 0
7105 1
7194 2
15301 2
7110 2
7114 2
2551 0
15308 1
7118 1
7120 2
1187 2
15316 1
7129 2
7130 0
15323 2
7134 1
15329 2
7139 0
15333 2
7142 1
17575 1
15340 3
16210 3
7158 2
15351 1
15355 2
7164 2
7166 3
15363 2
15364 2
15251 3
7176 1
10059 2
15371 2
15374 0
15375 1
15376 3
15377 2
7186 3
15380 1
15381 2
15383 2
15384 0
15386 2
9392 0
3501 1
7209 2
15402 2
15403 1
15405 2
15406 2
7218 3
15413 2
15415 3
15417 2
7228 1
2150 2
7235 2
15428 2
15429 2
7238 2
15431 2
7240 3
15434 2
15435 1
7244 0
7246 2
15440 1
15448 2
7264 2
15457 2
15461 0
7271 1
15472 2
7282 2
15478 2
15482 1
15485 3
15490 1
15491 1
15494 3
15496 0
7306 2
15503 2
15504 0
7316 2
15509 1
15510 2
15522 1
7332 2
15525 2
7336 0
15529 0
15539 0
7349 2
15544 1
18707 1
9418 1
15550 0
15551 3
15552 1
15556 1
16612 1
15558 1
15559 3
17307 2
7372 2
15565 1
7374 3
2595 2
15574 0
7386 1
18795 0
7388 2
15582 0
7391 1
16251 2
15593 0
15594 3
7407 2
15600 2
7410 2
15603 1
7413 1
7415 2
7419 0
15614 0
7424 3
15617 2
7428 1
15627 1
8066 2
7440 2
15633 0
15636 2
15638 2
7447 2
7450 2
7452 2
15645 3
8069 2
15649 3
7460 2
4340 0
15654 2
7463 0
15657 2
7472 3
15665 1
15668 1
15669 1
15670 3
15671 0
7481 1
15674 2
15675 2
15676 0
15677 1
15678 2
15679 0
7489 2
7491 2
15684 0
7493 2
15687 1
7504 3
14904 2
15703 1
15704 0
15705 1
15706 1
15707 1
7516 2
15713 2
15714 1
7525 3
7526 3
15722 2
15723 0
7532 2
15726 1
15728 1
8980 1
7547 1
7548 2
15741 1
7552 2
1888 2
7563 2
7557 2
7558 0
14913 2
15752 1
7561 2
15755 0
15758 2
15759 3
15761 2
10819 2
15765 2
6724 2
15776 2
15777 2
7586 3
15781 1
9457 2
15786 0
15788 1
15791 2
15792 2
15794 1
15796 3
15798 1
17652 1
15802 3
15803 0
7612 1
15805 2
7615 2
7618 0
15813 0
15818 2
7627 0
5291 0
15821 1
7634 2
7638 1
9465 1
7640 3
7642 2
7645 0
15839 1
7649 2
11944 2
15845 2
7654 1
7657 2
7659 1
15852 2
15853 1
15855 1
2643 1
9257 0
7670 3
7672 3
15867 2
7676 0
7677 3
15871 1
15872 3
5376 2
7682 2
7683 2
15877 0
9473 1
7689 2
7692 2
9474 1
7694 1
7695 2
7894 2
15889 1
7699 2
16302 1
7703 3
5380 1
15898 2
7708 1
7709 3
7711 0
15908 1
7718 2
4017 2
7721 2
7723 2
7724 3
15919 0
7728 2
1288 2
15922 2
4019 1
6750 2
7734 2
17673 2
7736 3
7746 2
7747 2
7751 2
7753 3
13581 0
15954 1
1470 2
7766 1
15962 0
15963 2
7772 1
7775 0
5564 1
15973 2
7783 0
6759 2
7789 2
15982 2
15983 2
15984 0
7796 3
10857 0
17684 2
7802 0
7805 2
15999 1
16000 2
10080 2
16002 2
16003 2
7815 2
16008 0
7817 1
16011 1
18110 1
11990 1
16017 2
16018 1
7829 1
7832 3
9874 0
8717 2
7838 2
7839 2
16032 1
16033 3
7843 1
16037 1
16045 3
7854 2
16049 1
16050 3
16056 1
16058 0
9503 2
16060 2
7869 2
7870 3
10869 1
16064 2
7875 1
16068 2
16069 2
16072 0
16073 1
7884 2
5410 2
16081 2
7890 2
16084 0
7893 2
16086 0
16087 2
16088 1
7898 0
16091 2
7900 2
7902 0
16630 3
7906 2
16279 0
7910 3
7912 0
16106 2
16108 2
7917 2
16110 2
6770 2
16113 2
16115 2
16117 2
16120 1
12244 2
16122 1
16125 2
7934 2
16127 3
16130 0
1323 0
7944 2
7945 2
16138 2
7947 2
7949 2
16142 1
16143 2
7955 2
16151 1
16154 3
17711 1
4058 2
16158 3
7968 0
7970 1
16163 3
16167 0
10267 0
7984 3
7986 2
16179 3
16183 2
16186 2
16187 1
7997 2
7998 3
7999 2
8000 0
10632 1
16196 1
16197 0
8009 2
17719 1
16204 1
8014 2
16207 0
8018 3
16212 2
8022 0
13625 0
14838 1
8029 3
16224 2
16225 3
16226 0
9531 2
8166 2
16232 0
1340 2
8042 0
8044 1
16238 3
1341 2
16245 1
8054 2
8059 3
16253 2
8179 2
9543 2
16261 1
16263 2
3542 0
16265 1
8074 2
8075 2
8076 2
8079 0
16275 0
16277 2
16278 2
15001 1
542 2
13090 2
6810 1
8096 2
10908 0
16291 2
16292 0
16294 3
6812 1
17735 2
16300 3
16301 1
8110 2
8113 3
16307 0
17174 2
8121 0
16317 0
16325 0
12279 2
16332 2
16333 1
16334 1
17741 2
16336 3
16337 2
544 2
16344 2
16345 1
16348 2
8160 0
16356 0
16358 2
16359 1
8168 2
16361 2
8170 2
16364 0
18767 0
8189 2
16368 1
16369 0
5459 3
16372 1
8182 2
16376 2
16379 2
16380 0
16381 1
8190 2
1365 0
