8192 2
8193 0
16386 2
16388 2
8197 2
8198 2
16391 1
16394 1
16396 1
17567 3
16404 3
13148 2
8219 2
16412 0
29 0
16414 2
8223 0
8226 2
8227 2
16424 1
16425 0
16429 2
8238 0
48 1
8241 2
16438 3
16443 2
16445 2
16446 0
66 1
10095 2
16452 1
8261 2
16454 3
16455 2
16456 2
73 2
74 0
16459 2
16463 0
16464 1
81 0
82 3
8275 2
8276 1
8279 2
93 3
11239 2
16480 0
16484 1
106 1
8303 2
112 3
8305 0
8309 2
16502 0
119 1
8212 0
122 3
16509 1
16513 1
16516 1
16517 1
134 0
16519 0
16522 1
139 3
16524 1
8333 2
8335 0
144 2
15043 2
148 1
150 2
8343 1
8346 1
16544 3
8353 1
8355 0
164 0
16550 1
1393 2
8361 2
170 0
8363 1
173 2
16413 2
8368 1
177 1
16562 2
8371 2
180 3
185 2
186 2
16415 2
189 3
190 3
192 2
15051 2
16580 0
197 2
16583 2
16584 0
202 2
8396 0
206 3
16591 2
209 2
16594 2
16598 2
8407 2
216 1
218 3
8415 1
8418 2
9595 2
228 2
16614 0
16616 1
16618 2
236 0
8430 2
240 1
16626 2
244 3
8737 2
246 0
8439 2
16632 2
8441 2
8443 3
16636 2
254 0
8449 2
11131 1
13102 1
16644 2
261 2
16646 1
8455 0
8458 1
8459 2
8460 2
271 2
4919 1
16430 2
279 0
8473 2
16666 1
283 3
4101 3
8477 0
8478 0
8479 0
8480 1
8481 0
8484 3
8486 2
16433 2
296 0
16681 1
298 3
299 1
8494 0
16688 2
16689 1
8499 2
8501 0
310 2
16697 2
8506 1
16699 0
16700 2
16701 2
16702 3
319 2
320 3
326 1
328 0
16713 0
17841 1
8524 2
333 0
16719 2
16721 1
16724 2
16725 1
342 2
16728 1
8539 1
16732 1
349 1
350 0
8543 3
353 2
355 1
16740 0
359 3
8553 2
362 1
6887 1
366 2
8560 1
16753 2
8562 1
8564 2
62 2
376 2
16761 1
381 0
383 0
384 1
16773 2
15084 3
8586 0
16781 0
8593 0
8594 1
16791 2
410 2
411 2
16796 3
16799 1
8608 1
420 1
8613 2
16807 1
16808 1
16811 2
16812 2
8621 0
16814 2
16815 2
8625 2
8627 0
8630 2
440 1
8635 2
444 2
16829 1
446 2
8644 2
16837 1
454 2
455 1
16841 2
16846 1
8655 2
16848 2
16851 2
16852 1
16854 2
16856 2
16857 1
476 2
16861 1
478 1
16865 0
8676 0
1446 2
16870 2
8679 2
488 2
16873 1
8684 1
6850 1
1858 1
8689 2
8691 2
16884 1
16886 2
506 1
8699 1
509 3
8703 3
16896 1
16898 2
521 0
524 2
16909 1
528 2
529 2
11011 0
8725 1
8727 0
538 0
8731 0
8732 1
16925 2
542 2
16928 2
16929 2
8739 3
551 1
553 1
554 2
8747 2
8748 3
563 2
16948 0
567 2
16953 1
8762 1
8764 1
573 1
574 0
575 1
4192 2
8771 3
581 1
583 1
16971 1
588 1
8781 3
591 1
16976 1
8785 0
16980 2
1465 2
601 1
603 1
8796 0
5562 1
16991 3
8800 1
5203 2
611 1
8804 1
8805 2
614 2
615 3
1468 2
17002 1
8811 1
621 2
622 0
8817 1
627 1
17012 3
17013 2
8822 2
13759 0
8828 1
8829 3
17022 0
8832 2
8834 2
8835 1
17028 0
17031 2
8841 2
8842 2
651 0
654 0
9569 2
17040 1
17041 1
17042 2
661 1
664 0
17049 1
8858 2
17052 2
669 2
8862 2
17055 2
8864 2
12843 1
674 0
17059 0
676 2
17061 2
17062 0
8873 2
17066 2
17067 1
687 1
17074 1
2846 2
697 0
17082 1
17083 1
8892 1
704 0
8898 1
712 2
5580 1
714 1
17099 2
17101 3
8910 2
8911 1
8912 3
17106 0
8916 2
8918 0
727 2
8921 2
730 2
17115 2
732 1
8925 2
8928 1
8929 2
738 2
17123 2
742 0
743 0
17128 3
8938 2
17131 1
8940 2
749 0
17134 1
8943 1
17138 1
755 2
17140 0
7663 2
8952 2
8953 1
8954 2
8955 1
17151 2
8960 0
17153 0
17154 0
8963 2
17156 2
774 1
8967 1
8968 0
17161 2
13783 2
8974 2
8975 2
17168 2
8978 1
787 2
788 2
790 2
791 1
8984 1
17177 0
794 2
795 2
17181 2
8990 2
8991 2
8992 3
8993 0
17187 2
17188 2
6961 1
808 2
17194 2
9008 0
17203 2
17206 1
17207 3
825 2
9018 2
17211 1
828 3
8330 2
9024 2
17217 2
8331 2
17220 1
2210 2
841 1
17226 0
844 2
9038 2
17231 0
17234 3
17235 0
852 2
853 0
17238 1
856 0
17243 1
860 3
861 2
862 0
865 1
17409 1
9063 1
9065 2
874 3
17260 2
17262 0
879 2
17265 2
882 0
17268 1
9079 1
888 2
17273 2
9082 2
17275 0
17276 0
9086 1
17280 1
17282 3
17283 0
16534 0
9095 2
17290 2
151 1
17292 1
15170 1
910 1
911 2
912 3
17297 0
17300 1
9109 3
9111 2
920 2
15172 2
17308 2
17310 1
17313 2
9123 2
932 3
2886 0
936 3
9129 2
9132 2
17325 1
2352 3
9136 2
17329 3
9138 0
17331 1
9142 0
17336 2
14393 2
9147 1
961 1
9154 2
9155 2
17348 0
17349 0
17350 0
17351 1
15308 1
1152 0
9173 2
17367 1
8356 3
13818 3
15184 0
17378 3
17379 2
9188 1
17381 2
17386 0
17391 0
1010 1
17395 2
17396 2
17399 2
9210 1
9214 3
9215 0
9216 0
1025 2
1026 2
17411 1
1028 1
15190 0
17414 0
9223 1
9224 1
1034 2
15191 2
9228 2
1037 3
9234 2
1046 2
15193 1
17432 2
1050 1
175 3
17436 3
7002 2
1054 2
17440 2
1057 0
17444 3
17445 2
1063 2
9256 1
9257 0
17450 1
178 0
13129 2
1071 1
9266 3
854 0
9269 2
9270 2
17463 1
1080 1
1082 2
9275 2
17468 1
17469 0
9278 1
9280 1
9282 3
1091 3
9284 0
17477 1
1094 3
9287 0
13836 2
9292 1
17486 0
17488 2
9297 0
17491 2
17493 0
17495 1
9304 2
17499 2
9308 1
1118 2
11109 2
9313 0
17506 2
187 1
1124 2
17509 2
1674 2
17512 1
17513 2
9322 1
17516 2
17518 0
8381 1
17520 1
17524 2
9338 2
17532 2
17533 3
1150 2
1151 1
9344 1
9346 2
17539 3
9349 2
9350 2
1160 0
17546 2
17548 1
9358 1
17552 1
17553 2
9364 2
7022 3
1174 2
1177 2
1178 0
9373 3
16581 1
17568 0
17569 2
1186 0
1187 2
9381 3
17574 1
9383 0
9384 3
1564 1
9386 2
9388 2
200 0
17586 2
9397 2
9398 1
17592 3
9402 2
17595 2
16586 2
17598 2
9408 0
1218 2
9411 2
17604 0
1221 2
9414 0
1225 2
17610 2
17612 2
9421 2
9422 0
9425 1
9427 2
9428 2
16590 3
1242 3
2938 2
9438 1
17632 1
1251 1
17637 0
17638 0
17639 1
9448 0
17641 1
17642 1
17645 0
1262 2
17647 2
3504 2
17649 1
17650 1
9461 2
9463 2
9464 0
9465 1
1274 0
17660 2
1277 1
9470 2
17664 0
1281 0
17666 2
1284 1
9477 2
1286 2
9479 2
9480 2
1290 1
17676 0
7408 2
1295 1
17680 0
1297 0
1299 1
9492 2
12505 1
1304 2
17689 2
17692 3
9501 0
9503 2
17696 1
1313 3
1314 1
17702 2
17706 1
1135 2
8773 2
17711 1
1331 1
4318 2
1334 2
9527 1
9531 2
1340 2
1341 2
17727 1
9536 0
5686 2
9543 2
17737 2
1354 1
17975 2
1358 2
1359 1
17744 1
9554 2
9555 1
9556 2
9560 3
16612 1
1375 2
1377 2
17762 2
1380 0
1381 2
9574 1
1383 2
9578 1
9580 1
9583 2
17777 0
9591 0
9592 1
9594 2
17787 3
9596 0
9597 2
9598 2
9599 0
1408 0
1410 2
9603 1
9604 2
17797 3
9606 1
1415 2
1416 3
17801 2
17802 1
9611 2
1420 0
17809 0
9618 0
17811 1
17814 2
17817 1
4335 2
1436 1
9630 2
9631 1
1440 2
5063 2
1444 2
9637 1
9638 3
9639 2
9642 0
17835 2
9645 2
15261 2
17840 2
9649 1
5777 2
17849 2
9659 1
9660 2
2231 2
1470 2
1471 1
1475 1
1476 1
9669 2
9673 1
1482 1
9675 1
9676 2
1486 0
1488 1
4344 3
11171 2
1496 1
9691 3
9692 2
17887 2
17892 0
9702 2
9705 0
17916 0
9727 0
1538 2
16691 2
9815 2
17937 2
1554 2
1561 2
7087 1
17948 2
17949 2
17958 2
17959 2
9770 1
4359 2
17970 0
17972 0
1589 3
9782 2
1591 1
17977 2
17979 2
266 2
1599 0
1600 2
17985 2
9794 0
9795 0
1605 0
9798 0
1608 1
9801 2
1610 1
1611 3
17996 1
1616 0
18001 2
9810 2
9811 0
9812 0
1622 2
11193 0
1624 2
18015 2
9825 0
1636 0
9829 2
18022 1
1639 2
1640 2
18027 2
18028 1
1646 0
18032 0
4371 2
1653 2
18039 1
18041 0
1661 1
9854 1
1663 2
18048 2
9858 0
18055 2
18056 0
18057 2
9866 0
2957 0
9868 1
1677 0
18062 2
9872 1
9873 2
9874 0
9876 0
17514 2
9878 3
12569 1
1688 0
18076 0
18078 2
3013 1
9889 0
18082 0
9891 3
13150 3
1702 2
1703 1
9896 2
18089 1
9898 1
18091 2
1708 3
1711 2
1712 1
3016 1
9906 2
9907 2
18100 1
1717 2
1721 2
1722 0
16671 1
18110 1
18111 1
9920 0
18113 0
1732 2
9925 2
18121 1
9930 3
6059 1
18142 1
15312 3
18146 0
18149 1
18153 0
18155 1
18156 1
18157 2
8488 2
1779 0
18164 1
1662 2
18170 0
7970 1
1788 2
1790 2
18178 1
18180 0
18183 0
1803 0
1666 2
9999 2
10001 0
7129 2
10009 0
18203 2
18204 2
3034 2
18207 2
8496 2
1826 2
1827 2
10020 3
18214 2
10023 3
18218 2
1671 1
1837 2
10030 2
10031 2
10032 1
18225 2
10034 1
10035 2
10036 2
1847 0
18232 2
10041 2
10045 1
16693 1
10048 2
4699 1
18243 0
1860 2
8502 1
1862 3
18247 2
10056 2
1866 2
1867 1
10060 2
18254 2
18261 1
18264 1
1882 0
8905 2
10080 2
18273 2
18274 3
18275 1
18276 0
1894 2
18279 1
10088 1
18281 0
18282 1
1899 0
18284 1
18286 2
18287 1
18289 0
18290 0
10099 2
15289 3
1911 0
18296 0
10105 0
18298 2
1916 3
1917 0
1918 2
1920 2
8512 0
18306 2
18308 0
1927 3
18312 1
18316 1
10125 1
1934 0
4156 0
10130 2
18324 2
10134 0
1945 2
18330 0
1947 1
1952 1
10147 3
18340 2
1957 0
1958 0
10154 0
10155 2
1964 2
18349 1
1971 2
1694 2
18358 3
329 1
1976 1
884 1
18362 3
18363 1
1980 0
9886 0
10175 0
17962 1
18372 1
1430 0
18081 2
18376 2
1993 2
18378 1
18379 1
18384 2
18385 1
10196 1
2008 2
10201 1
18401 1
18404 2
10213 2
10214 0
18413 3
18414 3
6942 1
18419 1
18420 2
18421 3
12628 1
18426 1
2043 1
2052 2
2053 0
18443 2
2061 3
18446 2
11143 1
18455 2
10264 0
11268 2
2075 0
10268 1
14000 2
2083 2
2088 2
10281 2
2091 2
2092 2
2093 0
10286 1
18479 0
18481 0
18483 2
4446 3
11273 3
10296 1
14004 3
10299 2
10300 2
10301 2
2112 2
2113 2
13934 3
18500 2
10309 3
10310 1
18505 2
2124 2
10319 3
2128 1
10321 0
2130 1
10323 3
10324 1
7182 0
10328 2
2137 2
2138 2
15375 1
2144 2
10337 2
18107 3
10340 3
18534 2
2152 2
10345 2
16743 2
18540 0
15378 0
2158 1
10351 2
1726 2
16745 0
10363 0
10364 2
10366 2
2175 1
2176 2
10371 2
18567 3
2185 2
18572 0
18574 2
10383 0
2193 0
10386 1
18579 2
12654 0
18584 1
2205 1
18590 0
2207 1
10401 2
18594 2
2211 0
2212 1
2213 1
2214 1
10407 2
2216 1
892 2
2218 1
10412 2
2222 2
2225 1
10419 0
2228 0
10422 2
18615 1
18616 1
9076 0
10426 1
2235 2
2239 2
18627 0
18628 2
3348 2
18632 2
2251 2
2256 0
10449 2
2260 2
10453 2
10456 1
2265 2
14031 0
18652 2
10461 2
10463 2
10464 1
10467 2
18660 1
18662 2
4713 0
18664 0
18665 2
10475 1
2285 2
16765 2
18677 0
18678 0
2297 2
18682 1
18683 1
4441 1
2303 0
16768 2
10498 2
2307 2
18692 2
4714 1
10502 2
2311 0
10505 2
7442 2
18700 2
10509 0
2318 0
7053 1
18706 2
4483 0
2324 2
10517 1
10518 2
2327 1
9352 1
10523 2
18717 2
10527 3
18723 1
18724 0
2343 1
11262 2
17536 2
18733 2
10542 2
10543 2
10544 0
2355 2
2356 2
1758 3
18743 0
18746 2
18747 1
2364 2
394 2
10559 2
10561 2
10562 1
2371 2
10564 2
10567 1
10568 1
2377 0
10572 3
1762 0
397 3
2385 2
18771 2
2388 2
4494 0
9354 1
12891 2
2393 3
18779 0
10589 2
13446 3
18788 1
18790 0
10599 0
2408 0
10602 2
16786 1
2414 2
10607 1
10609 0
10612 2
18806 2
2426 1
2427 2
18812 2
10621 2
18816 2
2433 1
2435 0
18821 2
10632 1
14060 2
10634 1
2443 0
4173 2
2449 2
18834 1
2451 2
2452 2
18839 2
10648 2
2458 0
2463 3
2465 1
2467 0
18161 1
2472 2
8604 2
2475 1
18861 2
2482 2
2483 1
10676 0
2491 0
2492 0
10686 0
1781 1
2497 0
2500 2
2503 0
10696 2
10697 0
10700 2
10701 2
10702 2
2516 2
10716 1
10717 1
17542 1
2527 1
10727 2
2536 0
12448 1
2540 1
10734 1
10737 3
2546 2
2547 1
10740 1
9982 1
2553 1
2555 1
10748 2
2563 2
10757 2
2566 3
2569 2
2572 0
2574 0
10770 1
10771 1
10773 1
10774 1
10776 1
2586 1
2587 1
10780 0
10781 2
10783 3
2593 2
2595 2
10788 1
10789 2
18348 1
10798 0
10800 0
10801 2
10802 0
16819 2
2615 2
10808 3
10809 1
10811 2
10814 1
9995 2
10820 3
10822 1
2631 1
2633 2
2634 2
12727 1
2639 0
2640 2
8632 2
10837 2
10838 1
18191 2
12730 1
2654 2
10850 1
2660 1
2661 0
10855 1
10858 1
9636 2
10862 0
10863 0
10865 1
10866 0
10877 0
10884 0
10890 3
10893 1
2702 2
10895 1
10896 1
10897 3
10898 0
10899 3
10900 1
2709 0
18201 1
16836 1
2714 0
2715 2
1727 0
10911 2
10913 3
2722 1
2723 2
2729 1
2730 1
18640 1
10925 1
2736 0
2739 2
16458 2
2742 2
2743 3
18095 0
2750 1
2751 0
10945 2
2754 2
14113 3
2761 1
2762 2
16186 2
2764 3
17550 2
16767 3
2771 0
2772 2
2776 0
2777 1
2778 2
18096 2
10973 2
2784 0
464 2
2789 0
2791 2
2792 2
2794 3
2795 0
10992 2
2801 2
2803 2
16733 2
468 0
11004 2
11005 1
2817 0
11010 3
2819 0
11012 2
11015 2
2824 2
2549 2
14006 3
2834 1
2835 2
18222 0
18098 2
11034 2
1839 2
11036 2
11038 2
11039 0
13461 0
18224 0
11042 2
2851 1
18644 2
11045 2
2854 1
2856 2
2858 1
12643 1
11053 2
477 2
1601 1
1843 0
2877 0
2879 2
2880 2
2882 2
2883 0
11078 2
481 1
11082 2
2891 2
2892 2
2901 0
11094 1
11095 2
2904 1
2908 0
2911 2
2912 1
3216 2
11106 1
2917 0
11112 1
11115 2
2925 2
11119 1
2928 1
2929 0
2930 0
2933 0
2934 0
11128 2
7316 2
11130 0
2939 2
11132 2
4586 1
2942 2
11135 0
17556 2
11139 1
11141 0
2951 2
11144 1
11146 3
11149 0
11152 2
2962 0
11155 0
11163 1
2975 1
2979 2
11174 0
2983 2
2985 2
10055 2
11183 2
2992 2
12787 2
3000 2
3001 2
11194 2
11196 0
11203 1
11205 0
11208 1
18252 1
11214 2
11215 1
11218 1
9648 2
11220 1
11224 2
11225 0
11226 2
3036 0
11230 2
3237 1
3040 2
16891 3
11236 1
3047 0
3048 3
3049 2
3050 0
11243 2
3052 1
3053 2
3058 1
7337 0
16196 1
11259 2
3070 2
3074 1
3076 2
3079 2
3081 2
11274 2
3083 1
921 2
3094 2
3099 0
3104 0
3107 2
3110 2
11307 2
11312 2
11315 0
3129 3
11326 0
11327 2
11329 2
4658 2
3141 2
11334 2
11340 2
11341 1
4621 2
10083 2
11348 1
6379 1
1892 1
11356 2
11364 1
18278 1
8721 2
11368 0
3177 3
13332 2
3179 2
3180 3
3182 3
3191 2
3193 1
11386 0
3195 2
1898 3
533 0
11395 0
11397 2
11398 2
3207 2
11403 2
11404 1
11458 2
3215 2
11408 2
11411 2
3220 1
3223 2
11417 2
3226 2
16747 3
3231 1
11426 3
16923 2
11429 0
11430 0
11431 2
11433 2
3242 3
11463 1
3250 2
3251 0
11444 2
16926 2
3274 1
3263 2
11457 2
3266 0
3270 1
3271 2
11465 3
9929 2
11467 1
3276 1
11469 2
3278 3
11473 1
3286 1
3287 2
3288 2
3291 2
11484 1
3296 0
11492 2
3281 3
10109 0
11504 3
3313 2
11508 2
3320 2
15572 1
3324 2
3325 0
12113 2
3328 1
18304 0
3330 1
16939 1
3333 1
3334 1
8889 2
3342 1
2839 2
3345 2
11540 2
3352 1
3354 2
3358 0
3359 3
3365 2
15115 3
11565 1
3375 2
3376 2
3378 1
12851 1
3380 1
11577 1
3387 1
3389 2
3396 0
4662 0
3399 0
3400 0
10124 0
8806 0
8759 1
3407 0
3410 2
3412 2
8761 1
3416 0
18319 0
11612 3
3422 1
3424 3
11620 1
3430 3
3434 1
3440 1
3115 3
3444 2
3446 2
11639 1
11644 1
11648 1
11649 2
12663 2
3460 2
3461 0
3465 1
132 2
11660 1
12866 2
11662 2
11664 1
12867 1
3476 2
11672 2
3485 1
11679 1
3489 3
11684 2
8775 0
11693 0
6936 1
3503 2
11696 2
3505 0
15603 1
2299 2
3512 1
3515 1
3520 2
5588 3
11716 1
11717 2
8780 1
11723 0
3535 3
14243 1
11734 1
11736 1
11738 1
11747 2
3557 2
5574 2
11755 1
11756 0
11758 2
11764 2
11766 0
3580 0
11773 2
2847 1
3585 2
3586 0
11779 0
11521 1
10156 1
3595 0
11789 2
1965 2
11792 2
3601 3
14850 2
11523 1
8793 1
11800 2
3611 3
17851 1
11808 1
133 2
3619 2
3621 2
6940 0
11815 1
11818 0
11821 1
605 3
18030 2
18355 3
3637 2
3638 2
11831 1
17852 2
11841 2
11844 2
10166 2
3655 1
3658 2
11851 1
3660 3
11857 0
3671 2
3673 1
3675 1
3677 2
3679 2
11873 1
11874 1
3683 1
11877 2
11879 2
11884 2
11885 0
11887 2
11889 1
18366 2
3702 2
3703 2
3704 1
3705 0
3706 2
11900 2
3709 2
11902 2
6943 2
3713 2
619 2
11911 0
3721 2
11914 1
15639 1
3727 2
3730 2
3731 1
8814 2
11926 0
1988 2
3738 1
3740 0
3741 2
3747 1
11941 2
3751 1
11944 2
1992 2
11963 2
3772 1
2035 2
11975 1
3785 3
3786 0
3790 2
3793 0
11987 3
14286 1
11990 1
17441 2
3801 3
672 0
11999 2
12006 0
3815 1
3819 0
3821 2
3827 0
12023 1
8352 1
12034 1
6104 2
17027 2
3862 2
2009 0
5930 2
3871 0
3876 2
3879 2
12074 2
3885 2
3887 2
12083 2
12086 1
3897 0
3899 2
12100 2
12103 3
12940 0
12106 2
12109 2
12110 2
3921 2
6115 3
12117 0
12122 3
6117 0
12944 2
17484 0
6118 1
657 3
12138 1
12139 2
658 0
3950 0
11581 2
12145 1
12149 1
3958 2
3960 2
3962 0
12158 2
4757 2
3968 3
9028 0
12162 1
15681 1
3976 2
3978 2
3979 1
12172 1
12173 0
3984 1
3985 2
3986 0
12184 2
11588 1
12190 0
12191 0
4000 0
4001 1
4003 1
4006 2
4011 2
6953 2
12206 1
12209 2
12210 2
4019 1
4766 1
4024 1
9954 0
4033 2
4034 2
12227 0
4037 3
4038 0
673 2
12235 0
4050 1
4771 2
17060 3
4058 2
4059 3
4060 1
4062 1
12255 1
12257 0
12258 2
12264 1
12266 2
4076 3
12270 2
4080 3
4081 1
4084 1
3682 2
4086 2
4087 0
18467 0
5810 0
4092 0
12293 3
4102 3
12972 2
3415 1
12300 2
4115 0
12308 2
12309 0
12312 0
12313 2
12314 2
4126 0
4131 0
12324 2
12330 1
12331 2
4140 0
4143 0
4146 0
12344 2
12348 1
12351 2
4169 3
15714 1
4175 2
4176 3
4177 2
10254 2
12375 1
12384 1
4504 2
4195 1
12388 2
11051 3
4202 1
4204 0
4205 2
12399 2
4208 2
4212 0
4214 0
12410 2
12411 2
4220 2
4221 2
12417 2
4228 1
12424 2
12426 0
12433 2
12434 2
12435 2
4245 2
12438 0
2073 2
4248 0
4249 1
4256 2
12451 1
4262 2
15729 1
12456 1
12459 1
14365 3
12464 0
12465 1
12466 1
13001 1
12472 1
14367 1
12476 2
7542 2
12486 2
12487 0
4296 0
12494 2
12496 1
15736 1
4307 2
4313 2
4316 1
12510 1
12511 0
4320 2
17104 0
4323 2
12516 3
4325 2
12521 2
4331 1
12526 1
15741 1
4340 0
4341 1
4342 2
12536 1
12539 2
12540 0
4354 2
12549 2
12551 2
4360 1
14380 0
12554 3
4365 2
4367 3
4370 1
12563 2
4374 2
4377 3
12571 1
4380 2
12573 0
8923 2
4389 2
2097 3
12588 2
12590 3
12591 1
12592 2
4402 1
12596 2
4405 2
4407 0
12601 0
13023 2
8603 1
12610 0
4422 2
12617 2
4427 1
12621 1
12623 0
6200 1
12626 2
4435 1
4436 2
4437 3
12630 2
4439 2
12633 1
12638 2
12639 0
12641 0
12642 0
18491 0
12648 2
12649 1
4458 2
4839 0
4461 0
4462 2
12657 2
12662 1
4471 1
12667 0
12668 2
4478 2
12674 3
8939 2
4484 1
12678 1
12679 2
12686 2
8941 2
7576 2
4498 2
4501 0
4503 2
12696 1
2116 2
12698 2
4507 1
4511 1
4514 2
4515 2
10516 3
13041 2
12712 3
1828 2
12715 2
4526 2
11677 2
4528 2
4529 2
4531 1
4532 1
4534 1
4535 3
4536 0
4537 2
17609 1
12731 0
12732 1
4542 1
4544 1
12737 1
12739 2
12742 1
12744 0
4553 2
12746 1
12750 2
12755 0
12757 2
4566 2
761 3
4571 0
12765 2
4574 3
4576 3
12769 2
12770 1
17147 0
12775 0
12776 2
12778 0
13394 0
12781 3
4593 2
4595 1
12788 2
12790 0
4600 1
4605 2
12799 0
12800 1
4609 1
4610 1
4617 2
12811 2
4620 0
12813 2
4622 2
18520 1
4626 2
4627 3
12820 2
2609 0
4630 0
4632 2
4633 2
12826 2
4636 0
7123 2
4641 2
4643 1
4651 0
4653 0
4654 1
12847 2
4656 1
12849 0
12850 2
4659 2
12852 2
12854 0
12856 2
4666 0
12861 2
4672 2
4674 1
4520 0
12868 2
4677 1
4682 2
4683 0
4688 1
16523 2
12888 2
4698 2
17167 2
4703 3
4705 1
4707 2
4709 1
12902 1
12905 3
12906 2
12907 0
12909 2
12910 2
4721 2
4723 0
4726 1
12919 1
12920 1
4729 2
4733 2
13077 2
12930 2
12931 0
4741 1
4744 1
17175 3
4748 1
2157 0
4752 1
4753 2
18542 0
4758 0
12953 2
12954 0
12957 1
12958 0
12960 2
12961 2
12963 1
12971 1
4780 0
6433 1
4784 1
12977 2
12981 1
12983 2
12984 2
4793 1
12987 1
4796 2
7626 2
4798 0
800 2
4803 3
12998 1
4807 1
4808 1
4809 2
4811 3
13004 2
4814 2
4816 1
4817 2
8995 2
13012 1
13014 2
13017 1
4826 1
4827 1
4829 0
4831 1
17346 0
4833 3
2171 0
13028 0
13030 2
13031 1
4840 0
4844 1
4848 1
4849 0
13043 2
13045 1
4855 2
13050 2
13051 2
13053 0
4863 1
13056 0
4865 1
13060 0
4871 0
4876 3
4878 0
13076 3
196 0
13078 0
4887 1
13082 0
13084 2
8619 3
4897 2
4900 0
13093 1
4905 2
2183 2
4908 1
4910 0
13106 2
13107 0
4916 2
4917 0
13110 1
10377 2
13116 0
4927 2
4929 0
4930 2
4931 2
9014 3
13127 2
6284 0
4939 0
13133 2
4942 0
10382 2
4851 2
13146 0
13147 1
4956 0
4958 2
4962 0
13160 1
13164 2
4979 1
4980 1
4981 2
13174 0
4986 2
4987 0
18581 2
832 2
4994 1
4995 1
4997 2
11599 1
4999 1
13193 2
13195 0
13199 1
5008 0
2200 1
3252 3
5013 3
14489 1
13208 2
13209 2
5018 1
13211 3
5021 2
13214 1
13215 3
13220 2
5030 2
5032 0
5035 2
13229 2
12170 2
5043 2
13237 1
5046 2
9033 1
13240 2
3572 1
13244 2
18037 1
5054 1
13249 3
13253 2
18593 2
5064 2
13257 2
5067 2
13261 2
13262 2
5072 3
5073 3
7534 2
13270 3
13271 1
13272 0
5081 0
13276 2
13278 2
13279 2
13281 0
13282 2
5091 2
13285 2
5095 2
13289 2
5099 1
5100 2
13293 1
5102 2
13295 1
13301 2
13303 2
5113 2
13307 1
5118 0
5121 2
13317 0
5126 0
18604 2
5131 2
13324 2
13329 2
13331 2
17001 0
13334 0
859 2
13348 1
13349 0
17244 0
13355 2
13356 2
5165 0
17245 1
13360 2
7688 2
18611 1
13364 3
10692 1
13366 0
5176 1
13370 0
13371 3
1809 2
13374 2
13376 3
5186 0
5187 0
18614 2
13384 2
13387 1
5196 2
7693 2
5201 1
5202 3
13395 2
5206 1
5211 2
5213 0
5214 2
14631 2
13413 2
5224 0
5225 3
13418 1
13419 1
13421 0
5232 3
12995 1
873 1
5244 0
8358 0
5903 2
13443 1
5254 0
13453 1
5265 2
13459 0
5269 0
5274 0
5283 2
5284 0
13482 3
5291 0
5292 2
5293 2
5297 0
5301 0
13497 1
5306 1
13499 1
13503 2
5313 2
10443 0
5318 0
13511 2
13512 1
5321 3
5322 2
13515 1
11383 1
5332 2
13526 1
5336 1
5337 1
5341 1
5345 2
5349 2
13544 2
13545 3
12999 1
13551 2
13552 2
5361 2
5362 2
13560 0
5369 2
5372 2
13565 2
2261 1
5376 2
9088 3
13570 3
13572 2
13573 2
13578 2
13580 2
5389 2
13583 2
2264 2
13586 0
13587 2
13588 2
18649 0
2362 2
9474 1
17285 0
13600 1
5090 3
13602 2
13607 2
13608 2
10460 1
903 0
5422 2
5425 0
18457 1
5436 3
9098 2
5441 2
5444 2
5445 0
13638 2
5447 0
13642 1
13650 3
5459 3
5460 2
17294 0
5463 1
13656 1
2276 0
9103 2
13660 3
5469 1
5471 0
5476 0
2278 2
5478 0
5481 0
5483 1
13676 0
5486 2
13687 2
5496 2
5497 2
13205 2
13697 2
5506 2
2283 2
11913 1
5513 2
13707 2
13710 2
13714 1
13717 2
13719 1
13720 2
13723 2
13727 1
5539 1
13732 2
14369 2
13734 1
5552 1
5553 2
9118 2
13754 2
5564 1
13757 0
13758 0
5567 2
5571 1
13764 2
13765 0
7005 2
5576 1
5578 3
13772 2
5581 2
5583 2
5587 1
13780 1
13781 1
5590 3
18681 2
5592 3
13790 1
5601 1
5603 0
5606 0
5608 1
5612 2
5614 0
5619 1
5624 2
5626 3
13820 1
5630 2
13825 0
733 1
15958 3
13830 0
13834 2
5644 3
18690 1
5648 1
10785 2
13845 1
13846 2
5658 3
5659 0
5661 1
5664 2
944 0
5666 0
5670 1
5672 3
10503 2
13869 1
13873 2
947 2
5684 3
13878 1
13879 2
5690 1
5691 2
11919 3
16527 2
7778 0
13904 0
952 1
13907 0
5716 0
5049 3
13914 3
13917 2
5727 0
13921 1
13922 1
5731 2
13925 0
13927 1
13928 1
5742 1
13245 2
18707 1
5748 0
13943 2
18708 2
5758 2
18709 3
18710 2
17345 0
13960 3
13961 0
5771 1
13965 0
5776 2
6424 0
5780 1
13978 2
13982 0
5061 3
13993 2
13995 2
2333 2
5808 2
13256 1
14002 0
5811 2
5812 0
5814 2
5819 1
5821 2
14014 0
5826 0
13259 2
14022 2
5831 0
17356 2
14030 2
5839 2
5841 1
14034 0
5843 2
14036 1
5845 0
11897 0
14042 2
5851 3
5853 2
14050 1
5859 2
14054 1
5863 2
10535 2
5868 2
16800 3
14066 3
14067 0
5879 2
5881 2
14077 3
5886 2
5077 1
5888 2
5891 0
14084 1
5894 0
11905 3
5079 3
14095 2
5904 2
14098 2
16003 2
14100 0
18734 2
3470 1
14103 1
5920 2
6448 1
5922 0
5925 2
14120 2
14122 3
14123 1
14128 2
14133 2
16679 1
5943 0
14137 2
14138 1
14139 1
14141 2
14144 2
5381 2
5957 1
14150 1
1835 1
744 2
13283 2
14170 1
14171 0
10554 2
5982 2
14177 2
14180 1
5989 2
5990 0
16017 2
14186 2
13287 2
14189 0
14190 2
14192 2
14195 2
6004 0
6013 2
6018 1
14212 2
3734 2
6022 2
6023 1
6024 2
6025 2
14219 0
14220 1
14221 0
14222 0
14224 1
14227 1
1292 2
14233 0
14234 0
6044 3
14238 1
6047 2
14242 0
1838 2
6053 1
11731 2
14250 2
18759 1
14252 0
14253 2
14254 2
14255 0
6064 2
14258 2
10569 3
6073 2
14269 0
5109 1
14274 2
14285 0
6094 2
14287 1
6097 3
6102 2
6103 2
14296 2
7844 0
10575 1
17402 1
14302 2
14307 2
14309 0
14310 3
6122 2
14315 1
6129 2
14322 2
6132 2
13310 1
6135 2
14328 3
18772 1
14331 2
6140 2
14335 2
6144 1
14337 1
6146 3
6151 2
6154 2
14349 1
6159 2
14352 2
6488 2
1027 0
6164 2
14360 1
6169 2
14362 1
14363 1
14364 1
6173 0
6174 2
6175 1
6176 1
6177 1
14372 0
6182 0
18755 3
6188 2
14383 0
14385 1
14386 2
13027 0
14392 2
6201 2
6204 2
6205 2
6206 2
6207 2
1035 2
14407 1
14408 2
14409 2
8936 1
14414 2
14420 2
10573 1
6231 2
6236 0
16058 0
14430 3
14431 1
14433 2
6243 0
6251 2
6255 2
2936 0
14453 0
18212 1
6265 3
4573 1
14461 0
6270 2
6272 3
14470 3
3227 3
6282 2
17431 3
14476 0
10606 1
15758 2
14488 3
17122 0
14490 2
751 3
6301 3
14498 2
6307 1
14502 1
18801 2
14505 2
6317 2
6319 1
14512 1
14513 2
6324 1
17438 2
14519 0
6330 2
14525 1
14527 3
14531 0
17669 2
14533 2
14535 1
14538 2
6349 2
14546 0
6356 1
2121 0
6360 3
6363 2
10618 2
6367 2
6368 2
14561 3
10620 0
14571 2
6380 0
16082 2
6383 1
14576 0
6385 2
6386 1
8935 2
14581 1
6390 2
13353 0
6393 2
14586 2
6400 2
14595 1
6404 0
14597 1
6407 2
6410 3
14603 2
14604 2
14611 1
7897 2
14616 0
6429 1
14625 2
14627 2
6439 2
6440 1
17828 3
6443 2
6446 2
14640 0
6451 2
14644 1
2441 2
14648 0
14650 1
14651 2
12763 2
6465 0
6466 2
14661 2
14663 2
14664 1
14666 2
6475 0
6478 3
14672 1
14680 2
9274 2
14690 2
3814 1
6502 2
6504 2
17470 0
14710 2
6519 2
6522 2
6523 2
14717 1
6526 1
12011 3
14724 2
14725 0
14731 2
12013 2
14738 3
13379 0
14742 2
14743 2
17476 0
10650 2
14750 2
14753 2
6563 3
8402 2
14761 1
14765 0
14767 1
6576 2
6577 1
14770 1
6583 2
14779 2
6597 1
14792 2
14793 1
6603 1
6608 2
6610 3
10659 3
14804 2
14807 2
6616 1
6617 2
6619 2
6621 2
14817 2
14820 2
6632 2
14826 2
14829 2
6640 0
14833 0
1107 1
14838 1
6648 2
14841 2
14842 2
14844 2
14847 0
2131 0
6662 2
14859 1
14863 1
14864 2
14870 3
6679 2
14873 2
14874 2
14876 2
14878 2
6687 2
6692 2
6696 3
6697 2
10674 1
6702 1
6704 1
6706 1
14899 1
6708 1
6709 0
6710 1
13629 1
14904 2
6714 0
14908 1
14909 1
14913 2
6722 2
6723 1
6724 2
6725 0
6726 2
14920 0
14921 1
14925 2
4043 2
14928 2
14929 1
6744 1
6747 2
14941 1
14945 1
14947 1
6759 2
6762 1
14955 2
6765 0
6770 2
6771 3
14967 0
14972 2
14973 2
6782 1
6784 3
14978 3
6787 0
14981 1
14983 2
6794 2
14987 3
6796 0
6801 1
14996 2
6806 0
6809 0
6810 1
17519 2
15004 2
17412 3
14789 2
10320 1
15009 2
6824 0
15021 2
6833 1
6834 0
6836 1
6840 2
15034 2
15035 3
6845 0
15039 2
15040 1
15041 2
15042 2
6851 1
15046 1
6855 1
6856 1
15050 2
6859 1
6860 1
15053 2
15055 2
15062 1
6871 0
6872 2
6874 1
15067 2
15068 2
15072 0
6881 2
7867 1
6886 2
15079 3
6888 3
6892 2
15085 2
15087 2
15093 3
15094 2
15096 3
6905 1
6908 2
15102 1
6912 2
15105 1
15109 1
15111 3
15112 1
6923 0
15116 2
1154 2
15118 1
12077 2
14808 2
15123 1
15124 3
6933 3
14809 2
15128 0
15130 1
12079 3
15132 1
6941 0
15134 1
15135 2
15137 3
6946 2
6947 3
6948 0
15141 1
15145 0
15148 2
6958 2
2525 1
17544 2
6964 1
6965 2
15160 1
6969 0
15162 1
6971 1
15165 0
6978 0
6980 1
15174 2
6984 1
6986 2
9921 3
6989 1
1051 1
15188 0
15189 0
6998 2
6999 0
7001 0
15194 2
15195 2
16600 1
15197 2
7008 2
7009 2
7011 0
7016 2
15211 3
9781 1
15214 1
7023 1
15217 2
15220 2
4302 1
15225 1
15227 3
7037 1
7039 1
7040 0
7042 0
7045 2
15241 2
18511 3
7052 1
15245 2
7055 1
7056 2
15249 2
2542 1
7062 0
7065 3
7069 0
15264 2
7073 2
15266 1
7076 1
15269 1
15276 2
15277 1
15279 2
7088 0
15284 1
15287 2
7096 2
7097 2
7098 2
1183 0
15292 1
7102 2
7103 2
15296 2
7105 1
15301 2
7110 2
15304 2
7115 0
7116 1
17570 2
15311 2
7120 2
7121 2
15315 2
15316 1
15318 2
15321 1
7130 0
15323 2
15324 1
15786 0
15329 2
7139 0
15333 2
7143 0
2556 1
17575 1
1192 2
15349 1
15350 0
7160 3
15355 2
17578 2
7166 3
7172 0
7179 3
15373 3
15374 0
13485 2
15376 3
7186 3
7188 2
7189 2
7194 2
15387 2
2565 0
15396 2
7206 2
7214 2
15409 2
7218 3
7219 3
7221 0
15414 3
15417 2
786 0
7228 1
2150 2
17589 0
15428 2
7243 2
15438 0
15440 1
15448 2
7264 2
15457 2
7271 1
15473 0
7284 0
15477 2
15482 1
15487 3
7298 0
15496 0
7306 2
7307 0
15500 2
9410 2
15503 2
1219 0
15508 0
15509 1
15510 2
9412 1
12143 3
15517 1
15520 0
15521 2
7330 0
7332 2
13510 3
15527 1
15529 0
15532 3
15533 2
15535 3
15539 0
7350 1
15543 1
1226 1
15550 0
15552 1
7363 0
15559 3
15561 1
15562 0
15565 1
18598 2
7380 0
15574 0
7386 1
15579 2
7388 2
7389 2
15584 2
7395 1
15589 2
15594 3
7405 2
15600 2
15602 2
1235 2
7413 1
8976 2
1237 2
7424 3
7425 3
15628 3
7440 2
15633 0
15634 0
7443 0
2606 3
15638 2
7447 2
7450 2
15645 3
15654 2
15655 2
15656 0
15657 2
15658 2
13533 1
15665 1
15670 3
4305 1
7481 1
15675 2
15676 0
10342 2
15678 2
15679 0
7488 2
7489 2
15684 0
7496 0
7497 2
15694 1
17635 0
15703 1
15706 1
15707 1
7516 2
15712 0
15713 2
7522 2
7526 3
15721 2
7532 2
15726 1
17640 1
7538 3
2622 1
15734 2
7544 2
7545 1
15738 2
1258 0
15744 2
15745 2
7555 0
15749 1
7558 0
15752 1
7561 2
7565 1
7566 2
7567 2
15761 2
2627 2
15765 2
15766 1
15767 1
15768 1
14916 0
7578 1
15773 2
15775 0
15776 2
3253 1
15778 0
15780 0
15782 1
7592 2
15785 0
7594 3
15790 0
16620 3
15798 1
10825 0
7609 2
15804 3
15805 2
7618 0
7620 2
12193 0
7624 3
15818 2
7630 0
15824 2
15825 0
15826 3
15827 3
7637 2
15834 1
7649 2
15845 2
15852 2
7661 0
7662 0
5373 1
7670 3
15863 2
15866 1
801 2
15871 1
15872 3
7681 0
15877 0
15878 2
15880 1
15882 0
15883 0
1282 0
7694 1
7695 2
7701 0
15895 0
7705 0
15898 2
7707 2
15903 2
7714 0
15907 1
9478 2
15910 1
7721 2
15915 1
15919 0
7728 2
12211 2
7732 1
15927 0
803 2
7738 2
17674 2
7743 2
7746 2
7747 2
7751 2
7753 3
15957 0
7766 1
15959 1
10852 2
15962 0
7773 0
10853 2
15970 3
15972 0
7783 0
15978 3
7789 2
15982 2
15984 0
7796 3
15993 1
15995 2
15999 1
16000 2
16002 2
17718 1
16006 1
7816 0
7817 1
16010 0
16011 1
16013 0
16014 2
7825 0
16018 1
7839 2
5171 1
16034 2
16035 3
16036 1
16037 1
16040 2
16043 2
16045 3
16049 1
16050 3
14963 3
16056 1
16057 1
7866 2
17695 2
16060 2
16061 1
16063 1
16064 2
16065 0
16066 1
7875 1
16069 2
7882 1
7884 2
16081 2
7890 2
16084 0
16085 0
16087 2
16088 1
16089 3
7898 0
7900 2
7901 0
7903 3
263 2
16630 3
7906 2
7911 2
7913 1
16108 2
16109 2
16110 2
16113 2
16114 2
16115 2
16116 1
16117 2
7927 1
16123 1
7932 2
7936 2
16129 1
16131 1
16132 0
7942 1
16135 2
16136 1
7945 2
16138 2
7947 2
16140 3
16143 2
16144 0
16150 2
7961 2
16157 2
16162 3
8155 1
16169 2
16173 3
7982 1
7986 2
16182 1
16183 2
16184 2
7994 0
16187 1
16188 3
7998 3
16192 0
8004 2
16197 0
15815 1
8007 3
16200 0
8009 2
16202 0
17719 1
16205 3
8014 2
8018 3
10027 2
8029 3
16224 2
16226 0
16228 3
16234 2
5437 2
16241 0
16242 1
16248 2
16250 2
8059 3
16252 1
16362 2
16261 1
16263 2
8072 1
16265 1
16266 2
8076 2
10089 2
8083 0
16277 2
16281 1
16282 1
16283 0
16284 3
10906 2
8095 3
16288 1
12272 2
8098 1
16291 2
16292 0
8101 1
8103 2
16301 1
16304 2
8117 2
1353 0
6817 1
16314 0
16318 0
1355 1
16374 0
8135 3
8138 3
16332 2
8142 3
9000 1
16336 3
8148 0
8149 2
16342 2
16343 1
16344 2
9551 1
16348 2
16349 1
16350 2
8159 3
16356 0
8165 2
8168 2
16361 2
8170 2
1362 0
545 2
8182 2
16376 2
16379 2
8947 1
16381 1
8190 2
