8192 2
16386 2
16387 2
7522 2
16392 3
2732 0
16396 1
16397 1
16398 0
16404 3
16406 0
16407 0
8216 0
8217 0
16412 0
16413 2
16415 2
1092 0
8226 2
8228 2
40 0
8233 1
16429 2
16430 2
8241 2
16434 2
1911 0
56 0
17187 2
8250 1
1375 2
16445 2
62 2
66 1
16451 0
16452 1
69 1
16454 3
71 1
16456 2
73 2
74 0
8268 2
79 3
16464 1
8276 1
8277 2
8279 2
89 1
16478 1
8288 2
9593 2
16484 1
16485 0
8295 2
106 1
16491 3
16492 0
4114 1
16495 1
8304 0
115 1
2750 1
119 1
16505 0
16509 1
16517 1
16518 2
16519 0
8328 0
13676 0
16522 1
8331 2
6850 1
16527 2
144 2
8338 2
150 2
8344 1
8345 3
154 0
8348 2
8349 2
158 3
8351 1
8353 1
163 2
8356 3
16549 2
16550 1
8360 2
173 2
8371 2
8373 2
8376 3
185 2
16572 3
195 2
16581 1
199 1
200 0
201 1
202 2
16590 3
16592 1
209 2
8402 2
8403 3
213 2
215 1
223 2
8418 2
16612 1
16614 0
16616 1
233 2
8426 2
8427 2
16620 3
237 2
8430 2
241 0
8435 3
16632 2
249 2
15061 0
16640 1
8449 2
16642 0
16643 2
8453 3
8454 0
16650 0
274 2
277 1
8474 3
285 1
286 1
16672 0
289 2
8483 0
16676 1
16677 2
8486 2
16433 2
8488 2
297 2
8490 0
8491 3
8496 2
305 2
8506 1
315 1
317 2
319 2
8512 0
8514 1
5515 1
324 1
8517 1
8518 0
15073 1
16713 0
16716 0
8525 2
16719 2
4152 2
339 3
8533 3
8539 1
16732 1
349 1
16736 0
353 2
354 2
355 1
16740 0
8549 0
358 1
359 3
360 2
8553 2
18715 3
16748 0
367 0
16752 2
8564 2
8254 3
378 3
16763 3
16765 2
8574 0
383 0
16768 2
8578 2
389 1
16774 1
396 1
8593 0
8594 1
16789 3
16793 3
8608 1
8609 2
8610 1
8611 2
420 1
16807 1
1436 1
16455 2
8621 0
16814 2
1437 3
8625 2
16818 0
8265 0
446 2
16837 1
454 2
456 1
16841 2
458 3
461 2
462 3
16847 0
464 2
467 1
16854 2
15097 2
8664 1
17828 3
8666 2
8667 2
477 2
16864 2
16865 0
483 2
5542 2
486 2
16876 3
16878 0
8687 2
500 2
15102 1
16886 2
16888 1
4180 0
16890 3
15103 1
8701 1
510 2
517 0
9019 1
522 3
524 2
2818 0
526 0
528 2
6915 1
534 2
8727 0
538 0
16923 2
16925 2
16926 2
16928 2
16929 2
16930 2
8739 3
548 1
8742 1
16935 2
8744 2
16937 2
8746 2
16939 1
556 1
558 1
16946 2
16948 0
8757 2
8758 2
8759 1
8761 1
8762 1
572 0
574 0
8748 3
577 1
8771 3
581 1
583 1
586 3
587 1
8780 1
591 1
16976 1
8785 0
594 0
8787 2
16980 2
597 1
8790 0
1465 2
8794 1
604 3
5562 1
8293 1
8800 1
8802 1
611 1
8804 1
8805 2
8806 0
8808 0
617 0
17002 1
621 2
17008 2
628 0
8824 0
8825 1
8827 2
8829 3
638 0
1385 3
17024 2
641 0
643 2
8837 0
8841 2
8842 2
17035 2
17037 2
8849 2
658 0
660 2
8855 1
664 0
17049 1
8858 2
8860 1
8863 3
17057 0
17061 2
679 0
8875 2
687 1
8884 2
17077 3
695 3
696 3
17083 1
701 2
8898 1
17091 0
17094 1
8903 0
712 2
5580 1
8906 2
715 2
717 0
11043 0
730 2
17115 2
17124 0
17125 2
17126 2
8936 1
8938 2
17131 1
8940 2
749 0
8942 1
8317 1
17136 0
8945 2
15145 0
8952 2
8953 1
8954 2
17147 0
764 2
8959 0
17152 1
17153 0
17154 0
771 1
17157 0
774 1
8967 1
17164 1
782 3
17167 2
8978 1
787 2
17173 1
8982 0
8984 1
8986 2
17181 2
8991 2
800 2
8995 2
17188 2
17189 3
6961 1
808 2
809 0
17197 0
17199 2
136 0
17202 0
820 2
821 1
9014 3
825 2
9018 2
17211 1
8330 2
9022 3
9023 2
9024 2
17220 1
17225 0
17226 0
844 2
846 0
17235 0
17237 2
17241 1
17244 0
17245 1
9054 0
9055 0
9058 3
17255 0
17260 2
877 3
17262 0
17263 0
17264 0
17265 2
9075 2
17268 1
9078 0
9080 0
889 0
9082 2
17276 0
894 2
9088 3
17281 0
17285 0
17286 1
903 0
17288 1
907 1
17292 1
15170 1
910 1
12440 2
9108 2
6980 1
17307 2
8346 1
17310 1
17311 2
14761 1
17315 1
17316 2
17317 1
9127 2
17321 2
157 0
944 0
17329 3
9138 0
9139 2
9142 0
17336 2
953 2
17338 1
17339 1
959 2
961 1
963 0
9161 0
17354 3
15308 1
2894 3
17368 1
987 1
17379 2
17381 2
17384 0
1003 0
1006 0
17391 0
17392 2
1010 1
17395 2
17396 2
17399 2
17401 3
9212 1
17407 2
17409 1
9218 2
9219 1
1028 1
9221 1
1032 1
1036 0
17421 1
1038 0
1040 0
17426 2
17430 2
17431 3
17433 1
17435 3
17437 0
17441 2
10401 2
17450 1
1067 2
17455 0
1073 3
9269 2
9270 2
9274 2
1085 0
17472 0
17474 2
17476 0
1094 3
9287 0
17480 2
9290 3
9292 1
9297 0
1106 0
17491 2
1108 2
1109 3
17494 2
1111 2
17496 3
9307 2
9308 1
9310 0
11109 2
9312 2
1121 0
9316 0
17509 2
17511 1
17512 1
17514 2
9325 0
17520 1
1137 0
17526 0
17527 0
9337 3
9338 2
17532 2
1149 0
1150 2
9343 2
9346 2
1156 3
17541 1
17542 1
9313 0
17544 2
9353 0
9356 3
17549 1
17550 2
17551 2
17552 1
17553 2
16579 0
1173 2
17559 2
1178 0
17563 2
197 2
9377 2
17571 1
9380 1
17573 1
17574 1
17575 1
9384 3
17577 1
17582 0
9397 2
9398 1
17591 1
17596 1
9405 2
1218 2
9411 2
1221 2
17606 1
17610 2
17613 0
2936 0
17499 2
9427 2
9428 2
1243 2
1245 0
9438 1
17632 1
17633 3
1251 1
1253 0
17638 0
17640 1
17642 1
1259 1
16594 2
9454 2
17649 1
17650 1
9459 2
9461 2
17654 3
9465 1
17660 2
17662 2
17663 1
17666 2
13867 2
1284 1
9477 2
17670 0
1288 2
9491 0
9492 2
1303 1
1304 2
17689 2
17692 3
17695 2
17698 0
1323 0
17710 2
17712 1
1331 1
9527 1
17721 2
1338 1
9531 2
9532 3
1341 2
17726 2
17727 1
1344 0
9543 2
17736 0
17737 2
9547 3
17740 3
17744 1
9555 1
9556 2
17749 1
17757 1
9566 0
17759 1
17762 2
1381 2
17767 1
17980 0
9578 1
9580 1
1389 3
17774 1
17777 0
17779 2
9592 1
17785 0
17787 3
9597 2
9599 0
17797 3
9606 1
1415 2
17800 2
17802 1
9618 0
9624 1
17820 0
9629 1
9630 2
9631 1
9632 1
1444 2
9637 1
1446 2
9639 2
1452 1
1454 2
7069 0
17845 0
9656 1
9657 0
9658 2
17851 1
17852 2
1469 2
9669 2
9670 0
1479 3
1482 1
17867 0
9676 2
9678 3
17876 0
1493 0
1494 3
9690 2
9691 3
17887 2
17889 0
4347 3
9702 2
17896 1
9706 1
17900 2
9722 2
1531 0
1533 0
17921 0
1538 2
17924 0
9053 2
9735 0
1546 0
1548 2
17934 2
1551 2
9816 2
17938 0
4355 2
17941 1
2234 2
17944 1
9754 2
1564 1
17949 2
261 2
9763 1
16646 1
17958 2
9770 1
12551 2
17964 0
1583 2
17969 0
17979 2
1596 2
1597 1
17983 3
9792 2
1601 1
17988 3
17989 1
1611 3
17996 1
17997 3
1615 2
1616 0
9810 2
9811 0
18008 1
9817 2
18010 0
1630 1
9826 2
9828 1
9829 2
18022 1
1641 2
18028 1
4370 1
11197 3
13928 1
1653 2
13759 0
1658 3
1660 1
1661 1
1662 2
1663 2
9857 0
18050 3
18052 0
18055 2
1672 3
18057 2
1677 0
18063 1
9873 2
1685 2
1687 2
18083 1
18085 1
1703 1
18088 2
9897 1
9899 1
9900 2
1711 2
3016 1
1714 0
18100 1
9910 0
1721 2
1726 2
9845 1
1729 1
9923 0
1732 2
1734 1
9927 2
1737 1
18130 1
1749 0
18134 2
1751 2
18141 0
1758 3
18143 1
2412 0
9953 0
1762 0
1764 2
1767 2
9964 0
296 0
18162 0
1779 0
9854 1
18166 0
18167 1
18169 1
18174 2
7125 0
1792 0
18185 0
18186 2
18188 1
1666 2
1809 2
18194 3
15321 1
18201 1
18203 2
1821 1
18207 2
18210 0
1827 2
1828 2
8497 1
18216 2
18217 0
10026 2
1835 1
1836 1
18221 2
10031 2
10032 1
18225 2
10034 1
10035 2
18228 2
10037 2
1847 0
1848 3
1852 1
10045 1
1854 1
1855 2
10048 2
4699 1
10052 1
18247 2
10056 2
18250 2
18252 1
1872 0
2631 1
18264 1
11236 1
18268 1
10078 2
10080 2
10082 3
10083 2
18279 1
10088 1
10089 2
18282 1
3047 0
18284 1
1902 1
18290 0
10099 2
18293 0
11241 3
10105 0
18298 2
1918 2
1920 2
1923 2
1924 2
18310 3
1927 3
18312 1
10125 1
18319 0
14249 0
10130 2
1939 1
1944 0
10139 2
17504 2
10142 2
18335 1
18337 0
10149 1
1961 2
18348 1
18349 1
13981 3
1968 0
1969 0
1970 0
18355 3
10164 2
18358 3
1976 1
504 3
18363 1
18366 2
1987 1
18376 2
18378 1
18379 1
18380 0
18382 1
10191 3
18384 2
10196 1
2007 1
2009 0
18397 1
9893 3
18401 1
18404 2
2021 0
2025 1
10220 0
4434 1
18414 3
9896 2
18418 1
18419 1
18420 2
18426 1
2043 1
2047 2
2048 0
18091 2
2052 2
18438 1
18442 1
18446 2
10256 0
13998 1
2073 2
10269 0
10543 2
18475 0
2092 2
2094 1
18479 0
2097 3
2098 2
18483 2
2101 1
2103 2
2105 0
18491 0
2109 0
11798 2
18496 0
10306 1
18499 1
2116 2
10311 2
2121 0
10709 2
10317 1
10319 3
2128 1
2131 0
10324 1
10326 0
2135 1
2138 2
18523 0
18524 1
15376 3
10344 1
18538 2
18541 0
10351 2
2161 0
10356 1
1727 0
10366 2
7189 2
2176 2
10369 2
10372 1
618 1
9921 3
10377 2
13439 1
18574 2
10384 0
10386 1
18579 2
10390 0
2199 2
18584 1
18589 1
2206 0
2207 1
2209 0
18594 2
2211 0
10407 2
18603 0
10412 2
10413 0
2222 2
11294 3
18614 2
18615 1
10426 1
10430 0
2239 2
2240 2
10433 2
10434 2
18351 0
2248 2
10441 2
18635 1
4472 2
10450 2
2260 2
18649 0
2266 0
18652 2
18653 1
10467 2
2276 0
2278 2
18665 2
10475 1
2284 2
2287 2
18677 0
18678 0
18679 3
10488 2
10489 0
18682 1
2303 0
384 1
10498 2
10499 3
2309 2
2311 0
10505 2
18698 0
2315 2
18701 2
18704 1
18707 1
2324 2
10517 1
2327 1
10522 1
10523 2
5850 2
18722 0
2340 3
18725 1
18727 3
10537 2
18732 2
10542 2
5853 2
2356 2
18142 1
18747 1
2364 2
2368 1
2369 0
2371 2
10564 2
2377 0
2307 2
2381 2
18766 2
10575 1
2385 2
18770 0
18771 2
2388 2
18773 3
18776 3
10585 0
10589 2
10590 2
10595 2
2406 1
10599 0
10604 3
10607 1
10609 0
3453 2
2425 1
2426 1
2427 2
18812 2
14811 2
2434 2
18819 0
10628 2
10632 1
18156 1
10634 1
12695 3
18830 0
2452 2
18839 2
10648 2
10652 1
10654 1
10657 0
10658 2
10659 3
10660 2
2472 2
2476 0
10672 2
13176 0
2485 0
2486 2
10681 0
2491 0
1781 1
2496 1
4512 0
2498 2
2500 2
13995 2
10696 2
2505 3
2510 0
2513 1
10707 2
2517 0
10711 2
10714 1
10716 1
2528 0
423 2
3154 3
10734 1
10737 3
2546 2
2549 2
10743 1
2553 1
10749 1
10755 0
2565 0
2566 3
4525 1
15448 2
10771 1
10773 1
2583 3
10777 1
1168 3
16815 2
10780 0
10781 2
10783 3
10784 0
4528 2
10788 1
10789 2
2599 2
2600 2
2601 1
10798 0
10803 3
2613 1
10001 0
2615 2
10809 1
10810 1
10813 0
10814 1
10816 0
10817 1
10822 1
13181 1
2632 0
10825 0
4535 3
2640 2
10833 2
2642 0
2648 3
4538 2
2654 2
2655 2
10850 1
10852 2
18193 1
10856 2
10858 1
7271 1
10860 1
10863 0
2675 3
10868 0
2677 2
10871 2
10873 0
10878 2
10882 0
2699 1
10894 3
10895 1
10896 1
10897 3
10898 0
10901 2
10905 2
10906 2
2715 2
10910 1
10911 2
5915 3
2724 1
10919 0
2729 1
2731 3
10924 1
2735 1
2738 3
2739 2
10941 0
10942 0
2752 0
14549 2
2755 0
15478 2
10954 0
3191 2
2769 0
2771 0
16846 1
8655 2
2783 3
2784 0
2785 2
2787 0
5965 2
2791 2
2792 2
2793 0
2794 3
2797 3
10991 1
2801 2
10996 1
11004 2
18218 2
11010 3
18219 0
11012 2
11015 2
2833 0
2839 2
11035 0
11036 2
11038 2
1840 2
2851 1
11045 2
2854 1
1841 2
2863 0
2864 2
11059 0
11065 2
2874 0
2882 2
2883 0
2884 0
1187 2
11078 2
481 1
11086 1
1383 2
8675 2
2900 1
11095 2
2904 1
11097 1
11100 0
2909 1
2910 1
2911 2
2914 1
2915 2
12774 1
2928 1
5553 2
11125 1
11128 2
2939 2
11132 2
11139 1
1858 1
11150 2
2963 3
2973 2
2974 0
2975 1
2977 0
2979 2
11174 0
11175 1
1550 3
2988 0
11183 2
2995 2
3000 2
3001 2
11194 2
1866 2
3013 1
3014 0
11207 3
11208 1
3018 2
11214 2
11215 1
11217 2
11220 1
3030 1
505 3
11225 0
11226 2
3040 2
3044 2
11239 2
3048 3
3049 2
509 3
3056 2
3058 1
11258 3
11259 2
11261 3
11267 2
3076 2
3079 2
11272 2
11273 3
3087 2
1880 1
3102 2
3104 0
14171 0
3110 2
3114 3
11307 2
14174 1
11320 0
3129 3
3132 1
11327 2
11331 3
3141 2
11336 2
11340 2
3149 3
4621 2
11346 2
18275 1
8718 2
10332 1
11356 2
11368 0
3179 2
11373 2
3185 0
11379 3
7358 0
11382 2
11383 1
3198 0
6926 3
11398 2
3207 2
16919 1
3215 2
107 2
11412 0
3222 1
3228 3
18111 1
896 0
11425 2
8731 0
11428 3
11430 0
3242 3
3243 1
541 2
10201 1
3253 1
11451 1
3261 1
3263 2
3268 2
3270 1
11463 1
3272 0
11467 1
546 1
11470 0
12657 2
3278 3
3286 1
18297 0
3288 2
3290 3
11487 0
3296 0
3305 1
11500 0
11504 3
3313 2
11508 2
10476 3
11510 2
4475 0
3325 0
11518 2
555 2
3333 1
3334 1
12844 3
3287 2
11532 2
3342 1
3344 1
3347 0
11540 2
18353 0
3354 2
3358 0
3361 0
11554 1
3363 1
3366 0
3369 2
11565 1
3375 2
3380 1
3381 1
11575 0
11577 1
3386 3
3389 2
4661 0
3396 0
3399 0
567 2
11599 1
3410 2
11605 1
3416 0
11613 1
3424 3
11619 1
11620 1
3431 1
16956 1
3434 1
11631 2
14227 1
3446 2
3447 2
16959 2
3452 0
11645 1
3456 0
12663 2
11654 0
1605 0
11662 2
18328 1
3478 2
11672 2
3485 1
3489 3
3492 0
3493 3
11686 0
3495 2
8775 0
3502 2
14237 0
11703 1
3512 1
11707 2
3516 3
3520 2
11713 2
3523 2
3527 2
4684 0
11724 2
11733 3
11736 1
11738 1
11741 1
11742 0
14245 1
11744 2
11747 2
3557 2
11751 1
11761 1
3571 2
11764 2
3575 1
3576 0
11769 1
11773 2
3585 2
11779 0
1964 2
3595 0
11790 3
11791 3
11793 1
3605 1
3606 3
11800 2
11802 0
10213 2
16986 0
11808 1
3618 0
3619 2
3621 2
11815 1
14578 1
11820 3
3629 1
3630 2
11826 2
11831 1
11833 1
11834 2
11836 0
11838 2
11839 3
11842 0
11844 2
3654 0
3658 2
3659 0
3660 3
3666 0
3667 2
3670 0
3674 2
11867 1
11873 1
11874 1
11877 2
3694 1
11887 2
3696 0
3702 2
3703 2
3704 1
11897 0
11901 1
11902 2
17309 0
11913 1
3727 2
3730 2
10179 0
3740 0
3751 1
3752 3
15644 1
5035 2
7453 1
1992 2
3763 2
3768 0
3770 2
3773 2
11553 2
3784 2
11978 0
3792 0
632 0
11989 0
11990 1
3800 2
15653 0
17019 1
12006 0
12011 3
3821 2
17022 0
12023 1
3842 0
12037 2
12040 0
18391 0
8809 0
8835 1
12053 1
3862 2
12055 2
3876 2
12069 1
3879 2
12074 2
12079 3
3889 2
18133 2
17042 2
12087 0
10207 2
651 0
12100 2
12103 3
3912 1
12109 2
12110 2
3926 0
2020 3
12122 3
4768 2
12126 2
12127 2
12128 1
12129 1
12130 2
17041 1
3944 0
12141 1
3950 0
12143 3
3958 2
3961 0
15679 0
6122 2
12158 2
3967 3
3968 3
3970 3
3971 1
3979 1
3983 2
3985 2
12183 2
12184 2
3995 1
3997 2
12191 0
133 2
4001 1
12196 3
12954 0
12202 2
4014 2
4017 2
4019 1
4020 1
4766 1
4024 1
12218 2
12223 1
12225 2
4039 2
12235 0
4047 1
4050 1
12248 2
4058 2
15138 0
12252 2
4063 2
12257 0
12259 2
12262 2
12264 1
12268 2
4079 0
12272 2
4081 1
12277 0
4086 2
4087 0
4088 0
4089 1
12283 0
12284 0
4093 1
4096 0
4098 1
4099 2
4107 2
12300 2
12305 1
12306 2
10244 3
12314 2
4124 2
4131 0
12324 2
12325 0
12331 2
12332 2
4151 2
12344 2
12348 1
12352 1
4161 0
12356 0
12361 2
4173 2
3427 2
12372 0
12375 1
4184 2
3428 1
12380 0
4794 2
12391 1
12392 1
12393 1
4202 1
12402 1
4214 0
4217 3
12410 2
4221 2
4222 2
10261 2
12416 1
4225 2
4227 2
12426 0
12428 3
4238 0
12433 2
4245 2
12438 0
4248 0
4256 2
12451 1
4262 2
4263 2
18691 1
13781 1
12999 1
12464 0
12465 1
713 0
4280 1
12473 1
714 1
8326 2
12480 2
17159 3
17099 2
12486 2
12487 0
11639 1
4301 1
7781 2
12496 1
12499 1
4308 2
4309 2
12506 1
4316 1
12514 0
4323 2
1235 2
12521 2
4333 2
12526 1
4335 2
4336 0
12530 1
4341 1
4342 2
4345 2
12539 2
4349 2
4354 2
2091 2
4822 0
4359 2
6188 2
4363 2
12558 0
12559 1
12562 3
4379 2
4380 2
12573 0
4383 2
12578 0
4387 3
4389 2
12585 0
12595 2
4405 2
12598 1
4407 0
12601 0
4413 3
12609 3
12612 3
12615 2
15756 1
12623 0
12626 2
4436 2
12632 1
12634 0
12635 0
12638 2
12639 0
12641 0
10299 2
12648 2
12649 1
13031 1
12652 2
4462 2
18493 2
4465 0
12662 1
4471 1
12664 1
12666 0
12667 0
12668 2
12671 0
12672 3
2112 2
12674 3
8939 2
12680 0
4491 1
12686 2
13037 1
4498 2
4501 0
4503 2
12698 2
4511 1
12704 1
12705 2
4520 0
4524 1
12717 1
4527 1
12720 1
4529 2
4532 1
12726 0
12727 1
4536 0
4537 2
12730 1
12732 1
12734 0
4544 1
12737 1
12743 0
12746 1
4557 1
760 1
12757 2
761 3
4568 0
4570 1
4571 0
12765 2
4577 2
8955 1
4580 1
4582 2
4584 0
12778 0
12780 1
12782 0
4591 0
12786 0
4595 1
12788 2
12790 0
4599 1
6228 2
12795 0
4605 2
4607 1
4609 1
12804 1
4613 0
4615 0
4620 0
12813 2
4622 2
4624 1
4626 2
8963 2
4630 0
4632 2
12828 0
4637 1
12832 1
10331 0
17067 1
4649 3
12843 1
4652 3
4653 0
12847 2
4656 1
4658 2
12852 2
12853 2
4662 0
12856 2
2221 0
4667 2
12861 2
4671 0
4673 0
4674 1
12870 1
780 2
12874 1
4683 0
12876 2
4693 2
12888 2
12891 2
4700 0
4705 1
12898 1
4707 2
4709 1
4713 0
12906 2
4716 3
4717 0
12910 2
4719 0
4726 1
12919 1
12920 1
12923 3
4732 0
4735 3
12928 1
12929 0
12930 2
790 2
4744 1
4745 1
4748 1
2157 0
12945 2
12946 1
4758 0
4762 0
14447 0
794 2
12958 0
12960 2
12961 2
12967 0
12970 2
12971 1
797 1
4784 1
4786 3
12986 2
12987 1
12991 0
12994 1
12998 1
4807 1
4808 1
4809 2
4811 3
13004 2
4813 1
4814 2
4816 1
13009 2
13010 0
4819 1
13014 2
4824 2
4825 2
4826 1
4827 1
13021 0
4830 0
4831 1
2343 1
13027 0
4836 0
4837 2
13030 2
4839 0
4841 2
13034 0
4843 2
4845 2
13039 0
4848 1
13042 2
13043 2
13045 1
13047 0
4858 1
13051 2
13055 1
13056 0
6272 3
13058 0
4875 0
14466 0
4878 0
813 1
13074 0
13075 2
13078 0
2181 1
4897 2
13092 1
4901 0
13105 3
13107 0
13108 0
13110 1
6282 2
4929 0
4934 1
15841 2
4936 0
13129 2
13130 2
4939 0
13134 1
7246 2
13146 0
13147 1
4959 0
4963 3
13168 2
11077 1
4984 2
4985 1
4986 2
4989 0
13184 1
13187 1
4997 2
4999 1
13196 0
5005 3
5007 1
5008 0
2200 1
5012 0
5015 3
5018 1
13213 0
5030 2
13127 2
13230 2
5039 0
9033 1
13245 2
5054 1
5057 3
13250 2
5063 2
5064 2
9036 3
5067 2
4942 0
13271 1
13272 0
13275 2
13279 2
5090 3
5095 2
5099 1
13295 1
851 0
5108 1
13301 2
13302 1
13303 2
5121 2
5122 2
5123 2
13317 0
18604 2
18605 2
13329 2
5138 0
13331 2
13332 2
6318 0
13334 0
9049 2
2899 2
13345 3
5154 2
5160 0
9052 1
6322 3
5166 1
861 2
13360 2
5169 1
13363 2
862 0
13366 0
5176 1
1671 1
5183 3
5186 0
5187 0
13380 2
13381 0
5191 2
13385 1
13387 1
5196 2
3992 3
5203 2
5206 1
13405 2
5214 2
5217 0
5219 1
13413 2
13414 2
5225 3
18622 2
13437 1
5247 2
5248 0
744 2
13444 1
5253 3
5255 0
13449 2
13451 1
8904 1
18626 3
13458 0
13459 0
13460 0
5269 0
9071 0
5276 2
5287 2
13482 3
12724 1
5292 2
5293 2
13489 0
13494 3
18633 0
884 1
6346 2
13503 2
5318 0
13513 0
5323 2
7073 2
13519 2
13520 2
888 2
5332 2
17273 2
13528 2
5337 1
5338 0
5345 2
5348 3
5349 2
13542 0
13551 2
13553 0
5363 3
13556 0
5372 2
13567 3
17280 1
5378 2
13572 2
13586 0
13587 2
13588 2
5399 3
13596 2
5405 2
13603 0
9094 0
13607 2
10460 1
13610 1
9095 2
5421 2
10461 2
4818 0
13626 3
13628 1
5437 2
5441 2
5444 2
13638 2
13660 3
13200 0
5476 0
5477 0
5478 0
1819 0
5481 0
5483 1
5484 2
5490 1
13685 1
5499 2
9311 2
13695 2
5504 0
13699 0
5513 2
13707 2
13710 2
9113 0
13723 2
14576 0
5538 0
14369 2
13734 1
5545 1
13741 2
5550 2
5021 2
5552 1
13745 2
5555 3
5561 2
13754 2
5564 1
5567 2
11851 1
5572 3
5573 0
17313 2
5576 1
5579 2
13772 2
5581 2
5583 2
5587 1
5588 3
5589 3
13782 2
2297 2
932 3
13786 0
13788 3
5600 0
5603 0
5606 0
5609 2
5610 2
5612 2
5613 1
5619 1
9129 2
5624 2
13818 3
5627 1
5628 1
5630 2
5632 1
13827 0
13828 1
5639 2
13834 2
5644 3
2306 1
13843 0
13845 1
5659 0
5664 2
9136 2
5668 2
5670 1
13864 2
5673 3
10503 2
13872 1
5682 3
13876 0
2917 0
5690 1
13884 2
2099 2
13892 3
13894 0
13901 2
15750 0
952 1
5714 0
13911 2
5720 2
13913 0
13916 2
13919 3
13920 2
11102 3
13925 0
13927 1
5736 2
1282 0
5743 1
13941 0
15977 0
16538 0
13951 3
13954 1
13965 0
13968 0
13978 2
5787 0
18714 1
5795 3
13988 0
5797 0
5800 1
5803 1
5806 0
2333 2
5808 2
5810 0
7796 3
5818 2
5819 1
14012 1
8923 2
5831 0
14031 0
14036 1
14040 1
14042 2
14045 0
14047 1
14050 1
5859 2
14631 2
5871 3
14066 3
5878 0
5879 2
5884 0
14082 1
14084 1
5894 0
5903 2
5904 2
5907 2
18734 2
14103 1
14107 0
14109 3
14640 0
5925 2
14123 1
5933 2
14126 2
14128 2
14132 3
14133 2
5943 0
14928 2
14138 1
14139 1
5948 2
4645 0
14148 2
5957 1
5958 2
14155 3
14157 2
5966 2
5975 3
14168 1
5978 0
17657 0
5980 3
5982 2
5985 2
14180 1
5989 2
14188 2
14189 0
14190 2
14194 2
14196 0
6011 2
6015 0
6017 2
6018 1
14212 2
6023 1
15749 1
14221 0
16024 1
10563 2
6045 1
14239 0
6053 1
6054 2
6057 2
14253 2
14255 0
6064 2
14257 1
7567 2
14261 0
6071 2
14264 2
4021 1
6075 3
14268 2
14274 2
14277 2
14278 2
14282 1
6094 2
14287 1
18752 0
6100 2
6101 0
14294 0
9209 1
6104 2
7844 0
14302 2
6112 0
6115 3
14673 2
6120 2
13570 3
6128 2
14321 2
14322 2
14323 2
6140 2
14333 3
14334 0
6149 0
6150 0
6152 3
14345 3
6154 2
14349 1
6158 2
14353 0
14355 2
6164 2
14360 1
6169 2
6172 0
6173 0
5125 0
6176 1
6177 1
14371 1
14373 1
14374 0
14375 0
6184 0
6185 2
14380 0
16050 3
6191 1
6193 3
14386 2
6196 2
6201 2
6203 2
6206 2
6207 2
14405 1
14411 2
14414 2
1037 3
6227 2
14420 2
9230 0
14422 3
6231 2
6232 2
14432 3
14433 2
14437 2
5137 1
6250 2
6251 2
14444 2
6255 2
6259 0
10574 2
14453 0
14463 1
14464 3
6274 3
14699 0
860 3
14474 3
5143 1
6284 0
6286 3
14488 3
14494 0
6307 1
14501 0
14504 2
14505 2
14510 2
14513 2
14514 3
15759 3
6331 2
6332 2
6333 1
6340 2
14534 1
14538 2
6349 2
14544 2
14545 3
14546 0
6357 2
6363 2
6367 2
6368 2
14562 1
14563 1
14565 1
10620 0
14572 0
6384 0
6385 2
6386 1
6391 3
6393 2
6396 0
14604 2
5165 0
6416 3
14611 1
6422 1
6424 0
6426 1
14622 2
14625 2
6436 1
6439 2
6440 1
14633 0
11944 2
6445 1
6446 2
6448 1
2440 2
14642 2
5171 1
14646 1
6455 1
6456 1
14651 2
12763 2
17461 3
6464 0
14658 1
6468 1
14664 1
14732 2
14666 2
6479 0
14672 1
6481 2
14674 2
3811 2
14677 2
6488 2
6494 0
6497 0
6500 3
3814 1
6504 2
762 1
6506 2
6507 2
17469 0
16104 0
857 1
14710 2
6523 2
17948 2
6527 1
9280 1
14724 2
14728 3
2127 0
14731 2
6540 0
9282 3
14745 3
14746 2
18844 1
14765 0
6575 2
14774 1
6584 2
6586 0
14779 2
6588 1
6590 0
6592 3
5195 2
14789 2
14793 1
6603 1
6605 0
14808 2
6619 2
6621 2
14816 1
14817 2
8665 2
6642 3
6643 3
6647 2
6653 1
1790 2
12034 1
9304 2
14868 2
9224 1
14874 2
14878 2
6687 2
14881 1
1115 1
6692 2
16134 0
14886 1
6697 2
1314 1
6702 1
6703 1
6704 1
6708 1
6709 0
6710 1
14904 2
6715 2
14908 1
14913 2
14914 2
6723 1
14916 0
6725 0
6726 2
17505 0
14920 0
14927 1
6736 0
6737 1
14942 3
14945 1
2407 1
6760 0
6763 0
14957 1
14782 2
14966 0
14972 2
14973 2
6782 1
4863 1
6787 0
14983 2
6795 2
6796 0
17517 1
6802 3
6803 1
14996 2
6806 0
6809 0
6810 1
15004 2
6816 1
6817 1
15011 0
6824 0
15017 1
6829 1
6831 0
6833 1
6837 1
6839 3
6842 3
6843 2
6844 0
15039 2
15040 1
6849 0
15042 2
15043 2
6852 0
15045 2
15047 0
6856 1
15051 2
6860 1
6862 3
15055 2
6867 1
6868 1
10702 2
6871 0
4866 0
15067 2
15068 2
6877 0
15072 0
6881 2
15074 0
15075 2
6885 1
6887 1
15080 2
7975 2
15085 2
6894 0
15093 3
6902 0
6905 1
1151 1
6910 2
6911 1
6912 2
15105 1
15106 1
15107 1
15109 1
15110 1
15114 2
15116 2
15994 2
15119 0
15120 0
6616 1
15123 1
15126 1
6939 2
6942 1
15135 2
6945 0
6946 2
6947 3
15140 0
15141 1
15144 0
6953 2
6955 0
6957 1
15151 3
9352 1
15156 3
6965 2
15160 1
15162 1
6971 1
15165 0
15166 0
6978 0
15172 2
1164 1
6986 2
6987 1
15180 1
15182 0
6993 2
15186 1
15188 0
15190 0
15191 2
15192 0
15193 1
7005 2
7006 2
7008 2
7009 2
15204 2
7017 1
7018 1
15211 3
7020 2
7023 1
15223 0
15225 1
15228 0
7038 0
15231 0
15232 1
15240 0
15241 2
7050 1
7052 1
15245 2
7056 2
7059 2
7060 0
7062 0
7065 3
15259 0
15261 2
7070 2
7071 1
15264 2
15265 1
7074 2
3236 0
7076 1
7077 2
15275 1
7085 0
15279 2
15282 2
15283 0
7093 0
15289 3
7098 2
7099 3
7104 0
7110 2
15304 2
7116 1
15309 1
7120 2
15314 0
15315 2
8014 2
15318 2
15319 0
7128 2
7129 2
7130 0
7134 1
15329 2
7138 0
7139 0
15333 2
7148 0
15344 3
7158 2
15351 1
17151 2
15364 2
8022 0
15373 3
15374 0
13485 2
7184 0
7185 2
2563 2
7188 2
9390 1
7194 2
15393 2
7203 2
7204 0
7208 2
7209 2
15403 1
7214 2
15409 2
15413 2
15419 2
15428 2
15430 1
7239 1
7240 3
7242 0
7244 0
15438 0
15439 1
15440 1
7250 2
15443 0
7256 2
7260 2
15460 0
15462 3
14865 0
1212 3
15467 0
15471 1
7280 0
12136 2
10414 1
15482 1
15485 3
7294 0
15488 3
15491 1
15494 3
15495 1
15496 0
15498 0
15500 2
15503 2
15505 0
15509 1
15511 0
15513 0
15514 0
15515 0
15520 0
15522 1
7336 0
2231 2
15543 1
15550 0
15552 1
15560 0
15565 1
7374 3
15573 0
15578 0
7388 2
15582 0
2597 0
15590 1
15593 0
7407 2
15600 2
15602 2
15603 1
15614 0
15616 0
7425 3
15619 0
15621 2
7430 3
15627 1
7440 2
15633 0
15634 0
14894 2
7447 2
7448 2
15641 0
7450 2
7452 2
15645 3
15647 1
15649 3
15650 0
7461 1
15654 2
15657 2
15668 1
15669 1
15670 3
7481 1
15676 0
15677 1
14901 0
7489 2
7491 2
7493 2
15693 0
6712 2
15704 0
15706 1
15710 3
15714 1
15715 2
7524 3
9446 1
15718 0
7527 3
15721 2
15722 2
15723 0
7532 2
7533 0
7538 3
7540 0
7548 2
15741 1
15746 0
7555 0
15748 2
7557 2
7558 0
7561 2
7563 2
7564 2
15758 2
17645 0
15761 2
15765 2
15770 2
7580 2
8090 2
15774 0
15776 2
7587 0
15781 1
15786 0
7595 0
15788 1
15792 2
10824 0
15794 1
17651 0
15798 1
2633 2
15802 3
10619 0
7612 1
15809 1
15813 0
7627 0
15824 2
15825 0
1273 2
15834 1
15835 1
7649 2
7651 2
7657 2
15852 2
15854 1
7670 3
7672 3
5375 2
15871 1
7682 2
15877 0
15878 2
15880 1
15883 0
7693 2
7695 2
7699 2
7701 0
15895 0
15898 2
7709 3
7712 2
7715 0
15910 1
15911 3
15920 1
15921 2
7732 1
7738 2
7739 0
7743 2
7744 3
7747 2
7751 2
7754 1
16625 0
7758 1
7766 1
15959 1
15962 0
15967 0
15968 3
7778 0
15971 2
15972 0
15973 2
7783 0
7785 0
10855 1
15981 0
15983 2
15984 0
7795 0
15988 1
7798 1
7800 0
7802 0
7803 0
15997 1
15999 1
16000 2
16003 2
7812 0
16006 1
4033 2
7817 1
16010 0
7820 2
16015 1
7832 3
7838 2
7839 2
16034 2
16036 1
16039 2
16040 2
16048 1
16049 1
7858 2
16054 1
7864 3
7865 2
16058 0
16060 2
16061 1
1353 0
16063 1
7873 1
4043 2
16069 2
7878 0
7882 1
12873 1
7885 3
16082 2
7891 2
16088 1
16091 2
7900 2
7912 0
16106 2
16110 2
16115 2
7927 1
16120 1
16124 1
7934 2
16127 3
16129 1
7941 0
7942 1
16135 2
7945 2
16138 2
7947 2
16143 2
16144 0
7955 2
16148 2
7957 0
16158 3
7968 0
7973 0
7974 0
16167 0
7986 2
17715 0
16186 2
16187 1
16188 3
16189 0
8001 1
16200 0
8009 2
16202 0
8011 1
16206 0
16207 0
8018 3
10087 3
8020 2
16213 0
16214 2
16220 2
16224 2
16226 0
16229 3
16231 1
16232 0
5436 3
8042 0
16235 1
16238 3
8054 2
16251 2
16252 1
16261 1
8070 0
16263 2
16265 1
16266 2
8079 0
16272 0
16277 2
16279 0
16282 1
2714 0
16288 1
16291 2
16292 0
8101 1
8103 2
16301 1
8112 2
8119 0
5946 0
3271 2
16373 1
16321 0
16325 0
15009 2
16332 2
8142 3
8146 2
10916 2
8156 1
8157 1
8159 3
16356 0
16358 2
16359 1
8168 2
16369 0
8179 2
16382 1
16375 0
16376 2
16380 0
8190 2
9557 1
