16384 0
8193 0
16386 2
8195 0
16388 2
8197 2
8198 2
16391 1
16393 2
8203 0
16396 1
8194 1
16398 0
16402 1
8211 0
8212 0
16405 2
16409 0
8218 3
16412 0
29 0
16415 2
8224 1
16419 1
8228 2
16422 2
16425 0
8237 2
16430 2
16431 2
16432 0
16433 2
16437 1
8247 1
16440 2
16441 2
16442 2
16443 2
16445 2
16446 0
13664 0
66 1
16451 0
16452 1
8261 2
70 0
16456 2
74 0
17762 2
78 1
8276 1
16469 1
16470 1
88 2
15034 2
16478 1
8288 2
98 2
16484 1
8293 1
102 1
16488 2
106 1
1383 2
111 3
10599 0
12006 0
116 3
8309 2
16502 0
120 3
16505 0
122 3
16509 1
8213 1
128 1
132 2
133 2
8326 2
135 1
18008 1
5484 2
8330 2
16523 2
16525 0
16527 2
16528 1
8338 2
1390 2
150 2
8343 1
8347 3
156 0
8349 2
15045 2
16544 3
162 2
16548 0
16549 2
8358 0
12316 2
11435 2
8363 1
173 2
8366 1
16559 0
8368 1
177 1
8371 2
8372 3
183 2
185 2
8223 0
16572 3
8381 1
190 3
191 0
8385 0
16579 0
197 2
8391 2
8392 2
8393 2
202 2
8397 2
16590 3
208 2
8401 2
8402 2
8403 3
16598 2
9593 2
8408 2
16601 1
218 3
220 2
17786 2
223 2
8418 2
9595 2
16612 1
16614 0
16615 0
8425 3
8426 2
16620 3
237 2
8430 2
16624 2
16625 0
16626 2
16627 0
16628 0
8737 2
8438 2
41 0
6868 1
250 1
16636 2
16638 0
16639 1
16640 1
16642 0
16644 2
16646 1
8455 0
16650 0
8459 2
8461 3
271 2
16657 1
16658 0
8738 0
8238 0
16663 2
8473 2
8474 3
9473 1
287 2
16672 0
16673 1
13147 1
291 1
8484 3
8486 2
8241 2
8488 2
16682 0
16684 2
16686 1
16687 1
8496 2
305 2
16690 2
10974 3
8502 1
311 0
312 1
313 1
16701 2
8510 2
319 2
320 3
16705 1
8514 1
16707 0
16708 0
5222 0
4648 1
16713 0
17951 2
332 2
16718 1
16719 2
4152 2
338 1
16723 3
8532 1
8533 3
16726 0
8535 2
16728 1
16730 0
8539 1
8250 1
16734 1
16736 0
16737 2
16738 1
16739 1
8548 2
16741 2
16742 1
359 3
16744 2
362 1
8559 3
16752 2
8561 0
371 0
8564 2
62 2
374 2
16759 1
376 2
377 0
378 3
16765 2
383 0
384 1
16770 1
16771 0
388 1
5526 0
16774 1
15084 3
394 2
8587 1
396 1
16781 0
398 0
17515 3
8594 1
16787 1
16789 3
8598 0
407 2
13107 0
410 2
16795 1
8606 0
12581 0
8608 1
8609 2
8610 1
16803 1
8612 0
8613 2
423 2
8616 2
16810 3
8619 3
428 2
8621 0
16814 2
1437 3
8625 2
16818 0
8627 0
16821 1
12361 2
16824 0
8634 2
1439 2
444 2
16829 1
446 2
16831 1
16832 0
1440 2
8642 0
8643 1
16836 1
16837 1
454 2
455 1
16841 2
16842 1
16843 3
462 3
8655 2
464 2
16851 2
468 0
469 1
16854 2
16856 2
17828 3
8666 2
475 1
16860 0
16861 1
8671 3
8672 0
8673 1
1107 1
483 2
9638 3
8679 2
488 2
16876 3
289 2
16878 0
8687 2
496 2
8689 2
8691 2
500 2
16885 0
16886 2
504 3
16468 2
6911 1
508 0
509 3
512 1
16897 2
16898 2
16902 2
8714 1
524 2
525 0
8718 2
16911 0
16914 1
8723 1
8724 1
13742 2
8726 2
535 0
8728 2
8729 1
538 0
16923 2
8732 1
542 2
543 2
16928 2
545 2
16930 2
8739 3
8740 2
8741 0
16291 2
551 1
8744 2
16937 2
8746 2
16939 1
8748 3
558 1
8285 1
562 3
8755 0
564 1
16949 0
8758 2
8759 1
16953 1
8762 1
8763 0
572 0
573 1
574 0
16959 2
16960 1
577 1
8771 3
581 1
583 1
8777 0
16971 1
8780 1
591 1
5560 1
16978 2
16980 2
8789 2
8791 2
8792 1
8793 1
603 1
8796 0
16989 1
606 0
8799 2
16992 2
16993 2
8802 1
8803 0
8805 2
16999 0
616 3
17852 2
9295 0
8812 2
8813 1
622 0
8815 2
17008 2
8296 2
13387 1
6931 2
14751 2
629 1
8822 2
8824 0
8825 1
8827 2
17021 0
638 0
17023 1
17024 2
641 0
8834 2
8835 1
644 1
17029 0
1473 1
8840 1
8841 2
8842 2
651 0
17036 2
653 2
654 0
655 2
17040 1
17041 1
658 0
17043 0
660 2
15129 1
664 0
665 1
666 0
17051 1
17052 2
7042 0
8862 2
8863 3
672 0
673 2
674 0
17059 0
8869 2
17062 0
15132 1
17068 3
17069 3
6941 0
8880 0
8881 2
17074 1
2826 2
17077 3
17078 2
8888 3
17081 0
17082 1
700 2
702 1
17087 0
704 0
17089 0
707 0
709 1
8902 2
712 2
17097 2
8906 2
17099 2
716 1
717 0
8312 1
8914 2
725 1
8920 1
8921 2
730 2
8923 2
732 1
733 1
8927 3
16808 1
18028 1
14353 0
10321 0
741 2
17126 2
8935 2
744 2
746 2
17131 1
749 0
750 2
751 3
8944 1
8946 0
13779 1
605 3
760 1
8954 2
8955 1
764 2
17149 3
766 1
17151 2
17152 1
17153 0
17154 0
17156 2
5590 3
774 1
12417 2
776 3
780 2
8974 2
17167 2
17168 2
786 0
787 2
788 2
790 2
8984 1
8985 0
794 2
795 2
8988 3
8990 2
8325 2
8992 3
802 1
8995 2
17188 2
17190 1
8999 0
808 2
17193 2
17194 2
9009 2
17202 0
9011 2
17205 1
17206 1
9015 0
17208 0
825 2
17210 2
17211 1
16522 1
15157 2
832 2
481 1
17218 1
8331 2
17220 1
9029 0
17224 3
844 2
9037 2
17231 0
17232 1
17233 2
17234 3
17235 0
852 2
17237 2
854 0
17239 1
856 0
17241 1
859 2
17244 0
17245 1
862 0
9057 1
17251 1
9060 3
870 2
874 3
875 2
17260 2
17262 0
879 2
17264 0
17265 2
882 0
883 1
17268 1
2878 3
9079 1
888 2
9081 2
9082 2
17275 0
892 2
17277 1
895 1
9088 3
9089 2
17282 3
9092 0
9093 1
903 0
9097 1
17290 2
151 1
17292 1
2882 2
910 1
9103 2
17297 0
17299 0
9108 2
918 0
9112 2
9113 0
17308 2
9578 1
17310 1
17313 2
9963 0
9123 2
2886 0
11215 1
936 3
8348 2
17323 0
17325 1
9136 2
17331 1
15580 2
12446 0
9142 0
9144 3
17337 0
14900 0
17343 0
9152 2
4256 2
17590 2
9158 3
17351 1
17737 2
9162 1
9164 0
8354 1
11354 2
17362 2
17365 0
17366 0
17368 1
8356 3
9178 1
9182 0
9184 2
9186 2
17381 2
5628 1
16046 0
9196 0
17390 1
1009 1
1010 1
17395 2
17396 2
10154 0
17399 2
13823 1
17404 1
9215 0
4944 0
9218 2
17411 1
1028 1
1030 2
9224 1
6999 0
9228 2
9229 1
9230 0
8365 1
1040 0
2904 1
9234 2
9236 1
1045 1
17430 2
15193 1
9240 0
13828 1
17435 3
17440 2
12464 0
1058 2
17445 2
9257 0
5639 2
9310 0
16557 2
9262 2
1071 1
2462 2
9266 3
9269 2
9270 2
17463 1
9272 3
180 3
9274 2
17468 1
9278 1
9279 2
17474 2
9283 1
17476 0
17477 1
1094 3
17480 2
9289 3
7410 2
17356 2
17486 0
17487 2
1106 0
17491 2
1108 2
17934 2
9302 2
9304 2
9305 1
9307 2
9308 1
17502 3
17503 2
9312 2
17505 0
18354 0
9316 0
17509 2
9318 0
1127 1
9323 0
17517 1
17518 0
7016 2
17522 0
2517 0
17532 2
17533 3
1150 2
9343 2
17536 2
9347 1
9349 2
17542 1
193 1
17544 2
9353 0
9355 3
17548 1
17549 1
17550 2
17551 2
1168 3
17553 2
17554 2
17556 2
1173 2
1174 2
17559 2
17560 1
9369 3
17563 2
9555 1
9373 3
1183 0
1186 0
17571 1
17574 1
9383 0
1192 2
17577 1
16583 2
9388 2
296 0
226 0
5661 1
9392 0
200 0
1203 2
17589 0
9398 1
201 1
17593 2
17594 1
9403 1
17596 1
6587 1
17598 2
1218 2
17605 1
1225 2
1226 1
1227 0
9420 1
9421 2
9425 1
9426 2
9427 2
1236 1
206 3
17623 1
17624 1
9433 2
1242 3
17631 0
17632 1
17633 3
587 1
1251 1
1253 0
9446 1
17639 1
17640 1
17642 1
17959 2
17644 1
16594 2
9455 1
1264 3
17649 1
17650 1
12499 1
17652 1
9461 2
17654 3
17655 3
9464 0
17657 0
7039 1
17660 2
9770 1
1278 0
1279 0
11136 2
17666 2
9477 2
9478 2
1288 2
9481 2
1290 1
17675 2
9863 2
9485 1
9486 3
17680 0
17683 0
9492 2
4313 2
17689 2
17691 2
9501 0
9503 2
1313 3
17698 0
9507 0
1319 0
17707 2
17708 2
9517 3
17710 2
8413 2
1331 1
9046 1
317 2
17718 1
17719 1
17972 0
1338 1
16607 1
1340 2
11146 3
17726 2
1343 2
9536 0
9540 2
1349 0
9543 2
16139 2
15244 0
17738 0
9548 0
1357 2
16611 0
1365 0
10394 0
17756 0
1375 2
9569 2
1378 3
9787 3
1381 2
17767 1
1386 3
7058 3
1410 2
1597 1
1393 2
9590 2
9592 1
1401 2
9594 2
17787 3
9597 2
9599 0
9601 2
17794 1
4331 1
7062 0
9606 1
1415 2
17800 2
17801 2
9610 2
1422 2
1423 2
9623 2
9625 0
9626 2
17820 0
9629 1
1438 1
9631 1
9632 1
17825 1
9635 2
1444 2
1446 2
9639 2
17835 2
9645 2
9646 1
7069 0
9648 2
17843 2
1464 2
17849 2
17850 1
17851 1
1468 2
2231 2
17854 0
9663 2
17856 0
9665 2
9669 2
9672 1
9673 1
1482 1
1483 2
9676 2
7074 2
1488 1
4344 3
12537 3
9688 3
7076 1
9690 2
9691 3
9692 2
9694 0
17887 2
17891 0
17892 0
9702 2
17895 0
17896 1
9705 0
9707 1
17900 2
1521 3
9722 2
8447 0
1538 2
1539 2
17924 0
9053 2
1543 1
1544 1
12546 0
9742 1
17937 2
1554 2
17941 1
1558 3
2234 2
17944 1
1561 2
13691 2
17948 2
17949 2
4357 1
9761 1
17955 2
16965 0
1575 1
1576 1
17962 1
17964 0
9773 2
17966 1
17971 2
1588 0
17973 2
1591 1
9784 2
17977 2
17979 2
1596 2
12554 3
9791 2
9792 2
17985 2
17986 0
17988 3
1605 0
9798 0
1608 1
9801 2
1610 1
17996 1
17999 0
9810 2
1619 2
1622 2
9815 2
9816 2
9817 2
1626 2
18013 0
18014 3
18015 2
1634 2
9828 1
9829 2
1640 2
18027 2
1644 1
15293 0
18032 0
1652 2
1653 2
1655 2
1657 2
7103 2
1660 1
18045 0
1662 2
1663 2
1666 2
11785 0
1669 1
601 1
1671 1
18056 0
18057 2
1674 2
9603 1
1677 0
18062 2
9873 2
9876 0
1685 2
1690 0
1691 2
18076 0
18079 2
1697 0
18082 0
1699 1
1700 2
1701 2
1702 2
1703 1
18088 2
1706 0
18091 2
1709 0
9902 0
1711 2
1925 3
9906 2
1715 0
1716 1
1717 2
15305 2
14414 2
9914 3
18107 3
18109 2
18110 1
18037 1
8480 1
1732 2
8481 0
9605 1
18121 1
9930 3
18123 2
18126 0
1744 2
1747 0
1748 0
18134 2
1751 2
9944 0
292 0
9946 2
18139 1
1757 1
1758 3
1759 2
18144 2
9954 0
1763 0
1764 2
18149 1
18150 2
1767 2
1769 2
1771 1
18156 1
1773 1
18158 0
18159 2
8788 2
4392 1
1779 0
18164 1
9854 1
18166 0
18167 1
1785 2
9978 2
9855 0
1788 2
1789 2
1790 2
1791 3
1792 0
18178 1
18185 0
18186 2
18050 3
18191 2
10000 0
10001 0
18194 3
1812 3
18197 0
3033 0
18201 1
10011 1
18204 2
3034 2
18207 2
18210 0
1827 2
18212 1
18214 2
10024 0
10025 1
18218 2
1835 1
10030 2
1839 2
10032 1
18225 2
10034 1
10035 2
10036 2
1845 0
18230 0
1847 0
18232 2
10043 1
1852 1
10046 2
18240 0
1858 1
18243 0
1861 0
1862 3
18247 2
10056 2
18250 2
16695 2
10060 2
16429 2
1872 0
6609 0
18261 1
11851 1
18264 1
18269 2
10080 2
1889 2
18274 3
10083 2
10084 1
1893 1
10087 3
10088 1
10089 2
18282 1
3047 0
18284 1
18287 1
11240 3
18290 0
18291 0
18292 0
18294 1
10105 0
10106 2
1918 2
1920 2
1921 2
1924 2
18309 1
1926 3
10119 1
18312 1
1929 0
18314 2
18315 3
10125 1
1934 0
10127 1
18321 2
18324 2
1942 0
324 1
10586 0
1947 1
18334 1
10143 1
10144 0
18337 0
10146 2
10147 3
10149 1
10151 3
18344 2
1961 2
1962 3
1964 2
1965 2
18350 0
18352 1
1969 0
1970 0
18355 3
18357 2
10166 2
10169 2
1979 1
18366 2
9768 2
10179 0
15350 0
1991 2
1992 2
16716 0
16706 1
10189 1
18382 1
10191 3
18384 2
18385 1
2005 1
18390 0
4705 1
2009 0
2010 1
9887 3
18397 1
18235 2
18401 1
10210 1
18404 2
10213 2
10220 0
18414 3
5800 1
18419 1
18420 2
18421 3
14198 3
18426 1
10235 2
10237 0
18434 3
18435 1
2052 2
2053 0
10247 1
18443 2
2061 3
18446 2
10256 0
887 2
2072 2
2073 2
2074 1
9903 1
2076 2
10269 0
18462 3
2079 3
18465 1
12635 0
2087 2
10281 2
2091 2
2094 1
10287 2
2097 3
10290 0
2099 2
10294 1
2103 2
10401 2
4051 1
10299 2
2108 3
10301 2
2112 2
7179 3
2116 2
10310 1
2121 0
10314 0
8254 3
10316 2
10317 1
10318 1
889 0
2128 1
2129 1
10322 0
5306 1
2138 2
10332 1
10335 2
10337 2
10340 3
2149 2
18534 2
10344 1
16743 2
15378 0
210 2
10351 2
2160 1
2161 0
10356 1
10358 2
15075 2
10363 0
10366 2
2176 2
10372 1
18567 3
2184 3
2185 2
18570 2
2189 0
10382 2
2191 1
10384 0
10386 1
2199 2
10392 2
2202 2
16751 1
18589 1
18590 0
2207 1
2209 0
18594 2
2212 1
18597 3
10406 0
10407 2
18600 2
10410 2
18603 0
18604 2
18605 2
2223 2
10416 1
18609 0
18612 1
10422 2
18615 1
18617 1
10426 1
3103 0
2236 2
2240 2
18626 3
2243 2
18629 2
9441 2
18632 2
10441 2
18638 0
18640 1
16760 0
2259 1
18644 2
18645 0
10455 1
18648 2
18649 0
18650 1
10462 0
621 2
2273 1
10466 0
10467 2
18660 1
18662 2
2281 2
10475 1
2284 2
10478 2
8573 1
5843 2
10485 1
10486 2
10487 0
2297 2
18682 1
18683 1
18686 1
18687 0
16768 2
10498 2
10499 3
13443 1
1750 1
10502 2
2311 0
10505 2
2315 2
18700 2
2318 0
18704 1
10514 2
9212 1
10516 3
10517 1
18710 2
2329 2
10522 1
18715 3
10524 2
2333 2
1987 1
10527 3
10530 1
18723 1
2340 3
10533 2
2342 2
2346 0
9781 1
18732 2
3897 0
18734 2
10543 2
10544 0
2353 1
10548 1
18142 1
2359 3
10552 0
2362 2
18143 1
2364 2
2367 0
2368 1
10561 2
2371 2
10564 2
10565 2
10567 1
18760 3
2380 1
10575 1
2385 2
2386 2
18771 2
2388 2
18773 3
13173 2
18778 0
18779 0
10589 2
10595 2
9958 0
18790 0
18791 1
10602 2
10604 3
2228 0
10607 1
10608 1
10609 0
2418 3
10612 2
2421 1
2426 1
2427 2
18812 2
10621 2
18814 2
2431 0
10624 0
2433 1
2434 2
18819 0
2436 0
10629 3
2438 2
10631 2
10632 1
10634 1
16791 2
18828 1
354 2
4173 2
2449 2
8145 1
10644 2
16994 2
18839 2
10648 2
1775 0
10652 1
18845 1
18574 2
10658 2
10660 2
18853 2
10662 2
2472 2
4508 2
11335 2
10448 3
2479 0
7240 3
2482 2
10676 0
10678 2
15433 1
2491 0
17541 1
16800 3
2498 2
2500 2
2501 1
2503 0
10698 2
10701 2
10702 2
2512 0
2514 1
2516 2
10709 2
2520 2
420 1
10714 1
10716 1
2525 1
2528 0
10722 2
10723 2
10724 0
2534 1
2539 2
3154 3
16997 2
2544 0
424 0
2546 2
10741 1
2551 0
8814 2
2558 1
10754 2
16811 2
10756 3
2565 0
2566 3
10759 3
2568 0
10761 0
8269 0
10767 0
2578 1
10771 1
11220 1
10773 1
10776 1
16984 1
2586 1
2587 1
10780 0
2589 0
10783 3
10784 0
10785 2
10789 2
10790 0
10791 1
11356 2
2603 2
10796 2
18363 1
10798 0
10799 1
2609 0
2610 3
10803 3
2612 2
10805 0
2615 2
10808 3
10809 1
10813 0
10814 1
2624 2
10817 1
10818 0
10819 2
10822 1
10825 0
2634 2
4535 3
10828 1
3361 0
2639 0
2640 2
440 1
3407 0
10838 1
2653 3
2654 2
2655 2
2658 2
10851 1
10852 2
10853 2
10855 1
10863 0
2672 2
10866 0
10867 1
10868 0
10869 1
10873 0
2686 1
10881 2
13183 0
17002 1
10887 2
10893 1
2702 2
10895 1
10896 1
2705 0
2706 2
15093 3
2709 0
10903 2
127 1
2714 0
2715 2
1727 0
10911 2
10913 3
10915 2
2724 1
2729 1
2731 3
2732 0
10925 1
8747 2
2738 3
2742 2
2747 2
11821 1
10942 0
14327 2
2754 2
459 0
2757 0
2758 2
4729 2
2762 2
2764 3
2769 0
10019 3
2772 2
2774 0
2778 2
6912 2
17005 1
2786 0
911 2
1830 0
2791 2
2793 0
2794 3
10991 1
5928 2
2807 3
11000 1
11391 0
11004 2
11005 1
18219 0
11012 2
2821 1
2822 0
11015 2
2824 2
2825 2
2801 2
16461 2
2833 0
2836 1
8665 2
2840 0
11034 2
2846 2
11397 2
1840 2
17695 2
2851 1
11044 1
11045 2
2854 1
2855 2
11048 0
2857 1
11052 0
8669 2
11059 0
11065 2
2874 0
11070 0
10037 2
2278 2
11074 2
11403 2
2884 0
11077 1
11078 2
11079 2
11081 1
11082 2
2893 0
11087 2
6922 1
10040 3
8675 2
11093 0
2902 1
11096 2
11097 1
2908 0
2909 1
2911 2
11408 2
11106 1
269 0
2916 3
2917 0
11112 1
11115 2
2924 0
2925 2
11118 0
2927 2
2928 1
2929 0
2934 0
11128 2
11129 2
11132 2
11133 0
2942 2
2944 2
11137 2
11139 1
13249 3
11144 1
8684 1
2954 2
2955 0
16550 1
11149 0
11150 2
2960 0
6918 2
2963 3
2973 2
10053 1
2979 2
18246 2
2982 3
2988 0
11183 2
2992 2
17012 3
2995 2
3373 3
2998 0
3000 2
11193 0
11194 2
11198 3
3010 3
11203 1
15376 3
3016 1
3021 2
11214 2
5965 2
11216 1
11218 1
2475 1
3030 1
8697 0
11224 2
11225 0
11226 2
3036 0
11229 2
11230 2
3040 2
3042 2
16891 3
11430 0
11239 2
3048 3
3049 2
3052 1
11246 3
11249 3
14163 0
3060 1
11256 0
3070 2
11265 3
3074 1
11267 2
3076 2
3078 1
3080 2
11273 3
11274 2
3086 0
3087 2
11014 3
3094 2
11288 0
11289 0
11293 2
3102 2
11295 2
3104 0
11299 1
3110 2
3112 1
11305 2
11307 2
11309 0
11312 2
5749 1
3122 3
3251 0
3125 0
3129 3
11326 0
11327 2
3139 0
11334 2
3143 2
11336 2
3145 3
11338 2
11343 2
14314 2
11346 2
18275 1
11348 1
11349 0
11350 1
11351 0
10198 0
3162 1
8719 3
17091 0
3171 2
11364 1
11367 0
3177 3
3178 1
18279 1
3180 3
3182 3
3652 0
3186 1
6380 0
11382 2
3191 2
3195 2
11390 1
3199 3
11393 2
11395 0
3205 1
18383 2
8727 0
3212 1
3266 0
3215 2
3216 2
107 2
11413 3
3226 2
10473 0
3228 3
8730 2
3230 1
3231 1
11425 2
11426 3
3236 0
3237 1
3238 2
3239 0
17293 0
11433 2
3242 3
3271 2
13747 1
8837 0
11441 3
10099 2
16926 2
3254 1
3255 1
11450 2
11451 1
3261 1
3262 1
3263 2
11457 2
11458 2
3268 2
11461 1
3270 1
16929 2
3272 0
3273 0
3274 1
546 1
3279 2
3280 2
3282 0
547 1
3285 1
3286 1
1913 2
3288 2
3290 3
3291 2
11484 1
11487 0
3296 0
9657 0
3299 0
3307 1
11502 2
3311 1
11504 3
3313 2
3314 3
3315 2
11508 2
3317 2
3319 1
3320 2
3324 2
8294 2
11518 2
3327 0
11523 1
12844 3
3287 2
3341 0
3342 1
3348 2
3349 2
3352 1
3354 2
3358 0
3359 3
3360 1
8568 0
11554 1
3363 1
18310 3
11558 3
3368 1
6386 1
11562 1
1927 3
12850 2
3374 1
3375 2
3376 2
3377 2
11570 3
3380 1
3381 1
3382 0
11575 0
18135 2
16948 0
3386 3
3387 1
11581 2
8757 2
11586 0
11588 1
16950 2
3403 3
10479 2
3410 2
3412 2
8761 1
3416 0
18319 0
3422 1
11618 1
11620 1
11621 0
3430 3
10129 2
16956 1
3434 1
3439 0
3440 1
3442 0
3445 1
3446 2
11640 2
11641 2
8767 0
3453 2
11652 2
3461 0
11654 0
3463 2
11658 0
12866 2
11668 2
11674 0
15599 0
3485 1
11679 1
3488 2
3489 3
3490 2
3492 0
3495 2
4679 0
3500 2
3501 1
3502 2
3503 2
11696 2
11697 0
12392 1
11707 2
3516 3
11709 1
8846 3
3520 2
3521 2
3523 2
11716 1
11717 2
390 1
3529 0
11723 0
11724 2
11733 3
3543 0
11738 1
11741 1
11742 0
14245 1
11744 2
11745 2
15611 3
3557 2
11754 0
3563 1
3564 3
11758 2
3567 2
3568 0
11766 0
3575 1
3576 0
3577 0
11771 1
3580 0
3581 0
3585 2
3586 0
14251 0
3588 0
18348 1
3595 0
11788 2
3601 3
3602 0
3603 2
3604 3
13759 0
16985 1
11800 2
3611 3
11804 1
11806 2
11808 1
11811 2
3621 2
3622 2
11815 1
6066 3
3630 2
11823 1
11824 1
3634 3
3637 2
8850 0
11831 1
11833 1
11834 2
16991 3
3644 1
11838 2
11839 3
3648 0
11841 2
3650 2
11844 2
18358 3
3654 0
3655 1
11848 2
11849 0
3658 2
3659 0
12898 1
11854 0
11855 0
11856 3
11857 0
3666 0
11861 1
3671 2
16773 2
11866 0
11867 1
1661 1
4709 1
15632 2
11874 1
11875 0
11877 2
11879 2
11880 1
3689 1
11882 3
11884 2
7442 2
3696 0
17000 1
3702 2
4713 0
3704 1
11540 2
3706 2
4714 1
11902 2
952 1
11905 3
11907 2
10319 3
12908 0
7447 2
4771 2
3727 2
3730 2
3731 1
17855 2
3734 2
397 3
12911 1
3740 0
5853 2
3750 1
4721 2
3752 3
15737 0
11952 2
18376 2
17011 0
4724 2
11963 2
3775 2
18402 0
3781 1
11974 0
7457 0
3784 2
3785 3
3786 0
12919 1
3790 2
3792 0
3793 0
11990 1
17017 0
6946 2
7461 1
11038 2
3811 2
3814 1
3815 1
12011 3
12013 2
3822 3
12925 1
3827 0
17022 0
3830 0
9675 1
12032 2
2006 1
12040 0
3849 0
8809 0
11565 1
12949 2
15677 1
12055 2
4493 2
12057 1
12058 2
12060 2
7221 0
4766 1
3871 0
6130 0
3876 2
12069 1
8858 2
3879 2
12073 1
17031 2
3887 2
3889 2
12082 0
12083 2
12084 1
14302 2
3895 0
12089 1
7222 0
12098 1
12100 2
11574 2
12102 0
652 2
12109 2
12110 2
12111 2
12114 0
14307 2
1729 1
12119 3
10212 0
12126 2
8848 0
11579 2
657 3
12136 2
12139 2
17042 2
3950 0
3389 2
12144 1
12149 1
1363 2
12152 1
12153 1
3962 0
12157 3
12158 2
12159 0
3968 3
3971 1
3974 3
3975 0
3978 2
8855 1
3394 2
12174 3
3983 2
3984 1
3985 2
3986 0
18630 0
3989 2
17049 1
3992 3
3679 2
13772 2
12189 0
3999 0
4000 0
6128 2
4003 1
12196 3
4006 2
17725 0
8860 1
4010 2
4011 2
12204 0
12205 1
12206 1
2043 1
4016 1
12209 2
12210 2
12211 2
12212 1
670 2
12214 2
4024 1
12218 2
4027 0
15761 2
4034 2
12227 0
12229 2
18138 2
4043 2
12238 3
4050 1
12243 2
12244 2
14329 3
4058 2
4059 3
12252 2
12253 0
12255 1
12256 3
12257 0
4066 1
18427 3
4069 3
12262 2
12267 0
12269 3
4078 1
12271 0
12272 2
3682 2
12278 1
4087 0
12957 1
12291 3
12295 2
12298 2
4107 2
12300 2
6146 3
12304 0
4113 1
12306 2
12308 2
12309 0
4118 2
12313 2
12314 2
4124 2
4126 0
18437 0
18141 0
12324 2
15921 2
4134 0
12330 1
12331 2
4141 0
12339 1
12344 2
12348 1
12349 1
12351 2
12352 1
12355 1
12357 3
4169 3
15714 1
12366 2
4187 3
6959 0
12388 2
12389 2
12390 2
12391 1
4200 3
4201 2
4202 1
12395 3
4206 3
4208 2
4212 0
4214 0
12408 0
12409 0
12410 2
6902 0
4221 2
12414 2
4225 2
4227 2
12421 0
12423 2
12426 0
4238 0
4239 0
12432 2
12435 2
4245 2
17793 1
4249 1
4252 0
6961 1
17054 1
4255 0
12448 1
4257 2
4262 2
12455 3
4265 3
12459 1
4268 3
4270 0
6173 0
4272 1
12465 1
12466 1
15731 1
10270 3
12470 2
713 0
12473 1
4282 0
714 1
12478 0
12480 2
961 1
12486 2
12487 0
442 1
4302 1
17050 1
12496 1
4307 2
4308 2
12501 2
18147 1
4312 2
12505 1
12509 2
4318 2
6181 0
4323 2
4327 1
4328 3
12521 2
144 2
10279 2
722 0
4335 2
4338 1
12531 0
4340 0
4342 2
7578 1
12536 1
4345 2
12539 2
12540 0
12541 1
13511 2
8917 1
4354 2
18475 0
12549 2
4359 2
4362 0
2873 0
4369 2
4371 2
4372 2
4374 2
12567 1
7556 0
2095 1
4380 2
12573 0
4383 2
4385 1
731 0
4389 2
4390 1
18481 0
12584 2
4394 1
2098 2
12590 3
4399 1
15752 1
12595 2
12596 2
12598 1
15753 0
4409 1
4411 3
4413 3
16241 0
12611 2
12695 3
4422 2
12615 2
4427 1
12620 3
12623 0
14392 2
12626 2
4436 2
4438 3
14393 2
4441 1
7567 2
12636 0
12638 2
742 0
5331 3
7569 2
4457 2
4458 2
12651 0
12652 2
4462 2
4464 2
12657 2
4466 2
4471 1
12665 1
4475 0
8938 2
15765 2
12672 3
10304 3
12674 3
8939 2
12676 3
4485 2
12679 2
12681 0
4491 1
12685 2
12686 2
4495 1
4497 0
4498 2
12691 0
12692 2
4501 0
4503 2
10308 0
1241 2
12700 1
12701 3
6424 0
4511 1
12705 2
4516 0
18502 3
4518 1
13041 2
12712 3
4521 1
12714 1
12717 1
12718 1
4527 1
12720 1
4529 2
4532 1
4534 1
12727 1
4536 0
4537 2
12730 1
12731 0
12732 1
4542 1
12737 1
4546 1
12739 2
4549 0
12742 1
18155 1
4552 1
18852 0
759 3
12748 2
8952 2
4565 1
17610 2
12761 2
4571 0
12765 2
4574 3
12767 3
4576 3
18512 3
12770 1
13051 2
4580 1
12774 1
4583 1
4586 1
4589 2
12782 0
12786 0
4595 1
12788 2
12790 0
12792 1
4601 1
12795 0
4604 2
4605 2
12799 0
4608 0
4609 1
4865 1
7596 1
12810 0
12811 2
4620 0
4621 2
12815 3
14424 1
4626 2
12819 1
12820 2
849 2
4632 2
12828 0
4637 1
12830 3
4641 2
4642 0
4643 1
4519 0
12840 1
12841 1
12842 2
4652 3
4653 0
4656 1
4658 2
4659 2
12852 2
4661 0
4662 0
12856 2
4667 2
12861 2
12862 2
4671 0
12865 2
4674 1
12867 1
4677 1
12870 1
14433 2
12872 2
12874 1
4683 0
12876 2
4688 1
12885 1
8975 2
4702 0
18533 2
4704 1
8976 2
4706 0
4707 2
3705 0
10342 2
4710 1
4711 1
12904 2
12905 3
12906 2
16251 2
4716 3
4717 0
12910 2
4719 0
17271 2
2152 2
12916 1
4726 1
4727 1
4728 2
17172 1
4733 2
4734 2
4736 2
16671 1
12930 2
12932 1
4741 1
4742 1
4744 1
12937 0
15810 0
4752 1
12945 2
12946 1
4757 2
12955 2
8986 2
12958 0
12961 2
12962 0
12963 1
4773 2
16253 2
12968 1
4892 0
12972 2
4781 1
12975 1
12977 2
6259 0
12980 0
12981 1
4790 1
4793 1
12986 2
12987 1
12989 2
12991 0
12992 0
3531 0
18709 3
4805 1
12998 1
4807 1
4808 1
4809 2
13002 1
4811 3
13004 2
4813 1
4814 2
4815 2
4818 0
13014 2
4823 2
13092 1
4826 1
4827 1
13021 0
4830 0
4833 3
4836 0
4839 0
4843 2
4844 1
13037 1
4848 1
4849 0
13043 2
13045 1
4854 0
4855 2
15983 2
13054 1
4863 1
13056 0
18560 3
4866 0
4867 0
13060 0
4872 2
4875 0
4877 2
4878 0
7640 3
13075 2
13077 2
13078 0
4887 1
4890 2
13084 2
4893 1
4896 3
4897 2
4898 2
4900 0
4901 0
13094 3
4904 0
4906 3
2183 2
4908 1
4909 0
13106 2
10802 0
11653 0
10377 2
4920 0
11743 1
4926 1
4929 0
13122 1
13123 2
4934 1
13128 1
4937 2
13136 2
13112 1
4947 0
13141 0
4950 2
18714 1
18575 3
9018 2
13150 3
13153 2
13154 2
13156 0
13158 1
13160 1
4971 2
4973 0
13168 2
13169 1
4980 1
4981 2
13174 0
4984 2
4986 2
4987 0
4988 0
14485 0
4992 1
17216 1
11755 1
4997 2
13190 3
11756 0
13195 0
13196 0
13198 1
18584 1
13208 2
13209 2
7663 2
8059 3
5021 2
13214 1
5023 3
5025 2
5026 2
18587 3
16807 1
5030 2
13225 2
13227 2
2077 2
13229 2
13233 1
5043 2
13129 2
13240 2
5049 3
13245 2
13246 2
5057 3
13251 2
7229 0
5063 2
11767 1
2210 2
5072 3
11768 2
13266 1
6307 1
13272 0
5082 2
13276 2
13278 2
10405 2
13281 0
13282 2
13283 2
5095 2
5096 1
5099 1
13292 0
13293 1
13295 1
13297 0
851 0
13300 2
13301 2
13303 2
13304 2
5113 2
5118 0
5121 2
5122 2
5123 2
13317 0
5126 0
13320 2
10412 2
13323 2
13324 2
10413 0
13329 2
5138 0
11779 0
13332 2
5141 0
13334 0
13336 0
2899 2
11109 2
5155 0
5156 0
5160 0
13353 0
861 2
13360 2
13363 2
13364 3
9054 0
13366 0
13367 3
10420 2
16812 2
13373 2
5186 0
5187 0
5189 3
5191 2
10423 0
5196 2
5197 3
13394 0
5203 2
2901 0
13399 2
868 3
5211 2
2926 1
6330 2
5214 2
5217 0
13413 2
13414 2
5224 0
13418 1
13419 1
5228 2
13424 2
5233 2
13428 3
5630 2
5242 2
5243 2
5244 0
4539 1
13438 1
5247 2
5249 2
13442 2
9067 2
17360 2
5253 3
5254 0
5255 0
5054 1
5257 0
5258 1
13453 1
13455 3
5264 3
5265 2
13458 0
7891 2
13464 3
7707 2
13477 2
5290 3
5293 2
13489 0
13494 3
13496 2
13172 0
13498 2
13499 1
6346 2
13502 3
13503 2
14583 0
5315 0
5318 0
17203 2
13512 1
13513 0
5322 2
5323 2
13519 2
13520 2
5329 0
3619 2
2254 2
17273 2
5336 1
13529 1
5338 0
13532 0
13178 0
13534 1
5345 2
12747 2
10449 2
5352 1
13545 3
5357 1
12999 1
13551 2
13552 2
5361 2
5362 2
13556 0
5365 3
13558 2
5367 2
13560 0
5369 2
13563 2
5372 2
5373 1
5374 1
2261 1
17280 1
5378 2
13572 2
13573 2
5382 0
13575 0
13577 1
4333 2
13580 2
5389 2
13583 2
14552 2
13586 0
13588 2
13589 0
13590 2
5399 3
5401 2
18203 2
13595 0
13596 2
13599 0
17638 0
13602 2
13603 0
4998 3
13607 2
13608 2
13610 1
9095 2
6910 2
13613 0
13614 2
15923 1
9889 0
5430 0
13193 2
5433 0
13626 3
10463 2
5436 3
5437 2
5440 0
5441 2
5444 2
5446 1
5447 0
13640 1
14366 0
13647 2
13651 0
14439 2
13655 1
13656 1
5465 2
13659 1
5469 1
17276 0
5471 0
5472 2
14330 0
13668 3
5477 0
13672 2
13673 2
5482 0
13675 1
13676 0
13681 3
5490 1
5491 2
13685 1
5494 3
5495 3
5496 2
5497 2
5498 2
5499 2
5501 1
13695 2
5506 2
6379 1
13702 2
5513 2
13710 2
5519 1
920 2
5524 2
13718 2
921 2
15940 0
13723 2
13726 2
13727 1
5539 1
13732 2
13734 1
5545 1
5548 2
5549 3
5550 2
4822 0
18675 0
5556 1
13750 2
7753 3
15749 1
5561 2
13754 2
13757 0
13758 0
5567 2
5571 1
5576 1
5579 2
5580 1
5581 2
5583 2
13777 3
5587 1
5588 3
5589 3
13782 2
5591 2
6063 3
13789 3
5600 0
8407 2
5606 0
5607 1
5608 1
5609 2
5612 2
5613 1
5614 0
5615 3
13808 2
2105 0
13817 1
17001 0
5627 1
13820 1
13822 1
15957 0
5636 0
5637 1
2305 0
13834 2
13836 2
5646 2
5648 1
5651 0
5652 0
13845 1
5654 2
5657 1
5658 3
13851 0
13852 2
3674 2
18693 2
5666 0
5670 1
13864 2
13867 2
13873 2
947 2
5686 2
5687 2
13010 0
5691 2
5698 2
13892 3
13898 3
5047 0
13900 0
13901 2
14605 0
13904 0
5713 2
13906 1
3683 1
10510 0
13911 2
15916 0
15973 2
13920 2
17376 0
2373 1
13927 1
13928 1
18706 2
5742 1
3688 1
5747 0
5748 0
13941 0
11881 1
18708 2
13946 0
7011 0
13951 3
13953 1
13954 1
13959 1
5771 1
8549 0
13965 0
5777 2
13978 2
5787 0
13981 3
13984 0
10523 2
13992 0
13995 2
5804 1
13997 0
5809 2
14002 0
5811 2
14004 3
5814 2
15988 1
5818 2
14623 0
14012 1
5822 1
14015 0
5824 2
5831 0
4013 2
3703 2
5836 1
14034 0
14035 3
14036 1
5847 0
14041 2
14042 2
5851 3
14045 0
5854 2
14048 1
5857 1
14050 1
5859 2
5860 2
14053 2
5863 2
5865 1
18614 2
5873 1
14066 3
3710 0
5878 0
14077 3
17497 3
14084 1
14086 1
5895 2
5896 2
5901 1
5902 0
7677 3
14098 2
5907 2
5909 3
14103 1
14104 1
4765 1
14107 0
14109 3
18655 2
14111 3
5922 0
17770 3
14117 2
5927 3
470 1
14122 3
14123 1
5932 1
14126 2
5935 0
14128 2
14132 3
14133 2
11913 1
2356 2
14138 1
14139 1
5948 2
14142 3
14144 2
14145 2
7841 3
13019 2
5089 1
5961 2
14156 1
14157 2
5966 2
5971 2
14167 0
14171 0
5980 3
10554 2
5982 2
14175 0
14180 1
5989 2
5992 1
14186 2
14190 2
14191 2
14194 2
6004 0
6006 1
14199 1
6008 1
6011 2
6013 2
1564 1
6015 0
14208 0
6017 2
6018 1
6022 2
14216 2
17388 2
17113 1
14221 0
6030 3
14224 1
14227 1
6037 1
6044 3
6045 1
14238 1
6047 2
7624 3
14244 2
6053 1
14246 2
7021 3
6057 2
6059 1
14254 2
14255 0
14256 1
14258 2
6067 2
6068 2
9042 2
14262 2
6071 2
6073 2
15316 1
14269 0
14274 2
14277 2
14278 2
6087 3
6094 2
14287 1
6097 3
6098 0
6100 2
14294 0
4022 0
6104 2
14297 2
6106 0
18767 0
6110 0
14304 0
6115 3
6119 1
6121 3
6122 2
6123 2
18770 0
6127 0
14320 2
14321 2
14322 2
14323 2
6132 2
6134 1
6135 2
6137 1
477 2
6139 0
6140 2
1841 2
14334 0
14335 2
14337 1
17117 1
6149 0
6150 0
6151 2
6152 3
14345 3
6154 2
14347 2
13314 0
6158 2
6161 1
1027 0
6164 2
14357 2
12796 0
14360 1
6169 2
14362 1
14363 1
14364 1
14365 3
6174 2
14367 1
6176 1
14369 2
14371 1
1023 2
14373 1
6182 0
7857 0
6187 2
6191 1
4351 1
6196 2
6200 1
6201 2
6206 2
6207 2
18483 2
14408 2
14409 2
14412 2
6222 0
14415 1
14420 2
13028 0
6231 2
6232 2
14427 2
7866 2
14430 3
14431 1
14432 3
9232 2
14435 0
5137 1
14442 1
6251 2
14444 2
17426 2
14446 0
6255 2
6256 2
6257 1
13331 2
14453 0
754 2
6266 2
6267 2
6268 0
14461 0
6270 2
6273 2
6274 3
6277 2
14471 1
6282 2
17431 3
6284 0
6286 3
17432 2
6293 1
14488 3
14489 1
14494 0
14498 2
1051 1
14501 0
6310 1
15213 0
14504 2
6314 3
6315 0
6317 2
14510 2
6319 1
14512 1
18100 1
6324 1
12207 2
6332 2
14525 1
14527 3
6336 2
1056 0
14531 0
14533 2
14538 2
6349 2
14545 3
14546 0
6355 3
6356 1
6357 2
6360 3
16033 3
6368 2
14561 3
10620 0
14571 2
14572 0
6381 1
6383 1
6384 0
14578 1
6387 2
6390 2
6391 3
14584 0
6398 3
1079 2
14592 2
2432 3
6404 0
6407 2
14600 2
15295 2
6410 3
14603 2
14604 2
18217 0
6416 3
6418 0
14611 1
14612 0
14616 0
6426 1
17455 0
6428 1
6429 1
6431 1
6432 2
14625 2
14626 1
9216 0
9265 1
14632 2
6442 1
6445 1
6446 2
6448 1
2440 2
5171 1
14645 1
14647 2
14651 2
12763 2
6467 2
14661 2
14662 2
6473 2
14666 2
9271 0
6481 2
14677 2
14682 2
6494 0
6495 0
14690 2
6500 3
8127 0
18833 0
6504 2
762 1
6506 2
6512 0
16104 0
6514 1
6515 2
2452 2
6522 2
6523 2
16584 0
6527 1
14724 2
763 0
2127 0
14731 2
17665 2
3821 2
14736 2
14737 2
14738 3
16110 2
14742 2
14745 3
14750 2
13381 0
6560 0
14753 2
14761 1
14762 0
16040 2
6575 2
14768 0
1844 2
14778 2
14779 2
14782 2
6591 2
6593 2
6594 3
14787 0
13313 2
14789 2
14792 2
14793 1
6602 0
6603 1
6604 2
6608 2
14801 1
16121 1
14808 2
14809 2
6619 2
6620 2
6621 2
18224 0
15647 1
7931 0
14820 2
6631 2
9755 0
14828 0
14832 0
14835 0
7934 2
6646 1
6647 2
6648 2
14841 2
246 0
14847 0
14849 2
14851 2
12909 2
5206 1
6662 2
14858 2
6667 0
6668 0
5132 2
14863 1
6674 1
6676 0
14869 1
6679 2
14872 2
14874 2
6683 2
14878 2
14879 2
6576 2
17499 2
6692 2
6695 3
6697 2
6701 1
6702 1
6703 1
6704 1
6705 0
6707 1
6708 1
6709 0
14902 2
12041 1
6712 2
14906 2
6715 2
12647 1
14909 1
6718 2
14912 0
14913 2
14914 2
6723 1
6724 2
14917 1
6726 2
7589 0
10679 2
14925 2
6734 3
14928 2
15500 2
6740 1
18228 2
14936 0
6747 2
6748 2
6586 0
14942 3
6751 0
14945 1
14947 1
6756 1
14949 0
14950 2
6759 2
1589 3
14960 2
6772 1
18229 1
14966 0
6776 2
14972 2
6782 1
45 1
6787 0
6788 1
14981 1
2497 0
6792 0
14985 1
6794 2
16151 1
6796 0
14989 0
14990 2
14991 2
6801 1
427 2
6803 1
6804 0
15000 0
6809 0
6810 1
6811 1
15004 2
15005 1
17412 3
6815 0
6816 1
15009 2
15011 0
15014 0
11684 2
15020 0
1138 2
6830 2
6600 0
15026 1
6836 1
6839 3
6842 3
6845 0
6846 3
15039 2
15041 2
15042 2
6851 1
6852 0
6853 0
15046 1
6855 1
6856 1
6858 2
15051 2
6860 1
6861 0
15054 2
15055 2
6865 0
6867 1
15060 3
6869 1
6871 0
6874 1
15067 2
15068 2
15069 2
15071 0
6881 2
6883 3
15078 2
15079 3
15080 2
15081 1
6892 2
15087 2
6896 1
6898 1
6901 0
15094 2
15095 1
6904 0
6907 2
15102 1
8959 0
15104 1
6913 0
6914 2
15107 1
15109 1
15110 1
15114 2
6923 0
17143 1
10712 2
6930 1
15123 1
15124 3
9250 2
6936 1
6937 0
8775 0
6940 0
15133 1
6942 1
15135 2
15136 1
15137 3
15138 0
14811 2
15140 0
15143 2
15144 0
15145 0
5720 2
15151 3
9352 1
15155 0
15156 3
6965 2
15160 1
15162 1
15165 0
15166 0
15167 2
15169 3
6980 1
15175 1
6984 1
15177 2
6987 1
9982 1
6989 1
9357 1
15184 0
6993 2
15186 1
15191 2
15192 0
7001 0
15195 2
7004 2
7005 2
7006 2
7008 2
15202 2
7995 2
14638 1
15208 2
7018 1
15212 3
9362 0
7022 3
7023 1
7024 2
15217 2
7026 0
7027 0
7029 0
3504 2
13031 1
9364 2
15227 3
15228 0
7037 1
15231 0
7040 0
15234 3
7044 3
9366 1
15241 2
15242 0
7052 1
15245 2
15246 0
15250 3
15251 3
7060 0
15254 3
7063 0
16602 1
1599 0
15258 1
7068 1
15261 2
7070 2
7071 1
15264 2
15265 1
15266 1
7075 3
15268 0
15270 0
7085 0
15279 2
15280 1
15283 0
15284 1
7093 0
15286 1
16201 1
15289 3
7098 2
17567 3
7101 1
2549 2
15299 0
7109 0
7113 1
7116 1
16331 1
7120 2
15314 0
10330 3
7125 0
15318 2
7129 2
7130 0
15323 2
15324 1
15329 2
15330 0
7139 0
7140 0
15333 2
15334 1
17575 1
10749 1
7153 0
7157 2
7158 2
11599 1
7164 2
7166 3
7167 0
15362 2
15363 2
16214 2
15368 3
15371 2
15372 0
15374 0
15375 1
7184 0
7186 3
10755 0
15381 2
15383 2
15384 0
7194 2
15387 2
7200 1
1200 0
7203 2
7205 1
4483 0
7208 2
16220 2
7210 3
240 1
15703 1
15413 2
15414 3
15417 2
2150 2
9759 0
15428 2
15429 2
7239 1
15432 1
7241 1
7242 0
7243 2
7245 0
7246 2
15439 1
15440 1
15442 0
15443 0
430 0
15445 2
15448 2
3515 1
15455 0
15457 2
1211 3
15460 0
14866 0
15472 2
15473 0
7284 0
16234 2
15486 2
13504 2
15491 1
15494 3
15495 1
15496 0
15498 0
7308 0
15503 2
15507 2
15509 1
6440 1
15514 0
15515 0
10778 0
15518 0
1221 2
15521 2
15522 1
7335 0
7336 0
7337 0
15531 0
15532 3
15533 2
15534 0
3245 1
15539 0
15540 2
7349 2
15543 1
15544 1
15546 0
6687 2
9418 1
15552 1
15553 0
7362 1
7363 0
4577 2
17612 2
15563 0
15565 1
7374 3
15568 3
15569 0
15570 0
7379 2
7380 0
15574 0
13612 2
7386 1
7388 2
12154 0
15582 0
15584 2
15585 1
7395 1
15590 1
15594 3
7403 1
7405 2
7407 2
15602 2
15603 1
1065 2
14889 0
9428 2
7419 0
15613 1
15614 0
15616 0
7432 2
15625 1
15627 1
15628 3
15629 1
7440 2
15633 0
15634 0
15635 1
15637 2
15638 2
15639 1
7448 2
15641 0
7450 2
7451 2
7453 1
8069 2
15649 3
7459 2
15653 0
15654 2
15655 2
15656 0
15657 2
15658 2
7467 2
15661 1
15662 0
15665 1
14899 1
15668 1
15669 1
15670 3
15671 0
7481 1
15675 2
15676 0
7485 0
7487 1
7489 2
7491 2
15684 0
15687 1
10807 0
7500 2
15693 0
15695 0
15696 0
14904 2
9443 2
15701 0
2617 1
15704 0
7516 2
17637 0
12176 1
7522 2
15716 0
15717 0
15719 1
15721 2
15722 2
13543 0
15724 0
7535 0
15728 1
9448 0
15730 1
16275 0
7540 0
2622 1
15734 2
15736 1
16618 2
7547 1
15740 1
15741 1
15744 2
15746 0
17643 0
15748 2
7557 2
7558 0
2625 0
7560 3
7561 2
15754 0
15756 1
7565 1
15758 2
17645 0
12184 2
15764 0
7573 1
7576 2
15770 2
16282 1
7582 3
15775 0
15776 2
9527 1
15781 1
15788 1
15793 0
16061 1
15798 1
7609 2
12191 0
7612 1
7618 0
15814 1
15816 2
7626 2
7627 0
15820 1
15823 0
15824 2
15827 3
7638 1
9465 1
15832 0
7641 0
15834 1
15835 1
15837 0
8101 1
7649 2
15842 0
7651 2
381 0
12918 0
12530 1
15855 1
15856 0
15863 2
11463 1
7675 0
12202 2
15871 1
3979 1
15873 0
7682 2
15877 0
15878 2
1281 0
15880 1
7690 2
7694 1
7695 2
10924 1
6744 1
15892 1
15894 1
15895 0
15898 2
15899 1
7709 3
7711 0
15904 2
7715 0
7717 3
15910 1
11017 0
15915 1
7724 3
17672 0
7730 1
4019 1
7732 1
7737 1
8441 2
15938 0
7747 2
7748 2
15941 0
7751 2
9484 1
17989 1
15954 1
6755 3
7765 2
7766 1
15959 1
15962 0
15963 2
15966 2
7780 0
7781 2
15974 1
7783 0
15977 0
7789 2
7791 1
15984 0
7795 0
7796 3
15993 1
7802 0
7803 0
15996 0
8716 1
15999 1
16000 2
5562 1
16003 2
4033 2
7816 0
7819 3
16013 0
16014 2
16015 1
7831 1
7832 3
13627 2
16026 2
7837 3
4037 3
16032 1
10864 2
16034 2
17510 2
7844 0
16037 1
7848 2
16041 1
7854 2
16047 3
16049 1
16050 3
16054 1
7865 2
16058 0
16059 0
16060 2
7869 2
16063 1
16064 2
16066 1
7875 1
16068 2
16069 2
16073 1
16075 1
16078 1
7887 0
7890 2
5411 2
16085 0
16086 0
16088 1
7897 2
16091 2
13605 2
16096 2
7906 2
7910 3
16337 2
7912 0
16108 2
7917 2
7918 0
7921 3
16114 2
16115 2
16117 2
7927 1
7929 3
16123 1
16124 1
7933 2
16126 0
16127 3
7936 2
16130 0
16134 0
7944 2
16137 1
7946 3
7947 2
16142 1
16143 2
7954 0
16147 3
16148 2
5422 2
7958 2
7959 2
16152 1
16155 1
12813 2
16157 2
16159 0
15541 2
6812 1
7974 0
7975 2
16168 0
7977 1
16176 0
7986 2
7989 2
16183 2
16184 2
16186 2
4063 2
7998 3
16191 1
16192 0
8003 2
16196 1
16200 0
8009 2
16202 0
16203 0
8014 2
16207 0
12259 2
8020 2
6798 1
8022 0
16356 0
8028 3
8029 3
12261 1
16224 2
8033 3
17723 1
16228 3
10906 2
16232 0
9532 3
8042 0
8044 1
16238 3
13629 1
16240 1
8168 2
8051 0
16244 1
16245 1
8054 2
17727 1
8170 2
16254 2
10901 2
16259 1
16260 1
16261 1
18545 2
8072 1
16265 1
16266 2
8076 2
8082 0
8083 0
8084 1
16277 2
16279 0
8088 0
8090 2
16283 0
16284 3
16285 0
16288 1
10907 1
16292 0
13638 2
16294 3
8104 2
16297 0
17735 2
16301 1
8110 2
16304 2
8115 2
8116 2
8117 2
1353 0
16319 0
16321 0
8130 1
5999 2
16325 0
16327 1
17740 3
16330 3
12279 2
8142 3
9000 1
16376 2
8146 2
16339 0
8148 0
8149 2
8152 3
10916 2
8154 3
8155 1
16349 1
4636 0
8160 0
8164 0
8166 2
16360 1
8169 2
16362 2
16364 0
16369 0
8179 2
16372 1
16382 1
8182 2
8184 2
8186 2
16380 0
16381 1
8190 2
