16386 2
8196 1
8198 2
16391 1
16394 1
16395 0
16396 1
16401 2
16404 3
16405 2
16406 0
16407 0
16412 0
16414 2
16415 2
16417 0
8227 2
8228 2
37 0
16422 2
16424 1
8233 1
16428 0
16429 2
16430 2
48 1
16433 2
16434 2
16442 2
16443 2
8202 0
62 2
65 1
66 1
4107 2
16452 1
8261 2
9569 2
16456 2
73 2
74 0
75 2
76 2
16461 2
8276 1
88 2
91 1
8286 2
16484 1
8293 1
8295 2
8297 2
108 2
8303 2
114 0
119 1
122 3
16507 1
16509 1
126 2
8319 0
128 1
8322 2
15280 1
16516 1
16517 1
134 0
16522 1
8331 2
16524 1
15042 2
16527 2
144 2
8340 2
151 1
16540 2
8349 2
8351 1
8356 3
16550 1
8361 2
16555 3
16557 2
175 3
177 1
16562 2
17779 2
180 3
8374 2
16569 0
187 1
17737 2
8385 0
194 0
6859 1
16581 1
8391 2
200 0
202 2
16588 3
8397 2
16590 3
8399 0
209 2
8402 2
213 2
8406 1
8407 2
218 3
8412 1
16605 2
8418 2
553 1
16614 0
232 1
16618 2
16619 0
16620 3
8430 2
17789 1
240 1
8434 0
8435 3
244 3
8737 2
246 0
8439 2
16632 2
16636 2
254 0
8447 0
16640 1
16643 2
260 2
261 2
16646 1
263 2
8460 2
8461 3
270 0
271 2
16658 0
16663 2
280 3
8473 2
8474 3
284 1
15066 2
8480 1
289 2
8484 3
16677 2
16678 1
8241 2
8488 2
297 2
16683 2
8495 2
8496 2
8497 1
16691 2
8506 1
315 1
16702 3
319 2
324 1
8517 1
326 1
328 0
16713 0
332 2
16718 1
16719 2
16720 2
16721 1
338 1
16723 3
344 2
345 3
16730 0
8539 1
16732 1
8543 3
16737 2
16740 0
16741 2
16742 1
359 3
360 2
16445 2
16752 2
16753 2
16755 2
8564 2
374 2
376 2
16765 2
383 0
384 1
16773 2
390 1
8585 1
394 2
397 3
401 2
8594 1
405 0
4714 1
410 2
8603 1
8604 2
69 1
416 0
8609 2
8610 1
8611 2
420 1
16806 1
16807 1
8619 3
16814 2
16818 0
8628 1
8630 2
8632 2
442 1
221 3
446 2
8640 0
450 1
8643 1
16836 1
454 2
455 1
16841 2
16843 3
461 2
16846 1
4173 2
466 3
16851 2
16852 1
16854 2
16855 1
16856 2
17828 3
476 2
477 2
483 2
9638 3
8679 2
488 2
8684 1
8687 2
496 2
16929 2
16886 2
5745 2
504 3
505 3
8698 1
508 0
509 3
511 2
8704 0
8709 1
16902 2
8711 0
16906 1
524 2
16909 1
526 0
8719 3
8720 1
6915 1
533 0
12377 2
8728 2
538 0
16923 2
8732 1
16926 2
543 2
16928 2
545 2
16930 2
547 1
548 1
15110 1
551 1
16937 2
554 2
16939 1
8748 3
8750 2
16944 1
15112 1
562 3
563 2
8756 2
16949 0
16950 2
8762 1
8764 1
573 1
8769 1
8771 3
16965 0
16966 2
583 1
8776 1
586 3
587 1
8780 1
2677 2
16975 1
8787 2
16980 2
5561 2
197 2
8793 1
8796 0
605 3
16992 2
8802 1
611 1
8804 1
8805 2
8806 0
17852 2
8810 2
622 0
8815 2
17008 2
6931 2
17012 3
17013 2
17014 1
16489 3
13759 0
636 2
17022 0
8835 1
17028 0
8837 0
646 3
8841 2
651 0
17036 2
8849 2
17042 2
17043 0
663 2
664 0
17049 1
666 0
16495 1
17053 2
8862 2
671 1
672 0
673 2
674 0
11035 0
17061 2
17062 0
17063 1
680 0
17066 2
17067 1
3296 0
13768 3
17074 1
8884 2
6942 1
17079 2
9770 1
17085 0
702 1
296 0
705 0
17091 0
8902 2
17095 0
17096 1
17097 2
8906 2
17099 2
716 1
15138 0
720 3
2851 1
8916 2
725 1
17110 0
17111 2
8921 2
730 2
17118 2
17119 0
17120 2
737 2
17122 0
8934 1
8935 2
744 2
745 1
8938 2
8939 2
749 0
17134 1
12413 1
7390 0
17137 2
754 2
756 0
8955 1
764 2
17151 2
17152 1
17153 0
8963 2
17156 2
773 2
774 1
17159 3
17162 0
8974 2
17167 2
17168 2
786 0
787 2
4806 1
790 2
17177 0
8986 2
795 2
17180 2
17181 2
798 2
8991 2
8992 3
801 2
5595 0
8996 2
8326 2
806 1
808 2
17194 2
814 2
17199 2
17201 1
17205 1
17206 1
825 2
17210 2
9019 1
8330 2
17214 0
15157 2
832 2
17218 1
139 3
17220 1
837 0
17225 0
9036 3
17233 2
9042 2
17235 0
17236 3
17238 1
17239 1
856 0
17241 1
17244 0
861 2
16528 1
8485 2
873 1
874 3
875 2
17262 0
17263 0
17265 2
9075 2
17268 1
17271 2
9080 0
9082 2
891 1
17276 0
894 2
895 1
9088 3
17282 3
9707 1
9093 1
902 1
9095 2
8343 1
9100 2
11074 2
910 1
9103 2
912 3
17297 0
17299 0
9108 2
917 1
9110 2
9111 2
921 2
17308 2
17310 1
17311 2
17313 2
930 0
6646 1
17319 0
9129 2
947 2
17334 0
9143 1
952 1
953 2
957 2
17344 0
961 1
9154 2
9155 2
6306 1
17352 0
15180 1
4124 2
9169 0
17364 2
9173 2
9178 1
987 1
9186 2
17381 2
1002 0
17390 1
17391 0
1010 1
17395 2
17396 2
17399 2
852 2
9209 1
9210 1
9212 1
9214 3
9216 0
9219 1
1028 1
9221 1
1034 2
17419 1
173 2
9236 1
17429 0
17431 3
17432 2
9241 2
1052 0
17440 2
9250 2
1063 2
9257 0
17450 1
9262 2
1071 1
9264 1
9265 1
9269 2
9270 2
1079 2
9272 3
9274 2
9275 2
1084 0
9277 0
9278 1
12584 2
9280 1
17474 2
9283 1
17477 1
1094 3
9287 0
17480 2
17932 0
2914 1
17487 2
13919 3
9297 0
17492 1
9301 0
17494 2
17495 1
9304 2
17498 1
9307 2
9308 1
9309 1
9310 0
7045 2
17504 2
17506 2
1124 2
17509 2
17511 1
17512 1
9321 0
17514 2
17516 2
1133 2
7016 2
12313 2
9333 3
1147 2
17532 2
17533 3
1150 2
9347 1
17541 1
17542 1
17544 2
1163 2
17549 1
17550 2
17551 2
17553 2
9364 2
17558 1
1175 2
1177 2
6439 2
9375 0
17568 0
17570 2
1187 2
9382 1
1192 2
17948 2
9386 2
17581 1
9390 1
1200 0
9396 1
9397 2
12774 1
17595 2
17596 1
1213 1
17598 2
1215 1
9409 1
1218 2
17603 3
9412 1
1221 2
8396 0
9418 1
17612 2
9421 2
9425 1
1234 1
9427 2
9428 2
12494 2
17623 1
1240 0
9433 2
1242 3
16591 2
17631 0
17633 3
1251 1
17636 1
9446 1
17640 1
17642 1
1575 1
17645 0
9455 1
1264 3
17649 1
1266 0
9459 2
17652 1
9461 2
17654 3
1273 2
9467 2
17660 2
1277 1
9470 2
588 1
17665 2
9476 2
9477 2
6446 2
1287 1
17674 2
9483 3
9484 1
1293 3
9486 3
9773 2
1297 0
1299 1
17684 2
17685 2
9495 1
17689 2
1307 0
9503 2
1312 0
1313 3
17700 1
220 2
1322 2
1323 0
17710 2
17711 1
1331 1
9527 1
1336 2
17721 2
1338 1
17723 1
9532 3
1341 2
17726 2
17727 1
12512 1
4321 3
15244 0
1355 1
1356 3
9549 2
1359 1
9554 2
9555 1
1364 3
17753 0
17756 0
17758 0
1375 2
17760 2
1377 2
17762 2
9572 3
1381 2
9574 1
17767 1
1385 3
9578 1
9580 1
17774 1
9583 2
1393 2
9587 1
9588 2
9589 1
9590 2
9591 0
9592 1
1401 2
9597 2
9599 0
1408 0
1600 2
17794 1
17795 1
9604 2
17797 3
9606 1
1415 2
17800 2
17801 2
9611 2
9615 2
16687 1
9623 2
17140 0
1436 1
9631 1
1442 2
17827 1
1444 2
9637 1
1446 2
9639 2
17832 3
9642 0
17835 2
15261 2
17840 2
17841 1
1458 2
16961 3
1465 2
1466 2
17851 1
1468 2
1469 2
1470 2
17855 2
1473 1
17858 0
9669 2
9673 1
1482 1
9676 2
1488 1
17998 2
17879 0
17880 0
9689 0
9690 2
9691 3
17887 2
1509 2
17895 0
17896 1
17899 0
2984 2
1523 0
17913 2
4961 1
1538 2
17925 0
9736 1
9815 2
18055 2
9741 2
17934 2
7116 1
17937 2
17941 1
17944 1
1561 2
9754 2
7087 1
1564 1
17949 2
1567 2
17952 2
9761 1
17955 2
14795 1
17959 2
1576 1
17962 1
1579 2
1581 1
17966 1
1583 2
11055 2
17971 2
9781 1
1591 1
17977 2
17979 2
1596 2
1597 1
9791 2
17984 0
17985 2
1602 3
17989 1
15559 3
1608 1
9801 2
1610 1
1611 3
17996 1
1634 2
1614 1
1615 2
15288 3
9810 2
9811 0
8462 0
1622 2
11193 0
1630 1
9826 2
9828 1
9829 2
1640 2
18027 2
18028 1
1646 0
9839 0
18032 0
1652 2
1653 2
1655 2
12603 3
1658 3
1659 0
1661 1
9854 1
9856 1
1668 2
1671 1
18056 0
9865 3
1674 2
1677 0
18062 2
18065 0
9875 3
18069 0
9878 3
4377 3
9886 0
7109 0
1696 2
1697 0
9891 3
1701 2
1702 2
1703 1
1711 2
18096 2
1713 0
18098 2
9907 2
1717 2
1719 2
18104 0
1722 0
18107 3
1724 2
1725 2
18110 1
1727 0
1729 1
1732 2
9928 1
1737 1
1738 2
1749 0
18134 2
292 0
1755 1
18141 0
1758 3
18143 1
1760 0
18145 1
18147 1
18148 0
1768 1
1769 2
1771 1
18156 1
18161 1
1662 2
1782 1
18167 1
1784 1
1785 2
1788 2
9981 2
9982 1
18175 1
18178 1
1800 0
18186 2
9995 2
18191 2
10001 0
1817 1
18203 2
18204 2
11226 2
1823 2
16688 2
1827 2
1829 1
18217 0
18218 2
1835 1
18221 2
10030 2
10031 2
10032 1
18225 2
10034 1
10035 2
10036 2
1673 2
1848 3
1852 1
10047 1
10048 2
1858 1
10054 1
18247 2
10056 2
18250 2
1867 1
18252 1
10155 2
18258 1
18259 1
18261 1
18264 1
16698 0
7141 0
1888 2
1889 2
10083 2
18279 1
10088 1
10089 2
3047 0
18284 1
18286 2
10098 1
10099 2
18292 0
1918 2
1921 2
18306 2
1686 2
1927 3
10120 1
18314 2
10123 2
10125 1
10126 3
18324 2
12888 2
1942 0
1943 0
18328 1
16708 0
9942 2
18331 1
18334 1
18335 1
10146 2
10151 3
18344 2
18347 2
18348 1
1965 2
18352 1
1971 2
1972 0
18357 2
18360 2
1978 0
10171 0
18366 2
10176 1
1988 2
18376 2
1996 2
18382 1
12621 1
18384 2
6886 2
10196 1
334 3
2006 1
18391 0
10201 1
2010 1
18397 1
10207 2
18400 0
18401 1
18402 0
18404 2
10213 2
4433 1
10216 2
18409 3
12626 2
18414 3
10226 1
18419 1
18420 2
18421 3
18425 0
18426 1
2043 1
18428 2
2047 2
18434 3
13995 2
2052 2
18437 0
3073 1
9659 1
18442 1
18443 2
2061 3
18446 2
2065 0
18451 0
10261 2
18455 2
2072 2
3076 2
10268 1
346 3
18463 0
18464 0
1712 1
16731 0
18469 2
2086 0
2087 2
2088 2
10281 2
10282 2
18475 0
2094 1
10287 2
18483 2
10304 3
2113 2
10306 1
15371 2
2116 2
10309 3
18503 3
2120 2
2121 0
10314 0
2124 2
10317 1
18511 3
2128 1
2129 1
10322 0
10324 1
2133 1
10327 1
10328 2
2138 2
10331 0
10332 1
358 1
18534 2
10344 1
12647 1
4709 1
2162 3
2164 2
10358 2
2800 2
4106 2
2176 2
2180 2
4437 3
18567 3
2184 3
2185 2
10382 2
10383 0
2196 0
18581 2
2198 1
2199 2
2200 1
2201 2
2202 2
18589 1
10401 2
18594 2
2212 1
10405 2
10407 2
10412 2
10413 0
2222 2
10416 1
18609 0
371 0
18612 1
10421 2
18614 2
18615 1
10426 1
10427 1
18620 2
2237 3
2238 2
9349 2
10433 2
18626 3
18632 2
12663 2
18637 1
2254 2
18639 1
2256 0
18641 2
2258 2
2260 2
18649 0
18650 1
2267 1
2268 2
18653 1
10464 1
18662 2
18663 3
18665 2
10475 1
18669 1
2287 2
2288 2
18675 0
10484 2
10485 1
18681 2
18682 1
18683 1
18685 0
16989 1
10498 2
18691 1
18692 2
1750 1
10502 2
2311 0
10504 0
10505 2
9999 2
10507 2
18702 3
18703 2
18704 1
10516 3
10517 1
10518 2
10522 1
5850 2
10527 3
10530 1
10533 2
18726 1
18727 3
2345 1
18734 2
10543 2
10545 1
18142 1
2358 1
393 2
2362 2
2364 2
15413 2
2368 1
18760 3
2378 1
10573 1
2382 0
18767 0
2385 2
18771 2
2388 2
18773 3
18776 3
10586 0
10590 2
18785 3
2402 0
18788 1
18792 2
10602 2
10604 3
16786 1
10607 1
10609 0
10612 2
10613 1
18807 2
2426 1
10621 2
2430 2
2433 1
18819 0
17539 3
2444 1
10637 0
18830 0
18831 2
10641 1
2452 2
18839 2
10648 2
10649 2
10650 2
10993 3
8602 1
10655 0
10660 2
2469 0
2470 2
2472 2
15358 2
2475 1
10668 2
14066 3
10670 1
10678 2
4981 2
2491 0
8608 1
2498 2
71 1
2503 0
10701 2
10702 2
2512 0
2516 2
10710 2
10711 2
2520 2
10714 1
2524 1
2525 1
10720 1
2531 1
2534 1
2535 2
10729 1
423 2
11346 2
2542 1
10737 3
2546 2
903 0
1790 2
2552 1
2553 1
10748 2
2558 1
16811 2
2565 0
10761 0
8269 0
10770 1
10771 1
2580 2
10773 1
10774 1
10780 0
10783 3
5894 0
2599 2
8146 2
18363 1
10798 0
10800 0
10802 0
12723 0
2614 1
2615 2
436 2
10810 1
10811 2
10812 1
2621 1
2622 1
10820 3
2630 1
2633 2
2634 2
10828 1
2639 0
2640 2
4536 0
2642 0
2646 2
10841 3
2650 1
10843 1
2654 2
10847 1
10849 0
10850 1
10851 1
10852 2
10853 2
10856 2
10860 1
10862 0
10863 0
18638 0
10865 1
10868 0
8638 1
10872 1
10873 0
10878 2
5909 3
10883 2
17002 1
2702 2
10896 1
2707 0
10900 1
10901 2
18201 1
11547 2
8644 2
10906 2
2715 2
10911 2
14107 0
2724 1
10919 0
2729 1
2731 3
10925 1
1821 1
2739 2
2742 2
2747 2
2751 0
10945 2
2755 0
2756 2
2757 0
2758 2
18209 0
2762 2
2763 0
2765 2
2769 0
10019 3
2774 0
2777 1
2778 2
2779 2
10972 0
2781 0
10978 0
2790 1
2791 2
2792 2
2794 3
2797 3
10991 1
10992 2
2801 2
10994 1
14121 3
5930 2
18219 0
11012 2
11016 0
2825 2
8665 2
11034 2
1839 2
11038 2
2847 1
11041 2
2850 2
12763 2
11045 2
2854 1
1841 2
2859 1
11053 2
4573 1
11056 0
2865 3
11058 2
11059 0
18568 0
11065 2
2874 0
15498 0
2880 2
2882 2
2884 0
11077 1
11078 2
7308 0
11082 2
2891 2
18232 2
2898 2
8675 2
2901 0
2903 2
2904 1
11097 1
2909 1
11102 3
2911 2
11408 2
11106 1
2917 0
11112 1
18236 3
16871 0
4584 0
11122 0
6917 2
11128 2
11129 2
2938 2
11132 2
4586 1
2942 2
2944 2
17556 2
11141 0
2952 2
492 0
11146 3
11148 2
2963 3
11156 2
4736 2
2973 2
2975 1
15102 1
347 3
11174 0
15375 1
2985 2
2988 0
2991 2
2992 2
1864 1
2995 2
3000 2
3001 2
11194 2
3012 2
502 2
13872 1
3016 1
11209 2
11215 1
11218 1
11220 1
3030 1
3236 0
3034 2
3040 2
3041 1
3042 2
3043 3
11239 2
3048 3
3049 2
3052 1
3060 1
11256 0
11259 2
3070 2
16896 1
3074 1
11267 2
11268 2
11273 3
3087 2
3088 0
3095 0
3100 0
11293 2
3102 2
517 0
3105 1
3107 2
3110 2
3114 3
18269 2
3122 3
11315 0
3129 3
11327 2
11328 2
10080 2
11330 1
11334 2
11335 2
11336 2
16908 1
11340 2
11343 2
11344 2
3154 3
11348 1
11349 0
11350 1
3159 1
11364 1
11368 0
3177 3
11373 2
15549 1
3187 2
3188 2
3191 2
3194 2
11836 0
13756 2
11393 2
11397 2
3206 2
10092 1
535 0
16201 1
3215 2
3216 2
11409 1
11411 2
3222 1
11417 2
3226 2
185 2
11423 0
11424 3
11425 2
11428 3
11429 0
11430 0
3239 0
11433 2
3242 3
11435 2
3245 1
4637 1
11441 3
3253 1
3255 1
10100 2
11450 2
16927 1
3263 2
3264 0
11457 2
3268 2
11461 1
11462 0
11463 1
11465 3
3274 1
11467 1
3277 0
11471 2
8739 3
3287 2
13879 2
11484 1
11488 1
11491 0
11496 3
3305 1
11502 2
3311 1
11504 3
12840 1
3314 3
11508 2
3319 1
3320 2
11514 2
8746 2
3330 1
8747 2
3333 1
4652 3
11531 1
11532 2
11540 2
558 1
11543 2
3352 1
3353 1
3355 1
3357 1
3358 0
10117 1
11553 2
11554 1
11558 3
3368 1
7388 2
11562 1
11565 1
3375 2
11568 2
18312 1
3380 1
3381 1
11574 2
14217 2
12852 2
3386 3
3387 1
3389 2
11584 3
3393 1
3394 2
3395 1
3396 0
8758 2
3403 3
11599 1
3416 0
3419 2
11613 1
3422 1
11615 1
3424 3
3425 2
11620 1
3430 3
11629 0
11634 2
3446 2
3448 2
11641 2
17300 1
15595 1
11652 2
3461 0
11654 0
577 1
9352 1
12866 2
11666 2
3478 2
3479 2
11672 2
11674 0
11675 3
3485 1
11678 0
11679 1
7408 2
10139 2
11684 2
3313 2
8775 0
3503 2
3504 2
8573 1
3515 1
12874 1
6391 3
3521 2
11716 1
10483 0
16972 1
11512 2
11731 2
6119 1
11738 1
591 1
3548 3
11741 1
11744 2
3557 2
3564 3
11761 1
3572 1
11766 0
3575 1
11773 2
3585 2
14251 0
1964 2
1715 0
18349 1
11793 1
3605 1
601 1
11800 2
3611 3
11808 1
3619 2
3621 2
11815 1
11821 1
8797 3
3634 3
10163 2
11831 1
14045 0
11833 1
14033 1
3644 1
11838 2
11839 3
3648 0
11841 2
3650 2
11843 2
11844 2
3655 1
11849 0
11856 3
11857 0
3671 2
3674 2
3675 1
3677 2
16997 2
11874 1
3683 1
11878 1
11879 2
11880 1
3694 1
11887 2
3701 2
3702 2
3703 2
3704 1
11899 2
11900 2
618 1
11905 3
11907 2
12126 2
3717 2
11911 0
11913 1
11914 1
3727 2
11544 2
3730 2
3731 1
3740 0
3745 2
3747 1
3748 3
11941 2
11943 0
11944 2
3754 2
1992 2
11963 2
3773 2
3777 2
16220 2
3785 3
4727 1
3790 2
3792 0
11985 0
3795 3
3796 2
11990 1
12921 2
18383 2
3805 2
11998 2
11999 2
3811 2
6128 2
12011 3
12013 2
16774 1
2855 2
638 0
5481 0
18677 0
12037 2
12053 1
3862 2
2009 0
12057 1
12058 2
3869 0
3876 2
12069 1
3879 2
3880 0
3881 0
3882 1
12076 2
12077 2
3887 2
3889 2
12082 0
12083 2
12089 1
12094 2
11573 2
12100 2
12106 2
12109 2
12110 2
3932 3
3934 0
7483 0
657 3
2863 0
12139 2
3950 0
12144 1
12145 1
3955 0
12154 0
3963 2
12158 2
3967 3
3968 3
3392 1
132 2
3971 1
12165 1
3974 3
3979 1
12173 0
12175 2
3984 1
3985 2
3986 0
12180 1
12183 2
12184 2
12188 2
4001 1
4002 1
4003 1
4006 2
12202 2
12206 1
4765 1
12209 2
4019 1
4020 1
4766 1
8863 3
4029 2
4030 1
12223 1
17056 2
12230 1
8865 3
12238 3
4048 0
12248 2
4058 2
4059 3
12252 2
12253 0
4063 2
5318 0
12257 0
12258 2
12259 2
12260 1
12262 2
12266 2
18227 2
12270 2
8872 2
12277 0
4087 0
4089 1
6143 3
8875 2
4102 3
4103 2
12972 2
8320 0
15703 1
12300 2
12304 0
12305 1
12312 0
18436 2
12314 2
12316 2
4126 0
12319 2
4131 0
12324 2
7516 2
12330 1
8791 2
6139 0
4148 1
1834 0
12344 2
12348 1
12351 2
4164 0
12364 3
7522 2
4176 3
12371 2
12376 2
3428 1
12960 2
12986 2
4191 2
4192 2
4195 1
12388 2
11622 0
14353 0
12392 1
4201 2
4205 2
4206 3
12399 2
2067 2
7529 2
4221 2
4222 2
4505 0
4225 2
4227 2
12424 2
12429 0
12431 3
12433 2
4245 2
18457 1
4249 1
6170 3
12446 0
4256 2
12451 1
4261 2
4262 2
4263 2
12457 2
12459 1
12464 0
12465 1
12470 2
4280 1
12476 2
714 1
5871 3
11638 2
14369 2
12488 0
4300 0
4301 1
4302 1
12495 2
12496 1
11640 2
2083 2
4309 2
15737 0
4312 2
4313 2
12509 2
12510 1
4319 0
4320 2
8912 3
4323 2
4324 2
4325 2
12521 2
4332 2
4335 2
10280 2
13011 0
4340 0
12533 2
4342 2
4344 3
17108 0
12539 2
12541 1
4354 2
2091 2
4359 2
12554 3
4364 2
4365 2
4369 2
4370 1
4371 2
4374 2
12567 1
3460 2
12571 1
12573 0
7557 2
4385 1
4390 1
4391 2
4392 1
4399 1
12595 2
12596 2
12597 1
7561 2
4831 1
4422 2
12615 2
4425 2
738 2
12622 1
14392 2
4434 1
4835 1
4436 2
7566 2
4439 2
12632 1
12633 1
4442 2
12635 0
12638 2
12643 1
16515 2
7569 2
12648 2
4457 2
4461 0
4462 2
12657 2
4466 2
12660 2
12662 1
4471 1
4475 0
12668 2
746 2
7573 1
4480 1
2112 2
17131 1
10305 2
12686 2
4497 0
4498 2
4501 0
4503 2
18500 2
17135 2
4511 1
8944 1
4514 2
4515 2
4517 1
4518 1
4519 0
4520 0
10311 2
12717 1
10312 2
4851 2
4532 1
12727 1
12728 2
4537 2
4538 2
4539 1
12732 1
4541 0
4544 1
12737 1
12739 2
18155 1
12746 1
12747 2
12757 2
4566 2
12759 1
17610 2
2127 0
12765 2
4574 3
15781 1
4577 2
4581 1
4582 2
12775 0
12776 2
12778 0
4590 0
4593 2
4595 1
12788 2
12790 0
12792 1
4604 2
4605 2
10325 1
4608 0
4609 1
12803 1
12804 1
12809 1
18519 3
4620 0
4622 2
12815 3
4626 2
4632 2
12826 2
12828 0
427 2
4643 1
4647 0
4648 1
18524 1
4650 2
12843 1
12844 3
4653 0
4654 1
12847 2
4656 1
4872 2
4658 2
4659 2
4660 2
12853 2
4662 0
12856 2
15431 2
4667 2
12861 2
12862 2
4671 0
4672 2
12865 2
4674 1
12869 2
12870 1
6241 1
12872 2
4682 2
4683 0
4685 0
4688 1
4695 2
4696 1
4697 1
4698 2
12891 2
4705 1
12898 1
4707 2
10342 2
4710 1
12904 2
12905 3
12906 2
12909 2
4721 2
4723 0
4724 2
4726 1
12919 1
4729 2
4732 0
4733 2
4734 2
12928 1
18635 1
12930 2
12932 1
4744 1
4748 1
12941 1
4752 1
4753 2
12946 1
4757 2
7620 2
12957 1
12958 0
4768 2
12961 2
12963 1
12968 1
4777 1
4780 0
8989 1
12981 1
4794 2
12987 1
15818 2
4798 0
12991 0
4803 3
6161 1
12998 1
4807 1
4808 1
4809 2
4811 3
13004 2
4813 1
4814 2
4816 1
4819 1
4825 2
4827 1
4830 0
13023 2
13027 0
13028 0
17190 1
18472 0
4839 0
4845 2
1396 2
4848 1
13041 2
13042 2
13043 2
13045 1
4854 0
4855 2
4856 1
13051 2
4860 2
4865 1
13058 0
13060 0
13062 0
13064 3
4878 0
15832 0
13075 2
13077 2
4897 2
8816 0
9009 2
4905 2
2183 2
4911 2
4913 3
4916 2
13110 1
13119 0
4929 0
4930 2
13123 2
4932 0
4934 1
4935 0
13130 2
13134 1
13135 2
4529 2
13138 0
4948 2
18574 2
2191 1
13150 3
13151 3
4960 0
13153 2
13154 2
13159 3
4973 0
13168 2
4979 1
9022 3
13176 0
4985 1
4986 2
13185 1
4997 2
4999 1
5001 2
13195 0
13196 0
5005 3
13202 1
13208 2
13209 2
5018 1
5021 2
5024 2
5026 2
5030 2
5031 3
5035 2
5037 2
5044 2
13237 1
5046 2
5051 3
13245 2
5054 1
13249 3
13250 2
13256 1
844 2
13259 2
13261 2
13263 3
5072 3
5073 3
10404 2
13275 2
13276 2
5088 1
13283 2
13286 3
5095 2
5099 1
13293 1
5102 2
13295 1
13298 1
5108 1
13301 2
13303 2
9044 0
5115 1
5116 3
13311 2
14355 2
5121 2
5122 2
5123 2
13317 0
13320 2
13323 2
13324 2
15874 3
5137 1
5138 0
11779 0
13332 2
13334 0
5145 2
13345 3
5154 2
13348 1
10417 3
860 3
5165 0
5171 1
8545 0
4958 2
11785 0
13371 3
3595 0
10422 2
9057 1
13385 1
5195 2
5196 2
5197 3
5198 2
13395 2
13397 0
5206 1
5208 1
5211 2
5214 2
5217 0
5218 0
13413 2
13414 2
2236 2
13418 1
13419 1
13420 3
13421 0
5230 0
10429 2
13424 2
5239 0
13433 2
13435 2
5246 0
5249 2
13444 1
15895 0
10434 2
13455 3
13461 0
13464 3
9450 3
879 2
5277 0
5281 0
5283 2
5284 0
13477 2
13479 2
5292 2
5294 2
5298 1
10542 2
13494 3
13495 0
5306 1
5307 0
6691 1
13173 2
5315 0
18748 2
13511 2
13512 1
13513 0
13515 1
13519 2
13520 2
888 2
1672 3
15726 1
5336 1
18640 1
5348 3
10449 2
5352 1
892 2
5357 1
5358 1
13551 2
5361 2
5362 2
12715 2
5368 0
5369 2
5372 2
5373 1
5374 1
5376 2
13569 2
5378 2
13572 2
13573 2
13577 1
13578 2
5387 2
5389 2
13590 2
10457 1
5401 2
11823 1
18729 0
13600 1
17638 0
13607 2
13608 2
5419 2
13612 2
5422 2
5425 0
13621 2
13626 3
13627 2
5436 3
5437 2
5441 2
13634 2
5444 2
13638 2
13640 1
17292 1
6370 2
13647 2
5463 1
5465 2
13658 2
911 2
2278 2
13673 2
13675 1
5486 2
5488 0
5490 1
3646 0
5496 2
5497 2
13690 2
13691 2
5503 1
13696 2
13697 2
5506 2
6379 1
5508 2
17302 2
5513 2
10822 1
13710 2
13713 2
13718 2
9113 0
13720 2
13723 2
303 2
13726 2
13727 1
14576 0
13734 1
13736 0
13737 2
10973 2
14578 1
5553 2
13747 1
5556 1
6388 3
13754 2
5564 1
13758 0
5567 2
5568 3
5571 1
5572 3
5576 1
13769 0
5579 2
5580 1
5581 2
5583 2
5586 0
5587 1
5588 3
13782 2
6393 2
13787 2
13789 3
13791 2
5607 1
5612 2
5613 1
13806 1
5615 3
5619 1
5624 2
13817 1
5626 3
5630 2
5632 1
13828 1
5637 1
5639 2
13834 2
13836 2
13838 1
13229 2
9312 2
5658 3
18693 2
13859 0
5670 1
5672 3
5674 1
13867 2
5680 1
13873 2
5686 2
5687 2
11871 2
13884 2
13893 1
13900 0
17336 2
5721 3
13915 3
13916 2
13917 2
5727 0
13925 0
5736 2
5742 1
3688 1
6419 2
2324 2
5754 2
960 2
5763 2
18710 2
5057 3
5769 0
5771 1
5776 2
5777 2
4284 1
11886 2
7791 1
18714 1
17280 1
13993 2
5803 1
13997 0
2333 2
14000 2
5810 0
5811 2
5814 2
15988 1
18719 0
14017 3
5838 2
10560 0
5841 1
5843 2
14036 1
17782 2
14041 2
14042 2
5851 3
5853 2
14046 0
14047 1
1286 2
11379 3
14053 2
5862 2
5863 2
2343 1
5868 2
14062 3
3709 2
14065 0
5874 2
14069 0
5879 2
14077 3
14084 1
5893 1
14086 1
3713 2
14090 2
14091 0
5903 2
6238 0
14098 2
5907 2
5908 1
2350 2
14103 1
18746 2
803 2
5921 1
5922 0
5925 2
18737 2
14120 2
5929 1
14122 3
5931 2
14125 2
14129 1
14132 3
14133 2
5945 2
14138 1
14139 1
5948 2
14147 2
14157 2
5966 2
5968 2
5975 3
10554 2
5982 2
14180 1
14185 1
14186 2
14189 0
14192 2
6004 0
14199 1
14202 3
6011 2
14209 0
6018 1
14212 2
6022 2
6023 1
6024 2
6025 2
14218 0
16023 1
14221 0
14224 1
14227 1
6044 3
14245 1
6056 2
6057 2
14250 2
15916 0
14254 2
6064 2
14258 2
6073 2
14266 0
14267 1
14274 2
14278 2
8386 2
14285 0
14292 0
6103 2
6104 2
7844 0
6108 2
17402 1
14302 2
6111 1
18207 2
6115 3
6481 2
6122 2
14317 0
14320 2
14322 2
14323 2
6135 2
18772 1
14331 2
6140 2
14335 2
14337 1
14341 1
6152 3
6154 2
14347 2
14348 2
6158 2
6159 2
14680 2
13315 0
6164 2
14357 2
14360 1
6169 2
14362 1
14363 1
14364 1
14367 1
6176 1
6177 1
14371 1
14373 1
14376 2
6187 2
14380 0
14382 2
6191 1
206 3
14386 2
6196 2
6200 1
6201 2
14394 2
6203 2
6206 2
6207 2
14401 0
3480 2
1035 2
14406 2
14408 2
14409 2
14410 2
14413 2
14414 2
6227 2
14420 2
14422 3
6232 2
14425 2
7866 2
14430 3
14432 3
14433 2
6244 2
13329 2
6250 2
6251 2
6255 2
6257 1
13331 2
6266 2
2410 2
9756 0
6272 3
14465 1
6286 3
1048 3
13337 2
14489 1
14491 1
14494 0
14498 2
6307 1
6309 0
14502 1
14512 1
1847 0
17609 1
6330 2
6331 2
6336 2
14533 2
15045 2
6346 2
6349 2
14542 2
6355 3
6356 1
6357 2
6360 3
3023 0
6365 0
6367 2
17670 0
14571 2
6380 0
16082 2
6384 0
6386 1
14580 3
10622 2
14583 0
14585 0
14586 2
6396 0
14589 1
14590 1
14593 3
14604 2
6416 3
14610 0
14611 1
6422 1
6424 0
6532 1
6426 1
11398 2
14625 2
4033 2
17945 2
14631 2
6442 1
6443 2
6445 1
14638 1
11997 0
6448 1
6451 2
14647 2
14650 1
14651 2
13365 1
14658 1
6467 2
14662 2
14664 1
14666 2
9271 0
17128 3
14673 2
6480 2
1080 1
6488 2
14682 2
14690 2
17468 1
8507 2
7912 0
6522 2
14715 2
14717 1
14724 2
6534 0
14730 1
14731 2
18841 2
14749 2
2946 2
14751 2
6563 3
6566 1
14761 1
10653 1
6576 2
14770 1
6583 2
4038 0
14777 2
6586 0
14779 2
14782 2
6591 2
6594 3
14787 0
14792 2
14793 1
6603 1
6604 2
18769 0
6608 2
14803 2
14804 2
14805 2
14807 2
6619 2
14817 2
14825 2
6636 1
6642 3
14838 1
14841 2
14844 2
14849 2
6658 1
14851 2
6662 2
6667 0
6668 0
14863 1
14864 2
14865 0
14868 2
14869 1
14870 3
6679 2
14874 2
6683 2
14878 2
14879 2
6689 2
6690 1
17499 2
6692 2
6697 2
6701 1
6702 1
6703 1
14899 1
6708 1
6709 0
14902 2
6711 1
6712 2
14905 2
6715 2
14913 2
14914 2
6723 1
14917 1
14921 1
6730 1
14924 1
14928 2
14932 2
18228 2
6744 1
6747 2
6748 2
14942 3
6752 2
6753 0
14947 1
14955 2
14137 2
6770 2
14964 0
1129 0
6776 2
5446 1
14972 2
9322 1
14983 2
226 0
10319 3
6796 0
14989 0
6798 1
7960 0
14996 2
15001 1
6810 1
6811 1
6812 1
15005 1
15008 2
15009 2
6820 1
16594 2
15017 1
6828 1
6829 1
6830 2
6835 1
6836 1
6837 1
6840 2
9332 2
15034 2
6845 0
15039 2
6848 0
6850 1
6851 1
6853 0
15046 1
6855 1
15051 2
6860 1
7970 1
15054 2
15055 2
6866 2
6872 2
6874 1
15067 2
15068 2
6879 2
15072 0
6881 2
15078 2
6887 1
6888 3
18078 2
15084 3
15085 2
15087 2
6899 1
15093 3
15095 1
6612 2
6907 2
6910 2
6912 2
15106 1
15107 1
15109 1
6918 2
15111 3
6920 2
15116 2
15117 2
10869 1
2140 0
15123 1
15124 3
6933 3
6939 2
6940 0
15134 1
15135 2
15137 3
6946 2
15139 2
15140 0
15141 1
15144 0
15145 0
6961 1
18580 2
6963 2
6964 1
6965 2
15160 1
6971 1
15167 2
15172 2
15175 1
6984 1
15177 2
6986 2
15179 2
9921 3
13453 1
15184 0
10723 2
6998 2
15191 2
15193 1
15194 2
7006 2
7008 2
7009 2
15202 2
7015 2
15208 2
15209 1
7018 1
7020 2
7021 3
15214 1
7023 1
15220 2
15225 1
5269 0
1174 2
15239 2
15241 2
17559 2
7052 1
15245 2
7056 2
15249 2
15250 3
7059 2
7062 0
7069 0
15264 2
15265 1
15266 1
7076 1
15269 1
15275 1
15276 2
15278 3
15279 2
7088 0
15281 2
7093 0
15287 2
7096 2
15289 3
7098 2
7102 2
15301 2
15303 2
15304 2
15305 2
7114 2
15308 1
15310 1
15311 2
7120 2
9379 1
15316 1
15319 0
7129 2
15324 1
5285 2
15329 2
7139 0
15333 2
7142 1
7143 0
15344 3
17577 1
7160 3
15355 2
7164 2
17578 2
7166 3
15366 1
7179 3
14850 2
15374 0
12787 2
15376 3
7185 2
7187 0
7188 2
7203 2
7205 1
15401 0
7212 2
15405 2
7214 2
15409 2
7219 3
7221 0
7226 0
15419 2
7229 0
18517 0
17589 0
15428 2
7239 1
7240 3
7244 0
7246 2
15439 1
12131 3
15445 2
7256 2
13498 2
15457 2
15461 0
2578 1
15471 1
15472 2
15473 0
7283 0
15479 0
15480 1
15482 1
15485 3
15486 2
15487 3
3947 0
9814 0
15496 0
15497 0
7306 2
15500 2
15503 2
15505 0
15506 1
15509 1
15510 2
485 2
15514 0
15515 0
11155 0
15519 1
15522 1
7332 2
15525 2
15531 0
15533 2
15535 3
18248 2
2231 2
7349 2
15543 1
15544 1
2591 0
1226 1
15550 0
15552 1
15555 1
7367 2
15560 0
15562 0
7372 2
15565 1
7374 3
14883 1
15574 0
14884 2
7386 1
15580 2
15582 0
15584 2
16613 2
15588 1
15590 1
8060 0
7403 1
7405 2
7407 2
15600 2
7409 1
15602 2
15603 1
7415 2
1236 1
15610 0
15616 0
15617 2
6794 2
15625 1
15627 1
15628 3
15629 1
7440 2
15635 1
15636 2
2606 3
7447 2
7448 2
15641 0
7450 2
15644 1
15645 3
15647 1
15650 0
7461 1
15654 2
15655 2
15657 2
16263 2
15661 1
15664 1
7341 0
7474 2
15668 1
15669 1
15670 3
15672 1
7481 1
7482 0
15675 2
15676 0
15677 1
7488 2
7489 2
7491 2
15684 0
6710 1
5345 2
7497 2
14903 2
15693 0
14904 2
9443 2
10809 1
15704 0
15705 1
15706 1
15707 1
15708 2
15713 2
15714 1
15716 0
7525 3
15719 1
15721 2
15722 2
7532 2
15725 0
7534 2
15729 1
15730 1
7540 0
7541 1
7542 2
13545 3
7545 1
15738 2
15740 1
15741 1
15744 2
15748 2
15749 1
15752 1
15753 0
15757 2
15758 2
15759 3
15761 2
15765 2
7575 2
15768 1
15769 2
10618 2
7582 3
15775 0
15776 2
7587 0
7589 0
15782 1
7593 2
15788 1
17650 1
15790 0
15798 1
15802 3
7611 1
15805 2
15807 2
7618 0
15812 2
7626 2
15822 0
16291 2
7638 1
9465 1
7640 3
8100 3
10831 2
7646 2
7649 2
15843 0
15845 2
7654 1
2641 1
7658 0
15852 2
15853 1
15854 1
15855 1
7667 1
15861 1
8105 2
7675 0
7677 3
15871 1
15872 3
13568 3
7682 2
15875 1
7691 1
7694 1
7695 2
7699 2
15892 1
7702 2
7703 3
5380 1
15898 2
7707 2
15900 2
15901 1
17669 2
16304 2
7715 0
7717 3
15911 3
9479 2
7724 3
7728 2
15921 2
15922 2
15923 1
7732 1
7733 3
7737 1
15930 2
4021 1
7747 2
14945 1
7753 3
15951 0
7766 1
15959 1
7772 1
15971 2
7781 2
7783 0
13431 2
15979 1
15980 2
7789 2
7790 1
15983 2
15984 0
7796 3
9492 2
7802 0
15997 1
7807 2
16000 2
5562 1
16003 2
7812 0
12225 2
16009 0
16011 1
7820 2
16014 2
16015 1
16017 2
16021 0
7831 1
16024 1
3489 3
16026 2
16032 1
16035 3
16036 1
16037 1
17992 2
16041 1
16043 2
5405 2
16049 1
16050 3
13628 1
16056 1
16058 0
17695 2
16060 2
16061 1
16063 1
16064 2
16068 2
16069 2
16073 1
16075 1
16079 2
16081 2
7890 2
7894 2
16088 1
7901 0
16094 1
7906 2
7908 0
7910 3
16104 0
1900 2
16106 2
5415 0
16108 2
7917 2
16110 2
16113 2
16115 2
16117 2
16123 1
16127 3
7936 2
17707 2
16132 0
7945 2
16138 2
16142 1
16143 2
16145 0
7954 0
2691 0
9518 2
16151 1
16152 1
7963 2
7966 1
16160 0
16161 2
16162 3
7975 2
16172 2
7986 2
16183 2
16184 2
12255 1
14986 0
7998 3
8000 0
8001 1
8009 2
17719 1
16204 1
6109 1
16217 2
8028 3
16221 0
1339 3
1340 2
16235 1
16238 3
8054 2
8055 1
16248 2
16250 2
1343 2
16252 1
8066 2
8067 1
17729 1
8072 1
16265 1
16266 2
8076 2
6270 2
8082 0
16275 0
16279 0
16282 1
16284 3
8095 3
16288 1
17182 1
10907 1
16292 0
8101 1
16294 3
16295 1
15004 2
16301 1
16302 1
8112 2
8115 2
8119 0
16316 1
3271 2
16321 0
16331 1
8144 1
16338 2
8149 2
16342 2
16344 2
8154 3
17743 2
8156 1
8159 3
16356 0
16360 1
16361 2
8170 2
7869 2
16372 1
8182 2
16376 2
16379 2
8190 2
