16384 0
16385 2
17185 0
8195 0
8196 1
754 2
8198 2
8199 0
8200 0
16393 2
16394 1
16397 1
16640 1
15514 0
8211 0
16404 3
21 0
16406 0
8219 2
28 0
29 0
16414 2
16415 2
16417 0
8226 2
35 0
16420 2
37 0
16422 2
8233 1
16429 2
16430 2
16432 0
8241 2
16434 2
16438 3
8249 2
8250 1
16443 2
16444 0
16445 2
9493 1
2741 2
66 1
16451 0
16452 1
69 1
71 1
16456 2
73 2
74 0
16459 2
16461 2
8270 0
80 1
8273 1
16469 1
8278 2
88 2
16473 0
91 1
1381 2
16481 1
16484 1
16485 0
8295 2
104 0
8297 2
8298 0
1383 2
8300 2
8302 2
16495 1
112 3
114 0
16501 1
17769 0
8312 1
16505 0
122 3
16509 1
126 2
16511 0
16513 1
13675 1
8324 0
133 2
8326 2
2753 2
8329 0
8330 2
8331 2
16525 0
8334 0
8335 0
8336 0
145 2
8338 2
147 0
148 1
151 1
8345 3
8346 1
16539 0
3056 2
157 0
16543 2
8353 1
162 2
27 0
8356 3
8358 0
16412 0
171 2
173 2
8367 0
8368 1
177 1
178 0
8371 2
8222 2
2761 1
10099 2
190 3
8383 2
16580 0
197 2
8391 2
200 0
8393 2
202 2
13687 2
16418 0
207 2
8400 0
209 2
16594 2
16419 1
7372 2
5497 2
8228 2
218 3
8412 1
221 3
13914 3
8416 0
225 0
16612 1
553 1
16614 0
16615 0
8426 2
16620 3
237 2
8430 2
16624 2
241 0
8434 0
244 3
1615 2
246 0
247 2
16632 2
2772 2
251 1
8445 3
16638 0
8447 0
256 1
8449 2
16642 0
16643 2
16644 2
261 2
16646 1
16648 0
16650 0
16652 0
8461 3
8738 0
8468 0
8473 2
8478 0
287 2
8480 1
8481 0
8482 0
8483 0
8485 2
16678 1
16679 1
8488 2
297 2
16684 2
15069 2
8496 2
305 2
16691 2
11295 2
16694 1
13705 0
312 1
315 1
319 2
16706 1
16707 0
324 1
8517 1
16710 3
16711 0
16712 0
16713 0
330 0
16716 0
1421 0
12344 2
16722 2
8531 1
16724 2
8533 3
4916 2
8539 1
16732 1
16733 2
16736 0
353 2
354 2
16740 0
8549 0
358 1
16743 2
360 2
8553 2
362 1
16747 3
365 2
367 0
368 0
8562 1
8563 2
8564 2
16757 0
374 2
2793 0
16760 0
378 3
8571 0
16765 2
8577 1
387 0
8580 0
5526 0
16774 1
394 2
12354 2
401 2
8594 1
8596 0
405 0
16791 2
16793 3
410 2
2799 3
412 0
8606 0
8609 2
8610 1
13723 2
420 1
423 2
8617 0
427 2
428 2
8621 0
16814 2
1437 3
8264 0
437 2
438 0
16823 0
440 1
9631 1
444 2
16458 2
8638 1
15093 3
8640 0
16833 2
16835 0
8644 2
15094 2
454 2
455 1
3492 0
16841 2
8651 0
461 2
16846 1
16847 0
16849 0
8658 0
468 0
16854 2
15097 2
16856 2
8665 2
474 1
8667 2
477 2
8672 0
16865 0
8674 0
8675 2
8676 0
1446 2
16870 2
491 0
8684 1
16878 0
8688 2
16881 1
9646 1
500 2
15102 1
502 2
8695 3
504 3
16891 3
508 0
8701 1
4181 0
8704 0
6912 2
515 0
517 0
8710 3
8711 0
520 3
16905 1
16907 0
524 2
16909 1
8718 2
9645 2
8721 2
8723 1
533 0
8727 0
536 3
537 3
538 0
16923 2
8732 1
16925 2
16926 2
543 2
16928 2
16929 2
16930 2
4187 3
548 1
2822 0
551 1
8744 2
291 1
16939 1
556 1
18022 1
558 1
559 0
16946 2
8756 2
8758 2
8759 1
8761 1
8762 1
8764 1
8765 0
574 0
16959 2
8769 1
16386 2
8771 3
581 1
8775 0
8777 0
587 1
588 1
8781 3
8782 0
591 1
8784 1
16977 0
594 0
8787 2
8788 2
599 0
601 1
16986 0
604 3
605 3
606 0
8799 2
608 0
609 2
16994 2
611 1
8804 1
8805 2
8807 2
617 0
17002 1
8813 1
622 0
8815 2
624 2
8822 2
17015 0
633 2
8826 0
8827 2
636 2
17021 0
638 0
8831 0
8835 1
17028 0
17029 0
647 0
8840 1
8841 2
17034 0
651 0
17036 2
654 0
17042 2
5571 1
17044 0
17045 0
663 2
17048 3
17049 1
17050 1
4387 3
8860 1
669 2
8862 2
17055 2
674 0
15131 1
17061 2
17062 0
679 0
680 0
17065 0
8875 2
6941 0
8880 0
5576 1
17075 0
2846 2
12571 1
1387 1
8892 1
12844 3
17089 0
8898 1
707 0
708 2
8904 1
17097 2
8906 2
17099 2
1201 0
717 0
8910 2
13773 0
17104 0
3769 2
15139 2
17110 0
8313 2
8921 2
730 2
18772 1
732 1
17119 0
1488 1
8930 2
12411 2
8932 0
16937 2
8935 2
744 2
745 1
8938 2
17131 1
8940 2
749 0
17134 1
17136 0
17137 2
17138 1
5587 1
17140 0
757 2
6953 2
760 1
8953 1
762 1
17147 0
764 2
8957 0
17150 3
1493 0
8960 0
17153 0
17154 0
8963 2
774 1
775 2
8968 0
17161 2
8974 2
17167 2
17168 2
16972 1
17170 3
787 2
17173 1
8982 0
8984 1
16516 1
9116 1
17180 2
797 1
8990 2
8991 2
17184 1
8993 0
8995 2
8996 2
807 2
9000 1
9001 0
17194 2
16519 0
17196 1
9008 0
17202 0
11059 0
821 1
9014 3
9015 0
825 2
9018 2
9019 1
16522 1
9022 3
17215 0
832 2
17218 1
139 3
15158 0
17225 0
17226 0
17227 1
9036 3
846 0
8333 2
15160 1
9042 2
851 0
17236 3
9045 2
17238 1
17239 1
856 0
857 1
858 1
859 2
17244 0
861 2
862 0
863 0
144 2
9702 2
17255 0
17256 2
17257 0
874 3
875 2
17260 2
17261 0
9070 2
879 2
17265 2
882 0
9075 2
17268 1
7589 0
9079 1
17273 2
9082 2
891 1
892 2
894 2
9088 3
17281 0
9092 0
9093 1
17286 1
9095 2
9098 2
907 1
17292 1
11074 2
9103 2
17296 3
913 2
9106 0
17300 1
9109 3
17302 2
919 0
17304 2
9113 0
924 1
17310 1
17311 2
2213 1
930 0
931 3
932 3
933 1
9127 2
9129 2
938 1
17324 2
943 0
17328 0
945 3
17330 3
17331 1
8441 2
9143 1
952 1
17338 1
17339 1
9149 0
2214 1
961 1
963 0
9157 3
17350 0
970 0
9164 0
17358 1
16672 0
17360 2
9169 0
578 1
9173 2
983 0
17368 1
17376 0
17378 3
17379 2
17381 2
1002 0
17389 3
9199 0
9200 0
1009 1
1010 1
17395 2
9204 0
5630 2
169 1
852 2
9209 1
9210 1
1019 0
9212 1
9216 0
9217 2
1027 0
1028 1
9221 1
17414 0
1032 1
1034 2
17419 1
9228 2
1538 2
17422 2
9231 2
1040 0
4399 1
1045 1
9238 0
7001 0
17432 2
17433 1
4944 0
1051 1
15194 2
1054 2
13829 0
4272 1
18219 0
17444 3
5638 0
8369 0
17450 1
1067 2
3036 0
16562 2
9262 2
17455 0
17457 0
9266 3
9270 2
9272 3
9274 2
1085 0
17472 0
5195 2
17474 2
17475 0
17476 0
17477 1
9286 0
9287 0
17480 2
5644 3
7410 2
183 2
2914 1
17486 0
17487 2
9297 0
9300 1
4281 0
9304 2
17495 1
9307 2
9308 1
9310 0
17503 2
9312 2
1121 0
17506 2
9316 0
17509 2
9318 0
17512 1
6857 1
17516 2
17518 0
1138 2
9332 2
62 2
17529 1
9338 2
17532 2
1150 2
9343 2
1152 0
17538 1
17539 3
9350 2
17543 0
9352 1
7020 2
18505 2
5767 0
17549 1
1166 2
17553 2
9362 0
17556 2
15214 1
1174 2
1175 2
17560 1
1177 2
17563 2
1180 1
9373 3
1183 0
4131 0
17570 2
1187 2
17572 2
9381 3
585 2
17575 1
17576 1
17577 1
17578 2
1195 0
1196 2
9389 0
2593 2
17583 3
8392 2
15229 2
17589 0
1206 2
201 1
9400 0
17593 2
17594 1
1211 3
1212 3
17597 1
1215 1
17603 3
1221 2
9414 0
9415 1
9416 1
17612 2
17613 0
9425 1
17618 2
9427 2
9428 2
17623 1
1240 0
16591 2
9436 3
16592 1
9443 2
17637 0
9446 1
1255 0
17640 1
17641 1
17642 1
17959 2
17645 0
7407 2
17649 1
17650 1
8403 3
17652 1
9461 2
9462 2
1577 3
9466 0
15231 0
17660 2
1277 1
17662 2
17664 0
15232 1
1282 0
13867 2
9476 2
9477 2
17670 0
9480 2
1290 1
1291 0
17676 0
9773 2
1298 2
9491 0
9492 2
17685 2
9495 1
1304 2
17689 2
9499 2
17692 3
1309 2
9503 2
1312 0
8227 2
17698 0
17702 2
1319 0
220 2
1322 2
17707 2
8773 2
17712 1
17713 0
1331 1
17719 1
17721 2
1338 1
17723 1
9532 3
17725 0
17726 2
17727 1
9536 0
224 2
1346 2
15243 1
9543 2
17737 2
1354 1
1355 1
9548 0
17741 2
1359 1
17744 1
1592 3
9555 1
1365 0
1366 0
9562 2
17755 0
17756 0
17758 0
1375 2
17762 2
5691 2
17764 2
230 0
17767 1
9788 0
9578 1
9579 2
12375 1
17774 1
1391 0
17777 0
17778 0
17849 2
9592 1
4411 3
9597 2
865 1
1408 0
9601 2
18596 1
12448 1
9605 1
9606 1
17800 2
1418 0
9611 2
1420 0
9794 0
9615 2
17809 0
9618 0
17811 1
17813 1
9623 2
9624 1
9626 2
1435 0
17820 0
17821 2
17989 1
17824 0
17825 1
9634 1
9635 2
1444 2
9637 1
9638 3
9639 2
9640 2
1452 1
16626 2
1454 2
7069 0
17840 2
17992 2
18052 0
9651 1
17845 0
1462 1
9801 2
9657 0
17850 1
7141 0
1468 2
2231 2
17854 0
17855 2
1474 2
9668 1
9669 2
9670 0
11169 3
9673 1
1482 1
9675 1
9676 2
1487 0
9680 0
1489 1
17875 0
9685 2
17879 0
9688 3
9689 0
17882 0
9691 3
9692 2
17885 0
9694 0
17887 2
17889 0
17892 0
1414 2
17895 0
17896 1
9810 2
9711 0
1521 3
13750 2
9719 1
9722 2
9724 1
17919 0
12599 2
9730 0
17924 0
17925 0
17926 0
17927 0
9736 1
11180 0
1546 0
9739 2
9740 2
17934 2
17935 1
9745 0
17938 0
17940 0
17941 1
1559 0
17944 1
1561 2
9754 2
7087 1
9756 0
17510 2
16645 1
17952 2
7088 0
17955 2
1575 1
17960 0
17961 0
9770 1
12551 2
17964 0
1581 1
17966 1
17968 0
17969 0
17970 0
17971 2
17972 0
1589 3
1591 1
9784 2
9785 2
4963 3
1596 2
1597 1
1598 0
9791 2
9792 2
1601 1
17986 0
17987 0
1605 0
9798 0
1608 1
8460 2
17995 2
17997 3
17999 0
18000 0
11192 2
18002 0
9812 0
18603 0
1622 2
3001 2
18008 1
9817 2
9820 0
18013 0
1630 1
9823 0
1636 0
9829 2
1638 0
1639 2
1645 0
1646 0
11197 3
18032 0
18033 0
17951 2
1652 2
18037 1
18038 2
1656 3
9849 0
1659 0
9852 0
1661 1
1662 2
9855 0
9856 1
15296 2
18050 3
1668 2
1669 1
1671 1
18056 0
18057 2
1674 2
1677 0
18062 2
1679 0
18065 0
9874 0
18067 0
9876 0
18069 0
1687 2
13935 1
18076 0
18077 0
9886 0
1695 2
18081 2
18083 1
18084 0
18085 1
1702 2
1703 1
18088 2
9897 1
1708 3
1711 2
1712 1
3016 1
1714 0
5747 0
1717 2
1719 2
18104 0
1721 2
9915 2
1726 2
1653 2
9920 0
1729 1
1732 2
9927 2
1736 0
18121 1
9930 3
1740 0
18126 0
16675 0
1749 0
8502 1
1756 0
18141 0
18142 1
16677 2
1760 0
18145 1
9954 0
1764 2
8486 2
9958 0
1768 1
1769 2
18154 1
1771 1
1772 0
18157 2
4267 1
18161 1
1779 0
18164 1
9854 1
18167 1
9976 2
1788 2
9981 2
1790 2
1792 0
1793 0
1795 0
18180 0
1800 0
18186 2
9995 2
9999 2
1809 2
18194 3
10004 2
3033 0
10009 0
18203 2
11226 2
18207 2
10019 3
18212 1
1830 0
8497 1
18216 2
1833 0
18218 2
1835 1
18221 2
1838 2
11229 2
1425 2
18225 2
10034 1
12595 2
18228 2
10038 2
10039 2
18232 2
10041 2
18234 2
10043 1
1852 1
9866 0
4405 2
10048 2
1857 2
1858 1
18243 0
18244 0
10053 1
10055 2
10056 2
18249 3
18250 2
1867 1
18252 1
10155 2
18254 2
18255 0
18256 0
18259 1
18261 1
18264 1
11236 1
1882 0
10077 1
18271 0
10080 2
10083 2
10084 1
18278 1
18279 1
10088 1
10089 2
1898 3
3047 0
18284 1
1901 3
18287 1
1904 2
3048 3
1907 0
1909 0
18294 1
3049 2
10104 1
10105 0
18298 2
449 1
1918 2
1919 2
18304 0
10113 2
1922 1
1924 2
10117 1
10118 2
18312 1
18315 3
10124 0
10125 1
1934 0
18320 0
1701 2
18323 0
10132 1
1944 0
10138 3
1947 1
17504 2
10143 1
18337 0
10147 3
7516 2
10151 3
18344 2
1961 2
10154 0
12615 2
1964 2
1965 2
1970 0
1971 2
1694 2
18358 3
1975 1
18362 3
9887 3
1980 0
18366 2
1983 2
1988 2
16433 2
1697 0
1992 2
332 2
1994 0
1997 3
18382 1
18383 2
18384 2
18385 1
9891 3
5795 3
2009 0
2010 1
2011 1
18397 1
18399 1
2016 0
18401 1
10210 1
2020 3
5798 2
2024 2
10218 2
2027 0
10220 0
18413 3
18414 3
2032 0
9896 2
18418 1
18419 1
18420 2
18421 3
2038 0
6069 1
18426 1
2043 1
16725 1
2048 0
18434 3
2052 2
2053 0
10248 2
18442 1
8535 2
15617 2
2061 3
18446 2
10256 0
11267 2
10264 0
2073 2
2075 0
18461 0
10270 3
10271 0
18465 1
347 3
10276 2
2086 0
1713 0
18472 0
10281 2
10282 2
2091 2
2097 3
2098 2
18483 2
4446 3
10294 1
10295 0
10296 1
10298 2
10299 2
2109 0
10302 0
10304 3
18497 0
10306 1
10308 0
10309 3
10310 1
10312 2
2121 0
10709 2
10315 0
2124 2
10317 1
2126 0
10319 3
18512 3
10322 0
2132 0
18517 0
2134 2
10328 2
8548 2
2138 2
10333 1
10335 2
10337 2
18530 0
5819 1
10340 3
18534 2
10345 2
2154 0
12647 1
18540 0
2158 1
10351 2
10352 1
18110 1
10358 2
16745 0
2170 1
14015 0
10364 2
2173 1
10366 2
10367 1
2176 2
14257 1
10371 2
10372 1
618 1
18567 3
2184 3
10377 2
2188 2
18574 2
2191 1
10386 1
2196 0
12654 0
10390 0
2199 2
18584 1
2201 2
18587 3
2206 0
2207 1
10401 2
18594 2
2212 1
18597 3
10406 0
10407 2
10411 2
18604 2
10413 0
2222 2
18608 0
18609 0
10418 1
371 0
10420 2
18615 1
9076 0
10426 1
10427 1
10428 0
14259 1
2238 2
2239 2
2240 2
10435 2
18628 2
18632 2
18633 0
8962 3
2254 2
14029 2
18640 1
7203 2
10453 2
10454 0
2264 2
18649 0
10458 1
18651 1
10460 1
10461 2
3076 2
18655 2
10464 1
10467 2
18660 1
2278 2
18664 0
10475 1
2284 2
10482 0
18675 0
18676 2
18678 0
18679 3
10488 2
18681 2
18682 1
18683 1
2300 3
18133 2
2304 0
12672 3
10498 2
10499 3
17262 0
18694 2
2311 0
10504 0
18697 1
17535 0
2532 0
10510 0
10511 0
18704 1
1441 1
18706 2
2323 0
2324 2
10517 1
10519 0
18713 1
18714 1
10523 2
2333 2
3120 0
2338 2
17263 0
14808 2
10533 2
18727 3
10537 2
9781 1
12626 2
10541 2
18734 2
2352 3
2353 1
18739 0
10548 1
1758 3
2358 1
18743 0
2362 2
18143 1
2364 2
2365 3
10559 2
2368 1
2369 0
18754 2
18755 3
10564 2
2373 1
10568 1
2377 0
10572 3
10573 1
10575 1
2385 2
18771 2
2388 2
10582 1
18148 0
18779 0
10589 2
4717 0
2402 0
11323 2
18790 0
10599 0
18792 2
10602 2
2412 0
2413 2
10607 1
10609 0
10611 0
18804 2
10616 1
2426 1
2427 2
10620 0
18813 1
18815 2
12356 0
2433 1
18819 0
10628 2
18821 2
2438 2
2439 1
10632 1
2441 2
2443 0
2444 1
10637 0
4173 2
1773 1
10641 1
18834 1
2452 2
10645 1
18839 2
10648 2
10649 2
2458 0
2465 1
2466 0
2467 0
18853 2
2471 3
2472 2
8604 2
18859 1
10672 2
2482 2
10676 0
2485 0
2486 2
10679 2
2493 0
2498 2
2500 2
2503 0
10696 2
10699 1
10700 2
10701 2
10702 2
2512 0
2513 1
10706 1
2516 2
2517 0
10714 1
2524 1
2525 1
2527 1
2528 0
2531 1
10724 0
4518 1
2535 2
2536 0
10729 1
16807 1
10734 1
16621 0
2547 1
903 0
9982 1
2551 0
2553 1
2555 1
10748 2
10750 2
10751 1
10752 2
10755 0
2566 3
9346 2
16602 1
2574 0
2575 0
8100 3
10771 1
10773 1
10774 1
10777 1
2586 1
2588 1
2589 0
10782 0
2591 0
10785 2
2594 2
2599 2
10793 0
10796 2
2605 0
10798 0
2608 1
10802 0
2611 1
2612 2
2615 2
10808 3
10809 1
2621 1
10814 1
2624 2
2627 2
2628 1
10822 1
10825 0
2634 2
2637 0
10831 2
8632 2
2642 0
2643 1
10838 1
10839 0
2650 1
1807 0
17819 2
2653 3
2654 2
2655 2
10849 0
10850 1
4539 1
10852 2
2661 0
17001 0
10856 2
4540 1
10860 1
509 3
10863 0
10865 1
11273 3
2678 3
2681 0
8639 0
10879 2
10880 2
448 3
2692 0
2693 2
10886 0
12737 1
7182 0
1815 2
2702 2
10895 1
10896 1
2705 0
2706 2
2707 0
10901 2
2710 3
18201 1
2712 0
6065 2
2714 0
10907 1
2716 1
1727 0
10911 2
10913 3
2722 1
1819 0
10916 2
2725 2
10918 2
10919 0
4712 2
2730 1
12743 0
2732 0
10925 1
2735 1
2738 3
2739 2
10184 0
10933 0
2742 2
10935 0
2744 0
1823 2
2750 1
2751 0
10945 2
2754 2
16843 3
2758 2
10953 0
2762 2
10957 0
2769 0
10964 0
2777 1
10970 0
8655 2
10973 2
10974 3
17005 1
2788 0
10981 0
10982 0
2791 2
2792 2
10985 0
8828 1
5927 3
10991 1
2803 2
2804 2
15486 2
2807 3
16852 1
11002 3
6974 0
11010 3
11011 0
11012 2
2276 0
11014 3
11015 2
11016 0
15491 1
10030 2
16857 1
11034 2
4459 2
11036 2
11038 2
11039 0
14128 2
17280 1
2851 1
11045 2
2854 1
2855 2
2857 1
2858 1
11051 3
11053 2
11055 2
11056 0
11057 2
18227 2
11401 0
6915 1
11065 2
11070 0
2880 2
11073 1
2882 2
2883 0
2884 0
18230 0
11078 2
15099 1
2893 0
11087 2
2898 2
483 2
2902 1
2903 2
11097 1
7311 0
2909 1
2910 1
2911 2
11106 1
5947 0
11109 2
2919 0
14140 2
2922 1
2925 2
11118 0
2917 0
2928 1
2930 0
11123 2
2933 0
2934 0
11127 1
2936 0
11132 2
6099 1
11138 2
11139 1
11140 1
11141 0
2952 2
16059 0
2955 0
11148 2
11149 0
2959 2
2960 0
2962 0
11155 0
14556 2
11159 3
917 1
11163 1
11164 0
2973 2
2974 0
2975 1
2977 0
2979 2
2980 0
11178 3
18247 2
2988 0
11181 1
2992 2
2994 1
2998 0
1865 0
3000 2
11193 0
11194 2
1191 3
11198 3
501 1
11200 1
3013 1
11206 0
11208 1
3020 3
1869 0
13659 1
9648 2
11220 1
3030 1
11225 0
3034 2
12279 2
8830 0
11230 2
11232 0
1465 2
11234 1
12795 0
3044 2
11237 2
11239 2
11240 3
11241 3
3051 0
3052 1
11245 3
9453 3
12797 1
5203 2
3057 0
3058 1
3061 0
3063 0
293 0
11262 2
11263 3
3072 0
3073 1
3074 1
11435 2
11268 2
3080 2
3081 2
3082 2
11276 1
5831 0
9650 2
3088 0
303 2
5013 3
11289 0
3099 0
3100 0
8709 1
3104 0
3110 2
3112 1
11307 2
11309 0
11312 2
3122 3
5982 2
3126 0
13005 1
3131 0
11327 2
18272 0
11334 2
11335 2
3146 0
10441 2
4621 2
11344 2
11345 1
3154 3
11348 1
11349 0
11353 1
3162 1
11356 2
3258 2
11358 0
3170 3
18324 2
3177 3
3178 1
106 1
11382 2
3194 2
3195 2
11388 1
18282 1
11391 0
652 2
11397 2
11398 2
10092 1
11402 0
11403 2
3213 0
16201 1
3215 2
3216 2
8728 2
11414 1
3223 2
3225 2
3228 3
11421 2
3231 1
11425 2
3236 0
3237 1
11430 0
17152 1
11433 2
3242 3
3243 1
9928 1
3246 2
4637 1
3250 2
3251 0
11444 2
3253 1
3254 1
3273 0
11450 2
11452 2
3261 1
3263 2
11456 0
3266 0
11461 1
3270 1
11463 1
11465 3
3274 1
1911 0
11468 0
3277 0
11470 0
11471 2
3280 2
11473 1
3282 0
11090 0
11477 2
3286 1
18297 0
11481 3
11484 1
3294 0
11487 0
3296 0
6111 1
3303 1
3305 1
4647 0
11500 0
11502 2
11504 3
3313 2
3314 3
8745 1
3320 2
11513 3
11514 2
3323 2
11518 2
3327 0
6016 2
555 2
3333 1
1921 2
11528 1
2863 0
11532 2
3341 0
3344 1
3348 2
5567 2
3351 3
3352 1
6020 1
3354 2
3357 1
11550 1
11553 2
11554 1
11555 1
11558 3
11562 1
11565 1
3375 2
3376 2
3377 2
3380 1
3381 1
6932 0
3387 1
3389 2
11586 0
3395 1
3399 0
3400 0
18316 1
567 2
3409 0
3410 2
11605 1
4665 2
11608 2
11612 3
3422 1
3423 1
5297 0
3434 1
3435 3
11629 0
11631 2
3440 1
3442 0
14227 1
3444 2
3446 2
3449 2
8767 0
11644 1
11645 1
3454 0
13754 2
11649 2
12663 2
11653 0
11654 0
3468 0
12866 2
11664 1
11665 3
3480 2
11674 0
3483 1
3485 1
11678 0
16965 0
18331 1
11684 2
3493 3
3495 2
583 1
3500 2
6333 1
11696 2
3505 0
3506 0
3508 0
11701 2
4754 2
11703 1
11704 2
3515 1
11709 1
3520 2
3521 2
3524 0
8780 1
3530 0
11724 2
11512 2
3539 0
11733 3
3542 0
3321 1
11738 1
17402 1
11742 0
11743 1
592 1
11746 2
3557 2
11754 0
11755 1
3564 3
3568 0
11761 1
595 1
3572 1
11766 0
14249 0
11768 2
3580 0
11773 2
7424 3
3586 0
11779 0
11781 1
3329 0
11786 1
16983 0
11788 2
11789 2
7898 0
4757 2
3603 2
6062 3
16985 1
11800 2
120 3
3611 3
11806 2
11808 1
6064 2
3619 2
3621 2
666 0
11815 1
11821 1
3630 2
16989 1
11825 2
3634 3
6067 2
8798 0
3638 2
11831 1
11832 1
11833 1
17852 2
11836 0
11838 2
14261 0
11841 2
11842 0
3651 0
11844 2
3653 2
3654 0
3655 1
11849 0
3659 0
3660 3
8802 1
3663 0
11857 0
3666 0
3667 2
3671 2
11865 0
3674 2
3677 2
3678 2
11871 2
11873 1
11874 1
1979 1
11877 2
11878 1
7441 0
11880 1
11881 1
17308 2
11884 2
11887 2
3696 0
17581 1
8809 0
11897 0
3706 2
4215 0
11900 2
8810 2
11902 2
11905 3
3714 3
11907 2
12126 2
11913 1
11915 0
7489 2
3727 2
3730 2
3731 1
8814 2
3734 2
3740 0
11934 0
3747 1
5477 0
9463 2
11944 2
7452 2
11950 0
4553 2
3944 0
11958 0
3768 0
11961 0
11962 0
3771 0
2035 2
11971 0
3781 1
3784 2
11977 0
3788 2
3789 0
4335 2
11988 0
10190 0
11990 1
17441 2
3801 3
8645 0
11997 0
15653 0
3809 0
17019 1
7462 1
3814 1
3815 1
10316 2
4732 0
7463 0
12013 2
12015 0
12016 0
12017 2
12018 0
12019 0
3828 0
17022 0
3830 0
12024 0
3833 0
12029 0
6017 2
12032 2
13273 1
12037 2
17586 2
12040 0
12042 2
6103 2
12045 0
3855 0
3858 0
643 2
12053 1
3862 2
10201 1
12058 2
12059 0
3869 0
8837 0
12065 0
3876 2
12934 0
3880 0
3882 1
12076 2
3887 2
3889 2
17033 2
11572 1
12091 2
3903 2
12100 2
12103 3
4748 1
12107 0
12113 2
3924 3
12118 2
10212 0
3930 0
3934 0
3935 0
4752 1
12135 0
12136 2
12138 1
12139 2
658 0
7485 0
3952 2
12149 1
3958 2
12152 1
12154 0
3964 3
3965 2
12159 0
3968 3
12161 3
132 2
3975 0
12951 0
12173 0
12175 2
3984 1
3985 2
15954 1
12181 1
12313 2
12184 2
3994 0
13772 2
12189 0
12190 0
12191 0
4001 1
18030 2
6129 2
12956 2
12202 2
15687 1
12205 1
12206 1
4016 1
4017 2
4019 1
4020 1
12958 0
4022 0
10228 0
12218 2
8863 3
12221 0
4030 1
12225 2
12227 0
4037 3
4038 0
12235 0
8866 0
4048 0
4050 1
4051 1
4053 1
12248 2
12964 2
4058 2
12252 2
1118 2
8869 2
12257 0
12258 2
12259 2
12966 3
6955 0
4074 1
12267 0
4076 3
4079 0
4080 3
12274 0
12278 1
4087 0
4090 1
2047 2
12285 0
12286 1
12287 0
4096 0
10502 2
4101 3
9411 2
15703 1
12300 2
7229 0
12304 0
2755 0
4115 0
4116 0
12312 0
4121 0
12314 2
17071 2
4124 2
4125 1
4126 0
12319 2
688 0
15707 1
12324 2
4137 2
12330 1
12331 2
4140 0
12333 1
4143 0
14344 0
573 1
4149 0
4151 2
4152 2
11615 1
12348 1
12351 2
4162 0
4164 0
7522 2
3685 2
12371 2
12372 0
10254 2
4182 3
12985 0
12377 2
12960 2
10505 2
4189 0
4195 1
4196 3
4197 2
3413 2
4200 3
4201 2
4203 1
9960 0
4206 3
12399 2
12403 2
12405 2
12406 2
3433 3
12408 0
12410 2
4219 0
4221 2
4222 2
12424 2
12426 0
12427 2
8266 2
12430 1
12432 2
12433 2
4242 0
12435 2
4244 2
4245 2
18457 1
16781 0
4249 1
4250 1
4251 2
4255 0
4256 2
12451 1
4262 2
4264 1
14364 1
1283 2
12459 1
7538 3
4270 0
10269 0
12464 0
12465 1
12963 1
12470 2
8905 2
12472 1
12473 1
4282 0
6175 1
12478 0
9690 2
12481 0
5484 2
15734 2
12486 2
12487 0
4296 0
15735 0
12492 2
4302 1
12495 2
12496 1
4309 2
4310 0
12503 0
4316 1
12509 2
4318 2
12511 0
4320 2
4321 3
12514 0
3451 1
4325 2
17105 0
4328 3
12521 2
4331 1
4333 2
12526 1
7549 2
4337 2
12530 1
13011 0
12532 2
12534 0
2089 1
4345 2
5873 1
8601 2
4354 2
18475 0
1236 1
12549 2
4359 2
12552 2
6188 2
12554 3
13015 1
4364 2
4365 2
12558 0
1120 3
4371 2
4374 2
4825 2
4377 3
4378 0
6191 1
12573 0
4383 2
4385 1
12578 0
12579 0
4389 2
4391 2
4397 2
12590 3
12591 1
4403 2
12596 2
17059 0
4407 0
12603 3
4413 3
12611 2
8850 0
4422 2
17121 2
12618 1
12623 0
4433 1
4434 1
13027 0
4437 3
14393 2
12632 1
7567 2
12636 0
12638 2
17606 1
12642 0
12643 1
3473 0
12650 1
743 0
12652 2
13614 2
4462 2
6205 2
8936 1
12658 2
12660 2
12662 1
4471 1
4472 2
4477 0
4480 1
12674 3
4483 0
4485 2
12680 0
4491 1
12686 2
11672 2
4498 2
12691 0
7242 0
12695 3
4504 2
2116 2
12698 2
12700 1
4509 1
4511 1
4512 0
4513 0
4514 2
4515 2
4517 1
12710 1
13041 2
4520 0
4521 1
4523 2
4524 1
12717 1
4527 1
4528 2
4529 2
4851 2
4532 1
12725 0
12727 1
4536 0
12729 0
12730 1
12731 0
12732 1
4544 1
4545 0
4546 1
12739 2
12741 1
4551 0
12745 2
12746 1
4855 2
12748 2
12750 2
4559 3
4560 0
4561 3
12755 0
4566 2
4568 0
12761 2
4570 1
4571 0
12764 0
12765 2
4574 3
4575 2
12769 2
8955 1
4580 1
18156 1
4582 2
4584 0
12778 0
4588 0
4589 2
4590 0
4592 0
12786 0
4595 1
12788 2
12790 0
85 0
12792 1
10324 1
12794 3
767 2
4605 2
6700 0
13056 0
4610 1
4611 2
12805 1
4617 2
12811 2
4620 0
12813 2
3501 1
2136 0
4626 2
12819 1
4630 0
4632 2
4633 2
12828 0
10330 3
12830 3
4643 1
12839 0
12840 1
4650 2
12843 1
4652 3
4653 0
12847 2
4656 1
4658 2
4659 2
12852 2
4661 0
4662 0
1239 0
12861 2
12862 2
3509 2
12865 2
4674 1
12871 0
12872 2
12874 1
1018 1
4686 2
13069 1
10339 1
12884 1
12885 1
4694 1
15801 0
12888 2
4697 1
4698 2
4699 1
6687 2
784 0
4707 2
4709 1
12904 2
4713 0
12906 2
12907 0
12908 0
786 0
12910 2
4721 2
4722 0
4726 1
12919 1
4728 2
4729 2
12924 2
12930 2
2150 2
12933 0
4742 1
11713 2
4744 1
12937 0
12940 0
12941 1
12944 2
17176 2
12946 1
4755 1
2886 0
18542 0
17177 0
9313 0
4764 0
12957 1
4766 1
4768 2
12961 2
17435 3
4771 2
4772 0
18708 2
12967 0
12968 1
4777 1
12972 2
4785 0
12981 1
4790 1
12984 2
4793 1
12986 2
7626 2
12990 3
12991 0
8992 3
12994 1
4804 2
4805 1
12998 1
4807 1
4808 1
4809 2
4811 3
16527 2
4813 1
4814 2
4816 1
13010 0
4819 1
14345 3
4822 0
4823 2
13017 1
4826 1
13019 2
6266 2
4830 0
4831 1
13024 2
4833 3
10363 0
13028 0
4837 2
13030 2
4839 0
4840 0
12709 0
13035 1
4844 1
13038 1
6708 1
4848 1
4904 0
13042 2
13043 2
4852 0
13045 1
4854 0
17193 2
4856 1
13050 2
13051 2
4863 1
4864 3
4865 1
4866 0
13801 0
13060 0
9034 0
4874 2
15308 1
4877 2
4878 0
13072 0
4881 1
13074 0
13076 3
13077 2
2072 2
4887 1
18564 0
4890 2
5488 0
4892 0
8619 3
13087 0
4897 2
4898 2
4900 0
13093 1
13094 3
18036 2
13096 2
2183 2
4908 1
13102 1
4911 2
13105 3
13107 0
9108 2
4918 2
13112 1
13108 0
13114 2
13119 0
4929 0
13123 2
17206 1
17207 3
13135 2
13136 2
13137 2
7651 2
13140 3
13141 0
13145 1
13147 1
13148 2
17210 2
13150 3
4959 0
13153 2
4962 0
17211 1
13156 0
4973 0
4974 0
829 1
13168 2
4979 1
4980 1
4981 2
13174 0
4984 2
4986 2
4987 0
4992 1
5349 2
4997 2
5000 3
13194 0
13196 0
5007 1
13202 1
13204 2
13205 2
5015 3
13208 2
13209 2
5018 1
12715 2
837 0
5024 2
11760 2
5026 2
5030 2
9903 1
5035 2
13229 2
5039 0
5040 0
2350 2
18590 0
5046 2
5049 3
5051 3
13244 2
5053 0
5054 1
13248 1
6853 0
13251 2
13253 2
5063 2
13256 1
844 2
13259 2
5072 3
5079 3
10404 2
3988 0
13275 2
13278 2
14501 0
13281 0
13282 2
5091 2
13284 0
6310 1
5096 1
13290 1
14503 2
13292 0
13297 0
13300 2
13301 2
13303 2
4948 2
13307 1
13311 2
13312 2
18174 2
5122 2
13315 0
13316 0
13317 0
13319 0
13320 2
10412 2
5130 1
13323 2
13324 2
13329 2
5138 0
13331 2
13332 2
4573 1
13334 0
5143 1
13337 2
5146 0
5147 2
13340 2
16811 2
5155 0
13348 1
5157 2
13350 0
13351 2
13352 0
13353 0
5162 2
5164 3
13358 1
17245 1
13360 2
5171 1
7563 2
9054 0
13366 0
5176 1
13370 0
13371 3
5181 0
15721 2
13376 3
13377 0
13378 2
3595 0
5188 1
5191 2
5193 2
13387 1
5196 2
5202 3
13395 2
13396 0
5210 3
5211 2
5213 0
5214 2
4538 2
18619 2
13414 2
13415 0
2236 2
13418 1
5229 2
5231 2
873 1
16450 0
17258 2
10432 2
13443 1
13446 3
5255 0
5258 1
13453 1
13165 1
5264 3
5265 2
13458 0
13460 0
13461 0
5275 1
5277 0
5904 2
5284 0
13477 2
15179 2
13484 0
13489 0
5298 1
5299 0
5301 0
13494 3
13495 0
13172 0
5306 1
13499 1
13173 2
13504 2
5314 1
5318 0
13511 2
13512 1
13514 2
13518 2
13520 2
13521 0
1840 2
5331 3
13524 2
18638 0
13526 1
5336 1
5337 1
18639 1
13532 0
13535 2
5345 2
5347 2
5348 3
13541 2
5351 0
5352 1
5353 3
1542 2
13547 2
5357 1
18436 2
13551 2
13552 2
5361 2
5362 2
2259 1
17091 0
5368 0
5369 2
5372 2
13565 2
5374 1
13567 3
13568 3
13184 1
5378 2
15915 1
13572 2
5381 2
13578 2
13580 2
13581 0
13586 0
11822 0
3453 2
13592 2
5401 2
13594 3
13595 0
9474 1
6181 0
5406 0
13599 0
13602 2
13603 0
3999 0
13607 2
13608 2
13609 2
5419 2
13612 2
11826 2
5422 2
5423 0
13616 2
15923 1
13621 2
13622 2
13624 1
13625 0
13626 3
13628 1
5437 2
5438 0
15925 2
5444 2
13638 2
13640 1
9100 2
5453 2
13647 2
13651 0
14439 2
5463 1
5465 2
11573 2
17295 0
10020 3
13666 0
5475 0
18662 2
5478 0
13671 1
5481 0
13674 0
5483 1
13676 0
13677 0
15632 2
18459 2
2280 1
5490 1
5494 3
5495 3
13689 0
13690 2
5502 1
13695 2
5504 0
13697 2
5506 2
13699 0
5508 2
13702 2
5511 0
5513 2
5514 0
13708 3
3650 2
13710 2
8220 0
13713 2
13718 2
13021 0
13720 2
5531 3
13210 2
5538 0
16824 0
13732 2
14369 2
13736 0
5545 1
7751 2
5550 2
5021 2
13744 1
10483 0
5556 1
13824 0
13751 1
13752 1
5561 2
5562 1
5564 1
13758 0
13759 0
13760 2
5569 1
11851 1
10486 2
13766 0
5025 2
13768 3
13769 0
5579 2
5580 1
5581 2
5583 2
13777 3
17315 1
13781 1
13782 2
13784 1
10279 2
13786 0
13787 2
17317 1
5603 0
5606 0
3665 0
18463 0
5609 2
5610 2
4238 0
5612 2
5613 1
5614 0
5618 0
5623 0
13817 1
13820 1
9130 3
13822 1
5632 1
13827 0
13828 1
5637 1
13830 0
9735 0
5641 0
13834 2
5643 3
13836 2
18690 1
13838 1
5648 1
13842 0
5653 1
13846 2
5655 2
5657 1
5658 3
13852 2
2309 2
13570 3
13858 0
13859 0
5669 1
5670 1
1007 0
5672 3
13866 0
18695 0
13868 0
13871 1
5682 3
9139 2
5685 2
13879 2
13881 0
13883 0
13888 0
5698 2
9142 0
4827 1
13896 0
13897 0
17335 0
13900 0
13901 2
10283 2
5714 0
5373 1
5716 0
5719 1
13913 0
5722 0
13916 2
5727 0
13920 2
5729 0
5732 0
13925 0
13927 1
5736 2
13933 0
5742 1
13245 2
14103 1
3688 1
17922 0
18707 1
5748 0
15977 0
5753 0
13946 0
13285 2
5758 2
5765 2
5766 2
13249 3
7557 2
5769 0
5770 0
5771 1
5772 0
13965 0
5774 0
7789 2
5777 2
11922 1
13978 2
5787 0
10522 1
5791 1
18715 3
13988 0
9158 3
13990 0
13992 0
13993 2
13995 2
13997 0
5806 0
5807 1
14000 2
5064 2
5810 0
7795 0
5812 0
14622 2
5814 2
5818 2
14011 3
14014 0
5823 2
14624 1
5826 0
5067 2
8923 2
6433 1
5832 0
5833 3
5837 0
5841 1
14036 1
5845 0
5847 0
14040 1
14042 2
5851 3
5853 2
5857 1
14054 1
5865 1
14059 1
5870 0
14063 1
5872 0
14065 0
14066 3
14067 0
14068 0
5879 2
14073 0
14084 1
5894 0
14087 3
5903 2
18404 2
6439 2
5907 2
14100 0
10542 2
5222 0
5912 2
5913 1
14107 0
5916 1
5919 1
5921 1
5922 0
14116 1
5925 2
18737 2
5928 2
8258 0
14123 1
14124 0
14125 2
14126 2
5936 0
5937 0
14130 1
14133 2
5943 0
14137 2
14138 1
14139 1
5948 2
14142 3
6472 0
1562 0
16011 1
14150 1
14151 2
5961 2
10551 2
14157 2
5966 2
5971 2
5978 0
14171 0
18746 2
14174 1
5983 0
14180 1
16839 0
14186 2
14187 0
14189 0
14190 2
13288 2
6002 1
14195 2
6004 0
14199 1
14202 3
6012 0
6013 2
14208 0
14209 0
6018 1
5099 1
14212 2
6021 2
6022 2
6023 1
5100 2
14221 0
14222 0
14223 2
14224 1
2371 2
14228 0
1292 2
17659 2
14234 0
17391 0
6044 3
6045 1
14238 1
6047 2
14240 1
14243 1
12713 2
6057 2
6060 0
14254 2
14255 0
14256 1
18760 3
6066 3
1011 3
3742 2
14262 2
6473 2
7569 2
17396 2
6074 1
6075 3
11063 0
14272 0
14273 1
14274 2
6084 1
14278 2
14281 2
6091 1
6094 2
14287 1
6097 3
5113 2
14293 0
14294 0
17401 3
14297 2
6106 0
6479 0
14301 0
14302 2
15589 2
5115 1
14310 3
14312 2
6121 3
6122 2
14317 0
6127 0
6128 2
3752 3
14322 2
14323 2
6132 2
6136 2
6137 1
14330 0
14331 2
6140 2
14335 2
6145 2
14341 1
6151 2
6152 3
6153 0
6154 2
14349 1
6158 2
6159 2
14352 2
6161 1
17411 1
6164 2
7843 1
14358 0
2393 3
14360 1
14362 1
6172 0
6174 2
14367 1
10844 1
6177 1
6179 0
14372 0
1030 2
6182 0
6183 2
6185 2
14380 0
14383 0
17981 1
14386 2
6196 2
14389 2
14391 0
6200 1
6201 2
6204 2
14397 0
6206 2
6207 2
6213 2
6497 0
14408 2
10516 3
14411 2
6221 1
14414 2
17421 1
14826 2
6229 1
6231 2
6232 2
14425 2
6235 2
10846 2
16058 0
6238 0
14432 3
14433 2
6243 0
6244 2
14437 2
5137 1
6248 2
6251 2
6253 2
7869 2
17554 2
481 1
6260 1
14453 0
6505 0
3209 2
11072 1
14458 2
6268 0
3482 2
17429 0
14465 1
14467 1
6276 1
6282 2
17191 0
14479 0
14480 0
14482 2
14484 3
14486 0
7029 0
14488 3
3206 2
9250 2
6304 1
14498 2
13339 3
5552 1
14502 1
18801 2
14504 2
6315 0
6316 2
14510 2
6319 1
14512 1
11976 0
18214 2
6324 1
6331 2
6332 2
14525 1
6335 0
6337 0
14530 0
6340 2
14533 2
9249 0
4843 2
6346 2
6349 2
14545 3
14546 0
6356 1
6359 2
16146 2
14942 3
1303 1
3792 0
10619 0
14564 0
13845 1
6379 1
6380 0
16082 2
6384 0
6386 1
18155 1
6391 3
3796 2
14586 2
6396 0
6398 3
6399 0
1154 2
14595 1
3798 2
6407 2
6408 0
6410 3
14604 2
14605 0
6414 2
759 3
14608 2
6418 0
14611 1
1070 1
14614 0
17399 2
1071 1
6429 1
6430 0
14623 0
6432 2
14625 2
14626 1
14627 2
14628 0
14631 2
10580 0
6442 1
14635 0
6445 1
14638 1
10853 2
6448 1
18491 0
6451 2
14645 1
14650 1
14651 2
6462 0
6467 2
14663 2
14664 1
18828 1
14666 2
6475 0
14671 0
14673 2
14676 0
14678 0
6488 2
14682 2
2671 0
6493 2
14689 2
14690 2
5179 0
12006 0
14696 0
12556 0
6506 2
6507 2
14704 0
16104 0
10027 2
17675 2
14713 2
6522 2
5946 0
6608 2
6527 1
6529 0
14724 2
14725 0
6534 0
5185 0
14728 3
2127 0
14731 2
6540 0
5186 0
17403 1
14737 2
5187 0
14742 2
6553 0
6554 0
14748 0
6558 0
14753 2
6562 0
3271 2
14756 0
6565 0
8402 2
14761 1
6571 0
6575 2
14768 0
3827 0
14750 2
13385 1
6586 0
14779 2
6588 1
16550 1
14782 2
14787 0
8192 2
17573 1
6600 0
14793 1
6602 0
6603 1
6604 2
14800 2
14802 2
10659 3
14804 2
12025 0
6616 1
6617 2
6619 2
6622 0
6623 0
6625 2
6626 3
6630 3
14823 3
4858 1
6634 0
10663 3
14828 0
14829 2
14833 0
6642 3
14835 0
6646 1
7935 2
6652 3
14845 0
14847 0
14849 2
6658 1
2475 1
6660 0
6662 2
7937 0
6667 0
14860 2
5132 2
14863 1
6674 1
14869 1
9224 1
6679 2
14872 2
6681 3
8133 1
6683 2
14876 2
1114 1
14878 2
14879 2
14680 2
6690 1
17499 2
6692 2
14885 1
14886 1
14887 0
6696 3
6697 2
10301 2
6701 1
6702 1
6703 1
14896 0
14899 1
18048 2
6709 0
6710 1
6711 1
14904 2
14905 2
6715 2
14908 1
16138 2
6718 2
18869 0
14912 0
14913 2
14914 2
6723 1
14916 0
6726 2
17505 0
14921 1
14775 1
6741 0
14936 0
6747 2
6748 2
14941 1
6750 2
16144 0
6755 3
14949 0
14950 2
13864 2
14952 1
6764 2
14957 1
14959 0
14960 2
13046 0
6771 3
6773 1
14966 0
6776 2
14971 0
14972 2
1130 2
6784 3
14956 0
14978 3
12054 0
6791 2
12774 1
12055 2
14988 1
14989 0
6799 2
14992 0
6801 1
8105 2
6803 1
6804 0
7961 2
15000 0
6809 0
6810 1
13423 0
15004 2
6817 1
15011 0
6828 1
6829 1
4319 0
12061 3
14792 2
15026 1
6837 1
6838 1
15034 2
6845 0
15041 2
6850 1
6851 1
15045 2
15046 1
6865 0
15051 2
6860 1
15053 2
15055 2
15057 0
15060 3
2510 0
15062 1
6871 0
15067 2
15068 2
6877 0
15070 2
15071 0
6880 1
6881 2
15074 0
6883 3
6887 1
15080 2
16167 0
15085 2
6894 0
10868 0
6898 1
14803 2
6901 0
6902 0
15095 1
9484 1
6905 1
1151 1
6908 2
12074 2
6910 2
8959 0
15104 1
15105 1
15107 1
6916 0
15109 1
9232 2
5249 2
6922 1
6923 0
6925 0
6926 3
15119 0
6929 2
6930 1
15123 1
15124 3
14809 2
6936 1
15129 1
6939 2
2522 3
15134 1
15135 2
15136 1
15137 3
6946 2
14811 2
15140 0
15141 1
15144 0
15145 0
9351 3
17144 3
10717 1
6961 1
6962 2
6965 2
6966 0
6968 0
10719 0
15165 0
15166 0
5415 0
15172 2
15174 2
6983 0
15176 1
15177 2
6986 2
6987 1
9357 1
6993 2
6994 1
6995 2
15189 0
6998 2
15191 2
15193 1
7002 2
7005 2
7006 2
15200 0
7009 2
7010 1
15204 2
11963 2
7018 1
15212 3
15213 0
7022 3
7023 1
7024 2
15217 2
15219 0
15220 2
15221 0
15223 0
13031 1
15225 1
7035 0
15228 0
7037 1
7039 1
7040 0
15235 1
5666 0
10873 0
15241 2
17559 2
7052 1
15245 2
15246 0
7055 1
7056 2
15249 2
15250 3
7062 0
7064 2
15258 1
7068 1
15261 2
7071 1
15264 2
15266 1
7075 3
7076 1
7080 0
7082 0
15276 2
15277 1
7086 0
15279 2
15280 1
15282 2
18722 0
15284 1
7093 0
15286 1
15287 2
15288 3
7097 2
7098 2
9375 0
15292 1
2549 2
7104 0
7108 1
15301 2
7110 2
15303 2
15304 2
7114 2
18482 0
7116 1
15309 1
15311 2
7120 2
7122 2
7123 2
15319 0
7129 2
7130 0
7131 0
7133 2
1189 2
15329 2
7139 0
15333 2
7142 1
7143 0
2556 1
9383 0
15342 0
7151 0
17544 2
15349 1
15350 0
7160 3
7164 2
17151 2
2560 1
15363 2
7173 1
6657 1
15368 3
15374 0
15375 1
15376 3
2563 2
15380 1
6786 1
15386 2
15388 0
12122 3
15390 0
18516 2
7201 1
15395 0
7205 1
15398 0
6241 1
15400 2
15401 0
15405 2
15409 2
12323 3
15413 2
16633 0
7228 1
15421 0
9397 2
7232 1
7235 2
15428 2
15431 2
15434 2
7245 0
15440 1
7249 2
15448 2
8036 1
9402 2
7262 0
15455 0
15457 2
5307 0
15461 0
7273 2
15929 1
15471 1
15472 2
15473 0
1685 2
7283 0
7284 0
15477 2
10414 1
7288 0
15482 1
16064 2
15485 3
15215 0
7296 0
15490 1
3947 0
7300 2
2582 2
15495 1
15496 0
15497 0
7306 2
14871 0
15502 1
15503 2
15504 0
15506 1
3244 0
15509 1
15510 2
14873 2
485 2
15513 0
7322 0
7327 0
15520 0
15521 2
15522 1
11428 3
7332 2
15525 2
15526 1
7335 0
7344 2
790 2
7349 2
15544 1
4882 1
10783 3
15550 0
15552 1
15553 0
9011 2
7363 0
7365 0
15559 3
15560 0
7369 0
15563 0
14430 3
15565 1
7374 3
9421 2
7376 0
3960 2
7380 0
7381 0
7383 0
15576 1
15577 3
7386 1
7388 2
7390 0
7391 1
15584 2
7393 0
16613 2
15588 1
7397 0
15590 1
15594 3
5702 0
15599 0
15600 2
15602 2
15603 1
7413 1
15606 2
17620 0
15610 0
15613 1
15614 0
15616 0
7425 3
7426 0
15625 1
15627 1
15628 3
7440 2
15633 0
15634 0
15635 1
14894 2
3541 1
7447 2
15641 0
7450 2
15644 1
7453 1
7454 1
15647 1
6704 1
1243 2
7460 2
7461 1
15654 2
15655 2
15656 0
15657 2
15658 2
7467 2
15660 0
18525 0
7473 1
15667 2
15670 3
7479 0
15672 1
7481 1
15676 0
15677 1
14901 0
15681 1
6796 0
7495 0
9448 0
10807 0
10961 0
15696 0
1251 1
7509 0
6051 2
15704 0
15706 1
16271 2
15708 2
11707 2
7518 3
1253 0
15713 2
15714 1
15717 0
15719 1
7529 2
15722 2
15726 1
15728 1
13544 2
15730 1
2622 1
3661 2
7543 2
7544 2
7545 1
15738 2
15739 0
15741 1
15746 0
7555 0
15748 2
15749 1
7559 2
15752 1
7561 2
15755 0
15756 1
15758 2
15759 3
7568 2
15761 2
10819 2
15764 0
15765 2
13047 0
15769 2
9455 1
15772 2
15775 0
15776 2
9527 1
15781 1
15782 1
9457 2
7594 3
7595 0
15788 1
1266 0
16285 0
15798 1
2633 2
17984 0
7609 2
7611 1
7613 0
15806 0
15807 2
7616 2
7617 1
7618 0
15813 0
7624 3
15817 2
15818 2
7627 0
15822 0
15826 3
16291 2
210 2
15830 3
7641 0
15834 1
15835 1
15836 0
15803 0
800 2
7649 2
9467 2
15844 2
15845 2
7658 0
15852 2
15855 1
7665 0
7667 1
7670 3
15863 2
7672 3
7676 0
15871 1
4961 1
7682 2
4011 2
15876 0
15877 0
15880 1
15882 0
8985 0
17666 2
7694 1
7695 2
15889 1
15890 2
7699 2
16896 1
15895 0
15897 0
15898 2
15902 1
2356 2
7715 0
7716 0
15909 0
15910 1
5167 1
7723 2
257 3
7728 2
7729 0
7730 1
8115 2
763 0
7737 1
10847 1
17674 2
7743 2
2440 2
7747 2
15940 0
15941 0
14945 1
7753 3
15946 0
16625 0
17359 0
7762 1
10851 1
7765 2
7766 1
15959 1
15961 1
15962 0
15963 2
15967 0
7778 0
4027 0
15972 0
7783 0
379 0
7785 0
15979 1
15980 2
15981 0
15983 2
15984 0
6760 0
11989 0
16628 0
7796 3
15990 2
10857 0
15992 0
15993 1
7802 0
15995 2
15997 1
15999 1
16000 2
16002 2
16003 2
16006 1
16008 0
7817 1
15042 2
7819 3
16013 0
7825 0
16018 1
16023 1
7832 3
16027 1
16028 1
7838 2
7839 2
16032 1
16034 2
16035 3
16036 1
16037 1
7848 2
16041 1
7852 3
16045 3
7855 3
15810 0
16049 1
7858 2
7860 0
16054 1
16329 0
16056 1
7865 2
7866 2
17695 2
16060 2
16061 1
7870 3
18363 1
16066 1
16069 2
16071 0
16332 2
16076 2
16078 1
7890 2
13629 1
16087 2
16088 1
16090 1
12240 1
7906 2
9265 1
7911 2
7912 0
7913 1
16106 2
17703 2
16109 2
16110 2
7919 0
16113 2
16115 2
16117 2
7927 1
16120 1
16122 1
7931 0
16124 1
16127 3
16129 1
6811 1
16134 0
10881 2
7945 2
7946 3
7947 2
7949 2
16143 2
7952 0
7954 0
7955 2
16148 2
7957 0
7960 0
10884 0
7962 0
16155 1
16159 0
7968 0
5424 0
7975 2
16174 3
16176 0
7986 2
16180 0
6793 0
16184 2
7994 0
4063 2
11941 2
11128 2
8001 1
16196 1
16197 0
16198 0
8007 3
8009 2
8010 1
16203 0
16204 1
8014 2
16207 0
16214 2
1337 0
4086 2
8028 3
12261 1
16224 2
9531 2
10419 0
16230 0
16232 0
15711 2
16235 1
8044 1
6802 3
16238 3
1341 2
8049 0
8051 0
16244 1
8054 2
16248 2
14996 2
16250 2
16251 2
16252 1
4360 1
2709 0
8064 1
16260 1
16262 1
16263 2
8072 1
16265 1
16266 2
8075 2
8076 2
8079 0
16272 0
8082 0
16275 0
16277 2
16278 2
16279 0
16281 1
542 2
13090 2
16284 3
10906 2
16288 1
8098 1
2715 2
16292 0
8101 1
16294 3
16297 0
17735 2
8108 2
16301 1
16305 0
16307 0
8117 2
8119 0
16312 2
16313 2
16314 0
16316 1
17738 0
8126 0
16321 0
16324 0
16325 0
12711 2
8135 3
2453 0
8137 2
16331 1
8140 1
8142 3
8143 0
16337 2
8148 0
16341 0
16342 2
16344 2
2724 1
9551 1
8156 1
8157 1
16352 0
16353 2
16356 0
8166 2
8168 2
16380 0
8170 2
17785 0
16366 0
16381 1
16368 1
1363 2
545 2
16376 2
18276 0
8186 2
16379 2
9929 2
8189 2
8190 2
8191 0
