8192 2
8193 0
16386 2
11184 1
9558 1
8199 0
16393 2
13655 1
8194 1
16399 2
8208 0
4099 2
8212 0
16405 2
13657 0
8219 2
16412 0
16415 2
16419 1
8228 2
16421 3
9564 0
8234 2
8237 2
8241 2
16437 1
9449 0
16441 2
8250 1
16445 2
62 2
16449 2
66 1
16395 0
71 1
16456 2
8266 2
6839 3
16460 2
16464 1
16465 1
8276 1
16471 2
16473 0
90 1
12712 3
10096 0
6843 2
16484 1
5478 0
102 1
8295 2
8296 2
2748 3
106 1
1383 2
108 2
8307 2
8309 2
8310 2
119 1
16505 0
122 3
16508 1
8317 1
16514 2
16515 2
132 2
133 2
136 0
9580 1
138 2
8331 2
16524 1
8335 0
144 2
8338 2
148 1
150 2
151 1
153 1
8346 1
1391 0
8349 2
16542 0
16543 2
162 2
163 2
8356 3
16550 1
12788 2
169 1
170 0
2759 2
173 2
177 1
178 0
180 3
183 2
186 2
187 1
8381 1
8387 1
197 2
16583 2
8392 2
201 1
202 2
16587 0
204 1
16589 3
206 3
209 2
8402 2
8227 2
8407 2
16600 1
218 3
8412 1
223 2
9595 2
16612 1
16613 2
16614 0
16615 0
16616 1
16618 2
235 3
8430 2
17789 1
240 1
16625 0
16626 2
244 3
246 0
16631 0
16632 2
8441 2
17514 2
16636 2
254 0
8447 0
16646 1
5505 0
16648 0
5506 2
8462 0
271 2
16657 1
16658 0
8738 0
8468 0
8473 2
16666 1
284 1
285 1
286 1
8480 1
8481 0
8483 0
8485 2
8486 2
16433 2
8488 2
15068 2
8466 0
16683 2
8495 2
8496 2
305 2
16691 2
16693 1
8502 1
17801 2
16697 2
15071 0
16701 2
7367 2
319 2
320 3
16706 1
16708 0
16713 0
16714 0
16715 0
16716 0
334 3
16719 2
1857 2
8538 1
347 3
16732 1
350 0
8543 3
16737 2
16740 0
8549 0
358 1
359 3
8553 2
16747 3
16748 0
5567 2
8564 2
16757 0
8571 0
16765 2
383 0
384 1
8577 1
387 0
389 1
390 1
392 1
393 2
397 3
8594 1
16451 0
407 2
8601 2
410 2
8604 2
8609 2
8610 1
5531 3
16804 3
16805 0
423 2
16808 1
427 2
8621 0
11471 2
16818 0
436 2
16821 1
16824 0
16827 2
444 2
74 0
446 2
448 3
16833 2
8643 1
16838 2
455 1
16841 2
8651 0
460 0
461 2
462 3
16847 0
8657 2
16852 1
16854 2
8665 2
476 2
16861 1
8672 0
8674 0
8675 2
17830 3
16871 0
16874 0
8684 1
16878 0
8687 2
496 2
11746 2
16882 3
500 2
15102 1
16886 2
503 3
8697 0
15103 1
509 3
510 2
512 1
16897 2
16902 2
8711 0
520 3
521 0
8715 0
8716 1
2818 0
526 0
8720 1
530 2
16930 2
532 3
8725 1
8727 0
536 3
538 0
16923 2
8732 1
16926 2
6917 2
16928 2
16929 2
546 1
8739 3
16385 2
15110 1
551 1
16937 2
8746 2
555 2
8748 3
8750 2
16946 2
16948 0
16949 0
8758 2
567 2
8761 1
16956 1
16959 2
16960 1
16961 3
8771 3
581 1
583 1
16970 2
588 1
15117 2
16976 1
16980 2
17849 2
601 1
8794 1
8795 3
8796 0
5562 1
16990 2
12389 2
8800 1
609 2
16997 2
8806 0
1468 2
17002 1
621 2
8814 2
8815 2
17010 1
15123 1
630 0
12393 1
17855 2
17022 0
17023 1
641 0
8834 2
8841 2
650 1
651 0
17036 2
8845 0
654 0
657 3
658 0
17043 0
17045 0
17046 1
664 0
17049 1
17050 1
17052 2
669 2
670 2
8864 2
17057 0
17060 3
13766 0
17062 0
17063 1
8872 2
8875 2
8877 1
17070 3
8881 2
17075 0
7388 2
17077 3
8888 3
17084 1
8895 3
705 0
17090 3
9675 1
708 2
8902 2
712 2
17097 2
8906 2
17099 2
6946 2
8910 2
17104 0
17108 0
8921 2
730 2
17118 2
17119 0
738 2
741 2
742 0
744 2
8938 2
8939 2
748 2
749 0
16699 0
751 3
17136 0
5587 1
17140 0
760 1
17145 1
17147 0
764 2
17149 3
766 1
767 2
17153 0
17154 0
13782 2
774 1
17159 3
17160 0
17211 1
17162 0
779 0
17164 1
17165 1
8974 2
17167 2
17168 2
17170 3
787 2
8980 1
790 2
792 0
17177 0
8986 2
8988 3
17181 2
8325 2
8992 3
802 1
803 2
17191 0
9000 1
9009 2
17202 0
17203 2
820 2
17205 1
17206 1
9015 0
825 2
9018 2
9019 1
16522 1
6965 2
832 2
17218 1
13394 0
17224 3
841 1
844 2
9038 2
17231 0
17232 1
849 2
851 0
852 2
9045 2
17238 1
17239 1
9049 2
17243 1
860 3
861 2
862 0
8336 0
17251 1
868 3
870 2
17255 0
9065 2
874 3
875 2
876 3
9070 2
879 2
17264 0
17265 2
882 0
883 1
885 1
17270 1
9079 1
888 2
9082 2
892 2
9088 3
17281 0
9090 1
9092 0
9093 1
9095 2
17288 1
17290 2
9099 0
9100 2
17293 0
910 1
9103 2
9104 2
17297 0
9108 2
9112 2
921 2
9116 1
17310 1
928 1
17313 2
931 3
17316 2
2886 0
9129 2
938 1
17323 0
157 0
17330 3
9140 2
158 3
17336 2
953 2
11082 2
9152 2
9153 2
9155 2
9158 3
5623 0
16546 0
17358 1
17360 2
17364 2
9173 2
17367 1
9176 2
17371 0
13818 3
9184 2
17379 2
17381 2
9190 0
17383 3
17388 2
17391 0
1009 1
1010 1
17395 2
17396 2
8361 2
15374 0
9209 1
17402 1
17403 1
9212 1
9216 0
9219 1
9223 1
1036 0
1038 0
9231 2
1040 0
9234 2
12037 2
4270 0
1046 2
17431 3
17432 2
17433 1
1051 1
17436 3
17440 2
9249 0
17442 3
1063 2
9256 1
11100 0
17450 1
1067 2
9262 2
1071 1
9264 1
1544 1
9266 3
1075 0
9270 2
17463 1
9274 2
9275 2
17468 1
5642 0
9280 1
9282 3
17475 0
17476 0
17477 1
1094 3
17479 0
17480 2
1098 2
9292 1
8220 0
17487 2
9297 0
17491 2
17494 2
17495 1
9308 1
11109 2
17504 2
1122 1
9316 0
17509 2
9318 0
9320 2
9312 2
1130 2
15207 3
9325 0
16156 2
17519 2
7016 2
1138 2
17527 0
10264 0
17532 2
17533 3
1150 2
13845 1
17537 0
1154 2
14083 3
17544 2
15212 3
17546 2
17548 1
17549 1
17552 1
17553 2
17554 2
17556 2
1174 2
1175 2
9368 2
1177 2
17563 2
17564 2
16581 1
17568 0
17569 2
9378 2
1187 2
6859 1
17576 1
17577 1
9386 2
9388 2
17581 1
17582 0
1200 0
200 0
17586 2
4950 2
17589 0
17591 1
17593 2
17594 1
9403 1
1213 1
1218 2
17603 3
9418 1
17612 2
17613 0
12316 2
17616 0
1233 1
9427 2
17620 0
1240 0
17632 1
1249 0
1251 1
9446 1
17639 1
9448 0
2940 1
17642 1
1262 2
17650 1
17652 1
9461 2
17654 3
9463 2
1273 2
7039 1
17660 2
17962 1
17664 0
7040 0
17666 2
9477 2
17672 0
17674 2
1293 3
9486 3
1295 1
9488 3
8408 2
1298 2
9492 2
17685 2
17688 0
17689 2
17692 3
9501 0
9503 2
17696 1
1313 3
17702 2
17703 2
18593 2
1322 2
1324 2
17710 2
1328 0
1331 1
9046 1
17719 1
9528 1
1337 0
1338 1
1340 2
1341 2
9538 0
7137 0
1351 2
1353 0
1355 1
17740 3
1358 2
9551 1
17744 1
9554 2
1363 2
9556 2
1366 0
17753 0
17755 0
17756 0
17757 1
1375 2
17760 2
9569 2
17762 2
230 0
17767 1
1596 2
9578 1
1387 1
16485 0
17774 1
9583 2
1392 1
9590 2
9591 0
9593 2
17787 3
9596 0
9597 2
9599 0
1408 0
9601 2
4331 1
9606 1
1601 1
17800 2
12524 1
17803 1
9794 0
9615 2
17810 1
17811 1
9625 0
17820 0
1437 3
1440 2
1441 1
17827 1
1444 2
9637 1
1446 2
9639 2
17835 2
1452 1
9645 2
15261 2
9648 2
17843 2
1460 3
17846 0
17847 1
5777 2
9657 0
17850 1
17851 1
9660 2
9661 1
1470 2
10422 2
9665 2
1474 2
9667 3
9669 2
1478 1
15265 1
9673 1
1482 1
8439 2
9676 2
1485 3
1686 2
9679 1
1488 1
4344 3
9683 0
1496 1
9690 2
9691 3
9693 1
9694 0
18000 0
12539 2
9702 2
17895 0
17896 1
8444 0
9707 1
9711 0
1521 3
1524 1
11177 0
8507 2
9724 1
1538 2
17924 0
9814 0
1542 2
1543 1
324 1
1545 2
1548 2
9741 2
1551 2
9816 2
13418 1
17944 1
1561 2
7087 1
17948 2
17949 2
17952 2
9761 1
17955 2
17959 2
14237 0
17961 0
9770 1
9773 2
1583 2
17970 0
9779 0
17972 0
17973 2
17975 2
9784 2
17977 2
9786 0
17979 2
17980 0
1597 1
1599 0
9792 2
17985 2
1602 3
8229 1
17988 3
1605 0
1606 1
1608 1
1610 1
17995 2
17996 1
17997 3
8461 3
9808 2
11192 2
1618 1
9811 0
9812 0
1622 2
18008 1
9817 2
9820 0
1630 1
18015 2
9826 2
16694 1
9829 2
9830 2
1639 2
1640 2
1641 2
1645 0
9839 0
18032 0
9832 0
18036 2
1653 2
7103 2
1661 1
9854 1
1666 2
1669 1
1671 1
1672 3
9865 3
1674 2
9867 0
1676 1
18062 2
18066 1
1685 2
9878 3
1687 2
9882 1
8474 3
9886 0
9887 3
1697 0
18083 1
9892 0
1703 1
18088 2
9897 1
18091 2
9900 2
9901 2
1711 2
1712 1
18100 1
1717 2
1721 2
18107 3
9916 1
18110 1
7968 0
288 3
603 1
1732 2
9927 2
18121 1
1738 2
1740 0
18126 0
12579 0
18133 2
9946 2
11215 1
1695 2
1758 3
1761 0
1762 0
18147 1
1764 2
18150 2
1767 2
1769 2
18155 1
18156 1
18157 2
4267 1
9967 1
18161 1
1779 0
1662 2
18166 0
18167 1
1785 2
14405 1
9981 2
1790 2
1792 0
18178 1
299 1
18180 0
1800 0
18185 0
18186 2
1803 0
18050 3
10001 0
18197 0
18199 2
18200 2
18201 1
18203 2
10014 1
18207 2
1826 2
1827 2
18212 1
18214 2
18218 2
18222 0
1839 2
10032 1
18225 2
18228 2
18229 1
18230 0
1847 0
18232 2
1852 1
10045 1
18240 0
11232 0
1858 1
10053 1
18246 2
18247 2
10056 2
18250 2
18252 1
18261 1
18264 1
10077 1
10080 2
1889 2
10083 2
18279 1
10088 1
10089 2
18282 1
1899 0
10092 1
9874 0
18287 1
1904 2
11240 3
18291 0
1909 0
12954 0
10105 0
18298 2
18301 2
1918 2
18069 0
18306 2
10117 1
10118 2
1927 3
18312 1
18314 2
18315 3
1932 0
10125 1
10126 3
10127 1
10129 2
10132 1
1944 0
10137 2
10140 2
1949 2
1952 1
10146 2
18340 2
1958 0
10151 3
1960 1
1961 2
10154 0
1964 2
1965 2
18352 1
10164 2
18357 2
18358 3
329 1
18360 2
18362 3
18363 1
330 0
18366 2
1983 2
15069 2
10179 0
1988 2
15350 0
1990 3
18081 2
1992 2
332 2
18379 1
9341 2
18384 2
9891 3
10196 1
12622 1
2006 1
10201 1
18394 2
2011 1
18397 1
18398 0
2522 3
18401 1
10212 0
10213 2
10214 0
18411 3
10220 0
18414 3
18415 2
6942 1
18421 3
1705 0
8524 2
18426 1
10235 2
18428 2
10237 0
2047 2
18434 3
2052 2
18437 0
2057 2
18443 2
2061 3
18446 2
8197 2
2072 2
2073 2
2074 1
2075 0
2076 2
18461 0
10270 3
18464 0
8539 1
2086 0
18471 2
10281 2
10282 2
2091 2
2092 2
1979 1
10287 2
10288 1
18481 0
18483 2
10292 3
10293 1
10296 1
5812 0
10298 2
10299 2
18493 2
10302 0
18496 0
18497 0
10307 0
2116 2
5526 0
10311 2
18504 1
2121 0
10314 0
3451 1
10317 1
2126 0
18511 3
2128 1
18514 1
10323 3
2132 0
18517 0
2134 2
10327 1
2137 2
2138 2
10331 0
10332 1
10335 2
10340 3
16742 1
18534 2
617 0
10345 2
16743 2
18541 0
2158 1
18543 0
2162 3
18547 0
9918 3
10358 2
7188 2
18111 1
10366 2
10367 1
2176 2
2180 2
2181 1
18567 3
2184 3
2185 2
18571 1
2188 2
10382 2
10386 1
12654 0
2199 2
2200 1
7194 2
18590 0
2207 1
10401 2
18594 2
18595 2
2212 1
10405 2
18598 2
10407 2
18601 0
10412 2
10413 0
11293 2
2228 0
10421 2
18614 2
18615 1
18617 1
10426 1
18621 0
18078 2
18631 0
18632 2
18634 1
2251 2
2254 2
18639 1
10448 3
18641 2
2258 2
2259 1
18644 2
10454 0
2264 2
18649 0
2268 2
2269 0
10464 1
2278 2
10471 1
18664 0
10475 1
2284 2
2285 2
10478 2
381 0
2288 2
2292 0
10485 1
10486 2
10487 0
10488 2
2297 2
18682 1
7162 0
18686 1
2304 0
18689 2
10498 2
18692 2
18694 2
10505 2
18698 0
2315 2
10509 0
10510 0
18704 1
18706 2
18707 1
2324 2
10517 1
1652 2
4484 1
18714 1
10523 2
10716 1
2333 2
10527 3
10528 3
10530 1
10533 2
10534 2
2343 1
1756 0
18734 2
2353 1
2355 2
2356 2
2357 2
8585 1
10552 0
10554 2
10555 0
2364 2
2365 3
10559 2
2368 1
10561 2
18757 0
2374 3
10567 1
10568 1
2377 0
10572 3
10573 1
10575 1
2385 2
18771 2
18773 3
10582 1
10583 2
2393 3
10586 0
10589 2
10591 2
18790 0
10602 2
2412 0
16786 1
2414 2
10607 1
10609 0
18084 0
10612 2
10613 1
18806 2
2426 1
2427 2
18812 2
10622 2
18815 2
2434 2
18819 0
18821 2
10631 2
2440 2
2441 2
2443 0
2444 1
18830 0
18832 1
2452 2
18839 2
18840 2
2460 0
11333 0
18853 2
10662 2
2472 2
2475 1
2476 0
10670 1
10672 2
2483 1
10676 0
10677 3
2487 2
2490 2
2491 0
10686 0
18165 0
2496 1
10689 3
2498 2
2499 3
2500 2
2503 0
10698 2
10702 2
2516 2
2517 0
2520 2
420 1
10714 1
2524 1
17542 1
10719 0
2529 0
2530 0
2535 2
16807 1
10734 1
14077 3
10737 3
2546 2
9632 1
9982 1
2552 1
2553 1
2556 1
18176 2
8619 3
10756 3
2565 0
2566 3
2571 1
10767 0
2576 0
10771 1
10773 1
10774 1
10777 1
10781 2
2591 0
2593 2
2595 2
2597 0
2601 1
5895 2
2605 0
10798 0
10799 1
10802 0
10805 0
10806 2
2615 2
2616 1
10809 1
10810 1
10812 1
10814 1
10815 2
2624 2
10817 1
2627 2
10820 3
10822 1
10825 0
10826 0
4535 3
2640 2
12728 2
16455 2
10845 2
2654 2
2655 2
10848 3
2657 0
10851 1
2660 1
10853 2
10854 0
2663 1
10856 2
10860 1
10862 0
10863 0
2674 0
10867 1
10869 1
10870 2
10873 0
10879 2
10881 2
9364 2
10883 2
4545 0
10895 1
2705 0
10898 0
451 1
10901 2
2710 3
2712 0
2714 0
2715 2
2716 1
2718 2
10913 3
10916 2
2725 2
9638 3
16839 0
18640 1
8747 2
2739 2
16731 0
10940 2
2750 1
2751 0
2753 2
2754 2
16843 3
2757 0
2758 2
10951 0
2762 2
2764 3
16459 2
2771 0
2774 0
2775 1
1828 2
2778 2
9367 0
638 0
10974 3
2783 3
2787 0
2788 0
2791 2
2794 3
10991 1
2801 2
10994 1
468 0
11004 2
11010 3
2822 0
11015 2
11016 0
12759 1
6641 0
2840 0
11035 0
11038 2
3205 1
18224 0
2850 2
2851 1
11045 2
2854 1
12643 1
11053 2
11056 0
11058 2
11065 2
2874 0
11072 1
2882 2
2883 0
2884 0
7461 1
11078 2
11081 1
2890 3
2891 2
16866 1
2901 0
2903 2
2904 1
2908 0
2909 1
2910 1
16869 0
2912 1
11408 2
2914 1
11107 1
2916 3
2917 0
11111 3
11112 1
2922 1
11118 0
18237 1
2928 1
11127 1
11128 2
2937 2
11132 2
2942 2
2944 2
11137 2
2946 2
11139 1
11140 1
11141 0
5953 2
2954 2
2955 0
2960 0
11154 0
11155 0
2967 2
8203 0
2973 2
11166 0
2975 1
2979 2
2980 0
14150 1
2984 2
2985 2
10055 2
2988 0
11181 1
2991 2
2992 2
10738 2
2009 0
2995 2
3000 2
11193 0
11194 2
11196 0
1866 2
11202 0
3012 2
3014 0
3016 1
11214 2
3023 0
3025 1
3026 3
11220 1
3030 1
3031 1
11428 3
3034 2
3040 2
3042 2
11239 2
3048 3
3049 2
3050 0
3052 1
3053 2
3058 1
3059 0
3061 0
11255 0
11259 2
3070 2
8704 0
3074 1
11267 2
3076 2
11269 3
3079 2
11273 3
3082 2
3093 3
3099 0
3100 0
3101 0
11295 2
3104 0
3105 1
3107 2
11300 2
3110 2
11305 2
11307 2
3119 2
11312 2
11313 1
3122 3
11444 2
11327 2
1888 2
11330 1
3141 2
11334 2
11335 2
11336 2
524 2
4621 2
11344 2
11345 1
3154 3
18275 1
3162 1
11355 3
11358 0
3167 1
11364 1
3174 2
924 1
3182 3
3261 1
3185 0
3187 2
3191 2
4198 0
3199 3
11393 2
12672 3
11397 2
3206 2
3213 0
3215 2
3216 2
3222 1
11416 2
11421 2
3231 1
11425 2
11426 3
3236 0
3237 1
11430 0
3239 0
11432 0
11463 1
3244 0
11438 2
11441 3
3252 3
3253 1
3256 3
11450 2
11451 1
15657 2
11454 0
3263 2
3264 0
11457 2
11458 2
3268 2
3270 1
545 2
9929 2
11469 2
3278 3
12657 2
3280 2
3283 0
3285 1
3286 1
3287 2
3288 2
548 1
3291 2
11484 1
3296 0
11492 2
11502 2
11503 0
11504 3
12840 1
3314 3
3318 0
11511 1
3320 2
11514 2
3323 2
3324 2
16938 0
11518 2
3327 0
3328 1
3330 1
11523 1
11529 2
11532 2
3341 0
11536 1
6060 0
558 1
11841 2
3351 3
3354 2
3359 3
11554 1
11555 1
16206 0
18310 3
3366 0
3369 2
11565 1
3375 2
3377 2
3378 1
3380 1
3381 1
3382 0
14217 2
3387 1
3389 2
3393 1
11586 0
12854 0
3400 0
16062 2
5081 0
3415 1
11608 2
3419 2
11613 1
3422 1
11617 1
11618 1
11620 1
3434 1
3435 3
11629 0
3440 1
9389 0
11637 1
3446 2
11639 1
11641 2
8767 0
3452 0
3453 2
3456 0
3460 2
11653 0
12866 2
11662 2
9390 1
18328 1
11666 2
11668 2
3479 2
17087 0
3482 2
3485 1
5026 2
3488 2
3489 3
3490 2
5299 0
3494 2
3495 2
14301 0
4679 0
11694 1
3503 2
3504 2
3515 1
3517 1
3520 2
3521 2
11716 1
8780 1
11724 2
11738 1
11739 1
11741 1
11743 1
11744 2
2846 2
17001 0
4991 1
11752 0
11516 1
3564 3
14576 0
11761 1
14849 2
11766 0
11768 2
11771 1
3580 0
11773 2
3585 2
3586 0
11779 0
3588 0
6625 2
18348 1
3595 0
18349 1
11795 3
6062 3
11800 2
11802 0
3611 3
11804 1
11806 2
11808 1
3619 2
3621 2
11815 1
11816 0
11821 1
605 3
11824 1
606 0
11831 1
11833 1
11834 2
16991 3
11838 2
16557 2
3649 2
11842 0
11844 2
3655 1
11849 0
3658 2
3659 0
3660 3
3661 2
3662 0
11856 3
11857 0
4707 2
14265 2
3672 1
3674 2
8805 2
11873 1
11874 1
11875 0
11877 2
15633 0
11880 1
3689 1
2043 1
11888 0
1982 0
3702 2
3703 2
3705 0
3706 2
11900 2
3709 2
11904 1
3713 2
11907 2
3717 2
3719 2
11912 2
11913 1
3722 0
3727 2
3730 2
3731 1
3734 2
3737 0
3740 0
3750 1
3751 1
3752 3
11952 2
18376 2
3763 2
10185 0
3769 2
15647 1
3773 2
11968 1
3777 2
3781 1
3784 2
3789 0
3791 2
3792 0
4728 2
11990 1
11999 2
2000 3
12006 0
3815 1
3820 1
12013 2
3822 3
8830 0
12023 1
12029 0
4765 1
12034 1
18677 0
18390 0
3849 0
12053 1
18393 2
4740 0
4741 1
3876 2
3879 2
3880 0
3885 2
3887 2
3889 2
12083 2
4494 0
12089 1
12091 2
3901 0
12094 2
17035 2
12100 2
11574 2
14042 2
4748 1
12109 2
12110 2
12112 2
12119 3
18404 2
12127 2
12132 0
12133 0
12134 2
8849 2
12136 2
12139 2
17042 2
3950 0
12143 3
12149 1
3960 2
12158 2
3968 3
3394 2
12174 3
3983 2
3984 1
3985 2
3988 0
12184 2
8858 2
8862 2
12191 0
6128 2
8810 2
4006 2
12202 2
4011 2
12206 1
12957 1
4017 2
12210 2
4019 1
12958 0
4022 0
4024 1
12217 1
12223 1
4037 3
4038 0
12235 0
6136 2
4050 1
12963 1
1226 1
8868 2
4058 2
12255 1
11592 0
12257 0
12258 2
12259 2
4069 3
4070 3
12265 1
8871 2
4076 3
4078 1
4085 1
12279 2
4089 1
12283 0
4092 0
4093 1
4094 3
12288 0
409 0
12291 3
12292 2
4101 3
4109 2
17069 3
7512 0
4115 0
12314 2
4124 2
12319 2
4131 0
12324 2
4134 0
15708 2
12330 1
12331 2
12332 2
4141 0
4143 0
4148 1
4151 2
12344 2
12348 1
14323 2
18142 1
4164 0
12357 3
12363 3
4181 0
12377 2
12380 0
4794 2
12382 3
4191 2
4195 1
4197 2
12390 2
4200 3
4201 2
4202 1
4205 2
4206 3
15249 2
15143 2
4210 3
12409 0
12411 2
4221 2
4225 2
4227 2
4228 1
12424 2
12425 1
12426 0
12427 2
4238 0
12433 2
4249 1
4252 0
4256 2
4257 2
12450 0
4262 2
15729 1
12456 1
4265 3
12459 1
12462 2
14365 3
12465 1
12466 1
18462 3
12470 2
8905 2
4280 1
4284 1
12480 2
12481 0
12486 2
6177 1
4302 1
12496 1
4307 2
4310 0
4313 2
12506 1
4318 2
4319 0
4320 2
4322 1
11643 1
4324 2
4325 2
4327 1
4328 3
12521 2
10279 2
4332 2
12526 1
4335 2
4336 0
4337 2
4340 0
15961 1
12535 2
12536 1
4347 3
12541 1
4353 2
4354 2
18475 0
4822 0
4359 2
12552 2
12554 3
4370 1
4372 2
4374 2
4375 3
4378 0
4379 2
4380 2
12573 0
12574 3
4383 2
4387 3
4389 2
12584 2
4394 1
12591 1
12592 2
15752 1
12595 2
8330 2
12602 0
12603 3
5057 3
12611 2
6421 1
4421 0
12615 2
12618 1
12620 3
4430 1
12626 2
4436 2
18424 1
12630 2
4439 2
12637 1
4447 3
18491 0
15761 2
12649 1
13031 1
12652 2
4462 2
17061 2
12660 2
4471 1
4472 2
12667 0
13034 0
4480 1
8953 1
4483 0
12676 3
4485 2
12678 1
4487 2
12684 1
12686 2
4497 0
4498 2
12692 2
4501 0
12695 3
4504 2
10308 0
12698 2
4507 1
4508 2
12701 3
4510 1
4511 1
4515 2
4516 0
4517 1
12710 1
4519 0
4520 0
12713 2
12715 2
4527 1
4529 2
4532 1
12726 0
12727 1
4536 0
4537 2
12730 1
2606 3
12732 1
4542 1
12737 1
12739 2
4552 1
12745 2
12747 2
4557 1
12750 2
4559 3
8952 2
12754 2
12755 0
761 3
4570 1
12763 2
12765 2
4574 3
7589 0
12769 2
4579 3
4580 1
4582 2
4583 1
4584 0
12782 0
4595 1
4596 1
17150 3
12790 0
12792 1
10324 1
4605 2
12799 0
4609 1
12804 1
12808 3
12809 1
12810 0
12811 2
13058 0
4622 2
12815 3
4626 2
4627 3
3502 2
4630 0
4632 2
12828 0
12832 1
11696 2
4642 0
4643 1
4645 0
4648 1
12841 1
4653 0
12847 2
4656 1
12849 0
4658 2
12852 2
12853 2
4662 0
2143 3
12861 2
12862 2
4671 0
12865 2
4674 1
12869 2
12870 1
12871 0
12872 2
780 2
12874 1
8612 0
12876 2
4686 2
4688 1
4697 1
12891 2
12893 0
4704 1
4705 1
11707 2
4708 1
4709 1
4710 1
12905 3
4714 1
4716 3
786 0
4719 0
4721 2
4726 1
12919 1
12920 1
4731 2
4733 2
4734 2
12929 0
12930 2
12932 1
12933 0
11713 2
4744 1
12940 0
15810 0
4752 1
12946 1
18542 0
1795 0
4762 0
12955 2
12956 2
794 2
4766 1
7621 0
4768 2
12961 2
4771 2
6257 1
12968 1
17180 2
12971 1
12972 2
4784 1
4788 3
12981 1
12983 2
12985 0
12986 2
4797 2
4798 0
12991 0
4801 1
4802 1
2166 1
12998 1
4807 1
13000 2
4811 3
4813 1
4814 2
4816 1
13010 0
17187 2
13012 1
13013 1
13014 2
4823 2
13017 1
4826 1
4827 1
13020 0
13023 2
13024 2
13027 0
4839 0
4842 1
13035 1
13038 1
4848 1
13043 2
4852 0
13045 1
4855 2
4856 1
13051 2
13054 1
4863 1
13056 0
4865 1
4866 0
13060 0
4872 2
4874 2
4878 0
13076 3
13077 2
4887 1
11074 2
18565 2
4896 3
4897 2
4901 0
4905 2
4906 3
18568 0
13107 0
4916 2
4918 2
13114 2
15839 1
5448 0
4926 1
13119 0
4929 0
4931 2
13110 1
4935 0
18572 0
4939 0
13133 2
13135 2
13137 2
13139 0
4948 2
13142 1
13143 0
13147 1
13148 2
17210 2
13150 3
13153 2
4963 3
4964 0
13157 2
4973 0
4975 0
13170 0
13172 0
4981 2
8622 2
4986 2
4987 0
16509 1
4989 0
166 1
13184 1
4993 2
4995 1
4997 2
4999 1
5000 3
13193 2
13195 0
13196 0
18584 1
13202 1
5011 3
5013 3
13207 1
13208 2
13209 2
13210 2
13211 3
5021 2
13214 1
13218 0
5030 2
5032 0
13230 2
3441 1
5049 3
5051 3
13244 2
13245 2
5054 1
13247 2
13249 3
13251 2
5060 3
5063 2
13256 1
13259 2
13263 3
5072 3
5073 3
13271 1
13273 1
5086 1
15566 0
5093 2
13286 3
5098 0
13293 1
13295 1
5108 1
13301 2
6313 0
5115 1
13311 2
5121 2
13317 0
13320 2
18604 2
4808 1
6172 0
5137 1
5138 0
13331 2
13332 2
13334 0
5144 2
2380 1
13340 2
16811 2
5150 0
5151 0
859 2
17244 0
13355 2
5165 0
13360 2
5171 1
13364 3
13366 0
13371 3
5186 0
5188 1
5189 3
5191 2
5195 2
5196 2
5197 3
5202 3
13395 2
13396 0
5206 1
13156 0
5210 3
2234 2
5214 2
13413 2
5222 0
13417 3
5226 1
14983 2
13423 0
5232 3
13428 3
5242 2
13435 2
4539 1
13446 3
5264 3
5265 2
13458 0
5269 0
5272 0
5273 0
13466 1
9071 0
5283 2
5284 0
13482 3
12724 1
5293 2
5297 0
9075 2
5301 0
13494 3
13497 1
5306 1
13499 1
13173 2
13504 2
15904 2
5315 0
5318 0
5322 2
13515 1
13519 2
13520 2
13521 0
5331 3
13528 2
5338 0
5339 1
5340 2
5341 1
5345 2
13541 2
13542 0
17276 0
13547 2
13551 2
13552 2
13553 0
13559 2
5371 1
5372 2
5374 1
13567 3
13568 3
17280 1
13570 3
13572 2
5381 2
5384 0
13578 2
5388 2
17282 3
13586 0
13589 0
13593 1
11823 1
13596 2
13600 1
13602 2
5415 0
13608 2
5422 2
13621 2
5001 2
13624 1
5434 3
13627 2
13628 1
5437 2
5441 2
13636 1
13638 2
454 2
5453 2
13647 2
8365 1
13654 3
5463 1
5465 2
13658 2
911 2
13666 0
5476 0
13670 2
13671 1
5481 0
5483 1
13676 0
5485 0
13679 2
13680 0
5490 1
5496 2
5498 2
13691 2
12731 0
13695 2
13696 2
13697 2
2911 2
6379 1
13702 2
13703 1
13710 2
5519 1
13713 2
13718 2
9113 0
13720 2
13723 2
5018 1
13727 1
13729 1
5538 0
5539 1
13734 1
13737 2
5548 2
13741 2
13742 2
13744 1
13751 1
13754 2
5564 1
13758 0
13759 0
5568 3
5569 1
5571 1
18678 0
5574 2
5576 1
13769 0
5580 1
5581 2
5583 2
13779 1
5588 3
5590 3
13784 1
13788 3
13789 3
5598 0
13791 2
5603 0
5606 0
3665 0
5608 1
13801 0
5612 2
7762 1
5619 1
5620 0
13815 0
11644 1
5626 3
5628 1
5630 2
13828 1
5637 1
5639 2
5641 0
13834 2
5643 3
5645 0
13838 1
5648 1
5653 1
13846 2
5655 2
5656 0
5657 1
5658 3
5659 0
13852 2
8099 3
5664 2
5666 0
5669 1
5670 1
13864 2
5673 3
9138 0
13871 1
13873 2
5698 2
1729 1
13895 0
13900 0
3682 2
13902 0
5712 0
952 1
3683 1
5716 0
13911 2
3685 2
17376 0
13927 1
13929 1
6419 2
10516 3
13946 0
13285 2
5758 2
18709 3
5763 2
961 1
13965 0
5776 2
14616 0
13971 3
5781 0
5782 0
13978 2
5787 0
10522 1
13986 2
5798 2
5802 0
13995 2
18717 2
5808 2
5810 0
5811 2
14004 3
5819 1
5826 0
3312 0
5831 0
14028 1
5843 2
14036 1
14038 2
14041 2
5850 2
5851 3
5853 2
5858 2
5859 2
5860 2
5861 1
14066 3
5879 2
5881 2
14634 0
5891 0
14084 1
5894 0
11905 3
5901 1
14095 2
17368 1
16003 2
14103 1
11909 2
5922 0
14117 2
5929 1
14130 1
14133 2
5943 0
14136 2
14137 2
14138 1
14140 2
14144 2
14145 2
14148 2
13019 2
14157 2
5966 2
5971 2
2381 2
5982 2
14175 0
10569 3
14180 1
5989 2
14186 2
4677 1
14190 2
14191 2
14194 2
14195 2
14196 0
10020 3
6013 2
14208 0
14209 0
6018 1
14212 2
6021 2
6022 2
6025 2
14221 0
14223 2
14224 1
14227 1
14228 0
357 0
6045 1
14239 0
14240 1
6053 1
6054 2
6055 1
6057 2
14251 0
14252 0
14254 2
14256 1
18760 3
14258 2
14262 2
6071 2
14264 2
6073 2
14268 2
14271 0
14272 0
14274 2
6089 3
6091 1
14287 1
6101 0
6106 0
6108 2
1018 1
14302 2
6115 3
6119 1
17404 1
14674 2
14320 2
6129 2
14322 2
6131 0
6132 2
6135 2
14328 3
14330 0
6140 2
6142 2
14335 2
14336 1
14337 1
6146 3
18774 3
6150 0
6152 3
14345 3
18775 1
6156 0
6157 0
6158 2
17411 1
6164 2
14360 1
6169 2
14364 1
14682 2
6174 2
14367 1
6176 1
14369 2
14374 0
14375 0
14379 3
14380 0
6191 1
14384 0
14385 1
14386 2
6196 2
14389 2
14391 0
14392 2
14393 2
6203 2
6206 2
6207 2
14403 0
6213 2
14408 2
9228 2
14410 2
14414 2
14417 0
14425 2
9482 0
14428 3
14431 1
14433 2
7867 1
14437 2
14439 2
6250 2
6251 2
6253 2
2936 0
14451 0
14453 0
6265 3
6267 2
6272 3
11120 0
14466 0
17430 2
6279 2
6282 2
14477 0
6286 3
9240 0
14488 3
14490 2
14491 1
6302 0
14497 0
6307 1
14501 0
14503 2
14505 2
6315 0
6318 0
14513 2
13342 2
2120 2
6330 2
6332 2
6335 0
6336 2
14533 2
1057 0
14538 2
6349 2
14546 0
14549 2
6521 0
6360 3
2256 0
6370 2
14571 2
6380 0
6381 1
6384 0
6385 2
6386 1
18814 2
13353 0
14586 2
6398 3
6409 1
14603 2
14604 2
13307 1
14611 1
1070 1
13580 2
6424 0
15482 1
6426 1
10629 3
14624 1
14626 1
17945 2
6438 0
14632 2
14633 0
6442 1
6445 1
6446 2
10632 1
6451 2
16094 1
14647 2
14651 2
6462 0
6467 2
14661 2
14664 1
14666 2
6480 2
14673 2
17761 0
6488 2
6490 0
6493 2
6494 0
6497 0
3814 1
6504 2
6506 2
17469 0
6514 1
6518 3
10644 2
6522 2
10310 1
17472 0
14724 2
2127 0
14731 2
17474 2
14737 2
14738 3
14742 2
14743 2
14750 2
14751 2
14754 1
17131 1
14761 1
6575 2
6576 2
2306 1
14772 1
14775 1
14777 2
14779 2
14782 2
6591 2
6592 3
6594 3
14787 0
14792 2
17484 0
14796 2
6605 0
14803 2
14804 2
14805 2
6616 1
6617 2
6619 2
6620 2
6621 2
6622 0
14815 2
14816 1
14817 2
6626 3
14820 2
6631 2
14825 2
14828 0
14829 2
14833 0
14835 0
6569 3
6652 3
14845 0
14847 0
17134 1
6660 0
6662 2
7937 0
14859 1
14863 1
14864 2
14865 0
14866 0
6675 3
14870 3
6679 2
14874 2
6683 2
14876 2
14878 2
14879 2
6691 1
6692 2
14886 1
14888 2
6697 2
14892 1
6701 1
6702 1
6703 1
6704 1
14899 1
6708 1
6709 0
14904 2
14913 2
6723 1
14916 0
14917 1
6727 2
14921 1
14923 0
6732 2
14925 2
6738 0
6740 1
1861 0
1124 2
6747 2
14945 1
11136 2
14949 0
6759 2
6762 1
6763 0
17512 1
14965 0
14966 0
6775 0
6776 2
14969 3
14972 2
9322 1
14979 3
6788 1
6789 0
6791 2
10319 3
6795 2
6796 0
6798 1
17517 1
6802 3
14996 2
6807 2
6809 0
6810 1
15004 2
11138 2
15008 2
15009 2
6818 2
15011 0
15017 1
6828 1
6830 2
6836 1
14793 1
15035 3
15041 2
15042 2
6851 1
6853 0
15048 2
6857 1
17067 1
15051 2
6860 1
15054 2
15055 2
6865 0
6871 0
6872 2
6874 1
15067 2
18778 0
6877 0
15070 2
6879 2
15072 0
6881 2
15074 0
15075 2
6886 2
15079 3
15080 2
6892 2
15085 2
6895 0
6905 1
9343 2
6908 2
6910 2
10709 2
6912 2
15105 1
15106 1
15107 1
15109 1
9232 2
15111 3
17538 1
6930 1
6931 2
15124 3
6933 3
14809 2
6937 0
8775 0
6941 0
15134 1
15135 2
6945 0
15138 0
6947 3
15140 0
15141 1
4323 2
15145 0
15148 2
15150 0
9352 1
6962 2
6963 2
15157 2
15160 1
15162 1
9354 1
15167 2
6976 2
15170 1
6980 1
15175 1
15176 1
15182 0
9357 1
15184 0
15186 1
6996 2
15189 0
15193 1
7002 2
15195 2
15197 2
7006 2
11690 0
7008 2
15201 3
3899 2
7012 0
7015 2
15208 2
7018 1
7020 2
7022 3
7023 1
7024 2
7031 1
15225 1
15231 0
15232 1
15233 2
15234 3
15235 1
15241 2
7050 1
17559 2
7052 1
15245 2
7055 1
7056 2
7057 0
15259 0
7069 0
9011 2
7072 0
7073 2
15266 1
7076 1
15270 0
2545 3
7080 0
15275 1
7085 0
15279 2
15284 1
16201 1
15289 3
9375 0
10741 1
15296 2
7105 1
15304 2
7114 2
15307 2
7116 1
17570 2
15310 1
7120 2
15317 1
15318 2
7128 2
7129 2
7130 0
15324 1
15329 2
7139 0
7140 0
15333 2
15339 3
7148 0
7158 2
7160 3
8149 2
7164 2
7166 3
15363 2
6657 1
7176 1
15371 2
15373 3
7182 0
15375 1
15376 3
10755 0
15380 1
15381 2
15385 2
15386 2
15788 1
15388 0
7203 2
15396 2
7205 1
7206 2
7208 2
7209 2
7213 0
7214 2
7216 2
15409 2
7218 3
7219 3
15413 2
15414 3
7226 0
7228 1
9397 2
15425 0
15428 2
7238 2
15431 2
7242 0
17506 2
7244 0
7246 2
15440 1
15444 2
7255 2
15448 2
6671 3
1211 3
15461 0
7271 1
15477 2
7290 1
15487 3
15488 3
15491 1
18635 1
15503 2
15506 1
15509 1
8427 2
15513 0
15517 1
7330 0
4063 2
15527 1
7337 0
15530 0
15531 0
15532 3
15534 0
15539 0
7349 2
15543 1
15544 1
6687 2
17610 2
7358 0
15552 1
10785 2
15560 0
15561 1
15562 0
15563 0
7372 2
15565 1
7374 3
9421 2
13485 2
15572 1
15579 2
15580 2
15582 0
10789 2
15584 2
15589 2
15593 0
15595 1
15596 3
7405 2
7407 2
15600 2
15602 2
1235 2
15608 1
15610 0
15616 0
15617 2
17795 1
15628 3
7440 2
5336 1
15634 0
15635 1
15637 2
15638 2
7447 2
7448 2
7450 2
15644 1
7453 1
7454 1
16261 1
15653 0
15654 2
15656 0
13532 0
15658 2
15670 3
7481 1
15676 0
15678 2
14901 0
7488 2
7489 2
7491 2
7495 0
15688 0
10807 0
15694 1
15695 0
15696 0
6712 2
15701 0
7510 0
15704 0
15706 1
12175 2
7516 2
15711 2
15713 2
7522 2
15721 2
15722 2
15726 1
7535 0
17640 1
15731 1
13545 3
15736 1
2623 0
15741 1
15744 2
10816 0
15748 2
7557 2
7560 3
15754 0
15758 2
7567 2
7569 2
15765 2
1616 0
6724 2
15774 0
15775 0
15780 0
15781 1
15782 1
15787 3
7596 1
1266 0
15790 0
15791 2
15792 2
15794 1
15798 1
7607 1
15801 0
7611 1
15807 2
7617 1
7618 0
9462 2
15814 1
4001 1
7626 2
7627 0
15825 0
7634 2
15827 3
7640 3
7646 2
7647 0
7649 2
15847 1
15848 1
7658 0
15852 2
15857 0
15858 0
7667 1
7670 3
7672 3
15867 2
7676 0
15871 1
7682 2
15877 0
13569 2
7689 2
8109 2
7696 0
15890 2
7702 2
7703 3
15898 2
7707 2
15901 1
15902 1
7712 2
15908 1
4571 0
15913 2
15915 1
7724 3
7728 2
15921 2
7730 1
12211 2
15924 1
15925 2
7734 2
15931 0
1290 1
7742 1
6753 0
7753 3
8119 0
5389 2
15954 1
7766 1
15959 1
10852 2
15963 2
7773 0
15966 2
7775 0
7778 0
7779 2
7783 0
15977 0
15978 3
10855 1
7789 2
15986 1
7795 0
15988 1
15989 2
15993 1
7805 2
15999 1
16000 2
16002 2
14955 2
6182 0
16006 1
7815 2
7819 3
7820 2
16014 2
16018 1
16021 0
7832 3
10254 2
16030 2
9763 1
16035 3
16036 1
7848 2
16043 2
16045 3
16047 3
16050 3
2171 0
16057 1
16058 0
17695 2
16060 2
16061 1
7870 3
7873 1
16066 1
16069 2
16073 1
7883 0
7885 3
7887 0
7888 0
16081 2
7891 2
16086 0
16087 2
16088 1
7897 2
7898 0
16091 2
7902 0
7905 0
7906 2
18056 0
7911 2
16104 0
13607 2
16110 2
16112 0
7921 3
16117 2
7927 1
16122 1
17706 1
7934 2
7935 2
7936 2
16129 1
16132 0
7947 2
16140 3
13419 1
16143 2
16145 0
7955 2
7957 0
12813 2
16157 2
16160 0
7970 1
7975 2
3266 0
10887 2
7986 2
16179 3
16180 0
16184 2
8995 2
16187 1
7997 2
8001 1
14987 3
8009 2
16203 0
16204 1
2781 0
8014 2
16207 0
8022 0
16215 1
13626 3
16223 2
16224 2
12262 2
10906 2
16231 1
16234 2
16241 0
8054 2
16635 0
16252 1
16908 1
16255 0
18272 0
10907 1
8069 2
16263 2
8072 1
16265 1
8074 2
8076 2
8080 0
8082 0
8084 1
16277 2
16279 0
542 2
16285 0
8094 0
16288 1
16291 2
16292 0
8101 1
8103 2
8104 2
16301 1
8113 3
16306 1
17737 2
8121 0
16318 0
16325 0
16326 2
8135 3
16331 1
16332 2
8143 0
12819 1
16337 2
16341 0
2724 1
1359 1
8156 1
16359 1
16362 2
8172 1
16368 1
8178 0
9555 1
16372 1
8181 3
8182 2
16376 2
16379 2
8189 2
8190 2
