16386 2
4910 0
8197 2
8198 2
16393 2
16394 1
16395 0
16396 1
16397 1
3001 2
8210 0
13094 3
16404 3
8213 1
16406 0
8216 0
16411 1
16412 0
16414 2
16415 2
33 0
8227 2
16420 2
16421 3
17756 0
1258 0
8237 2
16431 2
16432 0
8241 2
16436 1
16438 3
8247 1
16440 2
8249 2
8458 1
16445 2
62 2
66 1
4107 2
68 2
69 1
9569 2
16456 2
73 2
74 0
16459 2
8268 2
8269 0
16462 0
80 1
8275 2
8276 1
16470 1
89 1
8282 2
91 1
16476 2
6842 3
8288 2
16481 1
16482 0
16484 1
8293 1
8295 2
104 0
11733 3
1383 2
108 2
4114 1
16494 0
111 3
114 0
115 1
16501 1
16502 0
12279 2
120 3
122 3
16507 1
3274 1
16509 1
126 2
16511 0
129 3
8322 2
1387 1
16516 1
16517 1
8326 2
2753 2
18008 1
8330 2
8331 2
16525 0
16527 2
144 2
7097 2
8338 2
147 0
148 1
16533 1
151 1
8344 1
8346 1
8347 3
156 0
10098 1
158 3
16543 2
8353 1
8354 1
163 2
8356 3
7916 2
166 1
4124 2
170 0
15047 0
16557 2
8366 1
16559 0
177 1
178 0
8371 2
183 2
185 2
186 2
187 1
8383 2
193 1
8386 2
15051 2
16581 1
16583 2
200 0
201 1
202 2
17783 2
16588 3
16589 3
8398 1
16592 1
209 2
16594 2
8403 3
16598 2
8407 2
1371 0
16603 3
8412 1
16605 2
8415 1
8417 3
8418 2
1638 0
16612 1
16614 0
16615 0
232 1
233 2
16618 2
16620 3
16621 0
8430 2
1405 2
16624 2
16626 2
16627 0
8737 2
246 0
16425 0
16632 2
15060 3
8442 2
5503 1
16636 2
8445 3
8447 0
16640 1
257 3
554 2
16644 2
16646 1
264 0
266 2
271 2
16658 0
17795 1
8468 0
6873 0
8473 2
8474 3
284 1
285 1
8478 0
16671 1
8480 1
289 2
8483 0
292 0
8485 2
8486 2
16433 2
8488 2
297 2
299 1
16684 2
8260 0
8495 2
8496 2
16691 2
8934 1
10475 1
16697 2
8506 1
8507 2
316 0
8510 2
319 2
320 3
15072 0
8514 1
8515 2
324 1
8517 1
16710 3
6881 2
16713 0
332 2
15074 0
334 3
16719 2
12344 2
16723 3
8532 1
16725 1
342 2
8535 2
344 2
347 3
16732 1
16733 2
16734 1
8543 3
354 2
16740 0
16741 2
359 3
8553 2
6887 1
365 2
8558 2
16752 2
6888 3
371 0
8564 2
16757 0
16758 3
16759 1
16760 0
378 3
16765 2
8574 0
383 0
16768 2
8578 2
16771 0
16773 2
390 1
16775 1
392 1
394 2
396 1
8593 0
8594 1
16787 1
405 0
16790 1
16452 1
410 2
9659 1
8604 2
832 2
8609 2
8610 1
8611 2
8612 0
8613 2
16807 1
16808 1
17820 0
16810 3
8619 3
428 2
8621 0
16814 2
433 2
16818 0
8627 0
437 2
438 0
16824 0
8634 2
5743 1
444 2
16829 1
446 2
16831 1
448 3
16833 2
450 1
451 1
8644 2
16837 1
454 2
455 1
16841 2
8650 1
461 2
8655 2
16848 2
16851 2
16852 1
16854 2
16856 2
1444 2
8666 2
16861 1
8671 3
16864 2
481 1
14807 2
483 2
484 0
485 2
16871 0
488 2
16873 1
8684 1
8687 2
562 3
16884 1
6910 2
16886 2
18293 0
8696 2
505 3
7109 0
16893 2
4181 0
512 1
16897 2
16898 2
517 0
16902 2
8711 0
520 3
8716 1
8718 2
16911 0
8722 3
8723 1
533 0
17134 1
8727 0
17203 2
538 0
16923 2
8732 1
16926 2
543 2
16928 2
545 2
18840 2
8739 3
548 1
16935 2
8744 2
16937 2
8746 2
16939 1
16941 0
559 0
16946 2
563 2
16948 0
16949 0
13001 1
8761 1
8762 1
8763 0
16956 1
573 1
11203 1
8767 0
576 2
577 1
8771 3
8772 0
8773 2
583 1
585 2
587 1
8780 1
10658 2
16976 1
8786 1
595 1
8788 2
17849 2
8792 1
8292 2
603 1
8796 0
16989 1
606 0
16991 3
8800 1
609 2
8802 1
611 1
8805 2
614 2
8807 2
617 0
8810 2
8813 1
622 0
8815 2
624 2
4200 3
15123 1
8477 0
17013 2
8822 2
632 0
17017 0
5567 2
8828 1
17022 0
8832 2
8834 2
8835 1
644 1
7932 2
17031 2
8841 2
8842 2
651 0
654 0
657 3
17042 2
1475 1
661 1
8855 1
664 0
17049 1
8858 2
8303 2
8860 1
17053 2
8862 2
9669 2
8864 2
17057 0
674 0
6939 2
676 2
17061 2
17062 0
680 0
8873 2
17066 2
17067 1
17068 3
17070 3
17072 2
8881 2
12403 2
8884 2
17077 3
17078 2
17080 2
17082 1
8897 2
17090 3
707 0
709 1
8902 2
17096 1
17097 2
8906 2
17099 2
15138 0
8910 2
8911 1
8912 3
8914 2
723 2
8916 2
8917 1
727 2
6948 0
730 2
732 1
733 1
17118 2
17119 0
17123 2
8932 0
741 2
742 0
743 0
744 2
17129 1
17131 1
748 2
749 0
750 2
17135 2
752 3
756 0
757 2
15145 0
17144 3
8953 1
762 1
763 0
764 2
17149 3
766 1
17151 2
768 0
17153 0
8962 3
17156 2
773 2
774 1
17159 3
776 3
17161 2
2208 3
780 2
8974 2
8975 2
17168 2
17170 3
787 2
10119 1
17173 1
790 2
17175 3
8984 1
132 2
795 2
17180 2
17181 2
8990 2
8991 2
17184 1
801 2
803 2
8996 2
807 2
808 2
17193 2
17197 0
8756 2
17201 1
11059 0
820 2
17205 1
17206 1
9015 0
10393 1
9018 2
9019 1
16522 1
9023 2
9024 2
9025 2
17218 1
12427 2
9028 0
837 0
2210 2
17226 0
17227 1
844 2
845 1
17231 0
17233 2
9042 2
17235 0
852 2
9045 2
10394 0
17239 1
856 0
11758 2
17242 2
17244 0
861 2
862 0
17247 2
17248 1
17249 0
17252 2
14463 1
17256 2
873 1
874 3
875 2
876 3
17262 0
879 2
10535 2
17265 2
882 0
17268 1
17271 2
888 2
17273 2
9082 2
891 1
892 2
17277 1
894 2
9088 3
17281 0
9092 0
9093 1
9094 0
903 0
8343 1
17292 1
910 1
17297 0
17302 2
920 2
921 2
8214 1
17307 2
17308 2
9117 2
17310 1
17216 1
17313 2
9123 2
9127 2
9129 2
17323 0
9136 2
17330 3
947 2
4254 3
9142 0
952 1
953 2
17338 1
17339 1
17342 2
959 2
18581 2
17345 0
17346 0
9155 2
17348 0
17349 0
9158 3
17351 1
10125 1
8250 1
9164 0
9165 3
17360 2
9169 0
9170 0
9173 2
17913 2
17368 1
17376 0
17379 2
552 1
16550 1
16488 2
1002 0
16673 1
1006 0
17391 0
3034 2
9201 0
17395 2
17396 2
17399 2
17402 1
9212 1
9214 3
9216 0
9217 2
9218 2
1027 0
1028 1
17414 0
9224 1
307 0
17418 0
9228 2
1037 3
9230 0
173 2
9232 2
17426 2
9236 1
1045 1
17430 2
17431 3
17432 2
9241 2
1051 1
9249 0
9250 2
9252 2
17446 1
9256 1
9257 0
1067 2
17824 0
9262 2
1071 1
9264 1
9269 2
9270 2
1079 2
9272 3
1081 0
1082 2
17468 1
17469 0
17470 0
17472 0
17474 2
17476 0
17477 1
9286 0
17480 2
9289 3
9292 1
17487 2
9296 3
9297 0
1107 1
17492 1
17493 0
17494 2
17495 1
17496 3
9307 2
9308 1
37 0
9310 0
11109 2
9312 2
17505 0
17506 2
17509 2
9318 0
17511 1
17512 1
9321 0
9322 1
9323 0
17516 2
9325 0
17520 1
17522 0
12313 2
9333 3
17527 0
9336 2
17529 1
1147 2
17532 2
17533 3
1150 2
9343 2
6585 1
1154 2
17539 3
9349 2
17543 0
17544 2
7020 2
17546 2
9355 3
17549 1
13405 2
17551 2
17552 1
17553 2
9364 2
1130 2
1174 2
9367 0
17560 1
1177 2
1178 0
17563 2
8573 1
1562 0
9374 1
17568 0
17569 2
1186 0
1187 2
17573 1
17574 1
9383 0
17576 1
17577 1
17578 2
199 1
1196 2
17581 1
17584 3
16584 0
1202 1
9397 2
17592 3
17593 2
17594 1
17595 2
1212 3
17597 1
17598 2
17600 1
9409 1
1218 2
9411 2
1221 2
9416 1
12492 2
1226 1
1227 0
17612 2
17613 0
17616 0
9425 1
9427 2
9428 2
1237 2
1239 0
1240 0
1241 2
1242 3
17628 2
5497 2
17632 1
17633 3
1251 1
1252 1
17638 0
17639 1
17640 1
1257 0
17642 1
17959 2
9527 1
2941 3
9457 2
17650 1
9459 2
17652 1
9461 2
9462 2
17655 3
9465 1
9467 2
17660 2
1277 1
17662 2
17663 1
13136 2
4407 0
1282 0
1283 2
9477 2
17670 0
1287 1
9480 2
9481 2
17674 2
9483 3
1292 2
11138 2
9486 3
1299 1
9492 2
9493 1
9494 1
17687 1
1304 2
17689 2
17692 3
17693 3
17695 2
1314 1
219 0
17700 1
7046 1
17703 2
18387 2
1322 2
1323 0
1324 2
9517 3
17710 2
17711 1
17712 1
1329 3
1408 0
1331 1
17718 1
1671 1
1336 2
9531 2
1340 2
17725 0
17726 2
1343 2
9536 0
4320 2
5686 2
9543 2
16139 2
17737 2
1354 1
17740 3
9549 2
17285 0
17743 2
17744 1
9554 2
9555 1
9785 2
1370 2
17755 0
9564 0
8229 1
17759 1
1377 2
17762 2
1595 2
1381 2
9574 1
17767 1
17768 2
1385 3
9578 1
9579 2
9580 1
1390 2
16616 1
1395 1
1396 2
9590 2
9591 0
9592 1
1401 2
9594 2
9596 0
9597 2
9598 2
9599 0
9600 1
17793 1
17794 1
9603 1
9604 2
17797 3
9606 1
1601 1
236 0
1418 0
9611 2
1420 0
1423 2
1425 2
1428 0
17813 1
17814 2
9623 2
1436 1
1437 3
1605 0
1440 2
3501 1
17827 1
17828 3
9637 1
1446 2
9639 2
9642 0
17835 2
8434 0
9646 1
17992 2
1458 2
8435 3
1461 2
1465 2
17850 1
17851 1
1468 2
14779 2
9662 2
17855 2
1473 1
17858 0
17995 2
16630 3
9673 1
1482 1
9675 1
9676 2
4141 0
1486 0
1488 1
9681 2
6869 1
9683 0
9685 2
17879 0
7142 1
9690 2
9691 3
9693 1
9694 0
17887 2
9697 3
9702 2
17895 0
17896 1
17900 2
9709 2
9712 2
1521 3
9718 3
18004 2
9722 2
12543 2
9724 1
17917 1
9726 2
1539 2
1540 1
17925 0
1542 2
8449 2
11180 0
1546 0
9815 2
1548 2
17504 2
17934 2
15277 1
17937 2
15395 0
17942 0
1559 0
17944 1
1561 2
9754 2
7087 1
9756 0
17949 2
9763 1
17958 2
1575 1
1576 1
1577 3
9770 1
12551 2
16965 0
1583 2
17969 0
17971 2
1588 0
9781 1
1591 1
9784 2
17977 2
17979 2
1596 2
1597 1
1598 0
9791 2
9792 2
17985 2
17989 1
1608 1
9801 2
1610 1
1611 3
17996 1
17997 3
1614 1
17999 0
18000 0
18001 2
9810 2
9812 0
11677 2
9814 0
11193 0
9816 2
9817 2
829 1
9820 0
15290 2
18015 2
9828 1
9829 2
18022 1
9831 2
1640 2
18027 2
9839 0
18032 0
12563 2
18036 2
18039 1
9849 0
9850 0
1659 0
9852 0
1661 1
9854 1
18048 2
18050 3
8358 0
9330 0
601 1
9863 2
1672 3
18057 2
1674 2
18059 1
1677 0
18062 2
14634 0
18065 0
9874 0
18067 0
9878 3
1691 2
10826 0
16666 1
18078 2
9887 3
1696 2
9840 0
1699 1
1700 2
1702 2
1703 1
18091 2
1709 0
18095 0
1847 0
1713 0
18098 2
1716 1
1717 2
1718 2
18104 0
1652 2
1722 0
18109 2
1726 2
16672 0
8413 2
9927 2
7116 1
1738 2
1655 2
9936 1
1746 2
18132 1
18133 2
18134 2
8484 3
1757 1
18142 1
1760 0
1761 0
18147 1
1764 2
1767 2
1769 2
18154 1
18155 1
18156 1
1773 1
18158 0
296 0
18163 0
18164 1
1781 1
1782 1
16681 1
15316 1
1786 1
1788 2
18173 2
1790 2
18175 1
18176 2
18178 1
8491 3
7126 0
17245 1
9615 2
17688 0
18185 0
9995 2
1806 1
9999 2
10000 0
18193 1
10003 1
10004 2
18197 0
1814 0
18201 1
12797 1
18203 2
18204 2
1821 1
10014 1
1823 2
16688 2
3334 1
1827 2
18212 1
18213 2
18214 2
18216 2
13700 0
1835 1
1836 1
10030 2
1839 2
10032 1
18225 2
10034 1
1843 0
10036 2
18230 0
9865 3
18232 2
7025 2
10043 1
1852 1
10045 1
10047 1
10048 2
1857 2
1858 1
10051 1
1860 2
10053 1
18246 2
18247 2
10056 2
18249 3
8791 2
18251 2
10060 2
16429 2
18254 2
13965 0
1872 0
14797 1
18260 1
10071 1
18264 1
18267 2
18268 1
18269 2
1888 2
18274 3
18275 1
10084 1
10085 1
18278 1
18279 1
10088 1
10089 2
18282 1
3047 0
18284 1
1901 3
18289 0
18290 0
10099 2
16702 3
2381 2
1911 0
10104 1
10105 0
18298 2
10108 1
18301 2
1918 2
18304 0
1921 2
18306 2
1924 2
18310 3
1927 3
18312 1
10121 1
10123 2
1933 2
1934 0
18319 0
18323 0
10132 1
5785 2
1944 0
10140 2
8757 2
18337 0
10146 2
18340 2
10149 1
1959 2
18344 2
1961 2
10154 0
10155 2
18348 1
1965 2
16705 1
18352 1
1970 0
1971 2
10164 2
9886 0
18358 3
18360 2
1979 1
18366 2
1983 2
10176 1
1987 1
1988 2
18081 2
18376 2
18378 1
10188 0
18381 1
18382 1
18383 2
18384 2
18385 1
18083 1
8526 2
2006 1
2007 1
10200 2
2009 0
2010 1
286 1
18397 1
10207 2
18400 0
18401 1
8033 3
18404 2
5798 2
10216 2
16707 0
10220 0
18414 3
18415 2
16980 2
18419 1
18420 2
18421 3
18426 1
18428 2
2047 2
18432 1
10242 1
9899 1
2052 2
10246 3
10248 2
18446 2
18451 0
10262 3
18455 2
2072 2
2073 2
1711 2
10268 1
2077 2
10270 3
10271 0
18464 0
2083 2
10276 2
18469 2
18470 1
10279 2
18472 0
10281 2
10282 2
2091 2
2094 1
10287 2
10288 1
2098 2
18483 2
18484 2
12638 2
10294 1
10295 0
18100 1
8799 2
10299 2
10301 2
2087 2
10306 1
2116 2
18502 3
10311 2
2121 0
10316 2
10317 1
2126 0
18511 3
2128 1
10322 0
18516 2
18517 0
1721 2
10328 2
10329 1
2138 2
10331 0
10332 1
10333 1
10335 2
10337 2
16555 3
10340 3
17854 0
18534 2
2152 2
16743 2
18540 0
18541 0
2158 1
17257 0
2160 1
18546 3
2163 1
2164 2
18110 1
10358 2
18558 0
2176 2
10369 2
18563 0
618 1
16985 1
18567 3
2184 3
2185 2
13439 1
10380 1
18574 2
10384 0
10386 1
18579 2
12654 0
2198 1
2199 2
10392 2
2201 2
2202 2
18587 3
7194 2
2207 1
18592 0
10401 2
18594 2
18595 2
2212 1
10405 2
18598 2
10407 2
18600 2
10410 2
18603 0
18604 2
10413 0
4270 0
18609 0
2227 2
18612 1
18614 2
18615 1
18616 1
18617 1
18618 2
10427 1
10440 2
2238 2
10435 2
3348 2
18632 2
17260 2
4471 1
18636 2
2254 2
18640 1
10449 2
10450 2
2259 1
18644 2
2261 1
10456 1
18649 0
2266 0
2269 0
10463 2
10714 1
10467 2
2276 0
11302 0
2278 2
4713 0
2280 1
10473 0
2283 2
2284 2
17534 2
18670 1
10479 2
76 2
5843 2
18677 0
10488 2
10489 0
18682 1
18683 1
18688 1
12672 3
10498 2
18691 1
4714 1
10502 2
2311 0
18697 1
2315 2
18700 2
18701 2
10511 0
18704 1
10513 0
18706 2
18707 1
2324 2
10517 1
10519 0
10521 2
10522 1
10523 2
2333 2
10530 1
18723 1
18724 0
16774 1
18726 1
2343 1
18729 0
18733 2
18734 2
18141 0
2353 1
1758 3
10554 2
2364 2
18750 1
10559 2
2368 1
10561 2
18754 2
2371 2
10564 2
10565 2
10567 1
10568 1
2377 0
10545 1
10573 1
10054 1
10575 1
18768 0
2385 2
18771 2
18772 1
18775 1
2392 2
2393 3
10589 2
4717 0
18784 1
10595 2
18790 0
18791 1
10602 2
2412 0
4498 2
2414 2
10607 1
10609 0
8121 0
10612 2
10613 1
18807 2
18809 2
10618 2
2427 2
10621 2
18814 2
18815 2
10624 0
2434 2
18819 0
10628 2
2437 1
2440 2
2441 2
10634 1
4503 2
18828 1
18831 2
2449 2
2450 2
2452 2
18839 2
10648 2
10649 2
10652 1
18850 1
8603 1
10660 2
18853 2
18161 1
2472 2
10665 0
2475 1
2476 0
18861 2
10670 1
10672 2
10674 1
1779 0
10676 0
2486 2
10679 2
10994 1
8539 1
2491 0
10685 0
11267 2
2498 2
2500 2
2501 1
2503 0
10697 0
18167 1
10702 2
2513 1
2516 2
15438 0
10711 2
420 1
16929 2
10716 1
2525 1
1817 1
2527 1
2528 0
2531 1
10724 0
10726 2
10727 2
10729 1
10272 2
3154 3
10734 1
10735 3
10736 0
4520 0
2546 2
9632 1
9982 1
4521 1
6086 3
2553 1
10748 2
10749 1
2558 1
16811 2
2565 0
2566 3
10761 0
2572 0
10767 0
10771 1
2580 2
10773 1
10774 1
10777 1
10779 3
10780 0
2589 0
10179 0
10783 3
10784 0
12720 1
10786 2
8765 0
10789 2
2599 2
2600 2
2603 2
2605 0
10798 0
10799 1
10800 0
10801 2
16819 2
2612 2
2615 2
10809 1
10811 2
2627 2
12726 0
2630 1
2631 1
2633 2
2634 2
4535 3
10830 1
10831 2
2640 2
440 1
10835 0
10838 1
8817 1
2648 3
10841 3
8310 2
10843 1
10845 2
2654 2
2655 2
10851 1
10852 2
10853 2
10001 0
2664 0
4540 1
9636 2
10862 0
10863 0
10865 1
10866 0
10869 1
10870 2
10873 0
2686 1
14101 0
8640 0
2698 1
10894 3
10895 1
10896 1
10897 3
2706 2
2707 0
10901 2
10903 2
10905 2
10906 2
2715 2
10911 2
10913 3
2722 1
10916 2
2725 2
7183 0
2729 1
2731 3
10924 1
2733 2
2739 2
10933 0
2742 2
18207 2
10940 2
2751 0
10945 2
2754 2
2756 2
15478 2
2763 0
2764 3
2769 0
2772 2
2820 3
17276 0
2777 1
2778 2
10973 2
14117 2
5821 2
10978 0
2787 0
2788 0
2790 1
2791 2
2792 2
2794 3
2797 3
10991 1
10992 2
10993 3
2802 2
2803 2
10996 1
366 2
10998 0
11003 0
11004 2
18218 2
2814 0
15915 1
11005 1
11012 2
2822 0
9914 3
2825 2
2826 2
2833 0
2835 2
16857 1
2840 0
11034 2
12762 3
11038 2
3205 1
14128 2
2850 2
2851 1
11045 2
2854 1
2855 2
2856 2
2858 1
2859 1
2860 0
12765 2
11056 0
10035 2
2868 1
11065 2
2882 2
2884 0
2885 2
11078 2
4577 2
11080 2
2889 1
11082 2
2891 2
2892 2
11085 2
2898 2
11091 3
2901 0
11094 1
10041 2
2904 1
11097 1
15503 2
11100 0
2909 1
2910 1
2911 2
3216 2
6725 0
2917 0
11111 3
11112 1
11113 3
2922 1
8679 2
2925 2
2926 1
11120 0
12776 2
2930 0
2933 0
11126 1
11127 1
11128 2
11129 2
2938 2
2939 2
11132 2
12778 0
2942 2
2944 2
1856 2
2946 2
11414 1
2950 2
2951 2
2952 2
11145 2
2955 0
10464 1
11151 1
2960 0
11155 0
11159 3
11162 2
2975 1
11171 2
11173 1
2983 2
2984 2
2985 2
2986 0
10055 2
2988 0
11181 1
2991 2
2992 2
2995 2
11191 2
3000 2
500 2
11194 2
3003 1
11197 3
14458 2
8693 2
3232 0
3010 3
3011 2
3013 1
10822 1
3016 1
18252 1
11214 2
504 3
11218 1
11220 1
11221 2
16865 0
16889 2
18650 1
3033 0
11226 2
11230 2
3040 2
3041 1
11236 1
11237 2
11239 2
3048 3
3049 2
11243 2
3052 1
11245 3
509 3
3056 2
9649 1
1466 2
13021 0
11254 2
11433 2
5012 0
11259 2
11261 3
3070 2
11263 3
3072 0
16896 1
3074 1
3243 1
3076 2
3078 1
3079 2
11273 3
3082 2
5975 3
3087 2
3102 2
3105 1
14171 0
3109 0
3110 2
11305 2
3114 3
11307 2
3119 2
11312 2
3122 3
12809 1
11323 2
11327 2
10080 2
11330 1
3141 2
11334 2
11335 2
11336 2
524 2
3147 2
11343 2
11344 2
11346 2
10083 2
11348 1
11349 0
11354 2
3170 3
11364 1
1894 2
3174 2
3949 0
11368 0
3177 3
11371 2
11372 0
16914 1
3182 3
15549 1
11379 3
3188 2
7358 0
3191 2
3193 1
11386 0
11390 1
3199 3
11393 2
11395 0
11397 2
11398 2
3207 2
11402 0
11404 1
3213 0
3215 2
11408 2
11409 1
3218 3
6381 1
3222 1
3225 2
3226 2
11421 2
3230 1
11424 3
11425 2
11428 3
3237 1
11430 0
11431 2
3241 1
11434 2
11435 2
6002 1
3251 0
3252 3
3253 1
11451 1
3261 1
11454 0
3263 2
11457 2
11458 2
11467 1
3268 2
3270 1
3271 2
3272 0
9929 2
3275 1
11469 2
3280 2
3282 0
547 1
3286 1
3287 2
11480 0
11481 3
11484 1
3296 0
9657 0
11491 0
3305 1
551 1
3310 2
14205 3
11504 3
17841 1
3314 3
11507 0
3316 0
3317 2
16607 1
11512 2
17098 2
11514 2
3323 2
4650 2
12113 2
11519 0
3330 1
4651 0
3332 1
11525 1
8751 2
4652 3
11532 2
14210 2
3342 1
17842 2
2839 2
3288 2
11538 1
10477 2
11540 2
18844 1
3352 1
3354 2
11547 2
3357 1
3358 0
3359 3
3361 0
11554 1
3363 1
11557 2
3366 0
3368 1
3369 2
3370 1
6023 1
3373 3
3374 1
3375 2
11568 2
14216 2
3380 1
7390 0
3382 0
1929 0
12852 2
3387 1
3389 2
4661 0
3392 1
3393 1
11586 0
18315 3
11588 1
3397 0
8806 0
3403 3
3406 1
11599 1
3413 2
11607 2
18390 0
3420 2
16954 2
3422 1
11615 1
13753 1
3427 2
11620 1
3430 3
3432 1
3435 3
3436 1
11629 0
11631 2
3440 1
3441 1
14227 1
11636 1
14572 0
11638 2
11640 2
3449 2
18664 0
3456 0
11649 2
3459 0
11653 0
16961 3
10825 0
12866 2
3472 2
11668 2
11502 2
11671 0
3480 2
16964 2
3482 2
11503 0
3485 1
11679 1
7408 2
3491 2
3492 0
12571 1
3494 2
3495 2
15602 2
3503 2
3504 2
11698 3
12847 2
11701 2
8777 0
11508 2
11707 2
4682 2
15605 1
3520 2
3521 2
11716 1
16972 1
18121 1
11724 2
3320 2
11731 2
4497 0
11734 1
11262 2
11738 1
16975 1
11742 0
11743 1
18630 0
17001 0
3557 2
11751 1
11752 0
11754 0
14247 0
16978 2
3566 1
13485 2
11518 2
11766 0
3575 1
596 1
3327 0
11773 2
3585 2
11779 0
3588 0
1964 2
11786 1
3595 0
11789 2
11790 3
3599 1
18191 2
14254 2
8793 1
11800 2
3611 3
11805 0
3333 1
11808 1
3619 2
3621 2
3622 2
14257 1
3394 2
11821 1
11822 0
605 3
11825 2
3634 3
6067 2
11828 1
3637 2
3638 2
11831 1
11833 1
17852 2
3644 1
11838 2
11839 3
12869 2
11841 2
11842 0
3653 2
3655 1
6071 2
11856 3
11857 0
8803 0
11860 1
11861 1
3671 2
11864 2
3674 2
16997 2
11873 1
3682 2
3683 1
11877 2
11878 1
15633 0
11880 1
3690 2
11884 2
11887 2
3699 1
2287 2
3702 2
3703 2
3704 1
3705 0
3706 2
17002 1
3710 0
3349 2
18368 2
3715 1
11912 2
11913 1
621 2
3730 2
3731 1
3733 0
3734 2
11927 0
11932 0
3741 2
3745 2
3747 1
11941 2
11943 0
11944 2
15644 1
3754 2
7453 1
1992 2
3768 0
3769 2
11963 2
2035 2
11968 1
3777 2
3779 1
3781 1
3782 2
3784 2
12674 3
10189 1
14286 1
3798 2
7460 2
11997 0
11998 2
11999 2
8827 2
12464 0
3813 0
12006 0
17585 3
12011 3
12013 2
12925 1
3825 3
12018 0
1662 2
14312 2
12025 0
3834 2
12029 0
2005 1
12037 2
11565 1
643 2
3862 2
17028 0
12058 2
11567 0
3869 0
12062 2
12933 0
12066 0
3876 2
12069 1
3879 2
3880 0
3881 0
3882 1
12076 2
3885 2
3887 2
12081 3
7475 0
17033 2
12901 2
3897 0
3901 0
11573 2
12097 1
17035 2
12100 2
12101 1
12103 3
3081 2
12940 0
12106 2
12951 0
12109 2
12110 2
3921 2
2020 3
12126 2
4752 1
11579 2
6118 1
12136 2
12137 2
12138 1
3947 0
658 0
3950 0
3952 2
12145 1
17043 0
12149 1
12152 1
12153 1
12154 0
3963 2
12156 3
3965 2
12158 2
3967 3
3968 3
12162 1
3973 1
12170 2
663 2
12173 0
3984 1
3985 2
3986 0
3395 1
12181 1
12184 2
3396 0
9953 0
13772 2
3997 2
2588 1
3999 0
4001 1
12196 3
4006 2
6129 2
17052 2
12202 2
4011 2
12204 0
12206 1
669 2
4017 2
16252 1
4019 1
4020 1
4766 1
4024 1
12217 1
12218 2
12219 1
8863 3
4029 2
4768 2
4037 3
4038 0
12961 2
6135 2
7227 2
4050 1
4051 1
4053 1
9955 0
4057 2
4058 2
3407 0
14330 0
4063 2
5318 0
12258 2
12259 2
12260 1
4070 3
4074 1
12268 2
12270 2
12271 0
12276 3
12277 0
4086 2
4087 0
12281 0
136 0
4092 0
4101 3
4102 3
4103 2
16885 0
10755 0
12298 2
3415 1
12300 2
12304 0
3416 0
12306 2
12309 0
12310 2
4119 2
18436 2
12314 2
4468 1
12316 2
9139 2
4126 0
12324 2
17050 1
12330 1
12331 2
12332 2
12333 1
4143 0
14344 0
4148 1
15710 3
12342 2
4152 2
4153 2
12349 1
12351 2
12353 0
4164 0
9653 1
4167 2
17136 0
4173 2
12366 2
4176 3
4177 2
11619 1
10254 2
12376 2
12377 2
15358 2
4191 2
4192 2
13394 0
4195 1
4196 3
4197 2
12390 2
12392 1
4204 0
4205 2
4206 3
4797 2
4209 3
4210 3
2067 2
12405 2
4219 0
4220 2
4221 2
12414 2
4225 2
4226 0
4227 2
17089 0
12424 2
12426 0
4235 2
8266 2
12430 1
4241 0
12435 2
4245 2
12438 0
18457 1
4248 0
6961 1
12446 0
4255 0
8178 0
4261 2
4262 2
12455 3
12459 1
12462 2
4272 1
12465 1
12470 2
713 0
4280 1
3444 2
4282 0
714 1
12480 2
17843 2
961 1
4291 0
12486 2
12487 0
4296 0
4300 0
4301 1
4302 1
12496 1
18467 0
4308 2
12501 2
11641 2
4312 2
18468 0
4316 1
12509 2
4318 2
7236 2
11055 2
12514 0
4323 2
4325 2
13995 2
4328 3
12521 2
4331 1
12524 1
4335 2
2088 2
12533 2
4342 2
12413 1
4345 2
12539 2
4348 2
12541 1
725 1
4354 2
18475 0
12549 2
4359 2
12552 2
12990 3
17111 2
4364 2
4365 2
4370 1
4371 2
4374 2
12567 1
12568 2
7556 0
4378 0
18479 0
4380 2
12573 0
4383 2
4385 1
4388 0
4389 2
4390 1
16513 1
4399 1
12592 2
10291 1
12596 2
10785 2
12598 1
12599 2
4409 1
7239 1
4414 2
7512 0
12611 2
4422 2
12615 2
4121 0
12618 1
4427 1
12620 3
12621 1
12622 1
12623 0
12624 2
693 2
12626 2
4436 2
6201 2
12632 1
4442 2
7567 2
12636 0
4446 3
12640 1
12642 0
16515 2
17126 2
5423 0
421 0
8935 2
12652 2
4462 2
2109 0
4464 2
12657 2
4467 0
12660 2
12663 2
4472 2
12667 0
4480 1
10917 1
4482 1
8939 2
4484 1
4485 2
4490 1
12686 2
4496 1
11672 2
12690 0
12692 2
4501 0
12695 3
4504 2
10308 0
12698 2
12700 1
12702 2
4511 1
4512 0
12705 2
4514 2
4517 1
4518 1
12712 3
12713 2
12714 1
12715 2
12717 1
12718 1
4527 1
4528 2
4529 2
12723 0
4532 1
4533 0
4534 1
12727 1
4536 0
4537 2
12730 1
4539 1
12732 1
10244 3
15524 1
12737 1
12739 2
12741 1
8159 3
12747 2
12748 2
4557 1
4559 3
8952 2
12755 0
9523 0
4568 0
11684 2
4570 1
4571 0
4573 1
4574 3
12769 2
1789 2
4580 1
4581 1
12774 1
4583 1
4584 0
4586 1
15783 2
12780 1
4589 2
4590 0
4593 2
12786 0
4595 1
12788 2
12790 0
12792 1
4601 1
16520 2
8959 0
4605 2
12799 0
4609 1
4610 1
4611 2
4614 0
4617 2
12811 2
4620 0
4621 2
12815 3
4624 1
6232 2
4626 2
4627 3
15157 2
4630 0
427 2
12830 3
12832 1
4641 2
4645 0
4647 0
12840 1
12842 2
12843 1
12844 3
4653 0
4654 1
14429 1
4656 1
12849 0
4658 2
4659 2
4660 2
12853 2
4662 0
2595 2
12857 0
12858 0
4667 2
12861 2
8869 2
4671 0
12865 2
4674 1
4677 1
12870 1
12872 2
12874 1
12876 2
4685 0
4877 2
4688 1
12882 2
4341 1
12888 2
4697 1
4699 1
6976 2
4705 1
12898 1
4707 2
4709 1
4710 1
4712 2
12905 3
12906 2
1286 2
786 0
12914 2
4723 0
11614 1
4726 1
12919 1
12920 1
4729 2
4730 1
7615 2
4732 0
4733 2
4734 2
8981 2
12929 0
12930 2
12932 1
4741 1
4744 1
12937 0
12939 0
4748 1
12942 2
10349 1
12944 2
4753 2
4755 1
8985 0
8069 2
4761 0
12954 0
12956 2
12958 0
12960 2
18544 0
4771 2
4772 0
4773 2
12966 3
6257 1
12971 1
12972 2
8989 1
15816 2
7775 0
4788 3
12981 1
12984 2
2705 0
15818 2
4798 0
8992 3
4806 1
4807 1
4808 1
4809 2
4811 3
4814 2
13009 2
13010 0
13012 1
4822 0
4824 2
13017 1
4826 1
4827 1
4829 0
13023 2
4833 3
13026 1
13027 0
13028 0
4837 2
4838 0
4839 0
13032 1
4843 2
12089 1
4848 1
13041 2
4850 0
13043 2
3162 1
13045 1
4855 2
4856 1
13051 2
13054 1
4863 1
4864 3
4865 1
4866 0
13060 0
7638 1
4870 0
4871 0
4872 2
435 1
4878 0
18166 0
10371 2
13076 3
13077 2
4890 2
17199 2
18565 2
4896 3
13090 2
13092 1
4902 0
4903 3
4904 0
4906 3
2183 2
4909 0
13102 1
4911 2
13106 2
13107 0
4916 2
4918 2
13112 1
13108 0
1255 0
4929 0
13123 2
4932 0
13128 1
4937 2
13135 2
4944 0
4945 3
7651 2
4948 2
13141 0
13142 1
13143 0
13148 2
13150 3
13153 2
13154 2
17211 1
13156 0
6712 2
13160 1
4975 0
13168 2
6575 2
4979 1
4980 1
4981 2
13175 2
13176 0
4986 2
4989 0
10389 0
4993 2
4997 2
5000 3
5001 2
13195 0
13196 0
5005 3
15853 1
5008 0
18584 1
13202 1
4931 2
13204 2
5013 3
13206 1
13207 1
13209 2
13210 2
5021 2
5024 2
15443 0
10533 2
5030 2
5031 3
5035 2
13229 2
5039 0
5046 2
5047 0
13240 2
5051 3
13244 2
5053 0
6304 1
5058 2
5063 2
5064 2
13257 2
13259 2
13260 3
14498 2
13262 2
5072 3
5073 3
5076 1
169 1
13278 2
442 1
5089 1
13283 2
13285 2
5095 2
13290 1
5099 1
5100 2
13293 1
13295 1
10408 2
13298 1
5108 1
13301 2
13302 1
13303 2
9044 0
5115 1
5116 3
853 0
5121 2
5122 2
5123 2
13317 0
13320 2
10412 2
13322 2
13323 2
13324 2
14811 2
13329 2
13330 0
13331 2
13332 2
13334 0
5143 1
13337 2
13339 3
13340 2
13342 2
5152 2
5155 0
13348 1
13349 0
5158 0
860 3
13355 2
13356 2
5165 0
13358 1
5167 1
13360 2
9036 3
5171 1
16539 0
5173 2
13366 0
5179 0
5180 0
5182 0
13376 3
5185 0
5186 0
5187 0
4961 1
5192 3
13386 1
5196 2
13390 2
5201 1
5202 3
13395 2
13397 0
5206 1
5208 1
5211 2
10426 1
5214 2
4538 2
5217 0
5219 1
13412 0
13414 2
8630 2
2236 2
13418 1
13419 1
5231 2
13424 2
13427 2
13428 3
13429 1
13431 2
5241 2
13435 2
13438 1
5247 2
5249 2
13442 2
13446 3
13449 2
7703 3
5264 3
5265 2
13458 0
13461 0
13464 3
5277 0
5279 1
5284 0
13477 2
13479 2
13481 2
8905 2
17237 2
5293 2
11633 0
5297 0
13494 3
884 1
5306 1
13499 1
13500 0
13501 1
13503 2
2251 2
5317 0
13510 3
13511 2
15180 1
13513 0
5322 2
13519 2
13520 2
5331 3
13525 2
5336 1
5337 1
13530 0
13532 0
13178 0
13535 2
5345 2
5347 2
5348 3
5349 2
581 1
5352 1
16545 2
5358 1
13551 2
5362 2
5363 3
5365 3
13559 2
5368 0
5369 2
5371 1
5372 2
5373 1
6357 2
13568 3
17280 1
5378 2
5379 1
5380 1
5381 2
13185 1
13578 2
5387 2
5389 2
3629 1
2264 2
13586 0
13588 2
3630 2
13594 3
5404 2
5405 2
5406 0
13599 0
13602 2
13603 0
13605 2
13607 2
13608 2
13610 1
9095 2
13612 2
5422 2
3181 3
5424 0
13192 2
13621 2
13624 1
13625 0
5434 3
13627 2
5436 3
13629 1
13632 2
5441 2
13634 2
13636 1
13638 2
5447 0
13640 1
9100 2
6370 2
6009 3
17094 1
5460 2
5463 1
13658 2
13199 1
760 1
13433 2
13666 0
13668 3
5477 0
5478 0
5481 0
13674 0
10471 1
13676 0
13677 0
13679 2
13680 0
10472 1
5494 3
5496 2
13689 0
13691 2
13695 2
14095 2
5506 2
13699 0
5508 2
5513 2
13707 2
13708 3
13710 2
13711 2
13550 1
5524 2
13718 2
9113 0
13720 2
5529 1
13723 2
5532 1
17306 2
13726 2
13727 1
14576 0
5539 1
13734 1
13737 2
14578 1
5551 1
13744 1
13745 2
13747 1
5556 1
5561 2
5562 1
5564 1
13758 0
13759 0
5569 1
12697 0
5571 1
5572 3
5574 2
5576 1
13769 0
5579 2
5580 1
5581 2
5583 2
5587 1
13781 1
13782 2
2297 2
13787 2
14371 1
13796 0
5606 0
5607 1
5608 1
5609 2
13803 0
5612 2
1278 0
11859 1
14331 2
13818 3
16827 2
5632 1
13227 2
13828 1
5637 1
5639 2
5641 0
13834 2
13836 2
1268 0
5648 1
5649 1
10499 3
13844 3
13845 1
13846 2
5655 2
5657 1
5658 3
5663 2
5664 2
5666 0
13859 0
5668 2
18694 2
5670 1
5672 3
5674 1
13867 2
9138 0
17331 1
5685 2
13878 1
13879 2
5690 1
5691 2
13884 2
5698 2
13900 0
11874 1
13902 0
10283 2
13908 1
13909 2
13912 1
13913 0
7403 1
13917 2
13919 3
13921 1
13922 1
11102 3
17719 1
13927 1
5736 2
13930 1
17005 1
10514 2
13245 2
3688 1
2323 0
10622 2
5749 1
5751 2
10516 3
16538 0
5758 2
18709 3
9533 2
5765 2
9153 2
5769 0
8921 2
8549 0
9154 2
5776 2
14616 0
18196 1
13975 1
9156 1
1917 0
5787 0
5795 3
13990 0
13993 2
5803 1
5806 0
5809 2
5810 0
5811 2
5812 0
5813 2
5814 2
8377 1
14013 1
5824 2
3740 0
5067 2
5831 0
14626 1
5838 2
5839 2
5841 1
14034 0
14035 3
14036 1
14040 1
18471 2
14042 2
5851 3
5853 2
18725 1
13264 0
14050 1
5859 2
5860 2
14053 2
5865 1
18727 3
14060 2
17362 2
9470 2
14066 3
11902 2
5879 2
3469 1
5881 2
14077 3
7295 2
8925 2
14084 1
5893 1
5894 0
11905 3
5896 2
17367 1
5903 2
14096 1
6439 2
14100 0
10542 2
5222 0
14104 1
14107 0
16291 2
5921 1
14116 1
5925 2
5927 3
5929 1
14122 3
14125 2
5935 0
5936 0
14130 1
14133 2
5943 0
12473 1
5946 0
14139 1
5948 2
14144 2
9184 2
6455 1
14157 2
5966 2
12763 2
14164 2
14166 2
18748 2
14168 1
17924 0
5978 0
3727 2
2362 2
5982 2
17381 2
1673 2
14180 1
5989 2
14185 1
14190 2
14194 2
14198 3
14199 1
7565 1
14201 0
18751 3
6013 2
1564 1
6018 1
14212 2
6021 2
6022 2
14657 0
6024 2
6025 2
6026 2
14221 0
13567 3
14224 1
16024 1
14226 2
18755 3
14228 0
357 0
6039 2
5103 1
6044 3
6045 1
6047 2
14240 1
14243 1
14244 2
6053 1
6055 1
6056 2
6057 2
14251 0
6060 0
14253 2
6062 3
14255 0
6065 2
10319 3
14259 1
14263 2
14271 0
11192 2
14274 2
6084 1
14278 2
6087 3
14280 0
5111 3
13569 2
6094 2
14287 1
14289 1
5113 2
6104 2
16036 1
6107 2
6108 2
6109 1
14302 2
14306 1
14310 3
6119 1
6120 2
14313 2
14314 2
3751 1
10330 3
14317 0
14320 2
3752 3
14322 2
14323 2
6132 2
14327 2
2388 2
477 2
6139 0
6140 2
1841 2
14335 2
9479 2
14337 1
6146 3
6151 2
6152 3
14345 3
6154 2
14347 2
6156 0
6157 0
6159 2
14352 2
14680 2
17411 1
6164 2
14357 2
14360 1
14364 1
14365 3
6174 2
14367 1
6176 1
14369 2
6179 0
14374 0
6183 2
14376 2
14377 1
41 0
10026 2
14380 0
17008 2
6191 1
14385 1
14386 2
6196 2
6197 1
6753 0
6200 1
14393 2
14394 2
6205 2
6206 2
6207 2
6209 2
14402 0
6211 0
14408 2
14409 2
14413 2
14414 2
14415 1
14420 2
1038 0
6231 2
14424 1
9231 2
14428 3
16058 0
14430 3
14431 1
14432 3
14433 2
16059 0
18757 0
5137 1
6248 2
17666 2
6251 2
6253 2
14446 0
6255 2
14449 2
6260 1
14453 0
14454 2
14455 0
6266 2
6267 2
8392 2
6270 2
17429 0
13575 0
6277 2
6279 2
10604 3
6282 2
6286 3
6182 0
14488 3
3206 2
14491 1
14496 0
6306 1
14501 0
18801 2
14504 2
6315 0
6316 2
6319 1
14513 2
14514 3
6323 3
6324 1
9575 1
6330 2
6332 2
6335 0
6336 2
6338 1
6340 2
14533 2
1057 0
16076 2
6349 2
14545 3
14546 0
6356 1
14549 2
6359 2
630 0
6363 2
2426 1
6367 2
14561 3
14562 1
18811 1
14565 1
6380 0
16082 2
6384 0
17448 1
6386 1
14581 1
13353 0
6393 2
14586 2
5213 0
6398 3
14591 2
14592 2
8942 1
7895 1
14604 2
6414 2
14610 0
14611 1
6423 3
6424 0
6426 1
17455 0
6429 1
18821 2
14625 2
6434 3
14627 2
14629 1
14631 2
10580 0
14633 0
6442 1
14727 1
14391 0
6445 1
6446 2
6448 1
6451 2
6452 1
6453 3
14647 2
6456 1
14650 1
14651 2
6462 0
6465 0
6466 2
6467 2
6468 1
17462 0
6470 3
14664 1
14666 2
14668 0
14672 1
1080 1
8281 1
6488 2
9274 2
1407 2
14690 2
9645 2
6506 2
6514 1
6520 0
6522 2
14716 1
17948 2
12999 1
14724 2
14725 0
6534 0
13311 2
14728 3
4582 2
8401 2
17174 2
14734 0
14736 2
14737 2
10038 2
7918 0
14742 2
14746 2
17556 2
14751 2
14753 2
14754 1
1094 3
14761 1
14765 0
8675 2
6576 2
1096 1
14773 0
14777 2
6587 1
6588 1
5194 2
14782 2
18363 1
14787 0
13313 2
14789 2
6600 0
14793 1
6603 1
6605 0
6608 2
14804 2
14805 2
16121 1
6616 1
6617 2
6619 2
6621 2
8391 2
6626 3
6630 3
6633 0
14828 0
14829 2
6876 2
16125 2
6646 1
16127 3
6653 1
9301 0
14848 1
14849 2
14851 2
14858 2
6667 0
14863 1
14868 2
6679 2
16812 2
6683 2
14876 2
14877 2
14878 2
14879 2
2132 0
6689 2
6690 1
17499 2
6692 2
14886 1
6577 1
10366 2
6697 2
6698 1
6699 1
6700 0
6701 1
6702 1
6703 1
6704 1
6705 0
6709 0
14902 2
14904 2
4526 2
6714 0
14908 1
4588 0
9210 1
14913 2
14914 2
6723 1
6724 2
14917 1
14920 0
14921 1
14923 0
13256 1
6733 0
6734 3
14928 2
6250 2
6740 1
6741 0
14934 2
18228 2
6747 2
6750 2
6751 0
14945 1
14947 1
17510 2
16145 0
6762 1
1589 3
14959 0
14960 2
6770 2
14963 3
14965 0
14966 0
6775 0
6776 2
14972 2
17514 2
45 1
14979 3
6788 1
7591 3
14983 2
6794 2
6795 2
6796 0
14989 0
14991 2
6801 1
6802 3
14996 2
6809 0
6810 1
15004 2
18662 2
6597 1
6228 2
15009 2
6819 3
15017 1
6828 1
1138 2
6830 2
6833 1
6836 1
17140 0
6839 3
6841 2
15034 2
15035 3
15036 0
6845 0
6846 3
15039 2
15042 2
6851 1
6853 0
6855 1
15048 2
2213 1
15050 2
6859 1
6860 1
15055 2
6866 2
6868 1
2510 0
18505 2
6871 0
12068 0
15067 2
15068 2
6877 0
15070 2
15071 0
6880 1
15073 1
6882 3
6883 3
6886 2
15079 3
15080 2
7975 2
15084 3
15085 2
15087 2
4594 1
6898 1
15093 3
15094 2
6907 2
6908 2
6909 1
15102 1
6911 1
6914 2
15107 1
15109 1
15111 3
6920 2
15115 3
15116 2
15117 2
15119 0
6930 1
6931 2
15124 3
15129 1
15131 1
6940 0
15133 1
15135 2
10324 1
15137 3
6946 2
6947 3
15140 0
15141 1
15142 0
3889 2
15144 0
2524 1
6955 0
6957 1
6958 2
15151 3
9352 1
6962 2
5930 2
6964 1
6965 2
6966 0
6967 2
15160 1
15162 1
6971 1
15165 0
15167 2
12255 1
6977 0
9234 2
15172 2
6984 1
15177 2
6986 2
9921 3
6989 1
15182 0
15184 0
6993 2
15189 0
15191 2
15192 0
2532 0
15194 2
7005 2
7006 2
7008 2
7009 2
15202 2
15206 0
7016 2
15209 1
7018 1
7019 2
15212 3
15214 1
7023 1
7024 2
16468 2
7028 3
14825 2
15225 1
15226 2
7035 0
15228 0
15229 2
7039 1
15232 1
15233 2
15238 0
15241 2
7050 1
7052 1
15245 2
15246 0
7055 1
7056 2
7059 2
7060 0
7061 2
15254 3
17561 2
7064 2
2543 0
9237 2
13056 0
15264 2
2544 0
15266 1
3236 0
7076 1
15269 1
15270 0
3509 2
15275 1
15276 2
7085 0
15278 3
15279 2
15280 1
15281 2
15282 2
15284 1
162 2
16201 1
7096 2
11693 0
7098 2
7103 2
7105 1
7108 1
15301 2
15303 2
15304 2
16204 1
7115 0
15308 1
17570 2
7118 1
7120 2
7123 2
7124 0
15318 2
15319 0
7130 0
15324 1
5285 2
15329 2
7138 0
7139 0
15333 2
15334 1
7143 0
7146 1
9385 3
7160 3
7164 2
7165 0
7166 3
15362 2
1195 0
15366 1
9388 2
7181 0
15374 0
15375 1
15376 3
15378 0
2563 2
7188 2
15381 2
18243 0
15387 2
17152 1
5968 2
7203 2
7205 1
7207 0
7208 2
7522 2
7210 3
15405 2
7214 2
15409 2
7219 3
15413 2
15417 2
15419 2
7228 1
2150 2
7230 2
7231 0
15426 1
7235 2
15428 2
15431 2
7240 3
5340 2
7243 2
7244 0
15437 1
7246 2
15440 1
16227 1
15448 2
17154 0
13498 2
12133 0
15457 2
1211 3
15462 3
7271 1
17973 2
15471 1
15473 0
7282 2
7283 0
7062 0
4607 1
15482 1
15487 3
15488 3
15490 1
12139 2
2582 2
18635 1
15496 0
7306 2
15499 2
15500 2
12141 1
15505 0
15508 0
15509 1
15510 2
15511 0
15514 0
15517 1
15519 1
15520 0
15521 2
15522 1
2587 1
7332 2
15525 2
7336 0
7337 0
15535 3
14397 0
15537 0
8428 0
1225 2
2591 0
9418 1
15550 0
15552 1
15555 1
7367 2
15563 0
7372 2
15565 1
7374 3
15570 0
7379 2
15572 1
15574 0
7383 0
14884 2
7386 1
15579 2
7388 2
7611 1
15582 0
15588 1
15592 0
15593 0
15595 1
15596 3
7405 2
15599 0
15600 2
7410 2
15603 1
15604 2
7413 1
15606 2
7415 2
15608 1
15610 0
15613 1
8976 2
15616 0
15617 2
15625 1
15627 1
15628 3
18653 1
2157 0
7440 2
5138 0
15634 0
7447 2
7448 2
7450 2
3665 0
7452 2
15645 3
15647 1
15649 3
15650 0
7459 2
15652 1
15654 2
7463 0
15657 2
15658 2
15665 1
15667 2
15668 1
15669 1
15670 3
15671 0
7481 1
15674 2
15675 2
15676 0
3978 2
17980 0
7489 2
15682 3
7491 2
15687 1
15691 0
7500 2
10961 0
15695 0
7505 2
7506 2
9443 2
15701 0
7510 0
15231 0
15704 0
15707 1
7516 2
1141 1
7518 3
15711 2
15712 0
15714 1
9379 1
15716 0
9446 1
15718 0
7529 2
15722 2
5351 0
7532 2
15729 1
7538 3
7540 0
15735 0
15736 1
15740 1
15741 1
15744 2
7553 0
15746 0
15748 2
15749 1
15752 1
7561 2
15757 2
15758 2
15759 3
15761 2
10819 2
15765 2
7575 2
14916 0
7578 1
9455 1
7582 3
15775 0
15776 2
7585 2
15778 0
15780 0
15781 1
15782 1
17649 1
7592 2
7593 2
15788 1
1266 0
15798 1
7607 1
9460 2
15802 3
12191 0
15805 2
13557 0
7616 2
16288 1
7618 0
15813 0
7622 0
15815 1
7624 3
7626 2
9463 2
15821 1
13560 0
15827 3
15830 3
1273 2
7640 3
15834 1
2639 0
7646 2
17167 2
7649 2
15842 0
15843 0
15253 2
15845 2
14882 2
15850 2
15852 2
7661 0
13565 2
15859 1
15861 1
7670 3
15863 2
7672 3
14932 2
15866 1
7675 0
7677 3
15871 1
15872 3
7682 2
15877 0
15878 2
5377 2
15880 1
15882 0
15883 0
7693 2
7695 2
15889 1
12108 2
8110 2
15895 0
7704 1
13572 2
15898 2
15900 2
15902 1
17669 2
15904 2
9478 2
7718 2
7720 0
7723 2
2653 3
15921 2
12211 2
7732 1
14942 3
7739 0
1290 1
4021 1
14988 1
7747 2
7748 2
7751 2
7753 3
8119 0
1622 2
15951 0
7762 1
3775 2
1294 2
7766 1
15959 1
15962 0
15963 2
7772 1
7773 0
15966 2
6757 0
7780 0
7783 0
15978 3
15980 2
7789 2
15983 2
15984 0
10857 0
15994 2
13626 3
7805 2
15999 1
16000 2
16001 0
16003 2
7812 0
16005 1
12225 2
7898 0
7817 1
1303 1
16014 2
16015 1
7825 0
16018 1
16020 1
16021 0
7832 3
16025 1
7837 3
12229 2
16032 1
11445 1
16034 2
16035 3
7844 0
16037 1
7848 2
13596 2
16043 2
7852 3
16045 3
16046 0
16049 1
16050 3
7862 2
16056 1
16057 1
7866 2
9503 2
16061 1
16063 1
16064 2
7873 1
16066 1
7875 1
16069 2
7878 0
16073 1
7882 1
14967 0
7884 2
17698 0
16078 1
16079 2
7890 2
7891 2
8142 3
16087 2
16088 1
16090 1
7900 2
7901 0
16683 2
7911 2
7912 0
16106 2
5415 0
16108 2
16109 2
16110 2
16113 2
16115 2
16116 1
16117 2
7927 1
7929 3
16122 1
7931 0
16144 0
17706 1
7934 2
7935 2
7936 2
16129 1
5419 2
16132 0
16133 1
10881 2
3265 0
7947 2
16142 1
16143 2
7952 0
16344 2
16146 2
6787 0
16148 2
7957 0
16150 2
7960 0
7962 0
16155 1
12813 2
16159 0
7968 0
16161 2
7972 2
6927 2
3266 0
7977 1
16175 3
7986 2
17715 0
16180 0
8406 1
16184 2
2400 2
16186 2
16187 1
3381 1
16191 1
8001 1
8003 2
8004 2
8009 2
8010 1
16203 0
8012 0
8014 2
16207 0
8017 3
10087 3
16214 2
16217 2
15543 1
16225 3
17723 1
8038 1
14993 0
16232 0
10898 0
5437 2
16240 1
16241 0
16245 1
8054 2
16250 2
8060 0
16362 2
16254 2
8064 1
8066 2
11183 2
16261 1
16263 2
5488 0
16265 1
16266 2
8079 0
16275 0
16276 1
16277 2
16279 0
5444 2
8090 2
16283 0
2714 0
8095 3
8096 2
2542 1
8098 1
10907 1
16292 0
8101 1
16294 3
8103 2
6812 1
13641 2
8108 2
16301 1
16302 1
16304 2
8115 2
8116 2
8117 2
16311 2
8180 0
16316 1
15008 2
8130 1
16325 0
8135 3
15001 1
16329 0
16330 3
16331 1
16334 1
12819 1
15011 0
8149 2
16342 2
8152 3
8156 1
16349 1
16350 2
16351 3
8162 0
16355 1
16356 0
8165 2
16358 2
8168 2
8170 2
16365 1
16639 1
16369 0
11729 1
16371 2
16372 1
16373 1
16376 2
16379 2
16380 0
8190 2
