16386 2
11184 1
8200 0
16393 2
8202 0
16396 1
16404 3
21 0
16407 0
8216 0
8217 0
16412 0
8221 0
16414 2
16415 2
8227 2
8228 2
16422 2
16424 1
12295 2
8237 2
16430 2
17757 1
8240 0
16433 2
16434 2
52 1
16437 1
16438 3
16440 2
16441 2
16445 2
16446 0
66 1
16451 0
16452 1
8261 2
16454 3
1377 2
16456 2
8266 2
10935 0
16460 2
16464 1
16466 1
8276 1
8278 2
8279 2
88 2
89 1
91 1
16476 2
93 3
8286 2
5477 0
16481 1
16484 1
8293 1
8295 2
104 0
8297 2
17767 1
110 0
8304 0
115 1
8675 2
8309 2
120 3
16505 0
16509 1
126 2
8213 1
16513 1
132 2
133 2
8326 2
16519 0
8328 0
16522 1
139 3
16524 1
6850 1
16527 2
144 2
8338 2
148 1
150 2
151 1
8344 1
8345 3
8346 1
8347 3
16540 2
16546 0
163 2
8356 3
16549 2
16550 1
170 0
171 2
172 0
8365 1
8367 0
8369 0
178 0
180 3
183 2
186 2
5293 2
1370 2
11463 1
8383 2
8386 2
196 0
197 2
200 0
8394 3
8397 2
8398 1
207 2
209 2
16419 1
214 0
8407 2
16600 1
218 3
16603 3
8413 2
16607 1
16608 0
1644 1
12331 2
16612 1
16614 0
16616 1
18284 1
16618 2
8427 2
16620 3
8430 2
1405 2
16624 2
16625 0
244 3
246 0
8439 2
16632 2
16634 3
13695 2
16636 2
10464 1
16638 0
16640 1
16641 0
16643 2
16645 1
16646 1
8455 0
266 2
8460 2
8461 3
8462 0
271 2
8473 2
16666 1
16431 2
284 1
285 1
8480 1
8481 0
8483 0
8485 2
8486 2
16679 1
296 0
16681 1
16682 0
300 2
8494 0
15069 2
8496 2
1091 3
16693 1
12768 0
5513 2
8506 1
8507 2
8510 2
16703 3
15114 2
16706 1
5515 1
324 1
16712 0
16713 0
16715 0
332 2
16718 1
16719 2
16720 2
16721 1
8531 1
340 1
16725 1
16728 1
16227 1
8539 1
16732 1
349 1
350 0
16737 2
357 0
16742 1
359 3
360 2
8553 2
6887 1
16751 1
16752 2
8562 1
8564 2
16757 0
775 2
16759 1
16760 0
16762 0
16765 2
8574 0
13379 0
387 0
16775 1
392 1
15084 3
394 2
16781 0
16784 2
16787 1
15086 2
8601 2
16926 2
8604 2
8605 1
16800 3
16801 0
16803 1
420 1
16807 1
1436 1
427 2
16813 1
16814 2
8625 2
435 1
440 1
443 0
444 2
74 0
446 2
15093 3
450 1
451 1
16836 1
453 1
454 2
17825 1
456 1
16841 2
8654 0
8655 2
16848 2
8657 2
16851 2
16852 1
16854 2
8664 1
8665 2
8666 2
476 2
477 2
478 1
8671 3
16865 0
483 2
16870 2
8684 1
289 2
16878 0
1653 2
8691 2
500 2
16929 2
502 2
8696 2
16889 2
15103 1
2199 2
4181 0
16900 2
16902 2
519 1
16905 1
522 3
524 2
8717 2
526 0
16911 0
8720 1
530 2
8724 1
8725 1
8726 2
536 3
538 0
17839 0
8732 1
542 2
6917 2
544 2
545 2
8739 3
548 1
549 2
16935 2
16937 2
8746 2
16939 1
8749 2
558 1
8752 2
17843 2
16948 0
16478 1
8759 1
16953 1
8762 1
16956 1
573 1
8767 0
16961 3
8771 3
16964 2
581 1
583 1
8776 1
8780 1
8782 0
591 1
16977 0
8786 1
8787 2
16980 2
17849 2
16984 1
16985 1
13659 1
603 1
8796 0
16989 1
16990 2
16485 0
609 2
8802 1
611 1
8804 1
16997 2
8806 0
17000 1
1468 2
17002 1
619 2
621 2
8814 2
8296 2
17010 1
627 1
17013 2
17016 0
17019 1
17022 0
17023 1
17025 0
8835 1
17028 0
17029 0
17030 1
8841 2
17034 0
651 0
17036 2
654 0
655 2
17040 1
657 3
17042 2
660 2
661 1
8855 1
17049 1
8858 2
17052 2
669 2
17054 1
17055 2
12843 1
674 0
17059 0
676 2
17061 2
17062 0
679 0
17065 0
17066 2
17067 1
17068 3
685 1
15133 1
8880 0
8881 2
17074 1
8307 2
17077 3
8889 2
17083 1
17084 1
701 2
17086 3
16501 1
17089 0
17090 3
8899 0
8902 2
8904 1
17097 2
17099 2
716 1
717 0
719 3
17110 0
8919 2
6948 0
730 2
732 1
733 1
17122 0
2287 2
6950 0
742 0
743 0
744 2
17131 1
748 2
17133 0
8942 1
8943 1
755 2
6953 2
760 1
8953 1
8955 1
764 2
767 2
16590 3
17154 0
17155 1
774 1
17159 3
6956 0
8970 2
8971 2
8974 2
17167 2
17168 2
786 0
787 2
17172 1
17173 1
790 2
17176 2
17177 0
8986 2
17180 2
17181 2
8990 2
8993 0
802 1
8995 2
17188 2
17191 0
17192 0
9001 0
811 0
17197 0
814 2
17199 2
9008 0
16520 2
820 2
17207 3
17209 1
9018 2
17211 1
8330 2
17214 0
17216 1
17217 2
17218 1
8331 2
17220 1
3601 3
17224 3
17227 1
844 2
9037 2
17231 0
849 2
17235 0
17236 3
16045 3
854 0
856 0
17242 2
9051 1
860 3
861 2
862 0
863 0
6971 1
9060 3
17254 1
12433 2
17257 0
874 3
2484 0
876 3
146 3
17262 0
17263 0
17264 0
17265 2
883 1
17268 1
17269 1
9079 1
888 2
575 1
9082 2
891 1
892 2
894 2
895 1
17280 1
17281 0
17282 3
900 1
9093 1
9094 0
9095 2
17290 2
17291 2
17292 1
17293 0
910 1
911 2
6577 1
9106 0
916 0
917 1
153 1
17304 2
921 2
17307 2
17309 0
17310 1
17311 2
17313 2
930 0
9123 2
932 3
933 1
17318 2
936 3
9129 2
17325 1
9134 0
9136 2
17329 3
9138 0
947 2
9140 2
952 1
17339 1
8488 2
961 1
9156 1
17351 1
2892 2
9162 1
5623 0
15308 1
17360 2
17362 2
9173 2
17367 1
17368 1
9178 1
17376 0
17379 2
12581 0
2761 1
1004 0
17390 1
1009 1
1010 1
17395 2
17396 2
5630 2
17399 2
9209 1
1018 1
5631 0
9212 1
9215 0
9216 0
17409 1
17412 3
15191 2
9228 2
1037 3
1038 0
16557 2
9236 1
1045 1
15193 1
17432 2
18584 1
16559 0
9245 2
17440 2
17441 2
1058 2
17766 0
177 1
9257 0
17450 1
1067 2
12524 1
17453 1
9262 2
1071 1
9264 1
9267 0
17460 1
9269 2
9270 2
17463 1
9272 3
9273 3
9274 2
17474 2
9283 1
17477 1
1094 3
9287 0
17480 2
9292 1
17487 2
15883 0
9297 0
1107 1
9301 0
17495 1
1115 1
9308 1
9309 1
9310 0
9312 2
17505 0
17506 2
17507 2
9316 0
9317 0
17512 1
17514 2
11111 3
17520 1
1138 2
1141 1
15209 1
1144 2
17530 1
17532 2
17534 2
1151 1
17538 1
9347 1
17542 1
17543 0
17544 2
1162 3
9355 3
17548 1
17549 1
17550 2
7021 3
17552 1
17553 2
17554 2
17555 3
17556 2
1173 2
17558 1
9368 2
1177 2
17562 1
15215 0
1180 1
17770 3
17567 3
17568 0
9377 2
1186 0
1187 2
17574 1
17575 1
9385 3
17578 2
1195 0
17581 1
1200 0
8392 2
9396 1
17589 0
9398 1
17593 2
9402 2
17595 2
202 2
17598 2
1215 1
17602 0
9411 2
9412 1
17609 1
17610 2
1227 0
17612 2
9421 2
9425 1
9427 2
9428 2
1237 2
11129 2
1240 0
17626 1
17627 1
1245 0
1246 3
17631 0
9441 2
1250 0
7035 0
17636 1
17639 1
9448 0
17641 1
17642 1
9451 0
17645 0
1262 2
9455 1
17960 0
1266 0
17652 1
9461 2
9462 2
9463 2
9464 0
315 1
17660 2
17662 2
9473 1
17666 2
1283 2
1284 1
9477 2
9478 2
1287 1
9480 2
9481 2
1290 1
17675 2
1292 2
2946 2
9492 2
17685 2
17686 2
1303 1
17689 2
17691 2
17692 3
17693 3
9503 2
17696 1
5680 1
219 0
17700 1
17703 2
1322 2
17707 2
1324 2
9518 2
1330 0
1331 1
12510 1
17719 1
17721 2
1338 1
17723 1
1341 2
17727 1
9536 0
17729 1
17730 1
9539 0
9540 2
8501 0
9543 2
15244 0
1354 1
1355 1
2500 2
12514 0
7053 1
17744 1
9554 2
1363 2
9556 2
9558 1
1369 2
17754 2
17755 0
9565 1
9566 0
17759 1
17760 2
9569 2
17762 2
1380 0
9574 1
1383 2
17504 2
9578 1
9580 1
11154 0
1390 2
9584 0
17777 0
1396 2
9591 0
9592 1
9593 2
9594 2
9597 2
1408 0
9601 2
4331 1
9604 2
9605 1
9606 1
1601 1
1416 3
8428 0
9610 2
9611 2
1602 3
9615 2
6594 3
1425 2
17813 1
17820 0
9629 1
17233 2
1605 0
8432 1
9635 2
1444 2
9637 1
1446 2
9639 2
17835 2
17837 1
9646 1
15261 2
17841 1
17842 2
9323 0
8232 0
9657 0
17850 1
17851 1
17852 2
17855 2
17995 2
9668 1
9669 2
9671 1
9672 1
9673 1
1482 1
9675 1
9676 2
15266 1
1488 1
9694 0
17889 0
17895 0
17896 1
9706 1
17899 0
1521 3
9722 2
9724 1
1538 2
17924 0
1542 2
9735 0
1545 2
17932 0
9741 2
17934 2
17936 0
17937 2
1556 1
17941 1
17944 1
17945 2
9754 2
17947 1
1564 1
17949 2
2507 1
261 2
17953 0
17955 2
17956 2
9765 0
9768 2
9770 1
263 2
1584 2
17971 2
17973 2
1590 2
1591 1
9784 2
17977 2
1594 1
17979 2
1596 2
1597 1
9791 2
9792 2
17985 2
17986 0
15329 2
17989 1
1606 1
1611 3
1613 2
1614 1
9810 2
1619 2
9812 0
1622 2
9817 2
12559 1
1630 1
18015 2
15863 2
9826 2
1636 0
9829 2
9830 2
1639 2
1640 2
18023 3
18028 1
1646 0
9839 0
18032 0
18024 3
1652 2
9845 1
18038 2
18041 0
1658 3
9852 0
1661 1
9854 1
18048 2
9857 0
1666 2
9860 1
1669 1
1671 1
1672 3
18057 2
1674 2
9867 0
9868 1
18062 2
6942 1
9872 1
9873 2
9874 0
9876 0
9838 1
4377 3
1688 0
18077 0
9886 0
18079 2
9889 0
18083 1
18084 0
1701 2
1702 2
1703 1
18088 2
1705 0
1706 0
18091 2
1708 3
1710 0
1711 2
1712 1
3016 1
18098 2
18233 2
18100 1
1717 2
1718 2
1719 2
18036 2
1722 0
18107 3
18108 0
15306 1
18110 1
1727 0
1729 1
1732 2
8241 2
18118 1
9927 2
18121 1
1738 2
18126 0
18130 1
1748 0
1749 0
17789 1
1753 3
1754 1
1755 1
1756 0
18141 0
18142 1
18143 1
18144 2
18146 0
18148 0
9958 0
1768 1
1660 1
18154 1
1771 1
18156 1
1773 1
18161 1
1779 0
18164 1
1662 2
297 2
18170 0
1789 2
1790 2
1792 0
8959 0
17245 1
16684 2
18186 2
9995 2
18190 1
9999 2
10000 0
18194 3
10004 2
1815 2
10009 0
18203 2
10012 1
3034 2
18207 2
5687 2
18209 0
1827 2
10020 3
18216 2
18217 0
18218 2
18055 2
1836 1
18221 2
10030 2
10031 2
1840 2
18225 2
18229 1
1846 0
1847 0
18232 2
10041 2
18234 2
18235 2
1852 1
10047 1
10048 2
10053 1
1862 3
10055 2
10056 2
1865 0
1867 1
10060 2
16429 2
18254 2
2790 1
18264 1
18269 2
10080 2
10083 2
8524 2
18279 1
10088 1
10089 2
18282 1
10092 1
18286 2
18287 1
1905 0
1907 0
18292 0
1909 0
1911 0
10105 0
319 2
1918 2
18306 2
1924 2
18310 3
8513 0
18312 1
10121 1
10123 2
10125 1
11245 3
18320 0
10129 2
16707 0
10132 1
5785 2
10137 2
1949 2
18334 1
10143 1
18337 0
1955 0
15068 2
10149 1
18344 2
1961 2
1964 2
18349 1
18351 0
1968 0
1970 0
18355 3
1973 0
18358 3
4425 2
1979 1
18615 1
18366 2
1983 2
1987 1
1988 2
7158 2
18374 1
1991 2
18376 2
10185 0
18379 1
18382 1
18383 2
18384 2
18387 2
2005 1
10201 1
6068 2
18397 1
10207 2
2016 0
18401 1
18404 2
4596 1
4433 1
10218 2
12626 2
2032 0
13992 0
2035 2
18420 2
11262 2
18089 1
18424 1
18426 1
2043 1
10237 0
8797 3
10240 1
18435 1
10244 3
10246 3
10247 1
18446 2
10264 0
2073 2
18463 0
18464 0
17670 0
2083 2
10276 2
18471 2
2091 2
10285 1
10287 2
10288 1
15368 3
2098 2
18483 2
10292 3
2101 1
2102 2
2105 0
10298 2
10299 2
2109 0
10304 3
10306 1
18499 1
2116 2
10309 3
2118 1
18503 3
2120 2
18505 2
10314 0
10316 2
10317 1
2126 0
10319 3
2128 1
10321 0
2134 2
17963 1
2138 2
10332 1
10333 1
16741 2
2145 2
10340 3
358 1
2150 2
16743 2
10351 2
18544 0
1163 2
1726 2
10358 2
2170 1
14015 0
10366 2
2176 2
10369 2
2180 2
9921 3
2185 2
18572 0
10383 0
18579 2
12654 0
10390 0
10391 1
10392 2
18586 2
18587 3
18589 1
2207 1
10401 2
18595 2
18596 1
2214 1
10408 2
2218 1
18604 2
12387 2
2222 2
2223 2
18609 0
10419 0
10421 2
10422 2
2231 2
10426 1
2236 2
2238 2
2240 2
18629 2
18630 0
18632 2
5836 1
2251 2
2252 1
2254 2
5837 0
18640 1
376 2
2258 2
2259 1
18644 2
5838 2
2264 2
18649 0
2266 0
18651 1
10460 1
10463 2
2272 0
2273 1
10467 2
18662 2
18663 3
9896 2
2285 2
10479 2
10483 0
18677 0
10488 2
2297 2
4484 1
18685 0
2303 0
18688 1
10498 2
18693 2
2311 0
18696 3
18699 0
18701 2
10511 0
18704 1
18706 2
18707 1
2324 2
10517 1
18710 2
10521 2
9352 1
10523 2
2333 2
896 0
18723 1
18724 0
18725 1
2342 2
2343 1
18734 2
10543 2
18736 1
10545 1
2356 2
1758 3
8585 1
11316 0
2362 2
1759 2
2364 2
2365 3
18750 1
10559 2
2368 1
2261 1
18755 3
10564 2
9899 1
18760 3
2380 1
10573 1
10575 1
2385 2
18771 2
2388 2
1764 2
18778 0
10589 2
18784 1
8592 2
17201 1
11323 2
18788 1
18150 2
10599 0
18792 2
10602 2
2413 2
10607 1
18801 2
2421 1
14538 2
18809 2
2426 1
2427 2
18814 2
2433 1
2434 2
18819 0
10628 2
18821 2
10632 1
2441 2
2444 1
4173 2
18832 1
18834 1
2452 2
18839 2
10648 2
10649 2
10650 2
18844 1
410 2
15429 2
2464 1
2465 1
10658 2
8811 1
18853 2
10663 3
2472 2
2475 1
5874 2
10670 1
18163 0
10676 0
4510 1
10678 2
2491 0
2494 0
6357 2
10692 1
8609 2
4381 1
16723 3
10699 1
10702 2
8611 2
2516 2
10709 2
10710 2
10712 2
8612 0
2522 3
10715 1
10716 1
6910 2
11268 2
8813 1
2529 0
2531 1
10724 0
9086 1
2534 1
2536 0
10729 1
423 2
10734 1
18173 2
2544 0
2545 3
2546 2
903 0
9982 1
8541 2
10743 1
10745 0
2554 1
2556 1
10749 1
10750 2
10751 1
10753 2
10755 0
2565 0
2566 3
2568 0
8621 0
7256 2
2578 1
10771 1
2580 2
10773 1
10774 1
10777 1
2589 0
10782 0
2591 0
2593 2
2599 2
2600 2
10793 0
2602 3
10796 2
12089 1
2606 3
10799 1
10800 0
10801 2
10802 0
16819 2
2613 1
2615 2
2616 1
2617 1
10811 2
10814 1
2624 2
10818 0
10819 2
10820 3
10822 1
2631 1
2632 0
10825 0
10826 0
12727 1
2640 2
8632 2
2645 1
2646 2
10839 0
10841 3
10843 1
7819 3
10845 2
2654 2
2655 2
16827 2
2660 1
10853 2
10856 2
4540 1
10858 1
9636 2
2669 1
2671 0
10864 2
10865 1
10866 0
10867 1
10868 0
10871 2
10873 0
10876 0
14101 0
10881 2
2690 0
10887 2
10891 0
10893 1
2703 0
1181 3
10897 3
10898 0
10901 2
10902 1
18201 1
9092 0
2715 2
2716 1
2718 2
10911 2
10913 3
2722 1
2723 2
10916 2
455 1
10925 1
2736 0
2739 2
10933 0
2742 2
2743 3
16731 0
2748 3
10941 0
2750 1
2752 0
10945 2
2755 0
2759 2
10953 0
3191 2
2764 3
2766 0
2767 1
2768 1
2769 0
14004 3
16846 1
1828 2
2778 2
2779 2
10973 2
2782 1
14117 2
464 2
2787 0
2788 0
10982 0
2791 2
2792 2
10985 0
2794 3
2795 0
2800 2
2801 2
2803 2
10996 1
2806 3
2807 3
11003 0
11004 2
5930 2
12757 2
5931 2
2821 1
11016 0
11017 0
2826 2
15490 1
14006 3
2835 2
2839 2
2840 0
11034 2
1839 2
11036 2
2845 1
11038 2
11039 0
11040 3
11041 2
2851 1
11045 2
2854 1
1841 2
11048 0
2857 1
11055 2
11056 0
11057 2
11059 0
2868 1
11062 0
11063 0
11065 2
15498 0
4733 2
11072 1
11073 1
12371 2
2884 0
10038 2
11078 2
11082 2
2891 2
11084 3
11086 1
2899 2
2901 0
2903 2
11097 1
2910 1
2911 2
3216 2
2919 0
2921 2
6566 1
2923 1
2925 2
11118 0
4584 0
2930 0
7315 0
11127 1
2936 0
2937 2
2939 2
11132 2
2944 2
11138 2
10664 1
11142 1
2955 0
11149 0
2960 0
2962 0
11155 0
11156 2
1204 0
11159 3
2968 2
2973 2
2975 1
11175 1
11176 1
18247 2
2992 2
11187 0
3000 2
11193 0
11194 2
11198 3
11201 0
3010 3
3011 2
3012 2
16886 2
9840 0
11208 1
11214 2
11220 1
3029 1
3030 1
3031 1
11224 2
11226 2
3038 1
3040 2
1465 2
12795 0
3044 2
11239 2
3048 3
3049 2
11243 2
3052 1
3053 2
3056 2
3058 1
3241 1
11256 0
3070 2
3073 1
3074 1
3076 2
3079 2
11273 3
3082 2
10741 1
11285 0
11286 2
11295 2
3104 0
11299 1
11300 2
3110 2
11305 2
11307 2
11310 1
3119 2
1362 0
11315 0
3124 2
3125 0
5983 0
11327 2
11328 2
1888 2
3138 1
11334 2
11335 2
11336 2
11340 2
11343 2
11344 2
11345 1
18275 1
3156 0
11350 1
11351 0
11358 0
14181 1
3171 2
18278 1
11366 0
11367 0
3177 3
11371 2
3180 3
11373 2
11453 2
11382 2
11383 1
14186 2
11390 1
533 0
11393 2
4471 1
11397 2
11398 2
3207 2
4713 0
1900 2
11402 0
11403 2
11458 2
3214 1
3215 2
11408 2
8728 2
3218 3
11413 3
11414 1
3223 2
3225 2
11421 2
3230 1
3231 1
11425 2
16923 2
11428 3
3237 1
11430 0
3239 0
11433 2
3242 3
11435 2
11438 2
12656 0
11444 2
3253 1
11465 3
3256 3
3257 3
11450 2
3261 1
11454 0
3263 2
3264 0
16928 2
3266 0
3268 2
11461 1
8737 2
3273 0
3274 1
3275 1
3276 1
3279 2
3280 2
11473 1
3285 1
3286 1
18297 0
3288 2
11481 3
11488 1
3303 1
16716 0
551 1
3309 1
3310 2
11504 3
3313 2
3320 2
3323 2
3324 2
3327 0
3328 1
11523 1
3333 1
11528 1
11530 1
11532 2
14210 2
3347 0
11540 2
3349 2
3351 3
3352 1
3354 2
3359 3
11554 1
3363 1
11557 2
11559 2
3368 1
3370 1
14215 0
11565 1
3374 1
3375 2
2641 1
3380 1
3381 1
3382 0
6025 2
564 1
3386 3
3387 1
3389 2
3392 1
11586 0
3395 1
8842 2
3399 0
567 2
3406 1
14221 0
3409 0
3411 0
14571 2
3416 0
3422 1
3423 1
3424 3
11617 1
8817 1
11619 1
15117 2
1937 1
3436 1
3440 1
11634 2
14572 0
3447 2
17300 1
11643 1
11650 2
3460 2
11653 0
12865 2
11659 2
12866 2
3471 2
11664 1
579 0
11669 3
3478 2
3479 2
11672 2
12391 1
3485 1
11678 0
8773 2
3489 3
11682 2
3491 2
11684 2
11686 0
3495 2
11690 0
8775 0
7410 2
3502 2
3503 2
3504 2
11699 1
11705 0
3515 1
11709 1
11710 1
3520 2
11574 2
11716 1
11717 2
3527 2
16972 1
663 2
11512 2
10147 3
11738 1
8847 3
11741 1
11742 0
11746 2
11748 0
11751 1
14247 0
11756 0
1960 1
11764 2
15614 0
11766 0
11768 2
596 1
8848 0
3580 0
3581 0
11776 2
3585 2
11779 0
3589 1
7425 3
10156 1
11786 1
3595 0
11789 2
1965 2
8792 1
3604 3
13759 0
601 1
11800 2
11804 1
11806 2
11808 1
3619 2
3621 2
3622 2
14257 1
11816 0
11817 0
12190 0
11819 2
11821 1
3630 2
605 3
11824 1
11825 2
1971 2
3638 2
11831 1
11833 1
8799 2
3644 1
11841 2
16993 2
11849 0
3659 0
3661 2
788 2
11857 0
4707 2
11860 1
3671 2
3673 1
3674 2
3679 2
11873 1
11874 1
18363 1
11877 2
11878 1
11880 1
3689 1
3690 2
11883 1
11884 2
7442 2
11887 2
11889 1
3702 2
3703 2
3704 1
11897 0
3706 2
10175 0
618 1
11902 2
11905 3
11907 2
18400 0
11912 2
11913 1
15639 1
3727 2
3730 2
397 3
3738 1
11931 1
3740 0
3741 2
3745 2
3747 1
11941 2
3751 1
4553 2
11952 2
1992 2
3763 2
1993 2
3768 0
3769 2
11963 2
11968 1
3777 2
3791 2
11987 3
10190 0
11990 1
3805 2
11999 2
3811 2
3814 1
7463 0
12013 2
12160 0
12019 0
8830 0
3833 0
12029 0
3841 2
12037 2
12040 0
3849 0
7766 1
3152 3
12053 1
2009 0
12058 2
4766 1
12933 0
3873 0
13501 1
3876 2
3879 2
3880 0
11046 2
6109 1
3889 2
18133 2
12086 1
15668 1
3901 0
3903 2
12097 1
12098 1
17035 2
12100 2
12101 1
12103 3
14042 2
12105 2
12106 2
12107 0
12108 2
12109 2
12110 2
12113 2
14307 2
15138 0
15673 3
3928 2
3930 0
12123 0
12126 2
12127 2
12944 2
3950 0
12136 2
12137 2
12139 2
12141 1
5587 1
11581 2
3953 1
12152 1
12153 1
12154 0
3965 2
12158 2
12949 2
3968 3
3978 2
3979 1
5588 3
3394 2
3983 2
12176 1
3985 2
6955 0
12181 1
12184 2
3994 0
3995 1
12188 2
5043 2
3998 0
4000 0
4009 3
12202 2
12204 0
12206 1
17053 2
4016 1
12209 2
4019 1
8862 2
12218 2
4027 0
12222 2
4768 2
12229 2
4047 1
12240 1
9465 1
4050 1
4771 2
12244 2
4053 1
12248 2
4057 2
12250 2
4059 3
6138 0
4063 2
12256 3
12257 0
12258 2
18427 3
12260 1
12262 2
4071 0
12265 1
4074 1
12267 0
12268 2
4078 1
4079 0
12272 2
4081 1
12277 0
12278 1
4087 0
4088 0
4090 1
12289 1
4103 2
4106 2
7511 0
12300 2
17069 3
4113 1
12306 2
12313 2
12314 2
12316 2
4126 0
12324 2
12325 0
17073 2
12330 1
18439 2
4142 0
18687 0
8883 0
4151 2
12344 2
11615 1
12351 2
4164 0
3425 2
4169 3
4776 2
7522 2
4176 3
12984 2
3427 2
4180 0
10254 2
12377 2
12380 0
12384 1
4195 1
12388 2
12390 2
4199 0
12392 1
4201 2
4202 1
4203 1
4205 2
12989 2
12402 1
4211 3
12405 2
12406 2
7529 2
4217 3
7530 1
12417 2
4227 2
12423 2
7532 2
12426 0
12427 2
8898 1
4241 0
12436 2
4245 2
4248 0
4249 1
4250 1
4251 2
12444 3
12446 0
4256 2
4262 2
12457 2
12459 1
12462 2
6173 0
12465 1
11599 1
9144 3
4276 2
4277 2
12470 2
8905 2
10394 0
4282 0
14367 1
12477 3
2052 2
12481 0
4291 0
12486 2
12487 0
4298 0
4302 1
13005 1
12496 1
12499 1
4308 2
4309 2
12502 2
7545 1
4312 2
4313 2
12509 2
4318 2
14373 1
4322 1
4323 2
16450 0
4326 0
12521 2
2087 2
4332 2
13010 0
4335 2
4336 0
4337 2
4338 1
4340 0
4341 1
4342 2
12535 2
12536 1
12539 2
4348 2
12541 1
4352 3
15744 2
4354 2
4822 0
17603 3
4359 2
727 2
4364 2
4367 3
4370 1
4374 2
8921 2
12568 2
12569 1
4378 0
4380 2
12573 0
4383 2
13019 2
4389 2
4390 1
4391 2
12584 2
4393 3
4394 1
4397 2
12591 1
12592 2
4402 1
4403 2
12596 2
12599 2
12602 0
12603 3
12609 3
10294 1
12616 0
12617 2
12618 1
12619 1
4428 1
12621 1
12622 1
7565 1
6200 1
4434 1
13027 0
4436 2
7566 2
4438 3
4836 0
4442 2
12635 0
12636 0
12638 2
4449 2
12643 1
4457 2
4458 2
8935 2
2430 2
4462 2
4464 2
12657 2
12660 2
12663 2
12666 0
9969 2
12669 2
4478 2
4480 1
16516 1
4483 0
12676 3
4485 2
12678 1
8940 2
4491 1
12686 2
4495 1
4496 1
4497 0
4498 2
12692 2
4501 0
4503 2
4504 2
10308 0
12698 2
12700 1
12702 2
4511 1
4512 0
12705 2
4514 2
4515 2
4516 0
4517 1
4518 1
12712 3
12713 2
4522 1
10311 2
4524 1
13042 2
4527 1
4528 2
4529 2
17336 2
4532 1
12725 0
4535 3
4536 0
4538 2
12732 1
4542 1
11608 2
12737 1
9153 2
12739 2
13046 0
18155 1
4552 1
12745 2
4557 1
12750 2
4560 0
14433 2
12755 0
4565 1
4566 2
4568 0
4570 1
4571 0
12764 0
12765 2
4574 3
2880 2
12770 1
4579 3
4580 1
4582 2
4583 1
12776 2
8956 2
12780 1
12782 0
4592 0
12786 0
12788 2
4597 0
12790 0
6228 2
12794 3
17151 2
4605 2
4608 0
4609 1
12802 1
4611 2
12805 1
4616 0
12811 2
12813 2
4626 2
4627 3
12820 2
4629 0
4630 0
4632 2
4636 0
10330 3
4642 0
12840 1
2140 0
4650 2
4651 0
4652 3
4653 0
12847 2
4656 1
12849 0
4658 2
4659 2
12852 2
4662 0
4663 0
4665 2
4667 2
4668 2
12861 2
4671 0
4672 2
4673 0
4674 1
4520 0
12868 2
12869 2
12870 1
10337 2
12872 2
12874 1
4683 0
12876 2
4688 1
4689 0
4696 1
8975 2
4700 0
4704 1
4705 1
11707 2
4709 1
13523 1
4711 1
4712 2
12905 3
12906 2
12907 0
4716 3
8978 1
17271 2
14440 0
4722 0
4726 1
12919 1
4728 2
4729 2
14442 1
4734 2
4736 2
11712 2
12930 2
18539 2
4740 0
4741 1
4744 1
4745 1
4748 1
12941 1
4752 1
792 0
12946 1
4755 1
4757 2
8985 0
2159 3
794 2
12958 0
12960 2
12961 2
12963 1
12968 1
4777 1
12971 1
12972 2
4781 1
12980 0
12981 1
4790 1
4792 2
4796 2
4797 2
12990 3
13088 1
12994 1
4807 1
11724 2
4811 3
13004 2
4813 1
4814 2
433 2
4818 0
17187 2
13014 2
13016 2
4900 0
4826 1
4827 1
4830 0
4831 1
4833 3
9981 2
13028 0
4837 2
4838 0
4839 0
4843 2
4844 1
4845 2
4848 1
13041 2
4850 0
13043 2
18558 0
4854 0
17193 2
4856 1
13528 2
14892 1
10998 0
4866 0
13060 0
4870 0
4872 2
4874 2
4878 0
13076 3
13077 2
13078 0
10372 1
13084 2
8619 3
4896 3
4897 2
4898 2
15166 0
9307 2
4901 0
13095 2
13096 2
4905 2
2183 2
13102 1
18167 1
13106 2
13107 0
13110 1
13112 1
13114 2
14894 2
4926 1
13017 1
4929 0
13122 1
7802 0
4935 0
13128 1
13129 2
13133 2
13135 2
3688 1
4948 2
13142 1
825 2
4956 0
4959 0
13153 2
13154 2
9019 1
13160 1
13163 0
4973 0
13168 2
2195 1
13173 2
13174 0
13176 0
4986 2
13181 1
4990 2
18581 2
832 2
4994 1
4997 2
3564 3
13195 0
712 2
5005 3
13198 1
6689 2
2200 1
13204 2
13205 2
13208 2
13209 2
2202 2
5024 2
13220 2
5030 2
5033 3
7667 1
5044 2
3572 1
5051 3
13244 2
13245 2
5054 1
5057 3
9443 2
13256 1
17228 0
5067 2
13266 1
13267 2
13544 2
13271 1
12717 1
5082 2
13275 2
13276 2
5086 1
13282 2
5091 2
14502 1
5095 2
13288 2
13292 0
13293 1
13295 1
13297 0
13300 2
13301 2
5110 1
13303 2
13307 1
9363 1
5122 2
13317 0
13319 0
13320 2
10412 2
5130 1
13324 2
5137 1
5138 0
13332 2
13334 0
13340 2
858 1
13342 2
5152 2
13345 3
5158 0
13351 2
13352 0
17244 0
13358 1
9053 2
13360 2
9054 0
17247 2
5181 0
5185 0
5186 0
5187 0
4961 1
5192 3
5194 2
13387 1
5196 2
5198 2
5201 1
13394 0
13396 0
5205 0
18529 0
17252 2
5211 2
5212 1
5214 2
5217 0
5219 1
13414 2
11793 1
5224 0
5225 3
14001 2
5229 2
5232 3
13427 2
5238 3
9065 2
14527 3
5244 0
5246 0
13439 1
5903 2
13442 2
17260 2
5258 1
2630 1
13165 1
13457 0
13460 0
9070 2
15897 0
13464 3
13466 1
879 2
5276 2
5279 1
13474 0
7707 2
5284 0
6177 1
5291 0
5292 2
13485 2
5294 2
5297 0
5301 0
13494 3
18633 0
5306 1
5307 0
6691 1
14929 1
13503 2
13504 2
5313 2
5314 1
5318 0
887 2
5326 0
13519 2
13520 2
11811 2
18638 0
13526 1
5336 1
5337 1
5340 2
890 1
5345 2
9998 0
13542 0
5352 1
17276 0
11815 1
5357 1
13551 2
12715 2
13182 0
5367 2
2260 2
13545 3
5373 1
5374 1
5375 2
13568 3
9088 3
5380 1
12173 0
1543 1
13578 2
13583 2
13586 0
13587 2
13588 2
13593 1
13594 3
18567 3
5405 2
5407 1
13600 1
5410 2
13604 0
13605 2
13607 2
5419 2
13612 2
5422 2
13615 1
13618 1
13621 2
5430 0
13193 2
13625 0
13627 2
5436 3
5437 2
5441 2
13634 2
5443 2
5444 2
13638 2
13640 1
6370 2
13646 1
5457 2
5459 3
5463 1
13656 1
1273 2
5471 0
13664 0
15803 0
5476 0
10470 2
10548 1
13672 2
5481 0
13674 0
5483 1
13676 0
5486 2
5490 1
5491 2
13685 1
13687 2
5496 2
5497 2
5498 2
5503 1
5504 0
2283 2
13705 0
13707 2
13708 3
13710 2
10477 2
13713 2
11095 2
13720 2
13723 2
6384 0
9115 1
13732 2
13735 2
5545 1
3655 1
5548 2
13741 2
13744 1
5553 2
5556 1
11369 2
5562 1
5564 1
13757 0
13758 0
5567 2
11851 1
5576 1
5579 2
5580 1
5581 2
5583 2
13779 1
13780 1
13782 2
13784 1
10279 2
5594 2
13787 2
10490 1
5603 0
13796 0
5606 0
5609 2
5611 1
5612 2
15954 1
10493 0
13808 2
17321 2
5626 3
5627 1
5628 1
13822 1
7765 2
13827 0
5636 0
5637 1
5638 0
5639 2
3461 0
5642 0
5650 0
5651 0
5654 2
15961 1
5657 1
5659 0
5666 0
5670 1
13865 2
13866 0
13867 2
5676 1
13872 1
9139 2
5684 3
5685 2
5686 2
13879 2
5691 2
13884 2
2099 2
5698 2
13900 0
7778 0
5713 2
5714 0
13912 1
62 2
13915 3
13918 1
13922 1
5732 0
13927 1
13928 1
13929 1
7556 0
13934 3
5743 1
7002 2
13941 0
18708 2
5754 2
5758 2
5761 1
13954 1
5763 2
13959 1
12730 1
5770 0
5771 1
13965 0
5776 2
5777 2
964 3
13978 2
5787 0
13982 0
5791 1
18715 3
5800 1
13993 2
5802 0
5804 1
13997 0
5806 0
18717 2
5809 2
5810 0
5811 2
5812 0
5814 2
14007 1
7796 3
5819 1
14012 1
5821 2
5823 2
5824 2
13259 2
5830 2
17356 2
14028 1
14029 2
14030 2
5839 2
5843 2
14036 1
14038 2
5850 2
5851 3
14044 0
14045 0
16733 2
17132 1
5857 1
5860 2
14053 2
14063 1
5873 1
14066 3
5875 2
5879 2
5881 2
5882 1
7807 2
5886 2
14084 1
5894 0
5895 2
14090 2
7810 1
14095 2
5907 2
14100 0
5909 3
14103 1
14107 0
16291 2
5921 1
5925 2
2353 1
14121 3
14122 3
14123 1
14124 0
5935 0
14128 2
14133 2
5943 0
14137 2
14138 1
14139 1
5948 2
5108 1
14144 2
10291 1
14147 2
14151 2
1835 1
14156 1
12763 2
14166 2
5982 2
17381 2
5984 1
14177 2
14180 1
5989 2
5992 1
9474 1
14189 0
14190 2
14199 1
1291 0
14201 0
14202 3
6011 2
6012 0
6013 2
6018 1
14212 2
6021 2
6022 2
6023 1
14216 2
14217 2
14218 0
14658 1
6030 3
3271 2
10563 2
8769 1
14234 0
6045 1
14238 1
14244 2
6053 1
6054 2
9201 0
6057 2
14251 0
14252 0
14254 2
6064 2
6065 2
7567 2
6071 2
6073 2
14266 0
9828 1
14270 0
14273 1
14274 2
7022 3
14278 2
14280 0
13569 2
14285 0
6094 2
14287 1
6097 3
6102 2
1567 2
8333 2
2383 1
6108 2
17402 1
6110 0
6115 3
14309 0
6119 1
14312 2
6122 2
14317 0
6128 2
6129 2
14322 2
14323 2
6132 2
10580 0
14330 0
6139 0
6140 2
14335 2
9217 2
6154 2
14347 2
6156 0
14349 1
6159 2
14352 2
14355 2
6164 2
14357 2
14360 1
1028 1
14364 1
14365 3
3206 2
6175 1
6176 1
14369 2
6179 0
6180 3
6181 0
14376 2
6185 2
6187 2
6188 2
14382 2
206 3
14385 1
14386 2
6196 2
14392 2
6203 2
6206 2
6207 2
6213 2
2278 2
14410 2
6222 0
14420 2
6231 2
14430 3
14431 1
6241 1
13329 2
6248 2
6250 2
6251 2
14447 0
6265 3
14458 2
7871 0
6269 1
6270 2
14463 1
6274 3
6279 2
6282 2
14476 0
6286 3
7875 1
14488 3
14489 1
14496 0
17957 0
6306 1
1051 1
14501 0
6310 1
14504 2
14512 1
6322 3
6324 1
6330 2
6331 2
6332 2
14526 0
10613 1
6340 2
14533 2
1057 0
6346 2
6349 2
14542 2
14546 0
16409 0
2121 0
6359 2
6360 3
6363 2
14560 1
6369 1
14562 1
8941 2
14564 0
14565 1
6379 1
6380 0
12494 2
6383 1
14576 0
6385 2
6386 1
6387 2
16191 1
6393 2
14586 2
6399 0
14595 1
6408 0
14603 2
14604 2
14605 0
13023 2
6418 0
14611 1
6421 1
6424 0
2436 0
17455 0
6428 1
14625 2
14626 1
6436 1
14631 2
6442 1
6443 2
6446 2
303 2
6448 1
14945 1
6456 1
14649 2
14651 2
215 1
6465 0
6466 2
14662 2
14663 2
14666 2
16098 0
6479 0
6480 2
9763 1
17761 0
6488 2
14681 2
14682 2
14690 2
13037 1
12006 0
6502 2
6504 2
6506 2
6511 3
14704 0
7912 0
6514 1
6516 3
6520 0
6522 2
6523 2
14724 2
2455 2
5008 0
14736 2
11773 2
14742 2
14743 2
14750 2
14751 2
14753 2
14755 1
9493 1
14758 1
14761 1
6575 2
14768 0
10039 2
14777 2
14778 2
6588 1
6593 2
14786 0
14787 0
14789 2
14791 2
6600 0
14793 1
14796 2
6608 2
14804 2
14805 2
14809 2
6619 2
6621 2
2469 0
14821 2
6631 2
6632 2
6634 0
14829 2
14830 2
14832 0
6641 0
14834 1
6646 1
6647 2
6648 2
14842 2
6653 1
14848 1
14849 2
14852 1
6662 2
14858 2
6668 0
14867 0
6679 2
14877 2
14878 2
6687 2
6576 2
6690 1
17499 2
6692 2
14886 1
14887 0
6697 2
6699 1
6700 0
6701 1
6702 1
6703 1
6704 1
6706 1
14899 1
6708 1
6709 0
6710 1
14903 2
6712 2
14905 2
6714 0
14908 1
6719 1
14912 0
14913 2
14914 2
6723 1
14916 0
6725 0
14918 3
14920 0
14921 1
6730 1
14924 1
6737 1
1123 0
6741 0
14934 2
14935 2
6744 1
4682 2
6747 2
6748 2
14941 1
17509 2
6753 0
14949 0
14952 1
6761 0
6762 1
14955 2
10318 1
5408 1
16147 3
14966 0
6775 0
6776 2
14971 0
14972 2
4863 1
6787 0
6788 1
14983 2
14984 0
6794 2
6795 2
14988 1
14989 0
2882 2
6801 1
6803 1
14996 2
6806 0
15000 0
6809 0
15004 2
6815 0
6816 1
6817 1
15011 0
2503 0
6830 2
17085 0
15026 1
6839 3
15034 2
6843 2
6844 0
6845 0
15038 2
15039 2
15042 2
15043 2
6852 0
6853 0
6858 2
6860 1
6862 3
15055 2
6869 1
6871 0
15064 0
6874 1
15067 2
6876 2
6877 0
6879 2
15072 0
6881 2
6886 2
15079 3
15080 2
18078 2
6892 2
15085 2
6894 0
6896 1
6898 1
1150 2
6902 0
15095 1
15096 3
15098 2
6907 2
6908 2
15102 1
6911 1
15109 1
15110 1
15111 3
6920 2
6922 1
15116 2
1154 2
15119 0
6930 1
15123 1
15124 3
6933 3
6937 0
3887 2
15132 1
10714 1
15134 1
15135 2
15136 1
15137 3
6946 2
14811 2
15140 0
15142 0
15143 2
15145 0
7025 2
15148 2
6957 1
5720 2
2525 1
6961 1
15155 0
2783 3
6965 2
6967 2
15160 1
15162 1
14815 2
4051 1
15167 2
6976 2
15169 3
15171 1
15172 2
15174 2
6984 1
1164 1
6986 2
15181 1
15182 0
15184 0
6993 2
6994 1
6996 2
1166 2
6999 0
7001 0
15194 2
7004 2
15197 2
7006 2
7008 2
15202 2
10726 2
7015 2
7016 2
7017 1
7018 1
7020 2
9781 1
15214 1
7023 1
7024 2
15217 2
14013 1
15221 0
7031 1
8963 2
15225 1
15227 3
15228 0
15230 2
15232 1
15233 2
7044 3
1174 2
15240 0
7050 1
7052 1
15245 2
7054 1
7055 1
15250 3
15251 3
15254 3
9369 3
7064 2
15258 1
7069 0
16197 0
15264 2
7074 2
7076 1
15270 0
7079 3
7082 0
7085 0
15278 3
15279 2
7088 0
15283 0
15284 1
15288 3
15289 3
9382 1
920 2
15292 1
7103 2
15296 2
7105 1
15303 2
15304 2
7114 2
7116 1
7118 1
7120 2
15316 1
8014 2
15318 2
2553 1
7130 0
13477 2
7137 0
7139 0
15333 2
5736 2
7143 0
15344 3
6512 0
7155 2
2558 1
15350 0
7162 0
12159 0
7164 2
7166 3
15363 2
15364 2
7176 1
5285 2
7181 0
15375 1
15376 3
2563 2
7188 2
7189 2
15383 2
7194 2
10757 2
7205 1
7212 2
7214 2
7216 2
7218 3
15411 0
7221 0
7222 0
15417 2
7226 0
7228 1
7229 0
12243 2
9397 2
13092 1
7235 2
15428 2
1206 2
7238 2
15431 2
15433 1
15442 0
4333 2
15444 2
15445 2
15448 2
17594 1
7264 2
15457 2
1211 3
10335 2
10770 1
15471 1
15472 2
7282 2
15478 2
15480 1
8426 2
15484 1
16234 2
15486 2
15488 3
7298 0
15491 1
7300 2
2582 2
15497 0
7306 2
15499 2
15500 2
15503 2
15505 0
15506 1
1219 0
15508 0
15509 1
15510 2
15511 0
15514 0
15517 1
15518 0
15520 0
15522 1
15525 2
15528 0
15537 0
15539 0
7349 2
15543 1
15549 1
15551 3
7363 0
7365 0
15559 3
15561 1
15562 0
15563 0
7372 2
15565 1
7374 3
15569 0
15570 0
7379 2
15573 0
15574 0
7386 1
15580 2
15581 1
15582 0
15585 1
15590 1
15594 3
6695 3
7405 2
7407 2
15602 2
15603 1
7415 2
17620 0
15610 0
15611 3
8976 2
247 2
15616 0
15617 2
2604 0
15627 1
15633 0
15634 0
15635 1
10798 0
15638 2
7447 2
7448 2
15641 0
7450 2
7452 2
7453 1
8069 2
2608 1
7460 2
15653 0
15654 2
15655 2
15656 0
13532 0
15658 2
15661 1
7474 2
7475 0
14979 3
15669 1
15670 3
15671 0
7481 1
15675 2
15676 0
15677 1
7489 2
14902 2
7495 0
10807 0
17634 1
15695 0
14904 2
1251 1
15701 0
7510 0
10809 1
15706 1
12175 2
15708 2
6797 2
15714 1
15717 0
15718 0
15721 2
15722 2
15724 0
7533 0
15726 1
7535 0
15728 1
17640 1
15734 2
1257 0
15737 0
15738 2
15741 1
3989 2
7552 2
15746 0
7555 0
15748 2
7557 2
7559 2
7561 2
15754 0
15757 2
15758 2
15759 3
7568 2
15761 2
2627 2
6724 2
8805 2
7580 2
15776 2
15777 2
7589 0
9457 2
7592 2
7593 2
7594 3
15788 1
17650 1
15793 0
7603 2
8343 1
15798 1
2633 2
7611 1
7612 1
2634 2
15807 2
8096 2
7618 0
15812 2
15814 1
15815 1
15816 2
15817 2
15818 2
7627 0
15824 2
15826 3
15827 3
15829 0
15830 3
7639 2
15834 1
15837 0
15840 1
7649 2
15842 0
7651 2
15845 2
15847 1
8711 0
15850 2
15852 2
15853 1
13565 2
15857 0
15859 1
8105 2
15866 1
15867 2
801 2
15871 1
15878 2
17665 2
7691 1
7693 2
7695 2
15894 1
13572 2
15898 2
15899 1
15900 2
7709 3
15903 2
7715 0
15908 1
7717 3
7720 0
5167 1
9479 2
2653 3
7728 2
7732 1
14715 2
18534 2
7743 2
7746 2
7747 2
7748 2
7751 2
7752 1
9484 1
7758 1
7759 1
7762 1
14127 2
15957 0
15958 3
15959 1
10852 2
15962 0
15963 2
15970 3
7783 0
7784 0
10352 1
7789 2
15982 2
6760 0
7795 0
15988 1
15992 0
17684 2
15994 2
15995 2
15999 1
16000 2
16002 2
16003 2
16006 1
7816 0
17687 1
7820 2
16014 2
7823 2
16021 0
5401 2
7838 2
16032 1
11445 1
16034 2
7843 1
16037 1
16039 2
16041 1
16043 2
2674 0
16049 1
16050 3
7862 2
16056 1
16057 1
16058 0
18811 1
16060 2
16061 1
1353 0
16063 1
16064 2
7873 1
16066 1
16067 2
16068 2
16071 0
16072 0
16073 1
7882 1
16075 1
16076 2
13602 2
16081 2
7890 2
7891 2
7894 2
7895 1
7897 2
7898 0
16091 2
7902 0
7906 2
7911 2
16104 0
7913 1
7921 3
16114 2
16115 2
16116 1
16117 2
7927 1
16120 1
16121 1
16122 1
16123 1
16125 2
7934 2
7935 2
7936 2
16129 1
16132 0
16134 0
16136 1
7945 2
16138 2
7947 2
16143 2
7955 2
7956 2
17710 2
7961 2
7963 2
4058 2
16160 0
7970 1
12251 2
7972 2
7973 0
7975 2
7976 0
8156 1
16172 2
12253 0
16176 0
7986 2
9523 0
16186 2
12255 1
9268 1
8000 0
8001 1
8002 2
8004 2
13622 2
8009 2
16206 0
16207 0
8018 3
8020 2
16215 1
16218 2
10895 1
16220 2
8029 3
16224 2
9531 2
8166 2
14993 0
8042 0
16238 3
16240 1
8054 2
16248 2
16362 2
16254 2
16255 0
8064 1
3269 3
8067 1
16261 1
16263 2
16265 1
16266 2
16269 2
16271 2
8082 0
16278 2
16279 0
8090 2
16909 1
16288 1
16289 1
17182 1
10907 1
16292 0
8101 1
16294 3
16297 0
16300 3
16301 1
16305 0
16307 0
17737 2
16312 2
8121 0
16314 0
16317 0
16318 0
816 0
16325 0
15009 2
15001 1
12279 2
8140 1
8142 3
5453 2
16337 2
8149 2
16343 1
16344 2
2724 1
16348 2
16349 1
8159 3
16352 0
8162 0
16356 0
16358 2
8167 0
8168 2
16361 2
8170 2
16365 1
9555 1
16372 1
16375 0
16376 2
16379 2
16380 0
17185 0
8190 2
