8192 2
16386 2
16388 2
8198 2
16393 2
16394 1
8203 0
16396 1
16397 1
5464 2
16402 1
546 1
16404 3
16405 2
16406 0
16407 0
16411 1
16412 0
8221 0
16414 2
16415 2
8227 2
16422 2
16423 0
8232 0
8233 1
16430 2
8240 0
16433 2
16436 1
8250 1
17759 1
16445 2
62 2
66 1
16452 1
8261 2
16454 3
9569 2
16456 2
73 2
74 0
8268 2
16461 2
16464 1
8276 1
89 1
90 1
91 1
12551 2
16481 1
16482 0
16484 1
8293 1
102 1
8295 2
17767 1
108 2
16494 0
8303 2
115 1
116 3
10942 0
122 3
16509 1
16511 0
16515 2
132 2
16517 1
8326 2
16519 0
8330 2
8331 2
6850 1
144 2
147 0
151 1
8345 3
156 0
157 0
16542 0
8351 1
16544 3
16545 2
162 2
8356 3
16095 1
16552 2
8361 2
173 2
175 3
177 1
16562 2
17779 2
9588 2
190 3
8383 2
196 0
16581 1
198 0
16583 2
8392 2
201 1
202 2
16589 3
206 3
208 2
8402 2
35 0
8407 2
8408 2
218 3
8413 2
8415 1
8417 3
8418 2
16612 1
16614 0
16615 0
8424 2
5948 2
16618 2
235 3
236 0
8430 2
17789 1
240 1
8434 0
8435 3
8437 3
8441 2
250 1
12330 1
8447 0
16640 1
8452 0
16646 1
8455 0
16650 0
8460 2
8462 0
271 2
16657 1
16658 0
8238 0
279 0
17740 3
8473 2
8474 3
284 1
8483 0
8485 2
8486 2
8241 2
8488 2
297 2
16683 2
16686 1
16687 1
8496 2
8497 1
16691 2
309 0
310 2
312 1
16697 2
8507 2
16701 2
8510 2
319 2
16705 1
16706 1
323 0
324 1
16709 1
16710 3
16713 0
8524 2
8525 2
16718 1
16719 2
16723 3
8539 1
16732 1
349 1
16734 1
10981 0
354 2
6886 2
16742 1
359 3
360 2
16745 0
362 1
6887 1
366 2
367 0
16752 2
8562 1
371 0
8564 2
16758 3
16759 1
16765 2
387 0
388 1
8581 0
16775 1
394 2
16450 0
8591 3
16784 2
5528 0
8594 1
16789 3
8599 0
8601 2
8602 1
15087 2
8604 2
8609 2
8611 2
420 1
421 0
16807 1
16808 1
8619 3
8621 0
16814 2
433 2
16818 0
8627 0
438 0
8632 2
16825 1
442 1
443 0
444 2
16458 2
446 2
16833 2
8644 2
16837 1
454 2
455 1
16841 2
16843 3
461 2
8655 2
16851 2
16852 1
16854 2
8665 2
16860 0
12291 3
16865 0
8675 2
9638 3
16871 0
8684 1
496 2
499 3
6910 2
504 3
16468 2
16891 3
511 2
16902 2
524 2
8718 2
529 2
533 0
535 0
8730 2
8732 1
13657 0
543 2
8737 2
16930 2
8739 3
16932 3
10994 1
8744 2
553 1
8746 2
559 0
563 2
8756 2
8758 2
16951 2
8763 0
6922 1
16959 2
577 1
16962 2
16963 0
2455 2
583 1
8776 1
585 2
8780 1
8781 3
592 1
594 0
595 1
16980 2
8791 2
18662 2
601 1
13659 1
8796 0
16989 1
16991 3
609 2
16994 2
611 1
16997 2
8806 0
8807 2
8809 0
17002 1
8811 1
620 3
15122 2
8814 2
8815 2
4200 3
627 1
17012 3
629 1
6022 2
632 0
8825 1
13759 0
21 0
17022 0
641 0
8834 2
17028 0
17030 1
17031 2
8841 2
651 0
17036 2
654 0
8848 0
657 3
17042 2
8855 1
17049 1
667 2
17052 2
8863 3
8864 2
17057 0
674 0
679 0
15132 1
17066 2
17067 1
17068 3
8877 1
4660 2
17074 1
17076 1
17077 3
17078 2
9673 1
8888 3
17083 1
704 0
705 0
17093 1
8902 2
8903 0
712 2
13772 2
8906 2
17099 2
15138 0
8910 2
5581 2
8912 3
723 2
8916 2
725 1
17111 2
8921 2
730 2
8923 2
17117 1
8927 3
8929 2
738 2
17124 0
741 2
742 0
8935 2
744 2
8938 2
17131 1
749 0
8943 1
752 3
17140 0
757 2
759 3
760 1
8953 1
762 1
763 0
8956 2
8843 2
8959 0
8963 2
5590 3
774 1
17162 0
780 2
17168 2
8978 1
787 2
17173 1
790 2
17175 3
17177 0
17178 2
795 2
8989 1
8990 2
8991 2
8992 3
8993 0
803 2
17188 2
8999 0
808 2
17193 2
810 0
17199 2
9008 0
17203 2
17205 1
9014 3
825 2
17210 2
9019 1
16522 1
9022 3
17215 0
832 2
9026 2
139 3
17220 1
17224 3
17227 1
844 2
9038 2
17231 0
17233 2
17235 0
852 2
17237 2
17239 1
856 0
17244 0
861 2
862 0
9055 0
17251 1
17252 2
869 0
17256 2
9065 2
874 3
876 3
17262 0
17263 0
17264 0
9704 3
9075 2
884 1
17269 1
9079 1
888 2
889 0
890 1
17275 0
17276 0
894 2
9087 3
9088 3
17283 0
9092 0
9093 1
9094 0
903 0
17288 1
17290 2
17292 1
910 1
9103 2
17296 3
17297 0
9106 0
17300 1
9109 3
9112 2
15172 2
17307 2
17308 2
17310 1
928 1
17313 2
932 3
933 1
9129 2
938 1
11079 2
9134 0
8349 2
9136 2
9137 2
17331 1
952 1
953 2
17338 1
17340 0
17344 0
961 1
9155 2
9158 3
8353 1
969 1
970 0
15308 1
17358 1
6989 1
17360 2
983 0
17368 1
16548 0
9178 1
9184 2
9186 2
17381 2
15186 1
17391 0
9200 0
9201 0
1010 1
17395 2
17396 2
1013 2
17399 2
9209 1
9212 1
1021 0
9216 0
17409 1
1027 0
1028 1
9223 1
17417 1
9226 3
11095 2
17922 0
9230 0
9231 2
11096 2
17430 2
17431 3
1048 3
1050 1
17435 3
9245 2
17438 2
13829 0
1056 0
17442 3
17926 0
1063 2
1065 2
17450 1
17453 1
17457 0
9267 0
9269 2
9270 2
1079 2
1081 0
9274 2
1085 0
9279 2
3855 0
9282 3
17476 0
1094 3
9287 0
17480 2
1098 2
17488 2
17491 2
9300 1
9301 0
17494 2
185 2
9304 2
9307 2
9308 1
9310 0
11109 2
9312 2
17506 2
17509 2
9318 0
9319 2
17512 1
17516 2
1133 2
1134 0
17519 2
1137 0
17529 1
17530 1
17532 2
17533 3
9343 2
17536 2
1154 2
17539 3
17541 1
17542 1
9352 1
9353 0
17546 2
9357 1
17551 2
17552 1
1169 0
1173 2
1175 2
17561 2
1178 0
9555 1
1562 0
17568 0
9378 2
9379 1
2681 0
17575 1
1192 2
9385 3
9386 2
17579 3
17581 1
9390 1
1199 0
200 0
9397 2
9398 1
9400 0
17593 2
9402 2
1213 1
15221 0
1217 2
1218 2
9411 2
1221 2
17607 2
9416 1
1225 2
17610 2
17612 2
9421 2
17616 0
9427 2
9428 2
4302 1
1240 0
7952 0
1248 0
1251 1
1252 1
17637 0
17639 1
17640 1
17642 1
9451 0
9453 3
17647 2
17650 1
1267 3
9461 2
9462 2
1273 2
1275 0
17660 2
1277 1
17662 2
17663 1
7040 0
17666 2
1284 1
9477 2
1287 1
17673 2
17674 2
1293 3
9486 3
12504 0
1298 2
9492 2
17687 1
17689 2
17691 2
17692 3
17693 3
9503 2
1313 3
17702 2
1321 2
1322 2
1323 0
9778 0
17710 2
17712 1
1331 1
2772 2
12510 1
17719 1
1338 1
17723 1
9532 3
17726 2
17727 1
9536 0
1349 0
17735 2
17737 2
17739 1
1356 3
1358 2
15245 2
9784 2
1362 0
1363 2
9556 2
9785 2
17752 1
9563 0
17756 0
17757 1
1375 2
1377 2
1595 2
1380 0
1381 2
1383 2
4956 0
1385 3
1387 1
9580 1
9583 2
2963 3
1396 2
9590 2
9592 1
17785 0
17787 3
9597 2
4210 3
1407 2
1408 0
9601 2
9603 1
9604 2
17797 3
9606 1
1416 3
16620 3
9610 2
15255 0
1420 0
1425 2
9618 0
1436 1
17989 1
1440 2
1444 2
9637 1
17830 3
9639 2
17836 0
9646 1
7959 2
17842 2
16627 0
1461 2
9656 1
17849 2
17851 1
1468 2
1469 2
1470 2
9663 2
1473 1
9669 2
1481 0
1482 1
9676 2
9678 3
9679 1
9680 0
9684 1
17882 0
9691 3
9692 2
17885 0
9694 0
17887 2
12539 2
11174 0
9702 2
17895 0
17896 1
17900 2
1521 3
17910 0
9722 2
17919 0
1538 2
1542 2
5719 1
17934 2
1551 2
17936 0
9745 0
17944 1
1561 2
9754 2
7087 1
17948 2
9764 0
9765 0
17959 2
9768 2
17961 0
9770 1
17963 1
17964 0
17966 1
9775 0
9777 0
1586 2
17971 2
17973 2
9782 2
1592 3
17977 2
17979 2
1596 2
9792 2
17985 2
1602 3
1605 0
1608 1
9801 2
17995 2
1613 2
1614 1
17999 0
18000 0
9810 2
9812 0
1622 2
9815 2
9816 2
9817 2
9820 0
18014 3
1633 0
9828 1
9829 2
9830 2
1639 2
1640 2
9833 2
9834 3
1644 1
9838 1
18032 0
18033 0
1652 2
9845 1
1656 3
9593 2
1659 0
1661 1
1662 2
1664 1
9857 0
1666 2
1667 1
9862 1
1671 1
18056 0
18057 2
1674 2
9868 1
18062 2
9873 2
18067 0
8740 2
1686 2
18076 0
1693 2
1694 2
9887 3
6876 2
1702 2
1703 1
18088 2
9899 1
9901 2
1711 2
18096 2
9906 2
9911 2
1720 0
1721 2
18110 1
1653 2
9886 0
1729 1
9922 1
9925 2
9928 1
9929 2
8514 1
18126 0
1747 0
18132 1
18133 2
1750 1
5753 0
9944 0
9946 2
1755 1
18141 0
1759 2
18147 1
1764 2
18149 1
18150 2
9960 0
18154 1
16679 1
1773 1
18158 0
16680 1
1779 0
9854 1
18166 0
18167 1
1786 1
1788 2
1790 2
9995 2
1804 1
9998 0
9999 2
10000 0
10001 0
10004 2
18197 0
15321 1
18201 1
18203 2
1820 3
1823 2
18209 0
1826 2
1827 2
1828 2
18214 2
10024 0
10026 2
1836 1
10032 1
1841 2
10035 2
10036 2
10038 2
9865 3
18232 2
18233 2
1852 1
10045 1
8501 0
1858 1
18243 0
18244 0
18246 2
18247 2
10056 2
18249 3
10065 3
10428 0
10071 1
18264 1
1888 2
10082 3
16699 0
18278 1
18279 1
1897 3
18282 1
18284 1
18286 2
10095 2
1904 2
1700 2
18293 0
10102 0
1913 2
9611 2
18301 2
1918 2
1920 2
1921 2
1922 1
1923 2
1924 2
9878 3
18310 3
10119 1
18312 1
1933 2
10126 3
18319 0
18320 0
1939 1
18324 2
18331 1
1949 2
10142 2
10143 1
18337 0
18340 2
10149 1
18344 2
10154 0
10155 2
10156 1
18349 1
1966 0
18353 0
1973 0
1976 1
1979 1
18366 2
10175 0
1992 2
332 2
18379 1
10189 1
18383 2
2002 0
5687 2
18390 0
18084 0
2010 1
10207 2
2016 0
10209 0
18404 2
10213 2
2025 1
2027 0
10220 0
12626 2
10222 2
2032 0
9896 2
18420 2
15358 2
2038 0
18426 1
2043 1
18434 3
18436 2
12630 2
2054 3
18443 2
2061 3
10254 2
16926 2
18452 2
2073 2
2075 0
10270 3
10276 2
18470 1
10279 2
10281 2
10282 2
2091 2
10285 1
10286 1
10287 2
2098 2
10291 1
10292 3
6071 2
10294 1
3081 2
10296 1
10298 2
10299 2
10302 0
4448 1
10306 1
2116 2
10310 1
10311 2
18505 2
10314 0
10316 2
10317 1
18511 3
2128 1
2129 1
2130 1
10324 1
10325 1
10327 1
18520 1
2137 2
2138 2
18524 1
10333 1
10335 2
2145 2
10340 3
2149 2
18534 2
10345 2
18539 2
10351 2
2161 0
2163 1
10357 1
4457 2
10365 2
10366 2
10367 1
2176 2
18564 0
618 1
16985 1
18567 3
2185 2
18572 0
18579 2
18581 2
10391 1
10392 2
2201 2
18586 2
16751 1
6620 2
15386 2
2207 1
10401 2
18594 2
18597 3
10406 0
10407 2
18601 0
18603 0
18604 2
10413 0
2222 2
2223 2
10420 2
10421 2
10422 2
18615 1
10426 1
2236 2
10429 2
2238 2
10434 2
18628 2
2245 1
18632 2
4712 2
2251 2
18636 2
2254 2
18640 1
10449 2
18642 2
2259 1
18647 2
2264 2
18649 0
2266 0
2268 2
2269 0
10464 1
10466 0
10467 2
2276 0
2278 2
18664 0
10476 3
2285 2
10478 2
18675 0
7209 2
10488 2
2297 2
622 0
2303 0
2305 0
10498 2
4714 1
10502 2
10505 2
10507 2
18701 2
10510 0
18704 1
18706 2
18707 1
2324 2
10517 1
18710 2
2327 1
2329 2
10522 1
10523 2
2333 2
10527 3
18725 1
2342 2
18727 3
18734 2
2353 1
2362 2
18143 1
18748 2
7221 0
2368 1
2371 2
10564 2
2374 3
10567 1
10568 1
2377 0
10573 1
18766 2
2383 1
10576 2
2385 2
18771 2
2388 2
18773 3
10583 2
10589 2
2398 1
10591 2
10592 2
15419 2
18788 1
18790 0
8593 0
18792 2
10604 3
16786 1
10606 1
10607 1
10609 0
2419 3
10613 1
18807 2
5809 2
2426 1
10619 0
18812 2
18819 0
10629 3
10631 2
2443 0
18828 1
18830 0
10641 1
18835 0
2452 2
2453 0
18839 2
10650 2
10993 3
18844 1
410 2
18847 3
10659 3
18852 0
18853 2
2470 2
1446 2
10664 1
2475 1
18861 2
12701 3
10672 2
17268 1
2490 2
4511 1
10686 0
10689 3
2498 2
10692 1
2503 0
10698 2
10701 2
10702 2
15437 1
10706 1
15438 0
10710 2
10711 2
2521 3
10714 1
2524 1
2525 1
11268 2
2527 1
2528 0
10722 2
2531 1
2532 0
2535 2
2536 0
4519 0
2542 1
2543 0
12712 3
10738 2
10741 1
2551 0
2553 1
10755 0
10756 3
358 1
2566 3
10761 0
2578 1
2580 2
10773 1
11353 1
10778 0
2587 1
10780 0
10781 2
10783 3
10784 0
2593 2
2594 2
12907 0
10788 1
10790 0
8625 2
2600 2
10793 0
2602 3
2606 3
2006 1
10802 0
2615 2
10809 1
10810 1
10813 0
10814 1
2625 0
2626 0
2627 2
10820 3
10822 1
2631 1
10824 0
2633 2
2637 0
10831 2
2640 2
2641 1
10837 2
10839 0
10840 2
18191 2
10844 1
12730 1
2654 2
10849 0
10851 1
10852 2
10853 2
2663 1
4540 1
10860 1
10861 2
2671 0
2674 0
10868 0
10871 2
10873 0
2753 2
10881 2
10884 0
10893 1
2702 2
10895 1
10897 3
2706 2
10900 1
10901 2
10904 3
16836 1
10906 2
10907 1
10913 3
2725 2
16839 0
2546 2
2738 3
2739 2
10935 0
2744 0
18207 2
2749 3
2750 1
2751 0
10945 2
2754 2
2755 0
2757 0
2758 2
10953 0
18641 2
2764 3
2765 2
291 1
2769 0
10964 0
18212 1
10973 2
2783 3
12095 0
2789 0
10982 0
2791 2
2792 2
2794 3
10991 1
16460 2
2801 2
8802 1
8659 0
16733 2
11000 1
11002 3
18218 2
7296 0
11010 3
11012 2
11014 3
11015 2
11016 0
2825 2
2826 2
18098 2
2844 0
2845 1
2846 2
3205 1
17280 1
2851 1
11045 2
2854 1
18225 2
2859 1
11053 2
2862 2
11056 0
4187 3
11059 0
11062 0
11063 0
11065 2
2874 0
15498 0
2878 3
2879 2
2880 2
2882 2
2884 0
11078 2
481 1
11080 2
11081 1
11082 2
2894 3
1848 3
11090 0
2899 2
11092 3
14137 2
2904 1
11097 1
2909 1
485 2
11107 1
2916 3
2917 0
2919 0
18236 3
17828 3
2925 2
4585 1
2936 0
11129 2
2938 2
2939 2
11132 2
11133 0
2942 2
11135 0
2944 2
11137 2
11139 1
11142 1
11144 1
2953 2
16550 1
11149 0
11152 2
11155 0
2968 2
7322 0
2975 1
2979 2
14150 1
2982 3
11175 1
2985 2
10055 2
2991 2
2992 2
2995 2
3000 2
3001 2
7327 0
11202 0
3011 2
3013 1
3016 1
11209 2
11214 2
11215 1
11220 1
3030 1
3031 1
3032 2
11428 3
3034 2
3035 3
3040 2
11236 1
11239 2
3048 3
3049 2
3053 2
3057 0
3058 1
3059 0
11254 2
11259 2
3074 1
11435 2
3076 2
3079 2
11273 3
3082 2
3086 0
3102 2
3104 0
3105 1
11299 1
11833 1
3110 2
6923 0
3119 2
4617 2
3128 3
11324 1
18297 0
11327 2
11328 2
11330 1
11334 2
11335 2
11336 2
3145 3
923 1
11343 2
18275 1
11349 0
11350 1
5988 0
11354 2
3165 1
18079 2
3171 2
10087 3
3182 3
11379 3
3191 2
16746 1
11393 2
11397 2
3380 1
11402 0
8727 0
3215 2
3216 2
11411 2
11414 1
11417 2
18287 1
538 0
3231 1
11425 2
11426 3
3236 0
3237 1
11430 0
3239 0
12828 0
11434 2
11463 1
3245 1
11438 2
11439 0
11441 3
3251 0
3252 3
3253 1
3255 1
3256 3
11452 2
3261 1
3263 2
11457 2
3268 2
3271 2
11465 3
11467 1
11469 2
3278 3
3279 2
11473 1
547 1
3287 2
3288 2
548 1
11484 1
11487 0
3296 0
1630 1
3310 2
3314 3
11508 2
3320 2
11513 3
11514 2
11515 0
3324 2
4650 2
11518 2
15932 0
11522 2
12844 3
18306 2
3342 1
11536 1
3345 2
3353 1
11546 0
3359 3
3361 0
11554 1
3365 2
11562 1
12850 2
3374 1
3375 2
11572 1
3381 1
3383 1
564 1
3387 1
3389 2
3393 1
11586 0
3395 1
3396 0
11590 0
3399 0
3400 0
11593 3
3406 1
10125 1
1934 0
3420 2
11613 1
3422 1
3424 3
11619 1
3428 1
3429 2
3431 1
3432 1
11626 0
3435 3
3444 2
14572 0
3447 2
11640 2
11641 2
3451 1
3457 0
3458 3
3459 0
11658 0
11659 2
12866 2
11663 0
11664 1
3473 0
8771 3
3476 2
11672 2
11674 0
7407 2
11677 2
11678 0
16965 0
3489 3
8775 0
3500 2
3502 2
3503 2
3504 2
3506 0
3508 0
3509 2
16969 1
11704 2
3515 1
3520 2
3521 2
11716 1
16972 1
11724 2
11512 2
9665 2
3539 0
11738 1
11740 1
16976 1
11746 2
3557 2
11752 0
3568 0
13485 2
3572 1
3573 0
3574 2
3576 0
11771 1
11773 2
3585 2
11779 0
15617 2
1964 2
11786 1
599 0
3607 0
11800 2
11808 1
3619 2
3621 2
11815 1
3630 2
605 3
11825 2
3634 3
8262 2
11831 1
11832 1
6068 2
17852 2
11837 0
11838 2
11840 0
11841 2
11845 2
3658 2
11851 1
3660 3
3661 2
3341 0
11857 0
3667 2
17755 0
11861 1
3671 2
11864 2
3673 1
3674 2
2850 2
11873 1
11874 1
3684 3
11877 2
14800 2
15633 0
3688 1
3690 2
11884 2
3694 1
11887 2
11889 1
3702 2
4713 0
3704 1
3706 2
3709 2
11902 2
3713 2
11907 2
3717 2
3719 2
11912 2
11915 0
3727 2
3730 2
3731 1
17855 2
3734 2
15641 0
3740 0
3354 2
11934 0
3745 2
3747 1
11941 2
11036 2
11944 2
15644 1
15645 3
3763 2
11958 0
11962 0
11963 2
3778 0
11971 0
16743 2
11975 1
11977 0
3791 2
3792 0
11988 0
11990 1
12771 1
11998 2
11999 2
4717 0
11038 2
3811 2
13633 0
12011 3
2855 2
12019 0
12023 1
6947 3
12037 2
11565 1
3858 0
12053 1
3862 2
18393 2
14859 1
12069 1
3879 2
3880 0
647 0
3885 2
12083 2
3897 0
12091 2
11573 2
12098 1
17035 2
12100 2
18401 1
12106 2
11575 0
12109 2
12110 2
12111 2
12119 3
3928 2
10212 0
3930 0
12126 2
2143 3
11579 2
12136 2
12139 2
12141 1
3952 2
12145 1
18409 3
12154 0
12158 2
3968 3
3974 3
3978 2
3979 1
12173 0
12174 3
3983 2
12177 3
3986 0
18414 3
3990 0
12183 2
12184 2
3994 0
12191 0
133 2
4001 1
8810 2
4006 2
14321 2
12956 2
4011 2
12206 1
4017 2
12210 2
4019 1
12212 1
12958 0
4022 0
4029 2
12222 2
12223 1
12960 2
4034 2
4036 1
1771 1
4043 2
4050 1
12243 2
4052 1
4058 2
4059 3
12252 2
4063 2
12258 2
12966 3
12262 2
12270 2
12272 2
11047 2
18685 0
12277 0
12279 2
4088 0
12286 1
4099 2
12292 2
4103 2
4107 2
12300 2
17609 1
12308 2
4117 3
12313 2
12314 2
4126 0
18437 0
12322 2
4131 0
12324 2
7516 2
4138 3
4140 0
4149 0
4151 2
12344 2
12348 1
12354 2
12355 1
4164 0
12357 3
12361 2
4171 1
4173 2
12372 0
18446 2
6159 2
4192 2
12389 2
12390 2
12392 1
15143 2
12402 1
12403 2
4212 0
4215 0
12409 0
12410 2
12411 2
4221 2
12417 2
4228 1
17089 0
12424 2
12427 2
12430 1
4239 0
6168 1
4245 2
1151 1
4248 0
4249 1
4250 1
4254 3
4256 2
4257 2
15729 1
4264 1
4265 3
12459 1
12465 1
11599 1
18462 3
12470 2
17097 2
4282 0
11637 1
12486 2
12487 0
4296 0
11639 1
4300 0
12494 2
12496 1
15736 1
4307 2
4308 2
4312 2
4815 2
4316 1
12509 2
4318 2
4319 0
4320 2
4321 3
7547 1
4325 2
4327 1
12521 2
4331 1
12524 1
4335 2
4337 2
4341 1
4342 2
12536 1
18421 3
4349 2
4354 2
18475 0
4359 2
12552 2
4363 2
12558 0
4372 2
2094 1
4374 2
12567 1
12569 1
12570 3
12571 1
12573 0
4388 0
4389 2
18482 0
4399 1
12592 2
7560 3
4402 1
18483 2
10785 2
12599 2
4831 1
6727 2
12695 3
17121 2
12617 2
4428 1
12622 1
4433 1
4434 1
4436 2
15758 2
4438 3
4439 2
4442 2
7567 2
12638 2
12640 1
7568 2
18491 0
12644 3
12646 3
12649 1
12652 2
4461 0
4462 2
6968 0
12656 0
12662 1
4474 0
4475 0
12668 2
746 2
4480 1
1830 0
4482 1
4483 0
4484 1
4485 2
4487 2
11879 2
12686 2
17133 0
8333 2
4498 2
4501 0
4503 2
12696 1
18500 2
4507 1
4508 2
4509 1
12703 3
4512 0
12705 2
4516 0
2118 1
12711 2
4520 0
4524 1
14608 2
12721 1
4532 1
4534 1
12727 1
4536 0
756 0
4538 2
3487 0
12732 1
12737 1
12743 0
4553 2
12748 2
15778 0
4559 3
4560 0
4564 1
4565 1
4566 2
17145 1
4570 1
4571 0
12765 2
4574 3
12770 1
4579 3
4580 1
4581 1
12774 1
4584 0
764 2
4592 0
4594 1
4595 1
12788 2
11760 2
12790 0
12792 1
12795 0
12796 0
4605 2
15429 2
4610 1
14611 1
12809 1
12811 2
4620 0
12813 2
12815 3
4626 2
4627 3
12820 2
4630 0
4632 2
15430 1
427 2
12841 1
12842 2
12843 1
4652 3
4654 1
4656 1
4658 2
4659 2
12852 2
12853 2
4662 0
4665 2
1122 1
12865 2
4674 1
12867 1
12868 2
7606 0
12870 1
10337 2
17164 1
12874 1
8612 0
12876 2
12877 2
12878 0
4687 0
12884 1
4695 2
4697 1
4705 1
4708 1
4709 1
12903 3
12904 2
12905 3
12906 2
4715 0
17170 3
4719 0
4723 0
12916 1
4726 1
12919 1
4729 2
12923 3
4733 2
4741 1
4748 1
12941 1
12943 2
4752 1
4755 1
4764 0
4765 1
4766 1
4768 2
4772 0
4773 2
18708 2
12967 0
4776 2
12970 2
12972 2
4783 0
12977 2
4790 1
12983 2
4794 2
4796 2
4797 2
4798 0
12998 1
4807 1
4808 1
13001 1
4813 1
13007 1
4816 1
13009 2
13010 0
17187 2
4822 0
13015 1
13017 1
4826 1
4827 1
4830 0
13023 2
4833 3
13027 0
4836 0
4839 0
4841 2
4842 1
13035 1
4845 2
13041 2
13042 2
13043 2
4852 0
13045 1
13046 0
4855 2
4856 1
13051 2
4866 0
13060 0
4869 1
4878 0
13075 2
13076 3
13077 2
10372 1
4896 3
13090 2
4900 0
4901 0
13096 2
13097 2
4906 3
2183 2
13100 1
13101 3
13102 1
4911 2
6983 0
13107 0
4918 2
4924 2
4926 1
4929 0
4930 2
13123 2
4932 0
2188 2
13133 2
13135 2
13136 2
7651 2
4948 2
13141 0
4950 2
4952 2
18714 1
13147 1
13148 2
9018 2
13150 3
13153 2
17211 1
13156 0
4965 0
13158 1
13160 1
4971 2
13165 1
829 1
13168 2
13170 0
4980 1
13173 2
8622 2
4984 2
4986 2
10389 0
4992 1
4997 2
4998 3
13121 0
2199 2
13196 0
13199 1
13201 2
13206 1
10393 1
13208 2
13209 2
13210 2
15855 1
5021 2
5025 2
5030 2
5031 3
5035 2
13229 2
5046 2
18591 1
13245 2
5054 1
13249 3
13250 2
13251 2
2209 0
13256 1
13259 2
13261 2
5071 3
5072 3
13266 1
13267 2
5079 3
13275 2
1676 1
10405 2
5088 1
5090 3
13283 2
13285 2
5095 2
13288 2
13291 2
13292 0
13293 1
13295 1
13301 2
13303 2
5115 1
5116 3
13310 1
13313 2
13317 0
13320 2
10412 2
13323 2
13324 2
5137 1
5138 0
13332 2
5144 2
13337 2
13342 2
13348 1
13351 2
5160 0
860 3
13360 2
13366 0
5177 3
5179 0
13376 3
4537 2
5186 0
15883 0
13385 1
5194 2
5196 2
5197 3
13399 2
5208 1
5214 2
5217 0
13414 2
18620 2
13418 1
13419 1
13424 2
5239 0
5240 0
6335 0
5244 0
5245 0
5248 0
13442 2
5251 2
2630 1
18626 3
5264 3
5265 2
13461 0
13464 3
13467 2
13477 2
17265 2
13481 2
5290 3
5291 0
5293 2
5294 2
13493 2
13494 3
13496 2
9076 0
5306 1
13501 1
13504 2
3616 3
5317 0
5318 0
13512 1
5321 3
5322 2
17271 2
13520 2
11811 2
13526 1
13528 2
2087 2
5340 2
9082 2
5345 2
5348 3
5349 2
13542 0
2257 0
892 2
13547 2
5357 1
12999 1
13551 2
5361 2
5362 2
5363 3
13559 2
5371 1
5374 1
13569 2
5378 2
10380 1
13572 2
13573 2
13577 1
13578 2
13580 2
13585 2
13586 0
13587 2
13588 2
13589 0
5399 3
13596 2
13599 0
13600 1
13605 2
13607 2
13608 2
5417 3
13610 1
9095 2
13612 2
5422 2
18457 1
13624 1
13626 3
5436 3
5437 2
5441 2
13195 0
13638 2
9100 2
18659 1
13653 0
13654 3
5463 1
13656 1
5465 2
911 2
5469 1
13667 0
5476 0
5477 0
5478 0
5481 0
13675 1
13676 0
5491 2
13686 0
5495 3
5496 2
5497 2
13691 2
13695 2
13697 2
14571 2
10559 2
13703 1
5513 2
13277 2
8367 0
13710 2
13711 2
920 2
13714 1
5524 2
13718 2
13720 2
2639 0
13723 2
6384 0
5539 1
13732 2
14369 2
5556 1
13750 2
5561 2
5562 1
5564 1
5567 2
5568 3
5576 1
13769 0
5578 3
5579 2
5580 1
13773 0
6392 0
5586 0
13781 1
13782 2
13783 2
5592 3
17316 2
2692 0
13788 3
13791 2
7006 2
13222 3
5606 0
5609 2
5612 2
13807 0
13808 2
17645 0
5626 3
5630 2
3669 0
5632 1
13828 1
5637 1
5639 2
5641 0
13834 2
13836 2
5645 0
13841 0
13842 0
13846 2
11865 0
5658 3
13851 0
5662 1
13858 0
5670 1
13865 2
13866 0
13867 2
5680 1
5685 2
5686 2
13879 2
5690 1
13883 0
13884 2
13888 0
5697 2
5698 2
13898 3
13900 0
13901 2
10283 2
13911 2
13914 3
13916 2
13919 3
13921 1
13922 1
13924 0
13928 1
1282 0
3687 0
13933 0
11880 1
13938 2
5747 0
5751 2
10516 3
5758 2
9153 2
5770 0
5772 0
7789 2
17347 0
5780 1
13978 2
5787 0
13981 3
5797 0
5800 1
13993 2
13995 2
7349 2
5806 0
14001 2
5811 2
5814 2
17353 1
7796 3
5818 2
5819 1
5822 1
5823 2
5824 2
5828 0
5831 0
3703 2
14029 2
14030 2
14036 1
575 1
18471 2
14042 2
5853 2
5854 2
10533 2
3741 2
5859 2
18726 1
5865 1
2343 1
14066 3
5879 2
14077 3
5886 2
7561 2
14084 1
5894 0
13271 1
10132 1
5901 1
5903 2
5713 2
2350 2
14103 1
5912 2
14107 0
14109 3
5921 1
5925 2
5929 1
14123 1
14124 0
5935 0
14130 1
14132 3
14133 2
5943 0
5945 2
14140 2
14144 2
14145 2
5958 2
5961 2
5654 2
14156 1
13282 2
5966 2
5091 2
14168 1
14171 0
5982 2
14175 0
14177 2
5987 1
14180 1
5989 2
2364 2
14186 2
14190 2
14191 2
14194 2
14198 3
14199 1
6011 2
6013 2
6017 2
6019 1
14212 2
6021 2
14214 2
14216 2
6025 2
14219 0
6028 0
14221 0
14222 0
14223 2
14224 1
14226 2
14227 1
14233 0
9199 0
6045 1
14238 1
14661 2
14240 1
6053 1
6054 2
6055 1
6056 2
14250 2
14255 0
6064 2
18760 3
10319 3
14260 3
14261 0
14263 2
14265 2
14266 0
14267 1
14270 0
14274 2
14275 1
16033 3
14285 0
6094 2
14287 1
6098 0
6104 2
10575 1
6108 2
14302 2
14307 2
6118 1
14312 2
6122 2
14316 2
14317 0
6128 2
6129 2
14322 2
6135 2
6138 0
6140 2
14335 2
6146 3
14339 3
6150 0
9217 2
6152 3
6154 2
14347 2
6156 0
14351 3
6161 1
6164 2
14360 1
6169 2
14364 1
14365 3
6174 2
14367 1
6177 1
6182 0
14380 0
14386 2
6196 2
6753 0
6200 1
1843 0
14394 2
6203 2
14397 0
6206 2
6207 2
14403 0
6213 2
14407 1
14411 2
14412 2
2403 1
14420 2
14422 3
6231 2
6232 2
6236 0
16058 0
14430 3
14431 1
14433 2
6243 0
13329 2
6250 2
6251 2
14444 2
6257 1
15099 1
6260 1
14454 2
6265 3
14458 2
6269 1
3482 2
14463 1
14464 3
6282 2
14477 0
6286 3
10605 1
14482 2
4679 0
14488 3
751 3
14501 0
14502 1
14503 2
210 2
14505 2
6315 0
14509 2
14510 2
483 2
14512 1
14514 3
6323 3
6324 1
14519 0
6330 2
6331 2
6332 2
18805 3
17440 2
6340 2
14533 2
6349 2
14546 0
14547 3
6356 1
6357 2
2121 0
18809 2
5156 0
6367 2
1303 1
14561 3
2427 2
14565 1
10305 2
6375 2
6379 1
6380 0
7890 2
14576 0
6387 2
18155 1
6391 3
14584 0
14591 2
14593 3
14595 1
6407 2
6411 1
14604 2
6414 2
9261 0
6416 3
6419 2
16089 3
6424 0
14724 2
6426 1
6427 2
6428 1
14625 2
14626 1
14627 2
14628 0
14629 1
14632 2
6442 1
6445 1
6446 2
6448 1
14642 2
6451 2
15406 2
14647 2
6456 1
14651 2
6462 0
10308 0
6466 2
6467 2
17462 0
14662 2
17119 0
14664 1
2444 1
14666 2
6475 0
14669 2
6478 3
6480 2
14680 2
14682 2
14685 0
6494 0
14690 2
6505 0
6506 2
14704 0
6521 0
6522 2
6523 2
16584 0
6527 1
14721 0
3819 0
6532 1
17174 2
13378 2
7917 2
14738 3
5187 0
14743 2
2458 0
14751 2
6562 0
14761 1
6575 2
6576 2
6583 2
6585 1
14778 2
14779 2
6588 1
14782 2
6593 2
14392 2
14787 0
14789 2
8403 3
14791 2
6600 0
14793 1
6608 2
14801 1
14804 2
14805 2
3833 0
14809 2
6619 2
14812 3
6621 2
8391 2
6624 2
14820 2
10662 2
14822 0
6631 2
6634 0
14829 2
2472 2
6642 3
6648 2
7935 2
6653 1
14849 2
6662 2
14858 2
6667 0
14863 1
14867 0
14870 3
6679 2
6682 3
6683 2
14876 2
14878 2
6687 2
14880 2
14768 0
17499 2
14884 2
14886 1
6695 3
6697 2
6701 1
6702 1
6703 1
6705 0
14899 1
6709 0
6712 2
4526 2
14906 2
6718 2
14913 2
16139 2
6724 2
6725 0
10044 1
14921 1
14923 0
14925 2
14928 2
14929 1
14934 2
6747 2
14941 1
14942 3
14945 1
2491 0
14950 2
14951 2
6760 0
17511 1
14960 2
9320 2
16147 3
6774 0
14967 0
14972 2
2500 2
6787 0
6791 2
14984 0
6794 2
14987 3
14989 0
6798 1
14996 2
7961 2
6808 0
6809 0
15004 2
15009 2
6819 3
6820 1
6828 1
6830 2
6835 1
6839 3
15034 2
15035 3
6845 0
15039 2
15042 2
15043 2
15045 2
6854 1
15048 2
15051 2
15057 0
6869 1
6871 0
15066 2
15067 2
15068 2
15070 2
15071 0
6881 2
15075 2
7974 0
15078 2
15079 3
6889 3
15085 2
15086 2
6895 0
6896 1
6901 0
6902 0
15095 1
6904 0
6905 1
6907 2
6908 2
15101 1
15102 1
15103 1
15105 1
15107 1
6916 0
15109 1
6920 2
15114 2
15115 3
15119 0
6930 1
15123 1
15124 3
2413 2
15129 1
6940 0
6941 0
15134 1
15135 2
15137 3
6946 2
14811 2
15140 0
6951 0
15144 0
15145 0
6957 1
6959 0
17544 2
15158 0
15160 1
15162 1
15167 2
6977 0
15170 1
505 3
6980 1
6982 0
15175 1
15176 1
15177 2
6986 2
8939 2
15181 1
17549 1
15184 0
6993 2
6994 1
15189 0
6998 2
15191 2
15192 0
15193 1
15194 2
15197 2
15198 1
16824 0
15202 2
15204 2
17553 2
7018 1
15212 3
9781 1
7022 3
7023 1
7025 2
7029 0
15225 1
15227 3
7039 1
15232 1
15233 2
15234 3
7043 2
15237 2
15240 0
15241 2
7050 1
7052 1
7053 1
7055 1
7056 2
7057 0
15253 2
15254 3
1177 2
7064 2
15261 2
15264 2
15266 1
7075 3
7076 1
15269 1
7079 3
7085 0
15279 2
16200 0
15284 1
7093 0
15289 3
12595 2
15295 2
7104 0
7105 1
7109 0
15303 2
15304 2
7114 2
7116 1
17570 2
7120 2
7122 2
7123 2
15316 1
7125 0
7128 2
7129 2
7132 0
7139 0
15333 2
7142 1
7149 1
14845 0
17576 1
7158 2
17577 1
17578 2
7166 3
7167 0
15363 2
15371 2
15375 1
15376 3
7188 2
15383 2
7194 2
7205 1
15398 0
7208 2
15401 0
7210 3
7212 2
15405 2
7214 2
15409 2
15413 2
15417 2
15418 3
7227 2
2150 2
7235 2
15428 2
17590 2
7238 2
7239 1
7240 3
7244 0
7245 0
7246 2
15439 1
15445 2
15448 2
7264 2
15457 2
15462 3
15472 2
15473 0
15475 0
15480 1
8426 2
9407 0
7292 0
7293 0
7295 2
15488 3
15491 1
15496 0
7306 2
15499 2
15500 2
17602 0
15503 2
15506 1
7316 2
15509 1
15510 2
15514 0
15515 0
9413 0
15521 2
7330 0
14875 2
7332 2
15525 2
15526 1
7337 0
2589 0
15537 0
15541 2
7350 1
13513 0
15544 1
15549 1
15552 1
7365 0
7367 2
15560 0
7369 0
15562 0
15565 1
7374 3
7462 1
15574 0
6692 2
7386 1
15579 2
15582 0
15584 2
7393 0
15589 2
15596 3
15599 0
15600 2
15602 2
15603 1
7413 1
15610 0
15613 1
8976 2
7425 3
15628 3
7440 2
5336 1
15634 0
15638 2
7447 2
7449 2
7450 2
7452 2
7453 1
15647 1
7459 2
15653 0
15654 2
15657 2
13533 1
15665 1
15670 3
15671 0
15672 1
7481 1
15675 2
15676 0
7489 2
7491 2
7497 2
15693 0
15695 0
15696 0
14904 2
7509 0
7510 0
15703 1
15704 0
15707 1
15708 2
15710 3
15714 1
15716 0
15717 0
15718 0
3985 2
15721 2
15722 2
7532 2
15725 0
7534 2
7537 2
7538 3
7543 2
7544 2
15739 0
15740 1
15741 1
3989 2
1414 2
15745 2
8179 2
15748 2
7559 2
15752 1
15753 0
15755 0
15757 2
7566 2
15759 3
15760 0
15761 2
15762 2
10819 2
15765 2
15769 2
15770 2
15775 0
15776 2
15777 2
7586 3
15780 0
15781 1
15782 1
18529 0
7592 2
7593 2
15787 3
15788 1
1266 0
15790 0
15793 0
15798 1
10825 0
7611 1
7612 1
15805 2
7617 1
7618 0
8097 1
7624 3
15818 2
15823 0
15824 2
15825 0
7634 2
15827 3
7637 2
7640 3
15834 1
7643 0
7649 2
17659 2
15845 2
7654 1
15850 2
7661 0
7663 2
15857 0
15862 2
15863 2
15866 1
15868 2
15871 1
7682 2
15878 2
5377 2
15882 0
7691 1
7693 2
15889 1
15890 2
7699 2
15892 1
15895 0
15896 1
15897 0
15898 2
7707 2
4621 2
5381 2
15904 2
16304 2
7714 0
7715 0
7718 2
18767 0
10845 2
7732 1
15925 2
7734 2
7740 0
9805 0
7747 2
15940 0
15941 0
7751 2
7753 3
15946 0
15954 1
14947 1
7766 1
15960 0
15962 0
15963 2
15965 3
15969 0
7778 0
15972 0
7784 0
15977 0
15978 3
15981 0
15983 2
7795 0
15988 1
15989 2
15990 2
15993 1
7802 0
15999 1
16000 2
16003 2
2715 2
16008 0
16010 0
7819 3
16014 2
7832 3
16025 1
16026 2
16027 1
16028 1
7837 3
8133 1
16032 1
11445 1
16034 2
7843 1
16036 1
16040 2
16045 3
16049 1
16050 3
16056 1
7866 2
17695 2
16061 1
7870 3
16063 1
16064 2
16067 2
16068 2
9505 2
16073 1
16081 2
16082 2
7895 1
16088 1
7897 2
7898 0
7900 2
16093 2
5413 1
7906 2
16104 0
16106 2
5415 0
16108 2
16109 2
16110 2
7921 3
16115 2
7924 3
16117 2
7927 1
7929 3
7931 0
7933 2
7934 2
16127 3
16134 0
16136 1
7947 2
16140 3
16143 2
16144 0
16145 0
7955 2
7956 2
16151 1
16153 0
7962 0
16155 1
16156 2
7966 1
16161 2
7970 1
16166 0
7975 2
7976 0
4060 1
14983 2
7982 1
16176 0
7986 2
16179 3
16184 2
16188 3
7998 3
7999 2
16192 0
8001 1
16197 0
8007 3
5727 0
8009 2
16202 0
16203 0
8014 2
16207 0
5432 0
16214 2
16218 2
16220 2
16224 2
9531 2
15816 2
16230 0
16231 1
15485 3
8169 2
16251 2
16252 1
16255 0
8069 2
16262 1
16263 2
16265 1
16266 2
8076 2
10089 2
8080 0
16275 0
16277 2
16278 2
16279 0
8092 3
8096 2
16289 1
8098 1
16291 2
16292 0
8101 1
16294 3
16295 1
8104 2
16301 1
8112 2
16307 0
8117 2
8119 0
8121 0
8124 0
1355 1
16325 0
8134 3
15001 1
16329 0
4087 0
8142 3
9000 1
16336 3
16376 2
16344 2
8154 3
16347 2
8156 1
16349 1
8159 3
16355 1
16356 0
16358 2
16361 2
8170 2
9001 0
16367 2
16371 2
545 2
8182 2
8184 2
8186 2
16379 2
16380 0
8190 2
16383 1
